 0.00000e+00  1.39960e-04 
 5.00000e-01  1.48928e-04 
 1.00000e+00  1.67384e-04 
 1.50000e+00  1.85912e-04 
 2.00000e+00  2.01992e-04 
 2.50000e+00  2.17448e-04 
 3.00000e+00  2.41072e-04 
 3.50000e+00  2.61583e-04 
 4.00000e+00  2.81591e-04 
 4.50000e+00  3.06871e-04 
 5.00000e+00  3.24919e-04 
 5.50000e+00  3.49055e-04 
 6.00000e+00  3.72055e-04 
 6.50000e+00  3.89527e-04 
 7.00000e+00  4.10215e-04 
 7.50000e+00  4.44871e-04 
 8.00000e+00  4.64439e-04 
 8.50000e+00  4.87319e-04 
 9.00000e+00  5.18679e-04 
 9.50000e+00  5.56887e-04 
 1.00000e+01  5.79727e-04 
 1.05000e+01  6.07191e-04 
 1.10000e+01  6.36239e-04 
 1.15000e+01  6.62015e-04 
 1.20000e+01  7.01479e-04 
 1.25000e+01  7.35935e-04 
 1.30000e+01  7.59254e-04 
 1.35000e+01  7.89126e-04 
 1.40000e+01  8.36478e-04 
 1.45000e+01  8.69406e-04 
 1.50000e+01  8.97598e-04 
 1.55000e+01  9.30526e-04 
 1.60000e+01  9.67046e-04 
 1.65000e+01  1.00895e-03 
 1.70000e+01  1.04624e-03 
 1.75000e+01  1.09760e-03 
 1.80000e+01  1.14300e-03 
 1.85000e+01  1.19321e-03 
 1.90000e+01  1.23357e-03 
 1.95000e+01  1.25705e-03 
 2.00000e+01  1.30644e-03 
 2.05000e+01  1.36144e-03 
 2.10000e+01  1.40890e-03 
 2.15000e+01  1.46193e-03 
 2.20000e+01  1.51470e-03 
 2.25000e+01  1.56651e-03 
 2.30000e+01  1.64076e-03 
 2.35000e+01  1.68095e-03 
 2.40000e+01  1.73309e-03 
 2.45000e+01  1.82064e-03 
 2.50000e+01  1.89146e-03 
 2.55000e+01  1.96904e-03 
 2.60000e+01  2.03386e-03 
 2.65000e+01  2.10686e-03 
 2.70000e+01  2.17860e-03 
 2.75000e+01  2.25373e-03 
 2.80000e+01  2.34394e-03 
 2.85000e+01  2.43986e-03 
 2.90000e+01  2.55019e-03 
 2.95000e+01  2.65300e-03 
 3.00000e+01  2.74323e-03 
 3.05000e+01  2.82283e-03 
 3.10000e+01  2.95632e-03 
 3.15000e+01  3.07594e-03 
 3.20000e+01  3.18866e-03 
 3.25000e+01  3.30395e-03 
 3.30000e+01  3.45039e-03 
 3.35000e+01  3.56965e-03 
 3.40000e+01  3.68971e-03 
 3.45000e+01  3.83143e-03 
 3.50000e+01  3.98598e-03 
 3.55000e+01  4.11442e-03 
 3.60000e+01  4.29168e-03 
 3.65000e+01  4.43314e-03 
 3.70000e+01  4.59049e-03 
 3.75000e+01  4.74691e-03 
 3.80000e+01  4.92526e-03 
 3.85000e+01  5.09881e-03 
 3.90000e+01  5.28157e-03 
 3.95000e+01  5.44310e-03 
 4.00000e+01  5.60313e-03 
 4.05000e+01  5.80249e-03 
 4.10000e+01  5.99064e-03 
 4.15000e+01  6.20810e-03 
 4.20000e+01  6.39235e-03 
 4.25000e+01  6.60403e-03 
 4.30000e+01  6.81460e-03 
 4.35000e+01  7.07508e-03 
 4.40000e+01  7.29363e-03 
 4.45000e+01  7.56946e-03 
 4.50000e+01  7.79457e-03 
 4.55000e+01  8.03126e-03 
 4.60000e+01  8.35036e-03 
 4.65000e+01  8.65454e-03 
 4.70000e+01  8.91769e-03 
 4.75000e+01  9.26798e-03 
 4.80000e+01  9.55653e-03 
 4.85000e+01  9.91253e-03 
 4.90000e+01  1.03037e-02 
 4.95000e+01  1.06455e-02 
 5.00000e+01  1.10293e-02 
 5.05000e+01  1.14058e-02 
 5.10000e+01  1.18451e-02 
 5.15000e+01  1.22348e-02 
 5.20000e+01  1.26827e-02 
 5.25000e+01  1.31415e-02 
 5.30000e+01  1.36095e-02 
 5.35000e+01  1.40281e-02 
 5.40000e+01  1.44817e-02 
 5.45000e+01  1.49990e-02 
 5.50000e+01  1.54875e-02 
 5.55000e+01  1.60059e-02 
 5.60000e+01  1.64669e-02 
 5.65000e+01  1.69879e-02 
 5.70000e+01  1.74728e-02 
 5.75000e+01  1.79734e-02 
 5.80000e+01  1.84416e-02 
 5.85000e+01  1.89328e-02 
 5.90000e+01  1.94556e-02 
 5.95000e+01  1.99444e-02 
 6.00000e+01  2.04392e-02 
 6.05000e+01  2.09323e-02 
 6.10000e+01  2.13957e-02 
 6.15000e+01  2.18590e-02 
 6.20000e+01  2.23392e-02 
 6.25000e+01  2.28071e-02 
 6.30000e+01  2.33584e-02 
 6.35000e+01  2.38592e-02 
 6.40000e+01  2.43526e-02 
 6.45000e+01  2.49171e-02 
 6.50000e+01  2.54377e-02 
 6.55000e+01  2.59020e-02 
 6.60000e+01  2.63846e-02 
 6.65000e+01  2.68961e-02 
 6.70000e+01  2.74292e-02 
 6.75000e+01  2.78517e-02 
 6.80000e+01  2.83377e-02 
 6.85000e+01  2.88246e-02 
 6.90000e+01  2.92990e-02 
 6.95000e+01  2.97188e-02 
 7.00000e+01  3.00992e-02 
 7.05000e+01  3.04431e-02 
 7.10000e+01  3.08654e-02 
 7.15000e+01  3.12438e-02 
 7.20000e+01  3.17038e-02 
 7.25000e+01  3.20954e-02 
 7.30000e+01  3.25153e-02 
 7.35000e+01  3.28902e-02 
 7.40000e+01  3.32323e-02 
 7.45000e+01  3.35322e-02 
 7.50000e+01  3.37945e-02 
 7.55000e+01  3.41420e-02 
 7.60000e+01  3.44505e-02 
 7.65000e+01  3.47855e-02 
 7.70000e+01  3.50060e-02 
 7.75000e+01  3.53019e-02 
 7.80000e+01  3.55733e-02 
 7.85000e+01  3.58470e-02 
 7.90000e+01  3.61118e-02 
 7.95000e+01  3.63680e-02 
 8.00000e+01  3.65950e-02 
 8.05000e+01  3.68063e-02 
 8.10000e+01  3.70754e-02 
 8.15000e+01  3.73325e-02 
 8.20000e+01  3.75730e-02 
 8.25000e+01  3.77482e-02 
 8.30000e+01  3.78703e-02 
 8.35000e+01  3.81245e-02 
 8.40000e+01  3.83952e-02 
 8.45000e+01  3.85874e-02 
 8.50000e+01  3.87260e-02 
 8.55000e+01  3.89765e-02 
 8.60000e+01  3.90818e-02 
 8.65000e+01  3.92416e-02 
 8.70000e+01  3.94929e-02 
 8.75000e+01  3.96067e-02 
 8.80000e+01  3.97487e-02 
 8.85000e+01  4.00267e-02 
 8.90000e+01  4.01959e-02 
 8.95000e+01  4.04917e-02 
 9.00000e+01  4.07358e-02 
 9.05000e+01  4.09356e-02 
 9.10000e+01  4.11864e-02 
 9.15000e+01  4.13608e-02 
 9.20000e+01  4.15093e-02 
 9.25000e+01  4.15963e-02 
 9.30000e+01  4.17447e-02 
 9.35000e+01  4.19476e-02 
 9.40000e+01  4.20768e-02 
 9.45000e+01  4.21908e-02 
 9.50000e+01  4.22401e-02 
 9.55000e+01  4.24658e-02 
 9.60000e+01  4.26211e-02 
 9.65000e+01  4.27504e-02 
 9.70000e+01  4.29001e-02 
 9.75000e+01  4.30199e-02 
 9.80000e+01  4.32122e-02 
 9.85000e+01  4.34748e-02 
 9.90000e+01  4.36549e-02 
 9.95000e+01  4.38411e-02 
 1.00000e+02  4.40153e-02 
 1.00500e+02  4.41020e-02 
 1.01000e+02  4.42846e-02 
 1.01500e+02  4.44320e-02 
 1.02000e+02  4.44924e-02 
 1.02500e+02  4.45681e-02 
 1.03000e+02  4.48108e-02 
 1.03500e+02  4.47992e-02 
 1.04000e+02  4.48979e-02 
 1.04500e+02  4.50315e-02 
 1.05000e+02  4.51297e-02 
 1.05500e+02  4.52804e-02 
 1.06000e+02  4.53531e-02 
 1.06500e+02  4.54755e-02 
 1.07000e+02  4.56785e-02 
 1.07500e+02  4.57807e-02 
 1.08000e+02  4.59543e-02 
 1.08500e+02  4.60341e-02 
 1.09000e+02  4.62375e-02 
 1.09500e+02  4.62915e-02 
 1.10000e+02  4.64562e-02 
 1.10500e+02  4.65931e-02 
 1.11000e+02  4.66145e-02 
 1.11500e+02  4.66505e-02 
 1.12000e+02  4.66745e-02 
 1.12500e+02  4.67806e-02 
 1.13000e+02  4.68487e-02 
 1.13500e+02  4.70273e-02 
 1.14000e+02  4.70303e-02 
 1.14500e+02  4.70843e-02 
 1.15000e+02  4.71765e-02 
 1.15500e+02  4.72839e-02 
 1.16000e+02  4.73317e-02 
 1.16500e+02  4.74592e-02 
 1.17000e+02  4.75770e-02 
 1.17500e+02  4.76247e-02 
 1.18000e+02  4.76941e-02 
 1.18500e+02  4.76950e-02 
 1.19000e+02  4.76989e-02 
 1.19500e+02  4.76854e-02 
 1.20000e+02  4.78373e-02 
 1.20500e+02  4.78745e-02 
 1.21000e+02  4.79924e-02 
 1.21500e+02  4.79905e-02 
 1.22000e+02  4.79998e-02 
 1.22500e+02  4.80346e-02 
 1.23000e+02  4.80709e-02 
 1.23500e+02  4.81764e-02 
 1.24000e+02  4.82475e-02 
 1.24500e+02  4.83606e-02 
 1.25000e+02  4.83270e-02 
 1.25500e+02  4.83727e-02 
 1.26000e+02  4.84987e-02 
 1.26500e+02  4.85310e-02 
 1.27000e+02  4.85000e-02 
 1.27500e+02  4.85399e-02 
 1.28000e+02  4.85375e-02 
 1.28500e+02  4.86397e-02 
 1.29000e+02  4.86763e-02 
 1.29500e+02  4.86358e-02 
 1.30000e+02  4.87011e-02 
 1.30500e+02  4.85642e-02 
 1.31000e+02  4.86182e-02 
 1.31500e+02  4.86054e-02 
 1.32000e+02  4.86192e-02 
 1.32500e+02  4.85598e-02 
 1.33000e+02  4.84843e-02 
 1.33500e+02  4.85442e-02 
 1.34000e+02  4.85088e-02 
 1.34500e+02  4.86072e-02 
 1.35000e+02  4.86356e-02 
 1.35500e+02  4.85796e-02 
 1.36000e+02  4.86763e-02 
 1.36500e+02  4.87121e-02 
 1.37000e+02  4.86421e-02 
 1.37500e+02  4.86179e-02 
 1.38000e+02  4.86598e-02 
 1.38500e+02  4.87191e-02 
 1.39000e+02  4.87610e-02 
 1.39500e+02  4.87220e-02 
 1.40000e+02  4.87514e-02 
 1.40500e+02  4.87202e-02 
 1.41000e+02  4.87613e-02 
 1.41500e+02  4.87538e-02 
 1.42000e+02  4.87005e-02 
 1.42500e+02  4.86880e-02 
 1.43000e+02  4.87739e-02 
 1.43500e+02  4.88147e-02 
 1.44000e+02  4.87987e-02 
 1.44500e+02  4.88366e-02 
 1.45000e+02  4.87831e-02 
 1.45500e+02  4.88254e-02 
 1.46000e+02  4.89039e-02 
 1.46500e+02  4.90020e-02 
 1.47000e+02  4.88992e-02 
 1.47500e+02  4.88578e-02 
 1.48000e+02  4.88509e-02 
 1.48500e+02  4.89294e-02 
 1.49000e+02  4.89644e-02 
 1.49500e+02  4.88851e-02 
 1.50000e+02  4.90172e-02 
 1.50500e+02  4.90461e-02 
 1.51000e+02  4.90180e-02 
 1.51500e+02  4.90416e-02 
 1.52000e+02  4.90525e-02 
 1.52500e+02  4.89993e-02 
 1.53000e+02  4.90089e-02 
 1.53500e+02  4.89967e-02 
 1.54000e+02  4.89888e-02 
 1.54500e+02  4.89550e-02 
 1.55000e+02  4.91138e-02 
 1.55500e+02  4.90239e-02 
 1.56000e+02  4.90471e-02 
 1.56500e+02  4.91585e-02 
 1.57000e+02  4.91440e-02 
 1.57500e+02  4.91771e-02 
 1.58000e+02  4.91039e-02 
 1.58500e+02  4.90741e-02 
 1.59000e+02  4.90300e-02 
 1.59500e+02  4.90473e-02 
 1.60000e+02  4.90171e-02 
 1.60500e+02  4.90545e-02 
 1.61000e+02  4.89847e-02 
 1.61500e+02  4.89882e-02 
 1.62000e+02  4.89832e-02 
 1.62500e+02  4.89901e-02 
 1.63000e+02  4.89768e-02 
 1.63500e+02  4.90765e-02 
 1.64000e+02  4.90613e-02 
 1.64500e+02  4.90553e-02 
 1.65000e+02  4.90449e-02 
 1.65500e+02  4.90748e-02 
 1.66000e+02  4.89477e-02 
 1.66500e+02  4.90018e-02 
 1.67000e+02  4.89800e-02 
 1.67500e+02  4.89280e-02 
 1.68000e+02  4.88914e-02 
 1.68500e+02  4.89155e-02 
 1.69000e+02  4.88671e-02 
 1.69500e+02  4.89329e-02 
 1.70000e+02  4.89300e-02 
 1.70500e+02  4.89261e-02 
 1.71000e+02  4.89040e-02 
 1.71500e+02  4.89832e-02 
 1.72000e+02  4.89296e-02 
 1.72500e+02  4.89295e-02 
 1.73000e+02  4.89098e-02 
 1.73500e+02  4.89606e-02 
 1.74000e+02  4.89197e-02 
 1.74500e+02  4.89170e-02 
 1.75000e+02  4.89468e-02 
 1.75500e+02  4.90204e-02 
 1.76000e+02  4.89894e-02 
 1.76500e+02  4.90396e-02 
 1.77000e+02  4.89965e-02 
 1.77500e+02  4.88464e-02 
 1.78000e+02  4.88473e-02 
 1.78500e+02  4.89115e-02 
 1.79000e+02  4.89072e-02 
 1.79500e+02  4.89040e-02 
 1.80000e+02  4.88900e-02 
 1.80500e+02  4.89069e-02 
 1.81000e+02  4.87591e-02 
 1.81500e+02  4.87543e-02 
 1.82000e+02  4.87469e-02 
 1.82500e+02  4.88049e-02 
 1.83000e+02  4.88398e-02 
 1.83500e+02  4.87642e-02 
 1.84000e+02  4.87270e-02 
 1.84500e+02  4.88032e-02 
 1.85000e+02  4.86934e-02 
 1.85500e+02  4.87658e-02 
 1.86000e+02  4.86287e-02 
 1.86500e+02  4.86405e-02 
 1.87000e+02  4.86228e-02 
 1.87500e+02  4.86317e-02 
 1.88000e+02  4.86444e-02 
 1.88500e+02  4.86486e-02 
 1.89000e+02  4.86169e-02 
 1.89500e+02  4.85519e-02 
 1.90000e+02  4.85651e-02 
 1.90500e+02  4.85031e-02 
 1.91000e+02  4.85057e-02 
 1.91500e+02  4.86142e-02 
 1.92000e+02  4.86559e-02 
 1.92500e+02  4.86381e-02 
 1.93000e+02  4.85626e-02 
 1.93500e+02  4.85598e-02 
 1.94000e+02  4.85518e-02 
 1.94500e+02  4.84439e-02 
 1.95000e+02  4.84597e-02 
 1.95500e+02  4.84292e-02 
 1.96000e+02  4.83774e-02 
 1.96500e+02  4.83568e-02 
 1.97000e+02  4.83446e-02 
 1.97500e+02  4.82940e-02 
 1.98000e+02  4.82396e-02 
 1.98500e+02  4.81891e-02 
 1.99000e+02  4.81385e-02 
 1.99500e+02  4.80864e-02 
 2.00000e+02  4.80780e-02 
 2.00500e+02  4.80504e-02 
 2.01000e+02  4.79302e-02 
 2.01500e+02  4.78989e-02 
 2.02000e+02  4.78933e-02 
 2.02500e+02  4.77811e-02 
 2.03000e+02  4.76525e-02 
 2.03500e+02  4.75893e-02 
 2.04000e+02  4.75942e-02 
 2.04500e+02  4.75936e-02 
 2.05000e+02  4.74325e-02 
 2.05500e+02  4.73991e-02 
 2.06000e+02  4.73374e-02 
 2.06500e+02  4.71761e-02 
 2.07000e+02  4.70637e-02 
 2.07500e+02  4.69086e-02 
 2.08000e+02  4.67975e-02 
 2.08500e+02  4.68042e-02 
 2.09000e+02  4.66733e-02 
 2.09500e+02  4.66086e-02 
 2.10000e+02  4.64713e-02 
 2.10500e+02  4.64294e-02 
 2.11000e+02  4.63134e-02 
 2.11500e+02  4.61968e-02 
 2.12000e+02  4.61330e-02 
 2.12500e+02  4.60591e-02 
 2.13000e+02  4.59241e-02 
 2.13500e+02  4.58292e-02 
 2.14000e+02  4.57015e-02 
 2.14500e+02  4.56040e-02 
 2.15000e+02  4.54917e-02 
 2.15500e+02  4.52922e-02 
 2.16000e+02  4.51864e-02 
 2.16500e+02  4.50996e-02 
 2.17000e+02  4.49248e-02 
 2.17500e+02  4.48074e-02 
 2.18000e+02  4.46867e-02 
 2.18500e+02  4.45967e-02 
 2.19000e+02  4.45151e-02 
 2.19500e+02  4.44398e-02 
 2.20000e+02  4.43656e-02 
 2.20500e+02  4.41400e-02 
 2.21000e+02  4.40177e-02 
 2.21500e+02  4.37387e-02 
 2.22000e+02  4.36358e-02 
 2.22500e+02  4.35438e-02 
 2.23000e+02  4.34863e-02 
 2.23500e+02  4.34606e-02 
 2.24000e+02  4.33051e-02 
 2.24500e+02  4.31217e-02 
 2.25000e+02  4.29760e-02 
 2.25500e+02  4.27769e-02 
 2.26000e+02  4.26275e-02 
 2.26500e+02  4.24521e-02 
 2.27000e+02  4.22229e-02 
 2.27500e+02  4.21232e-02 
 2.28000e+02  4.18927e-02 
 2.28500e+02  4.17002e-02 
 2.29000e+02  4.15046e-02 
 2.29500e+02  4.13803e-02 
 2.30000e+02  4.12187e-02 
 2.30500e+02  4.09757e-02 
 2.31000e+02  4.07000e-02 
 2.31500e+02  4.05913e-02 
 2.32000e+02  4.03163e-02 
 2.32500e+02  4.00609e-02 
 2.33000e+02  3.97640e-02 
 2.33500e+02  3.96281e-02 
 2.34000e+02  3.93380e-02 
 2.34500e+02  3.90669e-02 
 2.35000e+02  3.88361e-02 
 2.35500e+02  3.86196e-02 
 2.36000e+02  3.82779e-02 
 2.36500e+02  3.80978e-02 
 2.37000e+02  3.78262e-02 
 2.37500e+02  3.75380e-02 
 2.38000e+02  3.73067e-02 
 2.38500e+02  3.70675e-02 
 2.39000e+02  3.67466e-02 
 2.39500e+02  3.64893e-02 
 2.40000e+02  3.62118e-02 
 2.40500e+02  3.59513e-02 
 2.41000e+02  3.56588e-02 
 2.41500e+02  3.53111e-02 
 2.42000e+02  3.50822e-02 
 2.42500e+02  3.47647e-02 
 2.43000e+02  3.43518e-02 
 2.43500e+02  3.40365e-02 
 2.44000e+02  3.37516e-02 
 2.44500e+02  3.33750e-02 
 2.45000e+02  3.30276e-02 
 2.45500e+02  3.27057e-02 
 2.46000e+02  3.23584e-02 
 2.46500e+02  3.19416e-02 
 2.47000e+02  3.15298e-02 
 2.47500e+02  3.11789e-02 
 2.48000e+02  3.08412e-02 
 2.48500e+02  3.03854e-02 
 2.49000e+02  2.99741e-02 
 2.49500e+02  2.96415e-02 
 2.50000e+02  2.92641e-02 
 2.50500e+02  2.88691e-02 
 2.51000e+02  2.84457e-02 
 2.51500e+02  2.80876e-02 
 2.52000e+02  2.76270e-02 
 2.52500e+02  2.71475e-02 
 2.53000e+02  2.67265e-02 
 2.53500e+02  2.63273e-02 
 2.54000e+02  2.58878e-02 
 2.54500e+02  2.53378e-02 
 2.55000e+02  2.48678e-02 
 2.55500e+02  2.44264e-02 
 2.56000e+02  2.40380e-02 
 2.56500e+02  2.35659e-02 
 2.57000e+02  2.31273e-02 
 2.57500e+02  2.25740e-02 
 2.58000e+02  2.20527e-02 
 2.58500e+02  2.15408e-02 
 2.59000e+02  2.10878e-02 
 2.59500e+02  2.06505e-02 
 2.60000e+02  2.01327e-02 
 2.60500e+02  1.96912e-02 
 2.61000e+02  1.91305e-02 
 2.61500e+02  1.85797e-02 
 2.62000e+02  1.80886e-02 
 2.62500e+02  1.75958e-02 
 2.63000e+02  1.70846e-02 
 2.63500e+02  1.65725e-02 
 2.64000e+02  1.60179e-02 
 2.64500e+02  1.55267e-02 
 2.65000e+02  1.50525e-02 
 2.65500e+02  1.45824e-02 
 2.66000e+02  1.41166e-02 
 2.66500e+02  1.36380e-02 
 2.67000e+02  1.31607e-02 
 2.67500e+02  1.26856e-02 
 2.68000e+02  1.22731e-02 
 2.68500e+02  1.18560e-02 
 2.69000e+02  1.13994e-02 
 2.69500e+02  1.10063e-02 
 2.70000e+02  1.06161e-02 
 2.70500e+02  1.02325e-02 
 2.71000e+02  9.86564e-03 
 2.71500e+02  9.52179e-03 
 2.72000e+02  9.18265e-03 
 2.72500e+02  8.83452e-03 
 2.73000e+02  8.53549e-03 
 2.73500e+02  8.23981e-03 
 2.74000e+02  7.95742e-03 
 2.74500e+02  7.68622e-03 
 2.75000e+02  7.43317e-03 
 2.75500e+02  7.17686e-03 
 2.76000e+02  6.96283e-03 
 2.76500e+02  6.73756e-03 
 2.77000e+02  6.50220e-03 
 2.77500e+02  6.28192e-03 
 2.78000e+02  6.05984e-03 
 2.78500e+02  5.88071e-03 
 2.79000e+02  5.66614e-03 
 2.79500e+02  5.47148e-03 
 2.80000e+02  5.28209e-03 
 2.80500e+02  5.11693e-03 
 2.81000e+02  4.94119e-03 
 2.81500e+02  4.77376e-03 
 2.82000e+02  4.62725e-03 
 2.82500e+02  4.44229e-03 
 2.83000e+02  4.29966e-03 
 2.83500e+02  4.14065e-03 
 2.84000e+02  4.02993e-03 
 2.84500e+02  3.90214e-03 
 2.85000e+02  3.75951e-03 
 2.85500e+02  3.63691e-03 
 2.86000e+02  3.49327e-03 
 2.86500e+02  3.37427e-03 
 2.87000e+02  3.23038e-03 
 2.87500e+02  3.11054e-03 
 2.88000e+02  2.98695e-03 
 2.88500e+02  2.90095e-03 
 2.89000e+02  2.80161e-03 
 2.89500e+02  2.67522e-03 
 2.90000e+02  2.58095e-03 
 2.90500e+02  2.48206e-03 
 2.91000e+02  2.39444e-03 
 2.91500e+02  2.30844e-03 
 2.92000e+02  2.21541e-03 
 2.92500e+02  2.14701e-03 
 2.93000e+02  2.06936e-03 
 2.93500e+02  1.97951e-03 
 2.94000e+02  1.92205e-03 
 2.94500e+02  1.82916e-03 
 2.95000e+02  1.76472e-03 
 2.95500e+02  1.71288e-03 
 2.96000e+02  1.64708e-03 
 2.96500e+02  1.59654e-03 
 2.97000e+02  1.54963e-03 
 2.97500e+02  1.47845e-03 
 2.98000e+02  1.43465e-03 
 2.98500e+02  1.37967e-03 
 2.99000e+02  1.34565e-03 
 2.99500e+02  1.30420e-03 
 3.00000e+02  1.25694e-03 
 3.00500e+02  1.22080e-03 
 3.01000e+02  1.17608e-03 
 3.01500e+02  1.13453e-03 
 3.02000e+02  1.08962e-03 
 3.02500e+02  1.04753e-03 
 3.03000e+02  1.01279e-03 
 3.03500e+02  9.73878e-04 
 3.04000e+02  9.38406e-04 
 3.04500e+02  8.91590e-04 
 3.05000e+02  8.64422e-04 
 3.05500e+02  8.24398e-04 
 3.06000e+02  7.95182e-04 
 3.06500e+02  7.69374e-04 
 3.07000e+02  7.37623e-04 
 3.07500e+02  7.08535e-04 
 3.08000e+02  6.85535e-04 
 3.08500e+02  6.51879e-04 
 3.09000e+02  6.13391e-04 
 3.09500e+02  5.84623e-04 
 3.10000e+02  5.64535e-04 
 3.10500e+02  5.37927e-04 
 3.11000e+02  5.12351e-04 
 3.11500e+02  4.84367e-04 
 3.12000e+02  4.51799e-04 
 3.12500e+02  4.30031e-04 
 3.13000e+02  4.11031e-04 
 3.13500e+02  3.80935e-04 
 3.14000e+02  3.61095e-04 
 3.14500e+02  3.40871e-04 
 3.15000e+02  3.13991e-04 
 3.15500e+02  2.91415e-04 
 3.16000e+02  2.67775e-04 
 3.16500e+02  2.56175e-04 
 3.17000e+02  2.31784e-04 
 3.17500e+02  2.13360e-04 
 3.18000e+02  1.94872e-04 
 3.18500e+02  1.78688e-04 
 3.19000e+02  1.63168e-04 
 3.19500e+02  1.49496e-04 
