 0.00000e+00  1.56848e-04 
 5.00000e-01  1.66904e-04 
 1.00000e+00  1.83024e-04 
 1.50000e+00  1.99824e-04 
 2.00000e+00  2.15448e-04 
 2.50000e+00  2.44672e-04 
 3.00000e+00  2.61904e-04 
 3.50000e+00  2.79408e-04 
 4.00000e+00  2.96360e-04 
 4.50000e+00  3.11496e-04 
 5.00000e+00  3.33744e-04 
 5.50000e+00  3.57640e-04 
 6.00000e+00  3.78840e-04 
 6.50000e+00  3.97816e-04 
 7.00000e+00  4.17072e-04 
 7.50000e+00  4.46408e-04 
 8.00000e+00  4.71464e-04 
 8.50000e+00  5.06664e-04 
 9.00000e+00  5.24800e-04 
 9.50000e+00  5.56752e-04 
 1.00000e+01  5.84760e-04 
 1.05000e+01  6.03536e-04 
 1.10000e+01  6.32312e-04 
 1.15000e+01  6.54000e-04 
 1.20000e+01  6.76632e-04 
 1.25000e+01  7.10992e-04 
 1.30000e+01  7.53624e-04 
 1.35000e+01  7.80840e-04 
 1.40000e+01  8.02744e-04 
 1.45000e+01  8.38224e-04 
 1.50000e+01  8.68232e-04 
 1.55000e+01  8.97848e-04 
 1.60000e+01  9.33936e-04 
 1.65000e+01  9.71136e-04 
 1.70000e+01  1.02328e-03 
 1.75000e+01  1.06492e-03 
 1.80000e+01  1.09487e-03 
 1.85000e+01  1.14737e-03 
 1.90000e+01  1.18704e-03 
 1.95000e+01  1.23087e-03 
 2.00000e+01  1.27549e-03 
 2.05000e+01  1.32338e-03 
 2.10000e+01  1.36814e-03 
 2.15000e+01  1.42360e-03 
 2.20000e+01  1.47002e-03 
 2.25000e+01  1.51471e-03 
 2.30000e+01  1.57142e-03 
 2.35000e+01  1.64635e-03 
 2.40000e+01  1.69576e-03 
 2.45000e+01  1.78189e-03 
 2.50000e+01  1.84486e-03 
 2.55000e+01  1.91107e-03 
 2.60000e+01  1.97807e-03 
 2.65000e+01  2.06338e-03 
 2.70000e+01  2.13203e-03 
 2.75000e+01  2.21709e-03 
 2.80000e+01  2.30001e-03 
 2.85000e+01  2.37686e-03 
 2.90000e+01  2.48594e-03 
 2.95000e+01  2.57970e-03 
 3.00000e+01  2.69053e-03 
 3.05000e+01  2.79651e-03 
 3.10000e+01  2.89045e-03 
 3.15000e+01  3.00786e-03 
 3.20000e+01  3.13376e-03 
 3.25000e+01  3.25771e-03 
 3.30000e+01  3.37205e-03 
 3.35000e+01  3.49306e-03 
 3.40000e+01  3.60054e-03 
 3.45000e+01  3.72748e-03 
 3.50000e+01  3.87571e-03 
 3.55000e+01  3.99962e-03 
 3.60000e+01  4.13477e-03 
 3.65000e+01  4.26074e-03 
 3.70000e+01  4.40388e-03 
 3.75000e+01  4.57063e-03 
 3.80000e+01  4.71229e-03 
 3.85000e+01  4.86439e-03 
 3.90000e+01  5.05837e-03 
 3.95000e+01  5.20117e-03 
 4.00000e+01  5.38193e-03 
 4.05000e+01  5.56164e-03 
 4.10000e+01  5.75502e-03 
 4.15000e+01  5.93618e-03 
 4.20000e+01  6.16059e-03 
 4.25000e+01  6.36648e-03 
 4.30000e+01  6.58994e-03 
 4.35000e+01  6.79963e-03 
 4.40000e+01  7.04868e-03 
 4.45000e+01  7.30598e-03 
 4.50000e+01  7.57628e-03 
 4.55000e+01  7.79462e-03 
 4.60000e+01  8.06706e-03 
 4.65000e+01  8.34106e-03 
 4.70000e+01  8.61586e-03 
 4.75000e+01  8.93224e-03 
 4.80000e+01  9.22070e-03 
 4.85000e+01  9.52715e-03 
 4.90000e+01  9.89088e-03 
 4.95000e+01  1.02868e-02 
 5.00000e+01  1.06374e-02 
 5.05000e+01  1.09998e-02 
 5.10000e+01  1.13921e-02 
 5.15000e+01  1.18264e-02 
 5.20000e+01  1.22284e-02 
 5.25000e+01  1.26913e-02 
 5.30000e+01  1.30997e-02 
 5.35000e+01  1.35898e-02 
 5.40000e+01  1.40519e-02 
 5.45000e+01  1.44824e-02 
 5.50000e+01  1.49633e-02 
 5.55000e+01  1.54989e-02 
 5.60000e+01  1.59384e-02 
 5.65000e+01  1.64534e-02 
 5.70000e+01  1.69447e-02 
 5.75000e+01  1.73877e-02 
 5.80000e+01  1.79094e-02 
 5.85000e+01  1.84462e-02 
 5.90000e+01  1.89053e-02 
 5.95000e+01  1.94100e-02 
 6.00000e+01  1.99010e-02 
 6.05000e+01  2.03766e-02 
 6.10000e+01  2.09706e-02 
 6.15000e+01  2.14047e-02 
 6.20000e+01  2.18470e-02 
 6.25000e+01  2.22855e-02 
 6.30000e+01  2.27246e-02 
 6.35000e+01  2.31546e-02 
 6.40000e+01  2.36705e-02 
 6.45000e+01  2.41541e-02 
 6.50000e+01  2.45279e-02 
 6.55000e+01  2.49227e-02 
 6.60000e+01  2.53024e-02 
 6.65000e+01  2.57142e-02 
 6.70000e+01  2.61244e-02 
 6.75000e+01  2.65409e-02 
 6.80000e+01  2.69508e-02 
 6.85000e+01  2.73439e-02 
 6.90000e+01  2.77185e-02 
 6.95000e+01  2.81202e-02 
 7.00000e+01  2.85730e-02 
 7.05000e+01  2.89736e-02 
 7.10000e+01  2.93490e-02 
 7.15000e+01  2.96963e-02 
 7.20000e+01  3.00483e-02 
 7.25000e+01  3.04646e-02 
 7.30000e+01  3.08492e-02 
 7.35000e+01  3.11985e-02 
 7.40000e+01  3.15977e-02 
 7.45000e+01  3.19325e-02 
 7.50000e+01  3.22930e-02 
 7.55000e+01  3.26993e-02 
 7.60000e+01  3.31026e-02 
 7.65000e+01  3.34036e-02 
 7.70000e+01  3.36799e-02 
 7.75000e+01  3.40237e-02 
 7.80000e+01  3.43257e-02 
 7.85000e+01  3.45889e-02 
 7.90000e+01  3.49193e-02 
 7.95000e+01  3.52212e-02 
 8.00000e+01  3.54507e-02 
 8.05000e+01  3.56883e-02 
 8.10000e+01  3.59454e-02 
 8.15000e+01  3.62235e-02 
 8.20000e+01  3.64953e-02 
 8.25000e+01  3.67930e-02 
 8.30000e+01  3.69161e-02 
 8.35000e+01  3.71546e-02 
 8.40000e+01  3.74333e-02 
 8.45000e+01  3.76044e-02 
 8.50000e+01  3.78440e-02 
 8.55000e+01  3.81414e-02 
 8.60000e+01  3.84347e-02 
 8.65000e+01  3.85833e-02 
 8.70000e+01  3.88296e-02 
 8.75000e+01  3.91084e-02 
 8.80000e+01  3.92931e-02 
 8.85000e+01  3.94022e-02 
 8.90000e+01  3.96387e-02 
 8.95000e+01  3.97363e-02 
 9.00000e+01  3.98602e-02 
 9.05000e+01  4.00030e-02 
 9.10000e+01  4.01955e-02 
 9.15000e+01  4.04315e-02 
 9.20000e+01  4.06621e-02 
 9.25000e+01  4.08166e-02 
 9.30000e+01  4.09300e-02 
 9.35000e+01  4.11407e-02 
 9.40000e+01  4.13462e-02 
 9.45000e+01  4.15433e-02 
 9.50000e+01  4.15888e-02 
 9.55000e+01  4.17018e-02 
 9.60000e+01  4.18190e-02 
 9.65000e+01  4.19282e-02 
 9.70000e+01  4.21990e-02 
 9.75000e+01  4.22858e-02 
 9.80000e+01  4.25052e-02 
 9.85000e+01  4.27526e-02 
 9.90000e+01  4.29876e-02 
 9.95000e+01  4.29891e-02 
 1.00000e+02  4.30739e-02 
 1.00500e+02  4.31631e-02 
 1.01000e+02  4.33125e-02 
 1.01500e+02  4.34101e-02 
 1.02000e+02  4.34847e-02 
 1.02500e+02  4.35913e-02 
 1.03000e+02  4.37768e-02 
 1.03500e+02  4.38068e-02 
 1.04000e+02  4.38749e-02 
 1.04500e+02  4.39268e-02 
 1.05000e+02  4.40356e-02 
 1.05500e+02  4.42965e-02 
 1.06000e+02  4.44424e-02 
 1.06500e+02  4.45240e-02 
 1.07000e+02  4.47044e-02 
 1.07500e+02  4.47198e-02 
 1.08000e+02  4.48221e-02 
 1.08500e+02  4.49271e-02 
 1.09000e+02  4.50707e-02 
 1.09500e+02  4.51082e-02 
 1.10000e+02  4.51880e-02 
 1.10500e+02  4.52761e-02 
 1.11000e+02  4.53814e-02 
 1.11500e+02  4.54256e-02 
 1.12000e+02  4.54550e-02 
 1.12500e+02  4.54545e-02 
 1.13000e+02  4.55727e-02 
 1.13500e+02  4.55925e-02 
 1.14000e+02  4.55878e-02 
 1.14500e+02  4.57367e-02 
 1.15000e+02  4.58484e-02 
 1.15500e+02  4.59218e-02 
 1.16000e+02  4.59598e-02 
 1.16500e+02  4.60148e-02 
 1.17000e+02  4.61005e-02 
 1.17500e+02  4.61420e-02 
 1.18000e+02  4.61819e-02 
 1.18500e+02  4.62196e-02 
 1.19000e+02  4.63410e-02 
 1.19500e+02  4.63271e-02 
 1.20000e+02  4.64254e-02 
 1.20500e+02  4.65123e-02 
 1.21000e+02  4.65486e-02 
 1.21500e+02  4.66276e-02 
 1.22000e+02  4.66143e-02 
 1.22500e+02  4.66344e-02 
 1.23000e+02  4.67404e-02 
 1.23500e+02  4.68236e-02 
 1.24000e+02  4.67318e-02 
 1.24500e+02  4.68571e-02 
 1.25000e+02  4.69001e-02 
 1.25500e+02  4.68800e-02 
 1.26000e+02  4.68755e-02 
 1.26500e+02  4.69179e-02 
 1.27000e+02  4.68272e-02 
 1.27500e+02  4.68536e-02 
 1.28000e+02  4.68729e-02 
 1.28500e+02  4.69411e-02 
 1.29000e+02  4.69508e-02 
 1.29500e+02  4.68680e-02 
 1.30000e+02  4.68873e-02 
 1.30500e+02  4.68622e-02 
 1.31000e+02  4.68249e-02 
 1.31500e+02  4.69442e-02 
 1.32000e+02  4.69394e-02 
 1.32500e+02  4.69661e-02 
 1.33000e+02  4.69892e-02 
 1.33500e+02  4.69683e-02 
 1.34000e+02  4.70210e-02 
 1.34500e+02  4.71242e-02 
 1.35000e+02  4.72003e-02 
 1.35500e+02  4.71656e-02 
 1.36000e+02  4.71415e-02 
 1.36500e+02  4.71530e-02 
 1.37000e+02  4.71566e-02 
 1.37500e+02  4.72698e-02 
 1.38000e+02  4.72579e-02 
 1.38500e+02  4.72393e-02 
 1.39000e+02  4.72324e-02 
 1.39500e+02  4.72695e-02 
 1.40000e+02  4.72444e-02 
 1.40500e+02  4.71952e-02 
 1.41000e+02  4.71777e-02 
 1.41500e+02  4.71809e-02 
 1.42000e+02  4.72219e-02 
 1.42500e+02  4.72710e-02 
 1.43000e+02  4.72740e-02 
 1.43500e+02  4.72328e-02 
 1.44000e+02  4.72549e-02 
 1.44500e+02  4.73045e-02 
 1.45000e+02  4.73416e-02 
 1.45500e+02  4.73234e-02 
 1.46000e+02  4.73226e-02 
 1.46500e+02  4.73310e-02 
 1.47000e+02  4.73388e-02 
 1.47500e+02  4.73801e-02 
 1.48000e+02  4.73747e-02 
 1.48500e+02  4.73628e-02 
 1.49000e+02  4.73835e-02 
 1.49500e+02  4.74092e-02 
 1.50000e+02  4.74717e-02 
 1.50500e+02  4.74060e-02 
 1.51000e+02  4.73491e-02 
 1.51500e+02  4.73630e-02 
 1.52000e+02  4.74137e-02 
 1.52500e+02  4.74449e-02 
 1.53000e+02  4.73924e-02 
 1.53500e+02  4.74340e-02 
 1.54000e+02  4.74167e-02 
 1.54500e+02  4.73212e-02 
 1.55000e+02  4.73584e-02 
 1.55500e+02  4.72953e-02 
 1.56000e+02  4.73817e-02 
 1.56500e+02  4.73571e-02 
 1.57000e+02  4.73001e-02 
 1.57500e+02  4.73405e-02 
 1.58000e+02  4.73422e-02 
 1.58500e+02  4.73137e-02 
 1.59000e+02  4.72744e-02 
 1.59500e+02  4.72531e-02 
 1.60000e+02  4.72745e-02 
 1.60500e+02  4.72963e-02 
 1.61000e+02  4.73488e-02 
 1.61500e+02  4.73990e-02 
 1.62000e+02  4.73945e-02 
 1.62500e+02  4.73899e-02 
 1.63000e+02  4.73238e-02 
 1.63500e+02  4.73508e-02 
 1.64000e+02  4.73179e-02 
 1.64500e+02  4.74230e-02 
 1.65000e+02  4.74415e-02 
 1.65500e+02  4.74207e-02 
 1.66000e+02  4.74115e-02 
 1.66500e+02  4.73754e-02 
 1.67000e+02  4.74765e-02 
 1.67500e+02  4.73643e-02 
 1.68000e+02  4.73121e-02 
 1.68500e+02  4.73218e-02 
 1.69000e+02  4.72899e-02 
 1.69500e+02  4.72560e-02 
 1.70000e+02  4.71686e-02 
 1.70500e+02  4.72277e-02 
 1.71000e+02  4.72179e-02 
 1.71500e+02  4.72122e-02 
 1.72000e+02  4.72545e-02 
 1.72500e+02  4.72090e-02 
 1.73000e+02  4.72237e-02 
 1.73500e+02  4.72929e-02 
 1.74000e+02  4.72714e-02 
 1.74500e+02  4.71867e-02 
 1.75000e+02  4.71560e-02 
 1.75500e+02  4.71476e-02 
 1.76000e+02  4.71483e-02 
 1.76500e+02  4.70669e-02 
 1.77000e+02  4.70710e-02 
 1.77500e+02  4.71371e-02 
 1.78000e+02  4.71505e-02 
 1.78500e+02  4.70881e-02 
 1.79000e+02  4.71092e-02 
 1.79500e+02  4.71152e-02 
 1.80000e+02  4.70235e-02 
 1.80500e+02  4.70177e-02 
 1.81000e+02  4.70173e-02 
 1.81500e+02  4.70308e-02 
 1.82000e+02  4.69704e-02 
 1.82500e+02  4.69836e-02 
 1.83000e+02  4.69880e-02 
 1.83500e+02  4.68804e-02 
 1.84000e+02  4.70075e-02 
 1.84500e+02  4.69616e-02 
 1.85000e+02  4.69966e-02 
 1.85500e+02  4.69312e-02 
 1.86000e+02  4.70330e-02 
 1.86500e+02  4.69523e-02 
 1.87000e+02  4.69375e-02 
 1.87500e+02  4.69119e-02 
 1.88000e+02  4.69379e-02 
 1.88500e+02  4.69582e-02 
 1.89000e+02  4.69318e-02 
 1.89500e+02  4.69124e-02 
 1.90000e+02  4.69202e-02 
 1.90500e+02  4.68778e-02 
 1.91000e+02  4.69374e-02 
 1.91500e+02  4.68954e-02 
 1.92000e+02  4.68390e-02 
 1.92500e+02  4.67918e-02 
 1.93000e+02  4.67121e-02 
 1.93500e+02  4.67866e-02 
 1.94000e+02  4.67392e-02 
 1.94500e+02  4.67833e-02 
 1.95000e+02  4.67024e-02 
 1.95500e+02  4.66769e-02 
 1.96000e+02  4.65910e-02 
 1.96500e+02  4.65794e-02 
 1.97000e+02  4.65353e-02 
 1.97500e+02  4.65095e-02 
 1.98000e+02  4.64813e-02 
 1.98500e+02  4.64897e-02 
 1.99000e+02  4.64896e-02 
 1.99500e+02  4.63740e-02 
 2.00000e+02  4.63676e-02 
 2.00500e+02  4.63288e-02 
 2.01000e+02  4.63484e-02 
 2.01500e+02  4.62456e-02 
 2.02000e+02  4.62511e-02 
 2.02500e+02  4.61625e-02 
 2.03000e+02  4.60686e-02 
 2.03500e+02  4.59933e-02 
 2.04000e+02  4.60053e-02 
 2.04500e+02  4.59888e-02 
 2.05000e+02  4.58276e-02 
 2.05500e+02  4.57409e-02 
 2.06000e+02  4.57122e-02 
 2.06500e+02  4.55951e-02 
 2.07000e+02  4.55009e-02 
 2.07500e+02  4.53506e-02 
 2.08000e+02  4.52856e-02 
 2.08500e+02  4.51043e-02 
 2.09000e+02  4.50633e-02 
 2.09500e+02  4.49473e-02 
 2.10000e+02  4.47762e-02 
 2.10500e+02  4.47531e-02 
 2.11000e+02  4.46743e-02 
 2.11500e+02  4.46066e-02 
 2.12000e+02  4.44354e-02 
 2.12500e+02  4.43368e-02 
 2.13000e+02  4.42350e-02 
 2.13500e+02  4.41889e-02 
 2.14000e+02  4.40296e-02 
 2.14500e+02  4.38655e-02 
 2.15000e+02  4.37927e-02 
 2.15500e+02  4.35880e-02 
 2.16000e+02  4.35010e-02 
 2.16500e+02  4.34406e-02 
 2.17000e+02  4.33554e-02 
 2.17500e+02  4.32993e-02 
 2.18000e+02  4.30835e-02 
 2.18500e+02  4.30336e-02 
 2.19000e+02  4.28386e-02 
 2.19500e+02  4.27649e-02 
 2.20000e+02  4.27112e-02 
 2.20500e+02  4.25373e-02 
 2.21000e+02  4.23638e-02 
 2.21500e+02  4.21994e-02 
 2.22000e+02  4.20533e-02 
 2.22500e+02  4.19725e-02 
 2.23000e+02  4.17610e-02 
 2.23500e+02  4.15678e-02 
 2.24000e+02  4.13617e-02 
 2.24500e+02  4.12146e-02 
 2.25000e+02  4.10995e-02 
 2.25500e+02  4.09311e-02 
 2.26000e+02  4.07998e-02 
 2.26500e+02  4.06334e-02 
 2.27000e+02  4.04194e-02 
 2.27500e+02  4.03228e-02 
 2.28000e+02  4.01521e-02 
 2.28500e+02  3.99214e-02 
 2.29000e+02  3.97153e-02 
 2.29500e+02  3.95516e-02 
 2.30000e+02  3.93007e-02 
 2.30500e+02  3.91218e-02 
 2.31000e+02  3.88998e-02 
 2.31500e+02  3.87057e-02 
 2.32000e+02  3.84517e-02 
 2.32500e+02  3.82229e-02 
 2.33000e+02  3.79719e-02 
 2.33500e+02  3.78330e-02 
 2.34000e+02  3.76967e-02 
 2.34500e+02  3.74779e-02 
 2.35000e+02  3.72326e-02 
 2.35500e+02  3.70699e-02 
 2.36000e+02  3.69238e-02 
 2.36500e+02  3.66701e-02 
 2.37000e+02  3.63700e-02 
 2.37500e+02  3.61995e-02 
 2.38000e+02  3.59828e-02 
 2.38500e+02  3.57516e-02 
 2.39000e+02  3.55157e-02 
 2.39500e+02  3.52814e-02 
 2.40000e+02  3.49702e-02 
 2.40500e+02  3.47038e-02 
 2.41000e+02  3.44627e-02 
 2.41500e+02  3.41376e-02 
 2.42000e+02  3.38715e-02 
 2.42500e+02  3.35499e-02 
 2.43000e+02  3.33201e-02 
 2.43500e+02  3.30282e-02 
 2.44000e+02  3.27887e-02 
 2.44500e+02  3.25438e-02 
 2.45000e+02  3.21871e-02 
 2.45500e+02  3.19420e-02 
 2.46000e+02  3.16043e-02 
 2.46500e+02  3.13267e-02 
 2.47000e+02  3.09507e-02 
 2.47500e+02  3.07055e-02 
 2.48000e+02  3.03859e-02 
 2.48500e+02  3.00872e-02 
 2.49000e+02  2.96957e-02 
 2.49500e+02  2.93414e-02 
 2.50000e+02  2.89611e-02 
 2.50500e+02  2.86276e-02 
 2.51000e+02  2.81884e-02 
 2.51500e+02  2.77933e-02 
 2.52000e+02  2.73298e-02 
 2.52500e+02  2.69419e-02 
 2.53000e+02  2.64671e-02 
 2.53500e+02  2.60227e-02 
 2.54000e+02  2.55566e-02 
 2.54500e+02  2.50467e-02 
 2.55000e+02  2.46321e-02 
 2.55500e+02  2.41959e-02 
 2.56000e+02  2.36631e-02 
 2.56500e+02  2.31915e-02 
 2.57000e+02  2.26655e-02 
 2.57500e+02  2.21979e-02 
 2.58000e+02  2.17387e-02 
 2.58500e+02  2.12988e-02 
 2.59000e+02  2.08347e-02 
 2.59500e+02  2.03032e-02 
 2.60000e+02  1.97516e-02 
 2.60500e+02  1.92431e-02 
 2.61000e+02  1.87201e-02 
 2.61500e+02  1.82761e-02 
 2.62000e+02  1.78365e-02 
 2.62500e+02  1.73173e-02 
 2.63000e+02  1.67519e-02 
 2.63500e+02  1.62889e-02 
 2.64000e+02  1.58161e-02 
 2.64500e+02  1.53365e-02 
 2.65000e+02  1.49051e-02 
 2.65500e+02  1.44840e-02 
 2.66000e+02  1.39722e-02 
 2.66500e+02  1.35574e-02 
 2.67000e+02  1.30765e-02 
 2.67500e+02  1.26477e-02 
 2.68000e+02  1.21948e-02 
 2.68500e+02  1.18117e-02 
 2.69000e+02  1.14016e-02 
 2.69500e+02  1.10060e-02 
 2.70000e+02  1.06246e-02 
 2.70500e+02  1.02541e-02 
 2.71000e+02  9.91245e-03 
 2.71500e+02  9.61834e-03 
 2.72000e+02  9.25997e-03 
 2.72500e+02  8.91658e-03 
 2.73000e+02  8.62251e-03 
 2.73500e+02  8.30466e-03 
 2.74000e+02  8.04566e-03 
 2.74500e+02  7.75041e-03 
 2.75000e+02  7.53064e-03 
 2.75500e+02  7.24169e-03 
 2.76000e+02  6.99683e-03 
 2.76500e+02  6.77902e-03 
 2.77000e+02  6.57303e-03 
 2.77500e+02  6.37268e-03 
 2.78000e+02  6.13990e-03 
 2.78500e+02  5.95063e-03 
 2.79000e+02  5.74679e-03 
 2.79500e+02  5.54878e-03 
 2.80000e+02  5.37837e-03 
 2.80500e+02  5.20182e-03 
 2.81000e+02  5.02014e-03 
 2.81500e+02  4.85378e-03 
 2.82000e+02  4.70777e-03 
 2.82500e+02  4.55402e-03 
 2.83000e+02  4.40241e-03 
 2.83500e+02  4.22929e-03 
 2.84000e+02  4.09824e-03 
 2.84500e+02  3.93910e-03 
 2.85000e+02  3.82486e-03 
 2.85500e+02  3.69678e-03 
 2.86000e+02  3.58146e-03 
 2.86500e+02  3.45627e-03 
 2.87000e+02  3.34137e-03 
 2.87500e+02  3.20896e-03 
 2.88000e+02  3.08124e-03 
 2.88500e+02  2.96485e-03 
 2.89000e+02  2.84797e-03 
 2.89500e+02  2.74007e-03 
 2.90000e+02  2.64386e-03 
 2.90500e+02  2.53693e-03 
 2.91000e+02  2.43677e-03 
 2.91500e+02  2.34474e-03 
 2.92000e+02  2.24569e-03 
 2.92500e+02  2.18253e-03 
 2.93000e+02  2.10074e-03 
 2.93500e+02  2.01430e-03 
 2.94000e+02  1.95150e-03 
 2.94500e+02  1.87164e-03 
 2.95000e+02  1.80409e-03 
 2.95500e+02  1.72424e-03 
 2.96000e+02  1.66047e-03 
 2.96500e+02  1.60050e-03 
 2.97000e+02  1.54602e-03 
 2.97500e+02  1.49380e-03 
 2.98000e+02  1.45020e-03 
 2.98500e+02  1.39392e-03 
 2.99000e+02  1.34086e-03 
 2.99500e+02  1.29411e-03 
 3.00000e+02  1.24202e-03 
 3.00500e+02  1.19394e-03 
 3.01000e+02  1.14677e-03 
 3.01500e+02  1.10022e-03 
 3.02000e+02  1.06873e-03 
 3.02500e+02  1.02419e-03 
 3.03000e+02  9.80968e-04 
 3.03500e+02  9.38272e-04 
 3.04000e+02  9.07936e-04 
 3.04500e+02  8.70272e-04 
 3.05000e+02  8.33640e-04 
 3.05500e+02  8.00808e-04 
 3.06000e+02  7.62280e-04 
 3.06500e+02  7.31600e-04 
 3.07000e+02  6.95368e-04 
 3.07500e+02  6.66392e-04 
 3.08000e+02  6.48696e-04 
 3.08500e+02  6.12944e-04 
 3.09000e+02  5.78160e-04 
 3.09500e+02  5.53392e-04 
 3.10000e+02  5.28472e-04 
 3.10500e+02  5.03040e-04 
 3.11000e+02  4.79088e-04 
 3.11500e+02  4.64768e-04 
 3.12000e+02  4.42176e-04 
 3.12500e+02  4.09560e-04 
 3.13000e+02  3.76696e-04 
 3.13500e+02  3.50800e-04 
 3.14000e+02  3.35184e-04 
 3.14500e+02  3.18928e-04 
 3.15000e+02  2.95176e-04 
 3.15500e+02  2.71304e-04 
 3.16000e+02  2.54552e-04 
 3.16500e+02  2.32280e-04 
 3.17000e+02  2.16344e-04 
 3.17500e+02  1.98760e-04 
 3.18000e+02  1.83704e-04 
 3.18500e+02  1.64264e-04 
 3.19000e+02  1.50664e-04 
 3.19500e+02  1.44584e-04 
