 0.00000e+00  4.95032e-03 
 5.00000e-01  5.05368e-03 
 1.00000e+00  5.14048e-03 
 1.50000e+00  5.16712e-03 
 2.00000e+00  5.27272e-03 
 2.50000e+00  5.23000e-03 
 3.00000e+00  5.17240e-03 
 3.50000e+00  5.28016e-03 
 4.00000e+00  5.32080e-03 
 4.50000e+00  5.29168e-03 
 5.00000e+00  5.34176e-03 
 5.50000e+00  5.40336e-03 
 6.00000e+00  5.39968e-03 
 6.50000e+00  5.39528e-03 
 7.00000e+00  5.46608e-03 
 7.50000e+00  5.54136e-03 
 8.00000e+00  5.50336e-03 
 8.50000e+00  5.64456e-03 
 9.00000e+00  5.71200e-03 
 9.50000e+00  5.73760e-03 
 1.00000e+01  5.77152e-03 
 1.05000e+01  5.83536e-03 
 1.10000e+01  5.85120e-03 
 1.15000e+01  5.98032e-03 
 1.20000e+01  6.11632e-03 
 1.25000e+01  6.01352e-03 
 1.30000e+01  6.00304e-03 
 1.35000e+01  6.16704e-03 
 1.40000e+01  6.20080e-03 
 1.45000e+01  6.25568e-03 
 1.50000e+01  6.26616e-03 
 1.55000e+01  6.34592e-03 
 1.60000e+01  6.44856e-03 
 1.65000e+01  6.45240e-03 
 1.70000e+01  6.60176e-03 
 1.75000e+01  6.63112e-03 
 1.80000e+01  6.69128e-03 
 1.85000e+01  6.84128e-03 
 1.90000e+01  6.82720e-03 
 1.95000e+01  6.81568e-03 
 2.00000e+01  6.99536e-03 
 2.05000e+01  7.02512e-03 
 2.10000e+01  7.25120e-03 
 2.15000e+01  7.33848e-03 
 2.20000e+01  7.27152e-03 
 2.25000e+01  7.42608e-03 
 2.30000e+01  7.46976e-03 
 2.35000e+01  7.45248e-03 
 2.40000e+01  7.63800e-03 
 2.45000e+01  7.67512e-03 
 2.50000e+01  7.85720e-03 
 2.55000e+01  7.94120e-03 
 2.60000e+01  8.00624e-03 
 2.65000e+01  8.10472e-03 
 2.70000e+01  8.20760e-03 
 2.75000e+01  8.28680e-03 
 2.80000e+01  8.37504e-03 
 2.85000e+01  8.49840e-03 
 2.90000e+01  8.70008e-03 
 2.95000e+01  8.75024e-03 
 3.00000e+01  8.77168e-03 
 3.05000e+01  8.98040e-03 
 3.10000e+01  9.10944e-03 
 3.15000e+01  9.07960e-03 
 3.20000e+01  9.24480e-03 
 3.25000e+01  9.26032e-03 
 3.30000e+01  9.45920e-03 
 3.35000e+01  9.63440e-03 
 3.40000e+01  9.75032e-03 
 3.45000e+01  9.98648e-03 
 3.50000e+01  1.00317e-02 
 3.55000e+01  1.02933e-02 
 3.60000e+01  1.03617e-02 
 3.65000e+01  1.06118e-02 
 3.70000e+01  1.05319e-02 
 3.75000e+01  1.07242e-02 
 3.80000e+01  1.07914e-02 
 3.85000e+01  1.10250e-02 
 3.90000e+01  1.11326e-02 
 3.95000e+01  1.12910e-02 
 4.00000e+01  1.15174e-02 
 4.05000e+01  1.16499e-02 
 4.10000e+01  1.19244e-02 
 4.15000e+01  1.21553e-02 
 4.20000e+01  1.23367e-02 
 4.25000e+01  1.24893e-02 
 4.30000e+01  1.26390e-02 
 4.35000e+01  1.28822e-02 
 4.40000e+01  1.31558e-02 
 4.45000e+01  1.35792e-02 
 4.50000e+01  1.38119e-02 
 4.55000e+01  1.39836e-02 
 4.60000e+01  1.41911e-02 
 4.65000e+01  1.47004e-02 
 4.70000e+01  1.49695e-02 
 4.75000e+01  1.52760e-02 
 4.80000e+01  1.53823e-02 
 4.85000e+01  1.55349e-02 
 4.90000e+01  1.58817e-02 
 4.95000e+01  1.62416e-02 
 5.00000e+01  1.65800e-02 
 5.05000e+01  1.66130e-02 
 5.10000e+01  1.68361e-02 
 5.15000e+01  1.73702e-02 
 5.20000e+01  1.77217e-02 
 5.25000e+01  1.80258e-02 
 5.30000e+01  1.81350e-02 
 5.35000e+01  1.83244e-02 
 5.40000e+01  1.89110e-02 
 5.45000e+01  1.95506e-02 
 5.50000e+01  2.00076e-02 
 5.55000e+01  1.99831e-02 
 5.60000e+01  2.07907e-02 
 5.65000e+01  2.10620e-02 
 5.70000e+01  2.09134e-02 
 5.75000e+01  2.15534e-02 
 5.80000e+01  2.16110e-02 
 5.85000e+01  2.20374e-02 
 5.90000e+01  2.21770e-02 
 5.95000e+01  2.26201e-02 
 6.00000e+01  2.32813e-02 
 6.05000e+01  2.44874e-02 
 6.10000e+01  2.48964e-02 
 6.15000e+01  2.52362e-02 
 6.20000e+01  2.49058e-02 
 6.25000e+01  2.50234e-02 
 6.30000e+01  2.55142e-02 
 6.35000e+01  2.53296e-02 
 6.40000e+01  2.62448e-02 
 6.45000e+01  2.67926e-02 
 6.50000e+01  2.76638e-02 
 6.55000e+01  2.80382e-02 
 6.60000e+01  2.91666e-02 
 6.65000e+01  2.94942e-02 
 6.70000e+01  3.01523e-02 
 6.75000e+01  2.90092e-02 
 6.80000e+01  2.97141e-02 
 6.85000e+01  3.03935e-02 
 6.90000e+01  3.09730e-02 
 6.95000e+01  3.08168e-02 
 7.00000e+01  3.11969e-02 
 7.05000e+01  3.15986e-02 
 7.10000e+01  3.15606e-02 
 7.15000e+01  3.22592e-02 
 7.20000e+01  3.28750e-02 
 7.25000e+01  3.27080e-02 
 7.30000e+01  3.30254e-02 
 7.35000e+01  3.40416e-02 
 7.40000e+01  3.40701e-02 
 7.45000e+01  3.49330e-02 
 7.50000e+01  3.56256e-02 
 7.55000e+01  3.59094e-02 
 7.60000e+01  3.55726e-02 
 7.65000e+01  3.60308e-02 
 7.70000e+01  3.48658e-02 
 7.75000e+01  3.47281e-02 
 7.80000e+01  3.54375e-02 
 7.85000e+01  3.67978e-02 
 7.90000e+01  3.80842e-02 
 7.95000e+01  3.75069e-02 
 8.00000e+01  3.83988e-02 
 8.05000e+01  3.85226e-02 
 8.10000e+01  3.94146e-02 
 8.15000e+01  3.87547e-02 
 8.20000e+01  3.83741e-02 
 8.25000e+01  3.92154e-02 
 8.30000e+01  3.91439e-02 
 8.35000e+01  4.01832e-02 
 8.40000e+01  4.01916e-02 
 8.45000e+01  4.01126e-02 
 8.50000e+01  3.96693e-02 
 8.55000e+01  4.04110e-02 
 8.60000e+01  4.04750e-02 
 8.65000e+01  4.15334e-02 
 8.70000e+01  4.07402e-02 
 8.75000e+01  4.14694e-02 
 8.80000e+01  4.19571e-02 
 8.85000e+01  4.24370e-02 
 8.90000e+01  4.28293e-02 
 8.95000e+01  4.42370e-02 
 9.00000e+01  4.41670e-02 
 9.05000e+01  4.45733e-02 
 9.10000e+01  4.46206e-02 
 9.15000e+01  4.61286e-02 
 9.20000e+01  4.41586e-02 
 9.25000e+01  4.38629e-02 
 9.30000e+01  4.41116e-02 
 9.35000e+01  4.51183e-02 
 9.40000e+01  4.41223e-02 
 9.45000e+01  4.36826e-02 
 9.50000e+01  4.43938e-02 
 9.55000e+01  4.44446e-02 
 9.60000e+01  4.54772e-02 
 9.65000e+01  4.50664e-02 
 9.70000e+01  4.74558e-02 
 9.75000e+01  4.57504e-02 
 9.80000e+01  4.58617e-02 
 9.85000e+01  4.60483e-02 
 9.90000e+01  4.77924e-02 
 9.95000e+01  4.75610e-02 
 1.00000e+02  4.69553e-02 
 1.00500e+02  4.62710e-02 
 1.01000e+02  4.75361e-02 
 1.01500e+02  4.94050e-02 
 1.02000e+02  4.83194e-02 
 1.02500e+02  5.11492e-02 
 1.03000e+02  5.05559e-02 
 1.03500e+02  5.01158e-02 
 1.04000e+02  5.00118e-02 
 1.04500e+02  5.06397e-02 
 1.05000e+02  5.19922e-02 
 1.05500e+02  5.01312e-02 
 1.06000e+02  5.00466e-02 
 1.06500e+02  5.10797e-02 
 1.07000e+02  5.21342e-02 
 1.07500e+02  5.29759e-02 
 1.08000e+02  5.50731e-02 
 1.08500e+02  5.49526e-02 
 1.09000e+02  5.51198e-02 
 1.09500e+02  5.39634e-02 
 1.10000e+02  5.50937e-02 
 1.10500e+02  5.73831e-02 
 1.11000e+02  5.75019e-02 
 1.11500e+02  5.64946e-02 
 1.12000e+02  5.39978e-02 
 1.12500e+02  5.55968e-02 
 1.13000e+02  5.70254e-02 
 1.13500e+02  5.58081e-02 
 1.14000e+02  5.62958e-02 
 1.14500e+02  5.56553e-02 
 1.15000e+02  5.71595e-02 
 1.15500e+02  6.04378e-02 
 1.16000e+02  5.84490e-02 
 1.16500e+02  6.08583e-02 
 1.17000e+02  6.29948e-02 
 1.17500e+02  6.27186e-02 
 1.18000e+02  6.21517e-02 
 1.18500e+02  6.25968e-02 
 1.19000e+02  6.76522e-02 
 1.19500e+02  6.72946e-02 
 1.20000e+02  6.56430e-02 
 1.20500e+02  6.64283e-02 
 1.21000e+02  6.68702e-02 
 1.21500e+02  6.71173e-02 
 1.22000e+02  6.94701e-02 
 1.22500e+02  7.07650e-02 
 1.23000e+02  7.16955e-02 
 1.23500e+02  7.35958e-02 
 1.24000e+02  7.82127e-02 
 1.24500e+02  7.69582e-02 
 1.25000e+02  7.61166e-02 
 1.25500e+02  7.62626e-02 
 1.26000e+02  7.75501e-02 
 1.26500e+02  7.97526e-02 
 1.27000e+02  7.74249e-02 
 1.27500e+02  7.81418e-02 
 1.28000e+02  8.14704e-02 
 1.28500e+02  8.25383e-02 
 1.29000e+02  8.29840e-02 
 1.29500e+02  8.50985e-02 
 1.30000e+02  8.69558e-02 
 1.30500e+02  8.50517e-02 
 1.31000e+02  8.83706e-02 
 1.31500e+02  9.02549e-02 
 1.32000e+02  8.79101e-02 
 1.32500e+02  9.29058e-02 
 1.33000e+02  9.04036e-02 
 1.33500e+02  9.43387e-02 
 1.34000e+02  9.44474e-02 
 1.34500e+02  9.32042e-02 
 1.35000e+02  9.66137e-02 
 1.35500e+02  9.43991e-02 
 1.36000e+02  9.65826e-02 
 1.36500e+02  9.58652e-02 
 1.37000e+02  9.66438e-02 
 1.37500e+02  9.66846e-02 
 1.38000e+02  9.63243e-02 
 1.38500e+02  9.85219e-02 
 1.39000e+02  1.02271e-01 
 1.39500e+02  1.04930e-01 
 1.40000e+02  1.02412e-01 
 1.40500e+02  1.04691e-01 
 1.41000e+02  1.00994e-01 
 1.41500e+02  9.86793e-02 
 1.42000e+02  9.92229e-02 
 1.42500e+02  1.01873e-01 
 1.43000e+02  9.95495e-02 
 1.43500e+02  1.02958e-01 
 1.44000e+02  1.08881e-01 
 1.44500e+02  1.04167e-01 
 1.45000e+02  1.04406e-01 
 1.45500e+02  1.08392e-01 
 1.46000e+02  1.06299e-01 
 1.46500e+02  1.11718e-01 
 1.47000e+02  1.09022e-01 
 1.47500e+02  1.13632e-01 
 1.48000e+02  1.04767e-01 
 1.48500e+02  1.13379e-01 
 1.49000e+02  1.08205e-01 
 1.49500e+02  1.09520e-01 
 1.50000e+02  1.10721e-01 
 1.50500e+02  1.08039e-01 
 1.51000e+02  1.14453e-01 
 1.51500e+02  1.10970e-01 
 1.52000e+02  1.09675e-01 
 1.52500e+02  1.13122e-01 
 1.53000e+02  1.13024e-01 
 1.53500e+02  1.12102e-01 
 1.54000e+02  1.11833e-01 
 1.54500e+02  1.16293e-01 
 1.55000e+02  1.15009e-01 
 1.55500e+02  1.15343e-01 
 1.56000e+02  1.13073e-01 
 1.56500e+02  1.16449e-01 
 1.57000e+02  1.12849e-01 
 1.57500e+02  1.07211e-01 
 1.58000e+02  1.06869e-01 
 1.58500e+02  1.08361e-01 
 1.59000e+02  1.06970e-01 
 1.59500e+02  1.08706e-01 
 1.60000e+02  1.05489e-01 
 1.60500e+02  1.10117e-01 
 1.61000e+02  1.10783e-01 
 1.61500e+02  1.09428e-01 
 1.62000e+02  1.11070e-01 
 1.62500e+02  1.11034e-01 
 1.63000e+02  1.09601e-01 
 1.63500e+02  1.14021e-01 
 1.64000e+02  1.09807e-01 
 1.64500e+02  1.10067e-01 
 1.65000e+02  1.11157e-01 
 1.65500e+02  1.13251e-01 
 1.66000e+02  1.11417e-01 
 1.66500e+02  1.13167e-01 
 1.67000e+02  1.09681e-01 
 1.67500e+02  1.13882e-01 
 1.68000e+02  1.10834e-01 
 1.68500e+02  1.12981e-01 
 1.69000e+02  1.11967e-01 
 1.69500e+02  1.06859e-01 
 1.70000e+02  1.09862e-01 
 1.70500e+02  1.09333e-01 
 1.71000e+02  1.07189e-01 
 1.71500e+02  1.08531e-01 
 1.72000e+02  1.08446e-01 
 1.72500e+02  1.08388e-01 
 1.73000e+02  1.06945e-01 
 1.73500e+02  1.09321e-01 
 1.74000e+02  1.07990e-01 
 1.74500e+02  1.06402e-01 
 1.75000e+02  1.07493e-01 
 1.75500e+02  1.08930e-01 
 1.76000e+02  1.05888e-01 
 1.76500e+02  1.04277e-01 
 1.77000e+02  1.02634e-01 
 1.77500e+02  9.89474e-02 
 1.78000e+02  1.04584e-01 
 1.78500e+02  1.02756e-01 
 1.79000e+02  1.00536e-01 
 1.79500e+02  1.02394e-01 
 1.80000e+02  1.02896e-01 
 1.80500e+02  1.00282e-01 
 1.81000e+02  1.01920e-01 
 1.81500e+02  9.78832e-02 
 1.82000e+02  1.02103e-01 
 1.82500e+02  1.01386e-01 
 1.83000e+02  9.94488e-02 
 1.83500e+02  9.78561e-02 
 1.84000e+02  9.62254e-02 
 1.84500e+02  9.83742e-02 
 1.85000e+02  9.77795e-02 
 1.85500e+02  9.63294e-02 
 1.86000e+02  9.78910e-02 
 1.86500e+02  9.55969e-02 
 1.87000e+02  8.94706e-02 
 1.87500e+02  9.02520e-02 
 1.88000e+02  9.03251e-02 
 1.88500e+02  8.74319e-02 
 1.89000e+02  8.73719e-02 
 1.89500e+02  8.57690e-02 
 1.90000e+02  8.49678e-02 
 1.90500e+02  8.42217e-02 
 1.91000e+02  8.55500e-02 
 1.91500e+02  8.53086e-02 
 1.92000e+02  8.50047e-02 
 1.92500e+02  8.94153e-02 
 1.93000e+02  8.36622e-02 
 1.93500e+02  8.36146e-02 
 1.94000e+02  8.22864e-02 
 1.94500e+02  8.16365e-02 
 1.95000e+02  8.07236e-02 
 1.95500e+02  7.75397e-02 
 1.96000e+02  7.67306e-02 
 1.96500e+02  7.22650e-02 
 1.97000e+02  7.28047e-02 
 1.97500e+02  7.19192e-02 
 1.98000e+02  7.22995e-02 
 1.98500e+02  7.33459e-02 
 1.99000e+02  6.97571e-02 
 1.99500e+02  6.70110e-02 
 2.00000e+02  6.58070e-02 
 2.00500e+02  6.56422e-02 
 2.01000e+02  6.55727e-02 
 2.01500e+02  6.60018e-02 
 2.02000e+02  6.53461e-02 
 2.02500e+02  6.41808e-02 
 2.03000e+02  6.14469e-02 
 2.03500e+02  6.04020e-02 
 2.04000e+02  5.83190e-02 
 2.04500e+02  5.74965e-02 
 2.05000e+02  5.96890e-02 
 2.05500e+02  5.80888e-02 
 2.06000e+02  5.61079e-02 
 2.06500e+02  5.48997e-02 
 2.07000e+02  5.45109e-02 
 2.07500e+02  5.39181e-02 
 2.08000e+02  5.49932e-02 
 2.08500e+02  5.48580e-02 
 2.09000e+02  5.43625e-02 
 2.09500e+02  5.31338e-02 
 2.10000e+02  5.12881e-02 
 2.10500e+02  5.25558e-02 
 2.11000e+02  5.27965e-02 
 2.11500e+02  5.30838e-02 
 2.12000e+02  5.24009e-02 
 2.12500e+02  5.20476e-02 
 2.13000e+02  5.10962e-02 
 2.13500e+02  5.18947e-02 
 2.14000e+02  5.06413e-02 
 2.14500e+02  4.90862e-02 
 2.15000e+02  4.98605e-02 
 2.15500e+02  4.95656e-02 
 2.16000e+02  4.90998e-02 
 2.16500e+02  4.89837e-02 
 2.17000e+02  4.82898e-02 
 2.17500e+02  4.77534e-02 
 2.18000e+02  4.91137e-02 
 2.18500e+02  4.88318e-02 
 2.19000e+02  4.89947e-02 
 2.19500e+02  4.83218e-02 
 2.20000e+02  4.79938e-02 
 2.20500e+02  4.98661e-02 
 2.21000e+02  4.83484e-02 
 2.21500e+02  4.79548e-02 
 2.22000e+02  4.59661e-02 
 2.22500e+02  4.49374e-02 
 2.23000e+02  4.54235e-02 
 2.23500e+02  4.60181e-02 
 2.24000e+02  4.46869e-02 
 2.24500e+02  4.61362e-02 
 2.25000e+02  4.68462e-02 
 2.25500e+02  4.62345e-02 
 2.26000e+02  4.71443e-02 
 2.26500e+02  4.48887e-02 
 2.27000e+02  4.40509e-02 
 2.27500e+02  4.49381e-02 
 2.28000e+02  4.42598e-02 
 2.28500e+02  4.40371e-02 
 2.29000e+02  4.33270e-02 
 2.29500e+02  4.44432e-02 
 2.30000e+02  4.29550e-02 
 2.30500e+02  4.22367e-02 
 2.31000e+02  4.27874e-02 
 2.31500e+02  4.17977e-02 
 2.32000e+02  4.17878e-02 
 2.32500e+02  4.08623e-02 
 2.33000e+02  3.97857e-02 
 2.33500e+02  4.06263e-02 
 2.34000e+02  4.04678e-02 
 2.34500e+02  4.09095e-02 
 2.35000e+02  4.08380e-02 
 2.35500e+02  3.98514e-02 
 2.36000e+02  3.93161e-02 
 2.36500e+02  4.04692e-02 
 2.37000e+02  3.91228e-02 
 2.37500e+02  3.82406e-02 
 2.38000e+02  3.90906e-02 
 2.38500e+02  3.84160e-02 
 2.39000e+02  3.92871e-02 
 2.39500e+02  3.73322e-02 
 2.40000e+02  3.76494e-02 
 2.40500e+02  3.66334e-02 
 2.41000e+02  3.69598e-02 
 2.41500e+02  3.65249e-02 
 2.42000e+02  3.58836e-02 
 2.42500e+02  3.60825e-02 
 2.43000e+02  3.58039e-02 
 2.43500e+02  3.60403e-02 
 2.44000e+02  3.52778e-02 
 2.44500e+02  3.46750e-02 
 2.45000e+02  3.43529e-02 
 2.45500e+02  3.43705e-02 
 2.46000e+02  3.51395e-02 
 2.46500e+02  3.43146e-02 
 2.47000e+02  3.43080e-02 
 2.47500e+02  3.37790e-02 
 2.48000e+02  3.26447e-02 
 2.48500e+02  3.23634e-02 
 2.49000e+02  3.26479e-02 
 2.49500e+02  3.18630e-02 
 2.50000e+02  3.14282e-02 
 2.50500e+02  3.08240e-02 
 2.51000e+02  3.00242e-02 
 2.51500e+02  3.03609e-02 
 2.52000e+02  2.92548e-02 
 2.52500e+02  2.94619e-02 
 2.53000e+02  2.93149e-02 
 2.53500e+02  2.85987e-02 
 2.54000e+02  2.79198e-02 
 2.54500e+02  2.76742e-02 
 2.55000e+02  2.66828e-02 
 2.55500e+02  2.69115e-02 
 2.56000e+02  2.63376e-02 
 2.56500e+02  2.63016e-02 
 2.57000e+02  2.64066e-02 
 2.57500e+02  2.57500e-02 
 2.58000e+02  2.51069e-02 
 2.58500e+02  2.42914e-02 
 2.59000e+02  2.36970e-02 
 2.59500e+02  2.37363e-02 
 2.60000e+02  2.33774e-02 
 2.60500e+02  2.29148e-02 
 2.61000e+02  2.23698e-02 
 2.61500e+02  2.19338e-02 
 2.62000e+02  2.19322e-02 
 2.62500e+02  2.13991e-02 
 2.63000e+02  2.10742e-02 
 2.63500e+02  2.07146e-02 
 2.64000e+02  2.02118e-02 
 2.64500e+02  1.97470e-02 
 2.65000e+02  1.93725e-02 
 2.65500e+02  1.95242e-02 
 2.66000e+02  1.90686e-02 
 2.66500e+02  1.86790e-02 
 2.67000e+02  1.84330e-02 
 2.67500e+02  1.81802e-02 
 2.68000e+02  1.74629e-02 
 2.68500e+02  1.74197e-02 
 2.69000e+02  1.72096e-02 
 2.69500e+02  1.67386e-02 
 2.70000e+02  1.67337e-02 
 2.70500e+02  1.62183e-02 
 2.71000e+02  1.59125e-02 
 2.71500e+02  1.55764e-02 
 2.72000e+02  1.54596e-02 
 2.72500e+02  1.49843e-02 
 2.73000e+02  1.48355e-02 
 2.73500e+02  1.45164e-02 
 2.74000e+02  1.43318e-02 
 2.74500e+02  1.40344e-02 
 2.75000e+02  1.38448e-02 
 2.75500e+02  1.36390e-02 
 2.76000e+02  1.31852e-02 
 2.76500e+02  1.28814e-02 
 2.77000e+02  1.27075e-02 
 2.77500e+02  1.23913e-02 
 2.78000e+02  1.21272e-02 
 2.78500e+02  1.19997e-02 
 2.79000e+02  1.19252e-02 
 2.79500e+02  1.15762e-02 
 2.80000e+02  1.15443e-02 
 2.80500e+02  1.12775e-02 
 2.81000e+02  1.11075e-02 
 2.81500e+02  1.09706e-02 
 2.82000e+02  1.09081e-02 
 2.82500e+02  1.06952e-02 
 2.83000e+02  1.05485e-02 
 2.83500e+02  1.03878e-02 
 2.84000e+02  1.02242e-02 
 2.84500e+02  1.00596e-02 
 2.85000e+02  9.78928e-03 
 2.85500e+02  9.67608e-03 
 2.86000e+02  9.82816e-03 
 2.86500e+02  9.64312e-03 
 2.87000e+02  9.41512e-03 
 2.87500e+02  9.27576e-03 
 2.88000e+02  9.15712e-03 
 2.88500e+02  9.03328e-03 
 2.89000e+02  8.98928e-03 
 2.89500e+02  8.74040e-03 
 2.90000e+02  8.60328e-03 
 2.90500e+02  8.70560e-03 
 2.91000e+02  8.48808e-03 
 2.91500e+02  8.34448e-03 
 2.92000e+02  8.41456e-03 
 2.92500e+02  8.31496e-03 
 2.93000e+02  8.23560e-03 
 2.93500e+02  8.08240e-03 
 2.94000e+02  7.90576e-03 
 2.94500e+02  7.82480e-03 
 2.95000e+02  7.76272e-03 
 2.95500e+02  7.66536e-03 
 2.96000e+02  7.44312e-03 
 2.96500e+02  7.37384e-03 
 2.97000e+02  7.35536e-03 
 2.97500e+02  7.27976e-03 
 2.98000e+02  7.12392e-03 
 2.98500e+02  7.05664e-03 
 2.99000e+02  6.93248e-03 
 2.99500e+02  6.92432e-03 
 3.00000e+02  6.82096e-03 
 3.00500e+02  6.70304e-03 
 3.01000e+02  6.69704e-03 
 3.01500e+02  6.61920e-03 
 3.02000e+02  6.59736e-03 
 3.02500e+02  6.48400e-03 
 3.03000e+02  6.47264e-03 
 3.03500e+02  6.43304e-03 
 3.04000e+02  6.43728e-03 
 3.04500e+02  6.43032e-03 
 3.05000e+02  6.39280e-03 
 3.05500e+02  6.23864e-03 
 3.06000e+02  6.23432e-03 
 3.06500e+02  6.20248e-03 
 3.07000e+02  6.06136e-03 
 3.07500e+02  5.90672e-03 
 3.08000e+02  5.86016e-03 
 3.08500e+02  5.82784e-03 
 3.09000e+02  5.77592e-03 
 3.09500e+02  5.78608e-03 
 3.10000e+02  5.82792e-03 
 3.10500e+02  5.72496e-03 
 3.11000e+02  5.64560e-03 
 3.11500e+02  5.59288e-03 
 3.12000e+02  5.55744e-03 
 3.12500e+02  5.47904e-03 
 3.13000e+02  5.50184e-03 
 3.13500e+02  5.50456e-03 
 3.14000e+02  5.37056e-03 
 3.14500e+02  5.41088e-03 
 3.15000e+02  5.28744e-03 
 3.15500e+02  5.24024e-03 
 3.16000e+02  5.22296e-03 
 3.16500e+02  5.19336e-03 
 3.17000e+02  5.14216e-03 
 3.17500e+02  5.17168e-03 
 3.18000e+02  5.11352e-03 
 3.18500e+02  5.10032e-03 
 3.19000e+02  4.99408e-03 
 3.19500e+02  5.00200e-03 
