 0.00000e+00  4.99246e-03 
 5.00000e-01  4.98294e-03 
 1.00000e+00  5.03614e-03 
 1.50000e+00  4.98558e-03 
 2.00000e+00  5.09718e-03 
 2.50000e+00  5.16942e-03 
 3.00000e+00  5.20006e-03 
 3.50000e+00  5.23190e-03 
 4.00000e+00  5.26981e-03 
 4.50000e+00  5.37357e-03 
 5.00000e+00  5.34765e-03 
 5.50000e+00  5.32461e-03 
 6.00000e+00  5.38757e-03 
 6.50000e+00  5.49429e-03 
 7.00000e+00  5.48413e-03 
 7.50000e+00  5.53205e-03 
 8.00000e+00  5.59837e-03 
 8.50000e+00  5.68605e-03 
 9.00000e+00  5.75324e-03 
 9.50000e+00  5.66357e-03 
 1.00000e+01  5.71277e-03 
 1.05000e+01  5.86196e-03 
 1.10000e+01  5.92004e-03 
 1.15000e+01  6.06972e-03 
 1.20000e+01  5.99244e-03 
 1.25000e+01  6.07804e-03 
 1.30000e+01  6.11876e-03 
 1.35000e+01  6.22372e-03 
 1.40000e+01  6.36475e-03 
 1.45000e+01  6.40187e-03 
 1.50000e+01  6.30843e-03 
 1.55000e+01  6.42227e-03 
 1.60000e+01  6.43995e-03 
 1.65000e+01  6.53083e-03 
 1.70000e+01  6.60851e-03 
 1.75000e+01  6.67875e-03 
 1.80000e+01  6.73251e-03 
 1.85000e+01  6.81130e-03 
 1.90000e+01  6.95938e-03 
 1.95000e+01  6.88122e-03 
 2.00000e+01  6.95938e-03 
 2.05000e+01  7.04250e-03 
 2.10000e+01  7.16730e-03 
 2.15000e+01  7.23434e-03 
 2.20000e+01  7.34841e-03 
 2.25000e+01  7.36337e-03 
 2.30000e+01  7.52225e-03 
 2.35000e+01  7.58113e-03 
 2.40000e+01  7.75872e-03 
 2.45000e+01  7.69617e-03 
 2.50000e+01  7.82640e-03 
 2.55000e+01  7.91112e-03 
 2.60000e+01  8.06096e-03 
 2.65000e+01  8.11680e-03 
 2.70000e+01  8.09976e-03 
 2.75000e+01  8.31215e-03 
 2.80000e+01  8.46391e-03 
 2.85000e+01  8.68023e-03 
 2.90000e+01  8.84414e-03 
 2.95000e+01  8.77022e-03 
 3.00000e+01  8.93206e-03 
 3.05000e+01  9.04006e-03 
 3.10000e+01  9.23230e-03 
 3.15000e+01  9.27685e-03 
 3.20000e+01  9.24758e-03 
 3.25000e+01  9.37133e-03 
 3.30000e+01  9.62053e-03 
 3.35000e+01  9.64773e-03 
 3.40000e+01  9.78220e-03 
 3.45000e+01  9.98052e-03 
 3.50000e+01  1.01821e-02 
 3.55000e+01  1.04516e-02 
 3.60000e+01  1.06311e-02 
 3.65000e+01  1.08845e-02 
 3.70000e+01  1.09431e-02 
 3.75000e+01  1.10575e-02 
 3.80000e+01  1.10863e-02 
 3.85000e+01  1.13599e-02 
 3.90000e+01  1.14162e-02 
 3.95000e+01  1.14528e-02 
 4.00000e+01  1.17959e-02 
 4.05000e+01  1.21666e-02 
 4.10000e+01  1.21742e-02 
 4.15000e+01  1.24617e-02 
 4.20000e+01  1.26460e-02 
 4.25000e+01  1.29497e-02 
 4.30000e+01  1.30659e-02 
 4.35000e+01  1.31634e-02 
 4.40000e+01  1.34191e-02 
 4.45000e+01  1.35866e-02 
 4.50000e+01  1.38843e-02 
 4.55000e+01  1.40404e-02 
 4.60000e+01  1.44448e-02 
 4.65000e+01  1.47384e-02 
 4.70000e+01  1.47236e-02 
 4.75000e+01  1.49971e-02 
 4.80000e+01  1.53242e-02 
 4.85000e+01  1.55306e-02 
 4.90000e+01  1.58622e-02 
 4.95000e+01  1.61826e-02 
 5.00000e+01  1.65192e-02 
 5.05000e+01  1.67897e-02 
 5.10000e+01  1.71020e-02 
 5.15000e+01  1.72838e-02 
 5.20000e+01  1.74535e-02 
 5.25000e+01  1.80032e-02 
 5.30000e+01  1.83401e-02 
 5.35000e+01  1.89364e-02 
 5.40000e+01  1.93582e-02 
 5.45000e+01  1.98558e-02 
 5.50000e+01  1.99457e-02 
 5.55000e+01  2.03534e-02 
 5.60000e+01  2.04748e-02 
 5.65000e+01  2.13913e-02 
 5.70000e+01  2.17042e-02 
 5.75000e+01  2.15516e-02 
 5.80000e+01  2.19272e-02 
 5.85000e+01  2.25389e-02 
 5.90000e+01  2.27483e-02 
 5.95000e+01  2.29126e-02 
 6.00000e+01  2.32743e-02 
 6.05000e+01  2.39794e-02 
 6.10000e+01  2.38162e-02 
 6.15000e+01  2.42333e-02 
 6.20000e+01  2.43870e-02 
 6.25000e+01  2.51232e-02 
 6.30000e+01  2.60445e-02 
 6.35000e+01  2.58826e-02 
 6.40000e+01  2.61739e-02 
 6.45000e+01  2.65510e-02 
 6.50000e+01  2.66762e-02 
 6.55000e+01  2.78729e-02 
 6.60000e+01  2.89482e-02 
 6.65000e+01  2.92862e-02 
 6.70000e+01  2.99982e-02 
 6.75000e+01  3.03688e-02 
 6.80000e+01  3.08413e-02 
 6.85000e+01  3.12595e-02 
 6.90000e+01  3.17095e-02 
 6.95000e+01  3.28057e-02 
 7.00000e+01  3.27064e-02 
 7.05000e+01  3.24486e-02 
 7.10000e+01  3.29982e-02 
 7.15000e+01  3.33058e-02 
 7.20000e+01  3.39352e-02 
 7.25000e+01  3.46687e-02 
 7.30000e+01  3.38198e-02 
 7.35000e+01  3.54481e-02 
 7.40000e+01  3.58721e-02 
 7.45000e+01  3.58487e-02 
 7.50000e+01  3.61929e-02 
 7.55000e+01  3.65858e-02 
 7.60000e+01  3.79525e-02 
 7.65000e+01  3.73456e-02 
 7.70000e+01  3.66397e-02 
 7.75000e+01  3.63671e-02 
 7.80000e+01  3.78152e-02 
 7.85000e+01  3.82021e-02 
 7.90000e+01  3.78690e-02 
 7.95000e+01  3.93611e-02 
 8.00000e+01  3.91487e-02 
 8.05000e+01  3.94283e-02 
 8.10000e+01  3.94449e-02 
 8.15000e+01  4.04804e-02 
 8.20000e+01  4.07240e-02 
 8.25000e+01  3.87947e-02 
 8.30000e+01  3.90784e-02 
 8.35000e+01  3.93771e-02 
 8.40000e+01  4.16353e-02 
 8.45000e+01  4.17225e-02 
 8.50000e+01  4.20882e-02 
 8.55000e+01  3.99320e-02 
 8.60000e+01  4.07180e-02 
 8.65000e+01  4.22661e-02 
 8.70000e+01  4.04943e-02 
 8.75000e+01  4.16922e-02 
 8.80000e+01  4.19124e-02 
 8.85000e+01  4.13117e-02 
 8.90000e+01  4.16696e-02 
 8.95000e+01  4.28356e-02 
 9.00000e+01  4.43343e-02 
 9.05000e+01  4.48085e-02 
 9.10000e+01  4.53037e-02 
 9.15000e+01  4.47750e-02 
 9.20000e+01  4.33434e-02 
 9.25000e+01  4.43262e-02 
 9.30000e+01  4.54702e-02 
 9.35000e+01  4.58646e-02 
 9.40000e+01  4.36430e-02 
 9.45000e+01  4.55434e-02 
 9.50000e+01  4.56361e-02 
 9.55000e+01  4.65902e-02 
 9.60000e+01  4.64244e-02 
 9.65000e+01  4.61968e-02 
 9.70000e+01  4.56329e-02 
 9.75000e+01  4.56448e-02 
 9.80000e+01  4.59464e-02 
 9.85000e+01  4.57725e-02 
 9.90000e+01  4.65832e-02 
 9.95000e+01  4.82192e-02 
 1.00000e+02  4.80399e-02 
 1.00500e+02  4.95380e-02 
 1.01000e+02  4.88049e-02 
 1.01500e+02  4.91591e-02 
 1.02000e+02  4.81174e-02 
 1.02500e+02  4.90979e-02 
 1.03000e+02  4.91621e-02 
 1.03500e+02  4.83654e-02 
 1.04000e+02  4.97156e-02 
 1.04500e+02  5.05312e-02 
 1.05000e+02  5.00379e-02 
 1.05500e+02  4.96025e-02 
 1.06000e+02  4.85944e-02 
 1.06500e+02  5.05069e-02 
 1.07000e+02  5.17350e-02 
 1.07500e+02  5.30172e-02 
 1.08000e+02  5.07971e-02 
 1.08500e+02  5.23277e-02 
 1.09000e+02  5.21881e-02 
 1.09500e+02  5.42548e-02 
 1.10000e+02  5.73502e-02 
 1.10500e+02  5.82170e-02 
 1.11000e+02  5.81740e-02 
 1.11500e+02  5.76084e-02 
 1.12000e+02  5.81331e-02 
 1.12500e+02  5.63451e-02 
 1.13000e+02  5.61881e-02 
 1.13500e+02  5.72329e-02 
 1.14000e+02  5.70098e-02 
 1.14500e+02  5.72734e-02 
 1.15000e+02  5.95938e-02 
 1.15500e+02  6.03668e-02 
 1.16000e+02  6.07091e-02 
 1.16500e+02  6.30505e-02 
 1.17000e+02  6.29949e-02 
 1.17500e+02  6.37486e-02 
 1.18000e+02  6.37086e-02 
 1.18500e+02  6.24263e-02 
 1.19000e+02  6.28845e-02 
 1.19500e+02  6.44714e-02 
 1.20000e+02  6.71927e-02 
 1.20500e+02  7.01828e-02 
 1.21000e+02  7.10721e-02 
 1.21500e+02  7.29210e-02 
 1.22000e+02  7.23407e-02 
 1.22500e+02  6.91041e-02 
 1.23000e+02  7.62714e-02 
 1.23500e+02  7.22753e-02 
 1.24000e+02  7.50254e-02 
 1.24500e+02  7.37076e-02 
 1.25000e+02  7.64021e-02 
 1.25500e+02  7.90556e-02 
 1.26000e+02  7.86429e-02 
 1.26500e+02  8.02087e-02 
 1.27000e+02  8.31321e-02 
 1.27500e+02  8.33105e-02 
 1.28000e+02  8.46491e-02 
 1.28500e+02  8.60488e-02 
 1.29000e+02  8.78146e-02 
 1.29500e+02  8.60407e-02 
 1.30000e+02  8.72834e-02 
 1.30500e+02  8.44602e-02 
 1.31000e+02  9.19470e-02 
 1.31500e+02  8.96477e-02 
 1.32000e+02  9.12820e-02 
 1.32500e+02  9.14044e-02 
 1.33000e+02  9.35271e-02 
 1.33500e+02  8.89887e-02 
 1.34000e+02  9.30319e-02 
 1.34500e+02  9.83640e-02 
 1.35000e+02  9.92868e-02 
 1.35500e+02  9.84278e-02 
 1.36000e+02  9.82191e-02 
 1.36500e+02  1.00550e-01 
 1.37000e+02  9.65817e-02 
 1.37500e+02  9.83937e-02 
 1.38000e+02  1.01013e-01 
 1.38500e+02  9.97544e-02 
 1.39000e+02  1.03206e-01 
 1.39500e+02  1.01781e-01 
 1.40000e+02  1.01900e-01 
 1.40500e+02  9.74932e-02 
 1.41000e+02  1.03920e-01 
 1.41500e+02  1.03268e-01 
 1.42000e+02  1.06495e-01 
 1.42500e+02  1.00081e-01 
 1.43000e+02  1.06863e-01 
 1.43500e+02  1.00717e-01 
 1.44000e+02  1.02985e-01 
 1.44500e+02  1.00840e-01 
 1.45000e+02  1.03649e-01 
 1.45500e+02  1.02292e-01 
 1.46000e+02  1.02025e-01 
 1.46500e+02  1.04566e-01 
 1.47000e+02  1.06544e-01 
 1.47500e+02  1.05265e-01 
 1.48000e+02  1.04151e-01 
 1.48500e+02  1.07920e-01 
 1.49000e+02  1.08529e-01 
 1.49500e+02  1.05039e-01 
 1.50000e+02  1.09496e-01 
 1.50500e+02  1.12203e-01 
 1.51000e+02  1.09845e-01 
 1.51500e+02  1.12917e-01 
 1.52000e+02  1.07475e-01 
 1.52500e+02  1.11010e-01 
 1.53000e+02  1.16206e-01 
 1.53500e+02  1.07635e-01 
 1.54000e+02  1.11454e-01 
 1.54500e+02  1.12213e-01 
 1.55000e+02  1.14175e-01 
 1.55500e+02  1.14595e-01 
 1.56000e+02  1.12491e-01 
 1.56500e+02  1.10244e-01 
 1.57000e+02  1.10454e-01 
 1.57500e+02  1.14747e-01 
 1.58000e+02  1.10136e-01 
 1.58500e+02  1.12456e-01 
 1.59000e+02  1.15583e-01 
 1.59500e+02  1.06775e-01 
 1.60000e+02  1.13353e-01 
 1.60500e+02  1.10175e-01 
 1.61000e+02  1.09239e-01 
 1.61500e+02  1.12145e-01 
 1.62000e+02  1.11458e-01 
 1.62500e+02  1.12302e-01 
 1.63000e+02  1.11803e-01 
 1.63500e+02  1.05217e-01 
 1.64000e+02  1.08588e-01 
 1.64500e+02  1.08564e-01 
 1.65000e+02  1.07445e-01 
 1.65500e+02  1.05132e-01 
 1.66000e+02  1.08765e-01 
 1.66500e+02  1.05287e-01 
 1.67000e+02  1.09902e-01 
 1.67500e+02  1.11660e-01 
 1.68000e+02  1.11133e-01 
 1.68500e+02  1.06490e-01 
 1.69000e+02  1.08260e-01 
 1.69500e+02  1.06340e-01 
 1.70000e+02  1.05947e-01 
 1.70500e+02  1.06161e-01 
 1.71000e+02  1.06679e-01 
 1.71500e+02  1.02827e-01 
 1.72000e+02  1.04252e-01 
 1.72500e+02  1.00954e-01 
 1.73000e+02  9.84908e-02 
 1.73500e+02  1.01914e-01 
 1.74000e+02  1.00440e-01 
 1.74500e+02  1.02639e-01 
 1.75000e+02  9.89147e-02 
 1.75500e+02  1.03743e-01 
 1.76000e+02  1.01024e-01 
 1.76500e+02  9.83437e-02 
 1.77000e+02  1.00785e-01 
 1.77500e+02  9.88288e-02 
 1.78000e+02  1.00489e-01 
 1.78500e+02  1.01805e-01 
 1.79000e+02  1.04317e-01 
 1.79500e+02  9.96177e-02 
 1.80000e+02  9.75249e-02 
 1.80500e+02  1.00490e-01 
 1.81000e+02  9.88715e-02 
 1.81500e+02  9.95234e-02 
 1.82000e+02  1.00034e-01 
 1.82500e+02  1.01116e-01 
 1.83000e+02  9.77111e-02 
 1.83500e+02  9.78554e-02 
 1.84000e+02  9.67997e-02 
 1.84500e+02  9.69841e-02 
 1.85000e+02  9.68648e-02 
 1.85500e+02  9.17774e-02 
 1.86000e+02  8.98289e-02 
 1.86500e+02  9.30841e-02 
 1.87000e+02  9.55071e-02 
 1.87500e+02  9.14972e-02 
 1.88000e+02  9.02118e-02 
 1.88500e+02  9.06309e-02 
 1.89000e+02  9.34373e-02 
 1.89500e+02  9.24741e-02 
 1.90000e+02  9.38208e-02 
 1.90500e+02  9.19533e-02 
 1.91000e+02  9.12371e-02 
 1.91500e+02  8.97380e-02 
 1.92000e+02  8.74411e-02 
 1.92500e+02  8.56268e-02 
 1.93000e+02  8.25151e-02 
 1.93500e+02  8.33949e-02 
 1.94000e+02  8.16065e-02 
 1.94500e+02  8.05089e-02 
 1.95000e+02  7.91953e-02 
 1.95500e+02  7.59936e-02 
 1.96000e+02  7.72069e-02 
 1.96500e+02  7.53555e-02 
 1.97000e+02  7.63613e-02 
 1.97500e+02  7.52537e-02 
 1.98000e+02  7.41788e-02 
 1.98500e+02  7.29542e-02 
 1.99000e+02  7.11609e-02 
 1.99500e+02  7.21188e-02 
 2.00000e+02  6.86847e-02 
 2.00500e+02  6.91050e-02 
 2.01000e+02  6.71028e-02 
 2.01500e+02  6.65699e-02 
 2.02000e+02  6.56161e-02 
 2.02500e+02  6.30068e-02 
 2.03000e+02  6.15474e-02 
 2.03500e+02  6.06766e-02 
 2.04000e+02  6.15795e-02 
 2.04500e+02  6.18041e-02 
 2.05000e+02  6.21487e-02 
 2.05500e+02  5.84034e-02 
 2.06000e+02  5.65965e-02 
 2.06500e+02  5.56998e-02 
 2.07000e+02  5.71095e-02 
 2.07500e+02  5.58668e-02 
 2.08000e+02  5.57188e-02 
 2.08500e+02  5.52318e-02 
 2.09000e+02  5.51475e-02 
 2.09500e+02  5.52576e-02 
 2.10000e+02  5.30217e-02 
 2.10500e+02  5.50563e-02 
 2.11000e+02  5.24150e-02 
 2.11500e+02  5.18146e-02 
 2.12000e+02  5.18148e-02 
 2.12500e+02  5.12613e-02 
 2.13000e+02  5.25093e-02 
 2.13500e+02  5.17759e-02 
 2.14000e+02  5.28432e-02 
 2.14500e+02  5.25397e-02 
 2.15000e+02  5.11363e-02 
 2.15500e+02  5.14066e-02 
 2.16000e+02  4.88912e-02 
 2.16500e+02  4.94996e-02 
 2.17000e+02  4.88624e-02 
 2.17500e+02  4.85445e-02 
 2.18000e+02  4.96899e-02 
 2.18500e+02  4.89873e-02 
 2.19000e+02  4.97534e-02 
 2.19500e+02  4.97044e-02 
 2.20000e+02  4.88056e-02 
 2.20500e+02  4.95224e-02 
 2.21000e+02  4.82878e-02 
 2.21500e+02  4.62907e-02 
 2.22000e+02  4.72274e-02 
 2.22500e+02  4.86217e-02 
 2.23000e+02  4.95439e-02 
 2.23500e+02  4.76717e-02 
 2.24000e+02  4.70720e-02 
 2.24500e+02  4.75880e-02 
 2.25000e+02  4.66399e-02 
 2.25500e+02  4.68002e-02 
 2.26000e+02  4.57767e-02 
 2.26500e+02  4.58444e-02 
 2.27000e+02  4.49993e-02 
 2.27500e+02  4.60024e-02 
 2.28000e+02  4.62048e-02 
 2.28500e+02  4.30913e-02 
 2.29000e+02  4.27841e-02 
 2.29500e+02  4.42712e-02 
 2.30000e+02  4.29067e-02 
 2.30500e+02  4.43746e-02 
 2.31000e+02  4.33788e-02 
 2.31500e+02  4.32509e-02 
 2.32000e+02  4.21752e-02 
 2.32500e+02  4.30722e-02 
 2.33000e+02  4.10254e-02 
 2.33500e+02  4.13215e-02 
 2.34000e+02  4.20727e-02 
 2.34500e+02  4.24687e-02 
 2.35000e+02  4.08340e-02 
 2.35500e+02  4.08244e-02 
 2.36000e+02  3.95998e-02 
 2.36500e+02  3.96902e-02 
 2.37000e+02  4.00669e-02 
 2.37500e+02  4.03582e-02 
 2.38000e+02  3.82247e-02 
 2.38500e+02  3.82914e-02 
 2.39000e+02  3.84236e-02 
 2.39500e+02  3.84210e-02 
 2.40000e+02  3.81871e-02 
 2.40500e+02  3.71373e-02 
 2.41000e+02  3.70488e-02 
 2.41500e+02  3.79254e-02 
 2.42000e+02  3.74576e-02 
 2.42500e+02  3.58760e-02 
 2.43000e+02  3.54983e-02 
 2.43500e+02  3.52959e-02 
 2.44000e+02  3.61079e-02 
 2.44500e+02  3.55354e-02 
 2.45000e+02  3.46150e-02 
 2.45500e+02  3.38709e-02 
 2.46000e+02  3.43260e-02 
 2.46500e+02  3.37730e-02 
 2.47000e+02  3.23381e-02 
 2.47500e+02  3.18440e-02 
 2.48000e+02  3.14766e-02 
 2.48500e+02  3.14900e-02 
 2.49000e+02  3.14719e-02 
 2.49500e+02  3.19630e-02 
 2.50000e+02  3.14705e-02 
 2.50500e+02  2.95650e-02 
 2.51000e+02  3.03150e-02 
 2.51500e+02  3.05419e-02 
 2.52000e+02  2.90898e-02 
 2.52500e+02  2.96289e-02 
 2.53000e+02  2.88614e-02 
 2.53500e+02  2.84588e-02 
 2.54000e+02  2.73723e-02 
 2.54500e+02  2.70170e-02 
 2.55000e+02  2.72447e-02 
 2.55500e+02  2.60769e-02 
 2.56000e+02  2.64500e-02 
 2.56500e+02  2.59416e-02 
 2.57000e+02  2.58272e-02 
 2.57500e+02  2.63627e-02 
 2.58000e+02  2.56411e-02 
 2.58500e+02  2.45361e-02 
 2.59000e+02  2.41250e-02 
 2.59500e+02  2.38046e-02 
 2.60000e+02  2.36193e-02 
 2.60500e+02  2.31967e-02 
 2.61000e+02  2.26470e-02 
 2.61500e+02  2.23624e-02 
 2.62000e+02  2.16567e-02 
 2.62500e+02  2.16480e-02 
 2.63000e+02  2.13425e-02 
 2.63500e+02  2.05609e-02 
 2.64000e+02  2.02573e-02 
 2.64500e+02  1.98166e-02 
 2.65000e+02  1.95368e-02 
 2.65500e+02  1.93433e-02 
 2.66000e+02  1.89654e-02 
 2.66500e+02  1.86712e-02 
 2.67000e+02  1.83683e-02 
 2.67500e+02  1.78632e-02 
 2.68000e+02  1.73430e-02 
 2.68500e+02  1.70619e-02 
 2.69000e+02  1.66161e-02 
 2.69500e+02  1.63371e-02 
 2.70000e+02  1.61573e-02 
 2.70500e+02  1.58936e-02 
 2.71000e+02  1.55302e-02 
 2.71500e+02  1.52764e-02 
 2.72000e+02  1.51086e-02 
 2.72500e+02  1.47509e-02 
 2.73000e+02  1.43452e-02 
 2.73500e+02  1.43487e-02 
 2.74000e+02  1.40132e-02 
 2.74500e+02  1.38284e-02 
 2.75000e+02  1.34835e-02 
 2.75500e+02  1.33729e-02 
 2.76000e+02  1.31623e-02 
 2.76500e+02  1.28273e-02 
 2.77000e+02  1.24902e-02 
 2.77500e+02  1.22974e-02 
 2.78000e+02  1.21222e-02 
 2.78500e+02  1.19483e-02 
 2.79000e+02  1.16863e-02 
 2.79500e+02  1.14786e-02 
 2.80000e+02  1.13580e-02 
 2.80500e+02  1.11498e-02 
 2.81000e+02  1.09061e-02 
 2.81500e+02  1.07554e-02 
 2.82000e+02  1.05290e-02 
 2.82500e+02  1.04305e-02 
 2.83000e+02  1.02987e-02 
 2.83500e+02  1.03040e-02 
 2.84000e+02  9.98148e-03 
 2.84500e+02  9.88188e-03 
 2.85000e+02  9.78284e-03 
 2.85500e+02  9.56797e-03 
 2.86000e+02  9.48245e-03 
 2.86500e+02  9.38781e-03 
 2.87000e+02  9.19502e-03 
 2.87500e+02  9.08518e-03 
 2.88000e+02  8.88014e-03 
 2.88500e+02  8.82734e-03 
 2.89000e+02  8.77982e-03 
 2.89500e+02  8.69687e-03 
 2.90000e+02  8.62351e-03 
 2.90500e+02  8.47319e-03 
 2.91000e+02  8.40695e-03 
 2.91500e+02  8.15136e-03 
 2.92000e+02  8.09192e-03 
 2.92500e+02  7.94368e-03 
 2.93000e+02  7.94448e-03 
 2.93500e+02  7.78728e-03 
 2.94000e+02  7.75072e-03 
 2.94500e+02  7.68529e-03 
 2.95000e+02  7.70449e-03 
 2.95500e+02  7.52129e-03 
 2.96000e+02  7.42145e-03 
 2.96500e+02  7.30329e-03 
 2.97000e+02  7.22362e-03 
 2.97500e+02  7.24498e-03 
 2.98000e+02  7.09090e-03 
 2.98500e+02  7.02746e-03 
 2.99000e+02  6.93106e-03 
 2.99500e+02  6.89202e-03 
 3.00000e+02  6.73915e-03 
 3.00500e+02  6.71643e-03 
 3.01000e+02  6.65963e-03 
 3.01500e+02  6.54267e-03 
 3.02000e+02  6.49043e-03 
 3.02500e+02  6.59347e-03 
 3.03000e+02  6.54699e-03 
 3.03500e+02  6.47147e-03 
 3.04000e+02  6.41419e-03 
 3.04500e+02  6.34075e-03 
 3.05000e+02  6.23308e-03 
 3.05500e+02  6.16180e-03 
 3.06000e+02  6.16580e-03 
 3.06500e+02  6.01324e-03 
 3.07000e+02  6.01148e-03 
 3.07500e+02  5.96676e-03 
 3.08000e+02  5.85172e-03 
 3.08500e+02  5.75004e-03 
 3.09000e+02  5.73677e-03 
 3.09500e+02  5.72541e-03 
 3.10000e+02  5.74101e-03 
 3.10500e+02  5.70397e-03 
 3.11000e+02  5.68381e-03 
 3.11500e+02  5.64229e-03 
 3.12000e+02  5.56245e-03 
 3.12500e+02  5.46229e-03 
 3.13000e+02  5.39981e-03 
 3.13500e+02  5.29821e-03 
 3.14000e+02  5.31389e-03 
 3.14500e+02  5.30181e-03 
 3.15000e+02  5.25565e-03 
 3.15500e+02  5.20798e-03 
 3.16000e+02  5.13814e-03 
 3.16500e+02  5.14118e-03 
 3.17000e+02  5.07710e-03 
 3.17500e+02  5.07670e-03 
 3.18000e+02  5.03478e-03 
 3.18500e+02  4.92726e-03 
 3.19000e+02  4.86718e-03 
 3.19500e+02  4.88510e-03 
