 0.00000e+00  0.00000e+00 
 5.00000e-01  0.00000e+00 
 1.00000e+00  0.00000e+00 
 1.50000e+00  0.00000e+00 
 2.00000e+00  0.00000e+00 
 2.50000e+00  0.00000e+00 
 3.00000e+00  0.00000e+00 
 3.50000e+00  0.00000e+00 
 4.00000e+00  0.00000e+00 
 4.50000e+00  0.00000e+00 
 5.00000e+00  0.00000e+00 
 5.50000e+00  0.00000e+00 
 6.00000e+00  0.00000e+00 
 6.50000e+00  0.00000e+00 
 7.00000e+00  0.00000e+00 
 7.50000e+00  0.00000e+00 
 8.00000e+00  0.00000e+00 
 8.50000e+00  0.00000e+00 
 9.00000e+00  0.00000e+00 
 9.50000e+00  0.00000e+00 
 1.00000e+01  0.00000e+00 
 1.05000e+01  0.00000e+00 
 1.10000e+01  0.00000e+00 
 1.15000e+01  0.00000e+00 
 1.20000e+01  0.00000e+00 
 1.25000e+01  0.00000e+00 
 1.30000e+01  0.00000e+00 
 1.35000e+01  0.00000e+00 
 1.40000e+01  0.00000e+00 
 1.45000e+01  0.00000e+00 
 1.50000e+01  0.00000e+00 
 1.55000e+01  0.00000e+00 
 1.60000e+01  0.00000e+00 
 1.65000e+01  0.00000e+00 
 1.70000e+01  0.00000e+00 
 1.75000e+01  0.00000e+00 
 1.80000e+01  0.00000e+00 
 1.85000e+01  0.00000e+00 
 1.90000e+01  0.00000e+00 
 1.95000e+01  0.00000e+00 
 2.00000e+01  0.00000e+00 
 2.05000e+01  0.00000e+00 
 2.10000e+01  0.00000e+00 
 2.15000e+01  0.00000e+00 
 2.20000e+01  0.00000e+00 
 2.25000e+01  0.00000e+00 
 2.30000e+01  0.00000e+00 
 2.35000e+01  1.43200e-05 
 2.40000e+01  1.79200e-05 
 2.45000e+01  1.75200e-05 
 2.50000e+01  1.37600e-05 
 2.55000e+01  1.18400e-05 
 2.60000e+01  1.04000e-05 
 2.65000e+01  1.84000e-05 
 2.70000e+01  3.08800e-05 
 2.75000e+01  2.02400e-05 
 2.80000e+01  3.29600e-05 
 2.85000e+01  2.92800e-05 
 2.90000e+01  1.96800e-05 
 2.95000e+01  3.60800e-05 
 3.00000e+01  2.62400e-05 
 3.05000e+01  1.85600e-05 
 3.10000e+01  1.62400e-05 
 3.15000e+01  1.52000e-05 
 3.20000e+01  1.68000e-05 
 3.25000e+01  1.78400e-05 
 3.30000e+01  2.19200e-05 
 3.35000e+01  2.02400e-05 
 3.40000e+01  1.86400e-05 
 3.45000e+01  1.80000e-05 
 3.50000e+01  1.68800e-05 
 3.55000e+01  1.62400e-05 
 3.60000e+01  1.60800e-05 
 3.65000e+01  1.54400e-05 
 3.70000e+01  1.50400e-05 
 3.75000e+01  1.46400e-05 
 3.80000e+01  1.42400e-05 
 3.85000e+01  4.52000e-05 
 3.90000e+01  3.30400e-05 
 3.95000e+01  3.36800e-05 
 4.00000e+01  2.92800e-05 
 4.05000e+01  2.68800e-05 
 4.10000e+01  2.50400e-05 
 4.15000e+01  2.40800e-05 
 4.20000e+01  2.31200e-05 
 4.25000e+01  3.20000e-05 
 4.30000e+01  3.44800e-05 
 4.35000e+01  6.79200e-05 
 4.40000e+01  5.89600e-05 
 4.45000e+01  5.07200e-05 
 4.50000e+01  4.58400e-05 
 4.55000e+01  8.06400e-05 
 4.60000e+01  5.99200e-05 
 4.65000e+01  6.76000e-05 
 4.70000e+01  6.41600e-05 
 4.75000e+01  1.15680e-04 
 4.80000e+01  1.08480e-04 
 4.85000e+01  1.00720e-04 
 4.90000e+01  9.92800e-05 
 4.95000e+01  1.23200e-04 
 5.00000e+01  9.90400e-05 
 5.05000e+01  9.07200e-05 
 5.10000e+01  9.56000e-05 
 5.15000e+01  1.63600e-04 
 5.20000e+01  1.28800e-04 
 5.25000e+01  1.12720e-04 
 5.30000e+01  1.19920e-04 
 5.35000e+01  1.30160e-04 
 5.40000e+01  1.09280e-04 
 5.45000e+01  1.01040e-04 
 5.50000e+01  9.60000e-05 
 5.55000e+01  9.20000e-05 
 5.60000e+01  8.89600e-05 
 5.65000e+01  9.22400e-05 
 5.70000e+01  9.67200e-05 
 5.75000e+01  1.34480e-04 
 5.80000e+01  1.82160e-04 
 5.85000e+01  1.40480e-04 
 5.90000e+01  1.25360e-04 
 5.95000e+01  1.15760e-04 
 6.00000e+01  1.15120e-04 
 6.05000e+01  2.62640e-04 
 6.10000e+01  2.24720e-04 
 6.15000e+01  2.60960e-04 
 6.20000e+01  2.06160e-04 
 6.25000e+01  1.95360e-04 
 6.30000e+01  1.93520e-04 
 6.35000e+01  3.09760e-04 
 6.40000e+01  2.70080e-04 
 6.45000e+01  2.75600e-04 
 6.50000e+01  3.51840e-04 
 6.55000e+01  3.08480e-04 
 6.60000e+01  2.76800e-04 
 6.65000e+01  2.78560e-04 
 6.70000e+01  3.39520e-04 
 6.75000e+01  4.29840e-04 
 6.80000e+01  4.63600e-04 
 6.85000e+01  5.22320e-04 
 6.90000e+01  5.36480e-04 
 6.95000e+01  4.35280e-04 
 7.00000e+01  6.55760e-04 
 7.05000e+01  5.92240e-04 
 7.10000e+01  5.66560e-04 
 7.15000e+01  5.88720e-04 
 7.20000e+01  5.93280e-04 
 7.25000e+01  8.46480e-04 
 7.30000e+01  6.93040e-04 
 7.35000e+01  9.27520e-04 
 7.40000e+01  9.60320e-04 
 7.45000e+01  1.00768e-03 
 7.50000e+01  9.90800e-04 
 7.55000e+01  1.10992e-03 
 7.60000e+01  8.84480e-04 
 7.65000e+01  1.09632e-03 
 7.70000e+01  1.29640e-03 
 7.75000e+01  1.15872e-03 
 7.80000e+01  1.07112e-03 
 7.85000e+01  1.03008e-03 
 7.90000e+01  1.12944e-03 
 7.95000e+01  1.38344e-03 
 8.00000e+01  2.31352e-03 
 8.05000e+01  1.91592e-03 
 8.10000e+01  2.42504e-03 
 8.15000e+01  1.97272e-03 
 8.20000e+01  2.23952e-03 
 8.25000e+01  2.09456e-03 
 8.30000e+01  2.04992e-03 
 8.35000e+01  2.20296e-03 
 8.40000e+01  2.13912e-03 
 8.45000e+01  2.11064e-03 
 8.50000e+01  2.47184e-03 
 8.55000e+01  2.82352e-03 
 8.60000e+01  2.53696e-03 
 8.65000e+01  2.31568e-03 
 8.70000e+01  2.64592e-03 
 8.75000e+01  2.44304e-03 
 8.80000e+01  3.22608e-03 
 8.85000e+01  2.68952e-03 
 8.90000e+01  3.11360e-03 
 8.95000e+01  2.96816e-03 
 9.00000e+01  3.15280e-03 
 9.05000e+01  3.18432e-03 
 9.10000e+01  3.30408e-03 
 9.15000e+01  2.96184e-03 
 9.20000e+01  3.47616e-03 
 9.25000e+01  3.05888e-03 
 9.30000e+01  3.33608e-03 
 9.35000e+01  3.87160e-03 
 9.40000e+01  3.53648e-03 
 9.45000e+01  3.94272e-03 
 9.50000e+01  3.95648e-03 
 9.55000e+01  4.44344e-03 
 9.60000e+01  4.28976e-03 
 9.65000e+01  4.09520e-03 
 9.70000e+01  3.91600e-03 
 9.75000e+01  3.91120e-03 
 9.80000e+01  3.73136e-03 
 9.85000e+01  4.03080e-03 
 9.90000e+01  4.09168e-03 
 9.95000e+01  4.61064e-03 
 1.00000e+02  4.55984e-03 
 1.00500e+02  4.68872e-03 
 1.01000e+02  5.09032e-03 
 1.01500e+02  5.26208e-03 
 1.02000e+02  5.14688e-03 
 1.02500e+02  5.15920e-03 
 1.03000e+02  5.05880e-03 
 1.03500e+02  4.72352e-03 
 1.04000e+02  4.81520e-03 
 1.04500e+02  4.49736e-03 
 1.05000e+02  4.93144e-03 
 1.05500e+02  4.37192e-03 
 1.06000e+02  4.35760e-03 
 1.06500e+02  4.77584e-03 
 1.07000e+02  5.47272e-03 
 1.07500e+02  5.17600e-03 
 1.08000e+02  5.63744e-03 
 1.08500e+02  5.85400e-03 
 1.09000e+02  6.82216e-03 
 1.09500e+02  6.01624e-03 
 1.10000e+02  6.47008e-03 
 1.10500e+02  7.40056e-03 
 1.11000e+02  7.94488e-03 
 1.11500e+02  8.77576e-03 
 1.12000e+02  8.58968e-03 
 1.12500e+02  8.97688e-03 
 1.13000e+02  9.24056e-03 
 1.13500e+02  9.85288e-03 
 1.14000e+02  1.10245e-02 
 1.14500e+02  1.05869e-02 
 1.15000e+02  9.89144e-03 
 1.15500e+02  1.07386e-02 
 1.16000e+02  1.05673e-02 
 1.16500e+02  1.29820e-02 
 1.17000e+02  1.42291e-02 
 1.17500e+02  1.43966e-02 
 1.18000e+02  1.47152e-02 
 1.18500e+02  1.62621e-02 
 1.19000e+02  1.80460e-02 
 1.19500e+02  1.77950e-02 
 1.20000e+02  1.92222e-02 
 1.20500e+02  2.02858e-02 
 1.21000e+02  2.18618e-02 
 1.21500e+02  2.17434e-02 
 1.22000e+02  2.47270e-02 
 1.22500e+02  2.26250e-02 
 1.23000e+02  2.36587e-02 
 1.23500e+02  2.47654e-02 
 1.24000e+02  2.59123e-02 
 1.24500e+02  3.04696e-02 
 1.25000e+02  3.27253e-02 
 1.25500e+02  3.20003e-02 
 1.26000e+02  3.07364e-02 
 1.26500e+02  3.28022e-02 
 1.27000e+02  3.15034e-02 
 1.27500e+02  3.21061e-02 
 1.28000e+02  3.51071e-02 
 1.28500e+02  3.55273e-02 
 1.29000e+02  3.64294e-02 
 1.29500e+02  3.69169e-02 
 1.30000e+02  3.96206e-02 
 1.30500e+02  3.89475e-02 
 1.31000e+02  3.96562e-02 
 1.31500e+02  4.08548e-02 
 1.32000e+02  4.13841e-02 
 1.32500e+02  4.21577e-02 
 1.33000e+02  4.19474e-02 
 1.33500e+02  4.68678e-02 
 1.34000e+02  4.55774e-02 
 1.34500e+02  4.26686e-02 
 1.35000e+02  4.57952e-02 
 1.35500e+02  4.76264e-02 
 1.36000e+02  4.57690e-02 
 1.36500e+02  4.61634e-02 
 1.37000e+02  4.87287e-02 
 1.37500e+02  4.90142e-02 
 1.38000e+02  5.46159e-02 
 1.38500e+02  5.12841e-02 
 1.39000e+02  5.35702e-02 
 1.39500e+02  5.15116e-02 
 1.40000e+02  5.58327e-02 
 1.40500e+02  5.25362e-02 
 1.41000e+02  5.29938e-02 
 1.41500e+02  5.16025e-02 
 1.42000e+02  5.17348e-02 
 1.42500e+02  5.20232e-02 
 1.43000e+02  5.31079e-02 
 1.43500e+02  5.51537e-02 
 1.44000e+02  5.31434e-02 
 1.44500e+02  5.41743e-02 
 1.45000e+02  5.46744e-02 
 1.45500e+02  5.58370e-02 
 1.46000e+02  5.54652e-02 
 1.46500e+02  5.73665e-02 
 1.47000e+02  5.76476e-02 
 1.47500e+02  5.61415e-02 
 1.48000e+02  5.63948e-02 
 1.48500e+02  5.36197e-02 
 1.49000e+02  5.32298e-02 
 1.49500e+02  5.51014e-02 
 1.50000e+02  5.68745e-02 
 1.50500e+02  5.89313e-02 
 1.51000e+02  6.08310e-02 
 1.51500e+02  6.49081e-02 
 1.52000e+02  6.33651e-02 
 1.52500e+02  6.10470e-02 
 1.53000e+02  6.39476e-02 
 1.53500e+02  6.06593e-02 
 1.54000e+02  6.09822e-02 
 1.54500e+02  6.02758e-02 
 1.55000e+02  5.95204e-02 
 1.55500e+02  6.19894e-02 
 1.56000e+02  6.32932e-02 
 1.56500e+02  6.23623e-02 
 1.57000e+02  6.15093e-02 
 1.57500e+02  6.22679e-02 
 1.58000e+02  6.01105e-02 
 1.58500e+02  6.03634e-02 
 1.59000e+02  6.31082e-02 
 1.59500e+02  6.05100e-02 
 1.60000e+02  6.03178e-02 
 1.60500e+02  6.09752e-02 
 1.61000e+02  6.40481e-02 
 1.61500e+02  6.23344e-02 
 1.62000e+02  6.17882e-02 
 1.62500e+02  6.07814e-02 
 1.63000e+02  5.98142e-02 
 1.63500e+02  6.15062e-02 
 1.64000e+02  6.19303e-02 
 1.64500e+02  6.36589e-02 
 1.65000e+02  6.30742e-02 
 1.65500e+02  6.14109e-02 
 1.66000e+02  6.05786e-02 
 1.66500e+02  6.09514e-02 
 1.67000e+02  6.05706e-02 
 1.67500e+02  5.99959e-02 
 1.68000e+02  6.02750e-02 
 1.68500e+02  5.81125e-02 
 1.69000e+02  5.66333e-02 
 1.69500e+02  5.66586e-02 
 1.70000e+02  5.75220e-02 
 1.70500e+02  5.73783e-02 
 1.71000e+02  5.49153e-02 
 1.71500e+02  5.42398e-02 
 1.72000e+02  5.56462e-02 
 1.72500e+02  5.54751e-02 
 1.73000e+02  5.49936e-02 
 1.73500e+02  5.60484e-02 
 1.74000e+02  5.65453e-02 
 1.74500e+02  5.88038e-02 
 1.75000e+02  5.79281e-02 
 1.75500e+02  5.40483e-02 
 1.76000e+02  5.58802e-02 
 1.76500e+02  5.71994e-02 
 1.77000e+02  5.54792e-02 
 1.77500e+02  5.29310e-02 
 1.78000e+02  5.59753e-02 
 1.78500e+02  5.48374e-02 
 1.79000e+02  5.33102e-02 
 1.79500e+02  5.16122e-02 
 1.80000e+02  5.18314e-02 
 1.80500e+02  4.92037e-02 
 1.81000e+02  4.99880e-02 
 1.81500e+02  5.18389e-02 
 1.82000e+02  5.10182e-02 
 1.82500e+02  4.95938e-02 
 1.83000e+02  4.82794e-02 
 1.83500e+02  4.78718e-02 
 1.84000e+02  4.51870e-02 
 1.84500e+02  4.65212e-02 
 1.85000e+02  4.71578e-02 
 1.85500e+02  4.48060e-02 
 1.86000e+02  4.44935e-02 
 1.86500e+02  4.25428e-02 
 1.87000e+02  4.44222e-02 
 1.87500e+02  4.52582e-02 
 1.88000e+02  4.43257e-02 
 1.88500e+02  4.24458e-02 
 1.89000e+02  4.27809e-02 
 1.89500e+02  3.98830e-02 
 1.90000e+02  3.97241e-02 
 1.90500e+02  3.88304e-02 
 1.91000e+02  3.66994e-02 
 1.91500e+02  3.59421e-02 
 1.92000e+02  3.43098e-02 
 1.92500e+02  3.32202e-02 
 1.93000e+02  3.36785e-02 
 1.93500e+02  3.14384e-02 
 1.94000e+02  2.98765e-02 
 1.94500e+02  2.87356e-02 
 1.95000e+02  2.83936e-02 
 1.95500e+02  2.55159e-02 
 1.96000e+02  2.61076e-02 
 1.96500e+02  2.61173e-02 
 1.97000e+02  2.69745e-02 
 1.97500e+02  2.57201e-02 
 1.98000e+02  2.76552e-02 
 1.98500e+02  2.48646e-02 
 1.99000e+02  2.55937e-02 
 1.99500e+02  2.57415e-02 
 2.00000e+02  2.52790e-02 
 2.00500e+02  2.48253e-02 
 2.01000e+02  2.15446e-02 
 2.01500e+02  2.07822e-02 
 2.02000e+02  2.03553e-02 
 2.02500e+02  2.08753e-02 
 2.03000e+02  1.86910e-02 
 2.03500e+02  1.75518e-02 
 2.04000e+02  1.45710e-02 
 2.04500e+02  1.39626e-02 
 2.05000e+02  1.44471e-02 
 2.05500e+02  1.23874e-02 
 2.06000e+02  1.19848e-02 
 2.06500e+02  1.13569e-02 
 2.07000e+02  8.40040e-03 
 2.07500e+02  8.13520e-03 
 2.08000e+02  7.98656e-03 
 2.08500e+02  7.17584e-03 
 2.09000e+02  7.51528e-03 
 2.09500e+02  7.46032e-03 
 2.10000e+02  7.73088e-03 
 2.10500e+02  7.92440e-03 
 2.11000e+02  6.62864e-03 
 2.11500e+02  6.23528e-03 
 2.12000e+02  5.29984e-03 
 2.12500e+02  5.27328e-03 
 2.13000e+02  5.53952e-03 
 2.13500e+02  5.15432e-03 
 2.14000e+02  5.45944e-03 
 2.14500e+02  5.11920e-03 
 2.15000e+02  5.03128e-03 
 2.15500e+02  5.08600e-03 
 2.16000e+02  4.50608e-03 
 2.16500e+02  4.74376e-03 
 2.17000e+02  4.96200e-03 
 2.17500e+02  4.78984e-03 
 2.18000e+02  4.56992e-03 
 2.18500e+02  4.41792e-03 
 2.19000e+02  4.38432e-03 
 2.19500e+02  4.60568e-03 
 2.20000e+02  4.19584e-03 
 2.20500e+02  3.84736e-03 
 2.21000e+02  4.06176e-03 
 2.21500e+02  3.50168e-03 
 2.22000e+02  2.86720e-03 
 2.22500e+02  2.46184e-03 
 2.23000e+02  2.88328e-03 
 2.23500e+02  3.12520e-03 
 2.24000e+02  2.56304e-03 
 2.24500e+02  2.35880e-03 
 2.25000e+02  2.84856e-03 
 2.25500e+02  2.94472e-03 
 2.26000e+02  3.13808e-03 
 2.26500e+02  2.60976e-03 
 2.27000e+02  2.50088e-03 
 2.27500e+02  2.32624e-03 
 2.28000e+02  1.98664e-03 
 2.28500e+02  2.25472e-03 
 2.29000e+02  1.92904e-03 
 2.29500e+02  2.12488e-03 
 2.30000e+02  2.37304e-03 
 2.30500e+02  2.17152e-03 
 2.31000e+02  2.29944e-03 
 2.31500e+02  1.97984e-03 
 2.32000e+02  1.93984e-03 
 2.32500e+02  2.14384e-03 
 2.33000e+02  2.23744e-03 
 2.33500e+02  2.14832e-03 
 2.34000e+02  2.35288e-03 
 2.34500e+02  1.91560e-03 
 2.35000e+02  1.93424e-03 
 2.35500e+02  1.81840e-03 
 2.36000e+02  1.69824e-03 
 2.36500e+02  1.75080e-03 
 2.37000e+02  1.84280e-03 
 2.37500e+02  1.54280e-03 
 2.38000e+02  1.74952e-03 
 2.38500e+02  1.86744e-03 
 2.39000e+02  1.53168e-03 
 2.39500e+02  1.20856e-03 
 2.40000e+02  1.13992e-03 
 2.40500e+02  1.14400e-03 
 2.41000e+02  1.14744e-03 
 2.41500e+02  1.18144e-03 
 2.42000e+02  1.12904e-03 
 2.42500e+02  9.28320e-04 
 2.43000e+02  9.71440e-04 
 2.43500e+02  1.00040e-03 
 2.44000e+02  1.07216e-03 
 2.44500e+02  1.07648e-03 
 2.45000e+02  1.01672e-03 
 2.45500e+02  1.01376e-03 
 2.46000e+02  8.78560e-04 
 2.46500e+02  1.09520e-03 
 2.47000e+02  1.10704e-03 
 2.47500e+02  1.04200e-03 
 2.48000e+02  8.23440e-04 
 2.48500e+02  8.88080e-04 
 2.49000e+02  9.25120e-04 
 2.49500e+02  7.58480e-04 
 2.50000e+02  6.94320e-04 
 2.50500e+02  6.45440e-04 
 2.51000e+02  6.70000e-04 
 2.51500e+02  7.38560e-04 
 2.52000e+02  5.94640e-04 
 2.52500e+02  5.85920e-04 
 2.53000e+02  7.17200e-04 
 2.53500e+02  7.30160e-04 
 2.54000e+02  5.88720e-04 
 2.54500e+02  4.23280e-04 
 2.55000e+02  3.51680e-04 
 2.55500e+02  3.76080e-04 
 2.56000e+02  4.45840e-04 
 2.56500e+02  3.42880e-04 
 2.57000e+02  3.47600e-04 
 2.57500e+02  3.77520e-04 
 2.58000e+02  3.43840e-04 
 2.58500e+02  3.89040e-04 
 2.59000e+02  4.06960e-04 
 2.59500e+02  4.99760e-04 
 2.60000e+02  4.22720e-04 
 2.60500e+02  3.70320e-04 
 2.61000e+02  2.07600e-04 
 2.61500e+02  1.77920e-04 
 2.62000e+02  1.34080e-04 
 2.62500e+02  1.46080e-04 
 2.63000e+02  1.66640e-04 
 2.63500e+02  2.26080e-04 
 2.64000e+02  1.70960e-04 
 2.64500e+02  9.44000e-05 
 2.65000e+02  1.03840e-04 
 2.65500e+02  9.04000e-05 
 2.66000e+02  9.60000e-05 
 2.66500e+02  1.02880e-04 
 2.67000e+02  7.73600e-05 
 2.67500e+02  1.07280e-04 
 2.68000e+02  1.11360e-04 
 2.68500e+02  6.15200e-05 
 2.69000e+02  6.38400e-05 
 2.69500e+02  6.36800e-05 
 2.70000e+02  6.77600e-05 
 2.70500e+02  7.48800e-05 
 2.71000e+02  9.65600e-05 
 2.71500e+02  6.68800e-05 
 2.72000e+02  4.75200e-05 
 2.72500e+02  6.28800e-05 
 2.73000e+02  8.73600e-05 
 2.73500e+02  7.76000e-05 
 2.74000e+02  3.81600e-05 
 2.74500e+02  6.24800e-05 
 2.75000e+02  3.28800e-05 
 2.75500e+02  3.53600e-05 
 2.76000e+02  4.00800e-05 
 2.76500e+02  4.51200e-05 
 2.77000e+02  3.05600e-05 
 2.77500e+02  4.03200e-05 
 2.78000e+02  8.58400e-05 
 2.78500e+02  5.04000e-05 
 2.79000e+02  1.40800e-05 
 2.79500e+02  1.43200e-05 
 2.80000e+02  1.56000e-05 
 2.80500e+02  1.69600e-05 
 2.81000e+02  2.02400e-05 
 2.81500e+02  3.15200e-05 
 2.82000e+02  1.13600e-05 
 2.82500e+02  1.19200e-05 
 2.83000e+02  1.25600e-05 
 2.83500e+02  1.35200e-05 
 2.84000e+02  1.51200e-05 
 2.84500e+02  2.36800e-05 
 2.85000e+02  2.44000e-05 
 2.85500e+02  8.88000e-06 
 2.86000e+02  9.44000e-06 
 2.86500e+02  9.68000e-06 
 2.87000e+02  9.92000e-06 
 2.87500e+02  1.01600e-05 
 2.88000e+02  1.08800e-05 
 2.88500e+02  1.13600e-05 
 2.89000e+02  1.17600e-05 
 2.89500e+02  1.24000e-05 
 2.90000e+02  1.36800e-05 
 2.90500e+02  1.44000e-05 
 2.91000e+02  1.62400e-05 
 2.91500e+02  1.79200e-05 
 2.92000e+02  1.42400e-05 
 2.92500e+02  1.27200e-05 
 2.93000e+02  1.91200e-05 
 2.93500e+02  1.69600e-05 
 2.94000e+02  1.20000e-06 
 2.94500e+02  1.20000e-06 
 2.95000e+02  1.28000e-06 
 2.95500e+02  1.28000e-06 
 2.96000e+02  1.28000e-06 
 2.96500e+02  1.36000e-06 
 2.97000e+02  1.36000e-06 
 2.97500e+02  1.36000e-06 
 2.98000e+02  1.36000e-06 
 2.98500e+02  1.44000e-06 
 2.99000e+02  1.44000e-06 
 2.99500e+02  1.52000e-06 
 3.00000e+02  1.60000e-06 
 3.00500e+02  1.60000e-06 
 3.01000e+02  1.60000e-06 
 3.01500e+02  1.60000e-06 
 3.02000e+02  1.76000e-06 
 3.02500e+02  1.84000e-06 
 3.03000e+02  1.84000e-06 
 3.03500e+02  1.92000e-06 
 3.04000e+02  2.00000e-06 
 3.04500e+02  2.16000e-06 
 3.05000e+02  2.32000e-06 
 3.05500e+02  2.40000e-06 
 3.06000e+02  2.56000e-06 
 3.06500e+02  2.96000e-06 
 3.07000e+02  3.28000e-06 
 3.07500e+02  3.68000e-06 
 3.08000e+02  4.88000e-06 
 3.08500e+02  7.52000e-06 
 3.09000e+02  3.20000e-07 
 3.09500e+02  0.00000e+00 
 3.10000e+02  0.00000e+00 
 3.10500e+02  0.00000e+00 
 3.11000e+02  0.00000e+00 
 3.11500e+02  0.00000e+00 
 3.12000e+02  0.00000e+00 
 3.12500e+02  0.00000e+00 
 3.13000e+02  0.00000e+00 
 3.13500e+02  0.00000e+00 
 3.14000e+02  0.00000e+00 
 3.14500e+02  0.00000e+00 
 3.15000e+02  0.00000e+00 
 3.15500e+02  0.00000e+00 
 3.16000e+02  0.00000e+00 
 3.16500e+02  0.00000e+00 
 3.17000e+02  0.00000e+00 
 3.17500e+02  0.00000e+00 
 3.18000e+02  0.00000e+00 
 3.18500e+02  0.00000e+00 
 3.19000e+02  0.00000e+00 
 3.19500e+02  0.00000e+00 
