 0.00000e+00  0.00000e+00 
 5.00000e-01  0.00000e+00 
 1.00000e+00  0.00000e+00 
 1.50000e+00  0.00000e+00 
 2.00000e+00  0.00000e+00 
 2.50000e+00  0.00000e+00 
 3.00000e+00  0.00000e+00 
 3.50000e+00  0.00000e+00 
 4.00000e+00  0.00000e+00 
 4.50000e+00  0.00000e+00 
 5.00000e+00  0.00000e+00 
 5.50000e+00  0.00000e+00 
 6.00000e+00  0.00000e+00 
 6.50000e+00  0.00000e+00 
 7.00000e+00  0.00000e+00 
 7.50000e+00  0.00000e+00 
 8.00000e+00  0.00000e+00 
 8.50000e+00  0.00000e+00 
 9.00000e+00  0.00000e+00 
 9.50000e+00  0.00000e+00 
 1.00000e+01  0.00000e+00 
 1.05000e+01  0.00000e+00 
 1.10000e+01  0.00000e+00 
 1.15000e+01  0.00000e+00 
 1.20000e+01  0.00000e+00 
 1.25000e+01  0.00000e+00 
 1.30000e+01  0.00000e+00 
 1.35000e+01  0.00000e+00 
 1.40000e+01  6.40000e-07 
 1.45000e+01  4.80000e-06 
 1.50000e+01  3.68000e-06 
 1.55000e+01  3.36000e-06 
 1.60000e+01  2.80000e-06 
 1.65000e+01  2.64000e-06 
 1.70000e+01  2.56000e-06 
 1.75000e+01  3.84000e-06 
 1.80000e+01  2.24000e-05 
 1.85000e+01  7.28000e-06 
 1.90000e+01  6.40000e-06 
 1.95000e+01  5.28000e-06 
 2.00000e+01  5.04000e-06 
 2.05000e+01  4.56000e-06 
 2.10000e+01  4.32000e-06 
 2.15000e+01  4.16000e-06 
 2.20000e+01  3.92000e-06 
 2.25000e+01  3.84000e-06 
 2.30000e+01  3.52000e-06 
 2.35000e+01  3.44000e-06 
 2.40000e+01  3.52000e-06 
 2.45000e+01  3.28000e-06 
 2.50000e+01  3.20000e-06 
 2.55000e+01  3.12000e-06 
 2.60000e+01  3.04000e-06 
 2.65000e+01  2.96000e-06 
 2.70000e+01  2.96000e-06 
 2.75000e+01  2.96000e-06 
 2.80000e+01  2.80000e-06 
 2.85000e+01  2.80000e-06 
 2.90000e+01  2.27200e-05 
 2.95000e+01  1.89600e-05 
 3.00000e+01  1.36000e-05 
 3.05000e+01  1.16800e-05 
 3.10000e+01  1.02400e-05 
 3.15000e+01  3.68000e-05 
 3.20000e+01  2.36000e-05 
 3.25000e+01  1.92800e-05 
 3.30000e+01  1.69600e-05 
 3.35000e+01  4.04000e-05 
 3.40000e+01  3.06400e-05 
 3.45000e+01  4.51200e-05 
 3.50000e+01  3.00000e-05 
 3.55000e+01  2.66400e-05 
 3.60000e+01  2.39200e-05 
 3.65000e+01  2.25600e-05 
 3.70000e+01  2.15200e-05 
 3.75000e+01  2.01600e-05 
 3.80000e+01  1.94400e-05 
 3.85000e+01  4.06400e-05 
 3.90000e+01  3.94400e-05 
 3.95000e+01  2.44800e-05 
 4.00000e+01  2.03200e-05 
 4.05000e+01  2.28800e-05 
 4.10000e+01  2.52800e-05 
 4.15000e+01  2.37600e-05 
 4.20000e+01  2.18400e-05 
 4.25000e+01  2.44800e-05 
 4.30000e+01  9.07200e-05 
 4.35000e+01  5.52000e-05 
 4.40000e+01  3.37600e-05 
 4.45000e+01  6.33600e-05 
 4.50000e+01  3.40800e-05 
 4.55000e+01  3.07200e-05 
 4.60000e+01  2.99200e-05 
 4.65000e+01  4.05600e-05 
 4.70000e+01  9.66400e-05 
 4.75000e+01  1.07840e-04 
 4.80000e+01  7.28800e-05 
 4.85000e+01  6.26400e-05 
 4.90000e+01  5.71200e-05 
 4.95000e+01  5.37600e-05 
 5.00000e+01  5.08000e-05 
 5.05000e+01  6.67200e-05 
 5.10000e+01  6.01600e-05 
 5.15000e+01  7.00800e-05 
 5.20000e+01  1.48160e-04 
 5.25000e+01  9.88000e-05 
 5.30000e+01  1.36880e-04 
 5.35000e+01  1.50240e-04 
 5.40000e+01  1.76560e-04 
 5.45000e+01  1.69680e-04 
 5.50000e+01  1.63600e-04 
 5.55000e+01  1.66240e-04 
 5.60000e+01  2.19760e-04 
 5.65000e+01  2.25920e-04 
 5.70000e+01  1.99120e-04 
 5.75000e+01  3.16800e-04 
 5.80000e+01  3.05040e-04 
 5.85000e+01  2.48320e-04 
 5.90000e+01  2.22000e-04 
 5.95000e+01  2.28480e-04 
 6.00000e+01  4.08240e-04 
 6.05000e+01  3.32400e-04 
 6.10000e+01  4.09920e-04 
 6.15000e+01  3.05360e-04 
 6.20000e+01  3.88000e-04 
 6.25000e+01  3.86800e-04 
 6.30000e+01  3.88320e-04 
 6.35000e+01  4.74400e-04 
 6.40000e+01  3.60400e-04 
 6.45000e+01  3.46240e-04 
 6.50000e+01  4.69600e-04 
 6.55000e+01  5.85920e-04 
 6.60000e+01  4.76000e-04 
 6.65000e+01  4.33520e-04 
 6.70000e+01  4.81440e-04 
 6.75000e+01  6.80400e-04 
 6.80000e+01  6.43440e-04 
 6.85000e+01  7.53200e-04 
 6.90000e+01  8.77840e-04 
 6.95000e+01  7.55600e-04 
 7.00000e+01  8.06720e-04 
 7.05000e+01  8.53920e-04 
 7.10000e+01  8.51120e-04 
 7.15000e+01  9.93760e-04 
 7.20000e+01  9.63360e-04 
 7.25000e+01  8.86320e-04 
 7.30000e+01  9.74080e-04 
 7.35000e+01  8.89840e-04 
 7.40000e+01  1.44792e-03 
 7.45000e+01  1.03736e-03 
 7.50000e+01  1.30328e-03 
 7.55000e+01  1.13560e-03 
 7.60000e+01  1.10824e-03 
 7.65000e+01  1.32144e-03 
 7.70000e+01  1.37064e-03 
 7.75000e+01  1.40560e-03 
 7.80000e+01  1.39288e-03 
 7.85000e+01  1.35216e-03 
 7.90000e+01  1.25512e-03 
 7.95000e+01  1.40984e-03 
 8.00000e+01  1.37592e-03 
 8.05000e+01  1.55360e-03 
 8.10000e+01  1.47392e-03 
 8.15000e+01  1.38488e-03 
 8.20000e+01  1.96536e-03 
 8.25000e+01  2.23352e-03 
 8.30000e+01  2.12048e-03 
 8.35000e+01  2.17688e-03 
 8.40000e+01  2.19880e-03 
 8.45000e+01  2.39080e-03 
 8.50000e+01  2.16808e-03 
 8.55000e+01  1.81576e-03 
 8.60000e+01  1.94080e-03 
 8.65000e+01  2.02256e-03 
 8.70000e+01  1.96376e-03 
 8.75000e+01  2.10760e-03 
 8.80000e+01  1.92624e-03 
 8.85000e+01  2.32264e-03 
 8.90000e+01  2.41568e-03 
 8.95000e+01  2.47152e-03 
 9.00000e+01  2.43344e-03 
 9.05000e+01  2.40640e-03 
 9.10000e+01  2.79352e-03 
 9.15000e+01  3.11200e-03 
 9.20000e+01  3.72416e-03 
 9.25000e+01  3.04160e-03 
 9.30000e+01  3.43576e-03 
 9.35000e+01  3.70040e-03 
 9.40000e+01  3.04008e-03 
 9.45000e+01  2.84648e-03 
 9.50000e+01  2.76376e-03 
 9.55000e+01  2.83528e-03 
 9.60000e+01  2.94488e-03 
 9.65000e+01  3.09280e-03 
 9.70000e+01  3.07392e-03 
 9.75000e+01  3.08456e-03 
 9.80000e+01  3.02888e-03 
 9.85000e+01  3.62984e-03 
 9.90000e+01  3.94456e-03 
 9.95000e+01  4.24872e-03 
 1.00000e+02  4.30136e-03 
 1.00500e+02  4.52624e-03 
 1.01000e+02  4.92056e-03 
 1.01500e+02  4.52880e-03 
 1.02000e+02  3.94768e-03 
 1.02500e+02  3.85344e-03 
 1.03000e+02  3.58048e-03 
 1.03500e+02  3.51528e-03 
 1.04000e+02  4.22544e-03 
 1.04500e+02  4.51432e-03 
 1.05000e+02  4.42552e-03 
 1.05500e+02  4.71784e-03 
 1.06000e+02  4.76256e-03 
 1.06500e+02  4.33296e-03 
 1.07000e+02  5.00760e-03 
 1.07500e+02  4.96896e-03 
 1.08000e+02  4.89648e-03 
 1.08500e+02  5.53952e-03 
 1.09000e+02  5.96896e-03 
 1.09500e+02  6.45712e-03 
 1.10000e+02  7.14928e-03 
 1.10500e+02  7.26136e-03 
 1.11000e+02  6.33680e-03 
 1.11500e+02  6.08192e-03 
 1.12000e+02  6.27272e-03 
 1.12500e+02  6.23568e-03 
 1.13000e+02  7.13216e-03 
 1.13500e+02  7.92608e-03 
 1.14000e+02  8.33128e-03 
 1.14500e+02  9.09200e-03 
 1.15000e+02  9.93392e-03 
 1.15500e+02  1.05158e-02 
 1.16000e+02  1.21926e-02 
 1.16500e+02  1.52669e-02 
 1.17000e+02  1.61141e-02 
 1.17500e+02  1.66946e-02 
 1.18000e+02  1.60950e-02 
 1.18500e+02  1.85241e-02 
 1.19000e+02  1.91954e-02 
 1.19500e+02  2.01201e-02 
 1.20000e+02  2.00727e-02 
 1.20500e+02  2.26969e-02 
 1.21000e+02  2.30110e-02 
 1.21500e+02  2.41625e-02 
 1.22000e+02  2.50494e-02 
 1.22500e+02  2.66807e-02 
 1.23000e+02  2.62065e-02 
 1.23500e+02  2.71086e-02 
 1.24000e+02  2.79772e-02 
 1.24500e+02  2.80390e-02 
 1.25000e+02  2.81766e-02 
 1.25500e+02  2.75335e-02 
 1.26000e+02  2.63856e-02 
 1.26500e+02  2.91890e-02 
 1.27000e+02  3.02082e-02 
 1.27500e+02  3.10763e-02 
 1.28000e+02  3.46746e-02 
 1.28500e+02  3.48527e-02 
 1.29000e+02  3.50214e-02 
 1.29500e+02  3.83760e-02 
 1.30000e+02  4.10073e-02 
 1.30500e+02  4.15923e-02 
 1.31000e+02  4.45475e-02 
 1.31500e+02  4.49804e-02 
 1.32000e+02  4.47186e-02 
 1.32500e+02  4.87954e-02 
 1.33000e+02  4.77435e-02 
 1.33500e+02  4.83943e-02 
 1.34000e+02  4.79055e-02 
 1.34500e+02  4.86777e-02 
 1.35000e+02  4.97105e-02 
 1.35500e+02  4.84991e-02 
 1.36000e+02  4.98314e-02 
 1.36500e+02  5.00754e-02 
 1.37000e+02  5.39930e-02 
 1.37500e+02  5.32478e-02 
 1.38000e+02  5.24175e-02 
 1.38500e+02  5.13455e-02 
 1.39000e+02  4.92846e-02 
 1.39500e+02  5.04516e-02 
 1.40000e+02  4.92966e-02 
 1.40500e+02  5.15064e-02 
 1.41000e+02  4.93796e-02 
 1.41500e+02  4.93661e-02 
 1.42000e+02  5.05057e-02 
 1.42500e+02  5.01998e-02 
 1.43000e+02  5.26331e-02 
 1.43500e+02  5.60542e-02 
 1.44000e+02  5.52062e-02 
 1.44500e+02  5.75298e-02 
 1.45000e+02  5.58087e-02 
 1.45500e+02  5.81770e-02 
 1.46000e+02  5.94227e-02 
 1.46500e+02  5.87442e-02 
 1.47000e+02  5.79674e-02 
 1.47500e+02  5.58902e-02 
 1.48000e+02  5.64163e-02 
 1.48500e+02  5.85913e-02 
 1.49000e+02  5.96550e-02 
 1.49500e+02  6.10014e-02 
 1.50000e+02  6.09742e-02 
 1.50500e+02  6.25263e-02 
 1.51000e+02  5.95399e-02 
 1.51500e+02  6.64047e-02 
 1.52000e+02  6.53448e-02 
 1.52500e+02  6.30091e-02 
 1.53000e+02  6.21915e-02 
 1.53500e+02  6.07599e-02 
 1.54000e+02  6.22571e-02 
 1.54500e+02  6.20168e-02 
 1.55000e+02  6.19970e-02 
 1.55500e+02  6.15918e-02 
 1.56000e+02  6.20628e-02 
 1.56500e+02  6.06170e-02 
 1.57000e+02  5.99309e-02 
 1.57500e+02  5.96866e-02 
 1.58000e+02  6.15423e-02 
 1.58500e+02  6.28065e-02 
 1.59000e+02  6.62107e-02 
 1.59500e+02  6.46521e-02 
 1.60000e+02  6.19935e-02 
 1.60500e+02  6.30766e-02 
 1.61000e+02  6.08093e-02 
 1.61500e+02  6.12463e-02 
 1.62000e+02  6.08052e-02 
 1.62500e+02  5.97759e-02 
 1.63000e+02  6.23137e-02 
 1.63500e+02  6.27912e-02 
 1.64000e+02  6.26372e-02 
 1.64500e+02  6.40640e-02 
 1.65000e+02  6.52773e-02 
 1.65500e+02  6.66404e-02 
 1.66000e+02  6.34392e-02 
 1.66500e+02  6.23456e-02 
 1.67000e+02  6.51216e-02 
 1.67500e+02  6.69746e-02 
 1.68000e+02  6.52361e-02 
 1.68500e+02  6.70170e-02 
 1.69000e+02  6.37652e-02 
 1.69500e+02  6.11089e-02 
 1.70000e+02  6.24484e-02 
 1.70500e+02  6.31924e-02 
 1.71000e+02  6.69335e-02 
 1.71500e+02  6.72741e-02 
 1.72000e+02  7.07974e-02 
 1.72500e+02  6.59249e-02 
 1.73000e+02  6.42817e-02 
 1.73500e+02  6.41038e-02 
 1.74000e+02  6.05258e-02 
 1.74500e+02  5.74162e-02 
 1.75000e+02  5.77510e-02 
 1.75500e+02  5.91184e-02 
 1.76000e+02  5.77138e-02 
 1.76500e+02  5.52085e-02 
 1.77000e+02  5.73794e-02 
 1.77500e+02  5.84691e-02 
 1.78000e+02  5.70464e-02 
 1.78500e+02  5.23439e-02 
 1.79000e+02  5.11334e-02 
 1.79500e+02  5.45103e-02 
 1.80000e+02  5.35353e-02 
 1.80500e+02  5.49357e-02 
 1.81000e+02  5.19822e-02 
 1.81500e+02  5.11322e-02 
 1.82000e+02  5.15904e-02 
 1.82500e+02  4.68943e-02 
 1.83000e+02  4.82130e-02 
 1.83500e+02  4.64314e-02 
 1.84000e+02  4.60225e-02 
 1.84500e+02  4.35498e-02 
 1.85000e+02  4.20375e-02 
 1.85500e+02  4.30822e-02 
 1.86000e+02  4.26547e-02 
 1.86500e+02  4.48505e-02 
 1.87000e+02  4.56851e-02 
 1.87500e+02  4.26690e-02 
 1.88000e+02  3.89745e-02 
 1.88500e+02  3.85906e-02 
 1.89000e+02  3.99522e-02 
 1.89500e+02  4.08188e-02 
 1.90000e+02  3.78734e-02 
 1.90500e+02  3.75916e-02 
 1.91000e+02  3.77465e-02 
 1.91500e+02  3.60804e-02 
 1.92000e+02  3.51757e-02 
 1.92500e+02  3.31594e-02 
 1.93000e+02  3.17958e-02 
 1.93500e+02  2.96494e-02 
 1.94000e+02  2.94570e-02 
 1.94500e+02  3.11427e-02 
 1.95000e+02  2.73939e-02 
 1.95500e+02  2.68474e-02 
 1.96000e+02  2.27409e-02 
 1.96500e+02  2.39217e-02 
 1.97000e+02  2.29258e-02 
 1.97500e+02  2.11894e-02 
 1.98000e+02  2.17899e-02 
 1.98500e+02  1.93398e-02 
 1.99000e+02  1.80829e-02 
 1.99500e+02  1.93418e-02 
 2.00000e+02  1.89852e-02 
 2.00500e+02  1.88582e-02 
 2.01000e+02  1.79524e-02 
 2.01500e+02  1.63597e-02 
 2.02000e+02  1.61590e-02 
 2.02500e+02  1.58606e-02 
 2.03000e+02  1.29835e-02 
 2.03500e+02  1.17877e-02 
 2.04000e+02  1.20591e-02 
 2.04500e+02  1.16153e-02 
 2.05000e+02  1.07969e-02 
 2.05500e+02  1.18047e-02 
 2.06000e+02  9.83896e-03 
 2.06500e+02  8.84808e-03 
 2.07000e+02  8.42952e-03 
 2.07500e+02  8.14776e-03 
 2.08000e+02  7.61432e-03 
 2.08500e+02  7.56792e-03 
 2.09000e+02  8.57536e-03 
 2.09500e+02  6.88912e-03 
 2.10000e+02  6.71680e-03 
 2.10500e+02  6.60144e-03 
 2.11000e+02  6.32320e-03 
 2.11500e+02  7.25664e-03 
 2.12000e+02  5.90816e-03 
 2.12500e+02  6.25488e-03 
 2.13000e+02  6.04368e-03 
 2.13500e+02  5.41648e-03 
 2.14000e+02  5.56616e-03 
 2.14500e+02  4.64368e-03 
 2.15000e+02  4.60512e-03 
 2.15500e+02  4.83288e-03 
 2.16000e+02  4.36616e-03 
 2.16500e+02  4.82328e-03 
 2.17000e+02  4.30736e-03 
 2.17500e+02  4.94464e-03 
 2.18000e+02  4.41728e-03 
 2.18500e+02  4.67144e-03 
 2.19000e+02  4.25144e-03 
 2.19500e+02  4.07888e-03 
 2.20000e+02  4.30928e-03 
 2.20500e+02  4.24512e-03 
 2.21000e+02  4.62768e-03 
 2.21500e+02  5.11928e-03 
 2.22000e+02  5.05456e-03 
 2.22500e+02  4.52112e-03 
 2.23000e+02  4.52112e-03 
 2.23500e+02  4.93328e-03 
 2.24000e+02  4.05328e-03 
 2.24500e+02  4.12320e-03 
 2.25000e+02  3.97632e-03 
 2.25500e+02  4.33536e-03 
 2.26000e+02  3.44968e-03 
 2.26500e+02  3.42128e-03 
 2.27000e+02  2.97776e-03 
 2.27500e+02  2.85136e-03 
 2.28000e+02  2.88176e-03 
 2.28500e+02  3.24360e-03 
 2.29000e+02  2.91080e-03 
 2.29500e+02  2.54552e-03 
 2.30000e+02  2.60912e-03 
 2.30500e+02  2.62640e-03 
 2.31000e+02  2.65224e-03 
 2.31500e+02  2.18768e-03 
 2.32000e+02  2.17872e-03 
 2.32500e+02  2.12816e-03 
 2.33000e+02  2.30600e-03 
 2.33500e+02  2.12024e-03 
 2.34000e+02  2.11016e-03 
 2.34500e+02  1.73408e-03 
 2.35000e+02  1.75040e-03 
 2.35500e+02  1.44904e-03 
 2.36000e+02  1.42184e-03 
 2.36500e+02  1.65944e-03 
 2.37000e+02  1.80072e-03 
 2.37500e+02  1.94848e-03 
 2.38000e+02  1.92520e-03 
 2.38500e+02  1.72496e-03 
 2.39000e+02  1.31256e-03 
 2.39500e+02  1.56048e-03 
 2.40000e+02  1.46216e-03 
 2.40500e+02  1.29872e-03 
 2.41000e+02  1.50632e-03 
 2.41500e+02  1.51904e-03 
 2.42000e+02  1.32920e-03 
 2.42500e+02  1.09320e-03 
 2.43000e+02  1.00632e-03 
 2.43500e+02  1.06744e-03 
 2.44000e+02  1.21592e-03 
 2.44500e+02  1.42464e-03 
 2.45000e+02  1.21944e-03 
 2.45500e+02  9.93120e-04 
 2.46000e+02  1.07992e-03 
 2.46500e+02  1.01448e-03 
 2.47000e+02  1.00808e-03 
 2.47500e+02  1.17800e-03 
 2.48000e+02  9.60240e-04 
 2.48500e+02  1.07240e-03 
 2.49000e+02  1.35840e-03 
 2.49500e+02  1.30928e-03 
 2.50000e+02  1.02232e-03 
 2.50500e+02  7.40720e-04 
 2.51000e+02  5.35040e-04 
 2.51500e+02  3.60160e-04 
 2.52000e+02  4.14800e-04 
 2.52500e+02  4.94000e-04 
 2.53000e+02  3.70400e-04 
 2.53500e+02  3.27680e-04 
 2.54000e+02  3.46320e-04 
 2.54500e+02  3.23520e-04 
 2.55000e+02  2.96960e-04 
 2.55500e+02  3.14400e-04 
 2.56000e+02  3.45840e-04 
 2.56500e+02  2.12720e-04 
 2.57000e+02  2.00240e-04 
 2.57500e+02  2.21840e-04 
 2.58000e+02  2.41760e-04 
 2.58500e+02  1.83840e-04 
 2.59000e+02  1.99840e-04 
 2.59500e+02  2.56720e-04 
 2.60000e+02  1.87200e-04 
 2.60500e+02  1.89840e-04 
 2.61000e+02  2.35360e-04 
 2.61500e+02  2.10640e-04 
 2.62000e+02  1.22800e-04 
 2.62500e+02  1.26560e-04 
 2.63000e+02  1.08480e-04 
 2.63500e+02  1.09680e-04 
 2.64000e+02  4.51200e-05 
 2.64500e+02  4.77600e-05 
 2.65000e+02  5.40800e-05 
 2.65500e+02  6.56000e-05 
 2.66000e+02  6.28000e-05 
 2.66500e+02  3.66400e-05 
 2.67000e+02  3.78400e-05 
 2.67500e+02  4.28000e-05 
 2.68000e+02  4.57600e-05 
 2.68500e+02  4.80800e-05 
 2.69000e+02  4.97600e-05 
 2.69500e+02  5.62400e-05 
 2.70000e+02  6.20800e-05 
 2.70500e+02  7.84000e-05 
 2.71000e+02  5.56800e-05 
 2.71500e+02  2.73600e-05 
 2.72000e+02  2.35200e-05 
 2.72500e+02  2.44000e-05 
 2.73000e+02  2.62400e-05 
 2.73500e+02  2.85600e-05 
 2.74000e+02  3.65600e-05 
 2.74500e+02  2.26400e-05 
 2.75000e+02  2.36800e-05 
 2.75500e+02  2.60800e-05 
 2.76000e+02  2.31200e-05 
 2.76500e+02  1.94400e-05 
 2.77000e+02  2.06400e-05 
 2.77500e+02  2.32000e-05 
 2.78000e+02  3.51200e-05 
 2.78500e+02  2.52000e-05 
 2.79000e+02  1.54400e-05 
 2.79500e+02  1.63200e-05 
 2.80000e+02  1.74400e-05 
 2.80500e+02  1.84000e-05 
 2.81000e+02  1.91200e-05 
 2.81500e+02  2.03200e-05 
 2.82000e+02  2.20800e-05 
 2.82500e+02  2.38400e-05 
 2.83000e+02  2.77600e-05 
 2.83500e+02  2.96000e-05 
 2.84000e+02  2.68800e-05 
 2.84500e+02  4.32000e-05 
 2.85000e+02  1.04800e-05 
 2.85500e+02  1.24000e-05 
 2.86000e+02  2.32800e-05 
 2.86500e+02  1.82400e-05 
 2.87000e+02  1.60800e-05 
 2.87500e+02  7.68000e-06 
 2.88000e+02  8.80000e-06 
 2.88500e+02  1.06400e-05 
 2.89000e+02  1.52800e-05 
 2.89500e+02  2.43200e-05 
 2.90000e+02  0.00000e+00 
 2.90500e+02  0.00000e+00 
 2.91000e+02  0.00000e+00 
 2.91500e+02  0.00000e+00 
 2.92000e+02  0.00000e+00 
 2.92500e+02  0.00000e+00 
 2.93000e+02  0.00000e+00 
 2.93500e+02  0.00000e+00 
 2.94000e+02  0.00000e+00 
 2.94500e+02  0.00000e+00 
 2.95000e+02  0.00000e+00 
 2.95500e+02  0.00000e+00 
 2.96000e+02  0.00000e+00 
 2.96500e+02  0.00000e+00 
 2.97000e+02  0.00000e+00 
 2.97500e+02  0.00000e+00 
 2.98000e+02  0.00000e+00 
 2.98500e+02  0.00000e+00 
 2.99000e+02  0.00000e+00 
 2.99500e+02  0.00000e+00 
 3.00000e+02  0.00000e+00 
 3.00500e+02  0.00000e+00 
 3.01000e+02  0.00000e+00 
 3.01500e+02  0.00000e+00 
 3.02000e+02  0.00000e+00 
 3.02500e+02  0.00000e+00 
 3.03000e+02  0.00000e+00 
 3.03500e+02  0.00000e+00 
 3.04000e+02  0.00000e+00 
 3.04500e+02  0.00000e+00 
 3.05000e+02  0.00000e+00 
 3.05500e+02  0.00000e+00 
 3.06000e+02  0.00000e+00 
 3.06500e+02  0.00000e+00 
 3.07000e+02  0.00000e+00 
 3.07500e+02  0.00000e+00 
 3.08000e+02  0.00000e+00 
 3.08500e+02  0.00000e+00 
 3.09000e+02  0.00000e+00 
 3.09500e+02  0.00000e+00 
 3.10000e+02  0.00000e+00 
 3.10500e+02  0.00000e+00 
 3.11000e+02  0.00000e+00 
 3.11500e+02  0.00000e+00 
 3.12000e+02  0.00000e+00 
 3.12500e+02  0.00000e+00 
 3.13000e+02  0.00000e+00 
 3.13500e+02  0.00000e+00 
 3.14000e+02  0.00000e+00 
 3.14500e+02  0.00000e+00 
 3.15000e+02  0.00000e+00 
 3.15500e+02  0.00000e+00 
 3.16000e+02  0.00000e+00 
 3.16500e+02  0.00000e+00 
 3.17000e+02  0.00000e+00 
 3.17500e+02  0.00000e+00 
 3.18000e+02  0.00000e+00 
 3.18500e+02  0.00000e+00 
 3.19000e+02  0.00000e+00 
 3.19500e+02  0.00000e+00 
