 0.00000e+00  0.00000e+00 
 5.00000e-01  1.78689e-01 
 1.00000e+00  3.56168e-01 
 1.50000e+00  5.32415e-01 
 2.00000e+00  7.07425e-01 
 2.50000e+00  8.81183e-01 
 3.00000e+00  1.05368e+00 
 3.50000e+00  1.22495e+00 
 4.00000e+00  1.39498e+00 
 4.50000e+00  1.56375e+00 
 5.00000e+00  1.73127e+00 
 5.50000e+00  1.89754e+00 
 6.00000e+00  2.06256e+00 
 6.50000e+00  2.22632e+00 
 7.00000e+00  2.38883e+00 
 7.50000e+00  2.55008e+00 
 8.00000e+00  2.71007e+00 
 8.50000e+00  2.86880e+00 
 9.00000e+00  3.02626e+00 
 9.50000e+00  3.18244e+00 
 1.00000e+01  3.33731e+00 
 1.05000e+01  3.49090e+00 
 1.10000e+01  3.64319e+00 
 1.15000e+01  3.79417e+00 
 1.20000e+01  3.94384e+00 
 1.25000e+01  4.09218e+00 
 1.30000e+01  4.23917e+00 
 1.35000e+01  4.38485e+00 
 1.40000e+01  4.52921e+00 
 1.45000e+01  4.67222e+00 
 1.50000e+01  4.81388e+00 
 1.55000e+01  4.95420e+00 
 1.60000e+01  5.09317e+00 
 1.65000e+01  5.23079e+00 
 1.70000e+01  5.36704e+00 
 1.75000e+01  5.50192e+00 
 1.80000e+01  5.63540e+00 
 1.85000e+01  5.76750e+00 
 1.90000e+01  5.89820e+00 
 1.95000e+01  6.02749e+00 
 2.00000e+01  6.15538e+00 
 2.05000e+01  6.28187e+00 
 2.10000e+01  6.40694e+00 
 2.15000e+01  6.53058e+00 
 2.20000e+01  6.65275e+00 
 2.25000e+01  6.77346e+00 
 2.30000e+01  6.89273e+00 
 2.35000e+01  7.01054e+00 
 2.40000e+01  7.12690e+00 
 2.45000e+01  7.24181e+00 
 2.50000e+01  7.35526e+00 
 2.55000e+01  7.46722e+00 
 2.60000e+01  7.57770e+00 
 2.65000e+01  7.68668e+00 
 2.70000e+01  7.79417e+00 
 2.75000e+01  7.90016e+00 
 2.80000e+01  8.00463e+00 
 2.85000e+01  8.10760e+00 
 2.90000e+01  8.20907e+00 
 2.95000e+01  8.30901e+00 
 3.00000e+01  8.40741e+00 
 3.05000e+01  8.50431e+00 
 3.10000e+01  8.59967e+00 
 3.15000e+01  8.69351e+00 
 3.20000e+01  8.78582e+00 
 3.25000e+01  8.87664e+00 
 3.30000e+01  8.96597e+00 
 3.35000e+01  9.05379e+00 
 3.40000e+01  9.14012e+00 
 3.45000e+01  9.22493e+00 
 3.50000e+01  9.30822e+00 
 3.55000e+01  9.38998e+00 
 3.60000e+01  9.47023e+00 
 3.65000e+01  9.54894e+00 
 3.70000e+01  9.62612e+00 
 3.75000e+01  9.70177e+00 
 3.80000e+01  9.77594e+00 
 3.85000e+01  9.84862e+00 
 3.90000e+01  9.91982e+00 
 3.95000e+01  9.98951e+00 
 4.00000e+01  1.00577e+01 
 4.05000e+01  1.01245e+01 
 4.10000e+01  1.01897e+01 
 4.15000e+01  1.02534e+01 
 4.20000e+01  1.03157e+01 
 4.25000e+01  1.03764e+01 
 4.30000e+01  1.04356e+01 
 4.35000e+01  1.04934e+01 
 4.40000e+01  1.05497e+01 
 4.45000e+01  1.06045e+01 
 4.50000e+01  1.06579e+01 
 4.55000e+01  1.07097e+01 
 4.60000e+01  1.07600e+01 
 4.65000e+01  1.08089e+01 
 4.70000e+01  1.08563e+01 
 4.75000e+01  1.09021e+01 
 4.80000e+01  1.09465e+01 
 4.85000e+01  1.09893e+01 
 4.90000e+01  1.10308e+01 
 4.95000e+01  1.10708e+01 
 5.00000e+01  1.11095e+01 
 5.05000e+01  1.11468e+01 
 5.10000e+01  1.11827e+01 
 5.15000e+01  1.12173e+01 
 5.20000e+01  1.12507e+01 
 5.25000e+01  1.12828e+01 
 5.30000e+01  1.13136e+01 
 5.35000e+01  1.13433e+01 
 5.40000e+01  1.13719e+01 
 5.45000e+01  1.13995e+01 
 5.50000e+01  1.14259e+01 
 5.55000e+01  1.14512e+01 
 5.60000e+01  1.14754e+01 
 5.65000e+01  1.14985e+01 
 5.70000e+01  1.15206e+01 
 5.75000e+01  1.15418e+01 
 5.80000e+01  1.15622e+01 
 5.85000e+01  1.15817e+01 
 5.90000e+01  1.16005e+01 
 5.95000e+01  1.16185e+01 
 6.00000e+01  1.16359e+01 
 6.05000e+01  1.16527e+01 
 6.10000e+01  1.16687e+01 
 6.15000e+01  1.16839e+01 
 6.20000e+01  1.16983e+01 
 6.25000e+01  1.17121e+01 
 6.30000e+01  1.17254e+01 
 6.35000e+01  1.17381e+01 
 6.40000e+01  1.17505e+01 
 6.45000e+01  1.17626e+01 
 6.50000e+01  1.17742e+01 
 6.55000e+01  1.17854e+01 
 6.60000e+01  1.17961e+01 
 6.65000e+01  1.18062e+01 
 6.70000e+01  1.18158e+01 
 6.75000e+01  1.18246e+01 
 6.80000e+01  1.18331e+01 
 6.85000e+01  1.18412e+01 
 6.90000e+01  1.18490e+01 
 6.95000e+01  1.18565e+01 
 7.00000e+01  1.18637e+01 
 7.05000e+01  1.18707e+01 
 7.10000e+01  1.18775e+01 
 7.15000e+01  1.18842e+01 
 7.20000e+01  1.18906e+01 
 7.25000e+01  1.18969e+01 
 7.30000e+01  1.19029e+01 
 7.35000e+01  1.19090e+01 
 7.40000e+01  1.19149e+01 
 7.45000e+01  1.19206e+01 
 7.50000e+01  1.19262e+01 
 7.55000e+01  1.19315e+01 
 7.60000e+01  1.19363e+01 
 7.65000e+01  1.19409e+01 
 7.70000e+01  1.19453e+01 
 7.75000e+01  1.19495e+01 
 7.80000e+01  1.19539e+01 
 7.85000e+01  1.19585e+01 
 7.90000e+01  1.19631e+01 
 7.95000e+01  1.19674e+01 
 8.00000e+01  1.19716e+01 
 8.05000e+01  1.19756e+01 
 8.10000e+01  1.19793e+01 
 8.15000e+01  1.19829e+01 
 8.20000e+01  1.19863e+01 
 8.25000e+01  1.19897e+01 
 8.30000e+01  1.19931e+01 
 8.35000e+01  1.19965e+01 
 8.40000e+01  1.19998e+01 
 8.45000e+01  1.20029e+01 
 8.50000e+01  1.20059e+01 
 8.55000e+01  1.20090e+01 
 8.60000e+01  1.20120e+01 
 8.65000e+01  1.20151e+01 
 8.70000e+01  1.20182e+01 
 8.75000e+01  1.20215e+01 
 8.80000e+01  1.20249e+01 
 8.85000e+01  1.20282e+01 
 8.90000e+01  1.20314e+01 
 8.95000e+01  1.20347e+01 
 9.00000e+01  1.20378e+01 
 9.05000e+01  1.20405e+01 
 9.10000e+01  1.20429e+01 
 9.15000e+01  1.20452e+01 
 9.20000e+01  1.20470e+01 
 9.25000e+01  1.20488e+01 
 9.30000e+01  1.20507e+01 
 9.35000e+01  1.20528e+01 
 9.40000e+01  1.20547e+01 
 9.45000e+01  1.20568e+01 
 9.50000e+01  1.20592e+01 
 9.55000e+01  1.20618e+01 
 9.60000e+01  1.20646e+01 
 9.65000e+01  1.20673e+01 
 9.70000e+01  1.20700e+01 
 9.75000e+01  1.20725e+01 
 9.80000e+01  1.20746e+01 
 9.85000e+01  1.20766e+01 
 9.90000e+01  1.20788e+01 
 9.95000e+01  1.20810e+01 
 1.00000e+02  1.20828e+01 
 1.00500e+02  1.20847e+01 
 1.01000e+02  1.20869e+01 
 1.01500e+02  1.20892e+01 
 1.02000e+02  1.20915e+01 
 1.02500e+02  1.20938e+01 
 1.03000e+02  1.20960e+01 
 1.03500e+02  1.20979e+01 
 1.04000e+02  1.20996e+01 
 1.04500e+02  1.21013e+01 
 1.05000e+02  1.21027e+01 
 1.05500e+02  1.21040e+01 
 1.06000e+02  1.21053e+01 
 1.06500e+02  1.21067e+01 
 1.07000e+02  1.21083e+01 
 1.07500e+02  1.21102e+01 
 1.08000e+02  1.21123e+01 
 1.08500e+02  1.21141e+01 
 1.09000e+02  1.21155e+01 
 1.09500e+02  1.21165e+01 
 1.10000e+02  1.21176e+01 
 1.10500e+02  1.21189e+01 
 1.11000e+02  1.21199e+01 
 1.11500e+02  1.21207e+01 
 1.12000e+02  1.21211e+01 
 1.12500e+02  1.21218e+01 
 1.13000e+02  1.21228e+01 
 1.13500e+02  1.21237e+01 
 1.14000e+02  1.21246e+01 
 1.14500e+02  1.21253e+01 
 1.15000e+02  1.21264e+01 
 1.15500e+02  1.21278e+01 
 1.16000e+02  1.21292e+01 
 1.16500e+02  1.21306e+01 
 1.17000e+02  1.21321e+01 
 1.17500e+02  1.21332e+01 
 1.18000e+02  1.21339e+01 
 1.18500e+02  1.21346e+01 
 1.19000e+02  1.21358e+01 
 1.19500e+02  1.21368e+01 
 1.20000e+02  1.21371e+01 
 1.20500e+02  1.21373e+01 
 1.21000e+02  1.21378e+01 
 1.21500e+02  1.21383e+01 
 1.22000e+02  1.21388e+01 
 1.22500e+02  1.21395e+01 
 1.23000e+02  1.21401e+01 
 1.23500e+02  1.21409e+01 
 1.24000e+02  1.21415e+01 
 1.24500e+02  1.21415e+01 
 1.25000e+02  1.21420e+01 
 1.25500e+02  1.21421e+01 
 1.26000e+02  1.21425e+01 
 1.26500e+02  1.21429e+01 
 1.27000e+02  1.21432e+01 
 1.27500e+02  1.21436e+01 
 1.28000e+02  1.21444e+01 
 1.28500e+02  1.21449e+01 
 1.29000e+02  1.21453e+01 
 1.29500e+02  1.21457e+01 
 1.30000e+02  1.21460e+01 
 1.30500e+02  1.21460e+01 
 1.31000e+02  1.21460e+01 
 1.31500e+02  1.21466e+01 
 1.32000e+02  1.21468e+01 
 1.32500e+02  1.21473e+01 
 1.33000e+02  1.21478e+01 
 1.33500e+02  1.21479e+01 
 1.34000e+02  1.21479e+01 
 1.34500e+02  1.21479e+01 
 1.35000e+02  1.21480e+01 
 1.35500e+02  1.21481e+01 
 1.36000e+02  1.21481e+01 
 1.36500e+02  1.21482e+01 
 1.37000e+02  1.21480e+01 
 1.37500e+02  1.21483e+01 
 1.38000e+02  1.21486e+01 
 1.38500e+02  1.21489e+01 
 1.39000e+02  1.21489e+01 
 1.39500e+02  1.21490e+01 
 1.40000e+02  1.21491e+01 
 1.40500e+02  1.21493e+01 
 1.41000e+02  1.21492e+01 
 1.41500e+02  1.21494e+01 
 1.42000e+02  1.21496e+01 
 1.42500e+02  1.21500e+01 
 1.43000e+02  1.21496e+01 
 1.43500e+02  1.21496e+01 
 1.44000e+02  1.21500e+01 
 1.44500e+02  1.21504e+01 
 1.45000e+02  1.21505e+01 
 1.45500e+02  1.21508e+01 
 1.46000e+02  1.21508e+01 
 1.46500e+02  1.21510e+01 
 1.47000e+02  1.21506e+01 
 1.47500e+02  1.21510e+01 
 1.48000e+02  1.21509e+01 
 1.48500e+02  1.21509e+01 
 1.49000e+02  1.21511e+01 
 1.49500e+02  1.21511e+01 
 1.50000e+02  1.21511e+01 
 1.50500e+02  1.21511e+01 
 1.51000e+02  1.21511e+01 
 1.51500e+02  1.21513e+01 
 1.52000e+02  1.21512e+01 
 1.52500e+02  1.21511e+01 
 1.53000e+02  1.21515e+01 
 1.53500e+02  1.21513e+01 
 1.54000e+02  1.21513e+01 
 1.54500e+02  1.21516e+01 
 1.55000e+02  1.21514e+01 
 1.55500e+02  1.21515e+01 
 1.56000e+02  1.21513e+01 
 1.56500e+02  1.21515e+01 
 1.57000e+02  1.21514e+01 
 1.57500e+02  1.21513e+01 
 1.58000e+02  1.21513e+01 
 1.58500e+02  1.21514e+01 
 1.59000e+02  1.21516e+01 
 1.59500e+02  1.21516e+01 
 1.60000e+02  1.21517e+01 
 1.60500e+02  1.21517e+01 
 1.61000e+02  1.21519e+01 
 1.61500e+02  1.21518e+01 
 1.62000e+02  1.21514e+01 
 1.62500e+02  1.21517e+01 
 1.63000e+02  1.21517e+01 
 1.63500e+02  1.21512e+01 
 1.64000e+02  1.21513e+01 
 1.64500e+02  1.21514e+01 
 1.65000e+02  1.21514e+01 
 1.65500e+02  1.21512e+01 
 1.66000e+02  1.21514e+01 
 1.66500e+02  1.21513e+01 
 1.67000e+02  1.21511e+01 
 1.67500e+02  1.21508e+01 
 1.68000e+02  1.21511e+01 
 1.68500e+02  1.21509e+01 
 1.69000e+02  1.21508e+01 
 1.69500e+02  1.21505e+01 
 1.70000e+02  1.21510e+01 
 1.70500e+02  1.21516e+01 
 1.71000e+02  1.21512e+01 
 1.71500e+02  1.21510e+01 
 1.72000e+02  1.21512e+01 
 1.72500e+02  1.21509e+01 
 1.73000e+02  1.21508e+01 
 1.73500e+02  1.21510e+01 
 1.74000e+02  1.21510e+01 
 1.74500e+02  1.21508e+01 
 1.75000e+02  1.21507e+01 
 1.75500e+02  1.21507e+01 
 1.76000e+02  1.21505e+01 
 1.76500e+02  1.21505e+01 
 1.77000e+02  1.21504e+01 
 1.77500e+02  1.21502e+01 
 1.78000e+02  1.21502e+01 
 1.78500e+02  1.21503e+01 
 1.79000e+02  1.21498e+01 
 1.79500e+02  1.21498e+01 
 1.80000e+02  1.21495e+01 
 1.80500e+02  1.21496e+01 
 1.81000e+02  1.21493e+01 
 1.81500e+02  1.21494e+01 
 1.82000e+02  1.21491e+01 
 1.82500e+02  1.21488e+01 
 1.83000e+02  1.21485e+01 
 1.83500e+02  1.21486e+01 
 1.84000e+02  1.21483e+01 
 1.84500e+02  1.21484e+01 
 1.85000e+02  1.21481e+01 
 1.85500e+02  1.21480e+01 
 1.86000e+02  1.21479e+01 
 1.86500e+02  1.21478e+01 
 1.87000e+02  1.21474e+01 
 1.87500e+02  1.21471e+01 
 1.88000e+02  1.21471e+01 
 1.88500e+02  1.21470e+01 
 1.89000e+02  1.21468e+01 
 1.89500e+02  1.21469e+01 
 1.90000e+02  1.21466e+01 
 1.90500e+02  1.21460e+01 
 1.91000e+02  1.21455e+01 
 1.91500e+02  1.21452e+01 
 1.92000e+02  1.21449e+01 
 1.92500e+02  1.21450e+01 
 1.93000e+02  1.21446e+01 
 1.93500e+02  1.21442e+01 
 1.94000e+02  1.21438e+01 
 1.94500e+02  1.21431e+01 
 1.95000e+02  1.21427e+01 
 1.95500e+02  1.21424e+01 
 1.96000e+02  1.21422e+01 
 1.96500e+02  1.21417e+01 
 1.97000e+02  1.21410e+01 
 1.97500e+02  1.21406e+01 
 1.98000e+02  1.21401e+01 
 1.98500e+02  1.21400e+01 
 1.99000e+02  1.21396e+01 
 1.99500e+02  1.21389e+01 
 2.00000e+02  1.21381e+01 
 2.00500e+02  1.21372e+01 
 2.01000e+02  1.21365e+01 
 2.01500e+02  1.21361e+01 
 2.02000e+02  1.21355e+01 
 2.02500e+02  1.21346e+01 
 2.03000e+02  1.21335e+01 
 2.03500e+02  1.21323e+01 
 2.04000e+02  1.21311e+01 
 2.04500e+02  1.21301e+01 
 2.05000e+02  1.21292e+01 
 2.05500e+02  1.21282e+01 
 2.06000e+02  1.21268e+01 
 2.06500e+02  1.21251e+01 
 2.07000e+02  1.21234e+01 
 2.07500e+02  1.21222e+01 
 2.08000e+02  1.21211e+01 
 2.08500e+02  1.21201e+01 
 2.09000e+02  1.21190e+01 
 2.09500e+02  1.21175e+01 
 2.10000e+02  1.21160e+01 
 2.10500e+02  1.21147e+01 
 2.11000e+02  1.21136e+01 
 2.11500e+02  1.21125e+01 
 2.12000e+02  1.21113e+01 
 2.12500e+02  1.21098e+01 
 2.13000e+02  1.21084e+01 
 2.13500e+02  1.21070e+01 
 2.14000e+02  1.21056e+01 
 2.14500e+02  1.21038e+01 
 2.15000e+02  1.21021e+01 
 2.15500e+02  1.21007e+01 
 2.16000e+02  1.20991e+01 
 2.16500e+02  1.20976e+01 
 2.17000e+02  1.20960e+01 
 2.17500e+02  1.20945e+01 
 2.18000e+02  1.20931e+01 
 2.18500e+02  1.20920e+01 
 2.19000e+02  1.20908e+01 
 2.19500e+02  1.20893e+01 
 2.20000e+02  1.20878e+01 
 2.20500e+02  1.20863e+01 
 2.21000e+02  1.20845e+01 
 2.21500e+02  1.20822e+01 
 2.22000e+02  1.20796e+01 
 2.22500e+02  1.20770e+01 
 2.23000e+02  1.20746e+01 
 2.23500e+02  1.20724e+01 
 2.24000e+02  1.20703e+01 
 2.24500e+02  1.20684e+01 
 2.25000e+02  1.20666e+01 
 2.25500e+02  1.20646e+01 
 2.26000e+02  1.20625e+01 
 2.26500e+02  1.20600e+01 
 2.27000e+02  1.20572e+01 
 2.27500e+02  1.20545e+01 
 2.28000e+02  1.20520e+01 
 2.28500e+02  1.20492e+01 
 2.29000e+02  1.20463e+01 
 2.29500e+02  1.20433e+01 
 2.30000e+02  1.20402e+01 
 2.30500e+02  1.20369e+01 
 2.31000e+02  1.20336e+01 
 2.31500e+02  1.20303e+01 
 2.32000e+02  1.20269e+01 
 2.32500e+02  1.20235e+01 
 2.33000e+02  1.20201e+01 
 2.33500e+02  1.20169e+01 
 2.34000e+02  1.20139e+01 
 2.34500e+02  1.20110e+01 
 2.35000e+02  1.20080e+01 
 2.35500e+02  1.20048e+01 
 2.36000e+02  1.20014e+01 
 2.36500e+02  1.19980e+01 
 2.37000e+02  1.19945e+01 
 2.37500e+02  1.19908e+01 
 2.38000e+02  1.19871e+01 
 2.38500e+02  1.19835e+01 
 2.39000e+02  1.19797e+01 
 2.39500e+02  1.19757e+01 
 2.40000e+02  1.19715e+01 
 2.40500e+02  1.19673e+01 
 2.41000e+02  1.19631e+01 
 2.41500e+02  1.19589e+01 
 2.42000e+02  1.19546e+01 
 2.42500e+02  1.19505e+01 
 2.43000e+02  1.19464e+01 
 2.43500e+02  1.19423e+01 
 2.44000e+02  1.19380e+01 
 2.44500e+02  1.19335e+01 
 2.45000e+02  1.19289e+01 
 2.45500e+02  1.19244e+01 
 2.46000e+02  1.19199e+01 
 2.46500e+02  1.19150e+01 
 2.47000e+02  1.19098e+01 
 2.47500e+02  1.19042e+01 
 2.48000e+02  1.18982e+01 
 2.48500e+02  1.18918e+01 
 2.49000e+02  1.18853e+01 
 2.49500e+02  1.18784e+01 
 2.50000e+02  1.18711e+01 
 2.50500e+02  1.18636e+01 
 2.51000e+02  1.18557e+01 
 2.51500e+02  1.18476e+01 
 2.52000e+02  1.18392e+01 
 2.52500e+02  1.18304e+01 
 2.53000e+02  1.18212e+01 
 2.53500e+02  1.18116e+01 
 2.54000e+02  1.18016e+01 
 2.54500e+02  1.17912e+01 
 2.55000e+02  1.17804e+01 
 2.55500e+02  1.17693e+01 
 2.56000e+02  1.17579e+01 
 2.56500e+02  1.17459e+01 
 2.57000e+02  1.17335e+01 
 2.57500e+02  1.17203e+01 
 2.58000e+02  1.17065e+01 
 2.58500e+02  1.16920e+01 
 2.59000e+02  1.16769e+01 
 2.59500e+02  1.16612e+01 
 2.60000e+02  1.16449e+01 
 2.60500e+02  1.16279e+01 
 2.61000e+02  1.16102e+01 
 2.61500e+02  1.15916e+01 
 2.62000e+02  1.15723e+01 
 2.62500e+02  1.15522e+01 
 2.63000e+02  1.15312e+01 
 2.63500e+02  1.15092e+01 
 2.64000e+02  1.14863e+01 
 2.64500e+02  1.14624e+01 
 2.65000e+02  1.14375e+01 
 2.65500e+02  1.14116e+01 
 2.66000e+02  1.13847e+01 
 2.66500e+02  1.13565e+01 
 2.67000e+02  1.13271e+01 
 2.67500e+02  1.12966e+01 
 2.68000e+02  1.12648e+01 
 2.68500e+02  1.12317e+01 
 2.69000e+02  1.11974e+01 
 2.69500e+02  1.11617e+01 
 2.70000e+02  1.11247e+01 
 2.70500e+02  1.10862e+01 
 2.71000e+02  1.10464e+01 
 2.71500e+02  1.10051e+01 
 2.72000e+02  1.09624e+01 
 2.72500e+02  1.09182e+01 
 2.73000e+02  1.08726e+01 
 2.73500e+02  1.08254e+01 
 2.74000e+02  1.07767e+01 
 2.74500e+02  1.07266e+01 
 2.75000e+02  1.06749e+01 
 2.75500e+02  1.06216e+01 
 2.76000e+02  1.05668e+01 
 2.76500e+02  1.05104e+01 
 2.77000e+02  1.04526e+01 
 2.77500e+02  1.03932e+01 
 2.78000e+02  1.03323e+01 
 2.78500e+02  1.02699e+01 
 2.79000e+02  1.02060e+01 
 2.79500e+02  1.01406e+01 
 2.80000e+02  1.00738e+01 
 2.80500e+02  1.00054e+01 
 2.81000e+02  9.93546e+00 
 2.81500e+02  9.86404e+00 
 2.82000e+02  9.79113e+00 
 2.82500e+02  9.71669e+00 
 2.83000e+02  9.64070e+00 
 2.83500e+02  9.56319e+00 
 2.84000e+02  9.48416e+00 
 2.84500e+02  9.40360e+00 
 2.85000e+02  9.32151e+00 
 2.85500e+02  9.23792e+00 
 2.86000e+02  9.15284e+00 
 2.86500e+02  9.06623e+00 
 2.87000e+02  8.97807e+00 
 2.87500e+02  8.88837e+00 
 2.88000e+02  8.79715e+00 
 2.88500e+02  8.70441e+00 
 2.89000e+02  8.61016e+00 
 2.89500e+02  8.51438e+00 
 2.90000e+02  8.41709e+00 
 2.90500e+02  8.31831e+00 
 2.91000e+02  8.21801e+00 
 2.91500e+02  8.11618e+00 
 2.92000e+02  8.01284e+00 
 2.92500e+02  7.90799e+00 
 2.93000e+02  7.80159e+00 
 2.93500e+02  7.69366e+00 
 2.94000e+02  7.58420e+00 
 2.94500e+02  7.47324e+00 
 2.95000e+02  7.36080e+00 
 2.95500e+02  7.24687e+00 
 2.96000e+02  7.13147e+00 
 2.96500e+02  7.01461e+00 
 2.97000e+02  6.89632e+00 
 2.97500e+02  6.77657e+00 
 2.98000e+02  6.65538e+00 
 2.98500e+02  6.53276e+00 
 2.99000e+02  6.40873e+00 
 2.99500e+02  6.28329e+00 
 3.00000e+02  6.15646e+00 
 3.00500e+02  6.02823e+00 
 3.01000e+02  5.89861e+00 
 3.01500e+02  5.76763e+00 
 3.02000e+02  5.63528e+00 
 3.02500e+02  5.50156e+00 
 3.03000e+02  5.36647e+00 
 3.03500e+02  5.23003e+00 
 3.04000e+02  5.09222e+00 
 3.04500e+02  4.95304e+00 
 3.05000e+02  4.81249e+00 
 3.05500e+02  4.67055e+00 
 3.06000e+02  4.52724e+00 
 3.06500e+02  4.38259e+00 
 3.07000e+02  4.23658e+00 
 3.07500e+02  4.08922e+00 
 3.08000e+02  3.94054e+00 
 3.08500e+02  3.79057e+00 
 3.09000e+02  3.63931e+00 
 3.09500e+02  3.48675e+00 
 3.10000e+02  3.33289e+00 
 3.10500e+02  3.17773e+00 
 3.11000e+02  3.02126e+00 
 3.11500e+02  2.86351e+00 
 3.12000e+02  2.70447e+00 
 3.12500e+02  2.54415e+00 
 3.13000e+02  2.38257e+00 
 3.13500e+02  2.21971e+00 
 3.14000e+02  2.05558e+00 
 3.14500e+02  1.89018e+00 
 3.15000e+02  1.72351e+00 
 3.15500e+02  1.55559e+00 
 3.16000e+02  1.38644e+00 
 3.16500e+02  1.21605e+00 
 3.17000e+02  1.04442e+00 
 3.17500e+02  8.71563e-01 
 3.18000e+02  6.97472e-01 
 3.18500e+02  5.22143e-01 
 3.19000e+02  3.45583e-01 
 3.19500e+02  1.67805e-01 
