 0.00000e+00  0.00000e+00 
 5.00000e-01  1.77376e-01 
 1.00000e+00  3.53575e-01 
 1.50000e+00  5.28605e-01 
 2.00000e+00  7.02462e-01 
 2.50000e+00  8.75128e-01 
 3.00000e+00  1.04658e+00 
 3.50000e+00  1.21683e+00 
 4.00000e+00  1.38586e+00 
 4.50000e+00  1.55370e+00 
 5.00000e+00  1.72034e+00 
 5.50000e+00  1.88576e+00 
 6.00000e+00  2.04994e+00 
 6.50000e+00  2.21288e+00 
 7.00000e+00  2.37458e+00 
 7.50000e+00  2.53501e+00 
 8.00000e+00  2.69418e+00 
 8.50000e+00  2.85209e+00 
 9.00000e+00  3.00873e+00 
 9.50000e+00  3.16408e+00 
 1.00000e+01  3.31816e+00 
 1.05000e+01  3.47097e+00 
 1.10000e+01  3.62252e+00 
 1.15000e+01  3.77281e+00 
 1.20000e+01  3.92183e+00 
 1.25000e+01  4.06959e+00 
 1.30000e+01  4.21607e+00 
 1.35000e+01  4.36126e+00 
 1.40000e+01  4.50514e+00 
 1.45000e+01  4.64771e+00 
 1.50000e+01  4.78896e+00 
 1.55000e+01  4.92890e+00 
 1.60000e+01  5.06752e+00 
 1.65000e+01  5.20480e+00 
 1.70000e+01  5.34071e+00 
 1.75000e+01  5.47525e+00 
 1.80000e+01  5.60841e+00 
 1.85000e+01  5.74021e+00 
 1.90000e+01  5.87062e+00 
 1.95000e+01  5.99964e+00 
 2.00000e+01  6.12726e+00 
 2.05000e+01  6.25350e+00 
 2.10000e+01  6.37836e+00 
 2.15000e+01  6.50182e+00 
 2.20000e+01  6.62386e+00 
 2.25000e+01  6.74446e+00 
 2.30000e+01  6.86360e+00 
 2.35000e+01  6.98131e+00 
 2.40000e+01  7.09758e+00 
 2.45000e+01  7.21239e+00 
 2.50000e+01  7.32575e+00 
 2.55000e+01  7.43764e+00 
 2.60000e+01  7.54807e+00 
 2.65000e+01  7.65706e+00 
 2.70000e+01  7.76460e+00 
 2.75000e+01  7.87069e+00 
 2.80000e+01  7.97531e+00 
 2.85000e+01  8.07848e+00 
 2.90000e+01  8.18021e+00 
 2.95000e+01  8.28047e+00 
 3.00000e+01  8.37926e+00 
 3.05000e+01  8.47658e+00 
 3.10000e+01  8.57244e+00 
 3.15000e+01  8.66682e+00 
 3.20000e+01  8.75973e+00 
 3.25000e+01  8.85116e+00 
 3.30000e+01  8.94112e+00 
 3.35000e+01  9.02959e+00 
 3.40000e+01  9.11657e+00 
 3.45000e+01  9.20204e+00 
 3.50000e+01  9.28600e+00 
 3.55000e+01  9.36846e+00 
 3.60000e+01  9.44939e+00 
 3.65000e+01  9.52881e+00 
 3.70000e+01  9.60672e+00 
 3.75000e+01  9.68313e+00 
 3.80000e+01  9.75803e+00 
 3.85000e+01  9.83146e+00 
 3.90000e+01  9.90343e+00 
 3.95000e+01  9.97391e+00 
 4.00000e+01  1.00429e+01 
 4.05000e+01  1.01104e+01 
 4.10000e+01  1.01764e+01 
 4.15000e+01  1.02409e+01 
 4.20000e+01  1.03039e+01 
 4.25000e+01  1.03653e+01 
 4.30000e+01  1.04251e+01 
 4.35000e+01  1.04834e+01 
 4.40000e+01  1.05402e+01 
 4.45000e+01  1.05955e+01 
 4.50000e+01  1.06492e+01 
 4.55000e+01  1.07013e+01 
 4.60000e+01  1.07520e+01 
 4.65000e+01  1.08013e+01 
 4.70000e+01  1.08491e+01 
 4.75000e+01  1.08954e+01 
 4.80000e+01  1.09404e+01 
 4.85000e+01  1.09839e+01 
 4.90000e+01  1.10261e+01 
 4.95000e+01  1.10669e+01 
 5.00000e+01  1.11064e+01 
 5.05000e+01  1.11445e+01 
 5.10000e+01  1.11812e+01 
 5.15000e+01  1.12165e+01 
 5.20000e+01  1.12506e+01 
 5.25000e+01  1.12835e+01 
 5.30000e+01  1.13152e+01 
 5.35000e+01  1.13457e+01 
 5.40000e+01  1.13750e+01 
 5.45000e+01  1.14033e+01 
 5.50000e+01  1.14306e+01 
 5.55000e+01  1.14567e+01 
 5.60000e+01  1.14817e+01 
 5.65000e+01  1.15059e+01 
 5.70000e+01  1.15291e+01 
 5.75000e+01  1.15514e+01 
 5.80000e+01  1.15727e+01 
 5.85000e+01  1.15931e+01 
 5.90000e+01  1.16126e+01 
 5.95000e+01  1.16312e+01 
 6.00000e+01  1.16491e+01 
 6.05000e+01  1.16663e+01 
 6.10000e+01  1.16826e+01 
 6.15000e+01  1.16981e+01 
 6.20000e+01  1.17129e+01 
 6.25000e+01  1.17271e+01 
 6.30000e+01  1.17407e+01 
 6.35000e+01  1.17537e+01 
 6.40000e+01  1.17661e+01 
 6.45000e+01  1.17779e+01 
 6.50000e+01  1.17892e+01 
 6.55000e+01  1.18000e+01 
 6.60000e+01  1.18104e+01 
 6.65000e+01  1.18204e+01 
 6.70000e+01  1.18301e+01 
 6.75000e+01  1.18393e+01 
 6.80000e+01  1.18481e+01 
 6.85000e+01  1.18567e+01 
 6.90000e+01  1.18650e+01 
 6.95000e+01  1.18731e+01 
 7.00000e+01  1.18810e+01 
 7.05000e+01  1.18888e+01 
 7.10000e+01  1.18965e+01 
 7.15000e+01  1.19039e+01 
 7.20000e+01  1.19110e+01 
 7.25000e+01  1.19179e+01 
 7.30000e+01  1.19246e+01 
 7.35000e+01  1.19311e+01 
 7.40000e+01  1.19376e+01 
 7.45000e+01  1.19437e+01 
 7.50000e+01  1.19498e+01 
 7.55000e+01  1.19560e+01 
 7.60000e+01  1.19621e+01 
 7.65000e+01  1.19678e+01 
 7.70000e+01  1.19729e+01 
 7.75000e+01  1.19778e+01 
 7.80000e+01  1.19827e+01 
 7.85000e+01  1.19877e+01 
 7.90000e+01  1.19925e+01 
 7.95000e+01  1.19971e+01 
 8.00000e+01  1.20010e+01 
 8.05000e+01  1.20044e+01 
 8.10000e+01  1.20079e+01 
 8.15000e+01  1.20116e+01 
 8.20000e+01  1.20153e+01 
 8.25000e+01  1.20190e+01 
 8.30000e+01  1.20229e+01 
 8.35000e+01  1.20268e+01 
 8.40000e+01  1.20305e+01 
 8.45000e+01  1.20339e+01 
 8.50000e+01  1.20369e+01 
 8.55000e+01  1.20399e+01 
 8.60000e+01  1.20432e+01 
 8.65000e+01  1.20466e+01 
 8.70000e+01  1.20499e+01 
 8.75000e+01  1.20530e+01 
 8.80000e+01  1.20560e+01 
 8.85000e+01  1.20586e+01 
 8.90000e+01  1.20609e+01 
 8.95000e+01  1.20631e+01 
 9.00000e+01  1.20654e+01 
 9.05000e+01  1.20679e+01 
 9.10000e+01  1.20703e+01 
 9.15000e+01  1.20729e+01 
 9.20000e+01  1.20757e+01 
 9.25000e+01  1.20786e+01 
 9.30000e+01  1.20815e+01 
 9.35000e+01  1.20844e+01 
 9.40000e+01  1.20870e+01 
 9.45000e+01  1.20890e+01 
 9.50000e+01  1.20906e+01 
 9.55000e+01  1.20923e+01 
 9.60000e+01  1.20942e+01 
 9.65000e+01  1.20961e+01 
 9.70000e+01  1.20980e+01 
 9.75000e+01  1.21000e+01 
 9.80000e+01  1.21024e+01 
 9.85000e+01  1.21045e+01 
 9.90000e+01  1.21065e+01 
 9.95000e+01  1.21083e+01 
 1.00000e+02  1.21100e+01 
 1.00500e+02  1.21116e+01 
 1.01000e+02  1.21129e+01 
 1.01500e+02  1.21140e+01 
 1.02000e+02  1.21152e+01 
 1.02500e+02  1.21164e+01 
 1.03000e+02  1.21177e+01 
 1.03500e+02  1.21190e+01 
 1.04000e+02  1.21205e+01 
 1.04500e+02  1.21221e+01 
 1.05000e+02  1.21239e+01 
 1.05500e+02  1.21257e+01 
 1.06000e+02  1.21277e+01 
 1.06500e+02  1.21296e+01 
 1.07000e+02  1.21313e+01 
 1.07500e+02  1.21330e+01 
 1.08000e+02  1.21344e+01 
 1.08500e+02  1.21357e+01 
 1.09000e+02  1.21368e+01 
 1.09500e+02  1.21380e+01 
 1.10000e+02  1.21394e+01 
 1.10500e+02  1.21408e+01 
 1.11000e+02  1.21418e+01 
 1.11500e+02  1.21423e+01 
 1.12000e+02  1.21429e+01 
 1.12500e+02  1.21439e+01 
 1.13000e+02  1.21450e+01 
 1.13500e+02  1.21459e+01 
 1.14000e+02  1.21466e+01 
 1.14500e+02  1.21476e+01 
 1.15000e+02  1.21487e+01 
 1.15500e+02  1.21498e+01 
 1.16000e+02  1.21509e+01 
 1.16500e+02  1.21520e+01 
 1.17000e+02  1.21531e+01 
 1.17500e+02  1.21542e+01 
 1.18000e+02  1.21553e+01 
 1.18500e+02  1.21561e+01 
 1.19000e+02  1.21568e+01 
 1.19500e+02  1.21574e+01 
 1.20000e+02  1.21581e+01 
 1.20500e+02  1.21585e+01 
 1.21000e+02  1.21590e+01 
 1.21500e+02  1.21598e+01 
 1.22000e+02  1.21606e+01 
 1.22500e+02  1.21614e+01 
 1.23000e+02  1.21621e+01 
 1.23500e+02  1.21625e+01 
 1.24000e+02  1.21629e+01 
 1.24500e+02  1.21632e+01 
 1.25000e+02  1.21637e+01 
 1.25500e+02  1.21641e+01 
 1.26000e+02  1.21643e+01 
 1.26500e+02  1.21645e+01 
 1.27000e+02  1.21651e+01 
 1.27500e+02  1.21655e+01 
 1.28000e+02  1.21656e+01 
 1.28500e+02  1.21659e+01 
 1.29000e+02  1.21665e+01 
 1.29500e+02  1.21666e+01 
 1.30000e+02  1.21667e+01 
 1.30500e+02  1.21669e+01 
 1.31000e+02  1.21671e+01 
 1.31500e+02  1.21674e+01 
 1.32000e+02  1.21679e+01 
 1.32500e+02  1.21680e+01 
 1.33000e+02  1.21681e+01 
 1.33500e+02  1.21681e+01 
 1.34000e+02  1.21680e+01 
 1.34500e+02  1.21686e+01 
 1.35000e+02  1.21689e+01 
 1.35500e+02  1.21693e+01 
 1.36000e+02  1.21696e+01 
 1.36500e+02  1.21694e+01 
 1.37000e+02  1.21698e+01 
 1.37500e+02  1.21699e+01 
 1.38000e+02  1.21698e+01 
 1.38500e+02  1.21699e+01 
 1.39000e+02  1.21699e+01 
 1.39500e+02  1.21702e+01 
 1.40000e+02  1.21702e+01 
 1.40500e+02  1.21702e+01 
 1.41000e+02  1.21704e+01 
 1.41500e+02  1.21708e+01 
 1.42000e+02  1.21710e+01 
 1.42500e+02  1.21711e+01 
 1.43000e+02  1.21713e+01 
 1.43500e+02  1.21715e+01 
 1.44000e+02  1.21716e+01 
 1.44500e+02  1.21714e+01 
 1.45000e+02  1.21715e+01 
 1.45500e+02  1.21716e+01 
 1.46000e+02  1.21716e+01 
 1.46500e+02  1.21716e+01 
 1.47000e+02  1.21714e+01 
 1.47500e+02  1.21718e+01 
 1.48000e+02  1.21720e+01 
 1.48500e+02  1.21720e+01 
 1.49000e+02  1.21722e+01 
 1.49500e+02  1.21725e+01 
 1.50000e+02  1.21726e+01 
 1.50500e+02  1.21727e+01 
 1.51000e+02  1.21726e+01 
 1.51500e+02  1.21725e+01 
 1.52000e+02  1.21727e+01 
 1.52500e+02  1.21727e+01 
 1.53000e+02  1.21727e+01 
 1.53500e+02  1.21727e+01 
 1.54000e+02  1.21725e+01 
 1.54500e+02  1.21726e+01 
 1.55000e+02  1.21726e+01 
 1.55500e+02  1.21724e+01 
 1.56000e+02  1.21724e+01 
 1.56500e+02  1.21726e+01 
 1.57000e+02  1.21725e+01 
 1.57500e+02  1.21723e+01 
 1.58000e+02  1.21724e+01 
 1.58500e+02  1.21726e+01 
 1.59000e+02  1.21725e+01 
 1.59500e+02  1.21726e+01 
 1.60000e+02  1.21727e+01 
 1.60500e+02  1.21726e+01 
 1.61000e+02  1.21727e+01 
 1.61500e+02  1.21724e+01 
 1.62000e+02  1.21725e+01 
 1.62500e+02  1.21727e+01 
 1.63000e+02  1.21727e+01 
 1.63500e+02  1.21728e+01 
 1.64000e+02  1.21726e+01 
 1.64500e+02  1.21729e+01 
 1.65000e+02  1.21731e+01 
 1.65500e+02  1.21729e+01 
 1.66000e+02  1.21727e+01 
 1.66500e+02  1.21727e+01 
 1.67000e+02  1.21727e+01 
 1.67500e+02  1.21724e+01 
 1.68000e+02  1.21722e+01 
 1.68500e+02  1.21723e+01 
 1.69000e+02  1.21725e+01 
 1.69500e+02  1.21725e+01 
 1.70000e+02  1.21721e+01 
 1.70500e+02  1.21720e+01 
 1.71000e+02  1.21719e+01 
 1.71500e+02  1.21721e+01 
 1.72000e+02  1.21721e+01 
 1.72500e+02  1.21718e+01 
 1.73000e+02  1.21719e+01 
 1.73500e+02  1.21717e+01 
 1.74000e+02  1.21714e+01 
 1.74500e+02  1.21714e+01 
 1.75000e+02  1.21714e+01 
 1.75500e+02  1.21712e+01 
 1.76000e+02  1.21710e+01 
 1.76500e+02  1.21707e+01 
 1.77000e+02  1.21707e+01 
 1.77500e+02  1.21705e+01 
 1.78000e+02  1.21704e+01 
 1.78500e+02  1.21704e+01 
 1.79000e+02  1.21702e+01 
 1.79500e+02  1.21700e+01 
 1.80000e+02  1.21697e+01 
 1.80500e+02  1.21699e+01 
 1.81000e+02  1.21695e+01 
 1.81500e+02  1.21693e+01 
 1.82000e+02  1.21694e+01 
 1.82500e+02  1.21691e+01 
 1.83000e+02  1.21691e+01 
 1.83500e+02  1.21692e+01 
 1.84000e+02  1.21689e+01 
 1.84500e+02  1.21687e+01 
 1.85000e+02  1.21682e+01 
 1.85500e+02  1.21682e+01 
 1.86000e+02  1.21677e+01 
 1.86500e+02  1.21675e+01 
 1.87000e+02  1.21673e+01 
 1.87500e+02  1.21671e+01 
 1.88000e+02  1.21672e+01 
 1.88500e+02  1.21671e+01 
 1.89000e+02  1.21668e+01 
 1.89500e+02  1.21665e+01 
 1.90000e+02  1.21667e+01 
 1.90500e+02  1.21663e+01 
 1.91000e+02  1.21658e+01 
 1.91500e+02  1.21657e+01 
 1.92000e+02  1.21656e+01 
 1.92500e+02  1.21650e+01 
 1.93000e+02  1.21646e+01 
 1.93500e+02  1.21642e+01 
 1.94000e+02  1.21640e+01 
 1.94500e+02  1.21636e+01 
 1.95000e+02  1.21628e+01 
 1.95500e+02  1.21623e+01 
 1.96000e+02  1.21619e+01 
 1.96500e+02  1.21613e+01 
 1.97000e+02  1.21606e+01 
 1.97500e+02  1.21601e+01 
 1.98000e+02  1.21594e+01 
 1.98500e+02  1.21591e+01 
 1.99000e+02  1.21589e+01 
 1.99500e+02  1.21586e+01 
 2.00000e+02  1.21582e+01 
 2.00500e+02  1.21576e+01 
 2.01000e+02  1.21571e+01 
 2.01500e+02  1.21566e+01 
 2.02000e+02  1.21558e+01 
 2.02500e+02  1.21550e+01 
 2.03000e+02  1.21544e+01 
 2.03500e+02  1.21537e+01 
 2.04000e+02  1.21527e+01 
 2.04500e+02  1.21517e+01 
 2.05000e+02  1.21507e+01 
 2.05500e+02  1.21497e+01 
 2.06000e+02  1.21486e+01 
 2.06500e+02  1.21474e+01 
 2.07000e+02  1.21460e+01 
 2.07500e+02  1.21445e+01 
 2.08000e+02  1.21428e+01 
 2.08500e+02  1.21415e+01 
 2.09000e+02  1.21404e+01 
 2.09500e+02  1.21394e+01 
 2.10000e+02  1.21383e+01 
 2.10500e+02  1.21373e+01 
 2.11000e+02  1.21360e+01 
 2.11500e+02  1.21342e+01 
 2.12000e+02  1.21325e+01 
 2.12500e+02  1.21308e+01 
 2.13000e+02  1.21292e+01 
 2.13500e+02  1.21277e+01 
 2.14000e+02  1.21260e+01 
 2.14500e+02  1.21244e+01 
 2.15000e+02  1.21230e+01 
 2.15500e+02  1.21215e+01 
 2.16000e+02  1.21198e+01 
 2.16500e+02  1.21179e+01 
 2.17000e+02  1.21164e+01 
 2.17500e+02  1.21150e+01 
 2.18000e+02  1.21140e+01 
 2.18500e+02  1.21128e+01 
 2.19000e+02  1.21116e+01 
 2.19500e+02  1.21099e+01 
 2.20000e+02  1.21084e+01 
 2.20500e+02  1.21069e+01 
 2.21000e+02  1.21052e+01 
 2.21500e+02  1.21031e+01 
 2.22000e+02  1.21008e+01 
 2.22500e+02  1.20984e+01 
 2.23000e+02  1.20956e+01 
 2.23500e+02  1.20929e+01 
 2.24000e+02  1.20903e+01 
 2.24500e+02  1.20881e+01 
 2.25000e+02  1.20863e+01 
 2.25500e+02  1.20845e+01 
 2.26000e+02  1.20826e+01 
 2.26500e+02  1.20807e+01 
 2.27000e+02  1.20787e+01 
 2.27500e+02  1.20764e+01 
 2.28000e+02  1.20739e+01 
 2.28500e+02  1.20711e+01 
 2.29000e+02  1.20684e+01 
 2.29500e+02  1.20655e+01 
 2.30000e+02  1.20620e+01 
 2.30500e+02  1.20585e+01 
 2.31000e+02  1.20553e+01 
 2.31500e+02  1.20524e+01 
 2.32000e+02  1.20496e+01 
 2.32500e+02  1.20467e+01 
 2.33000e+02  1.20436e+01 
 2.33500e+02  1.20405e+01 
 2.34000e+02  1.20376e+01 
 2.34500e+02  1.20348e+01 
 2.35000e+02  1.20320e+01 
 2.35500e+02  1.20291e+01 
 2.36000e+02  1.20261e+01 
 2.36500e+02  1.20231e+01 
 2.37000e+02  1.20200e+01 
 2.37500e+02  1.20169e+01 
 2.38000e+02  1.20137e+01 
 2.38500e+02  1.20103e+01 
 2.39000e+02  1.20070e+01 
 2.39500e+02  1.20032e+01 
 2.40000e+02  1.19992e+01 
 2.40500e+02  1.19947e+01 
 2.41000e+02  1.19899e+01 
 2.41500e+02  1.19851e+01 
 2.42000e+02  1.19805e+01 
 2.42500e+02  1.19761e+01 
 2.43000e+02  1.19718e+01 
 2.43500e+02  1.19674e+01 
 2.44000e+02  1.19627e+01 
 2.44500e+02  1.19580e+01 
 2.45000e+02  1.19534e+01 
 2.45500e+02  1.19488e+01 
 2.46000e+02  1.19440e+01 
 2.46500e+02  1.19388e+01 
 2.47000e+02  1.19333e+01 
 2.47500e+02  1.19278e+01 
 2.48000e+02  1.19221e+01 
 2.48500e+02  1.19162e+01 
 2.49000e+02  1.19101e+01 
 2.49500e+02  1.19038e+01 
 2.50000e+02  1.18972e+01 
 2.50500e+02  1.18901e+01 
 2.51000e+02  1.18823e+01 
 2.51500e+02  1.18741e+01 
 2.52000e+02  1.18655e+01 
 2.52500e+02  1.18563e+01 
 2.53000e+02  1.18467e+01 
 2.53500e+02  1.18365e+01 
 2.54000e+02  1.18260e+01 
 2.54500e+02  1.18151e+01 
 2.55000e+02  1.18040e+01 
 2.55500e+02  1.17926e+01 
 2.56000e+02  1.17808e+01 
 2.56500e+02  1.17683e+01 
 2.57000e+02  1.17552e+01 
 2.57500e+02  1.17416e+01 
 2.58000e+02  1.17274e+01 
 2.58500e+02  1.17127e+01 
 2.59000e+02  1.16973e+01 
 2.59500e+02  1.16813e+01 
 2.60000e+02  1.16647e+01 
 2.60500e+02  1.16475e+01 
 2.61000e+02  1.16295e+01 
 2.61500e+02  1.16108e+01 
 2.62000e+02  1.15913e+01 
 2.62500e+02  1.15710e+01 
 2.63000e+02  1.15499e+01 
 2.63500e+02  1.15279e+01 
 2.64000e+02  1.15049e+01 
 2.64500e+02  1.14810e+01 
 2.65000e+02  1.14560e+01 
 2.65500e+02  1.14299e+01 
 2.66000e+02  1.14028e+01 
 2.66500e+02  1.13745e+01 
 2.67000e+02  1.13450e+01 
 2.67500e+02  1.13144e+01 
 2.68000e+02  1.12825e+01 
 2.68500e+02  1.12495e+01 
 2.69000e+02  1.12151e+01 
 2.69500e+02  1.11795e+01 
 2.70000e+02  1.11424e+01 
 2.70500e+02  1.11040e+01 
 2.71000e+02  1.10642e+01 
 2.71500e+02  1.10231e+01 
 2.72000e+02  1.09804e+01 
 2.72500e+02  1.09364e+01 
 2.73000e+02  1.08908e+01 
 2.73500e+02  1.08438e+01 
 2.74000e+02  1.07953e+01 
 2.74500e+02  1.07454e+01 
 2.75000e+02  1.06939e+01 
 2.75500e+02  1.06410e+01 
 2.76000e+02  1.05865e+01 
 2.76500e+02  1.05305e+01 
 2.77000e+02  1.04730e+01 
 2.77500e+02  1.04140e+01 
 2.78000e+02  1.03534e+01 
 2.78500e+02  1.02914e+01 
 2.79000e+02  1.02278e+01 
 2.79500e+02  1.01628e+01 
 2.80000e+02  1.00961e+01 
 2.80500e+02  1.00280e+01 
 2.81000e+02  9.95823e+00 
 2.81500e+02  9.88696e+00 
 2.82000e+02  9.81417e+00 
 2.82500e+02  9.73984e+00 
 2.83000e+02  9.66394e+00 
 2.83500e+02  9.58645e+00 
 2.84000e+02  9.50739e+00 
 2.84500e+02  9.42676e+00 
 2.85000e+02  9.34459e+00 
 2.85500e+02  9.26088e+00 
 2.86000e+02  9.17564e+00 
 2.86500e+02  9.08883e+00 
 2.87000e+02  9.00047e+00 
 2.87500e+02  8.91058e+00 
 2.88000e+02  8.81914e+00 
 2.88500e+02  8.72617e+00 
 2.89000e+02  8.63166e+00 
 2.89500e+02  8.53562e+00 
 2.90000e+02  8.43803e+00 
 2.90500e+02  8.33892e+00 
 2.91000e+02  8.23829e+00 
 2.91500e+02  8.13617e+00 
 2.92000e+02  8.03253e+00 
 2.92500e+02  7.92738e+00 
 2.93000e+02  7.82072e+00 
 2.93500e+02  7.71258e+00 
 2.94000e+02  7.60296e+00 
 2.94500e+02  7.49185e+00 
 2.95000e+02  7.37927e+00 
 2.95500e+02  7.26520e+00 
 2.96000e+02  7.14966e+00 
 2.96500e+02  7.03266e+00 
 2.97000e+02  6.91423e+00 
 2.97500e+02  6.79437e+00 
 2.98000e+02  6.67309e+00 
 2.98500e+02  6.55037e+00 
 2.99000e+02  6.42621e+00 
 2.99500e+02  6.30063e+00 
 3.00000e+02  6.17363e+00 
 3.00500e+02  6.04521e+00 
 3.01000e+02  5.91542e+00 
 3.01500e+02  5.78423e+00 
 3.02000e+02  5.65167e+00 
 3.02500e+02  5.51772e+00 
 3.03000e+02  5.38242e+00 
 3.03500e+02  5.24574e+00 
 3.04000e+02  5.10765e+00 
 3.04500e+02  4.96819e+00 
 3.05000e+02  4.82735e+00 
 3.05500e+02  4.68513e+00 
 3.06000e+02  4.54151e+00 
 3.06500e+02  4.39652e+00 
 3.07000e+02  4.25017e+00 
 3.07500e+02  4.10247e+00 
 3.08000e+02  3.95344e+00 
 3.08500e+02  3.80307e+00 
 3.09000e+02  3.65139e+00 
 3.09500e+02  3.49838e+00 
 3.10000e+02  3.34403e+00 
 3.10500e+02  3.18838e+00 
 3.11000e+02  3.03142e+00 
 3.11500e+02  2.87317e+00 
 3.12000e+02  2.71361e+00 
 3.12500e+02  2.55275e+00 
 3.13000e+02  2.39061e+00 
 3.13500e+02  2.22719e+00 
 3.14000e+02  2.06251e+00 
 3.14500e+02  1.89656e+00 
 3.15000e+02  1.72936e+00 
 3.15500e+02  1.56090e+00 
 3.16000e+02  1.39119e+00 
 3.16500e+02  1.22025e+00 
 3.17000e+02  1.04807e+00 
 3.17500e+02  8.74654e-01 
 3.18000e+02  7.00012e-01 
 3.18500e+02  5.24146e-01 
 3.19000e+02  3.47072e-01 
 3.19500e+02  1.68801e-01 
