 0.00000e+00  0.00000e+00 
 5.00000e-01  1.79368e-01 
 1.00000e+00  3.57533e-01 
 1.50000e+00  5.34487e-01 
 2.00000e+00  7.10234e-01 
 2.50000e+00  8.84767e-01 
 3.00000e+00  1.05808e+00 
 3.50000e+00  1.23017e+00 
 4.00000e+00  1.40100e+00 
 4.50000e+00  1.57057e+00 
 5.00000e+00  1.73890e+00 
 5.50000e+00  1.90599e+00 
 6.00000e+00  2.07183e+00 
 6.50000e+00  2.23640e+00 
 7.00000e+00  2.39972e+00 
 7.50000e+00  2.56176e+00 
 8.00000e+00  2.72252e+00 
 8.50000e+00  2.88201e+00 
 9.00000e+00  3.04023e+00 
 9.50000e+00  3.19715e+00 
 1.00000e+01  3.35277e+00 
 1.05000e+01  3.50709e+00 
 1.10000e+01  3.66007e+00 
 1.15000e+01  3.81172e+00 
 1.20000e+01  3.96203e+00 
 1.25000e+01  4.11101e+00 
 1.30000e+01  4.25864e+00 
 1.35000e+01  4.40492e+00 
 1.40000e+01  4.54985e+00 
 1.45000e+01  4.69341e+00 
 1.50000e+01  4.83561e+00 
 1.55000e+01  4.97645e+00 
 1.60000e+01  5.11590e+00 
 1.65000e+01  5.25394e+00 
 1.70000e+01  5.39060e+00 
 1.75000e+01  5.52586e+00 
 1.80000e+01  5.65971e+00 
 1.85000e+01  5.79213e+00 
 1.90000e+01  5.92310e+00 
 1.95000e+01  6.05264e+00 
 2.00000e+01  6.18079e+00 
 2.05000e+01  6.30754e+00 
 2.10000e+01  6.43286e+00 
 2.15000e+01  6.55678e+00 
 2.20000e+01  6.67926e+00 
 2.25000e+01  6.80032e+00 
 2.30000e+01  6.91993e+00 
 2.35000e+01  7.03812e+00 
 2.40000e+01  7.15486e+00 
 2.45000e+01  7.27015e+00 
 2.50000e+01  7.38396e+00 
 2.55000e+01  7.49628e+00 
 2.60000e+01  7.60711e+00 
 2.65000e+01  7.71645e+00 
 2.70000e+01  7.82429e+00 
 2.75000e+01  7.93062e+00 
 2.80000e+01  8.03543e+00 
 2.85000e+01  8.13874e+00 
 2.90000e+01  8.24051e+00 
 2.95000e+01  8.34072e+00 
 3.00000e+01  8.43940e+00 
 3.05000e+01  8.53658e+00 
 3.10000e+01  8.63222e+00 
 3.15000e+01  8.72628e+00 
 3.20000e+01  8.81878e+00 
 3.25000e+01  8.90977e+00 
 3.30000e+01  8.99922e+00 
 3.35000e+01  9.08711e+00 
 3.40000e+01  9.17346e+00 
 3.45000e+01  9.25829e+00 
 3.50000e+01  9.34163e+00 
 3.55000e+01  9.42345e+00 
 3.60000e+01  9.50376e+00 
 3.65000e+01  9.58255e+00 
 3.70000e+01  9.65982e+00 
 3.75000e+01  9.73554e+00 
 3.80000e+01  9.80974e+00 
 3.85000e+01  9.88244e+00 
 3.90000e+01  9.95360e+00 
 3.95000e+01  1.00232e+01 
 4.00000e+01  1.00912e+01 
 4.05000e+01  1.01577e+01 
 4.10000e+01  1.02227e+01 
 4.15000e+01  1.02861e+01 
 4.20000e+01  1.03481e+01 
 4.25000e+01  1.04085e+01 
 4.30000e+01  1.04674e+01 
 4.35000e+01  1.05248e+01 
 4.40000e+01  1.05807e+01 
 4.45000e+01  1.06351e+01 
 4.50000e+01  1.06879e+01 
 4.55000e+01  1.07392e+01 
 4.60000e+01  1.07891e+01 
 4.65000e+01  1.08374e+01 
 4.70000e+01  1.08843e+01 
 4.75000e+01  1.09297e+01 
 4.80000e+01  1.09738e+01 
 4.85000e+01  1.10164e+01 
 4.90000e+01  1.10576e+01 
 4.95000e+01  1.10975e+01 
 5.00000e+01  1.11359e+01 
 5.05000e+01  1.11730e+01 
 5.10000e+01  1.12088e+01 
 5.15000e+01  1.12434e+01 
 5.20000e+01  1.12767e+01 
 5.25000e+01  1.13089e+01 
 5.30000e+01  1.13399e+01 
 5.35000e+01  1.13697e+01 
 5.40000e+01  1.13984e+01 
 5.45000e+01  1.14260e+01 
 5.50000e+01  1.14523e+01 
 5.55000e+01  1.14775e+01 
 5.60000e+01  1.15014e+01 
 5.65000e+01  1.15243e+01 
 5.70000e+01  1.15462e+01 
 5.75000e+01  1.15671e+01 
 5.80000e+01  1.15872e+01 
 5.85000e+01  1.16064e+01 
 5.90000e+01  1.16248e+01 
 5.95000e+01  1.16424e+01 
 6.00000e+01  1.16592e+01 
 6.05000e+01  1.16754e+01 
 6.10000e+01  1.16908e+01 
 6.15000e+01  1.17056e+01 
 6.20000e+01  1.17195e+01 
 6.25000e+01  1.17329e+01 
 6.30000e+01  1.17458e+01 
 6.35000e+01  1.17581e+01 
 6.40000e+01  1.17699e+01 
 6.45000e+01  1.17814e+01 
 6.50000e+01  1.17926e+01 
 6.55000e+01  1.18035e+01 
 6.60000e+01  1.18140e+01 
 6.65000e+01  1.18242e+01 
 6.70000e+01  1.18340e+01 
 6.75000e+01  1.18434e+01 
 6.80000e+01  1.18525e+01 
 6.85000e+01  1.18612e+01 
 6.90000e+01  1.18697e+01 
 6.95000e+01  1.18779e+01 
 7.00000e+01  1.18857e+01 
 7.05000e+01  1.18931e+01 
 7.10000e+01  1.19001e+01 
 7.15000e+01  1.19067e+01 
 7.20000e+01  1.19132e+01 
 7.25000e+01  1.19196e+01 
 7.30000e+01  1.19259e+01 
 7.35000e+01  1.19322e+01 
 7.40000e+01  1.19380e+01 
 7.45000e+01  1.19437e+01 
 7.50000e+01  1.19491e+01 
 7.55000e+01  1.19542e+01 
 7.60000e+01  1.19590e+01 
 7.65000e+01  1.19636e+01 
 7.70000e+01  1.19680e+01 
 7.75000e+01  1.19725e+01 
 7.80000e+01  1.19768e+01 
 7.85000e+01  1.19813e+01 
 7.90000e+01  1.19857e+01 
 7.95000e+01  1.19902e+01 
 8.00000e+01  1.19945e+01 
 8.05000e+01  1.19987e+01 
 8.10000e+01  1.20029e+01 
 8.15000e+01  1.20070e+01 
 8.20000e+01  1.20109e+01 
 8.25000e+01  1.20144e+01 
 8.30000e+01  1.20178e+01 
 8.35000e+01  1.20212e+01 
 8.40000e+01  1.20245e+01 
 8.45000e+01  1.20276e+01 
 8.50000e+01  1.20304e+01 
 8.55000e+01  1.20330e+01 
 8.60000e+01  1.20354e+01 
 8.65000e+01  1.20377e+01 
 8.70000e+01  1.20400e+01 
 8.75000e+01  1.20424e+01 
 8.80000e+01  1.20450e+01 
 8.85000e+01  1.20477e+01 
 8.90000e+01  1.20506e+01 
 8.95000e+01  1.20535e+01 
 9.00000e+01  1.20561e+01 
 9.05000e+01  1.20587e+01 
 9.10000e+01  1.20612e+01 
 9.15000e+01  1.20638e+01 
 9.20000e+01  1.20663e+01 
 9.25000e+01  1.20685e+01 
 9.30000e+01  1.20706e+01 
 9.35000e+01  1.20724e+01 
 9.40000e+01  1.20743e+01 
 9.45000e+01  1.20763e+01 
 9.50000e+01  1.20783e+01 
 9.55000e+01  1.20802e+01 
 9.60000e+01  1.20821e+01 
 9.65000e+01  1.20843e+01 
 9.70000e+01  1.20866e+01 
 9.75000e+01  1.20890e+01 
 9.80000e+01  1.20915e+01 
 9.85000e+01  1.20939e+01 
 9.90000e+01  1.20961e+01 
 9.95000e+01  1.20984e+01 
 1.00000e+02  1.21002e+01 
 1.00500e+02  1.21016e+01 
 1.01000e+02  1.21027e+01 
 1.01500e+02  1.21036e+01 
 1.02000e+02  1.21046e+01 
 1.02500e+02  1.21061e+01 
 1.03000e+02  1.21076e+01 
 1.03500e+02  1.21091e+01 
 1.04000e+02  1.21106e+01 
 1.04500e+02  1.21121e+01 
 1.05000e+02  1.21135e+01 
 1.05500e+02  1.21147e+01 
 1.06000e+02  1.21157e+01 
 1.06500e+02  1.21168e+01 
 1.07000e+02  1.21182e+01 
 1.07500e+02  1.21196e+01 
 1.08000e+02  1.21212e+01 
 1.08500e+02  1.21229e+01 
 1.09000e+02  1.21246e+01 
 1.09500e+02  1.21261e+01 
 1.10000e+02  1.21273e+01 
 1.10500e+02  1.21284e+01 
 1.11000e+02  1.21298e+01 
 1.11500e+02  1.21312e+01 
 1.12000e+02  1.21325e+01 
 1.12500e+02  1.21337e+01 
 1.13000e+02  1.21355e+01 
 1.13500e+02  1.21376e+01 
 1.14000e+02  1.21397e+01 
 1.14500e+02  1.21415e+01 
 1.15000e+02  1.21431e+01 
 1.15500e+02  1.21446e+01 
 1.16000e+02  1.21461e+01 
 1.16500e+02  1.21474e+01 
 1.17000e+02  1.21482e+01 
 1.17500e+02  1.21488e+01 
 1.18000e+02  1.21492e+01 
 1.18500e+02  1.21497e+01 
 1.19000e+02  1.21507e+01 
 1.19500e+02  1.21518e+01 
 1.20000e+02  1.21527e+01 
 1.20500e+02  1.21533e+01 
 1.21000e+02  1.21538e+01 
 1.21500e+02  1.21542e+01 
 1.22000e+02  1.21545e+01 
 1.22500e+02  1.21548e+01 
 1.23000e+02  1.21552e+01 
 1.23500e+02  1.21557e+01 
 1.24000e+02  1.21560e+01 
 1.24500e+02  1.21568e+01 
 1.25000e+02  1.21573e+01 
 1.25500e+02  1.21576e+01 
 1.26000e+02  1.21580e+01 
 1.26500e+02  1.21585e+01 
 1.27000e+02  1.21586e+01 
 1.27500e+02  1.21588e+01 
 1.28000e+02  1.21590e+01 
 1.28500e+02  1.21596e+01 
 1.29000e+02  1.21602e+01 
 1.29500e+02  1.21607e+01 
 1.30000e+02  1.21612e+01 
 1.30500e+02  1.21613e+01 
 1.31000e+02  1.21616e+01 
 1.31500e+02  1.21617e+01 
 1.32000e+02  1.21620e+01 
 1.32500e+02  1.21621e+01 
 1.33000e+02  1.21620e+01 
 1.33500e+02  1.21624e+01 
 1.34000e+02  1.21627e+01 
 1.34500e+02  1.21631e+01 
 1.35000e+02  1.21631e+01 
 1.35500e+02  1.21632e+01 
 1.36000e+02  1.21634e+01 
 1.36500e+02  1.21635e+01 
 1.37000e+02  1.21636e+01 
 1.37500e+02  1.21637e+01 
 1.38000e+02  1.21637e+01 
 1.38500e+02  1.21635e+01 
 1.39000e+02  1.21635e+01 
 1.39500e+02  1.21642e+01 
 1.40000e+02  1.21642e+01 
 1.40500e+02  1.21648e+01 
 1.41000e+02  1.21649e+01 
 1.41500e+02  1.21652e+01 
 1.42000e+02  1.21650e+01 
 1.42500e+02  1.21652e+01 
 1.43000e+02  1.21655e+01 
 1.43500e+02  1.21654e+01 
 1.44000e+02  1.21654e+01 
 1.44500e+02  1.21657e+01 
 1.45000e+02  1.21658e+01 
 1.45500e+02  1.21656e+01 
 1.46000e+02  1.21656e+01 
 1.46500e+02  1.21658e+01 
 1.47000e+02  1.21658e+01 
 1.47500e+02  1.21660e+01 
 1.48000e+02  1.21663e+01 
 1.48500e+02  1.21664e+01 
 1.49000e+02  1.21666e+01 
 1.49500e+02  1.21668e+01 
 1.50000e+02  1.21670e+01 
 1.50500e+02  1.21667e+01 
 1.51000e+02  1.21667e+01 
 1.51500e+02  1.21670e+01 
 1.52000e+02  1.21674e+01 
 1.52500e+02  1.21672e+01 
 1.53000e+02  1.21673e+01 
 1.53500e+02  1.21675e+01 
 1.54000e+02  1.21672e+01 
 1.54500e+02  1.21673e+01 
 1.55000e+02  1.21674e+01 
 1.55500e+02  1.21673e+01 
 1.56000e+02  1.21675e+01 
 1.56500e+02  1.21674e+01 
 1.57000e+02  1.21674e+01 
 1.57500e+02  1.21676e+01 
 1.58000e+02  1.21675e+01 
 1.58500e+02  1.21673e+01 
 1.59000e+02  1.21675e+01 
 1.59500e+02  1.21674e+01 
 1.60000e+02  1.21674e+01 
 1.60500e+02  1.21674e+01 
 1.61000e+02  1.21675e+01 
 1.61500e+02  1.21674e+01 
 1.62000e+02  1.21673e+01 
 1.62500e+02  1.21673e+01 
 1.63000e+02  1.21672e+01 
 1.63500e+02  1.21670e+01 
 1.64000e+02  1.21671e+01 
 1.64500e+02  1.21671e+01 
 1.65000e+02  1.21669e+01 
 1.65500e+02  1.21671e+01 
 1.66000e+02  1.21669e+01 
 1.66500e+02  1.21670e+01 
 1.67000e+02  1.21670e+01 
 1.67500e+02  1.21668e+01 
 1.68000e+02  1.21667e+01 
 1.68500e+02  1.21665e+01 
 1.69000e+02  1.21662e+01 
 1.69500e+02  1.21664e+01 
 1.70000e+02  1.21665e+01 
 1.70500e+02  1.21663e+01 
 1.71000e+02  1.21657e+01 
 1.71500e+02  1.21657e+01 
 1.72000e+02  1.21656e+01 
 1.72500e+02  1.21655e+01 
 1.73000e+02  1.21659e+01 
 1.73500e+02  1.21657e+01 
 1.74000e+02  1.21656e+01 
 1.74500e+02  1.21655e+01 
 1.75000e+02  1.21652e+01 
 1.75500e+02  1.21650e+01 
 1.76000e+02  1.21651e+01 
 1.76500e+02  1.21653e+01 
 1.77000e+02  1.21651e+01 
 1.77500e+02  1.21649e+01 
 1.78000e+02  1.21646e+01 
 1.78500e+02  1.21647e+01 
 1.79000e+02  1.21647e+01 
 1.79500e+02  1.21643e+01 
 1.80000e+02  1.21643e+01 
 1.80500e+02  1.21645e+01 
 1.81000e+02  1.21643e+01 
 1.81500e+02  1.21641e+01 
 1.82000e+02  1.21637e+01 
 1.82500e+02  1.21638e+01 
 1.83000e+02  1.21637e+01 
 1.83500e+02  1.21632e+01 
 1.84000e+02  1.21630e+01 
 1.84500e+02  1.21627e+01 
 1.85000e+02  1.21623e+01 
 1.85500e+02  1.21621e+01 
 1.86000e+02  1.21622e+01 
 1.86500e+02  1.21616e+01 
 1.87000e+02  1.21613e+01 
 1.87500e+02  1.21611e+01 
 1.88000e+02  1.21608e+01 
 1.88500e+02  1.21606e+01 
 1.89000e+02  1.21605e+01 
 1.89500e+02  1.21602e+01 
 1.90000e+02  1.21598e+01 
 1.90500e+02  1.21596e+01 
 1.91000e+02  1.21594e+01 
 1.91500e+02  1.21588e+01 
 1.92000e+02  1.21587e+01 
 1.92500e+02  1.21584e+01 
 1.93000e+02  1.21582e+01 
 1.93500e+02  1.21580e+01 
 1.94000e+02  1.21576e+01 
 1.94500e+02  1.21574e+01 
 1.95000e+02  1.21571e+01 
 1.95500e+02  1.21567e+01 
 1.96000e+02  1.21564e+01 
 1.96500e+02  1.21560e+01 
 1.97000e+02  1.21552e+01 
 1.97500e+02  1.21543e+01 
 1.98000e+02  1.21537e+01 
 1.98500e+02  1.21533e+01 
 1.99000e+02  1.21528e+01 
 1.99500e+02  1.21521e+01 
 2.00000e+02  1.21516e+01 
 2.00500e+02  1.21511e+01 
 2.01000e+02  1.21505e+01 
 2.01500e+02  1.21499e+01 
 2.02000e+02  1.21491e+01 
 2.02500e+02  1.21481e+01 
 2.03000e+02  1.21470e+01 
 2.03500e+02  1.21459e+01 
 2.04000e+02  1.21445e+01 
 2.04500e+02  1.21427e+01 
 2.05000e+02  1.21414e+01 
 2.05500e+02  1.21401e+01 
 2.06000e+02  1.21392e+01 
 2.06500e+02  1.21385e+01 
 2.07000e+02  1.21374e+01 
 2.07500e+02  1.21359e+01 
 2.08000e+02  1.21347e+01 
 2.08500e+02  1.21333e+01 
 2.09000e+02  1.21320e+01 
 2.09500e+02  1.21308e+01 
 2.10000e+02  1.21296e+01 
 2.10500e+02  1.21281e+01 
 2.11000e+02  1.21266e+01 
 2.11500e+02  1.21250e+01 
 2.12000e+02  1.21233e+01 
 2.12500e+02  1.21218e+01 
 2.13000e+02  1.21203e+01 
 2.13500e+02  1.21189e+01 
 2.14000e+02  1.21179e+01 
 2.14500e+02  1.21169e+01 
 2.15000e+02  1.21158e+01 
 2.15500e+02  1.21143e+01 
 2.16000e+02  1.21125e+01 
 2.16500e+02  1.21109e+01 
 2.17000e+02  1.21091e+01 
 2.17500e+02  1.21071e+01 
 2.18000e+02  1.21053e+01 
 2.18500e+02  1.21038e+01 
 2.19000e+02  1.21022e+01 
 2.19500e+02  1.21005e+01 
 2.20000e+02  1.20989e+01 
 2.20500e+02  1.20974e+01 
 2.21000e+02  1.20956e+01 
 2.21500e+02  1.20937e+01 
 2.22000e+02  1.20920e+01 
 2.22500e+02  1.20903e+01 
 2.23000e+02  1.20885e+01 
 2.23500e+02  1.20866e+01 
 2.24000e+02  1.20845e+01 
 2.24500e+02  1.20825e+01 
 2.25000e+02  1.20805e+01 
 2.25500e+02  1.20784e+01 
 2.26000e+02  1.20765e+01 
 2.26500e+02  1.20745e+01 
 2.27000e+02  1.20723e+01 
 2.27500e+02  1.20701e+01 
 2.28000e+02  1.20675e+01 
 2.28500e+02  1.20648e+01 
 2.29000e+02  1.20619e+01 
 2.29500e+02  1.20592e+01 
 2.30000e+02  1.20564e+01 
 2.30500e+02  1.20536e+01 
 2.31000e+02  1.20504e+01 
 2.31500e+02  1.20472e+01 
 2.32000e+02  1.20441e+01 
 2.32500e+02  1.20411e+01 
 2.33000e+02  1.20382e+01 
 2.33500e+02  1.20353e+01 
 2.34000e+02  1.20325e+01 
 2.34500e+02  1.20296e+01 
 2.35000e+02  1.20265e+01 
 2.35500e+02  1.20233e+01 
 2.36000e+02  1.20201e+01 
 2.36500e+02  1.20167e+01 
 2.37000e+02  1.20131e+01 
 2.37500e+02  1.20094e+01 
 2.38000e+02  1.20055e+01 
 2.38500e+02  1.20020e+01 
 2.39000e+02  1.19986e+01 
 2.39500e+02  1.19950e+01 
 2.40000e+02  1.19913e+01 
 2.40500e+02  1.19876e+01 
 2.41000e+02  1.19838e+01 
 2.41500e+02  1.19798e+01 
 2.42000e+02  1.19756e+01 
 2.42500e+02  1.19712e+01 
 2.43000e+02  1.19667e+01 
 2.43500e+02  1.19620e+01 
 2.44000e+02  1.19572e+01 
 2.44500e+02  1.19524e+01 
 2.45000e+02  1.19474e+01 
 2.45500e+02  1.19421e+01 
 2.46000e+02  1.19364e+01 
 2.46500e+02  1.19306e+01 
 2.47000e+02  1.19245e+01 
 2.47500e+02  1.19186e+01 
 2.48000e+02  1.19126e+01 
 2.48500e+02  1.19063e+01 
 2.49000e+02  1.18997e+01 
 2.49500e+02  1.18929e+01 
 2.50000e+02  1.18859e+01 
 2.50500e+02  1.18786e+01 
 2.51000e+02  1.18710e+01 
 2.51500e+02  1.18628e+01 
 2.52000e+02  1.18543e+01 
 2.52500e+02  1.18454e+01 
 2.53000e+02  1.18359e+01 
 2.53500e+02  1.18259e+01 
 2.54000e+02  1.18153e+01 
 2.54500e+02  1.18043e+01 
 2.55000e+02  1.17929e+01 
 2.55500e+02  1.17811e+01 
 2.56000e+02  1.17688e+01 
 2.56500e+02  1.17561e+01 
 2.57000e+02  1.17429e+01 
 2.57500e+02  1.17292e+01 
 2.58000e+02  1.17148e+01 
 2.58500e+02  1.17000e+01 
 2.59000e+02  1.16844e+01 
 2.59500e+02  1.16683e+01 
 2.60000e+02  1.16516e+01 
 2.60500e+02  1.16342e+01 
 2.61000e+02  1.16160e+01 
 2.61500e+02  1.15969e+01 
 2.62000e+02  1.15771e+01 
 2.62500e+02  1.15564e+01 
 2.63000e+02  1.15348e+01 
 2.63500e+02  1.15122e+01 
 2.64000e+02  1.14887e+01 
 2.64500e+02  1.14641e+01 
 2.65000e+02  1.14385e+01 
 2.65500e+02  1.14117e+01 
 2.66000e+02  1.13840e+01 
 2.66500e+02  1.13551e+01 
 2.67000e+02  1.13251e+01 
 2.67500e+02  1.12940e+01 
 2.68000e+02  1.12618e+01 
 2.68500e+02  1.12284e+01 
 2.69000e+02  1.11938e+01 
 2.69500e+02  1.11579e+01 
 2.70000e+02  1.11207e+01 
 2.70500e+02  1.10823e+01 
 2.71000e+02  1.10424e+01 
 2.71500e+02  1.10010e+01 
 2.72000e+02  1.09583e+01 
 2.72500e+02  1.09141e+01 
 2.73000e+02  1.08685e+01 
 2.73500e+02  1.08214e+01 
 2.74000e+02  1.07728e+01 
 2.74500e+02  1.07228e+01 
 2.75000e+02  1.06712e+01 
 2.75500e+02  1.06182e+01 
 2.76000e+02  1.05635e+01 
 2.76500e+02  1.05074e+01 
 2.77000e+02  1.04497e+01 
 2.77500e+02  1.03904e+01 
 2.78000e+02  1.03296e+01 
 2.78500e+02  1.02673e+01 
 2.79000e+02  1.02036e+01 
 2.79500e+02  1.01383e+01 
 2.80000e+02  1.00715e+01 
 2.80500e+02  1.00032e+01 
 2.81000e+02  9.93343e+00 
 2.81500e+02  9.86211e+00 
 2.82000e+02  9.78930e+00 
 2.82500e+02  9.71500e+00 
 2.83000e+02  9.63918e+00 
 2.83500e+02  9.56178e+00 
 2.84000e+02  9.48281e+00 
 2.84500e+02  9.40231e+00 
 2.85000e+02  9.32029e+00 
 2.85500e+02  9.23673e+00 
 2.86000e+02  9.15166e+00 
 2.86500e+02  9.06507e+00 
 2.87000e+02  8.97693e+00 
 2.87500e+02  8.88726e+00 
 2.88000e+02  8.79602e+00 
 2.88500e+02  8.70325e+00 
 2.89000e+02  8.60896e+00 
 2.89500e+02  8.51317e+00 
 2.90000e+02  8.41585e+00 
 2.90500e+02  8.31696e+00 
 2.91000e+02  8.21651e+00 
 2.91500e+02  8.11451e+00 
 2.92000e+02  8.01097e+00 
 2.92500e+02  7.90591e+00 
 2.93000e+02  7.79934e+00 
 2.93500e+02  7.69127e+00 
 2.94000e+02  7.58172e+00 
 2.94500e+02  7.47070e+00 
 2.95000e+02  7.35823e+00 
 2.95500e+02  7.24431e+00 
 2.96000e+02  7.12895e+00 
 2.96500e+02  7.01214e+00 
 2.97000e+02  6.89389e+00 
 2.97500e+02  6.77420e+00 
 2.98000e+02  6.65307e+00 
 2.98500e+02  6.53051e+00 
 2.99000e+02  6.40651e+00 
 2.99500e+02  6.28107e+00 
 3.00000e+02  6.15422e+00 
 3.00500e+02  6.02600e+00 
 3.01000e+02  5.89643e+00 
 3.01500e+02  5.76549e+00 
 3.02000e+02  5.63319e+00 
 3.02500e+02  5.49954e+00 
 3.03000e+02  5.36454e+00 
 3.03500e+02  5.22821e+00 
 3.04000e+02  5.09054e+00 
 3.04500e+02  4.95155e+00 
 3.05000e+02  4.81123e+00 
 3.05500e+02  4.66959e+00 
 3.06000e+02  4.52663e+00 
 3.06500e+02  4.38236e+00 
 3.07000e+02  4.23678e+00 
 3.07500e+02  4.08989e+00 
 3.08000e+02  3.94169e+00 
 3.08500e+02  3.79218e+00 
 3.09000e+02  3.64137e+00 
 3.09500e+02  3.48926e+00 
 3.10000e+02  3.33584e+00 
 3.10500e+02  3.18113e+00 
 3.11000e+02  3.02514e+00 
 3.11500e+02  2.86789e+00 
 3.12000e+02  2.70939e+00 
 3.12500e+02  2.54964e+00 
 3.13000e+02  2.38864e+00 
 3.13500e+02  2.22640e+00 
 3.14000e+02  2.06290e+00 
 3.14500e+02  1.89815e+00 
 3.15000e+02  1.73217e+00 
 3.15500e+02  1.56493e+00 
 3.16000e+02  1.39644e+00 
 3.16500e+02  1.22671e+00 
 3.17000e+02  1.05574e+00 
 3.17500e+02  8.83549e-01 
 3.18000e+02  7.10144e-01 
 3.18500e+02  5.35539e-01 
 3.19000e+02  3.59735e-01 
 3.19500e+02  1.82733e-01 
