 0.00000e+00  0.00000e+00 
 5.00000e-01  1.77218e-01 
 1.00000e+00  3.53259e-01 
 1.50000e+00  5.28116e-01 
 2.00000e+00  7.01789e-01 
 2.50000e+00  8.74275e-01 
 3.00000e+00  1.04557e+00 
 3.50000e+00  1.21569e+00 
 4.00000e+00  1.38462e+00 
 4.50000e+00  1.55234e+00 
 5.00000e+00  1.71883e+00 
 5.50000e+00  1.88410e+00 
 6.00000e+00  2.04815e+00 
 6.50000e+00  2.21096e+00 
 7.00000e+00  2.37255e+00 
 7.50000e+00  2.53289e+00 
 8.00000e+00  2.69198e+00 
 8.50000e+00  2.84982e+00 
 9.00000e+00  3.00639e+00 
 9.50000e+00  3.16170e+00 
 1.00000e+01  3.31575e+00 
 1.05000e+01  3.46854e+00 
 1.10000e+01  3.62007e+00 
 1.15000e+01  3.77031e+00 
 1.20000e+01  3.91926e+00 
 1.25000e+01  4.06691e+00 
 1.30000e+01  4.21324e+00 
 1.35000e+01  4.35826e+00 
 1.40000e+01  4.50195e+00 
 1.45000e+01  4.64433e+00 
 1.50000e+01  4.78536e+00 
 1.55000e+01  4.92504e+00 
 1.60000e+01  5.06336e+00 
 1.65000e+01  5.20034e+00 
 1.70000e+01  5.33598e+00 
 1.75000e+01  5.47028e+00 
 1.80000e+01  5.60322e+00 
 1.85000e+01  5.73481e+00 
 1.90000e+01  5.86505e+00 
 1.95000e+01  5.99392e+00 
 2.00000e+01  6.12139e+00 
 2.05000e+01  6.24749e+00 
 2.10000e+01  6.37221e+00 
 2.15000e+01  6.49553e+00 
 2.20000e+01  6.61743e+00 
 2.25000e+01  6.73794e+00 
 2.30000e+01  6.85703e+00 
 2.35000e+01  6.97470e+00 
 2.40000e+01  7.09094e+00 
 2.45000e+01  7.20575e+00 
 2.50000e+01  7.31912e+00 
 2.55000e+01  7.43107e+00 
 2.60000e+01  7.54158e+00 
 2.65000e+01  7.65064e+00 
 2.70000e+01  7.75823e+00 
 2.75000e+01  7.86435e+00 
 2.80000e+01  7.96900e+00 
 2.85000e+01  8.07216e+00 
 2.90000e+01  8.17385e+00 
 2.95000e+01  8.27404e+00 
 3.00000e+01  8.37275e+00 
 3.05000e+01  8.47001e+00 
 3.10000e+01  8.56578e+00 
 3.15000e+01  8.66008e+00 
 3.20000e+01  8.75292e+00 
 3.25000e+01  8.84430e+00 
 3.30000e+01  8.93420e+00 
 3.35000e+01  9.02264e+00 
 3.40000e+01  9.10959e+00 
 3.45000e+01  9.19506e+00 
 3.50000e+01  9.27903e+00 
 3.55000e+01  9.36152e+00 
 3.60000e+01  9.44250e+00 
 3.65000e+01  9.52199e+00 
 3.70000e+01  9.59998e+00 
 3.75000e+01  9.67642e+00 
 3.80000e+01  9.75135e+00 
 3.85000e+01  9.82474e+00 
 3.90000e+01  9.89663e+00 
 3.95000e+01  9.96700e+00 
 4.00000e+01  1.00358e+01 
 4.05000e+01  1.01031e+01 
 4.10000e+01  1.01688e+01 
 4.15000e+01  1.02330e+01 
 4.20000e+01  1.02957e+01 
 4.25000e+01  1.03569e+01 
 4.30000e+01  1.04166e+01 
 4.35000e+01  1.04748e+01 
 4.40000e+01  1.05315e+01 
 4.45000e+01  1.05867e+01 
 4.50000e+01  1.06404e+01 
 4.55000e+01  1.06927e+01 
 4.60000e+01  1.07436e+01 
 4.65000e+01  1.07930e+01 
 4.70000e+01  1.08410e+01 
 4.75000e+01  1.08876e+01 
 4.80000e+01  1.09327e+01 
 4.85000e+01  1.09764e+01 
 4.90000e+01  1.10186e+01 
 4.95000e+01  1.10595e+01 
 5.00000e+01  1.10989e+01 
 5.05000e+01  1.11369e+01 
 5.10000e+01  1.11736e+01 
 5.15000e+01  1.12091e+01 
 5.20000e+01  1.12432e+01 
 5.25000e+01  1.12761e+01 
 5.30000e+01  1.13078e+01 
 5.35000e+01  1.13382e+01 
 5.40000e+01  1.13676e+01 
 5.45000e+01  1.13958e+01 
 5.50000e+01  1.14230e+01 
 5.55000e+01  1.14492e+01 
 5.60000e+01  1.14744e+01 
 5.65000e+01  1.14987e+01 
 5.70000e+01  1.15221e+01 
 5.75000e+01  1.15446e+01 
 5.80000e+01  1.15662e+01 
 5.85000e+01  1.15869e+01 
 5.90000e+01  1.16068e+01 
 5.95000e+01  1.16258e+01 
 6.00000e+01  1.16440e+01 
 6.05000e+01  1.16615e+01 
 6.10000e+01  1.16785e+01 
 6.15000e+01  1.16948e+01 
 6.20000e+01  1.17105e+01 
 6.25000e+01  1.17258e+01 
 6.30000e+01  1.17406e+01 
 6.35000e+01  1.17547e+01 
 6.40000e+01  1.17683e+01 
 6.45000e+01  1.17814e+01 
 6.50000e+01  1.17938e+01 
 6.55000e+01  1.18058e+01 
 6.60000e+01  1.18175e+01 
 6.65000e+01  1.18288e+01 
 6.70000e+01  1.18397e+01 
 6.75000e+01  1.18501e+01 
 6.80000e+01  1.18601e+01 
 6.85000e+01  1.18698e+01 
 6.90000e+01  1.18792e+01 
 6.95000e+01  1.18882e+01 
 7.00000e+01  1.18970e+01 
 7.05000e+01  1.19054e+01 
 7.10000e+01  1.19135e+01 
 7.15000e+01  1.19211e+01 
 7.20000e+01  1.19283e+01 
 7.25000e+01  1.19351e+01 
 7.30000e+01  1.19419e+01 
 7.35000e+01  1.19486e+01 
 7.40000e+01  1.19550e+01 
 7.45000e+01  1.19610e+01 
 7.50000e+01  1.19666e+01 
 7.55000e+01  1.19721e+01 
 7.60000e+01  1.19771e+01 
 7.65000e+01  1.19819e+01 
 7.70000e+01  1.19863e+01 
 7.75000e+01  1.19903e+01 
 7.80000e+01  1.19941e+01 
 7.85000e+01  1.19981e+01 
 7.90000e+01  1.20023e+01 
 7.95000e+01  1.20067e+01 
 8.00000e+01  1.20110e+01 
 8.05000e+01  1.20150e+01 
 8.10000e+01  1.20187e+01 
 8.15000e+01  1.20225e+01 
 8.20000e+01  1.20263e+01 
 8.25000e+01  1.20301e+01 
 8.30000e+01  1.20339e+01 
 8.35000e+01  1.20378e+01 
 8.40000e+01  1.20418e+01 
 8.45000e+01  1.20458e+01 
 8.50000e+01  1.20495e+01 
 8.55000e+01  1.20528e+01 
 8.60000e+01  1.20559e+01 
 8.65000e+01  1.20588e+01 
 8.70000e+01  1.20617e+01 
 8.75000e+01  1.20649e+01 
 8.80000e+01  1.20681e+01 
 8.85000e+01  1.20712e+01 
 8.90000e+01  1.20743e+01 
 8.95000e+01  1.20773e+01 
 9.00000e+01  1.20798e+01 
 9.05000e+01  1.20821e+01 
 9.10000e+01  1.20841e+01 
 9.15000e+01  1.20860e+01 
 9.20000e+01  1.20881e+01 
 9.25000e+01  1.20902e+01 
 9.30000e+01  1.20923e+01 
 9.35000e+01  1.20947e+01 
 9.40000e+01  1.20968e+01 
 9.45000e+01  1.20988e+01 
 9.50000e+01  1.21010e+01 
 9.55000e+01  1.21033e+01 
 9.60000e+01  1.21054e+01 
 9.65000e+01  1.21072e+01 
 9.70000e+01  1.21092e+01 
 9.75000e+01  1.21113e+01 
 9.80000e+01  1.21135e+01 
 9.85000e+01  1.21157e+01 
 9.90000e+01  1.21179e+01 
 9.95000e+01  1.21201e+01 
 1.00000e+02  1.21223e+01 
 1.00500e+02  1.21245e+01 
 1.01000e+02  1.21271e+01 
 1.01500e+02  1.21298e+01 
 1.02000e+02  1.21321e+01 
 1.02500e+02  1.21338e+01 
 1.03000e+02  1.21357e+01 
 1.03500e+02  1.21374e+01 
 1.04000e+02  1.21389e+01 
 1.04500e+02  1.21405e+01 
 1.05000e+02  1.21424e+01 
 1.05500e+02  1.21443e+01 
 1.06000e+02  1.21460e+01 
 1.06500e+02  1.21473e+01 
 1.07000e+02  1.21486e+01 
 1.07500e+02  1.21497e+01 
 1.08000e+02  1.21505e+01 
 1.08500e+02  1.21513e+01 
 1.09000e+02  1.21525e+01 
 1.09500e+02  1.21540e+01 
 1.10000e+02  1.21555e+01 
 1.10500e+02  1.21566e+01 
 1.11000e+02  1.21576e+01 
 1.11500e+02  1.21582e+01 
 1.12000e+02  1.21590e+01 
 1.12500e+02  1.21597e+01 
 1.13000e+02  1.21604e+01 
 1.13500e+02  1.21613e+01 
 1.14000e+02  1.21624e+01 
 1.14500e+02  1.21636e+01 
 1.15000e+02  1.21651e+01 
 1.15500e+02  1.21666e+01 
 1.16000e+02  1.21677e+01 
 1.16500e+02  1.21688e+01 
 1.17000e+02  1.21697e+01 
 1.17500e+02  1.21708e+01 
 1.18000e+02  1.21716e+01 
 1.18500e+02  1.21724e+01 
 1.19000e+02  1.21736e+01 
 1.19500e+02  1.21749e+01 
 1.20000e+02  1.21756e+01 
 1.20500e+02  1.21761e+01 
 1.21000e+02  1.21763e+01 
 1.21500e+02  1.21771e+01 
 1.22000e+02  1.21781e+01 
 1.22500e+02  1.21786e+01 
 1.23000e+02  1.21794e+01 
 1.23500e+02  1.21801e+01 
 1.24000e+02  1.21806e+01 
 1.24500e+02  1.21810e+01 
 1.25000e+02  1.21814e+01 
 1.25500e+02  1.21815e+01 
 1.26000e+02  1.21814e+01 
 1.26500e+02  1.21814e+01 
 1.27000e+02  1.21820e+01 
 1.27500e+02  1.21826e+01 
 1.28000e+02  1.21831e+01 
 1.28500e+02  1.21837e+01 
 1.29000e+02  1.21841e+01 
 1.29500e+02  1.21846e+01 
 1.30000e+02  1.21853e+01 
 1.30500e+02  1.21855e+01 
 1.31000e+02  1.21854e+01 
 1.31500e+02  1.21858e+01 
 1.32000e+02  1.21863e+01 
 1.32500e+02  1.21865e+01 
 1.33000e+02  1.21866e+01 
 1.33500e+02  1.21869e+01 
 1.34000e+02  1.21873e+01 
 1.34500e+02  1.21874e+01 
 1.35000e+02  1.21876e+01 
 1.35500e+02  1.21878e+01 
 1.36000e+02  1.21880e+01 
 1.36500e+02  1.21883e+01 
 1.37000e+02  1.21883e+01 
 1.37500e+02  1.21885e+01 
 1.38000e+02  1.21887e+01 
 1.38500e+02  1.21890e+01 
 1.39000e+02  1.21892e+01 
 1.39500e+02  1.21893e+01 
 1.40000e+02  1.21895e+01 
 1.40500e+02  1.21897e+01 
 1.41000e+02  1.21899e+01 
 1.41500e+02  1.21898e+01 
 1.42000e+02  1.21899e+01 
 1.42500e+02  1.21900e+01 
 1.43000e+02  1.21902e+01 
 1.43500e+02  1.21905e+01 
 1.44000e+02  1.21904e+01 
 1.44500e+02  1.21906e+01 
 1.45000e+02  1.21907e+01 
 1.45500e+02  1.21908e+01 
 1.46000e+02  1.21909e+01 
 1.46500e+02  1.21911e+01 
 1.47000e+02  1.21911e+01 
 1.47500e+02  1.21911e+01 
 1.48000e+02  1.21914e+01 
 1.48500e+02  1.21914e+01 
 1.49000e+02  1.21915e+01 
 1.49500e+02  1.21914e+01 
 1.50000e+02  1.21914e+01 
 1.50500e+02  1.21914e+01 
 1.51000e+02  1.21915e+01 
 1.51500e+02  1.21914e+01 
 1.52000e+02  1.21915e+01 
 1.52500e+02  1.21915e+01 
 1.53000e+02  1.21916e+01 
 1.53500e+02  1.21918e+01 
 1.54000e+02  1.21916e+01 
 1.54500e+02  1.21913e+01 
 1.55000e+02  1.21918e+01 
 1.55500e+02  1.21918e+01 
 1.56000e+02  1.21918e+01 
 1.56500e+02  1.21919e+01 
 1.57000e+02  1.21917e+01 
 1.57500e+02  1.21918e+01 
 1.58000e+02  1.21918e+01 
 1.58500e+02  1.21919e+01 
 1.59000e+02  1.21919e+01 
 1.59500e+02  1.21916e+01 
 1.60000e+02  1.21920e+01 
 1.60500e+02  1.21921e+01 
 1.61000e+02  1.21920e+01 
 1.61500e+02  1.21920e+01 
 1.62000e+02  1.21921e+01 
 1.62500e+02  1.21920e+01 
 1.63000e+02  1.21919e+01 
 1.63500e+02  1.21920e+01 
 1.64000e+02  1.21920e+01 
 1.64500e+02  1.21919e+01 
 1.65000e+02  1.21922e+01 
 1.65500e+02  1.21921e+01 
 1.66000e+02  1.21921e+01 
 1.66500e+02  1.21920e+01 
 1.67000e+02  1.21921e+01 
 1.67500e+02  1.21923e+01 
 1.68000e+02  1.21925e+01 
 1.68500e+02  1.21926e+01 
 1.69000e+02  1.21924e+01 
 1.69500e+02  1.21924e+01 
 1.70000e+02  1.21919e+01 
 1.70500e+02  1.21920e+01 
 1.71000e+02  1.21920e+01 
 1.71500e+02  1.21917e+01 
 1.72000e+02  1.21919e+01 
 1.72500e+02  1.21921e+01 
 1.73000e+02  1.21918e+01 
 1.73500e+02  1.21921e+01 
 1.74000e+02  1.21920e+01 
 1.74500e+02  1.21917e+01 
 1.75000e+02  1.21915e+01 
 1.75500e+02  1.21913e+01 
 1.76000e+02  1.21916e+01 
 1.76500e+02  1.21916e+01 
 1.77000e+02  1.21915e+01 
 1.77500e+02  1.21914e+01 
 1.78000e+02  1.21914e+01 
 1.78500e+02  1.21913e+01 
 1.79000e+02  1.21914e+01 
 1.79500e+02  1.21912e+01 
 1.80000e+02  1.21911e+01 
 1.80500e+02  1.21912e+01 
 1.81000e+02  1.21910e+01 
 1.81500e+02  1.21911e+01 
 1.82000e+02  1.21908e+01 
 1.82500e+02  1.21904e+01 
 1.83000e+02  1.21900e+01 
 1.83500e+02  1.21900e+01 
 1.84000e+02  1.21896e+01 
 1.84500e+02  1.21896e+01 
 1.85000e+02  1.21895e+01 
 1.85500e+02  1.21894e+01 
 1.86000e+02  1.21890e+01 
 1.86500e+02  1.21890e+01 
 1.87000e+02  1.21893e+01 
 1.87500e+02  1.21887e+01 
 1.88000e+02  1.21884e+01 
 1.88500e+02  1.21884e+01 
 1.89000e+02  1.21877e+01 
 1.89500e+02  1.21875e+01 
 1.90000e+02  1.21874e+01 
 1.90500e+02  1.21874e+01 
 1.91000e+02  1.21872e+01 
 1.91500e+02  1.21869e+01 
 1.92000e+02  1.21864e+01 
 1.92500e+02  1.21860e+01 
 1.93000e+02  1.21855e+01 
 1.93500e+02  1.21852e+01 
 1.94000e+02  1.21850e+01 
 1.94500e+02  1.21847e+01 
 1.95000e+02  1.21841e+01 
 1.95500e+02  1.21834e+01 
 1.96000e+02  1.21828e+01 
 1.96500e+02  1.21824e+01 
 1.97000e+02  1.21820e+01 
 1.97500e+02  1.21812e+01 
 1.98000e+02  1.21803e+01 
 1.98500e+02  1.21798e+01 
 1.99000e+02  1.21796e+01 
 1.99500e+02  1.21792e+01 
 2.00000e+02  1.21791e+01 
 2.00500e+02  1.21788e+01 
 2.01000e+02  1.21783e+01 
 2.01500e+02  1.21773e+01 
 2.02000e+02  1.21760e+01 
 2.02500e+02  1.21747e+01 
 2.03000e+02  1.21738e+01 
 2.03500e+02  1.21733e+01 
 2.04000e+02  1.21724e+01 
 2.04500e+02  1.21714e+01 
 2.05000e+02  1.21704e+01 
 2.05500e+02  1.21696e+01 
 2.06000e+02  1.21685e+01 
 2.06500e+02  1.21672e+01 
 2.07000e+02  1.21662e+01 
 2.07500e+02  1.21650e+01 
 2.08000e+02  1.21639e+01 
 2.08500e+02  1.21624e+01 
 2.09000e+02  1.21608e+01 
 2.09500e+02  1.21598e+01 
 2.10000e+02  1.21589e+01 
 2.10500e+02  1.21580e+01 
 2.11000e+02  1.21569e+01 
 2.11500e+02  1.21554e+01 
 2.12000e+02  1.21542e+01 
 2.12500e+02  1.21529e+01 
 2.13000e+02  1.21516e+01 
 2.13500e+02  1.21502e+01 
 2.14000e+02  1.21489e+01 
 2.14500e+02  1.21479e+01 
 2.15000e+02  1.21470e+01 
 2.15500e+02  1.21458e+01 
 2.16000e+02  1.21444e+01 
 2.16500e+02  1.21428e+01 
 2.17000e+02  1.21413e+01 
 2.17500e+02  1.21400e+01 
 2.18000e+02  1.21389e+01 
 2.18500e+02  1.21375e+01 
 2.19000e+02  1.21362e+01 
 2.19500e+02  1.21348e+01 
 2.20000e+02  1.21332e+01 
 2.20500e+02  1.21313e+01 
 2.21000e+02  1.21292e+01 
 2.21500e+02  1.21268e+01 
 2.22000e+02  1.21243e+01 
 2.22500e+02  1.21218e+01 
 2.23000e+02  1.21196e+01 
 2.23500e+02  1.21173e+01 
 2.24000e+02  1.21151e+01 
 2.24500e+02  1.21128e+01 
 2.25000e+02  1.21107e+01 
 2.25500e+02  1.21088e+01 
 2.26000e+02  1.21070e+01 
 2.26500e+02  1.21050e+01 
 2.27000e+02  1.21026e+01 
 2.27500e+02  1.20998e+01 
 2.28000e+02  1.20968e+01 
 2.28500e+02  1.20936e+01 
 2.29000e+02  1.20908e+01 
 2.29500e+02  1.20881e+01 
 2.30000e+02  1.20851e+01 
 2.30500e+02  1.20821e+01 
 2.31000e+02  1.20790e+01 
 2.31500e+02  1.20762e+01 
 2.32000e+02  1.20736e+01 
 2.32500e+02  1.20711e+01 
 2.33000e+02  1.20685e+01 
 2.33500e+02  1.20656e+01 
 2.34000e+02  1.20624e+01 
 2.34500e+02  1.20590e+01 
 2.35000e+02  1.20554e+01 
 2.35500e+02  1.20517e+01 
 2.36000e+02  1.20480e+01 
 2.36500e+02  1.20445e+01 
 2.37000e+02  1.20412e+01 
 2.37500e+02  1.20376e+01 
 2.38000e+02  1.20339e+01 
 2.38500e+02  1.20302e+01 
 2.39000e+02  1.20265e+01 
 2.39500e+02  1.20228e+01 
 2.40000e+02  1.20188e+01 
 2.40500e+02  1.20146e+01 
 2.41000e+02  1.20105e+01 
 2.41500e+02  1.20063e+01 
 2.42000e+02  1.20020e+01 
 2.42500e+02  1.19977e+01 
 2.43000e+02  1.19931e+01 
 2.43500e+02  1.19884e+01 
 2.44000e+02  1.19833e+01 
 2.44500e+02  1.19778e+01 
 2.45000e+02  1.19721e+01 
 2.45500e+02  1.19663e+01 
 2.46000e+02  1.19607e+01 
 2.46500e+02  1.19551e+01 
 2.47000e+02  1.19495e+01 
 2.47500e+02  1.19438e+01 
 2.48000e+02  1.19380e+01 
 2.48500e+02  1.19321e+01 
 2.49000e+02  1.19256e+01 
 2.49500e+02  1.19186e+01 
 2.50000e+02  1.19111e+01 
 2.50500e+02  1.19033e+01 
 2.51000e+02  1.18953e+01 
 2.51500e+02  1.18873e+01 
 2.52000e+02  1.18790e+01 
 2.52500e+02  1.18703e+01 
 2.53000e+02  1.18613e+01 
 2.53500e+02  1.18520e+01 
 2.54000e+02  1.18424e+01 
 2.54500e+02  1.18325e+01 
 2.55000e+02  1.18224e+01 
 2.55500e+02  1.18118e+01 
 2.56000e+02  1.18008e+01 
 2.56500e+02  1.17892e+01 
 2.57000e+02  1.17770e+01 
 2.57500e+02  1.17641e+01 
 2.58000e+02  1.17507e+01 
 2.58500e+02  1.17369e+01 
 2.59000e+02  1.17224e+01 
 2.59500e+02  1.17074e+01 
 2.60000e+02  1.16918e+01 
 2.60500e+02  1.16755e+01 
 2.61000e+02  1.16584e+01 
 2.61500e+02  1.16406e+01 
 2.62000e+02  1.16220e+01 
 2.62500e+02  1.16025e+01 
 2.63000e+02  1.15822e+01 
 2.63500e+02  1.15610e+01 
 2.64000e+02  1.15390e+01 
 2.64500e+02  1.15159e+01 
 2.65000e+02  1.14917e+01 
 2.65500e+02  1.14665e+01 
 2.66000e+02  1.14402e+01 
 2.66500e+02  1.14127e+01 
 2.67000e+02  1.13841e+01 
 2.67500e+02  1.13543e+01 
 2.68000e+02  1.13233e+01 
 2.68500e+02  1.12911e+01 
 2.69000e+02  1.12576e+01 
 2.69500e+02  1.12227e+01 
 2.70000e+02  1.11863e+01 
 2.70500e+02  1.11484e+01 
 2.71000e+02  1.11091e+01 
 2.71500e+02  1.10683e+01 
 2.72000e+02  1.10261e+01 
 2.72500e+02  1.09824e+01 
 2.73000e+02  1.09372e+01 
 2.73500e+02  1.08904e+01 
 2.74000e+02  1.08421e+01 
 2.74500e+02  1.07922e+01 
 2.75000e+02  1.07407e+01 
 2.75500e+02  1.06877e+01 
 2.76000e+02  1.06332e+01 
 2.76500e+02  1.05770e+01 
 2.77000e+02  1.05193e+01 
 2.77500e+02  1.04600e+01 
 2.78000e+02  1.03992e+01 
 2.78500e+02  1.03367e+01 
 2.79000e+02  1.02727e+01 
 2.79500e+02  1.02072e+01 
 2.80000e+02  1.01400e+01 
 2.80500e+02  1.00713e+01 
 2.81000e+02  1.00011e+01 
 2.81500e+02  9.92927e+00 
 2.82000e+02  9.85594e+00 
 2.82500e+02  9.78110e+00 
 2.83000e+02  9.70469e+00 
 2.83500e+02  9.62670e+00 
 2.84000e+02  9.54716e+00 
 2.84500e+02  9.46608e+00 
 2.85000e+02  9.38346e+00 
 2.85500e+02  9.29928e+00 
 2.86000e+02  9.21357e+00 
 2.86500e+02  9.12631e+00 
 2.87000e+02  9.03752e+00 
 2.87500e+02  8.94721e+00 
 2.88000e+02  8.85539e+00 
 2.88500e+02  8.76203e+00 
 2.89000e+02  8.66715e+00 
 2.89500e+02  8.57073e+00 
 2.90000e+02  8.47281e+00 
 2.90500e+02  8.37338e+00 
 2.91000e+02  8.27240e+00 
 2.91500e+02  8.16987e+00 
 2.92000e+02  8.06581e+00 
 2.92500e+02  7.96025e+00 
 2.93000e+02  7.85317e+00 
 2.93500e+02  7.74458e+00 
 2.94000e+02  7.63448e+00 
 2.94500e+02  7.52290e+00 
 2.95000e+02  7.40986e+00 
 2.95500e+02  7.29535e+00 
 2.96000e+02  7.17939e+00 
 2.96500e+02  7.06197e+00 
 2.97000e+02  6.94311e+00 
 2.97500e+02  6.82280e+00 
 2.98000e+02  6.70106e+00 
 2.98500e+02  6.57790e+00 
 2.99000e+02  6.45332e+00 
 2.99500e+02  6.32733e+00 
 3.00000e+02  6.19993e+00 
 3.00500e+02  6.07113e+00 
 3.01000e+02  5.94093e+00 
 3.01500e+02  5.80935e+00 
 3.02000e+02  5.67638e+00 
 3.02500e+02  5.54203e+00 
 3.03000e+02  5.40630e+00 
 3.03500e+02  5.26917e+00 
 3.04000e+02  5.13063e+00 
 3.04500e+02  4.99072e+00 
 3.05000e+02  4.84946e+00 
 3.05500e+02  4.70681e+00 
 3.06000e+02  4.56279e+00 
 3.06500e+02  4.41741e+00 
 3.07000e+02  4.27069e+00 
 3.07500e+02  4.12263e+00 
 3.08000e+02  3.97326e+00 
 3.08500e+02  3.82258e+00 
 3.09000e+02  3.67058e+00 
 3.09500e+02  3.51728e+00 
 3.10000e+02  3.36267e+00 
 3.10500e+02  3.20677e+00 
 3.11000e+02  3.04954e+00 
 3.11500e+02  2.89101e+00 
 3.12000e+02  2.73118e+00 
 3.12500e+02  2.57007e+00 
 3.13000e+02  2.40770e+00 
 3.13500e+02  2.24408e+00 
 3.14000e+02  2.07921e+00 
 3.14500e+02  1.91309e+00 
 3.15000e+02  1.74572e+00 
 3.15500e+02  1.57707e+00 
 3.16000e+02  1.40719e+00 
 3.16500e+02  1.23606e+00 
 3.17000e+02  1.06369e+00 
 3.17500e+02  8.90090e-01 
 3.18000e+02  7.15256e-01 
 3.18500e+02  5.39193e-01 
 3.19000e+02  3.61917e-01 
 3.19500e+02  1.83428e-01 
