 0.00000e+00  2.35735e-05 
 5.00000e-01  2.32695e-05 
 1.00000e+00  2.56823e-05 
 1.50000e+00  2.75839e-05 
 2.00000e+00  3.00431e-05 
 2.50000e+00  3.34799e-05 
 3.00000e+00  3.58199e-05 
 3.50000e+00  3.99990e-05 
 4.00000e+00  4.35318e-05 
 4.50000e+00  4.66998e-05 
 5.00000e+00  5.10086e-05 
 5.50000e+00  5.55102e-05 
 6.00000e+00  6.10502e-05 
 6.50000e+00  6.70613e-05 
 7.00000e+00  7.26085e-05 
 7.50000e+00  7.88597e-05 
 8.00000e+00  8.62973e-05 
 8.50000e+00  9.32020e-05 
 9.00000e+00  1.02360e-04 
 9.50000e+00  1.12052e-04 
 1.00000e+01  1.21872e-04 
 1.05000e+01  1.30878e-04 
 1.10000e+01  1.41848e-04 
 1.15000e+01  1.52074e-04 
 1.20000e+01  1.63427e-04 
 1.25000e+01  1.74867e-04 
 1.30000e+01  1.86802e-04 
 1.35000e+01  2.00342e-04 
 1.40000e+01  2.12657e-04 
 1.45000e+01  2.26248e-04 
 1.50000e+01  2.37167e-04 
 1.55000e+01  2.49553e-04 
 1.60000e+01  2.64408e-04 
 1.65000e+01  2.77913e-04 
 1.70000e+01  2.93818e-04 
 1.75000e+01  3.09284e-04 
 1.80000e+01  3.22613e-04 
 1.85000e+01  3.36342e-04 
 1.90000e+01  3.50080e-04 
 1.95000e+01  3.63509e-04 
 2.00000e+01  3.79816e-04 
 2.05000e+01  3.91845e-04 
 2.10000e+01  4.06159e-04 
 2.15000e+01  4.17381e-04 
 2.20000e+01  4.33306e-04 
 2.25000e+01  4.50108e-04 
 2.30000e+01  4.65083e-04 
 2.35000e+01  4.81606e-04 
 2.40000e+01  4.97745e-04 
 2.45000e+01  5.14192e-04 
 2.50000e+01  5.30137e-04 
 2.55000e+01  5.45958e-04 
 2.60000e+01  5.61606e-04 
 2.65000e+01  5.82859e-04 
 2.70000e+01  5.98787e-04 
 2.75000e+01  6.22075e-04 
 2.80000e+01  6.42060e-04 
 2.85000e+01  6.63669e-04 
 2.90000e+01  6.84745e-04 
 2.95000e+01  7.04133e-04 
 3.00000e+01  7.29844e-04 
 3.05000e+01  7.53846e-04 
 3.10000e+01  7.79910e-04 
 3.15000e+01  8.07075e-04 
 3.20000e+01  8.36906e-04 
 3.25000e+01  8.65332e-04 
 3.30000e+01  8.98993e-04 
 3.35000e+01  9.31358e-04 
 3.40000e+01  9.65626e-04 
 3.45000e+01  1.00328e-03 
 3.50000e+01  1.04451e-03 
 3.55000e+01  1.08558e-03 
 3.60000e+01  1.12637e-03 
 3.65000e+01  1.17635e-03 
 3.70000e+01  1.22915e-03 
 3.75000e+01  1.28109e-03 
 3.80000e+01  1.33626e-03 
 3.85000e+01  1.39321e-03 
 3.90000e+01  1.45590e-03 
 3.95000e+01  1.52208e-03 
 4.00000e+01  1.58777e-03 
 4.05000e+01  1.65532e-03 
 4.10000e+01  1.72936e-03 
 4.15000e+01  1.81385e-03 
 4.20000e+01  1.90287e-03 
 4.25000e+01  1.99673e-03 
 4.30000e+01  2.09149e-03 
 4.35000e+01  2.19065e-03 
 4.40000e+01  2.30598e-03 
 4.45000e+01  2.42340e-03 
 4.50000e+01  2.54402e-03 
 4.55000e+01  2.67317e-03 
 4.60000e+01  2.81143e-03 
 4.65000e+01  2.95784e-03 
 4.70000e+01  3.11767e-03 
 4.75000e+01  3.27345e-03 
 4.80000e+01  3.43422e-03 
 4.85000e+01  3.61333e-03 
 4.90000e+01  3.78364e-03 
 4.95000e+01  3.97220e-03 
 5.00000e+01  4.16921e-03 
 5.05000e+01  4.36858e-03 
 5.10000e+01  4.57647e-03 
 5.15000e+01  4.78412e-03 
 5.20000e+01  5.00501e-03 
 5.25000e+01  5.22255e-03 
 5.30000e+01  5.44104e-03 
 5.35000e+01  5.64423e-03 
 5.40000e+01  5.85192e-03 
 5.45000e+01  6.05371e-03 
 5.50000e+01  6.25973e-03 
 5.55000e+01  6.44824e-03 
 5.60000e+01  6.64112e-03 
 5.65000e+01  6.83390e-03 
 5.70000e+01  7.00330e-03 
 5.75000e+01  7.18849e-03 
 5.80000e+01  7.35251e-03 
 5.85000e+01  7.52320e-03 
 5.90000e+01  7.68690e-03 
 5.95000e+01  7.83289e-03 
 6.00000e+01  7.97517e-03 
 6.05000e+01  8.12469e-03 
 6.10000e+01  8.26325e-03 
 6.15000e+01  8.39934e-03 
 6.20000e+01  8.52785e-03 
 6.25000e+01  8.65136e-03 
 6.30000e+01  8.77518e-03 
 6.35000e+01  8.88343e-03 
 6.40000e+01  8.98645e-03 
 6.45000e+01  9.07739e-03 
 6.50000e+01  9.17980e-03 
 6.55000e+01  9.28312e-03 
 6.60000e+01  9.39768e-03 
 6.65000e+01  9.49424e-03 
 6.70000e+01  9.59189e-03 
 6.75000e+01  9.69598e-03 
 6.80000e+01  9.78644e-03 
 6.85000e+01  9.89377e-03 
 6.90000e+01  9.99076e-03 
 6.95000e+01  1.00949e-02 
 7.00000e+01  1.01937e-02 
 7.05000e+01  1.02948e-02 
 7.10000e+01  1.03761e-02 
 7.15000e+01  1.04677e-02 
 7.20000e+01  1.05479e-02 
 7.25000e+01  1.06282e-02 
 7.30000e+01  1.06981e-02 
 7.35000e+01  1.07883e-02 
 7.40000e+01  1.08765e-02 
 7.45000e+01  1.09704e-02 
 7.50000e+01  1.10545e-02 
 7.55000e+01  1.11413e-02 
 7.60000e+01  1.11956e-02 
 7.65000e+01  1.12704e-02 
 7.70000e+01  1.13249e-02 
 7.75000e+01  1.13674e-02 
 7.80000e+01  1.14126e-02 
 7.85000e+01  1.14607e-02 
 7.90000e+01  1.15127e-02 
 7.95000e+01  1.15857e-02 
 8.00000e+01  1.16692e-02 
 8.05000e+01  1.17257e-02 
 8.10000e+01  1.17824e-02 
 8.15000e+01  1.18475e-02 
 8.20000e+01  1.18876e-02 
 8.25000e+01  1.19369e-02 
 8.30000e+01  1.19911e-02 
 8.35000e+01  1.20615e-02 
 8.40000e+01  1.21182e-02 
 8.45000e+01  1.21669e-02 
 8.50000e+01  1.22273e-02 
 8.55000e+01  1.22812e-02 
 8.60000e+01  1.23178e-02 
 8.65000e+01  1.23597e-02 
 8.70000e+01  1.24094e-02 
 8.75000e+01  1.24473e-02 
 8.80000e+01  1.24855e-02 
 8.85000e+01  1.25403e-02 
 8.90000e+01  1.25958e-02 
 8.95000e+01  1.26515e-02 
 9.00000e+01  1.27032e-02 
 9.05000e+01  1.27581e-02 
 9.10000e+01  1.27915e-02 
 9.15000e+01  1.28279e-02 
 9.20000e+01  1.28647e-02 
 9.25000e+01  1.28903e-02 
 9.30000e+01  1.29220e-02 
 9.35000e+01  1.29551e-02 
 9.40000e+01  1.29759e-02 
 9.45000e+01  1.30044e-02 
 9.50000e+01  1.30260e-02 
 9.55000e+01  1.30480e-02 
 9.60000e+01  1.30978e-02 
 9.65000e+01  1.31362e-02 
 9.70000e+01  1.31780e-02 
 9.75000e+01  1.32081e-02 
 9.80000e+01  1.32401e-02 
 9.85000e+01  1.32675e-02 
 9.90000e+01  1.32966e-02 
 9.95000e+01  1.33248e-02 
 1.00000e+02  1.33693e-02 
 1.00500e+02  1.34227e-02 
 1.01000e+02  1.34332e-02 
 1.01500e+02  1.34632e-02 
 1.02000e+02  1.34999e-02 
 1.02500e+02  1.35312e-02 
 1.03000e+02  1.35613e-02 
 1.03500e+02  1.35877e-02 
 1.04000e+02  1.36069e-02 
 1.04500e+02  1.36247e-02 
 1.05000e+02  1.36258e-02 
 1.05500e+02  1.36379e-02 
 1.06000e+02  1.36371e-02 
 1.06500e+02  1.36683e-02 
 1.07000e+02  1.36808e-02 
 1.07500e+02  1.37012e-02 
 1.08000e+02  1.37279e-02 
 1.08500e+02  1.37339e-02 
 1.09000e+02  1.37491e-02 
 1.09500e+02  1.37444e-02 
 1.10000e+02  1.37554e-02 
 1.10500e+02  1.37702e-02 
 1.11000e+02  1.37811e-02 
 1.11500e+02  1.38109e-02 
 1.12000e+02  1.37941e-02 
 1.12500e+02  1.38054e-02 
 1.13000e+02  1.37944e-02 
 1.13500e+02  1.38047e-02 
 1.14000e+02  1.38188e-02 
 1.14500e+02  1.38243e-02 
 1.15000e+02  1.38261e-02 
 1.15500e+02  1.38296e-02 
 1.16000e+02  1.38473e-02 
 1.16500e+02  1.38614e-02 
 1.17000e+02  1.38535e-02 
 1.17500e+02  1.38601e-02 
 1.18000e+02  1.38714e-02 
 1.18500e+02  1.38819e-02 
 1.19000e+02  1.38750e-02 
 1.19500e+02  1.38958e-02 
 1.20000e+02  1.38944e-02 
 1.20500e+02  1.39011e-02 
 1.21000e+02  1.39073e-02 
 1.21500e+02  1.39083e-02 
 1.22000e+02  1.39077e-02 
 1.22500e+02  1.39021e-02 
 1.23000e+02  1.39144e-02 
 1.23500e+02  1.39297e-02 
 1.24000e+02  1.39322e-02 
 1.24500e+02  1.39419e-02 
 1.25000e+02  1.39438e-02 
 1.25500e+02  1.39350e-02 
 1.26000e+02  1.39271e-02 
 1.26500e+02  1.39311e-02 
 1.27000e+02  1.39488e-02 
 1.27500e+02  1.39585e-02 
 1.28000e+02  1.39710e-02 
 1.28500e+02  1.39822e-02 
 1.29000e+02  1.39883e-02 
 1.29500e+02  1.39764e-02 
 1.30000e+02  1.39699e-02 
 1.30500e+02  1.39751e-02 
 1.31000e+02  1.39816e-02 
 1.31500e+02  1.39770e-02 
 1.32000e+02  1.39800e-02 
 1.32500e+02  1.39689e-02 
 1.33000e+02  1.39779e-02 
 1.33500e+02  1.39963e-02 
 1.34000e+02  1.39933e-02 
 1.34500e+02  1.39882e-02 
 1.35000e+02  1.39868e-02 
 1.35500e+02  1.39949e-02 
 1.36000e+02  1.39898e-02 
 1.36500e+02  1.39957e-02 
 1.37000e+02  1.40060e-02 
 1.37500e+02  1.39956e-02 
 1.38000e+02  1.39967e-02 
 1.38500e+02  1.39914e-02 
 1.39000e+02  1.40025e-02 
 1.39500e+02  1.40052e-02 
 1.40000e+02  1.39951e-02 
 1.40500e+02  1.40050e-02 
 1.41000e+02  1.40186e-02 
 1.41500e+02  1.40380e-02 
 1.42000e+02  1.40250e-02 
 1.42500e+02  1.40189e-02 
 1.43000e+02  1.40283e-02 
 1.43500e+02  1.40176e-02 
 1.44000e+02  1.40216e-02 
 1.44500e+02  1.40169e-02 
 1.45000e+02  1.40161e-02 
 1.45500e+02  1.40080e-02 
 1.46000e+02  1.39979e-02 
 1.46500e+02  1.40042e-02 
 1.47000e+02  1.40177e-02 
 1.47500e+02  1.40227e-02 
 1.48000e+02  1.40292e-02 
 1.48500e+02  1.40223e-02 
 1.49000e+02  1.40212e-02 
 1.49500e+02  1.40250e-02 
 1.50000e+02  1.40348e-02 
 1.50500e+02  1.40252e-02 
 1.51000e+02  1.40256e-02 
 1.51500e+02  1.40254e-02 
 1.52000e+02  1.40256e-02 
 1.52500e+02  1.40327e-02 
 1.53000e+02  1.40271e-02 
 1.53500e+02  1.40225e-02 
 1.54000e+02  1.40141e-02 
 1.54500e+02  1.40227e-02 
 1.55000e+02  1.40316e-02 
 1.55500e+02  1.40427e-02 
 1.56000e+02  1.40439e-02 
 1.56500e+02  1.40490e-02 
 1.57000e+02  1.40500e-02 
 1.57500e+02  1.40495e-02 
 1.58000e+02  1.40471e-02 
 1.58500e+02  1.40496e-02 
 1.59000e+02  1.40416e-02 
 1.59500e+02  1.40526e-02 
 1.60000e+02  1.40609e-02 
 1.60500e+02  1.40368e-02 
 1.61000e+02  1.40293e-02 
 1.61500e+02  1.40380e-02 
 1.62000e+02  1.40319e-02 
 1.62500e+02  1.40243e-02 
 1.63000e+02  1.40286e-02 
 1.63500e+02  1.40230e-02 
 1.64000e+02  1.40179e-02 
 1.64500e+02  1.40143e-02 
 1.65000e+02  1.40146e-02 
 1.65500e+02  1.40107e-02 
 1.66000e+02  1.40066e-02 
 1.66500e+02  1.40012e-02 
 1.67000e+02  1.39800e-02 
 1.67500e+02  1.39803e-02 
 1.68000e+02  1.39791e-02 
 1.68500e+02  1.39692e-02 
 1.69000e+02  1.39681e-02 
 1.69500e+02  1.39849e-02 
 1.70000e+02  1.39736e-02 
 1.70500e+02  1.39698e-02 
 1.71000e+02  1.39836e-02 
 1.71500e+02  1.39932e-02 
 1.72000e+02  1.39928e-02 
 1.72500e+02  1.39936e-02 
 1.73000e+02  1.39980e-02 
 1.73500e+02  1.39987e-02 
 1.74000e+02  1.39771e-02 
 1.74500e+02  1.39905e-02 
 1.75000e+02  1.40048e-02 
 1.75500e+02  1.39890e-02 
 1.76000e+02  1.39740e-02 
 1.76500e+02  1.39806e-02 
 1.77000e+02  1.39792e-02 
 1.77500e+02  1.39704e-02 
 1.78000e+02  1.39761e-02 
 1.78500e+02  1.39610e-02 
 1.79000e+02  1.39556e-02 
 1.79500e+02  1.39680e-02 
 1.80000e+02  1.39605e-02 
 1.80500e+02  1.39545e-02 
 1.81000e+02  1.39415e-02 
 1.81500e+02  1.39545e-02 
 1.82000e+02  1.39559e-02 
 1.82500e+02  1.39389e-02 
 1.83000e+02  1.39322e-02 
 1.83500e+02  1.39248e-02 
 1.84000e+02  1.39148e-02 
 1.84500e+02  1.39044e-02 
 1.85000e+02  1.38869e-02 
 1.85500e+02  1.38706e-02 
 1.86000e+02  1.38637e-02 
 1.86500e+02  1.38846e-02 
 1.87000e+02  1.38751e-02 
 1.87500e+02  1.38823e-02 
 1.88000e+02  1.38687e-02 
 1.88500e+02  1.38793e-02 
 1.89000e+02  1.38731e-02 
 1.89500e+02  1.38566e-02 
 1.90000e+02  1.38488e-02 
 1.90500e+02  1.38479e-02 
 1.91000e+02  1.38539e-02 
 1.91500e+02  1.38521e-02 
 1.92000e+02  1.38556e-02 
 1.92500e+02  1.38611e-02 
 1.93000e+02  1.38471e-02 
 1.93500e+02  1.38259e-02 
 1.94000e+02  1.38245e-02 
 1.94500e+02  1.38286e-02 
 1.95000e+02  1.38179e-02 
 1.95500e+02  1.37950e-02 
 1.96000e+02  1.37819e-02 
 1.96500e+02  1.37784e-02 
 1.97000e+02  1.37716e-02 
 1.97500e+02  1.37796e-02 
 1.98000e+02  1.37693e-02 
 1.98500e+02  1.37703e-02 
 1.99000e+02  1.37690e-02 
 1.99500e+02  1.37699e-02 
 2.00000e+02  1.37609e-02 
 2.00500e+02  1.37477e-02 
 2.01000e+02  1.37428e-02 
 2.01500e+02  1.37310e-02 
 2.02000e+02  1.37079e-02 
 2.02500e+02  1.37096e-02 
 2.03000e+02  1.37047e-02 
 2.03500e+02  1.36771e-02 
 2.04000e+02  1.36912e-02 
 2.04500e+02  1.36915e-02 
 2.05000e+02  1.36916e-02 
 2.05500e+02  1.36814e-02 
 2.06000e+02  1.36720e-02 
 2.06500e+02  1.36431e-02 
 2.07000e+02  1.36269e-02 
 2.07500e+02  1.36451e-02 
 2.08000e+02  1.36301e-02 
 2.08500e+02  1.35855e-02 
 2.09000e+02  1.35872e-02 
 2.09500e+02  1.35556e-02 
 2.10000e+02  1.35426e-02 
 2.10500e+02  1.35354e-02 
 2.11000e+02  1.35036e-02 
 2.11500e+02  1.34746e-02 
 2.12000e+02  1.34491e-02 
 2.12500e+02  1.34412e-02 
 2.13000e+02  1.34155e-02 
 2.13500e+02  1.33972e-02 
 2.14000e+02  1.33650e-02 
 2.14500e+02  1.33396e-02 
 2.15000e+02  1.33079e-02 
 2.15500e+02  1.32632e-02 
 2.16000e+02  1.32272e-02 
 2.16500e+02  1.31823e-02 
 2.17000e+02  1.31370e-02 
 2.17500e+02  1.31104e-02 
 2.18000e+02  1.30875e-02 
 2.18500e+02  1.30634e-02 
 2.19000e+02  1.30199e-02 
 2.19500e+02  1.29738e-02 
 2.20000e+02  1.29230e-02 
 2.20500e+02  1.28711e-02 
 2.21000e+02  1.28289e-02 
 2.21500e+02  1.27870e-02 
 2.22000e+02  1.27524e-02 
 2.22500e+02  1.27115e-02 
 2.23000e+02  1.26714e-02 
 2.23500e+02  1.26232e-02 
 2.24000e+02  1.25480e-02 
 2.24500e+02  1.24811e-02 
 2.25000e+02  1.24461e-02 
 2.25500e+02  1.24066e-02 
 2.26000e+02  1.23584e-02 
 2.26500e+02  1.23155e-02 
 2.27000e+02  1.22521e-02 
 2.27500e+02  1.21982e-02 
 2.28000e+02  1.21313e-02 
 2.28500e+02  1.20608e-02 
 2.29000e+02  1.19955e-02 
 2.29500e+02  1.19399e-02 
 2.30000e+02  1.18969e-02 
 2.30500e+02  1.18547e-02 
 2.31000e+02  1.17881e-02 
 2.31500e+02  1.17358e-02 
 2.32000e+02  1.16834e-02 
 2.32500e+02  1.16149e-02 
 2.33000e+02  1.15529e-02 
 2.33500e+02  1.15015e-02 
 2.34000e+02  1.14526e-02 
 2.34500e+02  1.13978e-02 
 2.35000e+02  1.13467e-02 
 2.35500e+02  1.12942e-02 
 2.36000e+02  1.12356e-02 
 2.36500e+02  1.11832e-02 
 2.37000e+02  1.11260e-02 
 2.37500e+02  1.10682e-02 
 2.38000e+02  1.09977e-02 
 2.38500e+02  1.09327e-02 
 2.39000e+02  1.08597e-02 
 2.39500e+02  1.07774e-02 
 2.40000e+02  1.07064e-02 
 2.40500e+02  1.06355e-02 
 2.41000e+02  1.05569e-02 
 2.41500e+02  1.05003e-02 
 2.42000e+02  1.04246e-02 
 2.42500e+02  1.03347e-02 
 2.43000e+02  1.02625e-02 
 2.43500e+02  1.01901e-02 
 2.44000e+02  1.01092e-02 
 2.44500e+02  1.00366e-02 
 2.45000e+02  9.93755e-03 
 2.45500e+02  9.84734e-03 
 2.46000e+02  9.74948e-03 
 2.46500e+02  9.65205e-03 
 2.47000e+02  9.53438e-03 
 2.47500e+02  9.42996e-03 
 2.48000e+02  9.33502e-03 
 2.48500e+02  9.24167e-03 
 2.49000e+02  9.14333e-03 
 2.49500e+02  9.03832e-03 
 2.50000e+02  8.93279e-03 
 2.50500e+02  8.81484e-03 
 2.51000e+02  8.70610e-03 
 2.51500e+02  8.57849e-03 
 2.52000e+02  8.45840e-03 
 2.52500e+02  8.33941e-03 
 2.53000e+02  8.21149e-03 
 2.53500e+02  8.07804e-03 
 2.54000e+02  7.93939e-03 
 2.54500e+02  7.79558e-03 
 2.55000e+02  7.66156e-03 
 2.55500e+02  7.52125e-03 
 2.56000e+02  7.38155e-03 
 2.56500e+02  7.24387e-03 
 2.57000e+02  7.09639e-03 
 2.57500e+02  6.94309e-03 
 2.58000e+02  6.78151e-03 
 2.58500e+02  6.61777e-03 
 2.59000e+02  6.44346e-03 
 2.59500e+02  6.25418e-03 
 2.60000e+02  6.06396e-03 
 2.60500e+02  5.87675e-03 
 2.61000e+02  5.69202e-03 
 2.61500e+02  5.48746e-03 
 2.62000e+02  5.28729e-03 
 2.62500e+02  5.08280e-03 
 2.63000e+02  4.87316e-03 
 2.63500e+02  4.67317e-03 
 2.64000e+02  4.47149e-03 
 2.64500e+02  4.26557e-03 
 2.65000e+02  4.07326e-03 
 2.65500e+02  3.88409e-03 
 2.66000e+02  3.70355e-03 
 2.66500e+02  3.52564e-03 
 2.67000e+02  3.35446e-03 
 2.67500e+02  3.19020e-03 
 2.68000e+02  3.03047e-03 
 2.68500e+02  2.88290e-03 
 2.69000e+02  2.73579e-03 
 2.69500e+02  2.59866e-03 
 2.70000e+02  2.46849e-03 
 2.70500e+02  2.34122e-03 
 2.71000e+02  2.22688e-03 
 2.71500e+02  2.11821e-03 
 2.72000e+02  2.01608e-03 
 2.72500e+02  1.91203e-03 
 2.73000e+02  1.81486e-03 
 2.73500e+02  1.72738e-03 
 2.74000e+02  1.64531e-03 
 2.74500e+02  1.56949e-03 
 2.75000e+02  1.50103e-03 
 2.75500e+02  1.44144e-03 
 2.76000e+02  1.37374e-03 
 2.76500e+02  1.31472e-03 
 2.77000e+02  1.26378e-03 
 2.77500e+02  1.21897e-03 
 2.78000e+02  1.17921e-03 
 2.78500e+02  1.13881e-03 
 2.79000e+02  1.10371e-03 
 2.79500e+02  1.07288e-03 
 2.80000e+02  1.03673e-03 
 2.80500e+02  1.00293e-03 
 2.81000e+02  9.73831e-04 
 2.81500e+02  9.45087e-04 
 2.82000e+02  9.15628e-04 
 2.82500e+02  8.86465e-04 
 2.83000e+02  8.61557e-04 
 2.83500e+02  8.37119e-04 
 2.84000e+02  8.11701e-04 
 2.84500e+02  7.84834e-04 
 2.85000e+02  7.60924e-04 
 2.85500e+02  7.38993e-04 
 2.86000e+02  7.17796e-04 
 2.86500e+02  6.94341e-04 
 2.87000e+02  6.75317e-04 
 2.87500e+02  6.55210e-04 
 2.88000e+02  6.35357e-04 
 2.88500e+02  6.14818e-04 
 2.89000e+02  5.96666e-04 
 2.89500e+02  5.77163e-04 
 2.90000e+02  5.60960e-04 
 2.90500e+02  5.46048e-04 
 2.91000e+02  5.31256e-04 
 2.91500e+02  5.16274e-04 
 2.92000e+02  5.03758e-04 
 2.92500e+02  4.88508e-04 
 2.93000e+02  4.74369e-04 
 2.93500e+02  4.59919e-04 
 2.94000e+02  4.47298e-04 
 2.94500e+02  4.33346e-04 
 2.95000e+02  4.20168e-04 
 2.95500e+02  4.09255e-04 
 2.96000e+02  3.97442e-04 
 2.96500e+02  3.85329e-04 
 2.97000e+02  3.73954e-04 
 2.97500e+02  3.63632e-04 
 2.98000e+02  3.54771e-04 
 2.98500e+02  3.43895e-04 
 2.99000e+02  3.36951e-04 
 2.99500e+02  3.26014e-04 
 3.00000e+02  3.16654e-04 
 3.00500e+02  3.07332e-04 
 3.01000e+02  2.99114e-04 
 3.01500e+02  2.90186e-04 
 3.02000e+02  2.80169e-04 
 3.02500e+02  2.72280e-04 
 3.03000e+02  2.65847e-04 
 3.03500e+02  2.58913e-04 
 3.04000e+02  2.50305e-04 
 3.04500e+02  2.42572e-04 
 3.05000e+02  2.35058e-04 
 3.05500e+02  2.27558e-04 
 3.06000e+02  2.21060e-04 
 3.06500e+02  2.14466e-04 
 3.07000e+02  2.08407e-04 
 3.07500e+02  2.01559e-04 
 3.08000e+02  1.95384e-04 
 3.08500e+02  1.87908e-04 
 3.09000e+02  1.81492e-04 
 3.09500e+02  1.74550e-04 
 3.10000e+02  1.68796e-04 
 3.10500e+02  1.62999e-04 
 3.11000e+02  1.55779e-04 
 3.11500e+02  1.50863e-04 
 3.12000e+02  1.44113e-04 
 3.12500e+02  1.39087e-04 
 3.13000e+02  1.34483e-04 
 3.13500e+02  1.28804e-04 
 3.14000e+02  1.23764e-04 
 3.14500e+02  1.16900e-04 
 3.15000e+02  1.10203e-04 
 3.15500e+02  1.06525e-04 
 3.16000e+02  1.01400e-04 
 3.16500e+02  9.52324e-05 
 3.17000e+02  9.03077e-05 
 3.17500e+02  8.46357e-05 
 3.18000e+02  8.00765e-05 
 3.18500e+02  7.56797e-05 
 3.19000e+02  7.05133e-05 
 3.19500e+02  6.84613e-05 
