 0.00000e+00  2.37352e-05 
 5.00000e-01  2.35320e-05 
 1.00000e+00  2.58528e-05 
 1.50000e+00  2.79384e-05 
 2.00000e+00  3.07040e-05 
 2.50000e+00  3.42176e-05 
 3.00000e+00  3.73832e-05 
 3.50000e+00  4.09872e-05 
 4.00000e+00  4.39312e-05 
 4.50000e+00  4.87016e-05 
 5.00000e+00  5.37640e-05 
 5.50000e+00  5.86312e-05 
 6.00000e+00  6.32872e-05 
 6.50000e+00  6.84688e-05 
 7.00000e+00  7.33896e-05 
 7.50000e+00  8.03320e-05 
 8.00000e+00  8.77304e-05 
 8.50000e+00  9.59280e-05 
 9.00000e+00  1.04603e-04 
 9.50000e+00  1.14310e-04 
 1.00000e+01  1.24848e-04 
 1.05000e+01  1.34038e-04 
 1.10000e+01  1.43878e-04 
 1.15000e+01  1.54550e-04 
 1.20000e+01  1.65683e-04 
 1.25000e+01  1.75699e-04 
 1.30000e+01  1.88828e-04 
 1.35000e+01  2.04202e-04 
 1.40000e+01  2.17911e-04 
 1.45000e+01  2.28609e-04 
 1.50000e+01  2.42656e-04 
 1.55000e+01  2.58289e-04 
 1.60000e+01  2.71360e-04 
 1.65000e+01  2.84351e-04 
 1.70000e+01  2.97175e-04 
 1.75000e+01  3.10223e-04 
 1.80000e+01  3.22716e-04 
 1.85000e+01  3.36349e-04 
 1.90000e+01  3.49654e-04 
 1.95000e+01  3.63520e-04 
 2.00000e+01  3.77072e-04 
 2.05000e+01  3.91152e-04 
 2.10000e+01  4.04139e-04 
 2.15000e+01  4.19558e-04 
 2.20000e+01  4.32459e-04 
 2.25000e+01  4.47116e-04 
 2.30000e+01  4.63035e-04 
 2.35000e+01  4.74836e-04 
 2.40000e+01  4.87841e-04 
 2.45000e+01  5.05087e-04 
 2.50000e+01  5.18738e-04 
 2.55000e+01  5.36371e-04 
 2.60000e+01  5.56630e-04 
 2.65000e+01  5.74316e-04 
 2.70000e+01  5.91859e-04 
 2.75000e+01  6.08739e-04 
 2.80000e+01  6.28435e-04 
 2.85000e+01  6.46847e-04 
 2.90000e+01  6.68060e-04 
 2.95000e+01  6.90364e-04 
 3.00000e+01  7.14452e-04 
 3.05000e+01  7.36284e-04 
 3.10000e+01  7.65516e-04 
 3.15000e+01  7.87881e-04 
 3.20000e+01  8.16063e-04 
 3.25000e+01  8.42627e-04 
 3.30000e+01  8.74926e-04 
 3.35000e+01  9.08061e-04 
 3.40000e+01  9.44966e-04 
 3.45000e+01  9.77925e-04 
 3.50000e+01  1.01517e-03 
 3.55000e+01  1.05720e-03 
 3.60000e+01  1.09677e-03 
 3.65000e+01  1.14687e-03 
 3.70000e+01  1.19231e-03 
 3.75000e+01  1.24382e-03 
 3.80000e+01  1.30203e-03 
 3.85000e+01  1.35341e-03 
 3.90000e+01  1.41256e-03 
 3.95000e+01  1.47738e-03 
 4.00000e+01  1.54819e-03 
 4.05000e+01  1.61542e-03 
 4.10000e+01  1.68870e-03 
 4.15000e+01  1.76756e-03 
 4.20000e+01  1.84459e-03 
 4.25000e+01  1.93680e-03 
 4.30000e+01  2.02480e-03 
 4.35000e+01  2.12045e-03 
 4.40000e+01  2.22628e-03 
 4.45000e+01  2.33433e-03 
 4.50000e+01  2.44872e-03 
 4.55000e+01  2.57278e-03 
 4.60000e+01  2.70588e-03 
 4.65000e+01  2.84615e-03 
 4.70000e+01  2.99177e-03 
 4.75000e+01  3.14499e-03 
 4.80000e+01  3.30428e-03 
 4.85000e+01  3.47852e-03 
 4.90000e+01  3.65520e-03 
 4.95000e+01  3.84211e-03 
 5.00000e+01  4.02244e-03 
 5.05000e+01  4.21076e-03 
 5.10000e+01  4.41060e-03 
 5.15000e+01  4.61455e-03 
 5.20000e+01  4.82127e-03 
 5.25000e+01  5.03979e-03 
 5.30000e+01  5.26021e-03 
 5.35000e+01  5.47316e-03 
 5.40000e+01  5.69744e-03 
 5.45000e+01  5.91153e-03 
 5.50000e+01  6.10972e-03 
 5.55000e+01  6.29951e-03 
 5.60000e+01  6.49051e-03 
 5.65000e+01  6.69483e-03 
 5.70000e+01  6.88402e-03 
 5.75000e+01  7.07690e-03 
 5.80000e+01  7.25583e-03 
 5.85000e+01  7.42929e-03 
 5.90000e+01  7.60227e-03 
 5.95000e+01  7.77836e-03 
 6.00000e+01  7.94033e-03 
 6.05000e+01  8.08682e-03 
 6.10000e+01  8.23718e-03 
 6.15000e+01  8.38925e-03 
 6.20000e+01  8.50264e-03 
 6.25000e+01  8.62785e-03 
 6.30000e+01  8.74350e-03 
 6.35000e+01  8.84434e-03 
 6.40000e+01  8.94487e-03 
 6.45000e+01  9.05918e-03 
 6.50000e+01  9.16819e-03 
 6.55000e+01  9.27699e-03 
 6.60000e+01  9.38466e-03 
 6.65000e+01  9.49784e-03 
 6.70000e+01  9.60815e-03 
 6.75000e+01  9.71236e-03 
 6.80000e+01  9.81085e-03 
 6.85000e+01  9.92159e-03 
 6.90000e+01  1.00112e-02 
 6.95000e+01  1.01036e-02 
 7.00000e+01  1.01936e-02 
 7.05000e+01  1.02956e-02 
 7.10000e+01  1.03733e-02 
 7.15000e+01  1.04754e-02 
 7.20000e+01  1.05502e-02 
 7.25000e+01  1.06386e-02 
 7.30000e+01  1.07155e-02 
 7.35000e+01  1.08024e-02 
 7.40000e+01  1.08867e-02 
 7.45000e+01  1.09590e-02 
 7.50000e+01  1.10253e-02 
 7.55000e+01  1.10951e-02 
 7.60000e+01  1.11778e-02 
 7.65000e+01  1.12354e-02 
 7.70000e+01  1.12981e-02 
 7.75000e+01  1.13676e-02 
 7.80000e+01  1.14213e-02 
 7.85000e+01  1.14735e-02 
 7.90000e+01  1.15287e-02 
 7.95000e+01  1.15749e-02 
 8.00000e+01  1.16395e-02 
 8.05000e+01  1.16881e-02 
 8.10000e+01  1.17218e-02 
 8.15000e+01  1.17815e-02 
 8.20000e+01  1.18328e-02 
 8.25000e+01  1.18715e-02 
 8.30000e+01  1.19263e-02 
 8.35000e+01  1.19859e-02 
 8.40000e+01  1.20532e-02 
 8.45000e+01  1.21090e-02 
 8.50000e+01  1.21459e-02 
 8.55000e+01  1.21889e-02 
 8.60000e+01  1.22343e-02 
 8.65000e+01  1.22774e-02 
 8.70000e+01  1.23293e-02 
 8.75000e+01  1.23739e-02 
 8.80000e+01  1.24115e-02 
 8.85000e+01  1.24457e-02 
 8.90000e+01  1.24875e-02 
 8.95000e+01  1.25253e-02 
 9.00000e+01  1.25732e-02 
 9.05000e+01  1.26100e-02 
 9.10000e+01  1.26546e-02 
 9.15000e+01  1.26977e-02 
 9.20000e+01  1.27316e-02 
 9.25000e+01  1.27842e-02 
 9.30000e+01  1.28220e-02 
 9.35000e+01  1.28688e-02 
 9.40000e+01  1.29169e-02 
 9.45000e+01  1.29741e-02 
 9.50000e+01  1.29996e-02 
 9.55000e+01  1.30218e-02 
 9.60000e+01  1.30514e-02 
 9.65000e+01  1.30716e-02 
 9.70000e+01  1.31032e-02 
 9.75000e+01  1.31273e-02 
 9.80000e+01  1.31465e-02 
 9.85000e+01  1.32000e-02 
 9.90000e+01  1.32462e-02 
 9.95000e+01  1.32720e-02 
 1.00000e+02  1.33158e-02 
 1.00500e+02  1.33451e-02 
 1.01000e+02  1.33791e-02 
 1.01500e+02  1.33942e-02 
 1.02000e+02  1.34200e-02 
 1.02500e+02  1.34355e-02 
 1.03000e+02  1.34656e-02 
 1.03500e+02  1.34798e-02 
 1.04000e+02  1.34993e-02 
 1.04500e+02  1.35162e-02 
 1.05000e+02  1.35246e-02 
 1.05500e+02  1.35572e-02 
 1.06000e+02  1.35748e-02 
 1.06500e+02  1.35905e-02 
 1.07000e+02  1.35969e-02 
 1.07500e+02  1.36287e-02 
 1.08000e+02  1.36317e-02 
 1.08500e+02  1.36469e-02 
 1.09000e+02  1.36846e-02 
 1.09500e+02  1.36981e-02 
 1.10000e+02  1.37025e-02 
 1.10500e+02  1.37015e-02 
 1.11000e+02  1.36998e-02 
 1.11500e+02  1.37274e-02 
 1.12000e+02  1.37447e-02 
 1.12500e+02  1.37452e-02 
 1.13000e+02  1.37436e-02 
 1.13500e+02  1.37570e-02 
 1.14000e+02  1.37602e-02 
 1.14500e+02  1.37520e-02 
 1.15000e+02  1.37629e-02 
 1.15500e+02  1.37684e-02 
 1.16000e+02  1.37686e-02 
 1.16500e+02  1.37741e-02 
 1.17000e+02  1.37916e-02 
 1.17500e+02  1.38088e-02 
 1.18000e+02  1.37975e-02 
 1.18500e+02  1.38152e-02 
 1.19000e+02  1.38283e-02 
 1.19500e+02  1.38178e-02 
 1.20000e+02  1.38282e-02 
 1.20500e+02  1.38195e-02 
 1.21000e+02  1.38260e-02 
 1.21500e+02  1.38369e-02 
 1.22000e+02  1.38462e-02 
 1.22500e+02  1.38504e-02 
 1.23000e+02  1.38684e-02 
 1.23500e+02  1.38617e-02 
 1.24000e+02  1.38675e-02 
 1.24500e+02  1.38621e-02 
 1.25000e+02  1.38658e-02 
 1.25500e+02  1.38661e-02 
 1.26000e+02  1.38649e-02 
 1.26500e+02  1.38657e-02 
 1.27000e+02  1.38771e-02 
 1.27500e+02  1.38996e-02 
 1.28000e+02  1.38958e-02 
 1.28500e+02  1.39058e-02 
 1.29000e+02  1.39110e-02 
 1.29500e+02  1.39119e-02 
 1.30000e+02  1.39308e-02 
 1.30500e+02  1.39416e-02 
 1.31000e+02  1.39312e-02 
 1.31500e+02  1.39309e-02 
 1.32000e+02  1.39359e-02 
 1.32500e+02  1.39385e-02 
 1.33000e+02  1.39357e-02 
 1.33500e+02  1.39382e-02 
 1.34000e+02  1.39332e-02 
 1.34500e+02  1.39252e-02 
 1.35000e+02  1.39380e-02 
 1.35500e+02  1.39349e-02 
 1.36000e+02  1.39240e-02 
 1.36500e+02  1.39173e-02 
 1.37000e+02  1.39276e-02 
 1.37500e+02  1.39235e-02 
 1.38000e+02  1.39298e-02 
 1.38500e+02  1.39443e-02 
 1.39000e+02  1.39331e-02 
 1.39500e+02  1.39409e-02 
 1.40000e+02  1.39614e-02 
 1.40500e+02  1.39583e-02 
 1.41000e+02  1.39563e-02 
 1.41500e+02  1.39439e-02 
 1.42000e+02  1.39479e-02 
 1.42500e+02  1.39564e-02 
 1.43000e+02  1.39511e-02 
 1.43500e+02  1.39478e-02 
 1.44000e+02  1.39515e-02 
 1.44500e+02  1.39604e-02 
 1.45000e+02  1.39475e-02 
 1.45500e+02  1.39459e-02 
 1.46000e+02  1.39575e-02 
 1.46500e+02  1.39728e-02 
 1.47000e+02  1.39823e-02 
 1.47500e+02  1.39759e-02 
 1.48000e+02  1.39712e-02 
 1.48500e+02  1.39762e-02 
 1.49000e+02  1.39963e-02 
 1.49500e+02  1.40048e-02 
 1.50000e+02  1.40196e-02 
 1.50500e+02  1.40139e-02 
 1.51000e+02  1.39978e-02 
 1.51500e+02  1.40000e-02 
 1.52000e+02  1.40042e-02 
 1.52500e+02  1.40097e-02 
 1.53000e+02  1.40000e-02 
 1.53500e+02  1.40032e-02 
 1.54000e+02  1.39965e-02 
 1.54500e+02  1.39866e-02 
 1.55000e+02  1.40036e-02 
 1.55500e+02  1.40029e-02 
 1.56000e+02  1.40229e-02 
 1.56500e+02  1.40239e-02 
 1.57000e+02  1.40038e-02 
 1.57500e+02  1.40082e-02 
 1.58000e+02  1.40098e-02 
 1.58500e+02  1.40094e-02 
 1.59000e+02  1.40051e-02 
 1.59500e+02  1.40095e-02 
 1.60000e+02  1.39995e-02 
 1.60500e+02  1.39952e-02 
 1.61000e+02  1.40085e-02 
 1.61500e+02  1.39994e-02 
 1.62000e+02  1.39877e-02 
 1.62500e+02  1.39955e-02 
 1.63000e+02  1.39985e-02 
 1.63500e+02  1.39793e-02 
 1.64000e+02  1.39933e-02 
 1.64500e+02  1.39846e-02 
 1.65000e+02  1.39785e-02 
 1.65500e+02  1.39823e-02 
 1.66000e+02  1.39731e-02 
 1.66500e+02  1.39749e-02 
 1.67000e+02  1.39745e-02 
 1.67500e+02  1.39801e-02 
 1.68000e+02  1.39755e-02 
 1.68500e+02  1.39456e-02 
 1.69000e+02  1.39466e-02 
 1.69500e+02  1.39488e-02 
 1.70000e+02  1.39612e-02 
 1.70500e+02  1.39605e-02 
 1.71000e+02  1.39426e-02 
 1.71500e+02  1.39289e-02 
 1.72000e+02  1.39466e-02 
 1.72500e+02  1.39258e-02 
 1.73000e+02  1.39224e-02 
 1.73500e+02  1.39178e-02 
 1.74000e+02  1.39147e-02 
 1.74500e+02  1.39240e-02 
 1.75000e+02  1.39260e-02 
 1.75500e+02  1.39416e-02 
 1.76000e+02  1.39447e-02 
 1.76500e+02  1.39467e-02 
 1.77000e+02  1.39372e-02 
 1.77500e+02  1.39419e-02 
 1.78000e+02  1.39311e-02 
 1.78500e+02  1.39208e-02 
 1.79000e+02  1.39328e-02 
 1.79500e+02  1.39164e-02 
 1.80000e+02  1.39089e-02 
 1.80500e+02  1.39274e-02 
 1.81000e+02  1.39193e-02 
 1.81500e+02  1.39124e-02 
 1.82000e+02  1.39130e-02 
 1.82500e+02  1.39037e-02 
 1.83000e+02  1.39083e-02 
 1.83500e+02  1.39107e-02 
 1.84000e+02  1.39016e-02 
 1.84500e+02  1.39188e-02 
 1.85000e+02  1.39189e-02 
 1.85500e+02  1.39246e-02 
 1.86000e+02  1.39195e-02 
 1.86500e+02  1.39033e-02 
 1.87000e+02  1.38922e-02 
 1.87500e+02  1.38952e-02 
 1.88000e+02  1.38872e-02 
 1.88500e+02  1.38857e-02 
 1.89000e+02  1.38839e-02 
 1.89500e+02  1.38776e-02 
 1.90000e+02  1.38882e-02 
 1.90500e+02  1.38922e-02 
 1.91000e+02  1.38791e-02 
 1.91500e+02  1.38588e-02 
 1.92000e+02  1.38416e-02 
 1.92500e+02  1.38420e-02 
 1.93000e+02  1.38266e-02 
 1.93500e+02  1.38128e-02 
 1.94000e+02  1.38178e-02 
 1.94500e+02  1.38009e-02 
 1.95000e+02  1.38034e-02 
 1.95500e+02  1.37948e-02 
 1.96000e+02  1.37975e-02 
 1.96500e+02  1.37984e-02 
 1.97000e+02  1.37969e-02 
 1.97500e+02  1.38083e-02 
 1.98000e+02  1.37824e-02 
 1.98500e+02  1.37736e-02 
 1.99000e+02  1.37512e-02 
 1.99500e+02  1.37636e-02 
 2.00000e+02  1.37595e-02 
 2.00500e+02  1.37643e-02 
 2.01000e+02  1.37485e-02 
 2.01500e+02  1.37298e-02 
 2.02000e+02  1.37142e-02 
 2.02500e+02  1.36994e-02 
 2.03000e+02  1.36985e-02 
 2.03500e+02  1.36752e-02 
 2.04000e+02  1.36576e-02 
 2.04500e+02  1.36486e-02 
 2.05000e+02  1.36381e-02 
 2.05500e+02  1.36288e-02 
 2.06000e+02  1.36361e-02 
 2.06500e+02  1.36149e-02 
 2.07000e+02  1.35977e-02 
 2.07500e+02  1.35900e-02 
 2.08000e+02  1.35798e-02 
 2.08500e+02  1.35657e-02 
 2.09000e+02  1.35461e-02 
 2.09500e+02  1.35292e-02 
 2.10000e+02  1.35141e-02 
 2.10500e+02  1.35087e-02 
 2.11000e+02  1.34953e-02 
 2.11500e+02  1.34705e-02 
 2.12000e+02  1.34452e-02 
 2.12500e+02  1.34110e-02 
 2.13000e+02  1.33690e-02 
 2.13500e+02  1.33403e-02 
 2.14000e+02  1.33145e-02 
 2.14500e+02  1.32614e-02 
 2.15000e+02  1.32357e-02 
 2.15500e+02  1.32191e-02 
 2.16000e+02  1.32010e-02 
 2.16500e+02  1.31670e-02 
 2.17000e+02  1.31426e-02 
 2.17500e+02  1.31145e-02 
 2.18000e+02  1.30720e-02 
 2.18500e+02  1.30386e-02 
 2.19000e+02  1.30260e-02 
 2.19500e+02  1.29918e-02 
 2.20000e+02  1.29442e-02 
 2.20500e+02  1.29189e-02 
 2.21000e+02  1.28621e-02 
 2.21500e+02  1.28236e-02 
 2.22000e+02  1.27890e-02 
 2.22500e+02  1.27461e-02 
 2.23000e+02  1.26903e-02 
 2.23500e+02  1.26355e-02 
 2.24000e+02  1.25791e-02 
 2.24500e+02  1.25300e-02 
 2.25000e+02  1.24876e-02 
 2.25500e+02  1.24448e-02 
 2.26000e+02  1.23964e-02 
 2.26500e+02  1.23507e-02 
 2.27000e+02  1.23104e-02 
 2.27500e+02  1.22575e-02 
 2.28000e+02  1.21871e-02 
 2.28500e+02  1.21327e-02 
 2.29000e+02  1.20958e-02 
 2.29500e+02  1.20315e-02 
 2.30000e+02  1.19789e-02 
 2.30500e+02  1.19312e-02 
 2.31000e+02  1.18833e-02 
 2.31500e+02  1.18283e-02 
 2.32000e+02  1.17737e-02 
 2.32500e+02  1.17149e-02 
 2.33000e+02  1.16426e-02 
 2.33500e+02  1.15926e-02 
 2.34000e+02  1.15207e-02 
 2.34500e+02  1.14527e-02 
 2.35000e+02  1.14068e-02 
 2.35500e+02  1.13332e-02 
 2.36000e+02  1.12689e-02 
 2.36500e+02  1.12245e-02 
 2.37000e+02  1.11590e-02 
 2.37500e+02  1.11013e-02 
 2.38000e+02  1.10484e-02 
 2.38500e+02  1.09866e-02 
 2.39000e+02  1.09232e-02 
 2.39500e+02  1.08719e-02 
 2.40000e+02  1.07996e-02 
 2.40500e+02  1.07282e-02 
 2.41000e+02  1.06400e-02 
 2.41500e+02  1.05785e-02 
 2.42000e+02  1.05111e-02 
 2.42500e+02  1.04184e-02 
 2.43000e+02  1.03421e-02 
 2.43500e+02  1.02622e-02 
 2.44000e+02  1.01740e-02 
 2.44500e+02  1.00746e-02 
 2.45000e+02  9.99074e-03 
 2.45500e+02  9.89060e-03 
 2.46000e+02  9.80284e-03 
 2.46500e+02  9.70519e-03 
 2.47000e+02  9.61230e-03 
 2.47500e+02  9.51018e-03 
 2.48000e+02  9.41804e-03 
 2.48500e+02  9.32474e-03 
 2.49000e+02  9.22444e-03 
 2.49500e+02  9.10451e-03 
 2.50000e+02  8.97942e-03 
 2.50500e+02  8.86953e-03 
 2.51000e+02  8.75154e-03 
 2.51500e+02  8.64489e-03 
 2.52000e+02  8.53768e-03 
 2.52500e+02  8.42336e-03 
 2.53000e+02  8.29979e-03 
 2.53500e+02  8.16439e-03 
 2.54000e+02  8.03576e-03 
 2.54500e+02  7.91193e-03 
 2.55000e+02  7.76589e-03 
 2.55500e+02  7.63459e-03 
 2.56000e+02  7.49041e-03 
 2.56500e+02  7.33788e-03 
 2.57000e+02  7.17310e-03 
 2.57500e+02  6.98855e-03 
 2.58000e+02  6.80221e-03 
 2.58500e+02  6.62835e-03 
 2.59000e+02  6.43828e-03 
 2.59500e+02  6.25302e-03 
 2.60000e+02  6.06875e-03 
 2.60500e+02  5.87930e-03 
 2.61000e+02  5.69095e-03 
 2.61500e+02  5.49695e-03 
 2.62000e+02  5.30593e-03 
 2.62500e+02  5.10938e-03 
 2.63000e+02  4.90339e-03 
 2.63500e+02  4.70301e-03 
 2.64000e+02  4.51634e-03 
 2.64500e+02  4.32095e-03 
 2.65000e+02  4.12307e-03 
 2.65500e+02  3.93599e-03 
 2.66000e+02  3.75620e-03 
 2.66500e+02  3.57974e-03 
 2.67000e+02  3.40439e-03 
 2.67500e+02  3.24250e-03 
 2.68000e+02  3.07653e-03 
 2.68500e+02  2.92454e-03 
 2.69000e+02  2.77565e-03 
 2.69500e+02  2.63813e-03 
 2.70000e+02  2.50446e-03 
 2.70500e+02  2.37774e-03 
 2.71000e+02  2.25753e-03 
 2.71500e+02  2.14289e-03 
 2.72000e+02  2.03005e-03 
 2.72500e+02  1.92470e-03 
 2.73000e+02  1.83670e-03 
 2.73500e+02  1.75322e-03 
 2.74000e+02  1.66916e-03 
 2.74500e+02  1.59035e-03 
 2.75000e+02  1.51516e-03 
 2.75500e+02  1.45409e-03 
 2.76000e+02  1.38982e-03 
 2.76500e+02  1.33355e-03 
 2.77000e+02  1.28253e-03 
 2.77500e+02  1.23196e-03 
 2.78000e+02  1.18938e-03 
 2.78500e+02  1.15171e-03 
 2.79000e+02  1.11475e-03 
 2.79500e+02  1.08053e-03 
 2.80000e+02  1.04542e-03 
 2.80500e+02  1.01515e-03 
 2.81000e+02  9.80564e-04 
 2.81500e+02  9.50657e-04 
 2.82000e+02  9.21354e-04 
 2.82500e+02  8.92234e-04 
 2.83000e+02  8.64002e-04 
 2.83500e+02  8.36538e-04 
 2.84000e+02  8.13174e-04 
 2.84500e+02  7.92677e-04 
 2.85000e+02  7.62618e-04 
 2.85500e+02  7.39052e-04 
 2.86000e+02  7.14925e-04 
 2.86500e+02  6.95525e-04 
 2.87000e+02  6.79102e-04 
 2.87500e+02  6.56275e-04 
 2.88000e+02  6.37574e-04 
 2.88500e+02  6.17358e-04 
 2.89000e+02  5.98278e-04 
 2.89500e+02  5.77162e-04 
 2.90000e+02  5.62526e-04 
 2.90500e+02  5.45964e-04 
 2.91000e+02  5.28290e-04 
 2.91500e+02  5.13623e-04 
 2.92000e+02  4.98293e-04 
 2.92500e+02  4.84462e-04 
 2.93000e+02  4.72670e-04 
 2.93500e+02  4.57993e-04 
 2.94000e+02  4.46215e-04 
 2.94500e+02  4.34381e-04 
 2.95000e+02  4.20924e-04 
 2.95500e+02  4.09932e-04 
 2.96000e+02  3.95812e-04 
 2.96500e+02  3.84501e-04 
 2.97000e+02  3.74901e-04 
 2.97500e+02  3.63046e-04 
 2.98000e+02  3.52442e-04 
 2.98500e+02  3.43946e-04 
 2.99000e+02  3.34212e-04 
 2.99500e+02  3.25690e-04 
 3.00000e+02  3.16763e-04 
 3.00500e+02  3.08054e-04 
 3.01000e+02  2.99302e-04 
 3.01500e+02  2.91162e-04 
 3.02000e+02  2.80561e-04 
 3.02500e+02  2.72422e-04 
 3.03000e+02  2.65424e-04 
 3.03500e+02  2.57470e-04 
 3.04000e+02  2.48688e-04 
 3.04500e+02  2.42404e-04 
 3.05000e+02  2.34581e-04 
 3.05500e+02  2.29986e-04 
 3.06000e+02  2.22744e-04 
 3.06500e+02  2.16179e-04 
 3.07000e+02  2.08732e-04 
 3.07500e+02  2.01719e-04 
 3.08000e+02  1.94568e-04 
 3.08500e+02  1.88126e-04 
 3.09000e+02  1.80414e-04 
 3.09500e+02  1.73546e-04 
 3.10000e+02  1.66777e-04 
 3.10500e+02  1.62550e-04 
 3.11000e+02  1.56619e-04 
 3.11500e+02  1.50882e-04 
 3.12000e+02  1.43690e-04 
 3.12500e+02  1.37785e-04 
 3.13000e+02  1.33214e-04 
 3.13500e+02  1.26947e-04 
 3.14000e+02  1.21354e-04 
 3.14500e+02  1.15544e-04 
 3.15000e+02  1.10280e-04 
 3.15500e+02  1.04703e-04 
 3.16000e+02  1.00617e-04 
 3.16500e+02  9.54752e-05 
 3.17000e+02  8.94080e-05 
 3.17500e+02  8.39520e-05 
 3.18000e+02  7.90232e-05 
 3.18500e+02  7.45024e-05 
 3.19000e+02  6.93976e-05 
 3.19500e+02  6.60440e-05 
