 0.00000e+00  2.39264e-05 
 5.00000e-01  2.36424e-05 
 1.00000e+00  2.62040e-05 
 1.50000e+00  2.83280e-05 
 2.00000e+00  3.10976e-05 
 2.50000e+00  3.47592e-05 
 3.00000e+00  3.78624e-05 
 3.50000e+00  4.09752e-05 
 4.00000e+00  4.46280e-05 
 4.50000e+00  4.88408e-05 
 5.00000e+00  5.25088e-05 
 5.50000e+00  5.76016e-05 
 6.00000e+00  6.33016e-05 
 6.50000e+00  6.78400e-05 
 7.00000e+00  7.32912e-05 
 7.50000e+00  8.01056e-05 
 8.00000e+00  8.64424e-05 
 8.50000e+00  9.47824e-05 
 9.00000e+00  1.02387e-04 
 9.50000e+00  1.10817e-04 
 1.00000e+01  1.20859e-04 
 1.05000e+01  1.30342e-04 
 1.10000e+01  1.41563e-04 
 1.15000e+01  1.52708e-04 
 1.20000e+01  1.63900e-04 
 1.25000e+01  1.73579e-04 
 1.30000e+01  1.87356e-04 
 1.35000e+01  2.00014e-04 
 1.40000e+01  2.12923e-04 
 1.45000e+01  2.25262e-04 
 1.50000e+01  2.37515e-04 
 1.55000e+01  2.51135e-04 
 1.60000e+01  2.64035e-04 
 1.65000e+01  2.76270e-04 
 1.70000e+01  2.87890e-04 
 1.75000e+01  3.04156e-04 
 1.80000e+01  3.17542e-04 
 1.85000e+01  3.33135e-04 
 1.90000e+01  3.44906e-04 
 1.95000e+01  3.57550e-04 
 2.00000e+01  3.70974e-04 
 2.05000e+01  3.87372e-04 
 2.10000e+01  3.99939e-04 
 2.15000e+01  4.11578e-04 
 2.20000e+01  4.27377e-04 
 2.25000e+01  4.43918e-04 
 2.30000e+01  4.58304e-04 
 2.35000e+01  4.69473e-04 
 2.40000e+01  4.87445e-04 
 2.45000e+01  5.02717e-04 
 2.50000e+01  5.19661e-04 
 2.55000e+01  5.36070e-04 
 2.60000e+01  5.52230e-04 
 2.65000e+01  5.71862e-04 
 2.70000e+01  5.89443e-04 
 2.75000e+01  6.07154e-04 
 2.80000e+01  6.25570e-04 
 2.85000e+01  6.48144e-04 
 2.90000e+01  6.67742e-04 
 2.95000e+01  6.89909e-04 
 3.00000e+01  7.10280e-04 
 3.05000e+01  7.37035e-04 
 3.10000e+01  7.63489e-04 
 3.15000e+01  7.87482e-04 
 3.20000e+01  8.19506e-04 
 3.25000e+01  8.48558e-04 
 3.30000e+01  8.81291e-04 
 3.35000e+01  9.16382e-04 
 3.40000e+01  9.48898e-04 
 3.45000e+01  9.84818e-04 
 3.50000e+01  1.02595e-03 
 3.55000e+01  1.06518e-03 
 3.60000e+01  1.10627e-03 
 3.65000e+01  1.15306e-03 
 3.70000e+01  1.20011e-03 
 3.75000e+01  1.25045e-03 
 3.80000e+01  1.30745e-03 
 3.85000e+01  1.36852e-03 
 3.90000e+01  1.42907e-03 
 3.95000e+01  1.49193e-03 
 4.00000e+01  1.56018e-03 
 4.05000e+01  1.63256e-03 
 4.10000e+01  1.70942e-03 
 4.15000e+01  1.78677e-03 
 4.20000e+01  1.87392e-03 
 4.25000e+01  1.96924e-03 
 4.30000e+01  2.06090e-03 
 4.35000e+01  2.15798e-03 
 4.40000e+01  2.26658e-03 
 4.45000e+01  2.38343e-03 
 4.50000e+01  2.49916e-03 
 4.55000e+01  2.62981e-03 
 4.60000e+01  2.76263e-03 
 4.65000e+01  2.90024e-03 
 4.70000e+01  3.04648e-03 
 4.75000e+01  3.20700e-03 
 4.80000e+01  3.36378e-03 
 4.85000e+01  3.53656e-03 
 4.90000e+01  3.72367e-03 
 4.95000e+01  3.90387e-03 
 5.00000e+01  4.09630e-03 
 5.05000e+01  4.28371e-03 
 5.10000e+01  4.48033e-03 
 5.15000e+01  4.68438e-03 
 5.20000e+01  4.89415e-03 
 5.25000e+01  5.10984e-03 
 5.30000e+01  5.31161e-03 
 5.35000e+01  5.51516e-03 
 5.40000e+01  5.72141e-03 
 5.45000e+01  5.92846e-03 
 5.50000e+01  6.13042e-03 
 5.55000e+01  6.32353e-03 
 5.60000e+01  6.51074e-03 
 5.65000e+01  6.69253e-03 
 5.70000e+01  6.87690e-03 
 5.75000e+01  7.05110e-03 
 5.80000e+01  7.22117e-03 
 5.85000e+01  7.40218e-03 
 5.90000e+01  7.59183e-03 
 5.95000e+01  7.75198e-03 
 6.00000e+01  7.91867e-03 
 6.05000e+01  8.07640e-03 
 6.10000e+01  8.22018e-03 
 6.15000e+01  8.34712e-03 
 6.20000e+01  8.48981e-03 
 6.25000e+01  8.62077e-03 
 6.30000e+01  8.74165e-03 
 6.35000e+01  8.83912e-03 
 6.40000e+01  8.95083e-03 
 6.45000e+01  9.03415e-03 
 6.50000e+01  9.13287e-03 
 6.55000e+01  9.22652e-03 
 6.60000e+01  9.32292e-03 
 6.65000e+01  9.42596e-03 
 6.70000e+01  9.53373e-03 
 6.75000e+01  9.63638e-03 
 6.80000e+01  9.74716e-03 
 6.85000e+01  9.83928e-03 
 6.90000e+01  9.94338e-03 
 6.95000e+01  1.00407e-02 
 7.00000e+01  1.01328e-02 
 7.05000e+01  1.02287e-02 
 7.10000e+01  1.03094e-02 
 7.15000e+01  1.03667e-02 
 7.20000e+01  1.04630e-02 
 7.25000e+01  1.05520e-02 
 7.30000e+01  1.06143e-02 
 7.35000e+01  1.06963e-02 
 7.40000e+01  1.07766e-02 
 7.45000e+01  1.08457e-02 
 7.50000e+01  1.09112e-02 
 7.55000e+01  1.09766e-02 
 7.60000e+01  1.10646e-02 
 7.65000e+01  1.11231e-02 
 7.70000e+01  1.11911e-02 
 7.75000e+01  1.12749e-02 
 7.80000e+01  1.13312e-02 
 7.85000e+01  1.13959e-02 
 7.90000e+01  1.14658e-02 
 7.95000e+01  1.15312e-02 
 8.00000e+01  1.15981e-02 
 8.05000e+01  1.16583e-02 
 8.10000e+01  1.17144e-02 
 8.15000e+01  1.17808e-02 
 8.20000e+01  1.18405e-02 
 8.25000e+01  1.19003e-02 
 8.30000e+01  1.19555e-02 
 8.35000e+01  1.20113e-02 
 8.40000e+01  1.20733e-02 
 8.45000e+01  1.21256e-02 
 8.50000e+01  1.21756e-02 
 8.55000e+01  1.22233e-02 
 8.60000e+01  1.22640e-02 
 8.65000e+01  1.22870e-02 
 8.70000e+01  1.23320e-02 
 8.75000e+01  1.23758e-02 
 8.80000e+01  1.24060e-02 
 8.85000e+01  1.24609e-02 
 8.90000e+01  1.25088e-02 
 8.95000e+01  1.25604e-02 
 9.00000e+01  1.26002e-02 
 9.05000e+01  1.26446e-02 
 9.10000e+01  1.26990e-02 
 9.15000e+01  1.27269e-02 
 9.20000e+01  1.27825e-02 
 9.25000e+01  1.28264e-02 
 9.30000e+01  1.28657e-02 
 9.35000e+01  1.28965e-02 
 9.40000e+01  1.29362e-02 
 9.45000e+01  1.29707e-02 
 9.50000e+01  1.29932e-02 
 9.55000e+01  1.30293e-02 
 9.60000e+01  1.30625e-02 
 9.65000e+01  1.31024e-02 
 9.70000e+01  1.31267e-02 
 9.75000e+01  1.31729e-02 
 9.80000e+01  1.32215e-02 
 9.85000e+01  1.32300e-02 
 9.90000e+01  1.32519e-02 
 9.95000e+01  1.32828e-02 
 1.00000e+02  1.32990e-02 
 1.00500e+02  1.33518e-02 
 1.01000e+02  1.34048e-02 
 1.01500e+02  1.34264e-02 
 1.02000e+02  1.34477e-02 
 1.02500e+02  1.34583e-02 
 1.03000e+02  1.34645e-02 
 1.03500e+02  1.34883e-02 
 1.04000e+02  1.35059e-02 
 1.04500e+02  1.35216e-02 
 1.05000e+02  1.35575e-02 
 1.05500e+02  1.35870e-02 
 1.06000e+02  1.36089e-02 
 1.06500e+02  1.36135e-02 
 1.07000e+02  1.36153e-02 
 1.07500e+02  1.36272e-02 
 1.08000e+02  1.36367e-02 
 1.08500e+02  1.36514e-02 
 1.09000e+02  1.36600e-02 
 1.09500e+02  1.36796e-02 
 1.10000e+02  1.36831e-02 
 1.10500e+02  1.36926e-02 
 1.11000e+02  1.37191e-02 
 1.11500e+02  1.37225e-02 
 1.12000e+02  1.37512e-02 
 1.12500e+02  1.37417e-02 
 1.13000e+02  1.37511e-02 
 1.13500e+02  1.37481e-02 
 1.14000e+02  1.37632e-02 
 1.14500e+02  1.37576e-02 
 1.15000e+02  1.37636e-02 
 1.15500e+02  1.37768e-02 
 1.16000e+02  1.37872e-02 
 1.16500e+02  1.37977e-02 
 1.17000e+02  1.38133e-02 
 1.17500e+02  1.37983e-02 
 1.18000e+02  1.37844e-02 
 1.18500e+02  1.37880e-02 
 1.19000e+02  1.38007e-02 
 1.19500e+02  1.38007e-02 
 1.20000e+02  1.38197e-02 
 1.20500e+02  1.38353e-02 
 1.21000e+02  1.38458e-02 
 1.21500e+02  1.38676e-02 
 1.22000e+02  1.38656e-02 
 1.22500e+02  1.38654e-02 
 1.23000e+02  1.38542e-02 
 1.23500e+02  1.38594e-02 
 1.24000e+02  1.38636e-02 
 1.24500e+02  1.38654e-02 
 1.25000e+02  1.38851e-02 
 1.25500e+02  1.38734e-02 
 1.26000e+02  1.38676e-02 
 1.26500e+02  1.38602e-02 
 1.27000e+02  1.38607e-02 
 1.27500e+02  1.38719e-02 
 1.28000e+02  1.38637e-02 
 1.28500e+02  1.38792e-02 
 1.29000e+02  1.38745e-02 
 1.29500e+02  1.38780e-02 
 1.30000e+02  1.38846e-02 
 1.30500e+02  1.38949e-02 
 1.31000e+02  1.38859e-02 
 1.31500e+02  1.39041e-02 
 1.32000e+02  1.38974e-02 
 1.32500e+02  1.39075e-02 
 1.33000e+02  1.38960e-02 
 1.33500e+02  1.38768e-02 
 1.34000e+02  1.38767e-02 
 1.34500e+02  1.38571e-02 
 1.35000e+02  1.38593e-02 
 1.35500e+02  1.38666e-02 
 1.36000e+02  1.38677e-02 
 1.36500e+02  1.38762e-02 
 1.37000e+02  1.38645e-02 
 1.37500e+02  1.38652e-02 
 1.38000e+02  1.38774e-02 
 1.38500e+02  1.38827e-02 
 1.39000e+02  1.38839e-02 
 1.39500e+02  1.38904e-02 
 1.40000e+02  1.38993e-02 
 1.40500e+02  1.39027e-02 
 1.41000e+02  1.39008e-02 
 1.41500e+02  1.38956e-02 
 1.42000e+02  1.38997e-02 
 1.42500e+02  1.39028e-02 
 1.43000e+02  1.39014e-02 
 1.43500e+02  1.39014e-02 
 1.44000e+02  1.38952e-02 
 1.44500e+02  1.38991e-02 
 1.45000e+02  1.39026e-02 
 1.45500e+02  1.39076e-02 
 1.46000e+02  1.39017e-02 
 1.46500e+02  1.38998e-02 
 1.47000e+02  1.38981e-02 
 1.47500e+02  1.39011e-02 
 1.48000e+02  1.38974e-02 
 1.48500e+02  1.38945e-02 
 1.49000e+02  1.39063e-02 
 1.49500e+02  1.38982e-02 
 1.50000e+02  1.39035e-02 
 1.50500e+02  1.39036e-02 
 1.51000e+02  1.38856e-02 
 1.51500e+02  1.38850e-02 
 1.52000e+02  1.38934e-02 
 1.52500e+02  1.38903e-02 
 1.53000e+02  1.39042e-02 
 1.53500e+02  1.38963e-02 
 1.54000e+02  1.38969e-02 
 1.54500e+02  1.38875e-02 
 1.55000e+02  1.38785e-02 
 1.55500e+02  1.38707e-02 
 1.56000e+02  1.38851e-02 
 1.56500e+02  1.38831e-02 
 1.57000e+02  1.38832e-02 
 1.57500e+02  1.38786e-02 
 1.58000e+02  1.38764e-02 
 1.58500e+02  1.38777e-02 
 1.59000e+02  1.38696e-02 
 1.59500e+02  1.38783e-02 
 1.60000e+02  1.38802e-02 
 1.60500e+02  1.38774e-02 
 1.61000e+02  1.38729e-02 
 1.61500e+02  1.38715e-02 
 1.62000e+02  1.38735e-02 
 1.62500e+02  1.38695e-02 
 1.63000e+02  1.38898e-02 
 1.63500e+02  1.38957e-02 
 1.64000e+02  1.39087e-02 
 1.64500e+02  1.39163e-02 
 1.65000e+02  1.39188e-02 
 1.65500e+02  1.39071e-02 
 1.66000e+02  1.38903e-02 
 1.66500e+02  1.38892e-02 
 1.67000e+02  1.38703e-02 
 1.67500e+02  1.38525e-02 
 1.68000e+02  1.38546e-02 
 1.68500e+02  1.38601e-02 
 1.69000e+02  1.38613e-02 
 1.69500e+02  1.38597e-02 
 1.70000e+02  1.38639e-02 
 1.70500e+02  1.38636e-02 
 1.71000e+02  1.38703e-02 
 1.71500e+02  1.38658e-02 
 1.72000e+02  1.38618e-02 
 1.72500e+02  1.38688e-02 
 1.73000e+02  1.38516e-02 
 1.73500e+02  1.38358e-02 
 1.74000e+02  1.38358e-02 
 1.74500e+02  1.38416e-02 
 1.75000e+02  1.38374e-02 
 1.75500e+02  1.38313e-02 
 1.76000e+02  1.38365e-02 
 1.76500e+02  1.38385e-02 
 1.77000e+02  1.38135e-02 
 1.77500e+02  1.38204e-02 
 1.78000e+02  1.38110e-02 
 1.78500e+02  1.38241e-02 
 1.79000e+02  1.38307e-02 
 1.79500e+02  1.38159e-02 
 1.80000e+02  1.38230e-02 
 1.80500e+02  1.38198e-02 
 1.81000e+02  1.37932e-02 
 1.81500e+02  1.38078e-02 
 1.82000e+02  1.37910e-02 
 1.82500e+02  1.37845e-02 
 1.83000e+02  1.37975e-02 
 1.83500e+02  1.37972e-02 
 1.84000e+02  1.37906e-02 
 1.84500e+02  1.37866e-02 
 1.85000e+02  1.37775e-02 
 1.85500e+02  1.37925e-02 
 1.86000e+02  1.37664e-02 
 1.86500e+02  1.37778e-02 
 1.87000e+02  1.37745e-02 
 1.87500e+02  1.37782e-02 
 1.88000e+02  1.37684e-02 
 1.88500e+02  1.37552e-02 
 1.89000e+02  1.37518e-02 
 1.89500e+02  1.37456e-02 
 1.90000e+02  1.37445e-02 
 1.90500e+02  1.37374e-02 
 1.91000e+02  1.37439e-02 
 1.91500e+02  1.37350e-02 
 1.92000e+02  1.37529e-02 
 1.92500e+02  1.37375e-02 
 1.93000e+02  1.37278e-02 
 1.93500e+02  1.37294e-02 
 1.94000e+02  1.37208e-02 
 1.94500e+02  1.37188e-02 
 1.95000e+02  1.37082e-02 
 1.95500e+02  1.37043e-02 
 1.96000e+02  1.37121e-02 
 1.96500e+02  1.36979e-02 
 1.97000e+02  1.36808e-02 
 1.97500e+02  1.36821e-02 
 1.98000e+02  1.36758e-02 
 1.98500e+02  1.36835e-02 
 1.99000e+02  1.36642e-02 
 1.99500e+02  1.36695e-02 
 2.00000e+02  1.36517e-02 
 2.00500e+02  1.36498e-02 
 2.01000e+02  1.36289e-02 
 2.01500e+02  1.36108e-02 
 2.02000e+02  1.35972e-02 
 2.02500e+02  1.35870e-02 
 2.03000e+02  1.35821e-02 
 2.03500e+02  1.35667e-02 
 2.04000e+02  1.35637e-02 
 2.04500e+02  1.35632e-02 
 2.05000e+02  1.35434e-02 
 2.05500e+02  1.35389e-02 
 2.06000e+02  1.35264e-02 
 2.06500e+02  1.35086e-02 
 2.07000e+02  1.34937e-02 
 2.07500e+02  1.35017e-02 
 2.08000e+02  1.34696e-02 
 2.08500e+02  1.34701e-02 
 2.09000e+02  1.34466e-02 
 2.09500e+02  1.34320e-02 
 2.10000e+02  1.34224e-02 
 2.10500e+02  1.34059e-02 
 2.11000e+02  1.33853e-02 
 2.11500e+02  1.33619e-02 
 2.12000e+02  1.33505e-02 
 2.12500e+02  1.33158e-02 
 2.13000e+02  1.32953e-02 
 2.13500e+02  1.32706e-02 
 2.14000e+02  1.32286e-02 
 2.14500e+02  1.31951e-02 
 2.15000e+02  1.31434e-02 
 2.15500e+02  1.31179e-02 
 2.16000e+02  1.30957e-02 
 2.16500e+02  1.30553e-02 
 2.17000e+02  1.30244e-02 
 2.17500e+02  1.29942e-02 
 2.18000e+02  1.29607e-02 
 2.18500e+02  1.29073e-02 
 2.19000e+02  1.28844e-02 
 2.19500e+02  1.28699e-02 
 2.20000e+02  1.28279e-02 
 2.20500e+02  1.27742e-02 
 2.21000e+02  1.27457e-02 
 2.21500e+02  1.26981e-02 
 2.22000e+02  1.26591e-02 
 2.22500e+02  1.26252e-02 
 2.23000e+02  1.25902e-02 
 2.23500e+02  1.25457e-02 
 2.24000e+02  1.25023e-02 
 2.24500e+02  1.24679e-02 
 2.25000e+02  1.24103e-02 
 2.25500e+02  1.23672e-02 
 2.26000e+02  1.23366e-02 
 2.26500e+02  1.22846e-02 
 2.27000e+02  1.22479e-02 
 2.27500e+02  1.21980e-02 
 2.28000e+02  1.21514e-02 
 2.28500e+02  1.21035e-02 
 2.29000e+02  1.20446e-02 
 2.29500e+02  1.20008e-02 
 2.30000e+02  1.19474e-02 
 2.30500e+02  1.18885e-02 
 2.31000e+02  1.18442e-02 
 2.31500e+02  1.17850e-02 
 2.32000e+02  1.17339e-02 
 2.32500e+02  1.16880e-02 
 2.33000e+02  1.16277e-02 
 2.33500e+02  1.15502e-02 
 2.34000e+02  1.14862e-02 
 2.34500e+02  1.14120e-02 
 2.35000e+02  1.13528e-02 
 2.35500e+02  1.12900e-02 
 2.36000e+02  1.12307e-02 
 2.36500e+02  1.11814e-02 
 2.37000e+02  1.11296e-02 
 2.37500e+02  1.10741e-02 
 2.38000e+02  1.10033e-02 
 2.38500e+02  1.09257e-02 
 2.39000e+02  1.08562e-02 
 2.39500e+02  1.07804e-02 
 2.40000e+02  1.06993e-02 
 2.40500e+02  1.06319e-02 
 2.41000e+02  1.05606e-02 
 2.41500e+02  1.05009e-02 
 2.42000e+02  1.04193e-02 
 2.42500e+02  1.03465e-02 
 2.43000e+02  1.02746e-02 
 2.43500e+02  1.01920e-02 
 2.44000e+02  1.01067e-02 
 2.44500e+02  1.00150e-02 
 2.45000e+02  9.92633e-03 
 2.45500e+02  9.83612e-03 
 2.46000e+02  9.74533e-03 
 2.46500e+02  9.64107e-03 
 2.47000e+02  9.54831e-03 
 2.47500e+02  9.44805e-03 
 2.48000e+02  9.35778e-03 
 2.48500e+02  9.27722e-03 
 2.49000e+02  9.16389e-03 
 2.49500e+02  9.05145e-03 
 2.50000e+02  8.94922e-03 
 2.50500e+02  8.84082e-03 
 2.51000e+02  8.74273e-03 
 2.51500e+02  8.63757e-03 
 2.52000e+02  8.52252e-03 
 2.52500e+02  8.39192e-03 
 2.53000e+02  8.27078e-03 
 2.53500e+02  8.14059e-03 
 2.54000e+02  8.00407e-03 
 2.54500e+02  7.86922e-03 
 2.55000e+02  7.72637e-03 
 2.55500e+02  7.57860e-03 
 2.56000e+02  7.43516e-03 
 2.56500e+02  7.27083e-03 
 2.57000e+02  7.09784e-03 
 2.57500e+02  6.92987e-03 
 2.58000e+02  6.74532e-03 
 2.58500e+02  6.55313e-03 
 2.59000e+02  6.36318e-03 
 2.59500e+02  6.17638e-03 
 2.60000e+02  5.98754e-03 
 2.60500e+02  5.80325e-03 
 2.61000e+02  5.60627e-03 
 2.61500e+02  5.41540e-03 
 2.62000e+02  5.22731e-03 
 2.62500e+02  5.03197e-03 
 2.63000e+02  4.83802e-03 
 2.63500e+02  4.64829e-03 
 2.64000e+02  4.44893e-03 
 2.64500e+02  4.24541e-03 
 2.65000e+02  4.05354e-03 
 2.65500e+02  3.87182e-03 
 2.66000e+02  3.69740e-03 
 2.66500e+02  3.52139e-03 
 2.67000e+02  3.35577e-03 
 2.67500e+02  3.19251e-03 
 2.68000e+02  3.02666e-03 
 2.68500e+02  2.87386e-03 
 2.69000e+02  2.73117e-03 
 2.69500e+02  2.59672e-03 
 2.70000e+02  2.47037e-03 
 2.70500e+02  2.34830e-03 
 2.71000e+02  2.22892e-03 
 2.71500e+02  2.12508e-03 
 2.72000e+02  2.01589e-03 
 2.72500e+02  1.91873e-03 
 2.73000e+02  1.82627e-03 
 2.73500e+02  1.73664e-03 
 2.74000e+02  1.65082e-03 
 2.74500e+02  1.57608e-03 
 2.75000e+02  1.50170e-03 
 2.75500e+02  1.43660e-03 
 2.76000e+02  1.37337e-03 
 2.76500e+02  1.31686e-03 
 2.77000e+02  1.25841e-03 
 2.77500e+02  1.21330e-03 
 2.78000e+02  1.17311e-03 
 2.78500e+02  1.13326e-03 
 2.79000e+02  1.09551e-03 
 2.79500e+02  1.06381e-03 
 2.80000e+02  1.03013e-03 
 2.80500e+02  9.98688e-04 
 2.81000e+02  9.66930e-04 
 2.81500e+02  9.39209e-04 
 2.82000e+02  9.07280e-04 
 2.82500e+02  8.76477e-04 
 2.83000e+02  8.50751e-04 
 2.83500e+02  8.27396e-04 
 2.84000e+02  8.02482e-04 
 2.84500e+02  7.79302e-04 
 2.85000e+02  7.52318e-04 
 2.85500e+02  7.29966e-04 
 2.86000e+02  7.09740e-04 
 2.86500e+02  6.86802e-04 
 2.87000e+02  6.65130e-04 
 2.87500e+02  6.44373e-04 
 2.88000e+02  6.27991e-04 
 2.88500e+02  6.07833e-04 
 2.89000e+02  5.88408e-04 
 2.89500e+02  5.71598e-04 
 2.90000e+02  5.54284e-04 
 2.90500e+02  5.37326e-04 
 2.91000e+02  5.23386e-04 
 2.91500e+02  5.10036e-04 
 2.92000e+02  4.95706e-04 
 2.92500e+02  4.79290e-04 
 2.93000e+02  4.66826e-04 
 2.93500e+02  4.53118e-04 
 2.94000e+02  4.41947e-04 
 2.94500e+02  4.29238e-04 
 2.95000e+02  4.16802e-04 
 2.95500e+02  4.05515e-04 
 2.96000e+02  3.93100e-04 
 2.96500e+02  3.80631e-04 
 2.97000e+02  3.69102e-04 
 2.97500e+02  3.57336e-04 
 2.98000e+02  3.48198e-04 
 2.98500e+02  3.39520e-04 
 2.99000e+02  3.29561e-04 
 2.99500e+02  3.20283e-04 
 3.00000e+02  3.12137e-04 
 3.00500e+02  3.02537e-04 
 3.01000e+02  2.93665e-04 
 3.01500e+02  2.85053e-04 
 3.02000e+02  2.76946e-04 
 3.02500e+02  2.68188e-04 
 3.03000e+02  2.59700e-04 
 3.03500e+02  2.51342e-04 
 3.04000e+02  2.44242e-04 
 3.04500e+02  2.38037e-04 
 3.05000e+02  2.30984e-04 
 3.05500e+02  2.23167e-04 
 3.06000e+02  2.16932e-04 
 3.06500e+02  2.11413e-04 
 3.07000e+02  2.04874e-04 
 3.07500e+02  1.97234e-04 
 3.08000e+02  1.91245e-04 
 3.08500e+02  1.85326e-04 
 3.09000e+02  1.77713e-04 
 3.09500e+02  1.72324e-04 
 3.10000e+02  1.66462e-04 
 3.10500e+02  1.61818e-04 
 3.11000e+02  1.55589e-04 
 3.11500e+02  1.49569e-04 
 3.12000e+02  1.43390e-04 
 3.12500e+02  1.37490e-04 
 3.13000e+02  1.31954e-04 
 3.13500e+02  1.26381e-04 
 3.14000e+02  1.20914e-04 
 3.14500e+02  1.15629e-04 
 3.15000e+02  1.10330e-04 
 3.15500e+02  1.04196e-04 
 3.16000e+02  9.83400e-05 
 3.16500e+02  9.34536e-05 
 3.17000e+02  8.96056e-05 
 3.17500e+02  8.40088e-05 
 3.18000e+02  7.86600e-05 
 3.18500e+02  7.41344e-05 
 3.19000e+02  6.81600e-05 
 3.19500e+02  6.62664e-05 
