 0.00000e+00  2.38072e-05 
 5.00000e-01  2.34848e-05 
 1.00000e+00  2.61968e-05 
 1.50000e+00  2.83344e-05 
 2.00000e+00  3.05704e-05 
 2.50000e+00  3.31968e-05 
 3.00000e+00  3.69288e-05 
 3.50000e+00  4.10288e-05 
 4.00000e+00  4.38280e-05 
 4.50000e+00  4.71328e-05 
 5.00000e+00  5.14392e-05 
 5.50000e+00  5.69456e-05 
 6.00000e+00  6.10992e-05 
 6.50000e+00  6.64032e-05 
 7.00000e+00  7.25216e-05 
 7.50000e+00  7.82424e-05 
 8.00000e+00  8.60392e-05 
 8.50000e+00  9.43496e-05 
 9.00000e+00  1.02430e-04 
 9.50000e+00  1.10644e-04 
 1.00000e+01  1.20608e-04 
 1.05000e+01  1.29549e-04 
 1.10000e+01  1.40177e-04 
 1.15000e+01  1.51678e-04 
 1.20000e+01  1.62085e-04 
 1.25000e+01  1.73386e-04 
 1.30000e+01  1.86774e-04 
 1.35000e+01  1.98240e-04 
 1.40000e+01  2.11079e-04 
 1.45000e+01  2.23586e-04 
 1.50000e+01  2.36519e-04 
 1.55000e+01  2.48054e-04 
 1.60000e+01  2.64126e-04 
 1.65000e+01  2.74913e-04 
 1.70000e+01  2.88826e-04 
 1.75000e+01  3.03462e-04 
 1.80000e+01  3.17258e-04 
 1.85000e+01  3.30638e-04 
 1.90000e+01  3.43539e-04 
 1.95000e+01  3.55299e-04 
 2.00000e+01  3.68262e-04 
 2.05000e+01  3.80374e-04 
 2.10000e+01  3.94290e-04 
 2.15000e+01  4.09059e-04 
 2.20000e+01  4.25738e-04 
 2.25000e+01  4.40098e-04 
 2.30000e+01  4.50962e-04 
 2.35000e+01  4.66688e-04 
 2.40000e+01  4.81864e-04 
 2.45000e+01  4.94732e-04 
 2.50000e+01  5.12054e-04 
 2.55000e+01  5.28808e-04 
 2.60000e+01  5.48073e-04 
 2.65000e+01  5.65942e-04 
 2.70000e+01  5.83148e-04 
 2.75000e+01  6.00046e-04 
 2.80000e+01  6.17019e-04 
 2.85000e+01  6.39043e-04 
 2.90000e+01  6.62670e-04 
 2.95000e+01  6.84175e-04 
 3.00000e+01  7.05911e-04 
 3.05000e+01  7.29366e-04 
 3.10000e+01  7.54204e-04 
 3.15000e+01  7.76839e-04 
 3.20000e+01  8.04123e-04 
 3.25000e+01  8.35189e-04 
 3.30000e+01  8.65893e-04 
 3.35000e+01  8.98442e-04 
 3.40000e+01  9.28210e-04 
 3.45000e+01  9.65354e-04 
 3.50000e+01  1.00562e-03 
 3.55000e+01  1.04577e-03 
 3.60000e+01  1.08625e-03 
 3.65000e+01  1.13724e-03 
 3.70000e+01  1.18695e-03 
 3.75000e+01  1.23546e-03 
 3.80000e+01  1.28702e-03 
 3.85000e+01  1.34318e-03 
 3.90000e+01  1.39767e-03 
 3.95000e+01  1.45737e-03 
 4.00000e+01  1.52358e-03 
 4.05000e+01  1.59329e-03 
 4.10000e+01  1.66942e-03 
 4.15000e+01  1.74849e-03 
 4.20000e+01  1.82795e-03 
 4.25000e+01  1.91262e-03 
 4.30000e+01  2.00359e-03 
 4.35000e+01  2.10350e-03 
 4.40000e+01  2.20803e-03 
 4.45000e+01  2.31558e-03 
 4.50000e+01  2.43396e-03 
 4.55000e+01  2.54957e-03 
 4.60000e+01  2.67571e-03 
 4.65000e+01  2.82012e-03 
 4.70000e+01  2.95879e-03 
 4.75000e+01  3.10981e-03 
 4.80000e+01  3.27403e-03 
 4.85000e+01  3.44250e-03 
 4.90000e+01  3.61342e-03 
 4.95000e+01  3.79792e-03 
 5.00000e+01  3.97754e-03 
 5.05000e+01  4.16714e-03 
 5.10000e+01  4.36423e-03 
 5.15000e+01  4.57015e-03 
 5.20000e+01  4.77888e-03 
 5.25000e+01  4.97094e-03 
 5.30000e+01  5.18292e-03 
 5.35000e+01  5.38985e-03 
 5.40000e+01  5.59240e-03 
 5.45000e+01  5.79610e-03 
 5.50000e+01  5.98874e-03 
 5.55000e+01  6.17886e-03 
 5.60000e+01  6.36460e-03 
 5.65000e+01  6.54627e-03 
 5.70000e+01  6.73190e-03 
 5.75000e+01  6.91231e-03 
 5.80000e+01  7.09439e-03 
 5.85000e+01  7.26268e-03 
 5.90000e+01  7.43080e-03 
 5.95000e+01  7.58975e-03 
 6.00000e+01  7.73587e-03 
 6.05000e+01  7.88815e-03 
 6.10000e+01  8.03075e-03 
 6.15000e+01  8.16850e-03 
 6.20000e+01  8.30963e-03 
 6.25000e+01  8.44173e-03 
 6.30000e+01  8.56179e-03 
 6.35000e+01  8.69267e-03 
 6.40000e+01  8.80247e-03 
 6.45000e+01  8.90516e-03 
 6.50000e+01  8.99854e-03 
 6.55000e+01  9.10022e-03 
 6.60000e+01  9.21125e-03 
 6.65000e+01  9.30971e-03 
 6.70000e+01  9.41784e-03 
 6.75000e+01  9.52126e-03 
 6.80000e+01  9.61904e-03 
 6.85000e+01  9.71246e-03 
 6.90000e+01  9.80698e-03 
 6.95000e+01  9.90171e-03 
 7.00000e+01  9.98792e-03 
 7.05000e+01  1.00757e-02 
 7.10000e+01  1.01583e-02 
 7.15000e+01  1.02356e-02 
 7.20000e+01  1.03193e-02 
 7.25000e+01  1.03957e-02 
 7.30000e+01  1.04649e-02 
 7.35000e+01  1.05458e-02 
 7.40000e+01  1.06356e-02 
 7.45000e+01  1.07187e-02 
 7.50000e+01  1.08007e-02 
 7.55000e+01  1.08716e-02 
 7.60000e+01  1.09532e-02 
 7.65000e+01  1.10230e-02 
 7.70000e+01  1.10876e-02 
 7.75000e+01  1.11485e-02 
 7.80000e+01  1.11941e-02 
 7.85000e+01  1.12404e-02 
 7.90000e+01  1.13105e-02 
 7.95000e+01  1.13468e-02 
 8.00000e+01  1.14005e-02 
 8.05000e+01  1.14600e-02 
 8.10000e+01  1.15207e-02 
 8.15000e+01  1.15864e-02 
 8.20000e+01  1.16312e-02 
 8.25000e+01  1.16940e-02 
 8.30000e+01  1.17197e-02 
 8.35000e+01  1.17741e-02 
 8.40000e+01  1.18003e-02 
 8.45000e+01  1.18414e-02 
 8.50000e+01  1.19039e-02 
 8.55000e+01  1.19655e-02 
 8.60000e+01  1.20347e-02 
 8.65000e+01  1.20918e-02 
 8.70000e+01  1.21227e-02 
 8.75000e+01  1.21553e-02 
 8.80000e+01  1.21974e-02 
 8.85000e+01  1.22396e-02 
 8.90000e+01  1.22734e-02 
 8.95000e+01  1.23200e-02 
 9.00000e+01  1.23718e-02 
 9.05000e+01  1.24266e-02 
 9.10000e+01  1.24642e-02 
 9.15000e+01  1.24992e-02 
 9.20000e+01  1.25350e-02 
 9.25000e+01  1.25786e-02 
 9.30000e+01  1.26238e-02 
 9.35000e+01  1.26568e-02 
 9.40000e+01  1.26935e-02 
 9.45000e+01  1.27400e-02 
 9.50000e+01  1.27567e-02 
 9.55000e+01  1.27925e-02 
 9.60000e+01  1.28075e-02 
 9.65000e+01  1.28491e-02 
 9.70000e+01  1.28740e-02 
 9.75000e+01  1.29204e-02 
 9.80000e+01  1.29343e-02 
 9.85000e+01  1.29755e-02 
 9.90000e+01  1.30138e-02 
 9.95000e+01  1.30598e-02 
 1.00000e+02  1.30888e-02 
 1.00500e+02  1.31406e-02 
 1.01000e+02  1.31721e-02 
 1.01500e+02  1.31894e-02 
 1.02000e+02  1.31982e-02 
 1.02500e+02  1.32165e-02 
 1.03000e+02  1.32359e-02 
 1.03500e+02  1.32622e-02 
 1.04000e+02  1.32645e-02 
 1.04500e+02  1.32983e-02 
 1.05000e+02  1.33208e-02 
 1.05500e+02  1.33168e-02 
 1.06000e+02  1.33599e-02 
 1.06500e+02  1.33563e-02 
 1.07000e+02  1.33737e-02 
 1.07500e+02  1.33756e-02 
 1.08000e+02  1.33870e-02 
 1.08500e+02  1.33903e-02 
 1.09000e+02  1.34061e-02 
 1.09500e+02  1.34199e-02 
 1.10000e+02  1.34291e-02 
 1.10500e+02  1.34536e-02 
 1.11000e+02  1.34454e-02 
 1.11500e+02  1.34770e-02 
 1.12000e+02  1.35000e-02 
 1.12500e+02  1.35153e-02 
 1.13000e+02  1.35306e-02 
 1.13500e+02  1.35381e-02 
 1.14000e+02  1.35385e-02 
 1.14500e+02  1.35374e-02 
 1.15000e+02  1.35298e-02 
 1.15500e+02  1.35279e-02 
 1.16000e+02  1.35509e-02 
 1.16500e+02  1.35548e-02 
 1.17000e+02  1.35483e-02 
 1.17500e+02  1.35554e-02 
 1.18000e+02  1.35624e-02 
 1.18500e+02  1.35643e-02 
 1.19000e+02  1.35771e-02 
 1.19500e+02  1.35745e-02 
 1.20000e+02  1.35696e-02 
 1.20500e+02  1.35735e-02 
 1.21000e+02  1.35750e-02 
 1.21500e+02  1.35731e-02 
 1.22000e+02  1.35805e-02 
 1.22500e+02  1.35991e-02 
 1.23000e+02  1.36054e-02 
 1.23500e+02  1.36103e-02 
 1.24000e+02  1.36091e-02 
 1.24500e+02  1.36061e-02 
 1.25000e+02  1.36135e-02 
 1.25500e+02  1.36017e-02 
 1.26000e+02  1.36058e-02 
 1.26500e+02  1.36109e-02 
 1.27000e+02  1.35982e-02 
 1.27500e+02  1.36013e-02 
 1.28000e+02  1.36149e-02 
 1.28500e+02  1.36122e-02 
 1.29000e+02  1.36229e-02 
 1.29500e+02  1.36491e-02 
 1.30000e+02  1.36415e-02 
 1.30500e+02  1.36498e-02 
 1.31000e+02  1.36501e-02 
 1.31500e+02  1.36563e-02 
 1.32000e+02  1.36597e-02 
 1.32500e+02  1.36541e-02 
 1.33000e+02  1.36495e-02 
 1.33500e+02  1.36265e-02 
 1.34000e+02  1.36354e-02 
 1.34500e+02  1.36586e-02 
 1.35000e+02  1.36627e-02 
 1.35500e+02  1.36650e-02 
 1.36000e+02  1.36595e-02 
 1.36500e+02  1.36509e-02 
 1.37000e+02  1.36512e-02 
 1.37500e+02  1.36489e-02 
 1.38000e+02  1.36621e-02 
 1.38500e+02  1.36609e-02 
 1.39000e+02  1.36610e-02 
 1.39500e+02  1.36717e-02 
 1.40000e+02  1.36633e-02 
 1.40500e+02  1.36522e-02 
 1.41000e+02  1.36436e-02 
 1.41500e+02  1.36574e-02 
 1.42000e+02  1.36610e-02 
 1.42500e+02  1.36538e-02 
 1.43000e+02  1.36438e-02 
 1.43500e+02  1.36366e-02 
 1.44000e+02  1.36602e-02 
 1.44500e+02  1.36673e-02 
 1.45000e+02  1.36624e-02 
 1.45500e+02  1.36599e-02 
 1.46000e+02  1.36726e-02 
 1.46500e+02  1.36716e-02 
 1.47000e+02  1.36571e-02 
 1.47500e+02  1.36463e-02 
 1.48000e+02  1.36600e-02 
 1.48500e+02  1.36517e-02 
 1.49000e+02  1.36522e-02 
 1.49500e+02  1.36690e-02 
 1.50000e+02  1.36712e-02 
 1.50500e+02  1.36725e-02 
 1.51000e+02  1.36740e-02 
 1.51500e+02  1.36822e-02 
 1.52000e+02  1.36826e-02 
 1.52500e+02  1.36888e-02 
 1.53000e+02  1.37015e-02 
 1.53500e+02  1.36997e-02 
 1.54000e+02  1.37021e-02 
 1.54500e+02  1.36997e-02 
 1.55000e+02  1.37174e-02 
 1.55500e+02  1.37255e-02 
 1.56000e+02  1.37097e-02 
 1.56500e+02  1.37148e-02 
 1.57000e+02  1.37123e-02 
 1.57500e+02  1.37057e-02 
 1.58000e+02  1.37277e-02 
 1.58500e+02  1.37202e-02 
 1.59000e+02  1.37164e-02 
 1.59500e+02  1.37149e-02 
 1.60000e+02  1.37070e-02 
 1.60500e+02  1.37027e-02 
 1.61000e+02  1.37161e-02 
 1.61500e+02  1.37013e-02 
 1.62000e+02  1.36979e-02 
 1.62500e+02  1.36924e-02 
 1.63000e+02  1.37037e-02 
 1.63500e+02  1.37099e-02 
 1.64000e+02  1.37174e-02 
 1.64500e+02  1.37114e-02 
 1.65000e+02  1.36999e-02 
 1.65500e+02  1.36918e-02 
 1.66000e+02  1.36902e-02 
 1.66500e+02  1.36876e-02 
 1.67000e+02  1.37000e-02 
 1.67500e+02  1.36866e-02 
 1.68000e+02  1.36793e-02 
 1.68500e+02  1.36787e-02 
 1.69000e+02  1.36697e-02 
 1.69500e+02  1.36744e-02 
 1.70000e+02  1.36701e-02 
 1.70500e+02  1.36757e-02 
 1.71000e+02  1.36744e-02 
 1.71500e+02  1.36637e-02 
 1.72000e+02  1.36728e-02 
 1.72500e+02  1.36920e-02 
 1.73000e+02  1.37076e-02 
 1.73500e+02  1.37056e-02 
 1.74000e+02  1.36956e-02 
 1.74500e+02  1.36866e-02 
 1.75000e+02  1.36686e-02 
 1.75500e+02  1.36486e-02 
 1.76000e+02  1.36622e-02 
 1.76500e+02  1.36505e-02 
 1.77000e+02  1.36505e-02 
 1.77500e+02  1.36384e-02 
 1.78000e+02  1.36449e-02 
 1.78500e+02  1.36481e-02 
 1.79000e+02  1.36301e-02 
 1.79500e+02  1.36159e-02 
 1.80000e+02  1.36307e-02 
 1.80500e+02  1.36422e-02 
 1.81000e+02  1.36405e-02 
 1.81500e+02  1.36201e-02 
 1.82000e+02  1.36339e-02 
 1.82500e+02  1.36304e-02 
 1.83000e+02  1.36134e-02 
 1.83500e+02  1.36092e-02 
 1.84000e+02  1.35950e-02 
 1.84500e+02  1.36022e-02 
 1.85000e+02  1.35985e-02 
 1.85500e+02  1.35994e-02 
 1.86000e+02  1.36050e-02 
 1.86500e+02  1.36052e-02 
 1.87000e+02  1.36068e-02 
 1.87500e+02  1.36083e-02 
 1.88000e+02  1.36116e-02 
 1.88500e+02  1.36080e-02 
 1.89000e+02  1.35880e-02 
 1.89500e+02  1.35846e-02 
 1.90000e+02  1.35798e-02 
 1.90500e+02  1.35462e-02 
 1.91000e+02  1.35643e-02 
 1.91500e+02  1.35721e-02 
 1.92000e+02  1.35700e-02 
 1.92500e+02  1.35736e-02 
 1.93000e+02  1.35560e-02 
 1.93500e+02  1.35496e-02 
 1.94000e+02  1.35448e-02 
 1.94500e+02  1.35328e-02 
 1.95000e+02  1.35127e-02 
 1.95500e+02  1.35055e-02 
 1.96000e+02  1.35155e-02 
 1.96500e+02  1.35155e-02 
 1.97000e+02  1.35208e-02 
 1.97500e+02  1.35096e-02 
 1.98000e+02  1.35162e-02 
 1.98500e+02  1.35149e-02 
 1.99000e+02  1.34914e-02 
 1.99500e+02  1.34950e-02 
 2.00000e+02  1.34945e-02 
 2.00500e+02  1.34897e-02 
 2.01000e+02  1.34803e-02 
 2.01500e+02  1.34641e-02 
 2.02000e+02  1.34657e-02 
 2.02500e+02  1.34649e-02 
 2.03000e+02  1.34523e-02 
 2.03500e+02  1.34538e-02 
 2.04000e+02  1.34402e-02 
 2.04500e+02  1.34329e-02 
 2.05000e+02  1.34344e-02 
 2.05500e+02  1.34028e-02 
 2.06000e+02  1.33624e-02 
 2.06500e+02  1.33408e-02 
 2.07000e+02  1.33394e-02 
 2.07500e+02  1.33467e-02 
 2.08000e+02  1.33242e-02 
 2.08500e+02  1.33260e-02 
 2.09000e+02  1.33056e-02 
 2.09500e+02  1.32898e-02 
 2.10000e+02  1.32667e-02 
 2.10500e+02  1.32470e-02 
 2.11000e+02  1.32391e-02 
 2.11500e+02  1.32302e-02 
 2.12000e+02  1.31996e-02 
 2.12500e+02  1.31743e-02 
 2.13000e+02  1.31612e-02 
 2.13500e+02  1.31361e-02 
 2.14000e+02  1.31002e-02 
 2.14500e+02  1.30736e-02 
 2.15000e+02  1.30425e-02 
 2.15500e+02  1.29996e-02 
 2.16000e+02  1.29516e-02 
 2.16500e+02  1.29200e-02 
 2.17000e+02  1.28930e-02 
 2.17500e+02  1.28526e-02 
 2.18000e+02  1.28401e-02 
 2.18500e+02  1.28248e-02 
 2.19000e+02  1.27869e-02 
 2.19500e+02  1.27738e-02 
 2.20000e+02  1.27453e-02 
 2.20500e+02  1.27010e-02 
 2.21000e+02  1.26487e-02 
 2.21500e+02  1.25988e-02 
 2.22000e+02  1.25675e-02 
 2.22500e+02  1.25376e-02 
 2.23000e+02  1.24894e-02 
 2.23500e+02  1.24436e-02 
 2.24000e+02  1.23933e-02 
 2.24500e+02  1.23463e-02 
 2.25000e+02  1.23052e-02 
 2.25500e+02  1.22568e-02 
 2.26000e+02  1.21886e-02 
 2.26500e+02  1.21422e-02 
 2.27000e+02  1.20840e-02 
 2.27500e+02  1.20397e-02 
 2.28000e+02  1.19881e-02 
 2.28500e+02  1.19459e-02 
 2.29000e+02  1.19025e-02 
 2.29500e+02  1.18503e-02 
 2.30000e+02  1.18133e-02 
 2.30500e+02  1.17631e-02 
 2.31000e+02  1.17060e-02 
 2.31500e+02  1.16541e-02 
 2.32000e+02  1.15895e-02 
 2.32500e+02  1.15298e-02 
 2.33000e+02  1.14820e-02 
 2.33500e+02  1.14247e-02 
 2.34000e+02  1.13716e-02 
 2.34500e+02  1.13153e-02 
 2.35000e+02  1.12621e-02 
 2.35500e+02  1.12005e-02 
 2.36000e+02  1.11621e-02 
 2.36500e+02  1.11031e-02 
 2.37000e+02  1.10189e-02 
 2.37500e+02  1.09358e-02 
 2.38000e+02  1.08569e-02 
 2.38500e+02  1.08023e-02 
 2.39000e+02  1.07367e-02 
 2.39500e+02  1.06763e-02 
 2.40000e+02  1.06244e-02 
 2.40500e+02  1.05527e-02 
 2.41000e+02  1.04773e-02 
 2.41500e+02  1.04117e-02 
 2.42000e+02  1.03392e-02 
 2.42500e+02  1.02553e-02 
 2.43000e+02  1.01840e-02 
 2.43500e+02  1.00928e-02 
 2.44000e+02  1.00091e-02 
 2.44500e+02  9.91868e-03 
 2.45000e+02  9.83428e-03 
 2.45500e+02  9.73801e-03 
 2.46000e+02  9.65571e-03 
 2.46500e+02  9.56936e-03 
 2.47000e+02  9.49438e-03 
 2.47500e+02  9.40694e-03 
 2.48000e+02  9.33344e-03 
 2.48500e+02  9.23895e-03 
 2.49000e+02  9.13536e-03 
 2.49500e+02  9.00658e-03 
 2.50000e+02  8.89473e-03 
 2.50500e+02  8.78711e-03 
 2.51000e+02  8.65879e-03 
 2.51500e+02  8.53131e-03 
 2.52000e+02  8.41173e-03 
 2.52500e+02  8.29008e-03 
 2.53000e+02  8.16387e-03 
 2.53500e+02  8.03734e-03 
 2.54000e+02  7.89912e-03 
 2.54500e+02  7.76882e-03 
 2.55000e+02  7.64017e-03 
 2.55500e+02  7.49072e-03 
 2.56000e+02  7.34427e-03 
 2.56500e+02  7.20874e-03 
 2.57000e+02  7.04723e-03 
 2.57500e+02  6.87701e-03 
 2.58000e+02  6.69829e-03 
 2.58500e+02  6.52229e-03 
 2.59000e+02  6.33768e-03 
 2.59500e+02  6.13594e-03 
 2.60000e+02  5.94476e-03 
 2.60500e+02  5.76317e-03 
 2.61000e+02  5.57821e-03 
 2.61500e+02  5.38286e-03 
 2.62000e+02  5.17952e-03 
 2.62500e+02  4.98359e-03 
 2.63000e+02  4.78287e-03 
 2.63500e+02  4.57246e-03 
 2.64000e+02  4.38175e-03 
 2.64500e+02  4.17892e-03 
 2.65000e+02  3.99209e-03 
 2.65500e+02  3.80435e-03 
 2.66000e+02  3.62527e-03 
 2.66500e+02  3.44094e-03 
 2.67000e+02  3.27271e-03 
 2.67500e+02  3.11393e-03 
 2.68000e+02  2.96752e-03 
 2.68500e+02  2.81384e-03 
 2.69000e+02  2.66712e-03 
 2.69500e+02  2.53340e-03 
 2.70000e+02  2.40523e-03 
 2.70500e+02  2.28118e-03 
 2.71000e+02  2.16847e-03 
 2.71500e+02  2.06364e-03 
 2.72000e+02  1.96490e-03 
 2.72500e+02  1.86779e-03 
 2.73000e+02  1.77457e-03 
 2.73500e+02  1.68926e-03 
 2.74000e+02  1.61311e-03 
 2.74500e+02  1.53399e-03 
 2.75000e+02  1.46445e-03 
 2.75500e+02  1.40379e-03 
 2.76000e+02  1.34709e-03 
 2.76500e+02  1.29150e-03 
 2.77000e+02  1.24197e-03 
 2.77500e+02  1.19845e-03 
 2.78000e+02  1.15771e-03 
 2.78500e+02  1.12113e-03 
 2.79000e+02  1.08355e-03 
 2.79500e+02  1.05055e-03 
 2.80000e+02  1.01668e-03 
 2.80500e+02  9.87020e-04 
 2.81000e+02  9.56593e-04 
 2.81500e+02  9.30326e-04 
 2.82000e+02  8.98637e-04 
 2.82500e+02  8.72591e-04 
 2.83000e+02  8.48753e-04 
 2.83500e+02  8.19044e-04 
 2.84000e+02  7.92472e-04 
 2.84500e+02  7.65798e-04 
 2.85000e+02  7.45200e-04 
 2.85500e+02  7.22890e-04 
 2.86000e+02  7.01242e-04 
 2.86500e+02  6.80184e-04 
 2.87000e+02  6.59407e-04 
 2.87500e+02  6.42217e-04 
 2.88000e+02  6.25036e-04 
 2.88500e+02  6.06311e-04 
 2.89000e+02  5.84074e-04 
 2.89500e+02  5.66308e-04 
 2.90000e+02  5.52029e-04 
 2.90500e+02  5.36109e-04 
 2.91000e+02  5.19830e-04 
 2.91500e+02  5.03750e-04 
 2.92000e+02  4.90716e-04 
 2.92500e+02  4.77772e-04 
 2.93000e+02  4.65134e-04 
 2.93500e+02  4.51197e-04 
 2.94000e+02  4.39510e-04 
 2.94500e+02  4.27433e-04 
 2.95000e+02  4.15615e-04 
 2.95500e+02  4.03454e-04 
 2.96000e+02  3.91871e-04 
 2.96500e+02  3.79110e-04 
 2.97000e+02  3.68138e-04 
 2.97500e+02  3.59778e-04 
 2.98000e+02  3.50601e-04 
 2.98500e+02  3.40627e-04 
 2.99000e+02  3.30095e-04 
 2.99500e+02  3.20188e-04 
 3.00000e+02  3.12883e-04 
 3.00500e+02  3.02650e-04 
 3.01000e+02  2.94774e-04 
 3.01500e+02  2.86148e-04 
 3.02000e+02  2.76252e-04 
 3.02500e+02  2.68130e-04 
 3.03000e+02  2.60428e-04 
 3.03500e+02  2.53508e-04 
 3.04000e+02  2.47310e-04 
 3.04500e+02  2.39138e-04 
 3.05000e+02  2.32486e-04 
 3.05500e+02  2.25428e-04 
 3.06000e+02  2.17503e-04 
 3.06500e+02  2.12641e-04 
 3.07000e+02  2.05674e-04 
 3.07500e+02  1.97758e-04 
 3.08000e+02  1.92293e-04 
 3.08500e+02  1.84820e-04 
 3.09000e+02  1.78784e-04 
 3.09500e+02  1.73309e-04 
 3.10000e+02  1.67324e-04 
 3.10500e+02  1.61769e-04 
 3.11000e+02  1.54886e-04 
 3.11500e+02  1.48303e-04 
 3.12000e+02  1.43863e-04 
 3.12500e+02  1.37173e-04 
 3.13000e+02  1.32797e-04 
 3.13500e+02  1.27089e-04 
 3.14000e+02  1.21762e-04 
 3.14500e+02  1.15818e-04 
 3.15000e+02  1.10765e-04 
 3.15500e+02  1.05902e-04 
 3.16000e+02  1.00093e-04 
 3.16500e+02  9.47232e-05 
 3.17000e+02  8.97064e-05 
 3.17500e+02  8.46824e-05 
 3.18000e+02  7.94936e-05 
 3.18500e+02  7.36472e-05 
 3.19000e+02  6.86112e-05 
 3.19500e+02  6.67136e-05 
