 0.00000e+00  2.35752e-05 
 5.00000e-01  2.33032e-05 
 1.00000e+00  2.50728e-05 
 1.50000e+00  2.75304e-05 
 2.00000e+00  2.96808e-05 
 2.50000e+00  3.28656e-05 
 3.00000e+00  3.59888e-05 
 3.50000e+00  3.98248e-05 
 4.00000e+00  4.36288e-05 
 4.50000e+00  4.70176e-05 
 5.00000e+00  5.10008e-05 
 5.50000e+00  5.52648e-05 
 6.00000e+00  5.98696e-05 
 6.50000e+00  6.52368e-05 
 7.00000e+00  7.12480e-05 
 7.50000e+00  7.67688e-05 
 8.00000e+00  8.42384e-05 
 8.50000e+00  9.23248e-05 
 9.00000e+00  1.00757e-04 
 9.50000e+00  1.08976e-04 
 1.00000e+01  1.18687e-04 
 1.05000e+01  1.29047e-04 
 1.10000e+01  1.38986e-04 
 1.15000e+01  1.49619e-04 
 1.20000e+01  1.61287e-04 
 1.25000e+01  1.74419e-04 
 1.30000e+01  1.87159e-04 
 1.35000e+01  1.98895e-04 
 1.40000e+01  2.12286e-04 
 1.45000e+01  2.24853e-04 
 1.50000e+01  2.40839e-04 
 1.55000e+01  2.55090e-04 
 1.60000e+01  2.68553e-04 
 1.65000e+01  2.81355e-04 
 1.70000e+01  2.94596e-04 
 1.75000e+01  3.08254e-04 
 1.80000e+01  3.22674e-04 
 1.85000e+01  3.35680e-04 
 1.90000e+01  3.49238e-04 
 1.95000e+01  3.62428e-04 
 2.00000e+01  3.75947e-04 
 2.05000e+01  3.90651e-04 
 2.10000e+01  4.04777e-04 
 2.15000e+01  4.19506e-04 
 2.20000e+01  4.34478e-04 
 2.25000e+01  4.50111e-04 
 2.30000e+01  4.64713e-04 
 2.35000e+01  4.80231e-04 
 2.40000e+01  4.95010e-04 
 2.45000e+01  5.10054e-04 
 2.50000e+01  5.25809e-04 
 2.55000e+01  5.43604e-04 
 2.60000e+01  5.62234e-04 
 2.65000e+01  5.77685e-04 
 2.70000e+01  5.97566e-04 
 2.75000e+01  6.15674e-04 
 2.80000e+01  6.35810e-04 
 2.85000e+01  6.57985e-04 
 2.90000e+01  6.78558e-04 
 2.95000e+01  6.99934e-04 
 3.00000e+01  7.23804e-04 
 3.05000e+01  7.49840e-04 
 3.10000e+01  7.75160e-04 
 3.15000e+01  8.02138e-04 
 3.20000e+01  8.26367e-04 
 3.25000e+01  8.56551e-04 
 3.30000e+01  8.84942e-04 
 3.35000e+01  9.16705e-04 
 3.40000e+01  9.53240e-04 
 3.45000e+01  9.85505e-04 
 3.50000e+01  1.02684e-03 
 3.55000e+01  1.07170e-03 
 3.60000e+01  1.11523e-03 
 3.65000e+01  1.15930e-03 
 3.70000e+01  1.20636e-03 
 3.75000e+01  1.25550e-03 
 3.80000e+01  1.31416e-03 
 3.85000e+01  1.36718e-03 
 3.90000e+01  1.43162e-03 
 3.95000e+01  1.49122e-03 
 4.00000e+01  1.56003e-03 
 4.05000e+01  1.62592e-03 
 4.10000e+01  1.69440e-03 
 4.15000e+01  1.77951e-03 
 4.20000e+01  1.86465e-03 
 4.25000e+01  1.95933e-03 
 4.30000e+01  2.05289e-03 
 4.35000e+01  2.15010e-03 
 4.40000e+01  2.24915e-03 
 4.45000e+01  2.35967e-03 
 4.50000e+01  2.47941e-03 
 4.55000e+01  2.61268e-03 
 4.60000e+01  2.73851e-03 
 4.65000e+01  2.88062e-03 
 4.70000e+01  3.03036e-03 
 4.75000e+01  3.19407e-03 
 4.80000e+01  3.36175e-03 
 4.85000e+01  3.52847e-03 
 4.90000e+01  3.70893e-03 
 4.95000e+01  3.89184e-03 
 5.00000e+01  4.08594e-03 
 5.05000e+01  4.28343e-03 
 5.10000e+01  4.48459e-03 
 5.15000e+01  4.69681e-03 
 5.20000e+01  4.90031e-03 
 5.25000e+01  5.12382e-03 
 5.30000e+01  5.34035e-03 
 5.35000e+01  5.55351e-03 
 5.40000e+01  5.76759e-03 
 5.45000e+01  5.97619e-03 
 5.50000e+01  6.17701e-03 
 5.55000e+01  6.38146e-03 
 5.60000e+01  6.56219e-03 
 5.65000e+01  6.73843e-03 
 5.70000e+01  6.92099e-03 
 5.75000e+01  7.09367e-03 
 5.80000e+01  7.26933e-03 
 5.85000e+01  7.42941e-03 
 5.90000e+01  7.59929e-03 
 5.95000e+01  7.76284e-03 
 6.00000e+01  7.91854e-03 
 6.05000e+01  8.07439e-03 
 6.10000e+01  8.22381e-03 
 6.15000e+01  8.36264e-03 
 6.20000e+01  8.49203e-03 
 6.25000e+01  8.61992e-03 
 6.30000e+01  8.74886e-03 
 6.35000e+01  8.85731e-03 
 6.40000e+01  8.95258e-03 
 6.45000e+01  9.04765e-03 
 6.50000e+01  9.15872e-03 
 6.55000e+01  9.27598e-03 
 6.60000e+01  9.38970e-03 
 6.65000e+01  9.49794e-03 
 6.70000e+01  9.60107e-03 
 6.75000e+01  9.70609e-03 
 6.80000e+01  9.81572e-03 
 6.85000e+01  9.91568e-03 
 6.90000e+01  1.00044e-02 
 6.95000e+01  1.01008e-02 
 7.00000e+01  1.01970e-02 
 7.05000e+01  1.03015e-02 
 7.10000e+01  1.03756e-02 
 7.15000e+01  1.04573e-02 
 7.20000e+01  1.05355e-02 
 7.25000e+01  1.06148e-02 
 7.30000e+01  1.06732e-02 
 7.35000e+01  1.07569e-02 
 7.40000e+01  1.08318e-02 
 7.45000e+01  1.09065e-02 
 7.50000e+01  1.09855e-02 
 7.55000e+01  1.10634e-02 
 7.60000e+01  1.11380e-02 
 7.65000e+01  1.11963e-02 
 7.70000e+01  1.12509e-02 
 7.75000e+01  1.13105e-02 
 7.80000e+01  1.13551e-02 
 7.85000e+01  1.14219e-02 
 7.90000e+01  1.14877e-02 
 7.95000e+01  1.15532e-02 
 8.00000e+01  1.16376e-02 
 8.05000e+01  1.17164e-02 
 8.10000e+01  1.17762e-02 
 8.15000e+01  1.18104e-02 
 8.20000e+01  1.18532e-02 
 8.25000e+01  1.18832e-02 
 8.30000e+01  1.19345e-02 
 8.35000e+01  1.19870e-02 
 8.40000e+01  1.20336e-02 
 8.45000e+01  1.20942e-02 
 8.50000e+01  1.21316e-02 
 8.55000e+01  1.21717e-02 
 8.60000e+01  1.22153e-02 
 8.65000e+01  1.22499e-02 
 8.70000e+01  1.22781e-02 
 8.75000e+01  1.23253e-02 
 8.80000e+01  1.23671e-02 
 8.85000e+01  1.24219e-02 
 8.90000e+01  1.24938e-02 
 8.95000e+01  1.25638e-02 
 9.00000e+01  1.25918e-02 
 9.05000e+01  1.26303e-02 
 9.10000e+01  1.26827e-02 
 9.15000e+01  1.27249e-02 
 9.20000e+01  1.27733e-02 
 9.25000e+01  1.27970e-02 
 9.30000e+01  1.28279e-02 
 9.35000e+01  1.28663e-02 
 9.40000e+01  1.29105e-02 
 9.45000e+01  1.29299e-02 
 9.50000e+01  1.29776e-02 
 9.55000e+01  1.30143e-02 
 9.60000e+01  1.30385e-02 
 9.65000e+01  1.30791e-02 
 9.70000e+01  1.31040e-02 
 9.75000e+01  1.31583e-02 
 9.80000e+01  1.31960e-02 
 9.85000e+01  1.32415e-02 
 9.90000e+01  1.32710e-02 
 9.95000e+01  1.33285e-02 
 1.00000e+02  1.33566e-02 
 1.00500e+02  1.34045e-02 
 1.01000e+02  1.34454e-02 
 1.01500e+02  1.34434e-02 
 1.02000e+02  1.34563e-02 
 1.02500e+02  1.34673e-02 
 1.03000e+02  1.34938e-02 
 1.03500e+02  1.35073e-02 
 1.04000e+02  1.35276e-02 
 1.04500e+02  1.35253e-02 
 1.05000e+02  1.35463e-02 
 1.05500e+02  1.35721e-02 
 1.06000e+02  1.35976e-02 
 1.06500e+02  1.35927e-02 
 1.07000e+02  1.36181e-02 
 1.07500e+02  1.36364e-02 
 1.08000e+02  1.36565e-02 
 1.08500e+02  1.36510e-02 
 1.09000e+02  1.36542e-02 
 1.09500e+02  1.36634e-02 
 1.10000e+02  1.36744e-02 
 1.10500e+02  1.37007e-02 
 1.11000e+02  1.37070e-02 
 1.11500e+02  1.37308e-02 
 1.12000e+02  1.37372e-02 
 1.12500e+02  1.37496e-02 
 1.13000e+02  1.37460e-02 
 1.13500e+02  1.37473e-02 
 1.14000e+02  1.37547e-02 
 1.14500e+02  1.37651e-02 
 1.15000e+02  1.37630e-02 
 1.15500e+02  1.37748e-02 
 1.16000e+02  1.37832e-02 
 1.16500e+02  1.37854e-02 
 1.17000e+02  1.37954e-02 
 1.17500e+02  1.38059e-02 
 1.18000e+02  1.38148e-02 
 1.18500e+02  1.38209e-02 
 1.19000e+02  1.38256e-02 
 1.19500e+02  1.38323e-02 
 1.20000e+02  1.38337e-02 
 1.20500e+02  1.38368e-02 
 1.21000e+02  1.38265e-02 
 1.21500e+02  1.38287e-02 
 1.22000e+02  1.38433e-02 
 1.22500e+02  1.38359e-02 
 1.23000e+02  1.38589e-02 
 1.23500e+02  1.38516e-02 
 1.24000e+02  1.38534e-02 
 1.24500e+02  1.38605e-02 
 1.25000e+02  1.38550e-02 
 1.25500e+02  1.38290e-02 
 1.26000e+02  1.38380e-02 
 1.26500e+02  1.38572e-02 
 1.27000e+02  1.38619e-02 
 1.27500e+02  1.38747e-02 
 1.28000e+02  1.38804e-02 
 1.28500e+02  1.38913e-02 
 1.29000e+02  1.39005e-02 
 1.29500e+02  1.38972e-02 
 1.30000e+02  1.39144e-02 
 1.30500e+02  1.39009e-02 
 1.31000e+02  1.39103e-02 
 1.31500e+02  1.39090e-02 
 1.32000e+02  1.39053e-02 
 1.32500e+02  1.39145e-02 
 1.33000e+02  1.39261e-02 
 1.33500e+02  1.39245e-02 
 1.34000e+02  1.39251e-02 
 1.34500e+02  1.39208e-02 
 1.35000e+02  1.39125e-02 
 1.35500e+02  1.39155e-02 
 1.36000e+02  1.39147e-02 
 1.36500e+02  1.39183e-02 
 1.37000e+02  1.39175e-02 
 1.37500e+02  1.39214e-02 
 1.38000e+02  1.39278e-02 
 1.38500e+02  1.39378e-02 
 1.39000e+02  1.39378e-02 
 1.39500e+02  1.39488e-02 
 1.40000e+02  1.39473e-02 
 1.40500e+02  1.39521e-02 
 1.41000e+02  1.39525e-02 
 1.41500e+02  1.39602e-02 
 1.42000e+02  1.39558e-02 
 1.42500e+02  1.39780e-02 
 1.43000e+02  1.39678e-02 
 1.43500e+02  1.39612e-02 
 1.44000e+02  1.39523e-02 
 1.44500e+02  1.39634e-02 
 1.45000e+02  1.39570e-02 
 1.45500e+02  1.39580e-02 
 1.46000e+02  1.39591e-02 
 1.46500e+02  1.39630e-02 
 1.47000e+02  1.39697e-02 
 1.47500e+02  1.39569e-02 
 1.48000e+02  1.39668e-02 
 1.48500e+02  1.39586e-02 
 1.49000e+02  1.39512e-02 
 1.49500e+02  1.39457e-02 
 1.50000e+02  1.39459e-02 
 1.50500e+02  1.39366e-02 
 1.51000e+02  1.39274e-02 
 1.51500e+02  1.39441e-02 
 1.52000e+02  1.39354e-02 
 1.52500e+02  1.39370e-02 
 1.53000e+02  1.39390e-02 
 1.53500e+02  1.39368e-02 
 1.54000e+02  1.39333e-02 
 1.54500e+02  1.39309e-02 
 1.55000e+02  1.39353e-02 
 1.55500e+02  1.39377e-02 
 1.56000e+02  1.39320e-02 
 1.56500e+02  1.39448e-02 
 1.57000e+02  1.39365e-02 
 1.57500e+02  1.39467e-02 
 1.58000e+02  1.39527e-02 
 1.58500e+02  1.39534e-02 
 1.59000e+02  1.39436e-02 
 1.59500e+02  1.39393e-02 
 1.60000e+02  1.39486e-02 
 1.60500e+02  1.39410e-02 
 1.61000e+02  1.39483e-02 
 1.61500e+02  1.39486e-02 
 1.62000e+02  1.39378e-02 
 1.62500e+02  1.39323e-02 
 1.63000e+02  1.39375e-02 
 1.63500e+02  1.39330e-02 
 1.64000e+02  1.39163e-02 
 1.64500e+02  1.39255e-02 
 1.65000e+02  1.39329e-02 
 1.65500e+02  1.39350e-02 
 1.66000e+02  1.39250e-02 
 1.66500e+02  1.39102e-02 
 1.67000e+02  1.39161e-02 
 1.67500e+02  1.39016e-02 
 1.68000e+02  1.39080e-02 
 1.68500e+02  1.39264e-02 
 1.69000e+02  1.39268e-02 
 1.69500e+02  1.39246e-02 
 1.70000e+02  1.39225e-02 
 1.70500e+02  1.39306e-02 
 1.71000e+02  1.39057e-02 
 1.71500e+02  1.38924e-02 
 1.72000e+02  1.39009e-02 
 1.72500e+02  1.39064e-02 
 1.73000e+02  1.38888e-02 
 1.73500e+02  1.38853e-02 
 1.74000e+02  1.38878e-02 
 1.74500e+02  1.38938e-02 
 1.75000e+02  1.38838e-02 
 1.75500e+02  1.38933e-02 
 1.76000e+02  1.38928e-02 
 1.76500e+02  1.38949e-02 
 1.77000e+02  1.38955e-02 
 1.77500e+02  1.39034e-02 
 1.78000e+02  1.38676e-02 
 1.78500e+02  1.38796e-02 
 1.79000e+02  1.38738e-02 
 1.79500e+02  1.38801e-02 
 1.80000e+02  1.38715e-02 
 1.80500e+02  1.38600e-02 
 1.81000e+02  1.38656e-02 
 1.81500e+02  1.38781e-02 
 1.82000e+02  1.38604e-02 
 1.82500e+02  1.38517e-02 
 1.83000e+02  1.38351e-02 
 1.83500e+02  1.38488e-02 
 1.84000e+02  1.38491e-02 
 1.84500e+02  1.38645e-02 
 1.85000e+02  1.38603e-02 
 1.85500e+02  1.38527e-02 
 1.86000e+02  1.38508e-02 
 1.86500e+02  1.38512e-02 
 1.87000e+02  1.38520e-02 
 1.87500e+02  1.38478e-02 
 1.88000e+02  1.38443e-02 
 1.88500e+02  1.38291e-02 
 1.89000e+02  1.38157e-02 
 1.89500e+02  1.38177e-02 
 1.90000e+02  1.38241e-02 
 1.90500e+02  1.38267e-02 
 1.91000e+02  1.38216e-02 
 1.91500e+02  1.38012e-02 
 1.92000e+02  1.38029e-02 
 1.92500e+02  1.38017e-02 
 1.93000e+02  1.37850e-02 
 1.93500e+02  1.37665e-02 
 1.94000e+02  1.37573e-02 
 1.94500e+02  1.37488e-02 
 1.95000e+02  1.37444e-02 
 1.95500e+02  1.37351e-02 
 1.96000e+02  1.37289e-02 
 1.96500e+02  1.37193e-02 
 1.97000e+02  1.37314e-02 
 1.97500e+02  1.37362e-02 
 1.98000e+02  1.37263e-02 
 1.98500e+02  1.37220e-02 
 1.99000e+02  1.37040e-02 
 1.99500e+02  1.36985e-02 
 2.00000e+02  1.37058e-02 
 2.00500e+02  1.36906e-02 
 2.01000e+02  1.36606e-02 
 2.01500e+02  1.36620e-02 
 2.02000e+02  1.36496e-02 
 2.02500e+02  1.36576e-02 
 2.03000e+02  1.36325e-02 
 2.03500e+02  1.36206e-02 
 2.04000e+02  1.36284e-02 
 2.04500e+02  1.36183e-02 
 2.05000e+02  1.36171e-02 
 2.05500e+02  1.36251e-02 
 2.06000e+02  1.36059e-02 
 2.06500e+02  1.35784e-02 
 2.07000e+02  1.35517e-02 
 2.07500e+02  1.35372e-02 
 2.08000e+02  1.35332e-02 
 2.08500e+02  1.35003e-02 
 2.09000e+02  1.34870e-02 
 2.09500e+02  1.34638e-02 
 2.10000e+02  1.34523e-02 
 2.10500e+02  1.34371e-02 
 2.11000e+02  1.34299e-02 
 2.11500e+02  1.34065e-02 
 2.12000e+02  1.33840e-02 
 2.12500e+02  1.33617e-02 
 2.13000e+02  1.33561e-02 
 2.13500e+02  1.33538e-02 
 2.14000e+02  1.33077e-02 
 2.14500e+02  1.32771e-02 
 2.15000e+02  1.32503e-02 
 2.15500e+02  1.32108e-02 
 2.16000e+02  1.31761e-02 
 2.16500e+02  1.31596e-02 
 2.17000e+02  1.31432e-02 
 2.17500e+02  1.31186e-02 
 2.18000e+02  1.30831e-02 
 2.18500e+02  1.30483e-02 
 2.19000e+02  1.30170e-02 
 2.19500e+02  1.29901e-02 
 2.20000e+02  1.29698e-02 
 2.20500e+02  1.29248e-02 
 2.21000e+02  1.28753e-02 
 2.21500e+02  1.28159e-02 
 2.22000e+02  1.27568e-02 
 2.22500e+02  1.27204e-02 
 2.23000e+02  1.26932e-02 
 2.23500e+02  1.26545e-02 
 2.24000e+02  1.26333e-02 
 2.24500e+02  1.25999e-02 
 2.25000e+02  1.25662e-02 
 2.25500e+02  1.25182e-02 
 2.26000e+02  1.24545e-02 
 2.26500e+02  1.23947e-02 
 2.27000e+02  1.23568e-02 
 2.27500e+02  1.22863e-02 
 2.28000e+02  1.22248e-02 
 2.28500e+02  1.21734e-02 
 2.29000e+02  1.21059e-02 
 2.29500e+02  1.20583e-02 
 2.30000e+02  1.20133e-02 
 2.30500e+02  1.19703e-02 
 2.31000e+02  1.19291e-02 
 2.31500e+02  1.18847e-02 
 2.32000e+02  1.18368e-02 
 2.32500e+02  1.17747e-02 
 2.33000e+02  1.17183e-02 
 2.33500e+02  1.16506e-02 
 2.34000e+02  1.15737e-02 
 2.34500e+02  1.15191e-02 
 2.35000e+02  1.14410e-02 
 2.35500e+02  1.13876e-02 
 2.36000e+02  1.13231e-02 
 2.36500e+02  1.12615e-02 
 2.37000e+02  1.12097e-02 
 2.37500e+02  1.11580e-02 
 2.38000e+02  1.11096e-02 
 2.38500e+02  1.10470e-02 
 2.39000e+02  1.09566e-02 
 2.39500e+02  1.08750e-02 
 2.40000e+02  1.07842e-02 
 2.40500e+02  1.07031e-02 
 2.41000e+02  1.06209e-02 
 2.41500e+02  1.05524e-02 
 2.42000e+02  1.04895e-02 
 2.42500e+02  1.04162e-02 
 2.43000e+02  1.03398e-02 
 2.43500e+02  1.02607e-02 
 2.44000e+02  1.01717e-02 
 2.44500e+02  1.00875e-02 
 2.45000e+02  1.00233e-02 
 2.45500e+02  9.92984e-03 
 2.46000e+02  9.84630e-03 
 2.46500e+02  9.75616e-03 
 2.47000e+02  9.66291e-03 
 2.47500e+02  9.56719e-03 
 2.48000e+02  9.45364e-03 
 2.48500e+02  9.35678e-03 
 2.49000e+02  9.24592e-03 
 2.49500e+02  9.14483e-03 
 2.50000e+02  9.03136e-03 
 2.50500e+02  8.91582e-03 
 2.51000e+02  8.80928e-03 
 2.51500e+02  8.68947e-03 
 2.52000e+02  8.56461e-03 
 2.52500e+02  8.44589e-03 
 2.53000e+02  8.33249e-03 
 2.53500e+02  8.22375e-03 
 2.54000e+02  8.08565e-03 
 2.54500e+02  7.95325e-03 
 2.55000e+02  7.82689e-03 
 2.55500e+02  7.68133e-03 
 2.56000e+02  7.53038e-03 
 2.56500e+02  7.37647e-03 
 2.57000e+02  7.21481e-03 
 2.57500e+02  7.03342e-03 
 2.58000e+02  6.84863e-03 
 2.58500e+02  6.67647e-03 
 2.59000e+02  6.49666e-03 
 2.59500e+02  6.30281e-03 
 2.60000e+02  6.10837e-03 
 2.60500e+02  5.92256e-03 
 2.61000e+02  5.73014e-03 
 2.61500e+02  5.52631e-03 
 2.62000e+02  5.32720e-03 
 2.62500e+02  5.12277e-03 
 2.63000e+02  4.90685e-03 
 2.63500e+02  4.69156e-03 
 2.64000e+02  4.48598e-03 
 2.64500e+02  4.29129e-03 
 2.65000e+02  4.08968e-03 
 2.65500e+02  3.89845e-03 
 2.66000e+02  3.71833e-03 
 2.66500e+02  3.54382e-03 
 2.67000e+02  3.37168e-03 
 2.67500e+02  3.20767e-03 
 2.68000e+02  3.04442e-03 
 2.68500e+02  2.89028e-03 
 2.69000e+02  2.73874e-03 
 2.69500e+02  2.60075e-03 
 2.70000e+02  2.47022e-03 
 2.70500e+02  2.34618e-03 
 2.71000e+02  2.22672e-03 
 2.71500e+02  2.11601e-03 
 2.72000e+02  2.00770e-03 
 2.72500e+02  1.90564e-03 
 2.73000e+02  1.81175e-03 
 2.73500e+02  1.73027e-03 
 2.74000e+02  1.65279e-03 
 2.74500e+02  1.57330e-03 
 2.75000e+02  1.50070e-03 
 2.75500e+02  1.43455e-03 
 2.76000e+02  1.37090e-03 
 2.76500e+02  1.31572e-03 
 2.77000e+02  1.26310e-03 
 2.77500e+02  1.21500e-03 
 2.78000e+02  1.17901e-03 
 2.78500e+02  1.14359e-03 
 2.79000e+02  1.09803e-03 
 2.79500e+02  1.06997e-03 
 2.80000e+02  1.03796e-03 
 2.80500e+02  1.00573e-03 
 2.81000e+02  9.73280e-04 
 2.81500e+02  9.44261e-04 
 2.82000e+02  9.16753e-04 
 2.82500e+02  8.84658e-04 
 2.83000e+02  8.56783e-04 
 2.83500e+02  8.31423e-04 
 2.84000e+02  8.06288e-04 
 2.84500e+02  7.82354e-04 
 2.85000e+02  7.59418e-04 
 2.85500e+02  7.33850e-04 
 2.86000e+02  7.11828e-04 
 2.86500e+02  6.90063e-04 
 2.87000e+02  6.68362e-04 
 2.87500e+02  6.50445e-04 
 2.88000e+02  6.29263e-04 
 2.88500e+02  6.12658e-04 
 2.89000e+02  5.91604e-04 
 2.89500e+02  5.74296e-04 
 2.90000e+02  5.59077e-04 
 2.90500e+02  5.43261e-04 
 2.91000e+02  5.28857e-04 
 2.91500e+02  5.11046e-04 
 2.92000e+02  4.97081e-04 
 2.92500e+02  4.83751e-04 
 2.93000e+02  4.67718e-04 
 2.93500e+02  4.55794e-04 
 2.94000e+02  4.44852e-04 
 2.94500e+02  4.31159e-04 
 2.95000e+02  4.18030e-04 
 2.95500e+02  4.04443e-04 
 2.96000e+02  3.92278e-04 
 2.96500e+02  3.80558e-04 
 2.97000e+02  3.71458e-04 
 2.97500e+02  3.59726e-04 
 2.98000e+02  3.51195e-04 
 2.98500e+02  3.40828e-04 
 2.99000e+02  3.31244e-04 
 2.99500e+02  3.23480e-04 
 3.00000e+02  3.12812e-04 
 3.00500e+02  3.02270e-04 
 3.01000e+02  2.94508e-04 
 3.01500e+02  2.85599e-04 
 3.02000e+02  2.78470e-04 
 3.02500e+02  2.68662e-04 
 3.03000e+02  2.59216e-04 
 3.03500e+02  2.53990e-04 
 3.04000e+02  2.47141e-04 
 3.04500e+02  2.38125e-04 
 3.05000e+02  2.32611e-04 
 3.05500e+02  2.24639e-04 
 3.06000e+02  2.16697e-04 
 3.06500e+02  2.12386e-04 
 3.07000e+02  2.04421e-04 
 3.07500e+02  1.96924e-04 
 3.08000e+02  1.90917e-04 
 3.08500e+02  1.85362e-04 
 3.09000e+02  1.80304e-04 
 3.09500e+02  1.74733e-04 
 3.10000e+02  1.67254e-04 
 3.10500e+02  1.62330e-04 
 3.11000e+02  1.55641e-04 
 3.11500e+02  1.48897e-04 
 3.12000e+02  1.43455e-04 
 3.12500e+02  1.38878e-04 
 3.13000e+02  1.33276e-04 
 3.13500e+02  1.29479e-04 
 3.14000e+02  1.24020e-04 
 3.14500e+02  1.18450e-04 
 3.15000e+02  1.12178e-04 
 3.15500e+02  1.06342e-04 
 3.16000e+02  1.00674e-04 
 3.16500e+02  9.50464e-05 
 3.17000e+02  9.06944e-05 
 3.17500e+02  8.39672e-05 
 3.18000e+02  7.91672e-05 
 3.18500e+02  7.37240e-05 
 3.19000e+02  6.82920e-05 
 3.19500e+02  6.66288e-05 
