 0.00000e+00  2.23952e-05 
 5.00000e-01  2.26904e-05 
 1.00000e+00  2.51296e-05 
 1.50000e+00  2.74592e-05 
 2.00000e+00  2.99328e-05 
 2.50000e+00  3.26160e-05 
 3.00000e+00  3.50016e-05 
 3.50000e+00  3.83232e-05 
 4.00000e+00  4.13712e-05 
 4.50000e+00  4.47904e-05 
 5.00000e+00  4.88456e-05 
 5.50000e+00  5.37760e-05 
 6.00000e+00  5.85952e-05 
 6.50000e+00  6.34104e-05 
 7.00000e+00  6.90440e-05 
 7.50000e+00  7.52088e-05 
 8.00000e+00  8.18744e-05 
 8.50000e+00  8.96296e-05 
 9.00000e+00  9.75656e-05 
 9.50000e+00  1.06022e-04 
 1.00000e+01  1.14354e-04 
 1.05000e+01  1.24806e-04 
 1.10000e+01  1.34758e-04 
 1.15000e+01  1.48331e-04 
 1.20000e+01  1.59816e-04 
 1.25000e+01  1.70125e-04 
 1.30000e+01  1.82742e-04 
 1.35000e+01  1.94822e-04 
 1.40000e+01  2.08171e-04 
 1.45000e+01  2.20001e-04 
 1.50000e+01  2.34091e-04 
 1.55000e+01  2.47676e-04 
 1.60000e+01  2.61129e-04 
 1.65000e+01  2.74731e-04 
 1.70000e+01  2.88322e-04 
 1.75000e+01  3.01961e-04 
 1.80000e+01  3.14825e-04 
 1.85000e+01  3.27874e-04 
 1.90000e+01  3.43118e-04 
 1.95000e+01  3.58857e-04 
 2.00000e+01  3.72768e-04 
 2.05000e+01  3.87680e-04 
 2.10000e+01  3.99989e-04 
 2.15000e+01  4.12928e-04 
 2.20000e+01  4.27987e-04 
 2.25000e+01  4.42246e-04 
 2.30000e+01  4.60447e-04 
 2.35000e+01  4.73130e-04 
 2.40000e+01  4.88819e-04 
 2.45000e+01  5.03577e-04 
 2.50000e+01  5.20322e-04 
 2.55000e+01  5.36230e-04 
 2.60000e+01  5.50994e-04 
 2.65000e+01  5.70740e-04 
 2.70000e+01  5.87650e-04 
 2.75000e+01  6.09349e-04 
 2.80000e+01  6.28412e-04 
 2.85000e+01  6.44761e-04 
 2.90000e+01  6.67178e-04 
 2.95000e+01  6.92984e-04 
 3.00000e+01  7.14388e-04 
 3.05000e+01  7.36725e-04 
 3.10000e+01  7.63394e-04 
 3.15000e+01  7.88041e-04 
 3.20000e+01  8.15725e-04 
 3.25000e+01  8.41894e-04 
 3.30000e+01  8.72507e-04 
 3.35000e+01  9.03666e-04 
 3.40000e+01  9.35684e-04 
 3.45000e+01  9.72498e-04 
 3.50000e+01  1.01045e-03 
 3.55000e+01  1.05284e-03 
 3.60000e+01  1.09404e-03 
 3.65000e+01  1.14480e-03 
 3.70000e+01  1.19079e-03 
 3.75000e+01  1.24230e-03 
 3.80000e+01  1.29392e-03 
 3.85000e+01  1.34844e-03 
 3.90000e+01  1.41051e-03 
 3.95000e+01  1.47173e-03 
 4.00000e+01  1.53644e-03 
 4.05000e+01  1.61037e-03 
 4.10000e+01  1.68163e-03 
 4.15000e+01  1.76119e-03 
 4.20000e+01  1.84084e-03 
 4.25000e+01  1.92987e-03 
 4.30000e+01  2.02740e-03 
 4.35000e+01  2.12560e-03 
 4.40000e+01  2.23604e-03 
 4.45000e+01  2.34563e-03 
 4.50000e+01  2.45938e-03 
 4.55000e+01  2.58926e-03 
 4.60000e+01  2.71561e-03 
 4.65000e+01  2.85625e-03 
 4.70000e+01  3.00540e-03 
 4.75000e+01  3.17067e-03 
 4.80000e+01  3.33138e-03 
 4.85000e+01  3.49968e-03 
 4.90000e+01  3.67242e-03 
 4.95000e+01  3.85997e-03 
 5.00000e+01  4.05828e-03 
 5.05000e+01  4.24384e-03 
 5.10000e+01  4.43998e-03 
 5.15000e+01  4.64726e-03 
 5.20000e+01  4.86419e-03 
 5.25000e+01  5.07717e-03 
 5.30000e+01  5.29079e-03 
 5.35000e+01  5.49858e-03 
 5.40000e+01  5.69837e-03 
 5.45000e+01  5.90329e-03 
 5.50000e+01  6.09320e-03 
 5.55000e+01  6.27525e-03 
 5.60000e+01  6.46918e-03 
 5.65000e+01  6.64884e-03 
 5.70000e+01  6.83131e-03 
 5.75000e+01  6.99552e-03 
 5.80000e+01  7.18528e-03 
 5.85000e+01  7.35366e-03 
 5.90000e+01  7.50506e-03 
 5.95000e+01  7.66204e-03 
 6.00000e+01  7.82186e-03 
 6.05000e+01  7.96946e-03 
 6.10000e+01  8.12500e-03 
 6.15000e+01  8.25590e-03 
 6.20000e+01  8.40064e-03 
 6.25000e+01  8.52916e-03 
 6.30000e+01  8.65241e-03 
 6.35000e+01  8.75537e-03 
 6.40000e+01  8.86434e-03 
 6.45000e+01  8.97422e-03 
 6.50000e+01  9.05997e-03 
 6.55000e+01  9.14842e-03 
 6.60000e+01  9.24752e-03 
 6.65000e+01  9.36178e-03 
 6.70000e+01  9.45687e-03 
 6.75000e+01  9.55309e-03 
 6.80000e+01  9.65209e-03 
 6.85000e+01  9.75743e-03 
 6.90000e+01  9.85444e-03 
 6.95000e+01  9.95556e-03 
 7.00000e+01  1.00610e-02 
 7.05000e+01  1.01481e-02 
 7.10000e+01  1.02345e-02 
 7.15000e+01  1.03258e-02 
 7.20000e+01  1.04158e-02 
 7.25000e+01  1.04894e-02 
 7.30000e+01  1.05932e-02 
 7.35000e+01  1.06731e-02 
 7.40000e+01  1.07534e-02 
 7.45000e+01  1.08247e-02 
 7.50000e+01  1.09039e-02 
 7.55000e+01  1.09850e-02 
 7.60000e+01  1.10529e-02 
 7.65000e+01  1.11232e-02 
 7.70000e+01  1.11912e-02 
 7.75000e+01  1.12576e-02 
 7.80000e+01  1.13177e-02 
 7.85000e+01  1.13801e-02 
 7.90000e+01  1.14466e-02 
 7.95000e+01  1.15202e-02 
 8.00000e+01  1.15786e-02 
 8.05000e+01  1.16382e-02 
 8.10000e+01  1.16739e-02 
 8.15000e+01  1.17239e-02 
 8.20000e+01  1.17586e-02 
 8.25000e+01  1.18120e-02 
 8.30000e+01  1.18497e-02 
 8.35000e+01  1.19015e-02 
 8.40000e+01  1.19442e-02 
 8.45000e+01  1.20022e-02 
 8.50000e+01  1.20538e-02 
 8.55000e+01  1.21022e-02 
 8.60000e+01  1.21472e-02 
 8.65000e+01  1.21930e-02 
 8.70000e+01  1.22215e-02 
 8.75000e+01  1.22690e-02 
 8.80000e+01  1.23161e-02 
 8.85000e+01  1.23439e-02 
 8.90000e+01  1.24048e-02 
 8.95000e+01  1.24620e-02 
 9.00000e+01  1.24991e-02 
 9.05000e+01  1.25351e-02 
 9.10000e+01  1.25849e-02 
 9.15000e+01  1.26342e-02 
 9.20000e+01  1.26674e-02 
 9.25000e+01  1.27102e-02 
 9.30000e+01  1.27403e-02 
 9.35000e+01  1.27855e-02 
 9.40000e+01  1.28348e-02 
 9.45000e+01  1.28500e-02 
 9.50000e+01  1.28904e-02 
 9.55000e+01  1.29372e-02 
 9.60000e+01  1.29753e-02 
 9.65000e+01  1.30012e-02 
 9.70000e+01  1.30398e-02 
 9.75000e+01  1.30756e-02 
 9.80000e+01  1.31122e-02 
 9.85000e+01  1.31366e-02 
 9.90000e+01  1.31832e-02 
 9.95000e+01  1.32020e-02 
 1.00000e+02  1.32159e-02 
 1.00500e+02  1.32499e-02 
 1.01000e+02  1.32882e-02 
 1.01500e+02  1.33237e-02 
 1.02000e+02  1.33424e-02 
 1.02500e+02  1.33721e-02 
 1.03000e+02  1.33937e-02 
 1.03500e+02  1.34176e-02 
 1.04000e+02  1.34286e-02 
 1.04500e+02  1.34547e-02 
 1.05000e+02  1.34788e-02 
 1.05500e+02  1.34960e-02 
 1.06000e+02  1.35039e-02 
 1.06500e+02  1.35002e-02 
 1.07000e+02  1.35077e-02 
 1.07500e+02  1.35202e-02 
 1.08000e+02  1.35092e-02 
 1.08500e+02  1.35079e-02 
 1.09000e+02  1.35331e-02 
 1.09500e+02  1.35359e-02 
 1.10000e+02  1.35662e-02 
 1.10500e+02  1.35676e-02 
 1.11000e+02  1.35644e-02 
 1.11500e+02  1.35784e-02 
 1.12000e+02  1.35649e-02 
 1.12500e+02  1.35800e-02 
 1.13000e+02  1.35830e-02 
 1.13500e+02  1.35958e-02 
 1.14000e+02  1.36025e-02 
 1.14500e+02  1.36089e-02 
 1.15000e+02  1.36308e-02 
 1.15500e+02  1.36369e-02 
 1.16000e+02  1.36399e-02 
 1.16500e+02  1.36344e-02 
 1.17000e+02  1.36475e-02 
 1.17500e+02  1.36601e-02 
 1.18000e+02  1.36615e-02 
 1.18500e+02  1.36716e-02 
 1.19000e+02  1.36842e-02 
 1.19500e+02  1.36769e-02 
 1.20000e+02  1.36676e-02 
 1.20500e+02  1.36697e-02 
 1.21000e+02  1.36736e-02 
 1.21500e+02  1.36868e-02 
 1.22000e+02  1.36878e-02 
 1.22500e+02  1.37016e-02 
 1.23000e+02  1.37047e-02 
 1.23500e+02  1.37230e-02 
 1.24000e+02  1.37246e-02 
 1.24500e+02  1.37232e-02 
 1.25000e+02  1.37279e-02 
 1.25500e+02  1.37374e-02 
 1.26000e+02  1.37385e-02 
 1.26500e+02  1.37508e-02 
 1.27000e+02  1.37696e-02 
 1.27500e+02  1.37691e-02 
 1.28000e+02  1.37760e-02 
 1.28500e+02  1.37566e-02 
 1.29000e+02  1.37594e-02 
 1.29500e+02  1.37574e-02 
 1.30000e+02  1.37829e-02 
 1.30500e+02  1.37927e-02 
 1.31000e+02  1.37777e-02 
 1.31500e+02  1.37713e-02 
 1.32000e+02  1.37675e-02 
 1.32500e+02  1.37825e-02 
 1.33000e+02  1.37896e-02 
 1.33500e+02  1.37871e-02 
 1.34000e+02  1.37837e-02 
 1.34500e+02  1.37812e-02 
 1.35000e+02  1.37768e-02 
 1.35500e+02  1.37902e-02 
 1.36000e+02  1.38043e-02 
 1.36500e+02  1.38079e-02 
 1.37000e+02  1.38005e-02 
 1.37500e+02  1.37976e-02 
 1.38000e+02  1.38087e-02 
 1.38500e+02  1.37900e-02 
 1.39000e+02  1.37888e-02 
 1.39500e+02  1.38016e-02 
 1.40000e+02  1.37956e-02 
 1.40500e+02  1.37995e-02 
 1.41000e+02  1.38003e-02 
 1.41500e+02  1.37987e-02 
 1.42000e+02  1.37858e-02 
 1.42500e+02  1.38008e-02 
 1.43000e+02  1.38189e-02 
 1.43500e+02  1.38325e-02 
 1.44000e+02  1.38320e-02 
 1.44500e+02  1.38274e-02 
 1.45000e+02  1.38357e-02 
 1.45500e+02  1.38344e-02 
 1.46000e+02  1.38229e-02 
 1.46500e+02  1.38283e-02 
 1.47000e+02  1.38270e-02 
 1.47500e+02  1.38228e-02 
 1.48000e+02  1.38301e-02 
 1.48500e+02  1.38164e-02 
 1.49000e+02  1.38227e-02 
 1.49500e+02  1.38209e-02 
 1.50000e+02  1.38172e-02 
 1.50500e+02  1.38354e-02 
 1.51000e+02  1.38284e-02 
 1.51500e+02  1.38248e-02 
 1.52000e+02  1.38153e-02 
 1.52500e+02  1.38116e-02 
 1.53000e+02  1.38325e-02 
 1.53500e+02  1.38318e-02 
 1.54000e+02  1.38281e-02 
 1.54500e+02  1.38260e-02 
 1.55000e+02  1.38263e-02 
 1.55500e+02  1.38306e-02 
 1.56000e+02  1.38394e-02 
 1.56500e+02  1.38213e-02 
 1.57000e+02  1.38052e-02 
 1.57500e+02  1.38003e-02 
 1.58000e+02  1.38021e-02 
 1.58500e+02  1.38147e-02 
 1.59000e+02  1.38070e-02 
 1.59500e+02  1.38053e-02 
 1.60000e+02  1.38093e-02 
 1.60500e+02  1.37840e-02 
 1.61000e+02  1.38007e-02 
 1.61500e+02  1.37932e-02 
 1.62000e+02  1.37754e-02 
 1.62500e+02  1.37685e-02 
 1.63000e+02  1.37796e-02 
 1.63500e+02  1.37888e-02 
 1.64000e+02  1.37679e-02 
 1.64500e+02  1.37910e-02 
 1.65000e+02  1.37781e-02 
 1.65500e+02  1.37936e-02 
 1.66000e+02  1.37894e-02 
 1.66500e+02  1.37831e-02 
 1.67000e+02  1.37749e-02 
 1.67500e+02  1.37850e-02 
 1.68000e+02  1.37850e-02 
 1.68500e+02  1.37980e-02 
 1.69000e+02  1.37785e-02 
 1.69500e+02  1.37683e-02 
 1.70000e+02  1.37623e-02 
 1.70500e+02  1.37666e-02 
 1.71000e+02  1.37621e-02 
 1.71500e+02  1.37489e-02 
 1.72000e+02  1.37512e-02 
 1.72500e+02  1.37462e-02 
 1.73000e+02  1.37628e-02 
 1.73500e+02  1.37860e-02 
 1.74000e+02  1.37755e-02 
 1.74500e+02  1.37592e-02 
 1.75000e+02  1.37532e-02 
 1.75500e+02  1.37379e-02 
 1.76000e+02  1.37416e-02 
 1.76500e+02  1.37333e-02 
 1.77000e+02  1.37335e-02 
 1.77500e+02  1.37375e-02 
 1.78000e+02  1.37348e-02 
 1.78500e+02  1.37202e-02 
 1.79000e+02  1.37098e-02 
 1.79500e+02  1.37062e-02 
 1.80000e+02  1.37248e-02 
 1.80500e+02  1.37072e-02 
 1.81000e+02  1.37030e-02 
 1.81500e+02  1.37010e-02 
 1.82000e+02  1.36858e-02 
 1.82500e+02  1.36978e-02 
 1.83000e+02  1.37015e-02 
 1.83500e+02  1.36996e-02 
 1.84000e+02  1.37042e-02 
 1.84500e+02  1.36840e-02 
 1.85000e+02  1.36713e-02 
 1.85500e+02  1.36753e-02 
 1.86000e+02  1.36758e-02 
 1.86500e+02  1.36804e-02 
 1.87000e+02  1.36577e-02 
 1.87500e+02  1.36663e-02 
 1.88000e+02  1.36772e-02 
 1.88500e+02  1.36618e-02 
 1.89000e+02  1.36521e-02 
 1.89500e+02  1.36528e-02 
 1.90000e+02  1.36464e-02 
 1.90500e+02  1.36397e-02 
 1.91000e+02  1.36380e-02 
 1.91500e+02  1.36487e-02 
 1.92000e+02  1.36524e-02 
 1.92500e+02  1.36465e-02 
 1.93000e+02  1.36418e-02 
 1.93500e+02  1.36525e-02 
 1.94000e+02  1.36333e-02 
 1.94500e+02  1.36316e-02 
 1.95000e+02  1.36032e-02 
 1.95500e+02  1.35941e-02 
 1.96000e+02  1.35996e-02 
 1.96500e+02  1.35831e-02 
 1.97000e+02  1.35766e-02 
 1.97500e+02  1.35609e-02 
 1.98000e+02  1.35557e-02 
 1.98500e+02  1.35537e-02 
 1.99000e+02  1.35541e-02 
 1.99500e+02  1.35377e-02 
 2.00000e+02  1.35272e-02 
 2.00500e+02  1.35165e-02 
 2.01000e+02  1.35210e-02 
 2.01500e+02  1.35238e-02 
 2.02000e+02  1.35028e-02 
 2.02500e+02  1.34989e-02 
 2.03000e+02  1.34651e-02 
 2.03500e+02  1.34486e-02 
 2.04000e+02  1.34540e-02 
 2.04500e+02  1.34440e-02 
 2.05000e+02  1.34379e-02 
 2.05500e+02  1.34282e-02 
 2.06000e+02  1.34223e-02 
 2.06500e+02  1.34059e-02 
 2.07000e+02  1.34051e-02 
 2.07500e+02  1.33976e-02 
 2.08000e+02  1.33752e-02 
 2.08500e+02  1.33680e-02 
 2.09000e+02  1.33437e-02 
 2.09500e+02  1.33374e-02 
 2.10000e+02  1.33297e-02 
 2.10500e+02  1.33167e-02 
 2.11000e+02  1.33061e-02 
 2.11500e+02  1.32839e-02 
 2.12000e+02  1.32623e-02 
 2.12500e+02  1.32329e-02 
 2.13000e+02  1.32048e-02 
 2.13500e+02  1.31760e-02 
 2.14000e+02  1.31481e-02 
 2.14500e+02  1.31378e-02 
 2.15000e+02  1.31076e-02 
 2.15500e+02  1.30663e-02 
 2.16000e+02  1.30422e-02 
 2.16500e+02  1.29887e-02 
 2.17000e+02  1.29497e-02 
 2.17500e+02  1.29191e-02 
 2.18000e+02  1.28988e-02 
 2.18500e+02  1.28564e-02 
 2.19000e+02  1.28098e-02 
 2.19500e+02  1.27794e-02 
 2.20000e+02  1.27544e-02 
 2.20500e+02  1.27111e-02 
 2.21000e+02  1.26672e-02 
 2.21500e+02  1.26285e-02 
 2.22000e+02  1.25925e-02 
 2.22500e+02  1.25643e-02 
 2.23000e+02  1.25292e-02 
 2.23500e+02  1.25004e-02 
 2.24000e+02  1.24669e-02 
 2.24500e+02  1.24459e-02 
 2.25000e+02  1.24112e-02 
 2.25500e+02  1.23582e-02 
 2.26000e+02  1.23047e-02 
 2.26500e+02  1.22638e-02 
 2.27000e+02  1.22056e-02 
 2.27500e+02  1.21250e-02 
 2.28000e+02  1.20854e-02 
 2.28500e+02  1.20214e-02 
 2.29000e+02  1.19798e-02 
 2.29500e+02  1.19187e-02 
 2.30000e+02  1.18706e-02 
 2.30500e+02  1.18136e-02 
 2.31000e+02  1.17321e-02 
 2.31500e+02  1.16767e-02 
 2.32000e+02  1.16159e-02 
 2.32500e+02  1.15657e-02 
 2.33000e+02  1.15260e-02 
 2.33500e+02  1.14645e-02 
 2.34000e+02  1.13894e-02 
 2.34500e+02  1.13371e-02 
 2.35000e+02  1.12909e-02 
 2.35500e+02  1.12277e-02 
 2.36000e+02  1.11754e-02 
 2.36500e+02  1.11054e-02 
 2.37000e+02  1.10513e-02 
 2.37500e+02  1.09848e-02 
 2.38000e+02  1.09418e-02 
 2.38500e+02  1.08721e-02 
 2.39000e+02  1.08033e-02 
 2.39500e+02  1.07147e-02 
 2.40000e+02  1.06479e-02 
 2.40500e+02  1.05638e-02 
 2.41000e+02  1.04970e-02 
 2.41500e+02  1.04307e-02 
 2.42000e+02  1.03588e-02 
 2.42500e+02  1.02881e-02 
 2.43000e+02  1.01929e-02 
 2.43500e+02  1.01089e-02 
 2.44000e+02  1.00251e-02 
 2.44500e+02  9.93720e-03 
 2.45000e+02  9.83994e-03 
 2.45500e+02  9.75124e-03 
 2.46000e+02  9.66918e-03 
 2.46500e+02  9.58496e-03 
 2.47000e+02  9.48568e-03 
 2.47500e+02  9.38374e-03 
 2.48000e+02  9.28240e-03 
 2.48500e+02  9.18573e-03 
 2.49000e+02  9.07766e-03 
 2.49500e+02  8.96912e-03 
 2.50000e+02  8.86608e-03 
 2.50500e+02  8.75485e-03 
 2.51000e+02  8.64098e-03 
 2.51500e+02  8.52511e-03 
 2.52000e+02  8.39831e-03 
 2.52500e+02  8.28120e-03 
 2.53000e+02  8.16991e-03 
 2.53500e+02  8.03620e-03 
 2.54000e+02  7.88119e-03 
 2.54500e+02  7.73714e-03 
 2.55000e+02  7.59941e-03 
 2.55500e+02  7.45096e-03 
 2.56000e+02  7.29953e-03 
 2.56500e+02  7.12477e-03 
 2.57000e+02  6.96128e-03 
 2.57500e+02  6.78294e-03 
 2.58000e+02  6.60283e-03 
 2.58500e+02  6.42546e-03 
 2.59000e+02  6.25651e-03 
 2.59500e+02  6.06656e-03 
 2.60000e+02  5.88187e-03 
 2.60500e+02  5.69967e-03 
 2.61000e+02  5.50753e-03 
 2.61500e+02  5.31464e-03 
 2.62000e+02  5.12137e-03 
 2.62500e+02  4.93861e-03 
 2.63000e+02  4.75078e-03 
 2.63500e+02  4.54409e-03 
 2.64000e+02  4.34650e-03 
 2.64500e+02  4.15078e-03 
 2.65000e+02  3.95459e-03 
 2.65500e+02  3.77484e-03 
 2.66000e+02  3.59339e-03 
 2.66500e+02  3.41440e-03 
 2.67000e+02  3.24676e-03 
 2.67500e+02  3.08765e-03 
 2.68000e+02  2.93127e-03 
 2.68500e+02  2.78131e-03 
 2.69000e+02  2.64320e-03 
 2.69500e+02  2.51479e-03 
 2.70000e+02  2.38321e-03 
 2.70500e+02  2.26323e-03 
 2.71000e+02  2.15076e-03 
 2.71500e+02  2.04683e-03 
 2.72000e+02  1.95115e-03 
 2.72500e+02  1.85066e-03 
 2.73000e+02  1.76374e-03 
 2.73500e+02  1.67926e-03 
 2.74000e+02  1.59789e-03 
 2.74500e+02  1.53069e-03 
 2.75000e+02  1.46194e-03 
 2.75500e+02  1.39850e-03 
 2.76000e+02  1.34114e-03 
 2.76500e+02  1.28572e-03 
 2.77000e+02  1.23992e-03 
 2.77500e+02  1.19844e-03 
 2.78000e+02  1.15376e-03 
 2.78500e+02  1.11629e-03 
 2.79000e+02  1.07912e-03 
 2.79500e+02  1.04823e-03 
 2.80000e+02  1.01487e-03 
 2.80500e+02  9.85996e-04 
 2.81000e+02  9.54181e-04 
 2.81500e+02  9.24362e-04 
 2.82000e+02  8.95902e-04 
 2.82500e+02  8.65857e-04 
 2.83000e+02  8.39130e-04 
 2.83500e+02  8.14060e-04 
 2.84000e+02  7.89810e-04 
 2.84500e+02  7.67081e-04 
 2.85000e+02  7.40011e-04 
 2.85500e+02  7.20331e-04 
 2.86000e+02  7.00301e-04 
 2.86500e+02  6.78853e-04 
 2.87000e+02  6.58294e-04 
 2.87500e+02  6.36490e-04 
 2.88000e+02  6.17052e-04 
 2.88500e+02  5.99597e-04 
 2.89000e+02  5.78603e-04 
 2.89500e+02  5.62150e-04 
 2.90000e+02  5.45074e-04 
 2.90500e+02  5.29995e-04 
 2.91000e+02  5.17232e-04 
 2.91500e+02  5.02421e-04 
 2.92000e+02  4.87026e-04 
 2.92500e+02  4.73708e-04 
 2.93000e+02  4.63321e-04 
 2.93500e+02  4.48806e-04 
 2.94000e+02  4.35582e-04 
 2.94500e+02  4.24090e-04 
 2.95000e+02  4.13226e-04 
 2.95500e+02  4.00806e-04 
 2.96000e+02  3.87499e-04 
 2.96500e+02  3.76849e-04 
 2.97000e+02  3.65778e-04 
 2.97500e+02  3.55806e-04 
 2.98000e+02  3.46618e-04 
 2.98500e+02  3.36924e-04 
 2.99000e+02  3.28954e-04 
 2.99500e+02  3.18866e-04 
 3.00000e+02  3.09657e-04 
 3.00500e+02  3.00736e-04 
 3.01000e+02  2.93235e-04 
 3.01500e+02  2.84502e-04 
 3.02000e+02  2.77789e-04 
 3.02500e+02  2.65874e-04 
 3.03000e+02  2.56764e-04 
 3.03500e+02  2.49386e-04 
 3.04000e+02  2.43285e-04 
 3.04500e+02  2.36635e-04 
 3.05000e+02  2.29702e-04 
 3.05500e+02  2.23371e-04 
 3.06000e+02  2.15869e-04 
 3.06500e+02  2.08398e-04 
 3.07000e+02  2.03852e-04 
 3.07500e+02  1.96850e-04 
 3.08000e+02  1.88815e-04 
 3.08500e+02  1.83466e-04 
 3.09000e+02  1.77535e-04 
 3.09500e+02  1.71860e-04 
 3.10000e+02  1.66092e-04 
 3.10500e+02  1.60132e-04 
 3.11000e+02  1.55338e-04 
 3.11500e+02  1.49950e-04 
 3.12000e+02  1.44253e-04 
 3.12500e+02  1.37946e-04 
 3.13000e+02  1.31722e-04 
 3.13500e+02  1.27215e-04 
 3.14000e+02  1.21575e-04 
 3.14500e+02  1.15420e-04 
 3.15000e+02  1.09390e-04 
 3.15500e+02  1.04056e-04 
 3.16000e+02  9.86320e-05 
 3.16500e+02  9.38456e-05 
 3.17000e+02  8.84016e-05 
 3.17500e+02  8.28816e-05 
 3.18000e+02  7.80640e-05 
 3.18500e+02  7.34272e-05 
 3.19000e+02  7.00040e-05 
 3.19500e+02  6.57208e-05 
