 0.00000e+00  2.37552e-05 
 5.00000e-01  2.38592e-05 
 1.00000e+00  2.61304e-05 
 1.50000e+00  2.79312e-05 
 2.00000e+00  3.09768e-05 
 2.50000e+00  3.36752e-05 
 3.00000e+00  3.70920e-05 
 3.50000e+00  4.01416e-05 
 4.00000e+00  4.42120e-05 
 4.50000e+00  4.79056e-05 
 5.00000e+00  5.21264e-05 
 5.50000e+00  5.67624e-05 
 6.00000e+00  6.19040e-05 
 6.50000e+00  6.76832e-05 
 7.00000e+00  7.44208e-05 
 7.50000e+00  8.08952e-05 
 8.00000e+00  8.73776e-05 
 8.50000e+00  9.58384e-05 
 9.00000e+00  1.04541e-04 
 9.50000e+00  1.13114e-04 
 1.00000e+01  1.21913e-04 
 1.05000e+01  1.34146e-04 
 1.10000e+01  1.44937e-04 
 1.15000e+01  1.55286e-04 
 1.20000e+01  1.66856e-04 
 1.25000e+01  1.80419e-04 
 1.30000e+01  1.92823e-04 
 1.35000e+01  2.06420e-04 
 1.40000e+01  2.19240e-04 
 1.45000e+01  2.33642e-04 
 1.50000e+01  2.44332e-04 
 1.55000e+01  2.58404e-04 
 1.60000e+01  2.68780e-04 
 1.65000e+01  2.82174e-04 
 1.70000e+01  2.96321e-04 
 1.75000e+01  3.10750e-04 
 1.80000e+01  3.22610e-04 
 1.85000e+01  3.38003e-04 
 1.90000e+01  3.51622e-04 
 1.95000e+01  3.64544e-04 
 2.00000e+01  3.79006e-04 
 2.05000e+01  3.92630e-04 
 2.10000e+01  4.06307e-04 
 2.15000e+01  4.23511e-04 
 2.20000e+01  4.36405e-04 
 2.25000e+01  4.48435e-04 
 2.30000e+01  4.62290e-04 
 2.35000e+01  4.78344e-04 
 2.40000e+01  4.93075e-04 
 2.45000e+01  5.11522e-04 
 2.50000e+01  5.27624e-04 
 2.55000e+01  5.41257e-04 
 2.60000e+01  5.58928e-04 
 2.65000e+01  5.78126e-04 
 2.70000e+01  5.93855e-04 
 2.75000e+01  6.14893e-04 
 2.80000e+01  6.32140e-04 
 2.85000e+01  6.54566e-04 
 2.90000e+01  6.77198e-04 
 2.95000e+01  6.95706e-04 
 3.00000e+01  7.20402e-04 
 3.05000e+01  7.44884e-04 
 3.10000e+01  7.71402e-04 
 3.15000e+01  7.97814e-04 
 3.20000e+01  8.24433e-04 
 3.25000e+01  8.51282e-04 
 3.30000e+01  8.85396e-04 
 3.35000e+01  9.17448e-04 
 3.40000e+01  9.54151e-04 
 3.45000e+01  9.86962e-04 
 3.50000e+01  1.02797e-03 
 3.55000e+01  1.06646e-03 
 3.60000e+01  1.10816e-03 
 3.65000e+01  1.15843e-03 
 3.70000e+01  1.20726e-03 
 3.75000e+01  1.25744e-03 
 3.80000e+01  1.31736e-03 
 3.85000e+01  1.37214e-03 
 3.90000e+01  1.43149e-03 
 3.95000e+01  1.49377e-03 
 4.00000e+01  1.56399e-03 
 4.05000e+01  1.63629e-03 
 4.10000e+01  1.71066e-03 
 4.15000e+01  1.79651e-03 
 4.20000e+01  1.87726e-03 
 4.25000e+01  1.96874e-03 
 4.30000e+01  2.06426e-03 
 4.35000e+01  2.16295e-03 
 4.40000e+01  2.26608e-03 
 4.45000e+01  2.37557e-03 
 4.50000e+01  2.49469e-03 
 4.55000e+01  2.62465e-03 
 4.60000e+01  2.76587e-03 
 4.65000e+01  2.90285e-03 
 4.70000e+01  3.05414e-03 
 4.75000e+01  3.21050e-03 
 4.80000e+01  3.37864e-03 
 4.85000e+01  3.53987e-03 
 4.90000e+01  3.70836e-03 
 4.95000e+01  3.89761e-03 
 5.00000e+01  4.08259e-03 
 5.05000e+01  4.27401e-03 
 5.10000e+01  4.47282e-03 
 5.15000e+01  4.67129e-03 
 5.20000e+01  4.88122e-03 
 5.25000e+01  5.08923e-03 
 5.30000e+01  5.29696e-03 
 5.35000e+01  5.50370e-03 
 5.40000e+01  5.71441e-03 
 5.45000e+01  5.92009e-03 
 5.50000e+01  6.12200e-03 
 5.55000e+01  6.30948e-03 
 5.60000e+01  6.50792e-03 
 5.65000e+01  6.69543e-03 
 5.70000e+01  6.88083e-03 
 5.75000e+01  7.06060e-03 
 5.80000e+01  7.24791e-03 
 5.85000e+01  7.41610e-03 
 5.90000e+01  7.58287e-03 
 5.95000e+01  7.74890e-03 
 6.00000e+01  7.91843e-03 
 6.05000e+01  8.06641e-03 
 6.10000e+01  8.22130e-03 
 6.15000e+01  8.36537e-03 
 6.20000e+01  8.48979e-03 
 6.25000e+01  8.61499e-03 
 6.30000e+01  8.73948e-03 
 6.35000e+01  8.85503e-03 
 6.40000e+01  8.95795e-03 
 6.45000e+01  9.05858e-03 
 6.50000e+01  9.16176e-03 
 6.55000e+01  9.27013e-03 
 6.60000e+01  9.37758e-03 
 6.65000e+01  9.47163e-03 
 6.70000e+01  9.56221e-03 
 6.75000e+01  9.66300e-03 
 6.80000e+01  9.74839e-03 
 6.85000e+01  9.85032e-03 
 6.90000e+01  9.95980e-03 
 6.95000e+01  1.00509e-02 
 7.00000e+01  1.01464e-02 
 7.05000e+01  1.02388e-02 
 7.10000e+01  1.03418e-02 
 7.15000e+01  1.04135e-02 
 7.20000e+01  1.05046e-02 
 7.25000e+01  1.05785e-02 
 7.30000e+01  1.06508e-02 
 7.35000e+01  1.07276e-02 
 7.40000e+01  1.08093e-02 
 7.45000e+01  1.08772e-02 
 7.50000e+01  1.09384e-02 
 7.55000e+01  1.10006e-02 
 7.60000e+01  1.10697e-02 
 7.65000e+01  1.11294e-02 
 7.70000e+01  1.12113e-02 
 7.75000e+01  1.12964e-02 
 7.80000e+01  1.13569e-02 
 7.85000e+01  1.14054e-02 
 7.90000e+01  1.14669e-02 
 7.95000e+01  1.15261e-02 
 8.00000e+01  1.15941e-02 
 8.05000e+01  1.16526e-02 
 8.10000e+01  1.17140e-02 
 8.15000e+01  1.17742e-02 
 8.20000e+01  1.18255e-02 
 8.25000e+01  1.18928e-02 
 8.30000e+01  1.19396e-02 
 8.35000e+01  1.19852e-02 
 8.40000e+01  1.20462e-02 
 8.45000e+01  1.20948e-02 
 8.50000e+01  1.21293e-02 
 8.55000e+01  1.21762e-02 
 8.60000e+01  1.22169e-02 
 8.65000e+01  1.22531e-02 
 8.70000e+01  1.23115e-02 
 8.75000e+01  1.23581e-02 
 8.80000e+01  1.24103e-02 
 8.85000e+01  1.24615e-02 
 8.90000e+01  1.24972e-02 
 8.95000e+01  1.25560e-02 
 9.00000e+01  1.25930e-02 
 9.05000e+01  1.26161e-02 
 9.10000e+01  1.26561e-02 
 9.15000e+01  1.26968e-02 
 9.20000e+01  1.27463e-02 
 9.25000e+01  1.28099e-02 
 9.30000e+01  1.28543e-02 
 9.35000e+01  1.28786e-02 
 9.40000e+01  1.29238e-02 
 9.45000e+01  1.29577e-02 
 9.50000e+01  1.30046e-02 
 9.55000e+01  1.30390e-02 
 9.60000e+01  1.30640e-02 
 9.65000e+01  1.31062e-02 
 9.70000e+01  1.31416e-02 
 9.75000e+01  1.31846e-02 
 9.80000e+01  1.32349e-02 
 9.85000e+01  1.32590e-02 
 9.90000e+01  1.32813e-02 
 9.95000e+01  1.33214e-02 
 1.00000e+02  1.33783e-02 
 1.00500e+02  1.33961e-02 
 1.01000e+02  1.34306e-02 
 1.01500e+02  1.34421e-02 
 1.02000e+02  1.34648e-02 
 1.02500e+02  1.34855e-02 
 1.03000e+02  1.35079e-02 
 1.03500e+02  1.35110e-02 
 1.04000e+02  1.35157e-02 
 1.04500e+02  1.35465e-02 
 1.05000e+02  1.35646e-02 
 1.05500e+02  1.35853e-02 
 1.06000e+02  1.35866e-02 
 1.06500e+02  1.36167e-02 
 1.07000e+02  1.36294e-02 
 1.07500e+02  1.36384e-02 
 1.08000e+02  1.36597e-02 
 1.08500e+02  1.36602e-02 
 1.09000e+02  1.36688e-02 
 1.09500e+02  1.36978e-02 
 1.10000e+02  1.37058e-02 
 1.10500e+02  1.37185e-02 
 1.11000e+02  1.37468e-02 
 1.11500e+02  1.37524e-02 
 1.12000e+02  1.37591e-02 
 1.12500e+02  1.37481e-02 
 1.13000e+02  1.37780e-02 
 1.13500e+02  1.37913e-02 
 1.14000e+02  1.37878e-02 
 1.14500e+02  1.38147e-02 
 1.15000e+02  1.38128e-02 
 1.15500e+02  1.38097e-02 
 1.16000e+02  1.38189e-02 
 1.16500e+02  1.38156e-02 
 1.17000e+02  1.38042e-02 
 1.17500e+02  1.38246e-02 
 1.18000e+02  1.38257e-02 
 1.18500e+02  1.38368e-02 
 1.19000e+02  1.38319e-02 
 1.19500e+02  1.38468e-02 
 1.20000e+02  1.38450e-02 
 1.20500e+02  1.38357e-02 
 1.21000e+02  1.38607e-02 
 1.21500e+02  1.38717e-02 
 1.22000e+02  1.38911e-02 
 1.22500e+02  1.39001e-02 
 1.23000e+02  1.39078e-02 
 1.23500e+02  1.39096e-02 
 1.24000e+02  1.39046e-02 
 1.24500e+02  1.39019e-02 
 1.25000e+02  1.38923e-02 
 1.25500e+02  1.39096e-02 
 1.26000e+02  1.39099e-02 
 1.26500e+02  1.38962e-02 
 1.27000e+02  1.38969e-02 
 1.27500e+02  1.38962e-02 
 1.28000e+02  1.39221e-02 
 1.28500e+02  1.39084e-02 
 1.29000e+02  1.39071e-02 
 1.29500e+02  1.39001e-02 
 1.30000e+02  1.39129e-02 
 1.30500e+02  1.39213e-02 
 1.31000e+02  1.39299e-02 
 1.31500e+02  1.39371e-02 
 1.32000e+02  1.39277e-02 
 1.32500e+02  1.39177e-02 
 1.33000e+02  1.39366e-02 
 1.33500e+02  1.39319e-02 
 1.34000e+02  1.39331e-02 
 1.34500e+02  1.39310e-02 
 1.35000e+02  1.39317e-02 
 1.35500e+02  1.39548e-02 
 1.36000e+02  1.39422e-02 
 1.36500e+02  1.39564e-02 
 1.37000e+02  1.39629e-02 
 1.37500e+02  1.39561e-02 
 1.38000e+02  1.39745e-02 
 1.38500e+02  1.39771e-02 
 1.39000e+02  1.39687e-02 
 1.39500e+02  1.39691e-02 
 1.40000e+02  1.39691e-02 
 1.40500e+02  1.39736e-02 
 1.41000e+02  1.39852e-02 
 1.41500e+02  1.39868e-02 
 1.42000e+02  1.39713e-02 
 1.42500e+02  1.39579e-02 
 1.43000e+02  1.39455e-02 
 1.43500e+02  1.39663e-02 
 1.44000e+02  1.39656e-02 
 1.44500e+02  1.39810e-02 
 1.45000e+02  1.39718e-02 
 1.45500e+02  1.39609e-02 
 1.46000e+02  1.39699e-02 
 1.46500e+02  1.39808e-02 
 1.47000e+02  1.39903e-02 
 1.47500e+02  1.40009e-02 
 1.48000e+02  1.39952e-02 
 1.48500e+02  1.39930e-02 
 1.49000e+02  1.40162e-02 
 1.49500e+02  1.40084e-02 
 1.50000e+02  1.40171e-02 
 1.50500e+02  1.40123e-02 
 1.51000e+02  1.40021e-02 
 1.51500e+02  1.40101e-02 
 1.52000e+02  1.39919e-02 
 1.52500e+02  1.40020e-02 
 1.53000e+02  1.40123e-02 
 1.53500e+02  1.40133e-02 
 1.54000e+02  1.40001e-02 
 1.54500e+02  1.39922e-02 
 1.55000e+02  1.39892e-02 
 1.55500e+02  1.39865e-02 
 1.56000e+02  1.40075e-02 
 1.56500e+02  1.40199e-02 
 1.57000e+02  1.40331e-02 
 1.57500e+02  1.40104e-02 
 1.58000e+02  1.39926e-02 
 1.58500e+02  1.39898e-02 
 1.59000e+02  1.39890e-02 
 1.59500e+02  1.39933e-02 
 1.60000e+02  1.39886e-02 
 1.60500e+02  1.39865e-02 
 1.61000e+02  1.39984e-02 
 1.61500e+02  1.40021e-02 
 1.62000e+02  1.39982e-02 
 1.62500e+02  1.39940e-02 
 1.63000e+02  1.40112e-02 
 1.63500e+02  1.39953e-02 
 1.64000e+02  1.39960e-02 
 1.64500e+02  1.39966e-02 
 1.65000e+02  1.40025e-02 
 1.65500e+02  1.39802e-02 
 1.66000e+02  1.39913e-02 
 1.66500e+02  1.39719e-02 
 1.67000e+02  1.39637e-02 
 1.67500e+02  1.39696e-02 
 1.68000e+02  1.39611e-02 
 1.68500e+02  1.39597e-02 
 1.69000e+02  1.39548e-02 
 1.69500e+02  1.39660e-02 
 1.70000e+02  1.39709e-02 
 1.70500e+02  1.39689e-02 
 1.71000e+02  1.39597e-02 
 1.71500e+02  1.39445e-02 
 1.72000e+02  1.39387e-02 
 1.72500e+02  1.39331e-02 
 1.73000e+02  1.39538e-02 
 1.73500e+02  1.39616e-02 
 1.74000e+02  1.39532e-02 
 1.74500e+02  1.39412e-02 
 1.75000e+02  1.39432e-02 
 1.75500e+02  1.39311e-02 
 1.76000e+02  1.39436e-02 
 1.76500e+02  1.39328e-02 
 1.77000e+02  1.39270e-02 
 1.77500e+02  1.39245e-02 
 1.78000e+02  1.39083e-02 
 1.78500e+02  1.39040e-02 
 1.79000e+02  1.39054e-02 
 1.79500e+02  1.39000e-02 
 1.80000e+02  1.38983e-02 
 1.80500e+02  1.38960e-02 
 1.81000e+02  1.38856e-02 
 1.81500e+02  1.38862e-02 
 1.82000e+02  1.38937e-02 
 1.82500e+02  1.39016e-02 
 1.83000e+02  1.38991e-02 
 1.83500e+02  1.39021e-02 
 1.84000e+02  1.39165e-02 
 1.84500e+02  1.39138e-02 
 1.85000e+02  1.39191e-02 
 1.85500e+02  1.39069e-02 
 1.86000e+02  1.38847e-02 
 1.86500e+02  1.38862e-02 
 1.87000e+02  1.38655e-02 
 1.87500e+02  1.38632e-02 
 1.88000e+02  1.38571e-02 
 1.88500e+02  1.38478e-02 
 1.89000e+02  1.38482e-02 
 1.89500e+02  1.38310e-02 
 1.90000e+02  1.38252e-02 
 1.90500e+02  1.38278e-02 
 1.91000e+02  1.38124e-02 
 1.91500e+02  1.38042e-02 
 1.92000e+02  1.37917e-02 
 1.92500e+02  1.37937e-02 
 1.93000e+02  1.37961e-02 
 1.93500e+02  1.38030e-02 
 1.94000e+02  1.38039e-02 
 1.94500e+02  1.37888e-02 
 1.95000e+02  1.37796e-02 
 1.95500e+02  1.37810e-02 
 1.96000e+02  1.37948e-02 
 1.96500e+02  1.38031e-02 
 1.97000e+02  1.37894e-02 
 1.97500e+02  1.37749e-02 
 1.98000e+02  1.37496e-02 
 1.98500e+02  1.37340e-02 
 1.99000e+02  1.37190e-02 
 1.99500e+02  1.37232e-02 
 2.00000e+02  1.37082e-02 
 2.00500e+02  1.37189e-02 
 2.01000e+02  1.37102e-02 
 2.01500e+02  1.37073e-02 
 2.02000e+02  1.36768e-02 
 2.02500e+02  1.36888e-02 
 2.03000e+02  1.36895e-02 
 2.03500e+02  1.36746e-02 
 2.04000e+02  1.36473e-02 
 2.04500e+02  1.36444e-02 
 2.05000e+02  1.36409e-02 
 2.05500e+02  1.36338e-02 
 2.06000e+02  1.36195e-02 
 2.06500e+02  1.36012e-02 
 2.07000e+02  1.35937e-02 
 2.07500e+02  1.35939e-02 
 2.08000e+02  1.35698e-02 
 2.08500e+02  1.35682e-02 
 2.09000e+02  1.35546e-02 
 2.09500e+02  1.35428e-02 
 2.10000e+02  1.35396e-02 
 2.10500e+02  1.35358e-02 
 2.11000e+02  1.35176e-02 
 2.11500e+02  1.34870e-02 
 2.12000e+02  1.34482e-02 
 2.12500e+02  1.34411e-02 
 2.13000e+02  1.34182e-02 
 2.13500e+02  1.33866e-02 
 2.14000e+02  1.33510e-02 
 2.14500e+02  1.33413e-02 
 2.15000e+02  1.33019e-02 
 2.15500e+02  1.32567e-02 
 2.16000e+02  1.32175e-02 
 2.16500e+02  1.31960e-02 
 2.17000e+02  1.31666e-02 
 2.17500e+02  1.31583e-02 
 2.18000e+02  1.31090e-02 
 2.18500e+02  1.30661e-02 
 2.19000e+02  1.30118e-02 
 2.19500e+02  1.29748e-02 
 2.20000e+02  1.29272e-02 
 2.20500e+02  1.28835e-02 
 2.21000e+02  1.28304e-02 
 2.21500e+02  1.28065e-02 
 2.22000e+02  1.27623e-02 
 2.22500e+02  1.27240e-02 
 2.23000e+02  1.26867e-02 
 2.23500e+02  1.26393e-02 
 2.24000e+02  1.26167e-02 
 2.24500e+02  1.25726e-02 
 2.25000e+02  1.25302e-02 
 2.25500e+02  1.24909e-02 
 2.26000e+02  1.24390e-02 
 2.26500e+02  1.23741e-02 
 2.27000e+02  1.23199e-02 
 2.27500e+02  1.22562e-02 
 2.28000e+02  1.21878e-02 
 2.28500e+02  1.21443e-02 
 2.29000e+02  1.20862e-02 
 2.29500e+02  1.20151e-02 
 2.30000e+02  1.19477e-02 
 2.30500e+02  1.18913e-02 
 2.31000e+02  1.18643e-02 
 2.31500e+02  1.18103e-02 
 2.32000e+02  1.17624e-02 
 2.32500e+02  1.17094e-02 
 2.33000e+02  1.16542e-02 
 2.33500e+02  1.16180e-02 
 2.34000e+02  1.15710e-02 
 2.34500e+02  1.15122e-02 
 2.35000e+02  1.14467e-02 
 2.35500e+02  1.13666e-02 
 2.36000e+02  1.13127e-02 
 2.36500e+02  1.12605e-02 
 2.37000e+02  1.12008e-02 
 2.37500e+02  1.11360e-02 
 2.38000e+02  1.10641e-02 
 2.38500e+02  1.10026e-02 
 2.39000e+02  1.09223e-02 
 2.39500e+02  1.08509e-02 
 2.40000e+02  1.07929e-02 
 2.40500e+02  1.07097e-02 
 2.41000e+02  1.06268e-02 
 2.41500e+02  1.05383e-02 
 2.42000e+02  1.04549e-02 
 2.42500e+02  1.03642e-02 
 2.43000e+02  1.02793e-02 
 2.43500e+02  1.02113e-02 
 2.44000e+02  1.01179e-02 
 2.44500e+02  1.00367e-02 
 2.45000e+02  9.96573e-03 
 2.45500e+02  9.88100e-03 
 2.46000e+02  9.79101e-03 
 2.46500e+02  9.69133e-03 
 2.47000e+02  9.59604e-03 
 2.47500e+02  9.50468e-03 
 2.48000e+02  9.43349e-03 
 2.48500e+02  9.35287e-03 
 2.49000e+02  9.24229e-03 
 2.49500e+02  9.14446e-03 
 2.50000e+02  9.03930e-03 
 2.50500e+02  8.91891e-03 
 2.51000e+02  8.80462e-03 
 2.51500e+02  8.68783e-03 
 2.52000e+02  8.56322e-03 
 2.52500e+02  8.44010e-03 
 2.53000e+02  8.30803e-03 
 2.53500e+02  8.18205e-03 
 2.54000e+02  8.04808e-03 
 2.54500e+02  7.91258e-03 
 2.55000e+02  7.78255e-03 
 2.55500e+02  7.64269e-03 
 2.56000e+02  7.50255e-03 
 2.56500e+02  7.35591e-03 
 2.57000e+02  7.19679e-03 
 2.57500e+02  7.03088e-03 
 2.58000e+02  6.85918e-03 
 2.58500e+02  6.67689e-03 
 2.59000e+02  6.49820e-03 
 2.59500e+02  6.32361e-03 
 2.60000e+02  6.14264e-03 
 2.60500e+02  5.95515e-03 
 2.61000e+02  5.77681e-03 
 2.61500e+02  5.58229e-03 
 2.62000e+02  5.37419e-03 
 2.62500e+02  5.17783e-03 
 2.63000e+02  4.97926e-03 
 2.63500e+02  4.77717e-03 
 2.64000e+02  4.57423e-03 
 2.64500e+02  4.37778e-03 
 2.65000e+02  4.17358e-03 
 2.65500e+02  3.98201e-03 
 2.66000e+02  3.79318e-03 
 2.66500e+02  3.60554e-03 
 2.67000e+02  3.42840e-03 
 2.67500e+02  3.26198e-03 
 2.68000e+02  3.09425e-03 
 2.68500e+02  2.93802e-03 
 2.69000e+02  2.78812e-03 
 2.69500e+02  2.64302e-03 
 2.70000e+02  2.51078e-03 
 2.70500e+02  2.38548e-03 
 2.71000e+02  2.26141e-03 
 2.71500e+02  2.14714e-03 
 2.72000e+02  2.03859e-03 
 2.72500e+02  1.93448e-03 
 2.73000e+02  1.83812e-03 
 2.73500e+02  1.75122e-03 
 2.74000e+02  1.66893e-03 
 2.74500e+02  1.59682e-03 
 2.75000e+02  1.52645e-03 
 2.75500e+02  1.45640e-03 
 2.76000e+02  1.39454e-03 
 2.76500e+02  1.33648e-03 
 2.77000e+02  1.28365e-03 
 2.77500e+02  1.23738e-03 
 2.78000e+02  1.18893e-03 
 2.78500e+02  1.14564e-03 
 2.79000e+02  1.11009e-03 
 2.79500e+02  1.08114e-03 
 2.80000e+02  1.04601e-03 
 2.80500e+02  1.00951e-03 
 2.81000e+02  9.78512e-04 
 2.81500e+02  9.45270e-04 
 2.82000e+02  9.15698e-04 
 2.82500e+02  8.89207e-04 
 2.83000e+02  8.62008e-04 
 2.83500e+02  8.36878e-04 
 2.84000e+02  8.09548e-04 
 2.84500e+02  7.82682e-04 
 2.85000e+02  7.62092e-04 
 2.85500e+02  7.37439e-04 
 2.86000e+02  7.18162e-04 
 2.86500e+02  6.96137e-04 
 2.87000e+02  6.75329e-04 
 2.87500e+02  6.53067e-04 
 2.88000e+02  6.33094e-04 
 2.88500e+02  6.13121e-04 
 2.89000e+02  5.94994e-04 
 2.89500e+02  5.77704e-04 
 2.90000e+02  5.60669e-04 
 2.90500e+02  5.42554e-04 
 2.91000e+02  5.25164e-04 
 2.91500e+02  5.10274e-04 
 2.92000e+02  4.95878e-04 
 2.92500e+02  4.80318e-04 
 2.93000e+02  4.67522e-04 
 2.93500e+02  4.54945e-04 
 2.94000e+02  4.44845e-04 
 2.94500e+02  4.29919e-04 
 2.95000e+02  4.16886e-04 
 2.95500e+02  4.06203e-04 
 2.96000e+02  3.94601e-04 
 2.96500e+02  3.82634e-04 
 2.97000e+02  3.71401e-04 
 2.97500e+02  3.62994e-04 
 2.98000e+02  3.52368e-04 
 2.98500e+02  3.45118e-04 
 2.99000e+02  3.35473e-04 
 2.99500e+02  3.25213e-04 
 3.00000e+02  3.17038e-04 
 3.00500e+02  3.09602e-04 
 3.01000e+02  2.99562e-04 
 3.01500e+02  2.89178e-04 
 3.02000e+02  2.82362e-04 
 3.02500e+02  2.73844e-04 
 3.03000e+02  2.65566e-04 
 3.03500e+02  2.57511e-04 
 3.04000e+02  2.48844e-04 
 3.04500e+02  2.41438e-04 
 3.05000e+02  2.34763e-04 
 3.05500e+02  2.28650e-04 
 3.06000e+02  2.20500e-04 
 3.06500e+02  2.14071e-04 
 3.07000e+02  2.06874e-04 
 3.07500e+02  2.01004e-04 
 3.08000e+02  1.93376e-04 
 3.08500e+02  1.87074e-04 
 3.09000e+02  1.80717e-04 
 3.09500e+02  1.74322e-04 
 3.10000e+02  1.68480e-04 
 3.10500e+02  1.62569e-04 
 3.11000e+02  1.57103e-04 
 3.11500e+02  1.50197e-04 
 3.12000e+02  1.43659e-04 
 3.12500e+02  1.38402e-04 
 3.13000e+02  1.34311e-04 
 3.13500e+02  1.27540e-04 
 3.14000e+02  1.22262e-04 
 3.14500e+02  1.16341e-04 
 3.15000e+02  1.11103e-04 
 3.15500e+02  1.06060e-04 
 3.16000e+02  1.01802e-04 
 3.16500e+02  9.57936e-05 
 3.17000e+02  9.10768e-05 
 3.17500e+02  8.54944e-05 
 3.18000e+02  7.96904e-05 
 3.18500e+02  7.43544e-05 
 3.19000e+02  6.80016e-05 
 3.19500e+02  6.57672e-05 
