 0.00000e+00  2.27608e-05 
 5.00000e-01  2.30456e-05 
 1.00000e+00  2.51416e-05 
 1.50000e+00  2.76680e-05 
 2.00000e+00  2.98928e-05 
 2.50000e+00  3.25648e-05 
 3.00000e+00  3.57784e-05 
 3.50000e+00  3.92488e-05 
 4.00000e+00  4.32608e-05 
 4.50000e+00  4.57384e-05 
 5.00000e+00  5.09448e-05 
 5.50000e+00  5.49488e-05 
 6.00000e+00  5.95504e-05 
 6.50000e+00  6.49584e-05 
 7.00000e+00  7.13376e-05 
 7.50000e+00  7.84200e-05 
 8.00000e+00  8.47904e-05 
 8.50000e+00  9.16960e-05 
 9.00000e+00  9.93512e-05 
 9.50000e+00  1.07283e-04 
 1.00000e+01  1.16457e-04 
 1.05000e+01  1.25618e-04 
 1.10000e+01  1.37287e-04 
 1.15000e+01  1.50224e-04 
 1.20000e+01  1.61342e-04 
 1.25000e+01  1.73614e-04 
 1.30000e+01  1.85920e-04 
 1.35000e+01  1.99047e-04 
 1.40000e+01  2.12727e-04 
 1.45000e+01  2.25394e-04 
 1.50000e+01  2.39637e-04 
 1.55000e+01  2.52174e-04 
 1.60000e+01  2.68039e-04 
 1.65000e+01  2.82121e-04 
 1.70000e+01  2.95017e-04 
 1.75000e+01  3.11623e-04 
 1.80000e+01  3.25508e-04 
 1.85000e+01  3.38763e-04 
 1.90000e+01  3.51402e-04 
 1.95000e+01  3.64928e-04 
 2.00000e+01  3.81099e-04 
 2.05000e+01  3.96597e-04 
 2.10000e+01  4.09830e-04 
 2.15000e+01  4.22926e-04 
 2.20000e+01  4.38334e-04 
 2.25000e+01  4.53646e-04 
 2.30000e+01  4.68140e-04 
 2.35000e+01  4.84805e-04 
 2.40000e+01  5.01465e-04 
 2.45000e+01  5.20479e-04 
 2.50000e+01  5.32371e-04 
 2.55000e+01  5.49476e-04 
 2.60000e+01  5.66526e-04 
 2.65000e+01  5.85975e-04 
 2.70000e+01  6.05527e-04 
 2.75000e+01  6.24878e-04 
 2.80000e+01  6.45245e-04 
 2.85000e+01  6.67059e-04 
 2.90000e+01  6.90495e-04 
 2.95000e+01  7.09715e-04 
 3.00000e+01  7.31348e-04 
 3.05000e+01  7.57910e-04 
 3.10000e+01  7.82085e-04 
 3.15000e+01  8.11912e-04 
 3.20000e+01  8.37517e-04 
 3.25000e+01  8.67281e-04 
 3.30000e+01  8.97809e-04 
 3.35000e+01  9.32869e-04 
 3.40000e+01  9.69058e-04 
 3.45000e+01  1.00396e-03 
 3.50000e+01  1.04567e-03 
 3.55000e+01  1.09252e-03 
 3.60000e+01  1.13387e-03 
 3.65000e+01  1.18055e-03 
 3.70000e+01  1.23306e-03 
 3.75000e+01  1.28418e-03 
 3.80000e+01  1.34268e-03 
 3.85000e+01  1.39711e-03 
 3.90000e+01  1.45760e-03 
 3.95000e+01  1.52551e-03 
 4.00000e+01  1.59858e-03 
 4.05000e+01  1.67035e-03 
 4.10000e+01  1.74677e-03 
 4.15000e+01  1.82692e-03 
 4.20000e+01  1.91731e-03 
 4.25000e+01  2.00517e-03 
 4.30000e+01  2.10472e-03 
 4.35000e+01  2.20104e-03 
 4.40000e+01  2.31276e-03 
 4.45000e+01  2.42572e-03 
 4.50000e+01  2.54925e-03 
 4.55000e+01  2.68024e-03 
 4.60000e+01  2.81201e-03 
 4.65000e+01  2.95609e-03 
 4.70000e+01  3.11057e-03 
 4.75000e+01  3.26990e-03 
 4.80000e+01  3.44097e-03 
 4.85000e+01  3.61477e-03 
 4.90000e+01  3.79779e-03 
 4.95000e+01  3.98874e-03 
 5.00000e+01  4.18364e-03 
 5.05000e+01  4.38432e-03 
 5.10000e+01  4.57971e-03 
 5.15000e+01  4.77909e-03 
 5.20000e+01  4.97835e-03 
 5.25000e+01  5.19124e-03 
 5.30000e+01  5.40211e-03 
 5.35000e+01  5.60023e-03 
 5.40000e+01  5.80292e-03 
 5.45000e+01  5.98865e-03 
 5.50000e+01  6.17534e-03 
 5.55000e+01  6.38675e-03 
 5.60000e+01  6.56709e-03 
 5.65000e+01  6.73888e-03 
 5.70000e+01  6.90740e-03 
 5.75000e+01  7.07717e-03 
 5.80000e+01  7.23368e-03 
 5.85000e+01  7.39861e-03 
 5.90000e+01  7.56884e-03 
 5.95000e+01  7.71475e-03 
 6.00000e+01  7.87402e-03 
 6.05000e+01  8.03150e-03 
 6.10000e+01  8.17097e-03 
 6.15000e+01  8.30914e-03 
 6.20000e+01  8.43190e-03 
 6.25000e+01  8.57732e-03 
 6.30000e+01  8.69958e-03 
 6.35000e+01  8.82208e-03 
 6.40000e+01  8.95203e-03 
 6.45000e+01  9.06524e-03 
 6.50000e+01  9.17916e-03 
 6.55000e+01  9.28966e-03 
 6.60000e+01  9.40375e-03 
 6.65000e+01  9.52813e-03 
 6.70000e+01  9.62814e-03 
 6.75000e+01  9.73702e-03 
 6.80000e+01  9.83437e-03 
 6.85000e+01  9.94108e-03 
 6.90000e+01  1.00511e-02 
 6.95000e+01  1.01334e-02 
 7.00000e+01  1.02365e-02 
 7.05000e+01  1.03359e-02 
 7.10000e+01  1.04073e-02 
 7.15000e+01  1.04929e-02 
 7.20000e+01  1.05659e-02 
 7.25000e+01  1.06464e-02 
 7.30000e+01  1.07341e-02 
 7.35000e+01  1.07941e-02 
 7.40000e+01  1.08546e-02 
 7.45000e+01  1.09285e-02 
 7.50000e+01  1.09966e-02 
 7.55000e+01  1.10866e-02 
 7.60000e+01  1.11609e-02 
 7.65000e+01  1.12251e-02 
 7.70000e+01  1.12914e-02 
 7.75000e+01  1.13599e-02 
 7.80000e+01  1.14223e-02 
 7.85000e+01  1.14872e-02 
 7.90000e+01  1.15517e-02 
 7.95000e+01  1.16175e-02 
 8.00000e+01  1.16707e-02 
 8.05000e+01  1.17288e-02 
 8.10000e+01  1.17841e-02 
 8.15000e+01  1.18413e-02 
 8.20000e+01  1.18870e-02 
 8.25000e+01  1.19398e-02 
 8.30000e+01  1.19863e-02 
 8.35000e+01  1.20416e-02 
 8.40000e+01  1.20921e-02 
 8.45000e+01  1.21593e-02 
 8.50000e+01  1.22216e-02 
 8.55000e+01  1.22716e-02 
 8.60000e+01  1.23217e-02 
 8.65000e+01  1.23522e-02 
 8.70000e+01  1.23911e-02 
 8.75000e+01  1.24486e-02 
 8.80000e+01  1.24978e-02 
 8.85000e+01  1.25387e-02 
 8.90000e+01  1.25854e-02 
 8.95000e+01  1.26396e-02 
 9.00000e+01  1.26831e-02 
 9.05000e+01  1.27315e-02 
 9.10000e+01  1.27580e-02 
 9.15000e+01  1.27807e-02 
 9.20000e+01  1.28187e-02 
 9.25000e+01  1.28636e-02 
 9.30000e+01  1.29128e-02 
 9.35000e+01  1.29520e-02 
 9.40000e+01  1.29816e-02 
 9.45000e+01  1.30160e-02 
 9.50000e+01  1.30448e-02 
 9.55000e+01  1.30751e-02 
 9.60000e+01  1.31051e-02 
 9.65000e+01  1.31385e-02 
 9.70000e+01  1.31865e-02 
 9.75000e+01  1.32361e-02 
 9.80000e+01  1.32831e-02 
 9.85000e+01  1.33167e-02 
 9.90000e+01  1.33431e-02 
 9.95000e+01  1.33827e-02 
 1.00000e+02  1.34202e-02 
 1.00500e+02  1.34470e-02 
 1.01000e+02  1.34787e-02 
 1.01500e+02  1.35174e-02 
 1.02000e+02  1.35485e-02 
 1.02500e+02  1.35713e-02 
 1.03000e+02  1.35786e-02 
 1.03500e+02  1.35979e-02 
 1.04000e+02  1.36180e-02 
 1.04500e+02  1.36378e-02 
 1.05000e+02  1.36751e-02 
 1.05500e+02  1.37008e-02 
 1.06000e+02  1.37113e-02 
 1.06500e+02  1.37182e-02 
 1.07000e+02  1.37317e-02 
 1.07500e+02  1.37359e-02 
 1.08000e+02  1.37602e-02 
 1.08500e+02  1.37580e-02 
 1.09000e+02  1.37753e-02 
 1.09500e+02  1.37728e-02 
 1.10000e+02  1.38133e-02 
 1.10500e+02  1.38405e-02 
 1.11000e+02  1.38565e-02 
 1.11500e+02  1.38598e-02 
 1.12000e+02  1.38803e-02 
 1.12500e+02  1.38711e-02 
 1.13000e+02  1.38996e-02 
 1.13500e+02  1.39128e-02 
 1.14000e+02  1.39072e-02 
 1.14500e+02  1.39065e-02 
 1.15000e+02  1.39177e-02 
 1.15500e+02  1.39129e-02 
 1.16000e+02  1.39369e-02 
 1.16500e+02  1.39478e-02 
 1.17000e+02  1.39754e-02 
 1.17500e+02  1.39802e-02 
 1.18000e+02  1.39689e-02 
 1.18500e+02  1.39713e-02 
 1.19000e+02  1.39843e-02 
 1.19500e+02  1.39937e-02 
 1.20000e+02  1.40035e-02 
 1.20500e+02  1.40158e-02 
 1.21000e+02  1.40062e-02 
 1.21500e+02  1.40115e-02 
 1.22000e+02  1.40090e-02 
 1.22500e+02  1.40099e-02 
 1.23000e+02  1.40226e-02 
 1.23500e+02  1.40337e-02 
 1.24000e+02  1.40363e-02 
 1.24500e+02  1.40390e-02 
 1.25000e+02  1.40499e-02 
 1.25500e+02  1.40593e-02 
 1.26000e+02  1.40515e-02 
 1.26500e+02  1.40564e-02 
 1.27000e+02  1.40451e-02 
 1.27500e+02  1.40460e-02 
 1.28000e+02  1.40365e-02 
 1.28500e+02  1.40392e-02 
 1.29000e+02  1.40521e-02 
 1.29500e+02  1.40524e-02 
 1.30000e+02  1.40374e-02 
 1.30500e+02  1.40525e-02 
 1.31000e+02  1.40625e-02 
 1.31500e+02  1.40615e-02 
 1.32000e+02  1.40557e-02 
 1.32500e+02  1.40626e-02 
 1.33000e+02  1.40627e-02 
 1.33500e+02  1.40695e-02 
 1.34000e+02  1.40700e-02 
 1.34500e+02  1.40628e-02 
 1.35000e+02  1.40430e-02 
 1.35500e+02  1.40396e-02 
 1.36000e+02  1.40445e-02 
 1.36500e+02  1.40512e-02 
 1.37000e+02  1.40610e-02 
 1.37500e+02  1.40906e-02 
 1.38000e+02  1.40896e-02 
 1.38500e+02  1.40870e-02 
 1.39000e+02  1.40830e-02 
 1.39500e+02  1.40912e-02 
 1.40000e+02  1.41073e-02 
 1.40500e+02  1.41055e-02 
 1.41000e+02  1.41031e-02 
 1.41500e+02  1.40990e-02 
 1.42000e+02  1.40955e-02 
 1.42500e+02  1.40944e-02 
 1.43000e+02  1.40779e-02 
 1.43500e+02  1.40847e-02 
 1.44000e+02  1.40918e-02 
 1.44500e+02  1.40818e-02 
 1.45000e+02  1.41067e-02 
 1.45500e+02  1.41066e-02 
 1.46000e+02  1.41146e-02 
 1.46500e+02  1.41073e-02 
 1.47000e+02  1.41178e-02 
 1.47500e+02  1.41118e-02 
 1.48000e+02  1.40819e-02 
 1.48500e+02  1.40681e-02 
 1.49000e+02  1.40732e-02 
 1.49500e+02  1.40788e-02 
 1.50000e+02  1.40893e-02 
 1.50500e+02  1.40990e-02 
 1.51000e+02  1.40988e-02 
 1.51500e+02  1.40978e-02 
 1.52000e+02  1.40821e-02 
 1.52500e+02  1.40779e-02 
 1.53000e+02  1.40758e-02 
 1.53500e+02  1.40806e-02 
 1.54000e+02  1.40884e-02 
 1.54500e+02  1.41011e-02 
 1.55000e+02  1.41146e-02 
 1.55500e+02  1.41160e-02 
 1.56000e+02  1.40964e-02 
 1.56500e+02  1.40834e-02 
 1.57000e+02  1.41035e-02 
 1.57500e+02  1.41051e-02 
 1.58000e+02  1.41102e-02 
 1.58500e+02  1.40895e-02 
 1.59000e+02  1.41015e-02 
 1.59500e+02  1.40981e-02 
 1.60000e+02  1.40951e-02 
 1.60500e+02  1.40911e-02 
 1.61000e+02  1.41026e-02 
 1.61500e+02  1.41011e-02 
 1.62000e+02  1.40980e-02 
 1.62500e+02  1.40946e-02 
 1.63000e+02  1.40978e-02 
 1.63500e+02  1.41053e-02 
 1.64000e+02  1.41008e-02 
 1.64500e+02  1.40878e-02 
 1.65000e+02  1.40836e-02 
 1.65500e+02  1.40798e-02 
 1.66000e+02  1.40818e-02 
 1.66500e+02  1.40816e-02 
 1.67000e+02  1.40750e-02 
 1.67500e+02  1.40875e-02 
 1.68000e+02  1.40794e-02 
 1.68500e+02  1.40735e-02 
 1.69000e+02  1.40710e-02 
 1.69500e+02  1.40717e-02 
 1.70000e+02  1.40680e-02 
 1.70500e+02  1.40589e-02 
 1.71000e+02  1.40555e-02 
 1.71500e+02  1.40746e-02 
 1.72000e+02  1.40618e-02 
 1.72500e+02  1.40419e-02 
 1.73000e+02  1.40480e-02 
 1.73500e+02  1.40553e-02 
 1.74000e+02  1.40460e-02 
 1.74500e+02  1.40523e-02 
 1.75000e+02  1.40534e-02 
 1.75500e+02  1.40607e-02 
 1.76000e+02  1.40606e-02 
 1.76500e+02  1.40516e-02 
 1.77000e+02  1.40374e-02 
 1.77500e+02  1.40285e-02 
 1.78000e+02  1.40354e-02 
 1.78500e+02  1.40300e-02 
 1.79000e+02  1.40398e-02 
 1.79500e+02  1.40387e-02 
 1.80000e+02  1.40460e-02 
 1.80500e+02  1.40589e-02 
 1.81000e+02  1.40400e-02 
 1.81500e+02  1.40234e-02 
 1.82000e+02  1.40169e-02 
 1.82500e+02  1.40210e-02 
 1.83000e+02  1.40115e-02 
 1.83500e+02  1.40051e-02 
 1.84000e+02  1.39980e-02 
 1.84500e+02  1.40048e-02 
 1.85000e+02  1.40077e-02 
 1.85500e+02  1.39901e-02 
 1.86000e+02  1.39875e-02 
 1.86500e+02  1.39968e-02 
 1.87000e+02  1.40012e-02 
 1.87500e+02  1.39933e-02 
 1.88000e+02  1.40047e-02 
 1.88500e+02  1.39980e-02 
 1.89000e+02  1.39929e-02 
 1.89500e+02  1.40061e-02 
 1.90000e+02  1.40032e-02 
 1.90500e+02  1.39891e-02 
 1.91000e+02  1.39739e-02 
 1.91500e+02  1.39642e-02 
 1.92000e+02  1.39508e-02 
 1.92500e+02  1.39525e-02 
 1.93000e+02  1.39554e-02 
 1.93500e+02  1.39447e-02 
 1.94000e+02  1.39680e-02 
 1.94500e+02  1.39651e-02 
 1.95000e+02  1.39581e-02 
 1.95500e+02  1.39567e-02 
 1.96000e+02  1.39464e-02 
 1.96500e+02  1.39380e-02 
 1.97000e+02  1.39192e-02 
 1.97500e+02  1.39099e-02 
 1.98000e+02  1.39098e-02 
 1.98500e+02  1.38928e-02 
 1.99000e+02  1.38763e-02 
 1.99500e+02  1.38773e-02 
 2.00000e+02  1.38859e-02 
 2.00500e+02  1.38830e-02 
 2.01000e+02  1.38892e-02 
 2.01500e+02  1.38773e-02 
 2.02000e+02  1.38549e-02 
 2.02500e+02  1.38343e-02 
 2.03000e+02  1.38350e-02 
 2.03500e+02  1.38334e-02 
 2.04000e+02  1.38106e-02 
 2.04500e+02  1.38151e-02 
 2.05000e+02  1.38171e-02 
 2.05500e+02  1.38211e-02 
 2.06000e+02  1.37881e-02 
 2.06500e+02  1.37764e-02 
 2.07000e+02  1.37572e-02 
 2.07500e+02  1.37557e-02 
 2.08000e+02  1.37626e-02 
 2.08500e+02  1.37460e-02 
 2.09000e+02  1.37203e-02 
 2.09500e+02  1.37033e-02 
 2.10000e+02  1.36879e-02 
 2.10500e+02  1.36703e-02 
 2.11000e+02  1.36394e-02 
 2.11500e+02  1.36070e-02 
 2.12000e+02  1.35895e-02 
 2.12500e+02  1.35690e-02 
 2.13000e+02  1.35431e-02 
 2.13500e+02  1.35106e-02 
 2.14000e+02  1.35091e-02 
 2.14500e+02  1.34621e-02 
 2.15000e+02  1.34338e-02 
 2.15500e+02  1.33820e-02 
 2.16000e+02  1.33486e-02 
 2.16500e+02  1.33125e-02 
 2.17000e+02  1.32785e-02 
 2.17500e+02  1.32466e-02 
 2.18000e+02  1.32141e-02 
 2.18500e+02  1.31699e-02 
 2.19000e+02  1.31166e-02 
 2.19500e+02  1.30659e-02 
 2.20000e+02  1.30264e-02 
 2.20500e+02  1.30054e-02 
 2.21000e+02  1.29756e-02 
 2.21500e+02  1.29246e-02 
 2.22000e+02  1.28982e-02 
 2.22500e+02  1.28519e-02 
 2.23000e+02  1.27981e-02 
 2.23500e+02  1.27637e-02 
 2.24000e+02  1.27532e-02 
 2.24500e+02  1.27174e-02 
 2.25000e+02  1.26710e-02 
 2.25500e+02  1.26408e-02 
 2.26000e+02  1.25913e-02 
 2.26500e+02  1.25311e-02 
 2.27000e+02  1.24791e-02 
 2.27500e+02  1.24282e-02 
 2.28000e+02  1.23759e-02 
 2.28500e+02  1.23226e-02 
 2.29000e+02  1.22593e-02 
 2.29500e+02  1.22163e-02 
 2.30000e+02  1.21703e-02 
 2.30500e+02  1.21089e-02 
 2.31000e+02  1.20506e-02 
 2.31500e+02  1.19875e-02 
 2.32000e+02  1.19216e-02 
 2.32500e+02  1.18699e-02 
 2.33000e+02  1.18164e-02 
 2.33500e+02  1.17464e-02 
 2.34000e+02  1.16926e-02 
 2.34500e+02  1.16408e-02 
 2.35000e+02  1.15628e-02 
 2.35500e+02  1.15049e-02 
 2.36000e+02  1.14538e-02 
 2.36500e+02  1.14016e-02 
 2.37000e+02  1.13408e-02 
 2.37500e+02  1.12827e-02 
 2.38000e+02  1.12073e-02 
 2.38500e+02  1.11661e-02 
 2.39000e+02  1.11023e-02 
 2.39500e+02  1.10325e-02 
 2.40000e+02  1.09589e-02 
 2.40500e+02  1.08782e-02 
 2.41000e+02  1.08062e-02 
 2.41500e+02  1.07353e-02 
 2.42000e+02  1.06562e-02 
 2.42500e+02  1.05825e-02 
 2.43000e+02  1.04987e-02 
 2.43500e+02  1.04210e-02 
 2.44000e+02  1.03483e-02 
 2.44500e+02  1.02489e-02 
 2.45000e+02  1.01705e-02 
 2.45500e+02  1.00806e-02 
 2.46000e+02  9.98134e-03 
 2.46500e+02  9.88812e-03 
 2.47000e+02  9.77705e-03 
 2.47500e+02  9.69103e-03 
 2.48000e+02  9.60246e-03 
 2.48500e+02  9.52169e-03 
 2.49000e+02  9.42159e-03 
 2.49500e+02  9.30769e-03 
 2.50000e+02  9.19771e-03 
 2.50500e+02  9.08099e-03 
 2.51000e+02  8.94666e-03 
 2.51500e+02  8.83749e-03 
 2.52000e+02  8.70644e-03 
 2.52500e+02  8.57994e-03 
 2.53000e+02  8.44117e-03 
 2.53500e+02  8.31118e-03 
 2.54000e+02  8.17145e-03 
 2.54500e+02  8.03313e-03 
 2.55000e+02  7.87567e-03 
 2.55500e+02  7.71920e-03 
 2.56000e+02  7.56978e-03 
 2.56500e+02  7.40804e-03 
 2.57000e+02  7.22468e-03 
 2.57500e+02  7.04419e-03 
 2.58000e+02  6.86008e-03 
 2.58500e+02  6.67423e-03 
 2.59000e+02  6.47958e-03 
 2.59500e+02  6.28741e-03 
 2.60000e+02  6.09259e-03 
 2.60500e+02  5.89991e-03 
 2.61000e+02  5.70435e-03 
 2.61500e+02  5.51351e-03 
 2.62000e+02  5.32019e-03 
 2.62500e+02  5.12383e-03 
 2.63000e+02  4.92938e-03 
 2.63500e+02  4.72483e-03 
 2.64000e+02  4.52502e-03 
 2.64500e+02  4.33639e-03 
 2.65000e+02  4.13640e-03 
 2.65500e+02  3.94982e-03 
 2.66000e+02  3.76893e-03 
 2.66500e+02  3.57754e-03 
 2.67000e+02  3.39759e-03 
 2.67500e+02  3.23034e-03 
 2.68000e+02  3.06833e-03 
 2.68500e+02  2.91816e-03 
 2.69000e+02  2.77451e-03 
 2.69500e+02  2.62988e-03 
 2.70000e+02  2.49674e-03 
 2.70500e+02  2.37554e-03 
 2.71000e+02  2.25570e-03 
 2.71500e+02  2.14175e-03 
 2.72000e+02  2.03241e-03 
 2.72500e+02  1.93353e-03 
 2.73000e+02  1.83878e-03 
 2.73500e+02  1.75193e-03 
 2.74000e+02  1.66602e-03 
 2.74500e+02  1.59091e-03 
 2.75000e+02  1.52133e-03 
 2.75500e+02  1.45712e-03 
 2.76000e+02  1.39611e-03 
 2.76500e+02  1.34409e-03 
 2.77000e+02  1.28978e-03 
 2.77500e+02  1.24133e-03 
 2.78000e+02  1.19496e-03 
 2.78500e+02  1.15431e-03 
 2.79000e+02  1.11782e-03 
 2.79500e+02  1.08226e-03 
 2.80000e+02  1.04698e-03 
 2.80500e+02  1.01604e-03 
 2.81000e+02  9.82721e-04 
 2.81500e+02  9.51639e-04 
 2.82000e+02  9.22764e-04 
 2.82500e+02  8.93534e-04 
 2.83000e+02  8.65243e-04 
 2.83500e+02  8.37730e-04 
 2.84000e+02  8.10890e-04 
 2.84500e+02  7.87295e-04 
 2.85000e+02  7.65234e-04 
 2.85500e+02  7.39813e-04 
 2.86000e+02  7.17532e-04 
 2.86500e+02  6.96219e-04 
 2.87000e+02  6.75858e-04 
 2.87500e+02  6.54835e-04 
 2.88000e+02  6.35101e-04 
 2.88500e+02  6.13000e-04 
 2.89000e+02  5.97138e-04 
 2.89500e+02  5.78539e-04 
 2.90000e+02  5.60044e-04 
 2.90500e+02  5.45063e-04 
 2.91000e+02  5.29473e-04 
 2.91500e+02  5.13794e-04 
 2.92000e+02  5.00098e-04 
 2.92500e+02  4.87303e-04 
 2.93000e+02  4.69733e-04 
 2.93500e+02  4.58818e-04 
 2.94000e+02  4.45217e-04 
 2.94500e+02  4.32278e-04 
 2.95000e+02  4.19422e-04 
 2.95500e+02  4.06411e-04 
 2.96000e+02  3.93618e-04 
 2.96500e+02  3.82434e-04 
 2.97000e+02  3.71562e-04 
 2.97500e+02  3.61678e-04 
 2.98000e+02  3.49318e-04 
 2.98500e+02  3.41108e-04 
 2.99000e+02  3.30738e-04 
 2.99500e+02  3.23061e-04 
 3.00000e+02  3.14352e-04 
 3.00500e+02  3.05263e-04 
 3.01000e+02  2.98218e-04 
 3.01500e+02  2.90422e-04 
 3.02000e+02  2.81011e-04 
 3.02500e+02  2.71163e-04 
 3.03000e+02  2.64498e-04 
 3.03500e+02  2.58347e-04 
 3.04000e+02  2.50942e-04 
 3.04500e+02  2.42466e-04 
 3.05000e+02  2.35122e-04 
 3.05500e+02  2.27223e-04 
 3.06000e+02  2.18388e-04 
 3.06500e+02  2.10898e-04 
 3.07000e+02  2.05283e-04 
 3.07500e+02  2.00540e-04 
 3.08000e+02  1.93643e-04 
 3.08500e+02  1.86613e-04 
 3.09000e+02  1.79875e-04 
 3.09500e+02  1.74008e-04 
 3.10000e+02  1.68243e-04 
 3.10500e+02  1.63008e-04 
 3.11000e+02  1.56347e-04 
 3.11500e+02  1.49604e-04 
 3.12000e+02  1.43992e-04 
 3.12500e+02  1.38717e-04 
 3.13000e+02  1.34128e-04 
 3.13500e+02  1.28186e-04 
 3.14000e+02  1.22714e-04 
 3.14500e+02  1.19054e-04 
 3.15000e+02  1.14034e-04 
 3.15500e+02  1.07421e-04 
 3.16000e+02  1.01535e-04 
 3.16500e+02  9.62920e-05 
 3.17000e+02  9.11976e-05 
 3.17500e+02  8.65608e-05 
 3.18000e+02  8.04088e-05 
 3.18500e+02  7.52520e-05 
 3.19000e+02  6.95984e-05 
 3.19500e+02  6.75688e-05 
