 0.00000e+00  2.39056e-05 
 5.00000e-01  2.41952e-05 
 1.00000e+00  2.60208e-05 
 1.50000e+00  2.86600e-05 
 2.00000e+00  3.17416e-05 
 2.50000e+00  3.46624e-05 
 3.00000e+00  3.79992e-05 
 3.50000e+00  4.13296e-05 
 4.00000e+00  4.51448e-05 
 4.50000e+00  4.91192e-05 
 5.00000e+00  5.34704e-05 
 5.50000e+00  5.84480e-05 
 6.00000e+00  6.46072e-05 
 6.50000e+00  7.05360e-05 
 7.00000e+00  7.64912e-05 
 7.50000e+00  8.31608e-05 
 8.00000e+00  9.02856e-05 
 8.50000e+00  9.80608e-05 
 9.00000e+00  1.05698e-04 
 9.50000e+00  1.14835e-04 
 1.00000e+01  1.24702e-04 
 1.05000e+01  1.35974e-04 
 1.10000e+01  1.46670e-04 
 1.15000e+01  1.58674e-04 
 1.20000e+01  1.69081e-04 
 1.25000e+01  1.80966e-04 
 1.30000e+01  1.93856e-04 
 1.35000e+01  2.06298e-04 
 1.40000e+01  2.18775e-04 
 1.45000e+01  2.32550e-04 
 1.50000e+01  2.45214e-04 
 1.55000e+01  2.58196e-04 
 1.60000e+01  2.70271e-04 
 1.65000e+01  2.83532e-04 
 1.70000e+01  2.98022e-04 
 1.75000e+01  3.11726e-04 
 1.80000e+01  3.26028e-04 
 1.85000e+01  3.37515e-04 
 1.90000e+01  3.51574e-04 
 1.95000e+01  3.64889e-04 
 2.00000e+01  3.77426e-04 
 2.05000e+01  3.88386e-04 
 2.10000e+01  4.04058e-04 
 2.15000e+01  4.17010e-04 
 2.20000e+01  4.30855e-04 
 2.25000e+01  4.45376e-04 
 2.30000e+01  4.62028e-04 
 2.35000e+01  4.79154e-04 
 2.40000e+01  4.92064e-04 
 2.45000e+01  5.06602e-04 
 2.50000e+01  5.20572e-04 
 2.55000e+01  5.41889e-04 
 2.60000e+01  5.58476e-04 
 2.65000e+01  5.75185e-04 
 2.70000e+01  5.93596e-04 
 2.75000e+01  6.10837e-04 
 2.80000e+01  6.31028e-04 
 2.85000e+01  6.52726e-04 
 2.90000e+01  6.75860e-04 
 2.95000e+01  6.97886e-04 
 3.00000e+01  7.18867e-04 
 3.05000e+01  7.40993e-04 
 3.10000e+01  7.65772e-04 
 3.15000e+01  7.92585e-04 
 3.20000e+01  8.18719e-04 
 3.25000e+01  8.51846e-04 
 3.30000e+01  8.82029e-04 
 3.35000e+01  9.18953e-04 
 3.40000e+01  9.52826e-04 
 3.45000e+01  9.87174e-04 
 3.50000e+01  1.02299e-03 
 3.55000e+01  1.06980e-03 
 3.60000e+01  1.10995e-03 
 3.65000e+01  1.15775e-03 
 3.70000e+01  1.20665e-03 
 3.75000e+01  1.25648e-03 
 3.80000e+01  1.30412e-03 
 3.85000e+01  1.36016e-03 
 3.90000e+01  1.42104e-03 
 3.95000e+01  1.49069e-03 
 4.00000e+01  1.55226e-03 
 4.05000e+01  1.61705e-03 
 4.10000e+01  1.69070e-03 
 4.15000e+01  1.76768e-03 
 4.20000e+01  1.84983e-03 
 4.25000e+01  1.94333e-03 
 4.30000e+01  2.03210e-03 
 4.35000e+01  2.13369e-03 
 4.40000e+01  2.23073e-03 
 4.45000e+01  2.34087e-03 
 4.50000e+01  2.46330e-03 
 4.55000e+01  2.59709e-03 
 4.60000e+01  2.72432e-03 
 4.65000e+01  2.85756e-03 
 4.70000e+01  2.99292e-03 
 4.75000e+01  3.14269e-03 
 4.80000e+01  3.30008e-03 
 4.85000e+01  3.46572e-03 
 4.90000e+01  3.63814e-03 
 4.95000e+01  3.82490e-03 
 5.00000e+01  4.01060e-03 
 5.05000e+01  4.19496e-03 
 5.10000e+01  4.38928e-03 
 5.15000e+01  4.58921e-03 
 5.20000e+01  4.78459e-03 
 5.25000e+01  4.99253e-03 
 5.30000e+01  5.20211e-03 
 5.35000e+01  5.39376e-03 
 5.40000e+01  5.60295e-03 
 5.45000e+01  5.78847e-03 
 5.50000e+01  5.96909e-03 
 5.55000e+01  6.16066e-03 
 5.60000e+01  6.35009e-03 
 5.65000e+01  6.52865e-03 
 5.70000e+01  6.69837e-03 
 5.75000e+01  6.87472e-03 
 5.80000e+01  7.03590e-03 
 5.85000e+01  7.20307e-03 
 5.90000e+01  7.36757e-03 
 5.95000e+01  7.53077e-03 
 6.00000e+01  7.68142e-03 
 6.05000e+01  7.84472e-03 
 6.10000e+01  7.98329e-03 
 6.15000e+01  8.12715e-03 
 6.20000e+01  8.26577e-03 
 6.25000e+01  8.38510e-03 
 6.30000e+01  8.50569e-03 
 6.35000e+01  8.62447e-03 
 6.40000e+01  8.73156e-03 
 6.45000e+01  8.82619e-03 
 6.50000e+01  8.92557e-03 
 6.55000e+01  9.03076e-03 
 6.60000e+01  9.14728e-03 
 6.65000e+01  9.25681e-03 
 6.70000e+01  9.37367e-03 
 6.75000e+01  9.47579e-03 
 6.80000e+01  9.58727e-03 
 6.85000e+01  9.68666e-03 
 6.90000e+01  9.79566e-03 
 6.95000e+01  9.89493e-03 
 7.00000e+01  1.00003e-02 
 7.05000e+01  1.00789e-02 
 7.10000e+01  1.01747e-02 
 7.15000e+01  1.02640e-02 
 7.20000e+01  1.03498e-02 
 7.25000e+01  1.04309e-02 
 7.30000e+01  1.05033e-02 
 7.35000e+01  1.05696e-02 
 7.40000e+01  1.06506e-02 
 7.45000e+01  1.07368e-02 
 7.50000e+01  1.08124e-02 
 7.55000e+01  1.08663e-02 
 7.60000e+01  1.09100e-02 
 7.65000e+01  1.09719e-02 
 7.70000e+01  1.10381e-02 
 7.75000e+01  1.11098e-02 
 7.80000e+01  1.11767e-02 
 7.85000e+01  1.12447e-02 
 7.90000e+01  1.13160e-02 
 7.95000e+01  1.13817e-02 
 8.00000e+01  1.14384e-02 
 8.05000e+01  1.14845e-02 
 8.10000e+01  1.15451e-02 
 8.15000e+01  1.16260e-02 
 8.20000e+01  1.16648e-02 
 8.25000e+01  1.17148e-02 
 8.30000e+01  1.17555e-02 
 8.35000e+01  1.17991e-02 
 8.40000e+01  1.18504e-02 
 8.45000e+01  1.19107e-02 
 8.50000e+01  1.19493e-02 
 8.55000e+01  1.19945e-02 
 8.60000e+01  1.20613e-02 
 8.65000e+01  1.21035e-02 
 8.70000e+01  1.21492e-02 
 8.75000e+01  1.22079e-02 
 8.80000e+01  1.22696e-02 
 8.85000e+01  1.23089e-02 
 8.90000e+01  1.23647e-02 
 8.95000e+01  1.24141e-02 
 9.00000e+01  1.24686e-02 
 9.05000e+01  1.25076e-02 
 9.10000e+01  1.25511e-02 
 9.15000e+01  1.25903e-02 
 9.20000e+01  1.26254e-02 
 9.25000e+01  1.26603e-02 
 9.30000e+01  1.26912e-02 
 9.35000e+01  1.27368e-02 
 9.40000e+01  1.27626e-02 
 9.45000e+01  1.27949e-02 
 9.50000e+01  1.28233e-02 
 9.55000e+01  1.28641e-02 
 9.60000e+01  1.28884e-02 
 9.65000e+01  1.29334e-02 
 9.70000e+01  1.29428e-02 
 9.75000e+01  1.29732e-02 
 9.80000e+01  1.29999e-02 
 9.85000e+01  1.30192e-02 
 9.90000e+01  1.30507e-02 
 9.95000e+01  1.30961e-02 
 1.00000e+02  1.31189e-02 
 1.00500e+02  1.31548e-02 
 1.01000e+02  1.31746e-02 
 1.01500e+02  1.32085e-02 
 1.02000e+02  1.32315e-02 
 1.02500e+02  1.32699e-02 
 1.03000e+02  1.32863e-02 
 1.03500e+02  1.32954e-02 
 1.04000e+02  1.32972e-02 
 1.04500e+02  1.33074e-02 
 1.05000e+02  1.33473e-02 
 1.05500e+02  1.33738e-02 
 1.06000e+02  1.33829e-02 
 1.06500e+02  1.33862e-02 
 1.07000e+02  1.33930e-02 
 1.07500e+02  1.34026e-02 
 1.08000e+02  1.34297e-02 
 1.08500e+02  1.34466e-02 
 1.09000e+02  1.34602e-02 
 1.09500e+02  1.34774e-02 
 1.10000e+02  1.34909e-02 
 1.10500e+02  1.34985e-02 
 1.11000e+02  1.35083e-02 
 1.11500e+02  1.35134e-02 
 1.12000e+02  1.35180e-02 
 1.12500e+02  1.35319e-02 
 1.13000e+02  1.35194e-02 
 1.13500e+02  1.35279e-02 
 1.14000e+02  1.35566e-02 
 1.14500e+02  1.35800e-02 
 1.15000e+02  1.35684e-02 
 1.15500e+02  1.35708e-02 
 1.16000e+02  1.35795e-02 
 1.16500e+02  1.35965e-02 
 1.17000e+02  1.35922e-02 
 1.17500e+02  1.35938e-02 
 1.18000e+02  1.36066e-02 
 1.18500e+02  1.36064e-02 
 1.19000e+02  1.36234e-02 
 1.19500e+02  1.36362e-02 
 1.20000e+02  1.36334e-02 
 1.20500e+02  1.36332e-02 
 1.21000e+02  1.36233e-02 
 1.21500e+02  1.36425e-02 
 1.22000e+02  1.36487e-02 
 1.22500e+02  1.36465e-02 
 1.23000e+02  1.36422e-02 
 1.23500e+02  1.36516e-02 
 1.24000e+02  1.36454e-02 
 1.24500e+02  1.36412e-02 
 1.25000e+02  1.36343e-02 
 1.25500e+02  1.36412e-02 
 1.26000e+02  1.36448e-02 
 1.26500e+02  1.36319e-02 
 1.27000e+02  1.36336e-02 
 1.27500e+02  1.36537e-02 
 1.28000e+02  1.36501e-02 
 1.28500e+02  1.36540e-02 
 1.29000e+02  1.36453e-02 
 1.29500e+02  1.36567e-02 
 1.30000e+02  1.36627e-02 
 1.30500e+02  1.36616e-02 
 1.31000e+02  1.36645e-02 
 1.31500e+02  1.36724e-02 
 1.32000e+02  1.36713e-02 
 1.32500e+02  1.36686e-02 
 1.33000e+02  1.36732e-02 
 1.33500e+02  1.36740e-02 
 1.34000e+02  1.36777e-02 
 1.34500e+02  1.36807e-02 
 1.35000e+02  1.36753e-02 
 1.35500e+02  1.36844e-02 
 1.36000e+02  1.36779e-02 
 1.36500e+02  1.36668e-02 
 1.37000e+02  1.36783e-02 
 1.37500e+02  1.36848e-02 
 1.38000e+02  1.36837e-02 
 1.38500e+02  1.36841e-02 
 1.39000e+02  1.36720e-02 
 1.39500e+02  1.36766e-02 
 1.40000e+02  1.36936e-02 
 1.40500e+02  1.37036e-02 
 1.41000e+02  1.37035e-02 
 1.41500e+02  1.37128e-02 
 1.42000e+02  1.37089e-02 
 1.42500e+02  1.37165e-02 
 1.43000e+02  1.37288e-02 
 1.43500e+02  1.37312e-02 
 1.44000e+02  1.37205e-02 
 1.44500e+02  1.37119e-02 
 1.45000e+02  1.37257e-02 
 1.45500e+02  1.37112e-02 
 1.46000e+02  1.37083e-02 
 1.46500e+02  1.37212e-02 
 1.47000e+02  1.37149e-02 
 1.47500e+02  1.36957e-02 
 1.48000e+02  1.37151e-02 
 1.48500e+02  1.37123e-02 
 1.49000e+02  1.37176e-02 
 1.49500e+02  1.37239e-02 
 1.50000e+02  1.37011e-02 
 1.50500e+02  1.37023e-02 
 1.51000e+02  1.36990e-02 
 1.51500e+02  1.36967e-02 
 1.52000e+02  1.37011e-02 
 1.52500e+02  1.36945e-02 
 1.53000e+02  1.36999e-02 
 1.53500e+02  1.37015e-02 
 1.54000e+02  1.36966e-02 
 1.54500e+02  1.36979e-02 
 1.55000e+02  1.37019e-02 
 1.55500e+02  1.36994e-02 
 1.56000e+02  1.37003e-02 
 1.56500e+02  1.36968e-02 
 1.57000e+02  1.36810e-02 
 1.57500e+02  1.36912e-02 
 1.58000e+02  1.36802e-02 
 1.58500e+02  1.36836e-02 
 1.59000e+02  1.36883e-02 
 1.59500e+02  1.36988e-02 
 1.60000e+02  1.37080e-02 
 1.60500e+02  1.37006e-02 
 1.61000e+02  1.37001e-02 
 1.61500e+02  1.36976e-02 
 1.62000e+02  1.36903e-02 
 1.62500e+02  1.37007e-02 
 1.63000e+02  1.37030e-02 
 1.63500e+02  1.36969e-02 
 1.64000e+02  1.36950e-02 
 1.64500e+02  1.36971e-02 
 1.65000e+02  1.37013e-02 
 1.65500e+02  1.36996e-02 
 1.66000e+02  1.37081e-02 
 1.66500e+02  1.36994e-02 
 1.67000e+02  1.36968e-02 
 1.67500e+02  1.37033e-02 
 1.68000e+02  1.36935e-02 
 1.68500e+02  1.36957e-02 
 1.69000e+02  1.37079e-02 
 1.69500e+02  1.36949e-02 
 1.70000e+02  1.36815e-02 
 1.70500e+02  1.36907e-02 
 1.71000e+02  1.36860e-02 
 1.71500e+02  1.37057e-02 
 1.72000e+02  1.37085e-02 
 1.72500e+02  1.37089e-02 
 1.73000e+02  1.36845e-02 
 1.73500e+02  1.36683e-02 
 1.74000e+02  1.36662e-02 
 1.74500e+02  1.36762e-02 
 1.75000e+02  1.36651e-02 
 1.75500e+02  1.36712e-02 
 1.76000e+02  1.36752e-02 
 1.76500e+02  1.36783e-02 
 1.77000e+02  1.36764e-02 
 1.77500e+02  1.36750e-02 
 1.78000e+02  1.36745e-02 
 1.78500e+02  1.36831e-02 
 1.79000e+02  1.36926e-02 
 1.79500e+02  1.36745e-02 
 1.80000e+02  1.36695e-02 
 1.80500e+02  1.36585e-02 
 1.81000e+02  1.36621e-02 
 1.81500e+02  1.36555e-02 
 1.82000e+02  1.36508e-02 
 1.82500e+02  1.36618e-02 
 1.83000e+02  1.36497e-02 
 1.83500e+02  1.36439e-02 
 1.84000e+02  1.36466e-02 
 1.84500e+02  1.36485e-02 
 1.85000e+02  1.36374e-02 
 1.85500e+02  1.36293e-02 
 1.86000e+02  1.36360e-02 
 1.86500e+02  1.36311e-02 
 1.87000e+02  1.36036e-02 
 1.87500e+02  1.35861e-02 
 1.88000e+02  1.35938e-02 
 1.88500e+02  1.35877e-02 
 1.89000e+02  1.35942e-02 
 1.89500e+02  1.36119e-02 
 1.90000e+02  1.36022e-02 
 1.90500e+02  1.35876e-02 
 1.91000e+02  1.35966e-02 
 1.91500e+02  1.35824e-02 
 1.92000e+02  1.35864e-02 
 1.92500e+02  1.35566e-02 
 1.93000e+02  1.35460e-02 
 1.93500e+02  1.35367e-02 
 1.94000e+02  1.35288e-02 
 1.94500e+02  1.35304e-02 
 1.95000e+02  1.35248e-02 
 1.95500e+02  1.35196e-02 
 1.96000e+02  1.35062e-02 
 1.96500e+02  1.35218e-02 
 1.97000e+02  1.35144e-02 
 1.97500e+02  1.35070e-02 
 1.98000e+02  1.34955e-02 
 1.98500e+02  1.34944e-02 
 1.99000e+02  1.34978e-02 
 1.99500e+02  1.34783e-02 
 2.00000e+02  1.34688e-02 
 2.00500e+02  1.34824e-02 
 2.01000e+02  1.34834e-02 
 2.01500e+02  1.34821e-02 
 2.02000e+02  1.34643e-02 
 2.02500e+02  1.34510e-02 
 2.03000e+02  1.34399e-02 
 2.03500e+02  1.34299e-02 
 2.04000e+02  1.34100e-02 
 2.04500e+02  1.34078e-02 
 2.05000e+02  1.34024e-02 
 2.05500e+02  1.34051e-02 
 2.06000e+02  1.33900e-02 
 2.06500e+02  1.33978e-02 
 2.07000e+02  1.33908e-02 
 2.07500e+02  1.33698e-02 
 2.08000e+02  1.33628e-02 
 2.08500e+02  1.33516e-02 
 2.09000e+02  1.33398e-02 
 2.09500e+02  1.33154e-02 
 2.10000e+02  1.32979e-02 
 2.10500e+02  1.32797e-02 
 2.11000e+02  1.32548e-02 
 2.11500e+02  1.32402e-02 
 2.12000e+02  1.32134e-02 
 2.12500e+02  1.31994e-02 
 2.13000e+02  1.31771e-02 
 2.13500e+02  1.31463e-02 
 2.14000e+02  1.31163e-02 
 2.14500e+02  1.30923e-02 
 2.15000e+02  1.30513e-02 
 2.15500e+02  1.30305e-02 
 2.16000e+02  1.29909e-02 
 2.16500e+02  1.29607e-02 
 2.17000e+02  1.29297e-02 
 2.17500e+02  1.29026e-02 
 2.18000e+02  1.28727e-02 
 2.18500e+02  1.28385e-02 
 2.19000e+02  1.28140e-02 
 2.19500e+02  1.27905e-02 
 2.20000e+02  1.27679e-02 
 2.20500e+02  1.27176e-02 
 2.21000e+02  1.26619e-02 
 2.21500e+02  1.26250e-02 
 2.22000e+02  1.25647e-02 
 2.22500e+02  1.25199e-02 
 2.23000e+02  1.24876e-02 
 2.23500e+02  1.24356e-02 
 2.24000e+02  1.24011e-02 
 2.24500e+02  1.23453e-02 
 2.25000e+02  1.23099e-02 
 2.25500e+02  1.22716e-02 
 2.26000e+02  1.22375e-02 
 2.26500e+02  1.21867e-02 
 2.27000e+02  1.21326e-02 
 2.27500e+02  1.20695e-02 
 2.28000e+02  1.20040e-02 
 2.28500e+02  1.19564e-02 
 2.29000e+02  1.18937e-02 
 2.29500e+02  1.18310e-02 
 2.30000e+02  1.17957e-02 
 2.30500e+02  1.17593e-02 
 2.31000e+02  1.17124e-02 
 2.31500e+02  1.16445e-02 
 2.32000e+02  1.15819e-02 
 2.32500e+02  1.14988e-02 
 2.33000e+02  1.14386e-02 
 2.33500e+02  1.13864e-02 
 2.34000e+02  1.13393e-02 
 2.34500e+02  1.12777e-02 
 2.35000e+02  1.12223e-02 
 2.35500e+02  1.11601e-02 
 2.36000e+02  1.10937e-02 
 2.36500e+02  1.10237e-02 
 2.37000e+02  1.09789e-02 
 2.37500e+02  1.09216e-02 
 2.38000e+02  1.08534e-02 
 2.38500e+02  1.07963e-02 
 2.39000e+02  1.07526e-02 
 2.39500e+02  1.06857e-02 
 2.40000e+02  1.06251e-02 
 2.40500e+02  1.05579e-02 
 2.41000e+02  1.04980e-02 
 2.41500e+02  1.04321e-02 
 2.42000e+02  1.03500e-02 
 2.42500e+02  1.02859e-02 
 2.43000e+02  1.02117e-02 
 2.43500e+02  1.01271e-02 
 2.44000e+02  1.00496e-02 
 2.44500e+02  9.98460e-03 
 2.45000e+02  9.90028e-03 
 2.45500e+02  9.82206e-03 
 2.46000e+02  9.72468e-03 
 2.46500e+02  9.63011e-03 
 2.47000e+02  9.53815e-03 
 2.47500e+02  9.44834e-03 
 2.48000e+02  9.33963e-03 
 2.48500e+02  9.24041e-03 
 2.49000e+02  9.14121e-03 
 2.49500e+02  9.02313e-03 
 2.50000e+02  8.89004e-03 
 2.50500e+02  8.77181e-03 
 2.51000e+02  8.62544e-03 
 2.51500e+02  8.50184e-03 
 2.52000e+02  8.38408e-03 
 2.52500e+02  8.26978e-03 
 2.53000e+02  8.13492e-03 
 2.53500e+02  8.00290e-03 
 2.54000e+02  7.88430e-03 
 2.54500e+02  7.75342e-03 
 2.55000e+02  7.62511e-03 
 2.55500e+02  7.49110e-03 
 2.56000e+02  7.35272e-03 
 2.56500e+02  7.20838e-03 
 2.57000e+02  7.06540e-03 
 2.57500e+02  6.90847e-03 
 2.58000e+02  6.74123e-03 
 2.58500e+02  6.57131e-03 
 2.59000e+02  6.40100e-03 
 2.59500e+02  6.22826e-03 
 2.60000e+02  6.05477e-03 
 2.60500e+02  5.86715e-03 
 2.61000e+02  5.67601e-03 
 2.61500e+02  5.47509e-03 
 2.62000e+02  5.28752e-03 
 2.62500e+02  5.08711e-03 
 2.63000e+02  4.89803e-03 
 2.63500e+02  4.69298e-03 
 2.64000e+02  4.50398e-03 
 2.64500e+02  4.31565e-03 
 2.65000e+02  4.12835e-03 
 2.65500e+02  3.93199e-03 
 2.66000e+02  3.75522e-03 
 2.66500e+02  3.57624e-03 
 2.67000e+02  3.40481e-03 
 2.67500e+02  3.22769e-03 
 2.68000e+02  3.06868e-03 
 2.68500e+02  2.91900e-03 
 2.69000e+02  2.77249e-03 
 2.69500e+02  2.63133e-03 
 2.70000e+02  2.50092e-03 
 2.70500e+02  2.37094e-03 
 2.71000e+02  2.25336e-03 
 2.71500e+02  2.13700e-03 
 2.72000e+02  2.03013e-03 
 2.72500e+02  1.93679e-03 
 2.73000e+02  1.84114e-03 
 2.73500e+02  1.74890e-03 
 2.74000e+02  1.66784e-03 
 2.74500e+02  1.59563e-03 
 2.75000e+02  1.52021e-03 
 2.75500e+02  1.45592e-03 
 2.76000e+02  1.39374e-03 
 2.76500e+02  1.33516e-03 
 2.77000e+02  1.27973e-03 
 2.77500e+02  1.23605e-03 
 2.78000e+02  1.18970e-03 
 2.78500e+02  1.15340e-03 
 2.79000e+02  1.11848e-03 
 2.79500e+02  1.08073e-03 
 2.80000e+02  1.04895e-03 
 2.80500e+02  1.01665e-03 
 2.81000e+02  9.86513e-04 
 2.81500e+02  9.57244e-04 
 2.82000e+02  9.27262e-04 
 2.82500e+02  8.95987e-04 
 2.83000e+02  8.69278e-04 
 2.83500e+02  8.39608e-04 
 2.84000e+02  8.14562e-04 
 2.84500e+02  7.93114e-04 
 2.85000e+02  7.68430e-04 
 2.85500e+02  7.41566e-04 
 2.86000e+02  7.19722e-04 
 2.86500e+02  7.02052e-04 
 2.87000e+02  6.81738e-04 
 2.87500e+02  6.62981e-04 
 2.88000e+02  6.41607e-04 
 2.88500e+02  6.23181e-04 
 2.89000e+02  6.02482e-04 
 2.89500e+02  5.85049e-04 
 2.90000e+02  5.67360e-04 
 2.90500e+02  5.50437e-04 
 2.91000e+02  5.34827e-04 
 2.91500e+02  5.18305e-04 
 2.92000e+02  5.02589e-04 
 2.92500e+02  4.90433e-04 
 2.93000e+02  4.74947e-04 
 2.93500e+02  4.61572e-04 
 2.94000e+02  4.50518e-04 
 2.94500e+02  4.36722e-04 
 2.95000e+02  4.23399e-04 
 2.95500e+02  4.15311e-04 
 2.96000e+02  4.02779e-04 
 2.96500e+02  3.90190e-04 
 2.97000e+02  3.77310e-04 
 2.97500e+02  3.65026e-04 
 2.98000e+02  3.55887e-04 
 2.98500e+02  3.45611e-04 
 2.99000e+02  3.35319e-04 
 2.99500e+02  3.25509e-04 
 3.00000e+02  3.17850e-04 
 3.00500e+02  3.08562e-04 
 3.01000e+02  2.98117e-04 
 3.01500e+02  2.89994e-04 
 3.02000e+02  2.80403e-04 
 3.02500e+02  2.73014e-04 
 3.03000e+02  2.64586e-04 
 3.03500e+02  2.58128e-04 
 3.04000e+02  2.50333e-04 
 3.04500e+02  2.42970e-04 
 3.05000e+02  2.34290e-04 
 3.05500e+02  2.27294e-04 
 3.06000e+02  2.20086e-04 
 3.06500e+02  2.12494e-04 
 3.07000e+02  2.06715e-04 
 3.07500e+02  2.00296e-04 
 3.08000e+02  1.92070e-04 
 3.08500e+02  1.85565e-04 
 3.09000e+02  1.81541e-04 
 3.09500e+02  1.74092e-04 
 3.10000e+02  1.68191e-04 
 3.10500e+02  1.60790e-04 
 3.11000e+02  1.54834e-04 
 3.11500e+02  1.49278e-04 
 3.12000e+02  1.44018e-04 
 3.12500e+02  1.37199e-04 
 3.13000e+02  1.31574e-04 
 3.13500e+02  1.27407e-04 
 3.14000e+02  1.21158e-04 
 3.14500e+02  1.16548e-04 
 3.15000e+02  1.10527e-04 
 3.15500e+02  1.04885e-04 
 3.16000e+02  9.95520e-05 
 3.16500e+02  9.49416e-05 
 3.17000e+02  8.98224e-05 
 3.17500e+02  8.46664e-05 
 3.18000e+02  7.91400e-05 
 3.18500e+02  7.43328e-05 
 3.19000e+02  6.90520e-05 
 3.19500e+02  6.57864e-05 
