 0.00000e+00  1.03291e-03 
 5.00000e-01  1.04487e-03 
 1.00000e+00  1.04871e-03 
 1.50000e+00  1.04682e-03 
 2.00000e+00  1.05874e-03 
 2.50000e+00  1.07434e-03 
 3.00000e+00  1.07939e-03 
 3.50000e+00  1.08999e-03 
 4.00000e+00  1.10143e-03 
 4.50000e+00  1.10934e-03 
 5.00000e+00  1.12311e-03 
 5.50000e+00  1.13279e-03 
 6.00000e+00  1.14672e-03 
 6.50000e+00  1.15889e-03 
 7.00000e+00  1.17078e-03 
 7.50000e+00  1.18098e-03 
 8.00000e+00  1.19490e-03 
 8.50000e+00  1.20661e-03 
 9.00000e+00  1.20074e-03 
 9.50000e+00  1.22046e-03 
 1.00000e+01  1.22762e-03 
 1.05000e+01  1.24707e-03 
 1.10000e+01  1.26273e-03 
 1.15000e+01  1.27838e-03 
 1.20000e+01  1.29654e-03 
 1.25000e+01  1.31614e-03 
 1.30000e+01  1.32203e-03 
 1.35000e+01  1.32909e-03 
 1.40000e+01  1.33958e-03 
 1.45000e+01  1.34851e-03 
 1.50000e+01  1.37042e-03 
 1.55000e+01  1.37951e-03 
 1.60000e+01  1.40177e-03 
 1.65000e+01  1.41932e-03 
 1.70000e+01  1.43189e-03 
 1.75000e+01  1.44862e-03 
 1.80000e+01  1.47258e-03 
 1.85000e+01  1.48086e-03 
 1.90000e+01  1.51069e-03 
 1.95000e+01  1.53501e-03 
 2.00000e+01  1.53550e-03 
 2.05000e+01  1.54470e-03 
 2.10000e+01  1.56552e-03 
 2.15000e+01  1.58238e-03 
 2.20000e+01  1.60378e-03 
 2.25000e+01  1.63076e-03 
 2.30000e+01  1.66327e-03 
 2.35000e+01  1.66539e-03 
 2.40000e+01  1.69392e-03 
 2.45000e+01  1.71697e-03 
 2.50000e+01  1.74375e-03 
 2.55000e+01  1.78075e-03 
 2.60000e+01  1.79038e-03 
 2.65000e+01  1.80329e-03 
 2.70000e+01  1.83471e-03 
 2.75000e+01  1.87110e-03 
 2.80000e+01  1.89779e-03 
 2.85000e+01  1.92680e-03 
 2.90000e+01  1.95829e-03 
 2.95000e+01  2.00302e-03 
 3.00000e+01  2.02531e-03 
 3.05000e+01  2.07506e-03 
 3.10000e+01  2.10668e-03 
 3.15000e+01  2.12364e-03 
 3.20000e+01  2.15862e-03 
 3.25000e+01  2.20887e-03 
 3.30000e+01  2.26391e-03 
 3.35000e+01  2.30650e-03 
 3.40000e+01  2.34405e-03 
 3.45000e+01  2.39278e-03 
 3.50000e+01  2.44693e-03 
 3.55000e+01  2.50013e-03 
 3.60000e+01  2.55462e-03 
 3.65000e+01  2.61221e-03 
 3.70000e+01  2.66615e-03 
 3.75000e+01  2.73239e-03 
 3.80000e+01  2.77131e-03 
 3.85000e+01  2.84833e-03 
 3.90000e+01  2.92365e-03 
 3.95000e+01  2.95331e-03 
 4.00000e+01  3.00908e-03 
 4.05000e+01  3.09174e-03 
 4.10000e+01  3.18074e-03 
 4.15000e+01  3.25329e-03 
 4.20000e+01  3.33049e-03 
 4.25000e+01  3.41514e-03 
 4.30000e+01  3.51877e-03 
 4.35000e+01  3.61892e-03 
 4.40000e+01  3.71292e-03 
 4.45000e+01  3.82732e-03 
 4.50000e+01  3.92095e-03 
 4.55000e+01  4.00862e-03 
 4.60000e+01  4.16838e-03 
 4.65000e+01  4.30602e-03 
 4.70000e+01  4.45922e-03 
 4.75000e+01  4.56150e-03 
 4.80000e+01  4.68183e-03 
 4.85000e+01  4.83061e-03 
 4.90000e+01  5.00534e-03 
 4.95000e+01  5.16273e-03 
 5.00000e+01  5.26273e-03 
 5.05000e+01  5.39489e-03 
 5.10000e+01  5.57300e-03 
 5.15000e+01  5.80204e-03 
 5.20000e+01  5.93931e-03 
 5.25000e+01  6.11718e-03 
 5.30000e+01  6.29926e-03 
 5.35000e+01  6.45786e-03 
 5.40000e+01  6.67186e-03 
 5.45000e+01  6.93260e-03 
 5.50000e+01  7.05586e-03 
 5.55000e+01  7.25497e-03 
 5.60000e+01  7.37654e-03 
 5.65000e+01  7.66734e-03 
 5.70000e+01  7.66515e-03 
 5.75000e+01  7.72672e-03 
 5.80000e+01  7.99469e-03 
 5.85000e+01  8.22372e-03 
 5.90000e+01  8.28013e-03 
 5.95000e+01  8.40051e-03 
 6.00000e+01  8.66061e-03 
 6.05000e+01  8.82841e-03 
 6.10000e+01  9.06922e-03 
 6.15000e+01  9.15799e-03 
 6.20000e+01  9.24039e-03 
 6.25000e+01  9.32374e-03 
 6.30000e+01  9.64368e-03 
 6.35000e+01  9.58314e-03 
 6.40000e+01  9.61604e-03 
 6.45000e+01  9.83034e-03 
 6.50000e+01  9.71670e-03 
 6.55000e+01  9.81330e-03 
 6.60000e+01  1.00198e-02 
 6.65000e+01  1.01521e-02 
 6.70000e+01  1.02438e-02 
 6.75000e+01  1.02697e-02 
 6.80000e+01  1.04250e-02 
 6.85000e+01  1.05958e-02 
 6.90000e+01  1.08074e-02 
 6.95000e+01  1.08313e-02 
 7.00000e+01  1.10282e-02 
 7.05000e+01  1.10181e-02 
 7.10000e+01  1.12290e-02 
 7.15000e+01  1.14164e-02 
 7.20000e+01  1.14987e-02 
 7.25000e+01  1.14103e-02 
 7.30000e+01  1.14401e-02 
 7.35000e+01  1.17711e-02 
 7.40000e+01  1.19294e-02 
 7.45000e+01  1.18137e-02 
 7.50000e+01  1.20264e-02 
 7.55000e+01  1.21280e-02 
 7.60000e+01  1.23464e-02 
 7.65000e+01  1.25329e-02 
 7.70000e+01  1.24239e-02 
 7.75000e+01  1.27589e-02 
 7.80000e+01  1.26608e-02 
 7.85000e+01  1.28731e-02 
 7.90000e+01  1.28923e-02 
 7.95000e+01  1.31679e-02 
 8.00000e+01  1.34058e-02 
 8.05000e+01  1.33934e-02 
 8.10000e+01  1.35254e-02 
 8.15000e+01  1.32846e-02 
 8.20000e+01  1.32932e-02 
 8.25000e+01  1.37077e-02 
 8.30000e+01  1.37904e-02 
 8.35000e+01  1.37157e-02 
 8.40000e+01  1.37947e-02 
 8.45000e+01  1.37664e-02 
 8.50000e+01  1.41033e-02 
 8.55000e+01  1.42917e-02 
 8.60000e+01  1.39803e-02 
 8.65000e+01  1.39786e-02 
 8.70000e+01  1.37899e-02 
 8.75000e+01  1.43057e-02 
 8.80000e+01  1.42055e-02 
 8.85000e+01  1.42845e-02 
 8.90000e+01  1.41418e-02 
 8.95000e+01  1.43056e-02 
 9.00000e+01  1.45748e-02 
 9.05000e+01  1.44660e-02 
 9.10000e+01  1.45610e-02 
 9.15000e+01  1.48423e-02 
 9.20000e+01  1.48153e-02 
 9.25000e+01  1.51397e-02 
 9.30000e+01  1.52912e-02 
 9.35000e+01  1.54176e-02 
 9.40000e+01  1.55287e-02 
 9.45000e+01  1.56902e-02 
 9.50000e+01  1.55664e-02 
 9.55000e+01  1.58669e-02 
 9.60000e+01  1.58277e-02 
 9.65000e+01  1.58894e-02 
 9.70000e+01  1.61760e-02 
 9.75000e+01  1.64035e-02 
 9.80000e+01  1.69802e-02 
 9.85000e+01  1.70376e-02 
 9.90000e+01  1.73089e-02 
 9.95000e+01  1.82259e-02 
 1.00000e+02  1.78461e-02 
 1.00500e+02  1.79795e-02 
 1.01000e+02  1.83556e-02 
 1.01500e+02  1.86293e-02 
 1.02000e+02  1.87398e-02 
 1.02500e+02  1.97087e-02 
 1.03000e+02  1.95980e-02 
 1.03500e+02  2.03916e-02 
 1.04000e+02  2.04783e-02 
 1.04500e+02  2.08480e-02 
 1.05000e+02  2.15888e-02 
 1.05500e+02  2.18903e-02 
 1.06000e+02  2.20551e-02 
 1.06500e+02  2.23819e-02 
 1.07000e+02  2.30230e-02 
 1.07500e+02  2.34034e-02 
 1.08000e+02  2.32280e-02 
 1.08500e+02  2.35133e-02 
 1.09000e+02  2.44306e-02 
 1.09500e+02  2.47906e-02 
 1.10000e+02  2.49105e-02 
 1.10500e+02  2.52117e-02 
 1.11000e+02  2.61892e-02 
 1.11500e+02  2.60055e-02 
 1.12000e+02  2.61970e-02 
 1.12500e+02  2.60663e-02 
 1.13000e+02  2.67067e-02 
 1.13500e+02  2.65147e-02 
 1.14000e+02  2.66588e-02 
 1.14500e+02  2.65868e-02 
 1.15000e+02  2.74564e-02 
 1.15500e+02  2.81051e-02 
 1.16000e+02  2.86691e-02 
 1.16500e+02  2.85563e-02 
 1.17000e+02  2.85499e-02 
 1.17500e+02  2.90745e-02 
 1.18000e+02  2.98596e-02 
 1.18500e+02  2.99288e-02 
 1.19000e+02  3.05017e-02 
 1.19500e+02  3.05801e-02 
 1.20000e+02  3.06172e-02 
 1.20500e+02  3.11244e-02 
 1.21000e+02  3.13407e-02 
 1.21500e+02  3.14483e-02 
 1.22000e+02  3.11554e-02 
 1.22500e+02  3.16843e-02 
 1.23000e+02  3.16524e-02 
 1.23500e+02  3.24058e-02 
 1.24000e+02  3.22005e-02 
 1.24500e+02  3.27459e-02 
 1.25000e+02  3.28170e-02 
 1.25500e+02  3.28724e-02 
 1.26000e+02  3.34534e-02 
 1.26500e+02  3.35935e-02 
 1.27000e+02  3.39899e-02 
 1.27500e+02  3.36833e-02 
 1.28000e+02  3.39594e-02 
 1.28500e+02  3.37521e-02 
 1.29000e+02  3.40346e-02 
 1.29500e+02  3.37347e-02 
 1.30000e+02  3.43266e-02 
 1.30500e+02  3.48671e-02 
 1.31000e+02  3.42505e-02 
 1.31500e+02  3.52867e-02 
 1.32000e+02  3.49727e-02 
 1.32500e+02  3.48938e-02 
 1.33000e+02  3.55335e-02 
 1.33500e+02  3.49179e-02 
 1.34000e+02  3.53034e-02 
 1.34500e+02  3.56092e-02 
 1.35000e+02  3.55426e-02 
 1.35500e+02  3.59280e-02 
 1.36000e+02  3.66789e-02 
 1.36500e+02  3.69369e-02 
 1.37000e+02  3.61622e-02 
 1.37500e+02  3.55090e-02 
 1.38000e+02  3.66215e-02 
 1.38500e+02  3.63685e-02 
 1.39000e+02  3.65847e-02 
 1.39500e+02  3.77220e-02 
 1.40000e+02  3.72304e-02 
 1.40500e+02  3.75482e-02 
 1.41000e+02  3.75720e-02 
 1.41500e+02  3.84970e-02 
 1.42000e+02  3.82913e-02 
 1.42500e+02  3.84518e-02 
 1.43000e+02  3.82589e-02 
 1.43500e+02  3.81564e-02 
 1.44000e+02  3.77524e-02 
 1.44500e+02  3.77468e-02 
 1.45000e+02  3.80773e-02 
 1.45500e+02  3.82546e-02 
 1.46000e+02  3.85470e-02 
 1.46500e+02  3.88756e-02 
 1.47000e+02  3.83164e-02 
 1.47500e+02  3.89512e-02 
 1.48000e+02  3.92685e-02 
 1.48500e+02  3.94245e-02 
 1.49000e+02  3.92747e-02 
 1.49500e+02  3.89017e-02 
 1.50000e+02  3.97042e-02 
 1.50500e+02  3.93638e-02 
 1.51000e+02  3.86951e-02 
 1.51500e+02  3.87563e-02 
 1.52000e+02  3.91880e-02 
 1.52500e+02  3.93028e-02 
 1.53000e+02  3.99560e-02 
 1.53500e+02  3.96558e-02 
 1.54000e+02  4.03135e-02 
 1.54500e+02  3.98822e-02 
 1.55000e+02  4.00739e-02 
 1.55500e+02  3.91730e-02 
 1.56000e+02  3.98612e-02 
 1.56500e+02  3.85695e-02 
 1.57000e+02  3.92829e-02 
 1.57500e+02  3.88463e-02 
 1.58000e+02  3.93821e-02 
 1.58500e+02  3.98476e-02 
 1.59000e+02  3.94924e-02 
 1.59500e+02  3.96299e-02 
 1.60000e+02  3.98437e-02 
 1.60500e+02  3.97113e-02 
 1.61000e+02  3.99849e-02 
 1.61500e+02  4.02048e-02 
 1.62000e+02  3.94886e-02 
 1.62500e+02  3.91874e-02 
 1.63000e+02  3.92354e-02 
 1.63500e+02  3.91464e-02 
 1.64000e+02  3.94482e-02 
 1.64500e+02  4.02003e-02 
 1.65000e+02  4.01036e-02 
 1.65500e+02  3.97740e-02 
 1.66000e+02  3.96133e-02 
 1.66500e+02  3.94515e-02 
 1.67000e+02  3.93144e-02 
 1.67500e+02  3.94474e-02 
 1.68000e+02  3.79806e-02 
 1.68500e+02  3.83134e-02 
 1.69000e+02  3.87328e-02 
 1.69500e+02  3.83690e-02 
 1.70000e+02  3.83814e-02 
 1.70500e+02  3.78211e-02 
 1.71000e+02  3.87722e-02 
 1.71500e+02  3.85496e-02 
 1.72000e+02  3.88244e-02 
 1.72500e+02  3.85918e-02 
 1.73000e+02  3.90451e-02 
 1.73500e+02  3.82180e-02 
 1.74000e+02  3.81085e-02 
 1.74500e+02  3.79277e-02 
 1.75000e+02  3.80564e-02 
 1.75500e+02  3.86717e-02 
 1.76000e+02  3.80703e-02 
 1.76500e+02  3.80798e-02 
 1.77000e+02  3.77613e-02 
 1.77500e+02  3.81781e-02 
 1.78000e+02  3.76975e-02 
 1.78500e+02  3.77971e-02 
 1.79000e+02  3.69196e-02 
 1.79500e+02  3.68550e-02 
 1.80000e+02  3.69789e-02 
 1.80500e+02  3.72397e-02 
 1.81000e+02  3.71485e-02 
 1.81500e+02  3.61145e-02 
 1.82000e+02  3.60191e-02 
 1.82500e+02  3.57451e-02 
 1.83000e+02  3.58580e-02 
 1.83500e+02  3.57583e-02 
 1.84000e+02  3.57520e-02 
 1.84500e+02  3.55078e-02 
 1.85000e+02  3.51471e-02 
 1.85500e+02  3.53072e-02 
 1.86000e+02  3.49043e-02 
 1.86500e+02  3.59180e-02 
 1.87000e+02  3.46648e-02 
 1.87500e+02  3.43801e-02 
 1.88000e+02  3.49421e-02 
 1.88500e+02  3.47398e-02 
 1.89000e+02  3.43177e-02 
 1.89500e+02  3.41123e-02 
 1.90000e+02  3.43220e-02 
 1.90500e+02  3.37652e-02 
 1.91000e+02  3.36967e-02 
 1.91500e+02  3.31875e-02 
 1.92000e+02  3.30995e-02 
 1.92500e+02  3.24085e-02 
 1.93000e+02  3.18529e-02 
 1.93500e+02  3.11240e-02 
 1.94000e+02  3.05651e-02 
 1.94500e+02  3.04089e-02 
 1.95000e+02  3.05819e-02 
 1.95500e+02  3.00252e-02 
 1.96000e+02  2.92794e-02 
 1.96500e+02  2.91952e-02 
 1.97000e+02  2.91819e-02 
 1.97500e+02  2.88036e-02 
 1.98000e+02  2.86020e-02 
 1.98500e+02  2.87350e-02 
 1.99000e+02  2.79743e-02 
 1.99500e+02  2.76606e-02 
 2.00000e+02  2.73394e-02 
 2.00500e+02  2.73596e-02 
 2.01000e+02  2.72987e-02 
 2.01500e+02  2.66179e-02 
 2.02000e+02  2.68043e-02 
 2.02500e+02  2.67443e-02 
 2.03000e+02  2.53744e-02 
 2.03500e+02  2.50538e-02 
 2.04000e+02  2.47032e-02 
 2.04500e+02  2.46812e-02 
 2.05000e+02  2.50055e-02 
 2.05500e+02  2.50199e-02 
 2.06000e+02  2.48321e-02 
 2.06500e+02  2.46154e-02 
 2.07000e+02  2.40865e-02 
 2.07500e+02  2.42860e-02 
 2.08000e+02  2.42308e-02 
 2.08500e+02  2.40184e-02 
 2.09000e+02  2.35023e-02 
 2.09500e+02  2.29224e-02 
 2.10000e+02  2.24621e-02 
 2.10500e+02  2.20605e-02 
 2.11000e+02  2.18482e-02 
 2.11500e+02  2.17030e-02 
 2.12000e+02  2.14140e-02 
 2.12500e+02  2.08571e-02 
 2.13000e+02  2.01117e-02 
 2.13500e+02  1.95129e-02 
 2.14000e+02  1.96152e-02 
 2.14500e+02  1.89681e-02 
 2.15000e+02  1.88646e-02 
 2.15500e+02  1.86183e-02 
 2.16000e+02  1.82202e-02 
 2.16500e+02  1.79540e-02 
 2.17000e+02  1.72658e-02 
 2.17500e+02  1.74381e-02 
 2.18000e+02  1.73033e-02 
 2.18500e+02  1.70563e-02 
 2.19000e+02  1.66129e-02 
 2.19500e+02  1.67639e-02 
 2.20000e+02  1.67365e-02 
 2.20500e+02  1.64556e-02 
 2.21000e+02  1.63921e-02 
 2.21500e+02  1.61928e-02 
 2.22000e+02  1.59809e-02 
 2.22500e+02  1.59289e-02 
 2.23000e+02  1.60255e-02 
 2.23500e+02  1.59476e-02 
 2.24000e+02  1.62458e-02 
 2.24500e+02  1.61487e-02 
 2.25000e+02  1.58455e-02 
 2.25500e+02  1.59651e-02 
 2.26000e+02  1.55426e-02 
 2.26500e+02  1.53158e-02 
 2.27000e+02  1.52099e-02 
 2.27500e+02  1.51970e-02 
 2.28000e+02  1.48074e-02 
 2.28500e+02  1.47780e-02 
 2.29000e+02  1.49253e-02 
 2.29500e+02  1.49714e-02 
 2.30000e+02  1.44548e-02 
 2.30500e+02  1.44034e-02 
 2.31000e+02  1.41391e-02 
 2.31500e+02  1.38810e-02 
 2.32000e+02  1.40276e-02 
 2.32500e+02  1.40499e-02 
 2.33000e+02  1.40656e-02 
 2.33500e+02  1.37381e-02 
 2.34000e+02  1.35830e-02 
 2.34500e+02  1.36412e-02 
 2.35000e+02  1.37801e-02 
 2.35500e+02  1.34347e-02 
 2.36000e+02  1.33783e-02 
 2.36500e+02  1.32470e-02 
 2.37000e+02  1.33756e-02 
 2.37500e+02  1.32181e-02 
 2.38000e+02  1.31704e-02 
 2.38500e+02  1.31120e-02 
 2.39000e+02  1.29073e-02 
 2.39500e+02  1.26973e-02 
 2.40000e+02  1.25333e-02 
 2.40500e+02  1.25041e-02 
 2.41000e+02  1.24404e-02 
 2.41500e+02  1.23000e-02 
 2.42000e+02  1.23034e-02 
 2.42500e+02  1.23421e-02 
 2.43000e+02  1.22247e-02 
 2.43500e+02  1.20543e-02 
 2.44000e+02  1.16136e-02 
 2.44500e+02  1.16958e-02 
 2.45000e+02  1.16473e-02 
 2.45500e+02  1.13889e-02 
 2.46000e+02  1.14297e-02 
 2.46500e+02  1.12671e-02 
 2.47000e+02  1.10950e-02 
 2.47500e+02  1.10235e-02 
 2.48000e+02  1.09055e-02 
 2.48500e+02  1.09251e-02 
 2.49000e+02  1.07381e-02 
 2.49500e+02  1.05894e-02 
 2.50000e+02  1.04157e-02 
 2.50500e+02  1.02702e-02 
 2.51000e+02  1.00760e-02 
 2.51500e+02  9.96002e-03 
 2.52000e+02  9.97447e-03 
 2.52500e+02  9.78203e-03 
 2.53000e+02  9.83157e-03 
 2.53500e+02  9.74106e-03 
 2.54000e+02  9.36108e-03 
 2.54500e+02  8.98178e-03 
 2.55000e+02  8.95222e-03 
 2.55500e+02  8.98118e-03 
 2.56000e+02  8.74173e-03 
 2.56500e+02  8.54558e-03 
 2.57000e+02  8.37229e-03 
 2.57500e+02  8.20617e-03 
 2.58000e+02  8.06549e-03 
 2.58500e+02  7.90912e-03 
 2.59000e+02  7.74061e-03 
 2.59500e+02  7.53989e-03 
 2.60000e+02  7.38448e-03 
 2.60500e+02  7.24272e-03 
 2.61000e+02  6.99215e-03 
 2.61500e+02  6.81565e-03 
 2.62000e+02  6.68884e-03 
 2.62500e+02  6.60080e-03 
 2.63000e+02  6.39034e-03 
 2.63500e+02  6.21910e-03 
 2.64000e+02  6.07574e-03 
 2.64500e+02  5.82734e-03 
 2.65000e+02  5.73629e-03 
 2.65500e+02  5.63082e-03 
 2.66000e+02  5.46126e-03 
 2.66500e+02  5.26365e-03 
 2.67000e+02  5.07686e-03 
 2.67500e+02  4.93088e-03 
 2.68000e+02  4.79558e-03 
 2.68500e+02  4.64820e-03 
 2.69000e+02  4.54833e-03 
 2.69500e+02  4.42891e-03 
 2.70000e+02  4.30887e-03 
 2.70500e+02  4.19355e-03 
 2.71000e+02  4.04569e-03 
 2.71500e+02  3.95362e-03 
 2.72000e+02  3.85858e-03 
 2.72500e+02  3.77722e-03 
 2.73000e+02  3.71105e-03 
 2.73500e+02  3.61410e-03 
 2.74000e+02  3.52157e-03 
 2.74500e+02  3.45981e-03 
 2.75000e+02  3.36006e-03 
 2.75500e+02  3.26690e-03 
 2.76000e+02  3.20154e-03 
 2.76500e+02  3.14566e-03 
 2.77000e+02  3.09107e-03 
 2.77500e+02  3.02477e-03 
 2.78000e+02  2.95257e-03 
 2.78500e+02  2.89217e-03 
 2.79000e+02  2.87466e-03 
 2.79500e+02  2.80034e-03 
 2.80000e+02  2.74444e-03 
 2.80500e+02  2.66910e-03 
 2.81000e+02  2.61719e-03 
 2.81500e+02  2.58938e-03 
 2.82000e+02  2.53014e-03 
 2.82500e+02  2.51827e-03 
 2.83000e+02  2.47066e-03 
 2.83500e+02  2.44028e-03 
 2.84000e+02  2.37087e-03 
 2.84500e+02  2.33847e-03 
 2.85000e+02  2.27830e-03 
 2.85500e+02  2.23621e-03 
 2.86000e+02  2.21328e-03 
 2.86500e+02  2.17123e-03 
 2.87000e+02  2.13250e-03 
 2.87500e+02  2.10806e-03 
 2.88000e+02  2.06854e-03 
 2.88500e+02  2.06099e-03 
 2.89000e+02  2.03374e-03 
 2.89500e+02  2.00626e-03 
 2.90000e+02  1.96402e-03 
 2.90500e+02  1.92734e-03 
 2.91000e+02  1.90049e-03 
 2.91500e+02  1.88130e-03 
 2.92000e+02  1.84730e-03 
 2.92500e+02  1.81940e-03 
 2.93000e+02  1.81154e-03 
 2.93500e+02  1.79223e-03 
 2.94000e+02  1.76606e-03 
 2.94500e+02  1.73914e-03 
 2.95000e+02  1.72238e-03 
 2.95500e+02  1.69634e-03 
 2.96000e+02  1.67960e-03 
 2.96500e+02  1.66736e-03 
 2.97000e+02  1.64786e-03 
 2.97500e+02  1.62827e-03 
 2.98000e+02  1.60552e-03 
 2.98500e+02  1.58717e-03 
 2.99000e+02  1.57678e-03 
 2.99500e+02  1.55703e-03 
 3.00000e+02  1.54169e-03 
 3.00500e+02  1.51482e-03 
 3.01000e+02  1.49495e-03 
 3.01500e+02  1.47550e-03 
 3.02000e+02  1.47257e-03 
 3.02500e+02  1.46129e-03 
 3.03000e+02  1.45698e-03 
 3.03500e+02  1.43939e-03 
 3.04000e+02  1.41645e-03 
 3.04500e+02  1.41628e-03 
 3.05000e+02  1.38520e-03 
 3.05500e+02  1.39108e-03 
 3.06000e+02  1.37310e-03 
 3.06500e+02  1.35842e-03 
 3.07000e+02  1.35422e-03 
 3.07500e+02  1.33440e-03 
 3.08000e+02  1.31698e-03 
 3.08500e+02  1.29323e-03 
 3.09000e+02  1.29055e-03 
 3.09500e+02  1.28717e-03 
 3.10000e+02  1.28096e-03 
 3.10500e+02  1.25990e-03 
 3.11000e+02  1.24947e-03 
 3.11500e+02  1.24145e-03 
 3.12000e+02  1.22965e-03 
 3.12500e+02  1.22828e-03 
 3.13000e+02  1.21079e-03 
 3.13500e+02  1.20392e-03 
 3.14000e+02  1.19799e-03 
 3.14500e+02  1.19023e-03 
 3.15000e+02  1.18495e-03 
 3.15500e+02  1.17362e-03 
 3.16000e+02  1.16071e-03 
 3.16500e+02  1.15840e-03 
 3.17000e+02  1.15927e-03 
 3.17500e+02  1.16183e-03 
 3.18000e+02  1.15125e-03 
 3.18500e+02  1.13442e-03 
 3.19000e+02  1.12426e-03 
 3.19500e+02  1.12822e-03 
