 0.00000e+00  1.05030e-03 
 5.00000e-01  1.04872e-03 
 1.00000e+00  1.05899e-03 
 1.50000e+00  1.07582e-03 
 2.00000e+00  1.08589e-03 
 2.50000e+00  1.08534e-03 
 3.00000e+00  1.09593e-03 
 3.50000e+00  1.10926e-03 
 4.00000e+00  1.12174e-03 
 4.50000e+00  1.12677e-03 
 5.00000e+00  1.13195e-03 
 5.50000e+00  1.13609e-03 
 6.00000e+00  1.15221e-03 
 6.50000e+00  1.16135e-03 
 7.00000e+00  1.17584e-03 
 7.50000e+00  1.18608e-03 
 8.00000e+00  1.19619e-03 
 8.50000e+00  1.21310e-03 
 9.00000e+00  1.22672e-03 
 9.50000e+00  1.23775e-03 
 1.00000e+01  1.24293e-03 
 1.05000e+01  1.25932e-03 
 1.10000e+01  1.27634e-03 
 1.15000e+01  1.28971e-03 
 1.20000e+01  1.30635e-03 
 1.25000e+01  1.31721e-03 
 1.30000e+01  1.33941e-03 
 1.35000e+01  1.33693e-03 
 1.40000e+01  1.34790e-03 
 1.45000e+01  1.35975e-03 
 1.50000e+01  1.37181e-03 
 1.55000e+01  1.39479e-03 
 1.60000e+01  1.40271e-03 
 1.65000e+01  1.40923e-03 
 1.70000e+01  1.43752e-03 
 1.75000e+01  1.45272e-03 
 1.80000e+01  1.46180e-03 
 1.85000e+01  1.49030e-03 
 1.90000e+01  1.51877e-03 
 1.95000e+01  1.51914e-03 
 2.00000e+01  1.53022e-03 
 2.05000e+01  1.55207e-03 
 2.10000e+01  1.56828e-03 
 2.15000e+01  1.58131e-03 
 2.20000e+01  1.61747e-03 
 2.25000e+01  1.64479e-03 
 2.30000e+01  1.66404e-03 
 2.35000e+01  1.67858e-03 
 2.40000e+01  1.70077e-03 
 2.45000e+01  1.73597e-03 
 2.50000e+01  1.76625e-03 
 2.55000e+01  1.78553e-03 
 2.60000e+01  1.82592e-03 
 2.65000e+01  1.85303e-03 
 2.70000e+01  1.87352e-03 
 2.75000e+01  1.91168e-03 
 2.80000e+01  1.95394e-03 
 2.85000e+01  1.98068e-03 
 2.90000e+01  1.99768e-03 
 2.95000e+01  2.01664e-03 
 3.00000e+01  2.04499e-03 
 3.05000e+01  2.09442e-03 
 3.10000e+01  2.13847e-03 
 3.15000e+01  2.17786e-03 
 3.20000e+01  2.21108e-03 
 3.25000e+01  2.24026e-03 
 3.30000e+01  2.30277e-03 
 3.35000e+01  2.33614e-03 
 3.40000e+01  2.37620e-03 
 3.45000e+01  2.44664e-03 
 3.50000e+01  2.49256e-03 
 3.55000e+01  2.55535e-03 
 3.60000e+01  2.60840e-03 
 3.65000e+01  2.65382e-03 
 3.70000e+01  2.72218e-03 
 3.75000e+01  2.76612e-03 
 3.80000e+01  2.80326e-03 
 3.85000e+01  2.84403e-03 
 3.90000e+01  2.92039e-03 
 3.95000e+01  2.96757e-03 
 4.00000e+01  3.06735e-03 
 4.05000e+01  3.15127e-03 
 4.10000e+01  3.23210e-03 
 4.15000e+01  3.31933e-03 
 4.20000e+01  3.39721e-03 
 4.25000e+01  3.50309e-03 
 4.30000e+01  3.58466e-03 
 4.35000e+01  3.66615e-03 
 4.40000e+01  3.79686e-03 
 4.45000e+01  3.88816e-03 
 4.50000e+01  4.02046e-03 
 4.55000e+01  4.13215e-03 
 4.60000e+01  4.23221e-03 
 4.65000e+01  4.41323e-03 
 4.70000e+01  4.52416e-03 
 4.75000e+01  4.63720e-03 
 4.80000e+01  4.80403e-03 
 4.85000e+01  4.94174e-03 
 4.90000e+01  5.05939e-03 
 4.95000e+01  5.22485e-03 
 5.00000e+01  5.37609e-03 
 5.05000e+01  5.51317e-03 
 5.10000e+01  5.68948e-03 
 5.15000e+01  5.83334e-03 
 5.20000e+01  5.98382e-03 
 5.25000e+01  6.19368e-03 
 5.30000e+01  6.36232e-03 
 5.35000e+01  6.61763e-03 
 5.40000e+01  6.81679e-03 
 5.45000e+01  7.04016e-03 
 5.50000e+01  7.13022e-03 
 5.55000e+01  7.27299e-03 
 5.60000e+01  7.47408e-03 
 5.65000e+01  7.73725e-03 
 5.70000e+01  7.89668e-03 
 5.75000e+01  8.01499e-03 
 5.80000e+01  8.14151e-03 
 5.85000e+01  8.34844e-03 
 5.90000e+01  8.42239e-03 
 5.95000e+01  8.56562e-03 
 6.00000e+01  8.67114e-03 
 6.05000e+01  8.79935e-03 
 6.10000e+01  9.02376e-03 
 6.15000e+01  9.15134e-03 
 6.20000e+01  9.22679e-03 
 6.25000e+01  9.33403e-03 
 6.30000e+01  9.54262e-03 
 6.35000e+01  9.59918e-03 
 6.40000e+01  9.83982e-03 
 6.45000e+01  9.86247e-03 
 6.50000e+01  9.75025e-03 
 6.55000e+01  9.97768e-03 
 6.60000e+01  1.02382e-02 
 6.65000e+01  1.03917e-02 
 6.70000e+01  1.02780e-02 
 6.75000e+01  1.04916e-02 
 6.80000e+01  1.04637e-02 
 6.85000e+01  1.07209e-02 
 6.90000e+01  1.09061e-02 
 6.95000e+01  1.08186e-02 
 7.00000e+01  1.11364e-02 
 7.05000e+01  1.11158e-02 
 7.10000e+01  1.14264e-02 
 7.15000e+01  1.16278e-02 
 7.20000e+01  1.13808e-02 
 7.25000e+01  1.14521e-02 
 7.30000e+01  1.16340e-02 
 7.35000e+01  1.17753e-02 
 7.40000e+01  1.19410e-02 
 7.45000e+01  1.22279e-02 
 7.50000e+01  1.21765e-02 
 7.55000e+01  1.23651e-02 
 7.60000e+01  1.26184e-02 
 7.65000e+01  1.25576e-02 
 7.70000e+01  1.27621e-02 
 7.75000e+01  1.26450e-02 
 7.80000e+01  1.27839e-02 
 7.85000e+01  1.29100e-02 
 7.90000e+01  1.27035e-02 
 7.95000e+01  1.28083e-02 
 8.00000e+01  1.28200e-02 
 8.05000e+01  1.32003e-02 
 8.10000e+01  1.33648e-02 
 8.15000e+01  1.35138e-02 
 8.20000e+01  1.35186e-02 
 8.25000e+01  1.34047e-02 
 8.30000e+01  1.36077e-02 
 8.35000e+01  1.37023e-02 
 8.40000e+01  1.36705e-02 
 8.45000e+01  1.38923e-02 
 8.50000e+01  1.39186e-02 
 8.55000e+01  1.38109e-02 
 8.60000e+01  1.39390e-02 
 8.65000e+01  1.42535e-02 
 8.70000e+01  1.39104e-02 
 8.75000e+01  1.42518e-02 
 8.80000e+01  1.44126e-02 
 8.85000e+01  1.48576e-02 
 8.90000e+01  1.45650e-02 
 8.95000e+01  1.46326e-02 
 9.00000e+01  1.48381e-02 
 9.05000e+01  1.47477e-02 
 9.10000e+01  1.50956e-02 
 9.15000e+01  1.52801e-02 
 9.20000e+01  1.52449e-02 
 9.25000e+01  1.56462e-02 
 9.30000e+01  1.55493e-02 
 9.35000e+01  1.56923e-02 
 9.40000e+01  1.59204e-02 
 9.45000e+01  1.59874e-02 
 9.50000e+01  1.57542e-02 
 9.55000e+01  1.56911e-02 
 9.60000e+01  1.60006e-02 
 9.65000e+01  1.61297e-02 
 9.70000e+01  1.61623e-02 
 9.75000e+01  1.66123e-02 
 9.80000e+01  1.67728e-02 
 9.85000e+01  1.65452e-02 
 9.90000e+01  1.66884e-02 
 9.95000e+01  1.70574e-02 
 1.00000e+02  1.77439e-02 
 1.00500e+02  1.78269e-02 
 1.01000e+02  1.80879e-02 
 1.01500e+02  1.83754e-02 
 1.02000e+02  1.85903e-02 
 1.02500e+02  1.91478e-02 
 1.03000e+02  1.99019e-02 
 1.03500e+02  2.00916e-02 
 1.04000e+02  2.04261e-02 
 1.04500e+02  2.07759e-02 
 1.05000e+02  2.09952e-02 
 1.05500e+02  2.11024e-02 
 1.06000e+02  2.17325e-02 
 1.06500e+02  2.25204e-02 
 1.07000e+02  2.31633e-02 
 1.07500e+02  2.37433e-02 
 1.08000e+02  2.42311e-02 
 1.08500e+02  2.45418e-02 
 1.09000e+02  2.45128e-02 
 1.09500e+02  2.43318e-02 
 1.10000e+02  2.51396e-02 
 1.10500e+02  2.52073e-02 
 1.11000e+02  2.48772e-02 
 1.11500e+02  2.57782e-02 
 1.12000e+02  2.57204e-02 
 1.12500e+02  2.67637e-02 
 1.13000e+02  2.73790e-02 
 1.13500e+02  2.73577e-02 
 1.14000e+02  2.72715e-02 
 1.14500e+02  2.81745e-02 
 1.15000e+02  2.76491e-02 
 1.15500e+02  2.79521e-02 
 1.16000e+02  2.89369e-02 
 1.16500e+02  2.92354e-02 
 1.17000e+02  2.88138e-02 
 1.17500e+02  2.98797e-02 
 1.18000e+02  2.92315e-02 
 1.18500e+02  3.02420e-02 
 1.19000e+02  3.06932e-02 
 1.19500e+02  3.08757e-02 
 1.20000e+02  3.10751e-02 
 1.20500e+02  3.05787e-02 
 1.21000e+02  3.06142e-02 
 1.21500e+02  3.14768e-02 
 1.22000e+02  3.22694e-02 
 1.22500e+02  3.31860e-02 
 1.23000e+02  3.28724e-02 
 1.23500e+02  3.29458e-02 
 1.24000e+02  3.29814e-02 
 1.24500e+02  3.27428e-02 
 1.25000e+02  3.35008e-02 
 1.25500e+02  3.37661e-02 
 1.26000e+02  3.39829e-02 
 1.26500e+02  3.40742e-02 
 1.27000e+02  3.40259e-02 
 1.27500e+02  3.47639e-02 
 1.28000e+02  3.45321e-02 
 1.28500e+02  3.46190e-02 
 1.29000e+02  3.47179e-02 
 1.29500e+02  3.56427e-02 
 1.30000e+02  3.53943e-02 
 1.30500e+02  3.60100e-02 
 1.31000e+02  3.63305e-02 
 1.31500e+02  3.53667e-02 
 1.32000e+02  3.61054e-02 
 1.32500e+02  3.57995e-02 
 1.33000e+02  3.63041e-02 
 1.33500e+02  3.56959e-02 
 1.34000e+02  3.61881e-02 
 1.34500e+02  3.62913e-02 
 1.35000e+02  3.70139e-02 
 1.35500e+02  3.62611e-02 
 1.36000e+02  3.66828e-02 
 1.36500e+02  3.65411e-02 
 1.37000e+02  3.69282e-02 
 1.37500e+02  3.66442e-02 
 1.38000e+02  3.69867e-02 
 1.38500e+02  3.72727e-02 
 1.39000e+02  3.74458e-02 
 1.39500e+02  3.76870e-02 
 1.40000e+02  3.77815e-02 
 1.40500e+02  3.70216e-02 
 1.41000e+02  3.76366e-02 
 1.41500e+02  3.81649e-02 
 1.42000e+02  3.74084e-02 
 1.42500e+02  3.78291e-02 
 1.43000e+02  3.84246e-02 
 1.43500e+02  3.80836e-02 
 1.44000e+02  3.77324e-02 
 1.44500e+02  3.75676e-02 
 1.45000e+02  3.87619e-02 
 1.45500e+02  3.91331e-02 
 1.46000e+02  3.94451e-02 
 1.46500e+02  3.95393e-02 
 1.47000e+02  3.81579e-02 
 1.47500e+02  3.82101e-02 
 1.48000e+02  3.89668e-02 
 1.48500e+02  3.85663e-02 
 1.49000e+02  3.95395e-02 
 1.49500e+02  3.87439e-02 
 1.50000e+02  3.88987e-02 
 1.50500e+02  3.84119e-02 
 1.51000e+02  3.93034e-02 
 1.51500e+02  3.91916e-02 
 1.52000e+02  3.84581e-02 
 1.52500e+02  3.88924e-02 
 1.53000e+02  3.95619e-02 
 1.53500e+02  3.90449e-02 
 1.54000e+02  3.92260e-02 
 1.54500e+02  3.90951e-02 
 1.55000e+02  3.83787e-02 
 1.55500e+02  3.87146e-02 
 1.56000e+02  3.88037e-02 
 1.56500e+02  3.89373e-02 
 1.57000e+02  3.85241e-02 
 1.57500e+02  3.89811e-02 
 1.58000e+02  3.93961e-02 
 1.58500e+02  3.87896e-02 
 1.59000e+02  3.95140e-02 
 1.59500e+02  3.86401e-02 
 1.60000e+02  3.89756e-02 
 1.60500e+02  3.89303e-02 
 1.61000e+02  3.86363e-02 
 1.61500e+02  3.89176e-02 
 1.62000e+02  3.97044e-02 
 1.62500e+02  3.96156e-02 
 1.63000e+02  3.88589e-02 
 1.63500e+02  3.93492e-02 
 1.64000e+02  3.89043e-02 
 1.64500e+02  3.87452e-02 
 1.65000e+02  3.98075e-02 
 1.65500e+02  3.89518e-02 
 1.66000e+02  3.91427e-02 
 1.66500e+02  3.79450e-02 
 1.67000e+02  3.86163e-02 
 1.67500e+02  3.91560e-02 
 1.68000e+02  3.93082e-02 
 1.68500e+02  3.89682e-02 
 1.69000e+02  3.90084e-02 
 1.69500e+02  3.80572e-02 
 1.70000e+02  3.81786e-02 
 1.70500e+02  3.85172e-02 
 1.71000e+02  3.80771e-02 
 1.71500e+02  3.85289e-02 
 1.72000e+02  3.87742e-02 
 1.72500e+02  3.78966e-02 
 1.73000e+02  3.79013e-02 
 1.73500e+02  3.78681e-02 
 1.74000e+02  3.83858e-02 
 1.74500e+02  3.85384e-02 
 1.75000e+02  3.83323e-02 
 1.75500e+02  3.83915e-02 
 1.76000e+02  3.78743e-02 
 1.76500e+02  3.71879e-02 
 1.77000e+02  3.74818e-02 
 1.77500e+02  3.81649e-02 
 1.78000e+02  3.82581e-02 
 1.78500e+02  3.88292e-02 
 1.79000e+02  3.88408e-02 
 1.79500e+02  3.78385e-02 
 1.80000e+02  3.81247e-02 
 1.80500e+02  3.73707e-02 
 1.81000e+02  3.78575e-02 
 1.81500e+02  3.78166e-02 
 1.82000e+02  3.78255e-02 
 1.82500e+02  3.70174e-02 
 1.83000e+02  3.70248e-02 
 1.83500e+02  3.72172e-02 
 1.84000e+02  3.75477e-02 
 1.84500e+02  3.72338e-02 
 1.85000e+02  3.70324e-02 
 1.85500e+02  3.66234e-02 
 1.86000e+02  3.67906e-02 
 1.86500e+02  3.62837e-02 
 1.87000e+02  3.60052e-02 
 1.87500e+02  3.58804e-02 
 1.88000e+02  3.58220e-02 
 1.88500e+02  3.60405e-02 
 1.89000e+02  3.53861e-02 
 1.89500e+02  3.64337e-02 
 1.90000e+02  3.49275e-02 
 1.90500e+02  3.52092e-02 
 1.91000e+02  3.43875e-02 
 1.91500e+02  3.37039e-02 
 1.92000e+02  3.34055e-02 
 1.92500e+02  3.25330e-02 
 1.93000e+02  3.14639e-02 
 1.93500e+02  3.18521e-02 
 1.94000e+02  3.20265e-02 
 1.94500e+02  3.20865e-02 
 1.95000e+02  3.16748e-02 
 1.95500e+02  3.09306e-02 
 1.96000e+02  3.07652e-02 
 1.96500e+02  3.06301e-02 
 1.97000e+02  3.00063e-02 
 1.97500e+02  3.04414e-02 
 1.98000e+02  3.02811e-02 
 1.98500e+02  2.97541e-02 
 1.99000e+02  2.91022e-02 
 1.99500e+02  2.94947e-02 
 2.00000e+02  2.92426e-02 
 2.00500e+02  2.89205e-02 
 2.01000e+02  2.81095e-02 
 2.01500e+02  2.81866e-02 
 2.02000e+02  2.79606e-02 
 2.02500e+02  2.70670e-02 
 2.03000e+02  2.64338e-02 
 2.03500e+02  2.60260e-02 
 2.04000e+02  2.63491e-02 
 2.04500e+02  2.63687e-02 
 2.05000e+02  2.59208e-02 
 2.05500e+02  2.57398e-02 
 2.06000e+02  2.48933e-02 
 2.06500e+02  2.46163e-02 
 2.07000e+02  2.40265e-02 
 2.07500e+02  2.38575e-02 
 2.08000e+02  2.37099e-02 
 2.08500e+02  2.33707e-02 
 2.09000e+02  2.32557e-02 
 2.09500e+02  2.27293e-02 
 2.10000e+02  2.23782e-02 
 2.10500e+02  2.22152e-02 
 2.11000e+02  2.17701e-02 
 2.11500e+02  2.16676e-02 
 2.12000e+02  2.12891e-02 
 2.12500e+02  2.05730e-02 
 2.13000e+02  2.05001e-02 
 2.13500e+02  1.99417e-02 
 2.14000e+02  1.94823e-02 
 2.14500e+02  1.91637e-02 
 2.15000e+02  1.86732e-02 
 2.15500e+02  1.84848e-02 
 2.16000e+02  1.80501e-02 
 2.16500e+02  1.75958e-02 
 2.17000e+02  1.77019e-02 
 2.17500e+02  1.75589e-02 
 2.18000e+02  1.75973e-02 
 2.18500e+02  1.72851e-02 
 2.19000e+02  1.71869e-02 
 2.19500e+02  1.67425e-02 
 2.20000e+02  1.66294e-02 
 2.20500e+02  1.64163e-02 
 2.21000e+02  1.63453e-02 
 2.21500e+02  1.59735e-02 
 2.22000e+02  1.62943e-02 
 2.22500e+02  1.61863e-02 
 2.23000e+02  1.61071e-02 
 2.23500e+02  1.57521e-02 
 2.24000e+02  1.56986e-02 
 2.24500e+02  1.54460e-02 
 2.25000e+02  1.52880e-02 
 2.25500e+02  1.57399e-02 
 2.26000e+02  1.55336e-02 
 2.26500e+02  1.53404e-02 
 2.27000e+02  1.52455e-02 
 2.27500e+02  1.54626e-02 
 2.28000e+02  1.50312e-02 
 2.28500e+02  1.46633e-02 
 2.29000e+02  1.46922e-02 
 2.29500e+02  1.47348e-02 
 2.30000e+02  1.44253e-02 
 2.30500e+02  1.43481e-02 
 2.31000e+02  1.41624e-02 
 2.31500e+02  1.43394e-02 
 2.32000e+02  1.41835e-02 
 2.32500e+02  1.40516e-02 
 2.33000e+02  1.37628e-02 
 2.33500e+02  1.38104e-02 
 2.34000e+02  1.39094e-02 
 2.34500e+02  1.40920e-02 
 2.35000e+02  1.38061e-02 
 2.35500e+02  1.36215e-02 
 2.36000e+02  1.34565e-02 
 2.36500e+02  1.33887e-02 
 2.37000e+02  1.34857e-02 
 2.37500e+02  1.32179e-02 
 2.38000e+02  1.31441e-02 
 2.38500e+02  1.31606e-02 
 2.39000e+02  1.29007e-02 
 2.39500e+02  1.29005e-02 
 2.40000e+02  1.26539e-02 
 2.40500e+02  1.25243e-02 
 2.41000e+02  1.24507e-02 
 2.41500e+02  1.24227e-02 
 2.42000e+02  1.24366e-02 
 2.42500e+02  1.22637e-02 
 2.43000e+02  1.23657e-02 
 2.43500e+02  1.21479e-02 
 2.44000e+02  1.18840e-02 
 2.44500e+02  1.18438e-02 
 2.45000e+02  1.18168e-02 
 2.45500e+02  1.15819e-02 
 2.46000e+02  1.14572e-02 
 2.46500e+02  1.14713e-02 
 2.47000e+02  1.10770e-02 
 2.47500e+02  1.08688e-02 
 2.48000e+02  1.08296e-02 
 2.48500e+02  1.09093e-02 
 2.49000e+02  1.08099e-02 
 2.49500e+02  1.06830e-02 
 2.50000e+02  1.05809e-02 
 2.50500e+02  1.03938e-02 
 2.51000e+02  1.02348e-02 
 2.51500e+02  1.00579e-02 
 2.52000e+02  9.90375e-03 
 2.52500e+02  9.93958e-03 
 2.53000e+02  9.90142e-03 
 2.53500e+02  9.68039e-03 
 2.54000e+02  9.46919e-03 
 2.54500e+02  9.22175e-03 
 2.55000e+02  8.96951e-03 
 2.55500e+02  9.10056e-03 
 2.56000e+02  8.92029e-03 
 2.56500e+02  8.76727e-03 
 2.57000e+02  8.65102e-03 
 2.57500e+02  8.57739e-03 
 2.58000e+02  8.35379e-03 
 2.58500e+02  8.26375e-03 
 2.59000e+02  8.00278e-03 
 2.59500e+02  7.92951e-03 
 2.60000e+02  7.72339e-03 
 2.60500e+02  7.50045e-03 
 2.61000e+02  7.28940e-03 
 2.61500e+02  7.08641e-03 
 2.62000e+02  6.88957e-03 
 2.62500e+02  6.72406e-03 
 2.63000e+02  6.52264e-03 
 2.63500e+02  6.33652e-03 
 2.64000e+02  6.14313e-03 
 2.64500e+02  5.93200e-03 
 2.65000e+02  5.74705e-03 
 2.65500e+02  5.56678e-03 
 2.66000e+02  5.46410e-03 
 2.66500e+02  5.28868e-03 
 2.67000e+02  5.15130e-03 
 2.67500e+02  5.05908e-03 
 2.68000e+02  4.88894e-03 
 2.68500e+02  4.77549e-03 
 2.69000e+02  4.67605e-03 
 2.69500e+02  4.53616e-03 
 2.70000e+02  4.46117e-03 
 2.70500e+02  4.30311e-03 
 2.71000e+02  4.20789e-03 
 2.71500e+02  4.09261e-03 
 2.72000e+02  3.94780e-03 
 2.72500e+02  3.84924e-03 
 2.73000e+02  3.77696e-03 
 2.73500e+02  3.66597e-03 
 2.74000e+02  3.59203e-03 
 2.74500e+02  3.50072e-03 
 2.75000e+02  3.39258e-03 
 2.75500e+02  3.34388e-03 
 2.76000e+02  3.24682e-03 
 2.76500e+02  3.20932e-03 
 2.77000e+02  3.14129e-03 
 2.77500e+02  3.06573e-03 
 2.78000e+02  3.00762e-03 
 2.78500e+02  2.93885e-03 
 2.79000e+02  2.90023e-03 
 2.79500e+02  2.87192e-03 
 2.80000e+02  2.80409e-03 
 2.80500e+02  2.72126e-03 
 2.81000e+02  2.68907e-03 
 2.81500e+02  2.61570e-03 
 2.82000e+02  2.58932e-03 
 2.82500e+02  2.55127e-03 
 2.83000e+02  2.50551e-03 
 2.83500e+02  2.48130e-03 
 2.84000e+02  2.42054e-03 
 2.84500e+02  2.37864e-03 
 2.85000e+02  2.32573e-03 
 2.85500e+02  2.27767e-03 
 2.86000e+02  2.23848e-03 
 2.86500e+02  2.21338e-03 
 2.87000e+02  2.16901e-03 
 2.87500e+02  2.11742e-03 
 2.88000e+02  2.10161e-03 
 2.88500e+02  2.06549e-03 
 2.89000e+02  2.04151e-03 
 2.89500e+02  2.01437e-03 
 2.90000e+02  1.98459e-03 
 2.90500e+02  1.94117e-03 
 2.91000e+02  1.91022e-03 
 2.91500e+02  1.88566e-03 
 2.92000e+02  1.85989e-03 
 2.92500e+02  1.84455e-03 
 2.93000e+02  1.83048e-03 
 2.93500e+02  1.80708e-03 
 2.94000e+02  1.79712e-03 
 2.94500e+02  1.76790e-03 
 2.95000e+02  1.74154e-03 
 2.95500e+02  1.70257e-03 
 2.96000e+02  1.70015e-03 
 2.96500e+02  1.68502e-03 
 2.97000e+02  1.65586e-03 
 2.97500e+02  1.64272e-03 
 2.98000e+02  1.60928e-03 
 2.98500e+02  1.60121e-03 
 2.99000e+02  1.59008e-03 
 2.99500e+02  1.57364e-03 
 3.00000e+02  1.55413e-03 
 3.00500e+02  1.52388e-03 
 3.01000e+02  1.51714e-03 
 3.01500e+02  1.51121e-03 
 3.02000e+02  1.48195e-03 
 3.02500e+02  1.47202e-03 
 3.03000e+02  1.47203e-03 
 3.03500e+02  1.44507e-03 
 3.04000e+02  1.45426e-03 
 3.04500e+02  1.43883e-03 
 3.05000e+02  1.42419e-03 
 3.05500e+02  1.40879e-03 
 3.06000e+02  1.39755e-03 
 3.06500e+02  1.39000e-03 
 3.07000e+02  1.38359e-03 
 3.07500e+02  1.34716e-03 
 3.08000e+02  1.32571e-03 
 3.08500e+02  1.31505e-03 
 3.09000e+02  1.30553e-03 
 3.09500e+02  1.30051e-03 
 3.10000e+02  1.28532e-03 
 3.10500e+02  1.27749e-03 
 3.11000e+02  1.27942e-03 
 3.11500e+02  1.27620e-03 
 3.12000e+02  1.25229e-03 
 3.12500e+02  1.24060e-03 
 3.13000e+02  1.22762e-03 
 3.13500e+02  1.22257e-03 
 3.14000e+02  1.19698e-03 
 3.14500e+02  1.19278e-03 
 3.15000e+02  1.18640e-03 
 3.15500e+02  1.18238e-03 
 3.16000e+02  1.17684e-03 
 3.16500e+02  1.17043e-03 
 3.17000e+02  1.16634e-03 
 3.17500e+02  1.14918e-03 
 3.18000e+02  1.14764e-03 
 3.18500e+02  1.12535e-03 
 3.19000e+02  1.11865e-03 
 3.19500e+02  1.11518e-03 
