 0.00000e+00  1.03246e-03 
 5.00000e-01  1.04376e-03 
 1.00000e+00  1.04223e-03 
 1.50000e+00  1.05213e-03 
 2.00000e+00  1.06573e-03 
 2.50000e+00  1.07395e-03 
 3.00000e+00  1.08738e-03 
 3.50000e+00  1.10083e-03 
 4.00000e+00  1.11225e-03 
 4.50000e+00  1.11507e-03 
 5.00000e+00  1.11973e-03 
 5.50000e+00  1.13159e-03 
 6.00000e+00  1.14343e-03 
 6.50000e+00  1.16081e-03 
 7.00000e+00  1.17533e-03 
 7.50000e+00  1.18910e-03 
 8.00000e+00  1.18770e-03 
 8.50000e+00  1.20054e-03 
 9.00000e+00  1.21623e-03 
 9.50000e+00  1.22360e-03 
 1.00000e+01  1.23954e-03 
 1.05000e+01  1.24726e-03 
 1.10000e+01  1.25882e-03 
 1.15000e+01  1.27065e-03 
 1.20000e+01  1.28122e-03 
 1.25000e+01  1.30238e-03 
 1.30000e+01  1.31955e-03 
 1.35000e+01  1.32772e-03 
 1.40000e+01  1.34346e-03 
 1.45000e+01  1.35374e-03 
 1.50000e+01  1.37296e-03 
 1.55000e+01  1.38997e-03 
 1.60000e+01  1.39813e-03 
 1.65000e+01  1.40626e-03 
 1.70000e+01  1.42362e-03 
 1.75000e+01  1.44836e-03 
 1.80000e+01  1.46314e-03 
 1.85000e+01  1.48126e-03 
 1.90000e+01  1.49109e-03 
 1.95000e+01  1.50113e-03 
 2.00000e+01  1.52454e-03 
 2.05000e+01  1.53168e-03 
 2.10000e+01  1.56068e-03 
 2.15000e+01  1.58158e-03 
 2.20000e+01  1.60008e-03 
 2.25000e+01  1.63229e-03 
 2.30000e+01  1.65940e-03 
 2.35000e+01  1.68434e-03 
 2.40000e+01  1.71338e-03 
 2.45000e+01  1.72925e-03 
 2.50000e+01  1.74443e-03 
 2.55000e+01  1.74318e-03 
 2.60000e+01  1.78156e-03 
 2.65000e+01  1.81210e-03 
 2.70000e+01  1.84741e-03 
 2.75000e+01  1.88053e-03 
 2.80000e+01  1.89052e-03 
 2.85000e+01  1.93412e-03 
 2.90000e+01  1.95206e-03 
 2.95000e+01  1.98562e-03 
 3.00000e+01  2.02470e-03 
 3.05000e+01  2.06074e-03 
 3.10000e+01  2.09487e-03 
 3.15000e+01  2.13666e-03 
 3.20000e+01  2.18081e-03 
 3.25000e+01  2.22912e-03 
 3.30000e+01  2.28402e-03 
 3.35000e+01  2.31122e-03 
 3.40000e+01  2.35234e-03 
 3.45000e+01  2.43066e-03 
 3.50000e+01  2.48226e-03 
 3.55000e+01  2.52984e-03 
 3.60000e+01  2.56635e-03 
 3.65000e+01  2.64164e-03 
 3.70000e+01  2.70308e-03 
 3.75000e+01  2.73727e-03 
 3.80000e+01  2.78398e-03 
 3.85000e+01  2.84470e-03 
 3.90000e+01  2.93501e-03 
 3.95000e+01  2.98582e-03 
 4.00000e+01  3.05096e-03 
 4.05000e+01  3.13907e-03 
 4.10000e+01  3.21429e-03 
 4.15000e+01  3.30995e-03 
 4.20000e+01  3.38078e-03 
 4.25000e+01  3.44643e-03 
 4.30000e+01  3.52050e-03 
 4.35000e+01  3.65850e-03 
 4.40000e+01  3.75653e-03 
 4.45000e+01  3.88376e-03 
 4.50000e+01  3.94422e-03 
 4.55000e+01  4.01780e-03 
 4.60000e+01  4.19602e-03 
 4.65000e+01  4.34963e-03 
 4.70000e+01  4.46666e-03 
 4.75000e+01  4.57731e-03 
 4.80000e+01  4.68602e-03 
 4.85000e+01  4.84992e-03 
 4.90000e+01  5.03382e-03 
 4.95000e+01  5.21739e-03 
 5.00000e+01  5.31011e-03 
 5.05000e+01  5.44202e-03 
 5.10000e+01  5.55305e-03 
 5.15000e+01  5.79990e-03 
 5.20000e+01  5.98269e-03 
 5.25000e+01  6.12527e-03 
 5.30000e+01  6.31061e-03 
 5.35000e+01  6.46556e-03 
 5.40000e+01  6.69824e-03 
 5.45000e+01  6.84951e-03 
 5.50000e+01  7.03829e-03 
 5.55000e+01  7.18408e-03 
 5.60000e+01  7.38875e-03 
 5.65000e+01  7.72820e-03 
 5.70000e+01  7.79686e-03 
 5.75000e+01  7.77890e-03 
 5.80000e+01  7.99460e-03 
 5.85000e+01  8.23113e-03 
 5.90000e+01  8.41859e-03 
 5.95000e+01  8.65879e-03 
 6.00000e+01  8.83982e-03 
 6.05000e+01  8.95447e-03 
 6.10000e+01  9.12513e-03 
 6.15000e+01  9.03170e-03 
 6.20000e+01  9.17430e-03 
 6.25000e+01  9.36272e-03 
 6.30000e+01  9.57184e-03 
 6.35000e+01  9.76406e-03 
 6.40000e+01  9.87267e-03 
 6.45000e+01  9.91053e-03 
 6.50000e+01  9.76377e-03 
 6.55000e+01  1.00087e-02 
 6.60000e+01  1.02139e-02 
 6.65000e+01  1.02636e-02 
 6.70000e+01  1.05337e-02 
 6.75000e+01  1.05426e-02 
 6.80000e+01  1.05798e-02 
 6.85000e+01  1.06414e-02 
 6.90000e+01  1.08578e-02 
 6.95000e+01  1.10158e-02 
 7.00000e+01  1.13732e-02 
 7.05000e+01  1.12402e-02 
 7.10000e+01  1.13193e-02 
 7.15000e+01  1.14979e-02 
 7.20000e+01  1.14733e-02 
 7.25000e+01  1.13536e-02 
 7.30000e+01  1.17064e-02 
 7.35000e+01  1.17994e-02 
 7.40000e+01  1.18084e-02 
 7.45000e+01  1.18125e-02 
 7.50000e+01  1.20524e-02 
 7.55000e+01  1.21016e-02 
 7.60000e+01  1.22447e-02 
 7.65000e+01  1.23665e-02 
 7.70000e+01  1.24927e-02 
 7.75000e+01  1.24178e-02 
 7.80000e+01  1.25414e-02 
 7.85000e+01  1.27242e-02 
 7.90000e+01  1.25377e-02 
 7.95000e+01  1.27117e-02 
 8.00000e+01  1.27145e-02 
 8.05000e+01  1.28254e-02 
 8.10000e+01  1.32004e-02 
 8.15000e+01  1.33182e-02 
 8.20000e+01  1.30839e-02 
 8.25000e+01  1.32115e-02 
 8.30000e+01  1.32710e-02 
 8.35000e+01  1.34893e-02 
 8.40000e+01  1.36090e-02 
 8.45000e+01  1.38597e-02 
 8.50000e+01  1.38654e-02 
 8.55000e+01  1.41250e-02 
 8.60000e+01  1.39595e-02 
 8.65000e+01  1.40401e-02 
 8.70000e+01  1.40489e-02 
 8.75000e+01  1.44582e-02 
 8.80000e+01  1.43092e-02 
 8.85000e+01  1.41183e-02 
 8.90000e+01  1.44003e-02 
 8.95000e+01  1.47339e-02 
 9.00000e+01  1.49436e-02 
 9.05000e+01  1.48093e-02 
 9.10000e+01  1.48829e-02 
 9.15000e+01  1.49363e-02 
 9.20000e+01  1.47928e-02 
 9.25000e+01  1.49858e-02 
 9.30000e+01  1.52220e-02 
 9.35000e+01  1.55661e-02 
 9.40000e+01  1.57426e-02 
 9.45000e+01  1.54971e-02 
 9.50000e+01  1.57731e-02 
 9.55000e+01  1.58152e-02 
 9.60000e+01  1.58861e-02 
 9.65000e+01  1.60671e-02 
 9.70000e+01  1.59994e-02 
 9.75000e+01  1.63350e-02 
 9.80000e+01  1.64114e-02 
 9.85000e+01  1.66798e-02 
 9.90000e+01  1.67941e-02 
 9.95000e+01  1.73686e-02 
 1.00000e+02  1.77688e-02 
 1.00500e+02  1.80129e-02 
 1.01000e+02  1.86048e-02 
 1.01500e+02  1.88780e-02 
 1.02000e+02  1.90902e-02 
 1.02500e+02  1.91177e-02 
 1.03000e+02  1.94958e-02 
 1.03500e+02  2.02810e-02 
 1.04000e+02  2.04916e-02 
 1.04500e+02  2.06001e-02 
 1.05000e+02  2.07498e-02 
 1.05500e+02  2.06813e-02 
 1.06000e+02  2.17226e-02 
 1.06500e+02  2.16461e-02 
 1.07000e+02  2.24947e-02 
 1.07500e+02  2.33903e-02 
 1.08000e+02  2.43332e-02 
 1.08500e+02  2.41356e-02 
 1.09000e+02  2.46797e-02 
 1.09500e+02  2.55392e-02 
 1.10000e+02  2.61508e-02 
 1.10500e+02  2.59839e-02 
 1.11000e+02  2.66419e-02 
 1.11500e+02  2.65391e-02 
 1.12000e+02  2.69836e-02 
 1.12500e+02  2.63042e-02 
 1.13000e+02  2.74189e-02 
 1.13500e+02  2.68493e-02 
 1.14000e+02  2.74736e-02 
 1.14500e+02  2.72604e-02 
 1.15000e+02  2.80693e-02 
 1.15500e+02  2.88172e-02 
 1.16000e+02  2.83950e-02 
 1.16500e+02  2.89915e-02 
 1.17000e+02  2.96854e-02 
 1.17500e+02  2.98699e-02 
 1.18000e+02  2.99926e-02 
 1.18500e+02  3.02116e-02 
 1.19000e+02  3.04333e-02 
 1.19500e+02  3.12017e-02 
 1.20000e+02  3.11933e-02 
 1.20500e+02  3.04447e-02 
 1.21000e+02  3.13123e-02 
 1.21500e+02  3.21603e-02 
 1.22000e+02  3.23168e-02 
 1.22500e+02  3.28481e-02 
 1.23000e+02  3.27642e-02 
 1.23500e+02  3.24998e-02 
 1.24000e+02  3.20548e-02 
 1.24500e+02  3.26681e-02 
 1.25000e+02  3.35446e-02 
 1.25500e+02  3.34896e-02 
 1.26000e+02  3.31935e-02 
 1.26500e+02  3.33517e-02 
 1.27000e+02  3.34544e-02 
 1.27500e+02  3.38543e-02 
 1.28000e+02  3.33128e-02 
 1.28500e+02  3.42989e-02 
 1.29000e+02  3.45474e-02 
 1.29500e+02  3.38300e-02 
 1.30000e+02  3.50827e-02 
 1.30500e+02  3.49096e-02 
 1.31000e+02  3.50785e-02 
 1.31500e+02  3.48885e-02 
 1.32000e+02  3.60722e-02 
 1.32500e+02  3.63989e-02 
 1.33000e+02  3.59969e-02 
 1.33500e+02  3.60327e-02 
 1.34000e+02  3.62836e-02 
 1.34500e+02  3.65517e-02 
 1.35000e+02  3.69465e-02 
 1.35500e+02  3.75570e-02 
 1.36000e+02  3.64840e-02 
 1.36500e+02  3.69278e-02 
 1.37000e+02  3.74300e-02 
 1.37500e+02  3.71423e-02 
 1.38000e+02  3.65270e-02 
 1.38500e+02  3.71448e-02 
 1.39000e+02  3.80152e-02 
 1.39500e+02  3.83129e-02 
 1.40000e+02  3.75062e-02 
 1.40500e+02  3.90700e-02 
 1.41000e+02  3.80169e-02 
 1.41500e+02  3.81548e-02 
 1.42000e+02  3.81539e-02 
 1.42500e+02  3.79862e-02 
 1.43000e+02  3.81694e-02 
 1.43500e+02  3.79549e-02 
 1.44000e+02  3.72468e-02 
 1.44500e+02  3.84758e-02 
 1.45000e+02  3.80588e-02 
 1.45500e+02  3.78925e-02 
 1.46000e+02  3.92061e-02 
 1.46500e+02  3.81390e-02 
 1.47000e+02  3.87477e-02 
 1.47500e+02  3.83854e-02 
 1.48000e+02  3.86527e-02 
 1.48500e+02  3.89632e-02 
 1.49000e+02  3.92630e-02 
 1.49500e+02  3.88606e-02 
 1.50000e+02  3.93267e-02 
 1.50500e+02  3.88650e-02 
 1.51000e+02  3.92276e-02 
 1.51500e+02  3.93458e-02 
 1.52000e+02  3.93516e-02 
 1.52500e+02  3.93916e-02 
 1.53000e+02  3.92490e-02 
 1.53500e+02  3.91836e-02 
 1.54000e+02  3.91228e-02 
 1.54500e+02  3.91162e-02 
 1.55000e+02  3.94798e-02 
 1.55500e+02  3.87017e-02 
 1.56000e+02  3.95984e-02 
 1.56500e+02  3.86705e-02 
 1.57000e+02  3.87378e-02 
 1.57500e+02  3.92116e-02 
 1.58000e+02  3.86775e-02 
 1.58500e+02  3.90623e-02 
 1.59000e+02  3.90716e-02 
 1.59500e+02  3.88171e-02 
 1.60000e+02  3.89722e-02 
 1.60500e+02  3.85200e-02 
 1.61000e+02  3.84211e-02 
 1.61500e+02  3.90706e-02 
 1.62000e+02  3.93450e-02 
 1.62500e+02  3.88576e-02 
 1.63000e+02  3.92232e-02 
 1.63500e+02  3.95665e-02 
 1.64000e+02  3.93860e-02 
 1.64500e+02  3.91138e-02 
 1.65000e+02  3.93350e-02 
 1.65500e+02  3.96956e-02 
 1.66000e+02  4.06016e-02 
 1.66500e+02  4.01335e-02 
 1.67000e+02  3.91855e-02 
 1.67500e+02  3.88785e-02 
 1.68000e+02  3.91526e-02 
 1.68500e+02  3.92471e-02 
 1.69000e+02  3.86116e-02 
 1.69500e+02  3.90772e-02 
 1.70000e+02  3.87895e-02 
 1.70500e+02  3.83882e-02 
 1.71000e+02  3.85549e-02 
 1.71500e+02  3.87750e-02 
 1.72000e+02  3.86043e-02 
 1.72500e+02  3.88388e-02 
 1.73000e+02  3.76355e-02 
 1.73500e+02  3.78815e-02 
 1.74000e+02  3.76548e-02 
 1.74500e+02  3.77938e-02 
 1.75000e+02  3.80317e-02 
 1.75500e+02  3.85584e-02 
 1.76000e+02  3.80500e-02 
 1.76500e+02  3.75262e-02 
 1.77000e+02  3.80329e-02 
 1.77500e+02  3.75878e-02 
 1.78000e+02  3.77213e-02 
 1.78500e+02  3.77091e-02 
 1.79000e+02  3.75758e-02 
 1.79500e+02  3.79973e-02 
 1.80000e+02  3.73681e-02 
 1.80500e+02  3.73812e-02 
 1.81000e+02  3.59597e-02 
 1.81500e+02  3.70380e-02 
 1.82000e+02  3.66957e-02 
 1.82500e+02  3.64298e-02 
 1.83000e+02  3.57715e-02 
 1.83500e+02  3.64550e-02 
 1.84000e+02  3.62866e-02 
 1.84500e+02  3.50195e-02 
 1.85000e+02  3.55500e-02 
 1.85500e+02  3.54249e-02 
 1.86000e+02  3.56946e-02 
 1.86500e+02  3.60390e-02 
 1.87000e+02  3.53779e-02 
 1.87500e+02  3.51867e-02 
 1.88000e+02  3.49359e-02 
 1.88500e+02  3.47002e-02 
 1.89000e+02  3.46518e-02 
 1.89500e+02  3.45812e-02 
 1.90000e+02  3.43110e-02 
 1.90500e+02  3.38530e-02 
 1.91000e+02  3.33546e-02 
 1.91500e+02  3.33101e-02 
 1.92000e+02  3.31496e-02 
 1.92500e+02  3.28301e-02 
 1.93000e+02  3.25349e-02 
 1.93500e+02  3.15210e-02 
 1.94000e+02  3.20719e-02 
 1.94500e+02  3.14427e-02 
 1.95000e+02  3.08657e-02 
 1.95500e+02  3.04813e-02 
 1.96000e+02  3.01892e-02 
 1.96500e+02  3.05953e-02 
 1.97000e+02  2.96955e-02 
 1.97500e+02  2.94079e-02 
 1.98000e+02  2.98621e-02 
 1.98500e+02  2.93816e-02 
 1.99000e+02  2.94013e-02 
 1.99500e+02  2.85293e-02 
 2.00000e+02  2.85025e-02 
 2.00500e+02  2.80943e-02 
 2.01000e+02  2.84654e-02 
 2.01500e+02  2.73173e-02 
 2.02000e+02  2.74719e-02 
 2.02500e+02  2.67109e-02 
 2.03000e+02  2.65178e-02 
 2.03500e+02  2.60077e-02 
 2.04000e+02  2.60224e-02 
 2.04500e+02  2.54172e-02 
 2.05000e+02  2.55266e-02 
 2.05500e+02  2.53374e-02 
 2.06000e+02  2.46548e-02 
 2.06500e+02  2.46246e-02 
 2.07000e+02  2.39780e-02 
 2.07500e+02  2.40075e-02 
 2.08000e+02  2.39017e-02 
 2.08500e+02  2.26357e-02 
 2.09000e+02  2.25671e-02 
 2.09500e+02  2.22512e-02 
 2.10000e+02  2.17344e-02 
 2.10500e+02  2.13075e-02 
 2.11000e+02  2.11136e-02 
 2.11500e+02  2.09884e-02 
 2.12000e+02  2.05168e-02 
 2.12500e+02  1.99567e-02 
 2.13000e+02  1.99450e-02 
 2.13500e+02  1.93658e-02 
 2.14000e+02  1.92042e-02 
 2.14500e+02  1.90771e-02 
 2.15000e+02  1.86847e-02 
 2.15500e+02  1.88350e-02 
 2.16000e+02  1.81362e-02 
 2.16500e+02  1.76177e-02 
 2.17000e+02  1.76071e-02 
 2.17500e+02  1.75340e-02 
 2.18000e+02  1.70008e-02 
 2.18500e+02  1.70302e-02 
 2.19000e+02  1.68827e-02 
 2.19500e+02  1.65623e-02 
 2.20000e+02  1.63712e-02 
 2.20500e+02  1.62487e-02 
 2.21000e+02  1.59022e-02 
 2.21500e+02  1.56706e-02 
 2.22000e+02  1.56366e-02 
 2.22500e+02  1.58478e-02 
 2.23000e+02  1.57786e-02 
 2.23500e+02  1.56375e-02 
 2.24000e+02  1.58744e-02 
 2.24500e+02  1.56453e-02 
 2.25000e+02  1.55272e-02 
 2.25500e+02  1.55344e-02 
 2.26000e+02  1.55905e-02 
 2.26500e+02  1.52915e-02 
 2.27000e+02  1.49339e-02 
 2.27500e+02  1.48542e-02 
 2.28000e+02  1.51889e-02 
 2.28500e+02  1.47515e-02 
 2.29000e+02  1.48745e-02 
 2.29500e+02  1.49472e-02 
 2.30000e+02  1.47873e-02 
 2.30500e+02  1.47923e-02 
 2.31000e+02  1.46590e-02 
 2.31500e+02  1.43414e-02 
 2.32000e+02  1.42606e-02 
 2.32500e+02  1.42976e-02 
 2.33000e+02  1.39029e-02 
 2.33500e+02  1.37974e-02 
 2.34000e+02  1.38150e-02 
 2.34500e+02  1.38393e-02 
 2.35000e+02  1.35654e-02 
 2.35500e+02  1.34239e-02 
 2.36000e+02  1.34333e-02 
 2.36500e+02  1.33966e-02 
 2.37000e+02  1.32524e-02 
 2.37500e+02  1.31166e-02 
 2.38000e+02  1.27667e-02 
 2.38500e+02  1.29353e-02 
 2.39000e+02  1.28281e-02 
 2.39500e+02  1.28505e-02 
 2.40000e+02  1.24950e-02 
 2.40500e+02  1.24472e-02 
 2.41000e+02  1.25586e-02 
 2.41500e+02  1.21667e-02 
 2.42000e+02  1.21835e-02 
 2.42500e+02  1.20460e-02 
 2.43000e+02  1.19197e-02 
 2.43500e+02  1.19144e-02 
 2.44000e+02  1.19092e-02 
 2.44500e+02  1.19242e-02 
 2.45000e+02  1.18483e-02 
 2.45500e+02  1.16605e-02 
 2.46000e+02  1.14988e-02 
 2.46500e+02  1.14771e-02 
 2.47000e+02  1.12545e-02 
 2.47500e+02  1.11994e-02 
 2.48000e+02  1.10573e-02 
 2.48500e+02  1.11615e-02 
 2.49000e+02  1.10348e-02 
 2.49500e+02  1.07727e-02 
 2.50000e+02  1.05965e-02 
 2.50500e+02  1.05352e-02 
 2.51000e+02  1.03976e-02 
 2.51500e+02  1.02193e-02 
 2.52000e+02  1.00193e-02 
 2.52500e+02  9.93198e-03 
 2.53000e+02  9.71784e-03 
 2.53500e+02  9.74287e-03 
 2.54000e+02  9.49190e-03 
 2.54500e+02  9.23798e-03 
 2.55000e+02  9.12373e-03 
 2.55500e+02  9.05426e-03 
 2.56000e+02  8.89744e-03 
 2.56500e+02  8.85420e-03 
 2.57000e+02  8.66928e-03 
 2.57500e+02  8.31590e-03 
 2.58000e+02  8.23939e-03 
 2.58500e+02  8.04470e-03 
 2.59000e+02  7.81574e-03 
 2.59500e+02  7.66379e-03 
 2.60000e+02  7.50125e-03 
 2.60500e+02  7.41920e-03 
 2.61000e+02  7.24390e-03 
 2.61500e+02  7.03875e-03 
 2.62000e+02  6.90080e-03 
 2.62500e+02  6.72711e-03 
 2.63000e+02  6.55790e-03 
 2.63500e+02  6.29563e-03 
 2.64000e+02  6.14073e-03 
 2.64500e+02  5.96497e-03 
 2.65000e+02  5.81718e-03 
 2.65500e+02  5.66341e-03 
 2.66000e+02  5.58365e-03 
 2.66500e+02  5.34710e-03 
 2.67000e+02  5.19701e-03 
 2.67500e+02  5.04363e-03 
 2.68000e+02  4.92007e-03 
 2.68500e+02  4.81698e-03 
 2.69000e+02  4.66725e-03 
 2.69500e+02  4.53539e-03 
 2.70000e+02  4.47705e-03 
 2.70500e+02  4.29825e-03 
 2.71000e+02  4.21051e-03 
 2.71500e+02  4.07942e-03 
 2.72000e+02  3.99882e-03 
 2.72500e+02  3.86328e-03 
 2.73000e+02  3.77868e-03 
 2.73500e+02  3.68950e-03 
 2.74000e+02  3.59895e-03 
 2.74500e+02  3.49370e-03 
 2.75000e+02  3.40517e-03 
 2.75500e+02  3.35440e-03 
 2.76000e+02  3.27274e-03 
 2.76500e+02  3.18934e-03 
 2.77000e+02  3.10884e-03 
 2.77500e+02  3.05120e-03 
 2.78000e+02  2.99230e-03 
 2.78500e+02  2.92810e-03 
 2.79000e+02  2.88561e-03 
 2.79500e+02  2.81750e-03 
 2.80000e+02  2.75002e-03 
 2.80500e+02  2.73202e-03 
 2.81000e+02  2.69114e-03 
 2.81500e+02  2.62949e-03 
 2.82000e+02  2.59213e-03 
 2.82500e+02  2.56914e-03 
 2.83000e+02  2.50956e-03 
 2.83500e+02  2.48255e-03 
 2.84000e+02  2.41010e-03 
 2.84500e+02  2.37814e-03 
 2.85000e+02  2.32910e-03 
 2.85500e+02  2.29197e-03 
 2.86000e+02  2.24942e-03 
 2.86500e+02  2.21466e-03 
 2.87000e+02  2.16971e-03 
 2.87500e+02  2.12981e-03 
 2.88000e+02  2.09809e-03 
 2.88500e+02  2.08659e-03 
 2.89000e+02  2.04382e-03 
 2.89500e+02  2.03026e-03 
 2.90000e+02  2.00370e-03 
 2.90500e+02  1.97149e-03 
 2.91000e+02  1.93512e-03 
 2.91500e+02  1.91497e-03 
 2.92000e+02  1.88298e-03 
 2.92500e+02  1.85805e-03 
 2.93000e+02  1.83114e-03 
 2.93500e+02  1.81226e-03 
 2.94000e+02  1.78135e-03 
 2.94500e+02  1.75482e-03 
 2.95000e+02  1.71877e-03 
 2.95500e+02  1.70173e-03 
 2.96000e+02  1.68420e-03 
 2.96500e+02  1.65917e-03 
 2.97000e+02  1.62926e-03 
 2.97500e+02  1.62274e-03 
 2.98000e+02  1.61299e-03 
 2.98500e+02  1.60746e-03 
 2.99000e+02  1.58138e-03 
 2.99500e+02  1.56329e-03 
 3.00000e+02  1.53774e-03 
 3.00500e+02  1.52257e-03 
 3.01000e+02  1.51054e-03 
 3.01500e+02  1.50347e-03 
 3.02000e+02  1.48554e-03 
 3.02500e+02  1.47717e-03 
 3.03000e+02  1.46048e-03 
 3.03500e+02  1.43660e-03 
 3.04000e+02  1.41961e-03 
 3.04500e+02  1.40741e-03 
 3.05000e+02  1.39910e-03 
 3.05500e+02  1.37933e-03 
 3.06000e+02  1.37059e-03 
 3.06500e+02  1.35960e-03 
 3.07000e+02  1.35821e-03 
 3.07500e+02  1.34459e-03 
 3.08000e+02  1.32829e-03 
 3.08500e+02  1.31465e-03 
 3.09000e+02  1.30762e-03 
 3.09500e+02  1.29463e-03 
 3.10000e+02  1.28150e-03 
 3.10500e+02  1.26526e-03 
 3.11000e+02  1.26629e-03 
 3.11500e+02  1.26435e-03 
 3.12000e+02  1.24377e-03 
 3.12500e+02  1.24574e-03 
 3.13000e+02  1.22713e-03 
 3.13500e+02  1.21496e-03 
 3.14000e+02  1.20454e-03 
 3.14500e+02  1.19185e-03 
 3.15000e+02  1.18826e-03 
 3.15500e+02  1.18747e-03 
 3.16000e+02  1.17859e-03 
 3.16500e+02  1.17148e-03 
 3.17000e+02  1.16355e-03 
 3.17500e+02  1.14386e-03 
 3.18000e+02  1.14142e-03 
 3.18500e+02  1.13833e-03 
 3.19000e+02  1.12874e-03 
 3.19500e+02  1.12524e-03 
