 0.00000e+00  1.03515e-03 
 5.00000e-01  1.03879e-03 
 1.00000e+00  1.03860e-03 
 1.50000e+00  1.04169e-03 
 2.00000e+00  1.05933e-03 
 2.50000e+00  1.06607e-03 
 3.00000e+00  1.07754e-03 
 3.50000e+00  1.08452e-03 
 4.00000e+00  1.09897e-03 
 4.50000e+00  1.10918e-03 
 5.00000e+00  1.11537e-03 
 5.50000e+00  1.12267e-03 
 6.00000e+00  1.13556e-03 
 6.50000e+00  1.14010e-03 
 7.00000e+00  1.16089e-03 
 7.50000e+00  1.15929e-03 
 8.00000e+00  1.17241e-03 
 8.50000e+00  1.18531e-03 
 9.00000e+00  1.20751e-03 
 9.50000e+00  1.21851e-03 
 1.00000e+01  1.22658e-03 
 1.05000e+01  1.24251e-03 
 1.10000e+01  1.25058e-03 
 1.15000e+01  1.26390e-03 
 1.20000e+01  1.27518e-03 
 1.25000e+01  1.29248e-03 
 1.30000e+01  1.29798e-03 
 1.35000e+01  1.32018e-03 
 1.40000e+01  1.32302e-03 
 1.45000e+01  1.33536e-03 
 1.50000e+01  1.36278e-03 
 1.55000e+01  1.37798e-03 
 1.60000e+01  1.38994e-03 
 1.65000e+01  1.40266e-03 
 1.70000e+01  1.41777e-03 
 1.75000e+01  1.43773e-03 
 1.80000e+01  1.44622e-03 
 1.85000e+01  1.45759e-03 
 1.90000e+01  1.48402e-03 
 1.95000e+01  1.48423e-03 
 2.00000e+01  1.51329e-03 
 2.05000e+01  1.52553e-03 
 2.10000e+01  1.55495e-03 
 2.15000e+01  1.56511e-03 
 2.20000e+01  1.57782e-03 
 2.25000e+01  1.61461e-03 
 2.30000e+01  1.63485e-03 
 2.35000e+01  1.64581e-03 
 2.40000e+01  1.67565e-03 
 2.45000e+01  1.70038e-03 
 2.50000e+01  1.70772e-03 
 2.55000e+01  1.72131e-03 
 2.60000e+01  1.76334e-03 
 2.65000e+01  1.78321e-03 
 2.70000e+01  1.81050e-03 
 2.75000e+01  1.84272e-03 
 2.80000e+01  1.86172e-03 
 2.85000e+01  1.90728e-03 
 2.90000e+01  1.93906e-03 
 2.95000e+01  1.98100e-03 
 3.00000e+01  2.01365e-03 
 3.05000e+01  2.05360e-03 
 3.10000e+01  2.08806e-03 
 3.15000e+01  2.11515e-03 
 3.20000e+01  2.13226e-03 
 3.25000e+01  2.17635e-03 
 3.30000e+01  2.23638e-03 
 3.35000e+01  2.27848e-03 
 3.40000e+01  2.31810e-03 
 3.45000e+01  2.38638e-03 
 3.50000e+01  2.43285e-03 
 3.55000e+01  2.49031e-03 
 3.60000e+01  2.55784e-03 
 3.65000e+01  2.61679e-03 
 3.70000e+01  2.64278e-03 
 3.75000e+01  2.70520e-03 
 3.80000e+01  2.75154e-03 
 3.85000e+01  2.81625e-03 
 3.90000e+01  2.88126e-03 
 3.95000e+01  2.91119e-03 
 4.00000e+01  2.99318e-03 
 4.05000e+01  3.05127e-03 
 4.10000e+01  3.12316e-03 
 4.15000e+01  3.22651e-03 
 4.20000e+01  3.30806e-03 
 4.25000e+01  3.37674e-03 
 4.30000e+01  3.47454e-03 
 4.35000e+01  3.58890e-03 
 4.40000e+01  3.71500e-03 
 4.45000e+01  3.84685e-03 
 4.50000e+01  3.92882e-03 
 4.55000e+01  4.01083e-03 
 4.60000e+01  4.13419e-03 
 4.65000e+01  4.24857e-03 
 4.70000e+01  4.39731e-03 
 4.75000e+01  4.48392e-03 
 4.80000e+01  4.60744e-03 
 4.85000e+01  4.77351e-03 
 4.90000e+01  4.94830e-03 
 4.95000e+01  5.09830e-03 
 5.00000e+01  5.24628e-03 
 5.05000e+01  5.38292e-03 
 5.10000e+01  5.51182e-03 
 5.15000e+01  5.73581e-03 
 5.20000e+01  5.86436e-03 
 5.25000e+01  6.01135e-03 
 5.30000e+01  6.13962e-03 
 5.35000e+01  6.32932e-03 
 5.40000e+01  6.56650e-03 
 5.45000e+01  6.66287e-03 
 5.50000e+01  6.82043e-03 
 5.55000e+01  7.03622e-03 
 5.60000e+01  7.26076e-03 
 5.65000e+01  7.41247e-03 
 5.70000e+01  7.53913e-03 
 5.75000e+01  7.75083e-03 
 5.80000e+01  7.86733e-03 
 5.85000e+01  8.12232e-03 
 5.90000e+01  8.25149e-03 
 5.95000e+01  8.42654e-03 
 6.00000e+01  8.52861e-03 
 6.05000e+01  8.51270e-03 
 6.10000e+01  8.75442e-03 
 6.15000e+01  8.81171e-03 
 6.20000e+01  9.03735e-03 
 6.25000e+01  9.18310e-03 
 6.30000e+01  9.44732e-03 
 6.35000e+01  9.60945e-03 
 6.40000e+01  9.52736e-03 
 6.45000e+01  9.52827e-03 
 6.50000e+01  9.58808e-03 
 6.55000e+01  9.71917e-03 
 6.60000e+01  9.99209e-03 
 6.65000e+01  1.02762e-02 
 6.70000e+01  1.02461e-02 
 6.75000e+01  1.04058e-02 
 6.80000e+01  1.05382e-02 
 6.85000e+01  1.05073e-02 
 6.90000e+01  1.07614e-02 
 6.95000e+01  1.08811e-02 
 7.00000e+01  1.09226e-02 
 7.05000e+01  1.09814e-02 
 7.10000e+01  1.11643e-02 
 7.15000e+01  1.15037e-02 
 7.20000e+01  1.13335e-02 
 7.25000e+01  1.12676e-02 
 7.30000e+01  1.13654e-02 
 7.35000e+01  1.16294e-02 
 7.40000e+01  1.17868e-02 
 7.45000e+01  1.19582e-02 
 7.50000e+01  1.20122e-02 
 7.55000e+01  1.20848e-02 
 7.60000e+01  1.21439e-02 
 7.65000e+01  1.22554e-02 
 7.70000e+01  1.25359e-02 
 7.75000e+01  1.25379e-02 
 7.80000e+01  1.26119e-02 
 7.85000e+01  1.25740e-02 
 7.90000e+01  1.24864e-02 
 7.95000e+01  1.26314e-02 
 8.00000e+01  1.27015e-02 
 8.05000e+01  1.28398e-02 
 8.10000e+01  1.30091e-02 
 8.15000e+01  1.32878e-02 
 8.20000e+01  1.33972e-02 
 8.25000e+01  1.31927e-02 
 8.30000e+01  1.33663e-02 
 8.35000e+01  1.33534e-02 
 8.40000e+01  1.34658e-02 
 8.45000e+01  1.32562e-02 
 8.50000e+01  1.33438e-02 
 8.55000e+01  1.35187e-02 
 8.60000e+01  1.39008e-02 
 8.65000e+01  1.38680e-02 
 8.70000e+01  1.40205e-02 
 8.75000e+01  1.40785e-02 
 8.80000e+01  1.42270e-02 
 8.85000e+01  1.37228e-02 
 8.90000e+01  1.39670e-02 
 8.95000e+01  1.42397e-02 
 9.00000e+01  1.44706e-02 
 9.05000e+01  1.47536e-02 
 9.10000e+01  1.46389e-02 
 9.15000e+01  1.45783e-02 
 9.20000e+01  1.48394e-02 
 9.25000e+01  1.49383e-02 
 9.30000e+01  1.48514e-02 
 9.35000e+01  1.48479e-02 
 9.40000e+01  1.52824e-02 
 9.45000e+01  1.52913e-02 
 9.50000e+01  1.57214e-02 
 9.55000e+01  1.56593e-02 
 9.60000e+01  1.55620e-02 
 9.65000e+01  1.56680e-02 
 9.70000e+01  1.58876e-02 
 9.75000e+01  1.63970e-02 
 9.80000e+01  1.63694e-02 
 9.85000e+01  1.63770e-02 
 9.90000e+01  1.66348e-02 
 9.95000e+01  1.68001e-02 
 1.00000e+02  1.74330e-02 
 1.00500e+02  1.82683e-02 
 1.01000e+02  1.84447e-02 
 1.01500e+02  1.85934e-02 
 1.02000e+02  1.88379e-02 
 1.02500e+02  1.97024e-02 
 1.03000e+02  1.97986e-02 
 1.03500e+02  1.96949e-02 
 1.04000e+02  1.98470e-02 
 1.04500e+02  2.02098e-02 
 1.05000e+02  2.09097e-02 
 1.05500e+02  2.15874e-02 
 1.06000e+02  2.14033e-02 
 1.06500e+02  2.20943e-02 
 1.07000e+02  2.23617e-02 
 1.07500e+02  2.27178e-02 
 1.08000e+02  2.28132e-02 
 1.08500e+02  2.26423e-02 
 1.09000e+02  2.36442e-02 
 1.09500e+02  2.46950e-02 
 1.10000e+02  2.47624e-02 
 1.10500e+02  2.52787e-02 
 1.11000e+02  2.51306e-02 
 1.11500e+02  2.58756e-02 
 1.12000e+02  2.58674e-02 
 1.12500e+02  2.63768e-02 
 1.13000e+02  2.66337e-02 
 1.13500e+02  2.63793e-02 
 1.14000e+02  2.77221e-02 
 1.14500e+02  2.72356e-02 
 1.15000e+02  2.72570e-02 
 1.15500e+02  2.83872e-02 
 1.16000e+02  2.82984e-02 
 1.16500e+02  2.87035e-02 
 1.17000e+02  2.89577e-02 
 1.17500e+02  2.86181e-02 
 1.18000e+02  2.85196e-02 
 1.18500e+02  2.92092e-02 
 1.19000e+02  2.96020e-02 
 1.19500e+02  2.95115e-02 
 1.20000e+02  2.99876e-02 
 1.20500e+02  2.99976e-02 
 1.21000e+02  3.02182e-02 
 1.21500e+02  3.08223e-02 
 1.22000e+02  3.07914e-02 
 1.22500e+02  3.15918e-02 
 1.23000e+02  3.20001e-02 
 1.23500e+02  3.19829e-02 
 1.24000e+02  3.20133e-02 
 1.24500e+02  3.15431e-02 
 1.25000e+02  3.19775e-02 
 1.25500e+02  3.21754e-02 
 1.26000e+02  3.24103e-02 
 1.26500e+02  3.33217e-02 
 1.27000e+02  3.27179e-02 
 1.27500e+02  3.33351e-02 
 1.28000e+02  3.25979e-02 
 1.28500e+02  3.35479e-02 
 1.29000e+02  3.37332e-02 
 1.29500e+02  3.39189e-02 
 1.30000e+02  3.37894e-02 
 1.30500e+02  3.41840e-02 
 1.31000e+02  3.40208e-02 
 1.31500e+02  3.44468e-02 
 1.32000e+02  3.42179e-02 
 1.32500e+02  3.48458e-02 
 1.33000e+02  3.44001e-02 
 1.33500e+02  3.47302e-02 
 1.34000e+02  3.59613e-02 
 1.34500e+02  3.58741e-02 
 1.35000e+02  3.58922e-02 
 1.35500e+02  3.55214e-02 
 1.36000e+02  3.55979e-02 
 1.36500e+02  3.56517e-02 
 1.37000e+02  3.62082e-02 
 1.37500e+02  3.60659e-02 
 1.38000e+02  3.73567e-02 
 1.38500e+02  3.70153e-02 
 1.39000e+02  3.70448e-02 
 1.39500e+02  3.77008e-02 
 1.40000e+02  3.79421e-02 
 1.40500e+02  3.71972e-02 
 1.41000e+02  3.67054e-02 
 1.41500e+02  3.76357e-02 
 1.42000e+02  3.76668e-02 
 1.42500e+02  3.84399e-02 
 1.43000e+02  3.84232e-02 
 1.43500e+02  3.82431e-02 
 1.44000e+02  3.81546e-02 
 1.44500e+02  3.81036e-02 
 1.45000e+02  3.77487e-02 
 1.45500e+02  3.87037e-02 
 1.46000e+02  3.93338e-02 
 1.46500e+02  3.95158e-02 
 1.47000e+02  3.91766e-02 
 1.47500e+02  3.88596e-02 
 1.48000e+02  3.80611e-02 
 1.48500e+02  3.84396e-02 
 1.49000e+02  3.85397e-02 
 1.49500e+02  3.84695e-02 
 1.50000e+02  3.93938e-02 
 1.50500e+02  3.95084e-02 
 1.51000e+02  4.03238e-02 
 1.51500e+02  3.94626e-02 
 1.52000e+02  3.93055e-02 
 1.52500e+02  3.93150e-02 
 1.53000e+02  3.95074e-02 
 1.53500e+02  3.98100e-02 
 1.54000e+02  3.99317e-02 
 1.54500e+02  4.06645e-02 
 1.55000e+02  3.94031e-02 
 1.55500e+02  3.97456e-02 
 1.56000e+02  3.91875e-02 
 1.56500e+02  3.94955e-02 
 1.57000e+02  3.87726e-02 
 1.57500e+02  3.87554e-02 
 1.58000e+02  3.95872e-02 
 1.58500e+02  3.98098e-02 
 1.59000e+02  3.92860e-02 
 1.59500e+02  3.89532e-02 
 1.60000e+02  3.82881e-02 
 1.60500e+02  3.83422e-02 
 1.61000e+02  3.79435e-02 
 1.61500e+02  3.80200e-02 
 1.62000e+02  3.85476e-02 
 1.62500e+02  3.89634e-02 
 1.63000e+02  3.74915e-02 
 1.63500e+02  3.86127e-02 
 1.64000e+02  3.81366e-02 
 1.64500e+02  3.86083e-02 
 1.65000e+02  3.84807e-02 
 1.65500e+02  3.84532e-02 
 1.66000e+02  3.83289e-02 
 1.66500e+02  3.80411e-02 
 1.67000e+02  3.95139e-02 
 1.67500e+02  3.90871e-02 
 1.68000e+02  3.90194e-02 
 1.68500e+02  3.88299e-02 
 1.69000e+02  3.85796e-02 
 1.69500e+02  3.97598e-02 
 1.70000e+02  3.89417e-02 
 1.70500e+02  3.93357e-02 
 1.71000e+02  3.95363e-02 
 1.71500e+02  3.90044e-02 
 1.72000e+02  3.97342e-02 
 1.72500e+02  3.90564e-02 
 1.73000e+02  3.90536e-02 
 1.73500e+02  3.96381e-02 
 1.74000e+02  3.87272e-02 
 1.74500e+02  3.84885e-02 
 1.75000e+02  3.79125e-02 
 1.75500e+02  3.73976e-02 
 1.76000e+02  3.76246e-02 
 1.76500e+02  3.72462e-02 
 1.77000e+02  3.75582e-02 
 1.77500e+02  3.67678e-02 
 1.78000e+02  3.75836e-02 
 1.78500e+02  3.68566e-02 
 1.79000e+02  3.72502e-02 
 1.79500e+02  3.64115e-02 
 1.80000e+02  3.60655e-02 
 1.80500e+02  3.70894e-02 
 1.81000e+02  3.69768e-02 
 1.81500e+02  3.63006e-02 
 1.82000e+02  3.61478e-02 
 1.82500e+02  3.62370e-02 
 1.83000e+02  3.56701e-02 
 1.83500e+02  3.57449e-02 
 1.84000e+02  3.59410e-02 
 1.84500e+02  3.57547e-02 
 1.85000e+02  3.56942e-02 
 1.85500e+02  3.44863e-02 
 1.86000e+02  3.44132e-02 
 1.86500e+02  3.44975e-02 
 1.87000e+02  3.43336e-02 
 1.87500e+02  3.39466e-02 
 1.88000e+02  3.47888e-02 
 1.88500e+02  3.44989e-02 
 1.89000e+02  3.51160e-02 
 1.89500e+02  3.50210e-02 
 1.90000e+02  3.51885e-02 
 1.90500e+02  3.35765e-02 
 1.91000e+02  3.36242e-02 
 1.91500e+02  3.29204e-02 
 1.92000e+02  3.26770e-02 
 1.92500e+02  3.24677e-02 
 1.93000e+02  3.20875e-02 
 1.93500e+02  3.15349e-02 
 1.94000e+02  3.10627e-02 
 1.94500e+02  3.02985e-02 
 1.95000e+02  2.97257e-02 
 1.95500e+02  2.96565e-02 
 1.96000e+02  2.94993e-02 
 1.96500e+02  3.00361e-02 
 1.97000e+02  2.93452e-02 
 1.97500e+02  2.94666e-02 
 1.98000e+02  2.90138e-02 
 1.98500e+02  2.93666e-02 
 1.99000e+02  2.89885e-02 
 1.99500e+02  2.88495e-02 
 2.00000e+02  2.91282e-02 
 2.00500e+02  2.81945e-02 
 2.01000e+02  2.81961e-02 
 2.01500e+02  2.81144e-02 
 2.02000e+02  2.73430e-02 
 2.02500e+02  2.73305e-02 
 2.03000e+02  2.60789e-02 
 2.03500e+02  2.63809e-02 
 2.04000e+02  2.57698e-02 
 2.04500e+02  2.50164e-02 
 2.05000e+02  2.48617e-02 
 2.05500e+02  2.46138e-02 
 2.06000e+02  2.41713e-02 
 2.06500e+02  2.38767e-02 
 2.07000e+02  2.43359e-02 
 2.07500e+02  2.35709e-02 
 2.08000e+02  2.36620e-02 
 2.08500e+02  2.30977e-02 
 2.09000e+02  2.25531e-02 
 2.09500e+02  2.26117e-02 
 2.10000e+02  2.20778e-02 
 2.10500e+02  2.17085e-02 
 2.11000e+02  2.17162e-02 
 2.11500e+02  2.14325e-02 
 2.12000e+02  2.05227e-02 
 2.12500e+02  1.99359e-02 
 2.13000e+02  2.02069e-02 
 2.13500e+02  1.96600e-02 
 2.14000e+02  1.89976e-02 
 2.14500e+02  1.86431e-02 
 2.15000e+02  1.83948e-02 
 2.15500e+02  1.79535e-02 
 2.16000e+02  1.75723e-02 
 2.16500e+02  1.76839e-02 
 2.17000e+02  1.72310e-02 
 2.17500e+02  1.75289e-02 
 2.18000e+02  1.72642e-02 
 2.18500e+02  1.73828e-02 
 2.19000e+02  1.74225e-02 
 2.19500e+02  1.68572e-02 
 2.20000e+02  1.68453e-02 
 2.20500e+02  1.69073e-02 
 2.21000e+02  1.64071e-02 
 2.21500e+02  1.63275e-02 
 2.22000e+02  1.60812e-02 
 2.22500e+02  1.58246e-02 
 2.23000e+02  1.58078e-02 
 2.23500e+02  1.58268e-02 
 2.24000e+02  1.55525e-02 
 2.24500e+02  1.55795e-02 
 2.25000e+02  1.55823e-02 
 2.25500e+02  1.51783e-02 
 2.26000e+02  1.52025e-02 
 2.26500e+02  1.53045e-02 
 2.27000e+02  1.45653e-02 
 2.27500e+02  1.48588e-02 
 2.28000e+02  1.48367e-02 
 2.28500e+02  1.47625e-02 
 2.29000e+02  1.45327e-02 
 2.29500e+02  1.48215e-02 
 2.30000e+02  1.45606e-02 
 2.30500e+02  1.46111e-02 
 2.31000e+02  1.42625e-02 
 2.31500e+02  1.41124e-02 
 2.32000e+02  1.41134e-02 
 2.32500e+02  1.42412e-02 
 2.33000e+02  1.39929e-02 
 2.33500e+02  1.39214e-02 
 2.34000e+02  1.37023e-02 
 2.34500e+02  1.37015e-02 
 2.35000e+02  1.35371e-02 
 2.35500e+02  1.35681e-02 
 2.36000e+02  1.35273e-02 
 2.36500e+02  1.36368e-02 
 2.37000e+02  1.33700e-02 
 2.37500e+02  1.31141e-02 
 2.38000e+02  1.27290e-02 
 2.38500e+02  1.26656e-02 
 2.39000e+02  1.31799e-02 
 2.39500e+02  1.29910e-02 
 2.40000e+02  1.27250e-02 
 2.40500e+02  1.25464e-02 
 2.41000e+02  1.24570e-02 
 2.41500e+02  1.24670e-02 
 2.42000e+02  1.25121e-02 
 2.42500e+02  1.21137e-02 
 2.43000e+02  1.20689e-02 
 2.43500e+02  1.21072e-02 
 2.44000e+02  1.21352e-02 
 2.44500e+02  1.19423e-02 
 2.45000e+02  1.17456e-02 
 2.45500e+02  1.14583e-02 
 2.46000e+02  1.12970e-02 
 2.46500e+02  1.13212e-02 
 2.47000e+02  1.12276e-02 
 2.47500e+02  1.12500e-02 
 2.48000e+02  1.10722e-02 
 2.48500e+02  1.10795e-02 
 2.49000e+02  1.09364e-02 
 2.49500e+02  1.06677e-02 
 2.50000e+02  1.03062e-02 
 2.50500e+02  1.02270e-02 
 2.51000e+02  1.02368e-02 
 2.51500e+02  1.01416e-02 
 2.52000e+02  9.95224e-03 
 2.52500e+02  9.95347e-03 
 2.53000e+02  9.68682e-03 
 2.53500e+02  9.63351e-03 
 2.54000e+02  9.41426e-03 
 2.54500e+02  9.27426e-03 
 2.55000e+02  9.21128e-03 
 2.55500e+02  9.14210e-03 
 2.56000e+02  8.90889e-03 
 2.56500e+02  8.87091e-03 
 2.57000e+02  8.74212e-03 
 2.57500e+02  8.46598e-03 
 2.58000e+02  8.30616e-03 
 2.58500e+02  8.01051e-03 
 2.59000e+02  7.89205e-03 
 2.59500e+02  7.72871e-03 
 2.60000e+02  7.55949e-03 
 2.60500e+02  7.33006e-03 
 2.61000e+02  7.03314e-03 
 2.61500e+02  6.88517e-03 
 2.62000e+02  6.76010e-03 
 2.62500e+02  6.59855e-03 
 2.63000e+02  6.48764e-03 
 2.63500e+02  6.28274e-03 
 2.64000e+02  6.08305e-03 
 2.64500e+02  5.86205e-03 
 2.65000e+02  5.68897e-03 
 2.65500e+02  5.58526e-03 
 2.66000e+02  5.45493e-03 
 2.66500e+02  5.26888e-03 
 2.67000e+02  5.16135e-03 
 2.67500e+02  4.98930e-03 
 2.68000e+02  4.83110e-03 
 2.68500e+02  4.72641e-03 
 2.69000e+02  4.65154e-03 
 2.69500e+02  4.47506e-03 
 2.70000e+02  4.39145e-03 
 2.70500e+02  4.24826e-03 
 2.71000e+02  4.10426e-03 
 2.71500e+02  3.98138e-03 
 2.72000e+02  3.89150e-03 
 2.72500e+02  3.82608e-03 
 2.73000e+02  3.73176e-03 
 2.73500e+02  3.62946e-03 
 2.74000e+02  3.54554e-03 
 2.74500e+02  3.45892e-03 
 2.75000e+02  3.35053e-03 
 2.75500e+02  3.27165e-03 
 2.76000e+02  3.22796e-03 
 2.76500e+02  3.18234e-03 
 2.77000e+02  3.11113e-03 
 2.77500e+02  3.06030e-03 
 2.78000e+02  3.00898e-03 
 2.78500e+02  2.91953e-03 
 2.79000e+02  2.85725e-03 
 2.79500e+02  2.80100e-03 
 2.80000e+02  2.77513e-03 
 2.80500e+02  2.70309e-03 
 2.81000e+02  2.65143e-03 
 2.81500e+02  2.60809e-03 
 2.82000e+02  2.56493e-03 
 2.82500e+02  2.53358e-03 
 2.83000e+02  2.48384e-03 
 2.83500e+02  2.45304e-03 
 2.84000e+02  2.38764e-03 
 2.84500e+02  2.33818e-03 
 2.85000e+02  2.29802e-03 
 2.85500e+02  2.26748e-03 
 2.86000e+02  2.22467e-03 
 2.86500e+02  2.18116e-03 
 2.87000e+02  2.14147e-03 
 2.87500e+02  2.10324e-03 
 2.88000e+02  2.07527e-03 
 2.88500e+02  2.04703e-03 
 2.89000e+02  2.02899e-03 
 2.89500e+02  1.99382e-03 
 2.90000e+02  1.95645e-03 
 2.90500e+02  1.93492e-03 
 2.91000e+02  1.91294e-03 
 2.91500e+02  1.88696e-03 
 2.92000e+02  1.87811e-03 
 2.92500e+02  1.83864e-03 
 2.93000e+02  1.82637e-03 
 2.93500e+02  1.81418e-03 
 2.94000e+02  1.78906e-03 
 2.94500e+02  1.75088e-03 
 2.95000e+02  1.71967e-03 
 2.95500e+02  1.71286e-03 
 2.96000e+02  1.67391e-03 
 2.96500e+02  1.65849e-03 
 2.97000e+02  1.63940e-03 
 2.97500e+02  1.63258e-03 
 2.98000e+02  1.61974e-03 
 2.98500e+02  1.60574e-03 
 2.99000e+02  1.57502e-03 
 2.99500e+02  1.55695e-03 
 3.00000e+02  1.53305e-03 
 3.00500e+02  1.50834e-03 
 3.01000e+02  1.50109e-03 
 3.01500e+02  1.49520e-03 
 3.02000e+02  1.47961e-03 
 3.02500e+02  1.46739e-03 
 3.03000e+02  1.45262e-03 
 3.03500e+02  1.43610e-03 
 3.04000e+02  1.41246e-03 
 3.04500e+02  1.40736e-03 
 3.05000e+02  1.38490e-03 
 3.05500e+02  1.37678e-03 
 3.06000e+02  1.37894e-03 
 3.06500e+02  1.36653e-03 
 3.07000e+02  1.34280e-03 
 3.07500e+02  1.33543e-03 
 3.08000e+02  1.32610e-03 
 3.08500e+02  1.30753e-03 
 3.09000e+02  1.30598e-03 
 3.09500e+02  1.28802e-03 
 3.10000e+02  1.29283e-03 
 3.10500e+02  1.27913e-03 
 3.11000e+02  1.27752e-03 
 3.11500e+02  1.25746e-03 
 3.12000e+02  1.24949e-03 
 3.12500e+02  1.23328e-03 
 3.13000e+02  1.22398e-03 
 3.13500e+02  1.21391e-03 
 3.14000e+02  1.20633e-03 
 3.14500e+02  1.19391e-03 
 3.15000e+02  1.19262e-03 
 3.15500e+02  1.18198e-03 
 3.16000e+02  1.17372e-03 
 3.16500e+02  1.16266e-03 
 3.17000e+02  1.15923e-03 
 3.17500e+02  1.15373e-03 
 3.18000e+02  1.13941e-03 
 3.18500e+02  1.13315e-03 
 3.19000e+02  1.13097e-03 
 3.19500e+02  1.12338e-03 
