 0.00000e+00  1.04611e-03 
 5.00000e-01  1.06046e-03 
 1.00000e+00  1.06284e-03 
 1.50000e+00  1.07522e-03 
 2.00000e+00  1.08370e-03 
 2.50000e+00  1.08614e-03 
 3.00000e+00  1.10178e-03 
 3.50000e+00  1.10012e-03 
 4.00000e+00  1.10966e-03 
 4.50000e+00  1.12180e-03 
 5.00000e+00  1.13141e-03 
 5.50000e+00  1.14226e-03 
 6.00000e+00  1.15786e-03 
 6.50000e+00  1.17680e-03 
 7.00000e+00  1.18630e-03 
 7.50000e+00  1.18910e-03 
 8.00000e+00  1.20353e-03 
 8.50000e+00  1.22783e-03 
 9.00000e+00  1.23602e-03 
 9.50000e+00  1.24162e-03 
 1.00000e+01  1.25518e-03 
 1.05000e+01  1.25679e-03 
 1.10000e+01  1.27794e-03 
 1.15000e+01  1.29101e-03 
 1.20000e+01  1.29666e-03 
 1.25000e+01  1.31257e-03 
 1.30000e+01  1.33688e-03 
 1.35000e+01  1.34850e-03 
 1.40000e+01  1.36036e-03 
 1.45000e+01  1.37698e-03 
 1.50000e+01  1.38340e-03 
 1.55000e+01  1.40201e-03 
 1.60000e+01  1.42374e-03 
 1.65000e+01  1.43238e-03 
 1.70000e+01  1.44198e-03 
 1.75000e+01  1.44664e-03 
 1.80000e+01  1.47819e-03 
 1.85000e+01  1.50160e-03 
 1.90000e+01  1.52041e-03 
 1.95000e+01  1.53982e-03 
 2.00000e+01  1.55330e-03 
 2.05000e+01  1.57873e-03 
 2.10000e+01  1.59971e-03 
 2.15000e+01  1.62197e-03 
 2.20000e+01  1.63843e-03 
 2.25000e+01  1.66314e-03 
 2.30000e+01  1.68770e-03 
 2.35000e+01  1.70369e-03 
 2.40000e+01  1.73630e-03 
 2.45000e+01  1.75787e-03 
 2.50000e+01  1.77847e-03 
 2.55000e+01  1.78806e-03 
 2.60000e+01  1.82208e-03 
 2.65000e+01  1.84671e-03 
 2.70000e+01  1.87190e-03 
 2.75000e+01  1.91245e-03 
 2.80000e+01  1.92759e-03 
 2.85000e+01  1.96352e-03 
 2.90000e+01  1.98926e-03 
 2.95000e+01  2.02500e-03 
 3.00000e+01  2.05855e-03 
 3.05000e+01  2.10891e-03 
 3.10000e+01  2.13217e-03 
 3.15000e+01  2.18396e-03 
 3.20000e+01  2.21421e-03 
 3.25000e+01  2.24462e-03 
 3.30000e+01  2.29855e-03 
 3.35000e+01  2.34177e-03 
 3.40000e+01  2.37947e-03 
 3.45000e+01  2.43640e-03 
 3.50000e+01  2.47956e-03 
 3.55000e+01  2.55168e-03 
 3.60000e+01  2.59298e-03 
 3.65000e+01  2.64634e-03 
 3.70000e+01  2.69998e-03 
 3.75000e+01  2.76034e-03 
 3.80000e+01  2.82250e-03 
 3.85000e+01  2.88002e-03 
 3.90000e+01  2.96554e-03 
 3.95000e+01  3.03330e-03 
 4.00000e+01  3.09918e-03 
 4.05000e+01  3.17106e-03 
 4.10000e+01  3.28057e-03 
 4.15000e+01  3.36174e-03 
 4.20000e+01  3.44442e-03 
 4.25000e+01  3.49213e-03 
 4.30000e+01  3.59713e-03 
 4.35000e+01  3.68772e-03 
 4.40000e+01  3.79968e-03 
 4.45000e+01  3.91838e-03 
 4.50000e+01  4.00494e-03 
 4.55000e+01  4.13466e-03 
 4.60000e+01  4.31150e-03 
 4.65000e+01  4.41198e-03 
 4.70000e+01  4.50079e-03 
 4.75000e+01  4.58279e-03 
 4.80000e+01  4.71860e-03 
 4.85000e+01  4.88655e-03 
 4.90000e+01  5.09502e-03 
 4.95000e+01  5.29476e-03 
 5.00000e+01  5.43589e-03 
 5.05000e+01  5.59139e-03 
 5.10000e+01  5.68070e-03 
 5.15000e+01  5.81958e-03 
 5.20000e+01  6.02616e-03 
 5.25000e+01  6.23472e-03 
 5.30000e+01  6.39139e-03 
 5.35000e+01  6.56429e-03 
 5.40000e+01  6.73185e-03 
 5.45000e+01  6.86226e-03 
 5.50000e+01  7.08406e-03 
 5.55000e+01  7.27522e-03 
 5.60000e+01  7.38626e-03 
 5.65000e+01  7.63700e-03 
 5.70000e+01  7.75694e-03 
 5.75000e+01  7.73312e-03 
 5.80000e+01  7.98090e-03 
 5.85000e+01  8.09802e-03 
 5.90000e+01  8.20827e-03 
 5.95000e+01  8.56079e-03 
 6.00000e+01  8.65094e-03 
 6.05000e+01  8.73274e-03 
 6.10000e+01  8.95574e-03 
 6.15000e+01  9.01998e-03 
 6.20000e+01  9.10441e-03 
 6.25000e+01  9.22381e-03 
 6.30000e+01  9.48382e-03 
 6.35000e+01  9.54239e-03 
 6.40000e+01  9.71502e-03 
 6.45000e+01  9.72522e-03 
 6.50000e+01  9.85289e-03 
 6.55000e+01  9.92185e-03 
 6.60000e+01  1.00626e-02 
 6.65000e+01  1.02802e-02 
 6.70000e+01  1.04710e-02 
 6.75000e+01  1.04882e-02 
 6.80000e+01  1.05860e-02 
 6.85000e+01  1.07180e-02 
 6.90000e+01  1.08569e-02 
 6.95000e+01  1.09813e-02 
 7.00000e+01  1.12352e-02 
 7.05000e+01  1.13388e-02 
 7.10000e+01  1.14419e-02 
 7.15000e+01  1.14052e-02 
 7.20000e+01  1.15739e-02 
 7.25000e+01  1.17943e-02 
 7.30000e+01  1.18095e-02 
 7.35000e+01  1.18340e-02 
 7.40000e+01  1.18018e-02 
 7.45000e+01  1.17963e-02 
 7.50000e+01  1.18986e-02 
 7.55000e+01  1.22640e-02 
 7.60000e+01  1.24056e-02 
 7.65000e+01  1.23554e-02 
 7.70000e+01  1.26088e-02 
 7.75000e+01  1.26943e-02 
 7.80000e+01  1.26660e-02 
 7.85000e+01  1.28277e-02 
 7.90000e+01  1.27964e-02 
 7.95000e+01  1.30376e-02 
 8.00000e+01  1.30563e-02 
 8.05000e+01  1.29508e-02 
 8.10000e+01  1.31608e-02 
 8.15000e+01  1.32436e-02 
 8.20000e+01  1.31338e-02 
 8.25000e+01  1.33100e-02 
 8.30000e+01  1.34175e-02 
 8.35000e+01  1.35239e-02 
 8.40000e+01  1.34364e-02 
 8.45000e+01  1.35932e-02 
 8.50000e+01  1.39188e-02 
 8.55000e+01  1.38929e-02 
 8.60000e+01  1.40426e-02 
 8.65000e+01  1.38568e-02 
 8.70000e+01  1.40873e-02 
 8.75000e+01  1.41208e-02 
 8.80000e+01  1.43872e-02 
 8.85000e+01  1.42350e-02 
 8.90000e+01  1.45539e-02 
 8.95000e+01  1.46007e-02 
 9.00000e+01  1.46442e-02 
 9.05000e+01  1.49649e-02 
 9.10000e+01  1.47728e-02 
 9.15000e+01  1.48219e-02 
 9.20000e+01  1.48520e-02 
 9.25000e+01  1.50913e-02 
 9.30000e+01  1.52173e-02 
 9.35000e+01  1.51930e-02 
 9.40000e+01  1.52190e-02 
 9.45000e+01  1.52679e-02 
 9.50000e+01  1.55182e-02 
 9.55000e+01  1.58111e-02 
 9.60000e+01  1.56743e-02 
 9.65000e+01  1.56500e-02 
 9.70000e+01  1.54227e-02 
 9.75000e+01  1.61373e-02 
 9.80000e+01  1.65106e-02 
 9.85000e+01  1.66123e-02 
 9.90000e+01  1.67974e-02 
 9.95000e+01  1.68135e-02 
 1.00000e+02  1.72069e-02 
 1.00500e+02  1.75019e-02 
 1.01000e+02  1.77929e-02 
 1.01500e+02  1.86122e-02 
 1.02000e+02  1.85410e-02 
 1.02500e+02  1.88795e-02 
 1.03000e+02  1.89893e-02 
 1.03500e+02  1.91484e-02 
 1.04000e+02  1.96728e-02 
 1.04500e+02  1.97072e-02 
 1.05000e+02  1.99974e-02 
 1.05500e+02  2.12368e-02 
 1.06000e+02  2.14001e-02 
 1.06500e+02  2.14023e-02 
 1.07000e+02  2.19274e-02 
 1.07500e+02  2.25318e-02 
 1.08000e+02  2.27666e-02 
 1.08500e+02  2.24752e-02 
 1.09000e+02  2.26022e-02 
 1.09500e+02  2.29135e-02 
 1.10000e+02  2.37976e-02 
 1.10500e+02  2.43901e-02 
 1.11000e+02  2.47156e-02 
 1.11500e+02  2.52477e-02 
 1.12000e+02  2.55177e-02 
 1.12500e+02  2.57745e-02 
 1.13000e+02  2.62401e-02 
 1.13500e+02  2.65622e-02 
 1.14000e+02  2.64967e-02 
 1.14500e+02  2.66261e-02 
 1.15000e+02  2.78108e-02 
 1.15500e+02  2.77392e-02 
 1.16000e+02  2.86372e-02 
 1.16500e+02  2.85677e-02 
 1.17000e+02  2.97115e-02 
 1.17500e+02  2.98033e-02 
 1.18000e+02  2.96172e-02 
 1.18500e+02  2.99788e-02 
 1.19000e+02  3.04609e-02 
 1.19500e+02  3.10431e-02 
 1.20000e+02  3.08965e-02 
 1.20500e+02  3.17530e-02 
 1.21000e+02  3.09205e-02 
 1.21500e+02  3.14610e-02 
 1.22000e+02  3.14472e-02 
 1.22500e+02  3.16697e-02 
 1.23000e+02  3.13383e-02 
 1.23500e+02  3.17773e-02 
 1.24000e+02  3.21602e-02 
 1.24500e+02  3.27077e-02 
 1.25000e+02  3.34166e-02 
 1.25500e+02  3.31770e-02 
 1.26000e+02  3.37923e-02 
 1.26500e+02  3.42732e-02 
 1.27000e+02  3.34726e-02 
 1.27500e+02  3.37452e-02 
 1.28000e+02  3.37306e-02 
 1.28500e+02  3.35500e-02 
 1.29000e+02  3.50628e-02 
 1.29500e+02  3.48628e-02 
 1.30000e+02  3.46854e-02 
 1.30500e+02  3.45392e-02 
 1.31000e+02  3.49929e-02 
 1.31500e+02  3.57086e-02 
 1.32000e+02  3.60523e-02 
 1.32500e+02  3.57379e-02 
 1.33000e+02  3.56557e-02 
 1.33500e+02  3.58810e-02 
 1.34000e+02  3.68600e-02 
 1.34500e+02  3.67499e-02 
 1.35000e+02  3.60368e-02 
 1.35500e+02  3.62537e-02 
 1.36000e+02  3.69668e-02 
 1.36500e+02  3.60076e-02 
 1.37000e+02  3.70264e-02 
 1.37500e+02  3.67981e-02 
 1.38000e+02  3.72598e-02 
 1.38500e+02  3.67405e-02 
 1.39000e+02  3.75781e-02 
 1.39500e+02  3.64399e-02 
 1.40000e+02  3.78816e-02 
 1.40500e+02  3.76324e-02 
 1.41000e+02  3.74184e-02 
 1.41500e+02  3.80597e-02 
 1.42000e+02  3.81701e-02 
 1.42500e+02  4.00667e-02 
 1.43000e+02  3.95484e-02 
 1.43500e+02  4.02453e-02 
 1.44000e+02  3.85698e-02 
 1.44500e+02  3.86403e-02 
 1.45000e+02  3.90575e-02 
 1.45500e+02  3.92147e-02 
 1.46000e+02  3.88008e-02 
 1.46500e+02  3.90814e-02 
 1.47000e+02  3.87907e-02 
 1.47500e+02  3.92206e-02 
 1.48000e+02  3.92067e-02 
 1.48500e+02  4.00387e-02 
 1.49000e+02  3.99099e-02 
 1.49500e+02  4.04759e-02 
 1.50000e+02  4.06912e-02 
 1.50500e+02  3.98334e-02 
 1.51000e+02  4.01080e-02 
 1.51500e+02  4.02723e-02 
 1.52000e+02  3.97471e-02 
 1.52500e+02  4.04281e-02 
 1.53000e+02  4.09771e-02 
 1.53500e+02  4.04134e-02 
 1.54000e+02  4.01913e-02 
 1.54500e+02  4.02847e-02 
 1.55000e+02  4.03248e-02 
 1.55500e+02  3.94286e-02 
 1.56000e+02  3.84848e-02 
 1.56500e+02  3.93658e-02 
 1.57000e+02  3.98158e-02 
 1.57500e+02  3.85438e-02 
 1.58000e+02  4.00071e-02 
 1.58500e+02  3.98246e-02 
 1.59000e+02  4.00425e-02 
 1.59500e+02  3.99325e-02 
 1.60000e+02  3.94071e-02 
 1.60500e+02  3.90164e-02 
 1.61000e+02  3.95232e-02 
 1.61500e+02  3.96466e-02 
 1.62000e+02  4.00101e-02 
 1.62500e+02  3.89722e-02 
 1.63000e+02  3.93623e-02 
 1.63500e+02  3.89010e-02 
 1.64000e+02  3.90463e-02 
 1.64500e+02  3.98302e-02 
 1.65000e+02  3.86613e-02 
 1.65500e+02  3.93838e-02 
 1.66000e+02  3.92179e-02 
 1.66500e+02  3.88967e-02 
 1.67000e+02  3.94963e-02 
 1.67500e+02  4.03855e-02 
 1.68000e+02  3.84917e-02 
 1.68500e+02  3.95085e-02 
 1.69000e+02  3.81581e-02 
 1.69500e+02  3.92639e-02 
 1.70000e+02  3.78918e-02 
 1.70500e+02  3.82343e-02 
 1.71000e+02  3.80608e-02 
 1.71500e+02  3.88185e-02 
 1.72000e+02  3.69967e-02 
 1.72500e+02  3.80860e-02 
 1.73000e+02  3.72188e-02 
 1.73500e+02  3.78252e-02 
 1.74000e+02  3.76666e-02 
 1.74500e+02  3.87497e-02 
 1.75000e+02  3.92249e-02 
 1.75500e+02  3.88177e-02 
 1.76000e+02  3.77458e-02 
 1.76500e+02  3.84166e-02 
 1.77000e+02  3.73369e-02 
 1.77500e+02  3.80034e-02 
 1.78000e+02  3.63972e-02 
 1.78500e+02  3.67966e-02 
 1.79000e+02  3.63724e-02 
 1.79500e+02  3.78063e-02 
 1.80000e+02  3.76876e-02 
 1.80500e+02  3.77323e-02 
 1.81000e+02  3.76819e-02 
 1.81500e+02  3.87807e-02 
 1.82000e+02  3.72773e-02 
 1.82500e+02  3.63466e-02 
 1.83000e+02  3.60509e-02 
 1.83500e+02  3.60273e-02 
 1.84000e+02  3.64780e-02 
 1.84500e+02  3.52468e-02 
 1.85000e+02  3.54494e-02 
 1.85500e+02  3.59947e-02 
 1.86000e+02  3.52549e-02 
 1.86500e+02  3.64207e-02 
 1.87000e+02  3.61257e-02 
 1.87500e+02  3.61098e-02 
 1.88000e+02  3.50331e-02 
 1.88500e+02  3.50666e-02 
 1.89000e+02  3.49743e-02 
 1.89500e+02  3.49504e-02 
 1.90000e+02  3.50123e-02 
 1.90500e+02  3.48010e-02 
 1.91000e+02  3.43950e-02 
 1.91500e+02  3.39678e-02 
 1.92000e+02  3.37684e-02 
 1.92500e+02  3.23429e-02 
 1.93000e+02  3.32486e-02 
 1.93500e+02  3.22620e-02 
 1.94000e+02  3.21907e-02 
 1.94500e+02  3.23288e-02 
 1.95000e+02  3.16164e-02 
 1.95500e+02  3.12849e-02 
 1.96000e+02  3.06294e-02 
 1.96500e+02  3.07710e-02 
 1.97000e+02  3.06948e-02 
 1.97500e+02  2.99445e-02 
 1.98000e+02  3.03011e-02 
 1.98500e+02  2.93106e-02 
 1.99000e+02  2.93427e-02 
 1.99500e+02  2.93230e-02 
 2.00000e+02  2.87453e-02 
 2.00500e+02  2.83198e-02 
 2.01000e+02  2.90466e-02 
 2.01500e+02  2.83118e-02 
 2.02000e+02  2.74340e-02 
 2.02500e+02  2.66947e-02 
 2.03000e+02  2.57545e-02 
 2.03500e+02  2.58959e-02 
 2.04000e+02  2.56132e-02 
 2.04500e+02  2.59792e-02 
 2.05000e+02  2.62897e-02 
 2.05500e+02  2.58998e-02 
 2.06000e+02  2.54504e-02 
 2.06500e+02  2.47848e-02 
 2.07000e+02  2.42872e-02 
 2.07500e+02  2.41716e-02 
 2.08000e+02  2.41168e-02 
 2.08500e+02  2.36754e-02 
 2.09000e+02  2.34862e-02 
 2.09500e+02  2.31779e-02 
 2.10000e+02  2.25422e-02 
 2.10500e+02  2.21090e-02 
 2.11000e+02  2.13835e-02 
 2.11500e+02  2.11831e-02 
 2.12000e+02  2.09258e-02 
 2.12500e+02  1.99554e-02 
 2.13000e+02  2.02689e-02 
 2.13500e+02  1.98738e-02 
 2.14000e+02  1.98044e-02 
 2.14500e+02  1.90524e-02 
 2.15000e+02  1.87421e-02 
 2.15500e+02  1.81701e-02 
 2.16000e+02  1.77980e-02 
 2.16500e+02  1.75330e-02 
 2.17000e+02  1.74013e-02 
 2.17500e+02  1.73629e-02 
 2.18000e+02  1.72887e-02 
 2.18500e+02  1.72330e-02 
 2.19000e+02  1.67062e-02 
 2.19500e+02  1.68457e-02 
 2.20000e+02  1.64722e-02 
 2.20500e+02  1.65899e-02 
 2.21000e+02  1.67312e-02 
 2.21500e+02  1.65937e-02 
 2.22000e+02  1.65601e-02 
 2.22500e+02  1.62615e-02 
 2.23000e+02  1.61748e-02 
 2.23500e+02  1.60839e-02 
 2.24000e+02  1.61689e-02 
 2.24500e+02  1.57821e-02 
 2.25000e+02  1.59382e-02 
 2.25500e+02  1.58128e-02 
 2.26000e+02  1.59166e-02 
 2.26500e+02  1.55310e-02 
 2.27000e+02  1.52379e-02 
 2.27500e+02  1.52516e-02 
 2.28000e+02  1.52715e-02 
 2.28500e+02  1.49015e-02 
 2.29000e+02  1.49105e-02 
 2.29500e+02  1.46026e-02 
 2.30000e+02  1.45284e-02 
 2.30500e+02  1.47776e-02 
 2.31000e+02  1.44999e-02 
 2.31500e+02  1.42473e-02 
 2.32000e+02  1.41810e-02 
 2.32500e+02  1.41620e-02 
 2.33000e+02  1.38891e-02 
 2.33500e+02  1.40073e-02 
 2.34000e+02  1.38302e-02 
 2.34500e+02  1.37028e-02 
 2.35000e+02  1.37481e-02 
 2.35500e+02  1.35113e-02 
 2.36000e+02  1.33914e-02 
 2.36500e+02  1.39390e-02 
 2.37000e+02  1.34876e-02 
 2.37500e+02  1.32211e-02 
 2.38000e+02  1.32984e-02 
 2.38500e+02  1.33974e-02 
 2.39000e+02  1.32226e-02 
 2.39500e+02  1.31271e-02 
 2.40000e+02  1.29123e-02 
 2.40500e+02  1.29138e-02 
 2.41000e+02  1.28882e-02 
 2.41500e+02  1.28207e-02 
 2.42000e+02  1.26069e-02 
 2.42500e+02  1.23431e-02 
 2.43000e+02  1.23880e-02 
 2.43500e+02  1.23190e-02 
 2.44000e+02  1.21384e-02 
 2.44500e+02  1.19757e-02 
 2.45000e+02  1.18672e-02 
 2.45500e+02  1.18886e-02 
 2.46000e+02  1.17411e-02 
 2.46500e+02  1.15279e-02 
 2.47000e+02  1.13116e-02 
 2.47500e+02  1.11929e-02 
 2.48000e+02  1.11710e-02 
 2.48500e+02  1.11239e-02 
 2.49000e+02  1.11957e-02 
 2.49500e+02  1.09384e-02 
 2.50000e+02  1.07623e-02 
 2.50500e+02  1.04971e-02 
 2.51000e+02  1.04893e-02 
 2.51500e+02  1.02817e-02 
 2.52000e+02  1.00114e-02 
 2.52500e+02  9.99017e-03 
 2.53000e+02  9.94046e-03 
 2.53500e+02  9.77007e-03 
 2.54000e+02  9.52407e-03 
 2.54500e+02  9.42409e-03 
 2.55000e+02  9.30055e-03 
 2.55500e+02  9.34594e-03 
 2.56000e+02  9.12698e-03 
 2.56500e+02  8.95709e-03 
 2.57000e+02  8.72359e-03 
 2.57500e+02  8.51131e-03 
 2.58000e+02  8.34304e-03 
 2.58500e+02  8.13716e-03 
 2.59000e+02  7.86016e-03 
 2.59500e+02  7.69670e-03 
 2.60000e+02  7.61810e-03 
 2.60500e+02  7.43682e-03 
 2.61000e+02  7.14684e-03 
 2.61500e+02  7.04542e-03 
 2.62000e+02  6.85090e-03 
 2.62500e+02  6.74210e-03 
 2.63000e+02  6.54972e-03 
 2.63500e+02  6.36887e-03 
 2.64000e+02  6.16495e-03 
 2.64500e+02  6.03632e-03 
 2.65000e+02  5.86302e-03 
 2.65500e+02  5.70338e-03 
 2.66000e+02  5.55862e-03 
 2.66500e+02  5.33869e-03 
 2.67000e+02  5.21122e-03 
 2.67500e+02  5.08518e-03 
 2.68000e+02  4.95834e-03 
 2.68500e+02  4.77174e-03 
 2.69000e+02  4.69665e-03 
 2.69500e+02  4.59777e-03 
 2.70000e+02  4.46926e-03 
 2.70500e+02  4.30838e-03 
 2.71000e+02  4.23722e-03 
 2.71500e+02  4.08267e-03 
 2.72000e+02  3.94265e-03 
 2.72500e+02  3.87234e-03 
 2.73000e+02  3.78250e-03 
 2.73500e+02  3.68638e-03 
 2.74000e+02  3.62494e-03 
 2.74500e+02  3.52710e-03 
 2.75000e+02  3.42329e-03 
 2.75500e+02  3.35010e-03 
 2.76000e+02  3.28634e-03 
 2.76500e+02  3.22343e-03 
 2.77000e+02  3.16153e-03 
 2.77500e+02  3.06647e-03 
 2.78000e+02  3.02219e-03 
 2.78500e+02  2.97667e-03 
 2.79000e+02  2.93417e-03 
 2.79500e+02  2.87586e-03 
 2.80000e+02  2.81777e-03 
 2.80500e+02  2.75645e-03 
 2.81000e+02  2.68424e-03 
 2.81500e+02  2.61279e-03 
 2.82000e+02  2.58334e-03 
 2.82500e+02  2.55620e-03 
 2.83000e+02  2.50114e-03 
 2.83500e+02  2.46220e-03 
 2.84000e+02  2.40790e-03 
 2.84500e+02  2.35656e-03 
 2.85000e+02  2.31930e-03 
 2.85500e+02  2.28682e-03 
 2.86000e+02  2.26049e-03 
 2.86500e+02  2.20612e-03 
 2.87000e+02  2.17438e-03 
 2.87500e+02  2.14689e-03 
 2.88000e+02  2.10618e-03 
 2.88500e+02  2.09661e-03 
 2.89000e+02  2.06498e-03 
 2.89500e+02  2.02838e-03 
 2.90000e+02  1.99148e-03 
 2.90500e+02  1.94549e-03 
 2.91000e+02  1.91618e-03 
 2.91500e+02  1.90290e-03 
 2.92000e+02  1.88893e-03 
 2.92500e+02  1.85929e-03 
 2.93000e+02  1.83006e-03 
 2.93500e+02  1.81250e-03 
 2.94000e+02  1.77154e-03 
 2.94500e+02  1.76562e-03 
 2.95000e+02  1.73966e-03 
 2.95500e+02  1.72917e-03 
 2.96000e+02  1.69901e-03 
 2.96500e+02  1.67697e-03 
 2.97000e+02  1.65941e-03 
 2.97500e+02  1.64236e-03 
 2.98000e+02  1.62291e-03 
 2.98500e+02  1.59114e-03 
 2.99000e+02  1.57873e-03 
 2.99500e+02  1.56058e-03 
 3.00000e+02  1.55313e-03 
 3.00500e+02  1.53378e-03 
 3.01000e+02  1.52787e-03 
 3.01500e+02  1.50831e-03 
 3.02000e+02  1.49053e-03 
 3.02500e+02  1.47467e-03 
 3.03000e+02  1.46290e-03 
 3.03500e+02  1.43461e-03 
 3.04000e+02  1.41059e-03 
 3.04500e+02  1.40725e-03 
 3.05000e+02  1.39785e-03 
 3.05500e+02  1.39525e-03 
 3.06000e+02  1.37225e-03 
 3.06500e+02  1.36701e-03 
 3.07000e+02  1.36218e-03 
 3.07500e+02  1.34938e-03 
 3.08000e+02  1.32038e-03 
 3.08500e+02  1.31023e-03 
 3.09000e+02  1.30708e-03 
 3.09500e+02  1.30479e-03 
 3.10000e+02  1.29455e-03 
 3.10500e+02  1.29776e-03 
 3.11000e+02  1.28800e-03 
 3.11500e+02  1.28634e-03 
 3.12000e+02  1.26760e-03 
 3.12500e+02  1.25379e-03 
 3.13000e+02  1.24387e-03 
 3.13500e+02  1.22488e-03 
 3.14000e+02  1.22303e-03 
 3.14500e+02  1.21188e-03 
 3.15000e+02  1.20510e-03 
 3.15500e+02  1.19594e-03 
 3.16000e+02  1.19322e-03 
 3.16500e+02  1.17518e-03 
 3.17000e+02  1.16720e-03 
 3.17500e+02  1.16086e-03 
 3.18000e+02  1.15132e-03 
 3.18500e+02  1.14680e-03 
 3.19000e+02  1.13298e-03 
 3.19500e+02  1.12882e-03 
