 0.00000e+00  1.03199e-03 
 5.00000e-01  1.04290e-03 
 1.00000e+00  1.05142e-03 
 1.50000e+00  1.06380e-03 
 2.00000e+00  1.06970e-03 
 2.50000e+00  1.08438e-03 
 3.00000e+00  1.08926e-03 
 3.50000e+00  1.10014e-03 
 4.00000e+00  1.10731e-03 
 4.50000e+00  1.11530e-03 
 5.00000e+00  1.13419e-03 
 5.50000e+00  1.13041e-03 
 6.00000e+00  1.13578e-03 
 6.50000e+00  1.14806e-03 
 7.00000e+00  1.15973e-03 
 7.50000e+00  1.16357e-03 
 8.00000e+00  1.17717e-03 
 8.50000e+00  1.19174e-03 
 9.00000e+00  1.20271e-03 
 9.50000e+00  1.21694e-03 
 1.00000e+01  1.21780e-03 
 1.05000e+01  1.24010e-03 
 1.10000e+01  1.25431e-03 
 1.15000e+01  1.26462e-03 
 1.20000e+01  1.28083e-03 
 1.25000e+01  1.29882e-03 
 1.30000e+01  1.32445e-03 
 1.35000e+01  1.33148e-03 
 1.40000e+01  1.34861e-03 
 1.45000e+01  1.35546e-03 
 1.50000e+01  1.36931e-03 
 1.55000e+01  1.38817e-03 
 1.60000e+01  1.40144e-03 
 1.65000e+01  1.40690e-03 
 1.70000e+01  1.41727e-03 
 1.75000e+01  1.43409e-03 
 1.80000e+01  1.45595e-03 
 1.85000e+01  1.48566e-03 
 1.90000e+01  1.49235e-03 
 1.95000e+01  1.49186e-03 
 2.00000e+01  1.51601e-03 
 2.05000e+01  1.53454e-03 
 2.10000e+01  1.55585e-03 
 2.15000e+01  1.58055e-03 
 2.20000e+01  1.59546e-03 
 2.25000e+01  1.62491e-03 
 2.30000e+01  1.64274e-03 
 2.35000e+01  1.66865e-03 
 2.40000e+01  1.70502e-03 
 2.45000e+01  1.71692e-03 
 2.50000e+01  1.74913e-03 
 2.55000e+01  1.74935e-03 
 2.60000e+01  1.77479e-03 
 2.65000e+01  1.80126e-03 
 2.70000e+01  1.83493e-03 
 2.75000e+01  1.85973e-03 
 2.80000e+01  1.89756e-03 
 2.85000e+01  1.93271e-03 
 2.90000e+01  1.96290e-03 
 2.95000e+01  1.98726e-03 
 3.00000e+01  2.01686e-03 
 3.05000e+01  2.07142e-03 
 3.10000e+01  2.11060e-03 
 3.15000e+01  2.13373e-03 
 3.20000e+01  2.17453e-03 
 3.25000e+01  2.23944e-03 
 3.30000e+01  2.26261e-03 
 3.35000e+01  2.30490e-03 
 3.40000e+01  2.35443e-03 
 3.45000e+01  2.41386e-03 
 3.50000e+01  2.43946e-03 
 3.55000e+01  2.52239e-03 
 3.60000e+01  2.58367e-03 
 3.65000e+01  2.63115e-03 
 3.70000e+01  2.66456e-03 
 3.75000e+01  2.73007e-03 
 3.80000e+01  2.77822e-03 
 3.85000e+01  2.86164e-03 
 3.90000e+01  2.91539e-03 
 3.95000e+01  2.98058e-03 
 4.00000e+01  3.04599e-03 
 4.05000e+01  3.12572e-03 
 4.10000e+01  3.22370e-03 
 4.15000e+01  3.29995e-03 
 4.20000e+01  3.41605e-03 
 4.25000e+01  3.51854e-03 
 4.30000e+01  3.58192e-03 
 4.35000e+01  3.70605e-03 
 4.40000e+01  3.79630e-03 
 4.45000e+01  3.88191e-03 
 4.50000e+01  3.98235e-03 
 4.55000e+01  4.09222e-03 
 4.60000e+01  4.23216e-03 
 4.65000e+01  4.35050e-03 
 4.70000e+01  4.47541e-03 
 4.75000e+01  4.60845e-03 
 4.80000e+01  4.71681e-03 
 4.85000e+01  4.85998e-03 
 4.90000e+01  5.03439e-03 
 4.95000e+01  5.15395e-03 
 5.00000e+01  5.30126e-03 
 5.05000e+01  5.47295e-03 
 5.10000e+01  5.63141e-03 
 5.15000e+01  5.76541e-03 
 5.20000e+01  5.93638e-03 
 5.25000e+01  6.12996e-03 
 5.30000e+01  6.25518e-03 
 5.35000e+01  6.51510e-03 
 5.40000e+01  6.77518e-03 
 5.45000e+01  6.83780e-03 
 5.50000e+01  7.05299e-03 
 5.55000e+01  7.19014e-03 
 5.60000e+01  7.32825e-03 
 5.65000e+01  7.58685e-03 
 5.70000e+01  7.69527e-03 
 5.75000e+01  7.79367e-03 
 5.80000e+01  7.94038e-03 
 5.85000e+01  8.14362e-03 
 5.90000e+01  8.30313e-03 
 5.95000e+01  8.52572e-03 
 6.00000e+01  8.67611e-03 
 6.05000e+01  8.78190e-03 
 6.10000e+01  9.08778e-03 
 6.15000e+01  9.02466e-03 
 6.20000e+01  9.35386e-03 
 6.25000e+01  9.47291e-03 
 6.30000e+01  9.70223e-03 
 6.35000e+01  9.64489e-03 
 6.40000e+01  9.76542e-03 
 6.45000e+01  9.72409e-03 
 6.50000e+01  9.78411e-03 
 6.55000e+01  9.86978e-03 
 6.60000e+01  1.00500e-02 
 6.65000e+01  1.01680e-02 
 6.70000e+01  1.03646e-02 
 6.75000e+01  1.05417e-02 
 6.80000e+01  1.05614e-02 
 6.85000e+01  1.06089e-02 
 6.90000e+01  1.08575e-02 
 6.95000e+01  1.11595e-02 
 7.00000e+01  1.10327e-02 
 7.05000e+01  1.11371e-02 
 7.10000e+01  1.14063e-02 
 7.15000e+01  1.13248e-02 
 7.20000e+01  1.12365e-02 
 7.25000e+01  1.14835e-02 
 7.30000e+01  1.15370e-02 
 7.35000e+01  1.18648e-02 
 7.40000e+01  1.17404e-02 
 7.45000e+01  1.17094e-02 
 7.50000e+01  1.19313e-02 
 7.55000e+01  1.20442e-02 
 7.60000e+01  1.21671e-02 
 7.65000e+01  1.23814e-02 
 7.70000e+01  1.22101e-02 
 7.75000e+01  1.22772e-02 
 7.80000e+01  1.24815e-02 
 7.85000e+01  1.23619e-02 
 7.90000e+01  1.24805e-02 
 7.95000e+01  1.26937e-02 
 8.00000e+01  1.29485e-02 
 8.05000e+01  1.30094e-02 
 8.10000e+01  1.31679e-02 
 8.15000e+01  1.32185e-02 
 8.20000e+01  1.29971e-02 
 8.25000e+01  1.29470e-02 
 8.30000e+01  1.34031e-02 
 8.35000e+01  1.33356e-02 
 8.40000e+01  1.35127e-02 
 8.45000e+01  1.36869e-02 
 8.50000e+01  1.38899e-02 
 8.55000e+01  1.39139e-02 
 8.60000e+01  1.37959e-02 
 8.65000e+01  1.38959e-02 
 8.70000e+01  1.39773e-02 
 8.75000e+01  1.37658e-02 
 8.80000e+01  1.41649e-02 
 8.85000e+01  1.42502e-02 
 8.90000e+01  1.42133e-02 
 8.95000e+01  1.41816e-02 
 9.00000e+01  1.44817e-02 
 9.05000e+01  1.45529e-02 
 9.10000e+01  1.43805e-02 
 9.15000e+01  1.48522e-02 
 9.20000e+01  1.46763e-02 
 9.25000e+01  1.48098e-02 
 9.30000e+01  1.47254e-02 
 9.35000e+01  1.53789e-02 
 9.40000e+01  1.53898e-02 
 9.45000e+01  1.54705e-02 
 9.50000e+01  1.53500e-02 
 9.55000e+01  1.55577e-02 
 9.60000e+01  1.58009e-02 
 9.65000e+01  1.58848e-02 
 9.70000e+01  1.59695e-02 
 9.75000e+01  1.64920e-02 
 9.80000e+01  1.66402e-02 
 9.85000e+01  1.65042e-02 
 9.90000e+01  1.68728e-02 
 9.95000e+01  1.68899e-02 
 1.00000e+02  1.71924e-02 
 1.00500e+02  1.75443e-02 
 1.01000e+02  1.78200e-02 
 1.01500e+02  1.81279e-02 
 1.02000e+02  1.83226e-02 
 1.02500e+02  1.83208e-02 
 1.03000e+02  1.84608e-02 
 1.03500e+02  1.93323e-02 
 1.04000e+02  2.03311e-02 
 1.04500e+02  2.03632e-02 
 1.05000e+02  2.09297e-02 
 1.05500e+02  2.15083e-02 
 1.06000e+02  2.20571e-02 
 1.06500e+02  2.19779e-02 
 1.07000e+02  2.23199e-02 
 1.07500e+02  2.25067e-02 
 1.08000e+02  2.31226e-02 
 1.08500e+02  2.36491e-02 
 1.09000e+02  2.38587e-02 
 1.09500e+02  2.41624e-02 
 1.10000e+02  2.51821e-02 
 1.10500e+02  2.55105e-02 
 1.11000e+02  2.57675e-02 
 1.11500e+02  2.60709e-02 
 1.12000e+02  2.62850e-02 
 1.12500e+02  2.63370e-02 
 1.13000e+02  2.63509e-02 
 1.13500e+02  2.65578e-02 
 1.14000e+02  2.70823e-02 
 1.14500e+02  2.79778e-02 
 1.15000e+02  2.83730e-02 
 1.15500e+02  2.90276e-02 
 1.16000e+02  2.83084e-02 
 1.16500e+02  2.95789e-02 
 1.17000e+02  2.98275e-02 
 1.17500e+02  3.04988e-02 
 1.18000e+02  3.03449e-02 
 1.18500e+02  3.04879e-02 
 1.19000e+02  3.05235e-02 
 1.19500e+02  3.04124e-02 
 1.20000e+02  3.09191e-02 
 1.20500e+02  3.03503e-02 
 1.21000e+02  3.19652e-02 
 1.21500e+02  3.19410e-02 
 1.22000e+02  3.24753e-02 
 1.22500e+02  3.21532e-02 
 1.23000e+02  3.25796e-02 
 1.23500e+02  3.32284e-02 
 1.24000e+02  3.32021e-02 
 1.24500e+02  3.32523e-02 
 1.25000e+02  3.42704e-02 
 1.25500e+02  3.34449e-02 
 1.26000e+02  3.42099e-02 
 1.26500e+02  3.39633e-02 
 1.27000e+02  3.40411e-02 
 1.27500e+02  3.44391e-02 
 1.28000e+02  3.47200e-02 
 1.28500e+02  3.45722e-02 
 1.29000e+02  3.48983e-02 
 1.29500e+02  3.50024e-02 
 1.30000e+02  3.56320e-02 
 1.30500e+02  3.58181e-02 
 1.31000e+02  3.57967e-02 
 1.31500e+02  3.68380e-02 
 1.32000e+02  3.72790e-02 
 1.32500e+02  3.73071e-02 
 1.33000e+02  3.71821e-02 
 1.33500e+02  3.65988e-02 
 1.34000e+02  3.66925e-02 
 1.34500e+02  3.71552e-02 
 1.35000e+02  3.76185e-02 
 1.35500e+02  3.72363e-02 
 1.36000e+02  3.69394e-02 
 1.36500e+02  3.77733e-02 
 1.37000e+02  3.70582e-02 
 1.37500e+02  3.70295e-02 
 1.38000e+02  3.64066e-02 
 1.38500e+02  3.72770e-02 
 1.39000e+02  3.67583e-02 
 1.39500e+02  3.76308e-02 
 1.40000e+02  3.81222e-02 
 1.40500e+02  3.81742e-02 
 1.41000e+02  3.84236e-02 
 1.41500e+02  3.87925e-02 
 1.42000e+02  3.84540e-02 
 1.42500e+02  3.89465e-02 
 1.43000e+02  3.84081e-02 
 1.43500e+02  3.82664e-02 
 1.44000e+02  3.86567e-02 
 1.44500e+02  3.87207e-02 
 1.45000e+02  3.89153e-02 
 1.45500e+02  3.94092e-02 
 1.46000e+02  3.96604e-02 
 1.46500e+02  3.96836e-02 
 1.47000e+02  3.94653e-02 
 1.47500e+02  3.94179e-02 
 1.48000e+02  3.87127e-02 
 1.48500e+02  3.87761e-02 
 1.49000e+02  3.90925e-02 
 1.49500e+02  3.95292e-02 
 1.50000e+02  3.91361e-02 
 1.50500e+02  3.90819e-02 
 1.51000e+02  3.98806e-02 
 1.51500e+02  3.98239e-02 
 1.52000e+02  3.88733e-02 
 1.52500e+02  3.89143e-02 
 1.53000e+02  3.82248e-02 
 1.53500e+02  3.86692e-02 
 1.54000e+02  3.88795e-02 
 1.54500e+02  3.80105e-02 
 1.55000e+02  3.86460e-02 
 1.55500e+02  3.85422e-02 
 1.56000e+02  3.91941e-02 
 1.56500e+02  3.91067e-02 
 1.57000e+02  3.95799e-02 
 1.57500e+02  3.94757e-02 
 1.58000e+02  3.86707e-02 
 1.58500e+02  3.89128e-02 
 1.59000e+02  3.79957e-02 
 1.59500e+02  3.74351e-02 
 1.60000e+02  3.78693e-02 
 1.60500e+02  3.77627e-02 
 1.61000e+02  3.78867e-02 
 1.61500e+02  3.87140e-02 
 1.62000e+02  3.87437e-02 
 1.62500e+02  3.84060e-02 
 1.63000e+02  3.88675e-02 
 1.63500e+02  3.85499e-02 
 1.64000e+02  3.80724e-02 
 1.64500e+02  3.82532e-02 
 1.65000e+02  3.89002e-02 
 1.65500e+02  3.81635e-02 
 1.66000e+02  3.86872e-02 
 1.66500e+02  3.81980e-02 
 1.67000e+02  3.86476e-02 
 1.67500e+02  3.82978e-02 
 1.68000e+02  3.90063e-02 
 1.68500e+02  3.88277e-02 
 1.69000e+02  3.82480e-02 
 1.69500e+02  3.88504e-02 
 1.70000e+02  3.88482e-02 
 1.70500e+02  3.86383e-02 
 1.71000e+02  3.80331e-02 
 1.71500e+02  3.94239e-02 
 1.72000e+02  3.88808e-02 
 1.72500e+02  3.93562e-02 
 1.73000e+02  3.82836e-02 
 1.73500e+02  3.79812e-02 
 1.74000e+02  3.84202e-02 
 1.74500e+02  3.91225e-02 
 1.75000e+02  3.85642e-02 
 1.75500e+02  3.80060e-02 
 1.76000e+02  3.81610e-02 
 1.76500e+02  3.76976e-02 
 1.77000e+02  3.81182e-02 
 1.77500e+02  3.82995e-02 
 1.78000e+02  3.83020e-02 
 1.78500e+02  3.87323e-02 
 1.79000e+02  3.75642e-02 
 1.79500e+02  3.78356e-02 
 1.80000e+02  3.77188e-02 
 1.80500e+02  3.79139e-02 
 1.81000e+02  3.83160e-02 
 1.81500e+02  3.83551e-02 
 1.82000e+02  3.79692e-02 
 1.82500e+02  3.86046e-02 
 1.83000e+02  3.68659e-02 
 1.83500e+02  3.69040e-02 
 1.84000e+02  3.70904e-02 
 1.84500e+02  3.66994e-02 
 1.85000e+02  3.64904e-02 
 1.85500e+02  3.64113e-02 
 1.86000e+02  3.58255e-02 
 1.86500e+02  3.54708e-02 
 1.87000e+02  3.59595e-02 
 1.87500e+02  3.51269e-02 
 1.88000e+02  3.45933e-02 
 1.88500e+02  3.48687e-02 
 1.89000e+02  3.49261e-02 
 1.89500e+02  3.48712e-02 
 1.90000e+02  3.44570e-02 
 1.90500e+02  3.41053e-02 
 1.91000e+02  3.35203e-02 
 1.91500e+02  3.28920e-02 
 1.92000e+02  3.33870e-02 
 1.92500e+02  3.22143e-02 
 1.93000e+02  3.20205e-02 
 1.93500e+02  3.23251e-02 
 1.94000e+02  3.13828e-02 
 1.94500e+02  3.11365e-02 
 1.95000e+02  3.06395e-02 
 1.95500e+02  3.04988e-02 
 1.96000e+02  3.05889e-02 
 1.96500e+02  3.01130e-02 
 1.97000e+02  2.98444e-02 
 1.97500e+02  2.95052e-02 
 1.98000e+02  2.96202e-02 
 1.98500e+02  2.95976e-02 
 1.99000e+02  2.85877e-02 
 1.99500e+02  2.85783e-02 
 2.00000e+02  2.81021e-02 
 2.00500e+02  2.84728e-02 
 2.01000e+02  2.80077e-02 
 2.01500e+02  2.79050e-02 
 2.02000e+02  2.71929e-02 
 2.02500e+02  2.65732e-02 
 2.03000e+02  2.61953e-02 
 2.03500e+02  2.55391e-02 
 2.04000e+02  2.53831e-02 
 2.04500e+02  2.58403e-02 
 2.05000e+02  2.58174e-02 
 2.05500e+02  2.51768e-02 
 2.06000e+02  2.51019e-02 
 2.06500e+02  2.45917e-02 
 2.07000e+02  2.44706e-02 
 2.07500e+02  2.41674e-02 
 2.08000e+02  2.41941e-02 
 2.08500e+02  2.34401e-02 
 2.09000e+02  2.21289e-02 
 2.09500e+02  2.18062e-02 
 2.10000e+02  2.17545e-02 
 2.10500e+02  2.15690e-02 
 2.11000e+02  2.11156e-02 
 2.11500e+02  2.07754e-02 
 2.12000e+02  2.02438e-02 
 2.12500e+02  2.00644e-02 
 2.13000e+02  2.00516e-02 
 2.13500e+02  1.95264e-02 
 2.14000e+02  1.92293e-02 
 2.14500e+02  1.85166e-02 
 2.15000e+02  1.81881e-02 
 2.15500e+02  1.80716e-02 
 2.16000e+02  1.82165e-02 
 2.16500e+02  1.78071e-02 
 2.17000e+02  1.77490e-02 
 2.17500e+02  1.77501e-02 
 2.18000e+02  1.71616e-02 
 2.18500e+02  1.70599e-02 
 2.19000e+02  1.69633e-02 
 2.19500e+02  1.66019e-02 
 2.20000e+02  1.69716e-02 
 2.20500e+02  1.67006e-02 
 2.21000e+02  1.66018e-02 
 2.21500e+02  1.64564e-02 
 2.22000e+02  1.61835e-02 
 2.22500e+02  1.58983e-02 
 2.23000e+02  1.60711e-02 
 2.23500e+02  1.58944e-02 
 2.24000e+02  1.57442e-02 
 2.24500e+02  1.58966e-02 
 2.25000e+02  1.54064e-02 
 2.25500e+02  1.58133e-02 
 2.26000e+02  1.56176e-02 
 2.26500e+02  1.54121e-02 
 2.27000e+02  1.52104e-02 
 2.27500e+02  1.55754e-02 
 2.28000e+02  1.51317e-02 
 2.28500e+02  1.49894e-02 
 2.29000e+02  1.49127e-02 
 2.29500e+02  1.50223e-02 
 2.30000e+02  1.46721e-02 
 2.30500e+02  1.45827e-02 
 2.31000e+02  1.45230e-02 
 2.31500e+02  1.46182e-02 
 2.32000e+02  1.45186e-02 
 2.32500e+02  1.44583e-02 
 2.33000e+02  1.42261e-02 
 2.33500e+02  1.38629e-02 
 2.34000e+02  1.37008e-02 
 2.34500e+02  1.36997e-02 
 2.35000e+02  1.34814e-02 
 2.35500e+02  1.36251e-02 
 2.36000e+02  1.35760e-02 
 2.36500e+02  1.35523e-02 
 2.37000e+02  1.35516e-02 
 2.37500e+02  1.34667e-02 
 2.38000e+02  1.30069e-02 
 2.38500e+02  1.31531e-02 
 2.39000e+02  1.29863e-02 
 2.39500e+02  1.28953e-02 
 2.40000e+02  1.26423e-02 
 2.40500e+02  1.27389e-02 
 2.41000e+02  1.27095e-02 
 2.41500e+02  1.25021e-02 
 2.42000e+02  1.23215e-02 
 2.42500e+02  1.23668e-02 
 2.43000e+02  1.23103e-02 
 2.43500e+02  1.21326e-02 
 2.44000e+02  1.19290e-02 
 2.44500e+02  1.19490e-02 
 2.45000e+02  1.18058e-02 
 2.45500e+02  1.16601e-02 
 2.46000e+02  1.13179e-02 
 2.46500e+02  1.13112e-02 
 2.47000e+02  1.10351e-02 
 2.47500e+02  1.11022e-02 
 2.48000e+02  1.09616e-02 
 2.48500e+02  1.10170e-02 
 2.49000e+02  1.08175e-02 
 2.49500e+02  1.08286e-02 
 2.50000e+02  1.04108e-02 
 2.50500e+02  1.03488e-02 
 2.51000e+02  1.03662e-02 
 2.51500e+02  1.03168e-02 
 2.52000e+02  1.01497e-02 
 2.52500e+02  9.99886e-03 
 2.53000e+02  9.89456e-03 
 2.53500e+02  9.65245e-03 
 2.54000e+02  9.47752e-03 
 2.54500e+02  9.25727e-03 
 2.55000e+02  9.12926e-03 
 2.55500e+02  9.21469e-03 
 2.56000e+02  8.98706e-03 
 2.56500e+02  8.79977e-03 
 2.57000e+02  8.64222e-03 
 2.57500e+02  8.44017e-03 
 2.58000e+02  8.21898e-03 
 2.58500e+02  8.04864e-03 
 2.59000e+02  7.79702e-03 
 2.59500e+02  7.62821e-03 
 2.60000e+02  7.46487e-03 
 2.60500e+02  7.30686e-03 
 2.61000e+02  7.09182e-03 
 2.61500e+02  6.84320e-03 
 2.62000e+02  6.72859e-03 
 2.62500e+02  6.68882e-03 
 2.63000e+02  6.55876e-03 
 2.63500e+02  6.30902e-03 
 2.64000e+02  6.18618e-03 
 2.64500e+02  5.93573e-03 
 2.65000e+02  5.73614e-03 
 2.65500e+02  5.63060e-03 
 2.66000e+02  5.49066e-03 
 2.66500e+02  5.32613e-03 
 2.67000e+02  5.20471e-03 
 2.67500e+02  5.08714e-03 
 2.68000e+02  4.90328e-03 
 2.68500e+02  4.76365e-03 
 2.69000e+02  4.69058e-03 
 2.69500e+02  4.53255e-03 
 2.70000e+02  4.42122e-03 
 2.70500e+02  4.29884e-03 
 2.71000e+02  4.20884e-03 
 2.71500e+02  4.11428e-03 
 2.72000e+02  3.98720e-03 
 2.72500e+02  3.88246e-03 
 2.73000e+02  3.77468e-03 
 2.73500e+02  3.66245e-03 
 2.74000e+02  3.60126e-03 
 2.74500e+02  3.47591e-03 
 2.75000e+02  3.38386e-03 
 2.75500e+02  3.32899e-03 
 2.76000e+02  3.25662e-03 
 2.76500e+02  3.20841e-03 
 2.77000e+02  3.11601e-03 
 2.77500e+02  3.04946e-03 
 2.78000e+02  2.99334e-03 
 2.78500e+02  2.94066e-03 
 2.79000e+02  2.89765e-03 
 2.79500e+02  2.84274e-03 
 2.80000e+02  2.76272e-03 
 2.80500e+02  2.71532e-03 
 2.81000e+02  2.66440e-03 
 2.81500e+02  2.61058e-03 
 2.82000e+02  2.54374e-03 
 2.82500e+02  2.53784e-03 
 2.83000e+02  2.49508e-03 
 2.83500e+02  2.46626e-03 
 2.84000e+02  2.39579e-03 
 2.84500e+02  2.35694e-03 
 2.85000e+02  2.32316e-03 
 2.85500e+02  2.28946e-03 
 2.86000e+02  2.24384e-03 
 2.86500e+02  2.19629e-03 
 2.87000e+02  2.18280e-03 
 2.87500e+02  2.13907e-03 
 2.88000e+02  2.11123e-03 
 2.88500e+02  2.06053e-03 
 2.89000e+02  2.02382e-03 
 2.89500e+02  2.03524e-03 
 2.90000e+02  1.99855e-03 
 2.90500e+02  1.95549e-03 
 2.91000e+02  1.93530e-03 
 2.91500e+02  1.89857e-03 
 2.92000e+02  1.88338e-03 
 2.92500e+02  1.83137e-03 
 2.93000e+02  1.80551e-03 
 2.93500e+02  1.78203e-03 
 2.94000e+02  1.76445e-03 
 2.94500e+02  1.75882e-03 
 2.95000e+02  1.73171e-03 
 2.95500e+02  1.70970e-03 
 2.96000e+02  1.68809e-03 
 2.96500e+02  1.66204e-03 
 2.97000e+02  1.65638e-03 
 2.97500e+02  1.62575e-03 
 2.98000e+02  1.59677e-03 
 2.98500e+02  1.58754e-03 
 2.99000e+02  1.58732e-03 
 2.99500e+02  1.56248e-03 
 3.00000e+02  1.53678e-03 
 3.00500e+02  1.51811e-03 
 3.01000e+02  1.49968e-03 
 3.01500e+02  1.47874e-03 
 3.02000e+02  1.45942e-03 
 3.02500e+02  1.45334e-03 
 3.03000e+02  1.43998e-03 
 3.03500e+02  1.41764e-03 
 3.04000e+02  1.41942e-03 
 3.04500e+02  1.41461e-03 
 3.05000e+02  1.39831e-03 
 3.05500e+02  1.39461e-03 
 3.06000e+02  1.38517e-03 
 3.06500e+02  1.37247e-03 
 3.07000e+02  1.36018e-03 
 3.07500e+02  1.34464e-03 
 3.08000e+02  1.32394e-03 
 3.08500e+02  1.31864e-03 
 3.09000e+02  1.30335e-03 
 3.09500e+02  1.31101e-03 
 3.10000e+02  1.30571e-03 
 3.10500e+02  1.28702e-03 
 3.11000e+02  1.27291e-03 
 3.11500e+02  1.26085e-03 
 3.12000e+02  1.24552e-03 
 3.12500e+02  1.24150e-03 
 3.13000e+02  1.22919e-03 
 3.13500e+02  1.20812e-03 
 3.14000e+02  1.20557e-03 
 3.14500e+02  1.20065e-03 
 3.15000e+02  1.18782e-03 
 3.15500e+02  1.18788e-03 
 3.16000e+02  1.18374e-03 
 3.16500e+02  1.16874e-03 
 3.17000e+02  1.16310e-03 
 3.17500e+02  1.16195e-03 
 3.18000e+02  1.13988e-03 
 3.18500e+02  1.13314e-03 
 3.19000e+02  1.12672e-03 
 3.19500e+02  1.11864e-03 
