 0.00000e+00  1.04382e-03 
 5.00000e-01  1.05503e-03 
 1.00000e+00  1.05630e-03 
 1.50000e+00  1.05686e-03 
 2.00000e+00  1.06989e-03 
 2.50000e+00  1.08794e-03 
 3.00000e+00  1.08754e-03 
 3.50000e+00  1.10139e-03 
 4.00000e+00  1.11023e-03 
 4.50000e+00  1.11664e-03 
 5.00000e+00  1.11390e-03 
 5.50000e+00  1.11785e-03 
 6.00000e+00  1.13418e-03 
 6.50000e+00  1.14742e-03 
 7.00000e+00  1.16517e-03 
 7.50000e+00  1.17150e-03 
 8.00000e+00  1.17970e-03 
 8.50000e+00  1.19164e-03 
 9.00000e+00  1.21162e-03 
 9.50000e+00  1.22730e-03 
 1.00000e+01  1.23764e-03 
 1.05000e+01  1.25378e-03 
 1.10000e+01  1.27448e-03 
 1.15000e+01  1.28276e-03 
 1.20000e+01  1.30178e-03 
 1.25000e+01  1.30346e-03 
 1.30000e+01  1.31562e-03 
 1.35000e+01  1.33106e-03 
 1.40000e+01  1.34450e-03 
 1.45000e+01  1.35273e-03 
 1.50000e+01  1.37530e-03 
 1.55000e+01  1.39213e-03 
 1.60000e+01  1.39414e-03 
 1.65000e+01  1.41242e-03 
 1.70000e+01  1.43510e-03 
 1.75000e+01  1.45976e-03 
 1.80000e+01  1.47387e-03 
 1.85000e+01  1.48743e-03 
 1.90000e+01  1.49695e-03 
 1.95000e+01  1.50461e-03 
 2.00000e+01  1.51394e-03 
 2.05000e+01  1.54906e-03 
 2.10000e+01  1.57784e-03 
 2.15000e+01  1.58495e-03 
 2.20000e+01  1.59930e-03 
 2.25000e+01  1.62643e-03 
 2.30000e+01  1.65303e-03 
 2.35000e+01  1.66854e-03 
 2.40000e+01  1.70417e-03 
 2.45000e+01  1.71709e-03 
 2.50000e+01  1.73378e-03 
 2.55000e+01  1.76263e-03 
 2.60000e+01  1.78934e-03 
 2.65000e+01  1.81000e-03 
 2.70000e+01  1.84042e-03 
 2.75000e+01  1.87059e-03 
 2.80000e+01  1.90298e-03 
 2.85000e+01  1.94288e-03 
 2.90000e+01  1.99186e-03 
 2.95000e+01  1.98740e-03 
 3.00000e+01  2.01124e-03 
 3.05000e+01  2.05749e-03 
 3.10000e+01  2.11225e-03 
 3.15000e+01  2.15474e-03 
 3.20000e+01  2.18092e-03 
 3.25000e+01  2.22675e-03 
 3.30000e+01  2.24952e-03 
 3.35000e+01  2.31379e-03 
 3.40000e+01  2.34786e-03 
 3.45000e+01  2.39197e-03 
 3.50000e+01  2.44385e-03 
 3.55000e+01  2.50054e-03 
 3.60000e+01  2.57676e-03 
 3.65000e+01  2.62403e-03 
 3.70000e+01  2.67650e-03 
 3.75000e+01  2.74186e-03 
 3.80000e+01  2.78186e-03 
 3.85000e+01  2.84714e-03 
 3.90000e+01  2.91691e-03 
 3.95000e+01  2.97980e-03 
 4.00000e+01  3.05743e-03 
 4.05000e+01  3.12735e-03 
 4.10000e+01  3.20206e-03 
 4.15000e+01  3.25864e-03 
 4.20000e+01  3.34778e-03 
 4.25000e+01  3.44450e-03 
 4.30000e+01  3.52454e-03 
 4.35000e+01  3.60728e-03 
 4.40000e+01  3.75523e-03 
 4.45000e+01  3.82682e-03 
 4.50000e+01  3.93057e-03 
 4.55000e+01  4.06379e-03 
 4.60000e+01  4.15485e-03 
 4.65000e+01  4.29097e-03 
 4.70000e+01  4.40302e-03 
 4.75000e+01  4.51820e-03 
 4.80000e+01  4.65576e-03 
 4.85000e+01  4.75520e-03 
 4.90000e+01  4.89757e-03 
 4.95000e+01  5.10365e-03 
 5.00000e+01  5.23368e-03 
 5.05000e+01  5.39181e-03 
 5.10000e+01  5.53394e-03 
 5.15000e+01  5.71882e-03 
 5.20000e+01  5.87867e-03 
 5.25000e+01  6.03365e-03 
 5.30000e+01  6.19095e-03 
 5.35000e+01  6.39792e-03 
 5.40000e+01  6.57351e-03 
 5.45000e+01  6.75195e-03 
 5.50000e+01  6.88295e-03 
 5.55000e+01  6.98998e-03 
 5.60000e+01  7.12080e-03 
 5.65000e+01  7.33778e-03 
 5.70000e+01  7.48651e-03 
 5.75000e+01  7.63018e-03 
 5.80000e+01  7.82078e-03 
 5.85000e+01  7.94017e-03 
 5.90000e+01  8.08834e-03 
 5.95000e+01  8.21754e-03 
 6.00000e+01  8.49361e-03 
 6.05000e+01  8.56255e-03 
 6.10000e+01  8.76325e-03 
 6.15000e+01  8.91037e-03 
 6.20000e+01  9.00678e-03 
 6.25000e+01  9.17877e-03 
 6.30000e+01  9.35843e-03 
 6.35000e+01  9.60166e-03 
 6.40000e+01  9.40319e-03 
 6.45000e+01  9.46778e-03 
 6.50000e+01  9.59304e-03 
 6.55000e+01  9.67946e-03 
 6.60000e+01  9.87787e-03 
 6.65000e+01  9.98837e-03 
 6.70000e+01  1.01044e-02 
 6.75000e+01  1.01632e-02 
 6.80000e+01  1.02855e-02 
 6.85000e+01  1.04635e-02 
 6.90000e+01  1.06254e-02 
 6.95000e+01  1.10304e-02 
 7.00000e+01  1.11729e-02 
 7.05000e+01  1.11022e-02 
 7.10000e+01  1.11190e-02 
 7.15000e+01  1.14117e-02 
 7.20000e+01  1.13602e-02 
 7.25000e+01  1.13745e-02 
 7.30000e+01  1.14542e-02 
 7.35000e+01  1.17273e-02 
 7.40000e+01  1.19371e-02 
 7.45000e+01  1.22750e-02 
 7.50000e+01  1.21711e-02 
 7.55000e+01  1.21936e-02 
 7.60000e+01  1.19387e-02 
 7.65000e+01  1.20074e-02 
 7.70000e+01  1.23801e-02 
 7.75000e+01  1.23255e-02 
 7.80000e+01  1.26296e-02 
 7.85000e+01  1.24890e-02 
 7.90000e+01  1.25026e-02 
 7.95000e+01  1.28388e-02 
 8.00000e+01  1.27776e-02 
 8.05000e+01  1.29189e-02 
 8.10000e+01  1.29651e-02 
 8.15000e+01  1.33016e-02 
 8.20000e+01  1.31960e-02 
 8.25000e+01  1.31506e-02 
 8.30000e+01  1.29969e-02 
 8.35000e+01  1.34000e-02 
 8.40000e+01  1.34003e-02 
 8.45000e+01  1.35561e-02 
 8.50000e+01  1.36308e-02 
 8.55000e+01  1.36923e-02 
 8.60000e+01  1.37410e-02 
 8.65000e+01  1.39460e-02 
 8.70000e+01  1.38696e-02 
 8.75000e+01  1.39773e-02 
 8.80000e+01  1.43751e-02 
 8.85000e+01  1.42106e-02 
 8.90000e+01  1.42567e-02 
 8.95000e+01  1.43957e-02 
 9.00000e+01  1.45952e-02 
 9.05000e+01  1.47871e-02 
 9.10000e+01  1.47049e-02 
 9.15000e+01  1.49060e-02 
 9.20000e+01  1.50162e-02 
 9.25000e+01  1.51241e-02 
 9.30000e+01  1.50738e-02 
 9.35000e+01  1.54090e-02 
 9.40000e+01  1.55516e-02 
 9.45000e+01  1.52964e-02 
 9.50000e+01  1.54493e-02 
 9.55000e+01  1.54129e-02 
 9.60000e+01  1.56846e-02 
 9.65000e+01  1.57803e-02 
 9.70000e+01  1.61905e-02 
 9.75000e+01  1.64750e-02 
 9.80000e+01  1.66116e-02 
 9.85000e+01  1.63604e-02 
 9.90000e+01  1.68940e-02 
 9.95000e+01  1.69283e-02 
 1.00000e+02  1.69759e-02 
 1.00500e+02  1.71460e-02 
 1.01000e+02  1.73416e-02 
 1.01500e+02  1.77783e-02 
 1.02000e+02  1.81045e-02 
 1.02500e+02  1.86462e-02 
 1.03000e+02  1.90528e-02 
 1.03500e+02  1.94480e-02 
 1.04000e+02  1.94691e-02 
 1.04500e+02  1.97664e-02 
 1.05000e+02  2.03035e-02 
 1.05500e+02  2.06454e-02 
 1.06000e+02  2.09151e-02 
 1.06500e+02  2.15046e-02 
 1.07000e+02  2.16131e-02 
 1.07500e+02  2.21207e-02 
 1.08000e+02  2.20818e-02 
 1.08500e+02  2.22236e-02 
 1.09000e+02  2.28470e-02 
 1.09500e+02  2.32187e-02 
 1.10000e+02  2.40638e-02 
 1.10500e+02  2.39264e-02 
 1.11000e+02  2.43327e-02 
 1.11500e+02  2.46714e-02 
 1.12000e+02  2.55628e-02 
 1.12500e+02  2.51053e-02 
 1.13000e+02  2.58948e-02 
 1.13500e+02  2.59125e-02 
 1.14000e+02  2.64101e-02 
 1.14500e+02  2.67662e-02 
 1.15000e+02  2.73567e-02 
 1.15500e+02  2.77604e-02 
 1.16000e+02  2.81707e-02 
 1.16500e+02  2.82906e-02 
 1.17000e+02  2.85602e-02 
 1.17500e+02  2.86208e-02 
 1.18000e+02  2.88397e-02 
 1.18500e+02  2.93408e-02 
 1.19000e+02  2.98095e-02 
 1.19500e+02  3.02253e-02 
 1.20000e+02  3.05032e-02 
 1.20500e+02  3.12033e-02 
 1.21000e+02  3.05716e-02 
 1.21500e+02  3.08702e-02 
 1.22000e+02  3.17953e-02 
 1.22500e+02  3.13547e-02 
 1.23000e+02  3.21708e-02 
 1.23500e+02  3.15549e-02 
 1.24000e+02  3.20870e-02 
 1.24500e+02  3.21140e-02 
 1.25000e+02  3.22634e-02 
 1.25500e+02  3.28546e-02 
 1.26000e+02  3.28309e-02 
 1.26500e+02  3.28546e-02 
 1.27000e+02  3.34493e-02 
 1.27500e+02  3.41241e-02 
 1.28000e+02  3.38980e-02 
 1.28500e+02  3.43021e-02 
 1.29000e+02  3.44013e-02 
 1.29500e+02  3.44924e-02 
 1.30000e+02  3.49372e-02 
 1.30500e+02  3.58418e-02 
 1.31000e+02  3.53282e-02 
 1.31500e+02  3.56197e-02 
 1.32000e+02  3.60310e-02 
 1.32500e+02  3.58566e-02 
 1.33000e+02  3.61635e-02 
 1.33500e+02  3.53812e-02 
 1.34000e+02  3.47082e-02 
 1.34500e+02  3.56457e-02 
 1.35000e+02  3.61623e-02 
 1.35500e+02  3.56469e-02 
 1.36000e+02  3.57564e-02 
 1.36500e+02  3.53376e-02 
 1.37000e+02  3.56421e-02 
 1.37500e+02  3.66658e-02 
 1.38000e+02  3.70787e-02 
 1.38500e+02  3.68152e-02 
 1.39000e+02  3.71221e-02 
 1.39500e+02  3.72746e-02 
 1.40000e+02  3.71915e-02 
 1.40500e+02  3.68235e-02 
 1.41000e+02  3.74784e-02 
 1.41500e+02  3.70187e-02 
 1.42000e+02  3.84589e-02 
 1.42500e+02  3.88502e-02 
 1.43000e+02  3.80822e-02 
 1.43500e+02  3.91424e-02 
 1.44000e+02  3.82803e-02 
 1.44500e+02  3.84001e-02 
 1.45000e+02  3.76937e-02 
 1.45500e+02  3.82662e-02 
 1.46000e+02  3.88941e-02 
 1.46500e+02  3.90121e-02 
 1.47000e+02  3.85430e-02 
 1.47500e+02  3.92706e-02 
 1.48000e+02  3.88106e-02 
 1.48500e+02  3.90217e-02 
 1.49000e+02  3.97454e-02 
 1.49500e+02  3.99540e-02 
 1.50000e+02  3.92158e-02 
 1.50500e+02  3.95499e-02 
 1.51000e+02  3.94282e-02 
 1.51500e+02  3.99275e-02 
 1.52000e+02  4.06484e-02 
 1.52500e+02  3.96820e-02 
 1.53000e+02  4.04880e-02 
 1.53500e+02  3.99917e-02 
 1.54000e+02  3.98582e-02 
 1.54500e+02  3.98293e-02 
 1.55000e+02  3.91972e-02 
 1.55500e+02  3.90994e-02 
 1.56000e+02  3.85471e-02 
 1.56500e+02  3.98514e-02 
 1.57000e+02  3.92903e-02 
 1.57500e+02  3.91545e-02 
 1.58000e+02  3.93446e-02 
 1.58500e+02  3.91825e-02 
 1.59000e+02  3.87437e-02 
 1.59500e+02  3.88173e-02 
 1.60000e+02  3.88121e-02 
 1.60500e+02  3.87338e-02 
 1.61000e+02  3.92873e-02 
 1.61500e+02  3.84369e-02 
 1.62000e+02  3.97746e-02 
 1.62500e+02  3.97517e-02 
 1.63000e+02  3.97434e-02 
 1.63500e+02  3.93644e-02 
 1.64000e+02  3.91674e-02 
 1.64500e+02  3.92187e-02 
 1.65000e+02  4.00210e-02 
 1.65500e+02  3.91273e-02 
 1.66000e+02  3.93992e-02 
 1.66500e+02  3.87483e-02 
 1.67000e+02  3.93812e-02 
 1.67500e+02  3.88814e-02 
 1.68000e+02  3.85678e-02 
 1.68500e+02  3.88320e-02 
 1.69000e+02  3.81726e-02 
 1.69500e+02  3.80490e-02 
 1.70000e+02  3.79024e-02 
 1.70500e+02  3.76982e-02 
 1.71000e+02  3.86088e-02 
 1.71500e+02  3.91506e-02 
 1.72000e+02  3.90604e-02 
 1.72500e+02  3.91158e-02 
 1.73000e+02  3.91090e-02 
 1.73500e+02  3.87929e-02 
 1.74000e+02  3.89678e-02 
 1.74500e+02  3.83397e-02 
 1.75000e+02  3.90066e-02 
 1.75500e+02  3.91118e-02 
 1.76000e+02  3.92499e-02 
 1.76500e+02  3.85033e-02 
 1.77000e+02  3.83219e-02 
 1.77500e+02  3.75862e-02 
 1.78000e+02  3.71282e-02 
 1.78500e+02  3.74294e-02 
 1.79000e+02  3.75004e-02 
 1.79500e+02  3.69599e-02 
 1.80000e+02  3.73318e-02 
 1.80500e+02  3.70573e-02 
 1.81000e+02  3.73302e-02 
 1.81500e+02  3.67158e-02 
 1.82000e+02  3.76503e-02 
 1.82500e+02  3.67689e-02 
 1.83000e+02  3.60640e-02 
 1.83500e+02  3.54703e-02 
 1.84000e+02  3.53771e-02 
 1.84500e+02  3.59097e-02 
 1.85000e+02  3.45861e-02 
 1.85500e+02  3.45541e-02 
 1.86000e+02  3.41279e-02 
 1.86500e+02  3.40758e-02 
 1.87000e+02  3.29943e-02 
 1.87500e+02  3.40942e-02 
 1.88000e+02  3.39392e-02 
 1.88500e+02  3.46917e-02 
 1.89000e+02  3.44741e-02 
 1.89500e+02  3.45710e-02 
 1.90000e+02  3.44566e-02 
 1.90500e+02  3.41608e-02 
 1.91000e+02  3.40619e-02 
 1.91500e+02  3.33744e-02 
 1.92000e+02  3.25877e-02 
 1.92500e+02  3.22419e-02 
 1.93000e+02  3.22724e-02 
 1.93500e+02  3.14195e-02 
 1.94000e+02  3.13181e-02 
 1.94500e+02  3.07679e-02 
 1.95000e+02  3.11558e-02 
 1.95500e+02  3.01646e-02 
 1.96000e+02  3.02255e-02 
 1.96500e+02  2.97390e-02 
 1.97000e+02  2.97421e-02 
 1.97500e+02  2.95602e-02 
 1.98000e+02  2.91191e-02 
 1.98500e+02  2.88351e-02 
 1.99000e+02  2.89467e-02 
 1.99500e+02  2.91446e-02 
 2.00000e+02  2.91568e-02 
 2.00500e+02  2.90777e-02 
 2.01000e+02  2.91497e-02 
 2.01500e+02  2.83134e-02 
 2.02000e+02  2.80654e-02 
 2.02500e+02  2.78965e-02 
 2.03000e+02  2.73821e-02 
 2.03500e+02  2.63211e-02 
 2.04000e+02  2.65522e-02 
 2.04500e+02  2.62751e-02 
 2.05000e+02  2.55936e-02 
 2.05500e+02  2.51604e-02 
 2.06000e+02  2.53165e-02 
 2.06500e+02  2.49043e-02 
 2.07000e+02  2.47270e-02 
 2.07500e+02  2.44837e-02 
 2.08000e+02  2.40868e-02 
 2.08500e+02  2.37929e-02 
 2.09000e+02  2.34065e-02 
 2.09500e+02  2.29100e-02 
 2.10000e+02  2.28898e-02 
 2.10500e+02  2.23543e-02 
 2.11000e+02  2.24201e-02 
 2.11500e+02  2.17394e-02 
 2.12000e+02  2.10611e-02 
 2.12500e+02  2.07805e-02 
 2.13000e+02  2.09035e-02 
 2.13500e+02  2.01607e-02 
 2.14000e+02  1.95026e-02 
 2.14500e+02  1.92061e-02 
 2.15000e+02  1.90693e-02 
 2.15500e+02  1.83670e-02 
 2.16000e+02  1.83236e-02 
 2.16500e+02  1.80104e-02 
 2.17000e+02  1.76891e-02 
 2.17500e+02  1.74964e-02 
 2.18000e+02  1.72409e-02 
 2.18500e+02  1.70981e-02 
 2.19000e+02  1.71635e-02 
 2.19500e+02  1.73255e-02 
 2.20000e+02  1.66124e-02 
 2.20500e+02  1.65620e-02 
 2.21000e+02  1.62967e-02 
 2.21500e+02  1.59447e-02 
 2.22000e+02  1.59185e-02 
 2.22500e+02  1.58260e-02 
 2.23000e+02  1.56710e-02 
 2.23500e+02  1.54903e-02 
 2.24000e+02  1.53815e-02 
 2.24500e+02  1.57285e-02 
 2.25000e+02  1.56683e-02 
 2.25500e+02  1.56215e-02 
 2.26000e+02  1.52539e-02 
 2.26500e+02  1.52655e-02 
 2.27000e+02  1.48798e-02 
 2.27500e+02  1.48750e-02 
 2.28000e+02  1.45784e-02 
 2.28500e+02  1.44523e-02 
 2.29000e+02  1.46181e-02 
 2.29500e+02  1.44978e-02 
 2.30000e+02  1.43773e-02 
 2.30500e+02  1.43406e-02 
 2.31000e+02  1.43298e-02 
 2.31500e+02  1.42799e-02 
 2.32000e+02  1.39547e-02 
 2.32500e+02  1.38774e-02 
 2.33000e+02  1.36847e-02 
 2.33500e+02  1.36460e-02 
 2.34000e+02  1.38491e-02 
 2.34500e+02  1.38637e-02 
 2.35000e+02  1.38145e-02 
 2.35500e+02  1.34323e-02 
 2.36000e+02  1.33263e-02 
 2.36500e+02  1.33178e-02 
 2.37000e+02  1.31499e-02 
 2.37500e+02  1.29947e-02 
 2.38000e+02  1.29604e-02 
 2.38500e+02  1.30180e-02 
 2.39000e+02  1.29669e-02 
 2.39500e+02  1.30778e-02 
 2.40000e+02  1.27683e-02 
 2.40500e+02  1.27037e-02 
 2.41000e+02  1.26799e-02 
 2.41500e+02  1.24601e-02 
 2.42000e+02  1.23307e-02 
 2.42500e+02  1.23760e-02 
 2.43000e+02  1.21900e-02 
 2.43500e+02  1.21332e-02 
 2.44000e+02  1.20153e-02 
 2.44500e+02  1.19735e-02 
 2.45000e+02  1.17356e-02 
 2.45500e+02  1.15825e-02 
 2.46000e+02  1.15892e-02 
 2.46500e+02  1.14629e-02 
 2.47000e+02  1.12709e-02 
 2.47500e+02  1.13545e-02 
 2.48000e+02  1.11221e-02 
 2.48500e+02  1.10075e-02 
 2.49000e+02  1.08349e-02 
 2.49500e+02  1.06178e-02 
 2.50000e+02  1.05797e-02 
 2.50500e+02  1.03371e-02 
 2.51000e+02  1.01494e-02 
 2.51500e+02  1.00551e-02 
 2.52000e+02  9.89772e-03 
 2.52500e+02  9.82117e-03 
 2.53000e+02  9.74942e-03 
 2.53500e+02  9.50787e-03 
 2.54000e+02  9.31359e-03 
 2.54500e+02  9.14518e-03 
 2.55000e+02  9.08470e-03 
 2.55500e+02  9.11158e-03 
 2.56000e+02  9.05875e-03 
 2.56500e+02  8.79894e-03 
 2.57000e+02  8.74100e-03 
 2.57500e+02  8.51763e-03 
 2.58000e+02  8.22547e-03 
 2.58500e+02  8.13290e-03 
 2.59000e+02  7.94634e-03 
 2.59500e+02  7.84720e-03 
 2.60000e+02  7.70774e-03 
 2.60500e+02  7.45667e-03 
 2.61000e+02  7.26470e-03 
 2.61500e+02  7.04105e-03 
 2.62000e+02  6.85294e-03 
 2.62500e+02  6.67130e-03 
 2.63000e+02  6.51874e-03 
 2.63500e+02  6.30469e-03 
 2.64000e+02  6.23386e-03 
 2.64500e+02  6.07344e-03 
 2.65000e+02  5.84096e-03 
 2.65500e+02  5.72298e-03 
 2.66000e+02  5.57338e-03 
 2.66500e+02  5.39243e-03 
 2.67000e+02  5.28438e-03 
 2.67500e+02  5.10251e-03 
 2.68000e+02  4.97494e-03 
 2.68500e+02  4.85588e-03 
 2.69000e+02  4.75022e-03 
 2.69500e+02  4.60849e-03 
 2.70000e+02  4.53014e-03 
 2.70500e+02  4.32422e-03 
 2.71000e+02  4.20316e-03 
 2.71500e+02  4.11805e-03 
 2.72000e+02  4.03318e-03 
 2.72500e+02  3.92859e-03 
 2.73000e+02  3.84806e-03 
 2.73500e+02  3.73120e-03 
 2.74000e+02  3.65156e-03 
 2.74500e+02  3.54216e-03 
 2.75000e+02  3.45272e-03 
 2.75500e+02  3.36198e-03 
 2.76000e+02  3.30109e-03 
 2.76500e+02  3.26373e-03 
 2.77000e+02  3.16913e-03 
 2.77500e+02  3.12261e-03 
 2.78000e+02  3.05178e-03 
 2.78500e+02  3.00170e-03 
 2.79000e+02  2.93908e-03 
 2.79500e+02  2.87925e-03 
 2.80000e+02  2.82214e-03 
 2.80500e+02  2.77626e-03 
 2.81000e+02  2.70975e-03 
 2.81500e+02  2.65398e-03 
 2.82000e+02  2.60706e-03 
 2.82500e+02  2.59082e-03 
 2.83000e+02  2.51888e-03 
 2.83500e+02  2.48542e-03 
 2.84000e+02  2.43666e-03 
 2.84500e+02  2.41687e-03 
 2.85000e+02  2.37598e-03 
 2.85500e+02  2.32520e-03 
 2.86000e+02  2.27967e-03 
 2.86500e+02  2.24826e-03 
 2.87000e+02  2.20279e-03 
 2.87500e+02  2.15306e-03 
 2.88000e+02  2.11662e-03 
 2.88500e+02  2.07583e-03 
 2.89000e+02  2.06592e-03 
 2.89500e+02  2.04557e-03 
 2.90000e+02  1.99890e-03 
 2.90500e+02  1.97644e-03 
 2.91000e+02  1.94101e-03 
 2.91500e+02  1.93000e-03 
 2.92000e+02  1.88016e-03 
 2.92500e+02  1.85523e-03 
 2.93000e+02  1.84163e-03 
 2.93500e+02  1.82115e-03 
 2.94000e+02  1.78810e-03 
 2.94500e+02  1.76936e-03 
 2.95000e+02  1.75250e-03 
 2.95500e+02  1.73270e-03 
 2.96000e+02  1.70261e-03 
 2.96500e+02  1.68147e-03 
 2.97000e+02  1.65282e-03 
 2.97500e+02  1.65430e-03 
 2.98000e+02  1.63213e-03 
 2.98500e+02  1.62219e-03 
 2.99000e+02  1.63410e-03 
 2.99500e+02  1.58802e-03 
 3.00000e+02  1.56745e-03 
 3.00500e+02  1.54078e-03 
 3.01000e+02  1.52902e-03 
 3.01500e+02  1.51413e-03 
 3.02000e+02  1.49387e-03 
 3.02500e+02  1.48576e-03 
 3.03000e+02  1.47235e-03 
 3.03500e+02  1.44178e-03 
 3.04000e+02  1.42350e-03 
 3.04500e+02  1.42028e-03 
 3.05000e+02  1.39938e-03 
 3.05500e+02  1.38798e-03 
 3.06000e+02  1.38474e-03 
 3.06500e+02  1.36691e-03 
 3.07000e+02  1.36412e-03 
 3.07500e+02  1.35546e-03 
 3.08000e+02  1.33748e-03 
 3.08500e+02  1.32086e-03 
 3.09000e+02  1.31750e-03 
 3.09500e+02  1.30353e-03 
 3.10000e+02  1.28479e-03 
 3.10500e+02  1.28108e-03 
 3.11000e+02  1.26816e-03 
 3.11500e+02  1.26154e-03 
 3.12000e+02  1.25275e-03 
 3.12500e+02  1.24286e-03 
 3.13000e+02  1.22631e-03 
 3.13500e+02  1.22489e-03 
 3.14000e+02  1.21102e-03 
 3.14500e+02  1.20911e-03 
 3.15000e+02  1.19682e-03 
 3.15500e+02  1.18466e-03 
 3.16000e+02  1.17354e-03 
 3.16500e+02  1.16772e-03 
 3.17000e+02  1.16329e-03 
 3.17500e+02  1.15785e-03 
 3.18000e+02  1.14498e-03 
 3.18500e+02  1.14794e-03 
 3.19000e+02  1.14577e-03 
 3.19500e+02  1.15151e-03 
