 0.00000e+00  0.00000e+00 
 5.00000e-01  0.00000e+00 
 1.00000e+00  0.00000e+00 
 1.50000e+00  0.00000e+00 
 2.00000e+00  0.00000e+00 
 2.50000e+00  0.00000e+00 
 3.00000e+00  0.00000e+00 
 3.50000e+00  0.00000e+00 
 4.00000e+00  0.00000e+00 
 4.50000e+00  0.00000e+00 
 5.00000e+00  0.00000e+00 
 5.50000e+00  0.00000e+00 
 6.00000e+00  0.00000e+00 
 6.50000e+00  0.00000e+00 
 7.00000e+00  0.00000e+00 
 7.50000e+00  0.00000e+00 
 8.00000e+00  0.00000e+00 
 8.50000e+00  0.00000e+00 
 9.00000e+00  0.00000e+00 
 9.50000e+00  0.00000e+00 
 1.00000e+01  0.00000e+00 
 1.05000e+01  0.00000e+00 
 1.10000e+01  0.00000e+00 
 1.15000e+01  0.00000e+00 
 1.20000e+01  0.00000e+00 
 1.25000e+01  0.00000e+00 
 1.30000e+01  0.00000e+00 
 1.35000e+01  0.00000e+00 
 1.40000e+01  0.00000e+00 
 1.45000e+01  0.00000e+00 
 1.50000e+01  0.00000e+00 
 1.55000e+01  0.00000e+00 
 1.60000e+01  0.00000e+00 
 1.65000e+01  0.00000e+00 
 1.70000e+01  0.00000e+00 
 1.75000e+01  0.00000e+00 
 1.80000e+01  7.20000e-08 
 1.85000e+01  5.60000e-07 
 1.90000e+01  3.68000e-07 
 1.95000e+01  3.20000e-07 
 2.00000e+01  2.40000e-07 
 2.05000e+01  2.24000e-07 
 2.10000e+01  2.16000e-07 
 2.15000e+01  2.00000e-07 
 2.20000e+01  1.84000e-07 
 2.25000e+01  1.60000e-07 
 2.30000e+01  1.60000e-07 
 2.35000e+01  1.68000e-07 
 2.40000e+01  1.52000e-07 
 2.45000e+01  1.84000e-07 
 2.50000e+01  1.57600e-06 
 2.55000e+01  8.56000e-07 
 2.60000e+01  6.88000e-07 
 2.65000e+01  5.68000e-07 
 2.70000e+01  1.26400e-06 
 2.75000e+01  9.44000e-07 
 2.80000e+01  8.32000e-07 
 2.85000e+01  9.68000e-07 
 2.90000e+01  1.53600e-06 
 2.95000e+01  1.12800e-06 
 3.00000e+01  1.00000e-06 
 3.05000e+01  9.04000e-07 
 3.10000e+01  8.32000e-07 
 3.15000e+01  8.32000e-07 
 3.20000e+01  8.00000e-07 
 3.25000e+01  7.28000e-07 
 3.30000e+01  7.12000e-07 
 3.35000e+01  2.14400e-06 
 3.40000e+01  1.26400e-06 
 3.45000e+01  1.21600e-06 
 3.50000e+01  4.76000e-06 
 3.55000e+01  3.93600e-06 
 3.60000e+01  4.79200e-06 
 3.65000e+01  4.48000e-06 
 3.70000e+01  4.74400e-06 
 3.75000e+01  3.28800e-06 
 3.80000e+01  3.00000e-06 
 3.85000e+01  7.96800e-06 
 3.90000e+01  4.72800e-06 
 3.95000e+01  3.72800e-06 
 4.00000e+01  4.22400e-06 
 4.05000e+01  4.68800e-06 
 4.10000e+01  5.00800e-06 
 4.15000e+01  6.47200e-06 
 4.20000e+01  1.16640e-05 
 4.25000e+01  6.95200e-06 
 4.30000e+01  1.08640e-05 
 4.35000e+01  1.03360e-05 
 4.40000e+01  1.25120e-05 
 4.45000e+01  9.12800e-06 
 4.50000e+01  1.22640e-05 
 4.55000e+01  9.37600e-06 
 4.60000e+01  9.77600e-06 
 4.65000e+01  1.36560e-05 
 4.70000e+01  1.04560e-05 
 4.75000e+01  9.42400e-06 
 4.80000e+01  8.90400e-06 
 4.85000e+01  1.57760e-05 
 4.90000e+01  1.20880e-05 
 4.95000e+01  1.35840e-05 
 5.00000e+01  2.47120e-05 
 5.05000e+01  1.73680e-05 
 5.10000e+01  2.22480e-05 
 5.15000e+01  2.45200e-05 
 5.20000e+01  2.87760e-05 
 5.25000e+01  3.34800e-05 
 5.30000e+01  2.93680e-05 
 5.35000e+01  3.33040e-05 
 5.40000e+01  3.62560e-05 
 5.45000e+01  6.35840e-05 
 5.50000e+01  6.78960e-05 
 5.55000e+01  5.91280e-05 
 5.60000e+01  7.80080e-05 
 5.65000e+01  9.14000e-05 
 5.70000e+01  8.92880e-05 
 5.75000e+01  1.01176e-04 
 5.80000e+01  1.09256e-04 
 5.85000e+01  1.01776e-04 
 5.90000e+01  1.20920e-04 
 5.95000e+01  1.13112e-04 
 6.00000e+01  1.02528e-04 
 6.05000e+01  1.16992e-04 
 6.10000e+01  1.52696e-04 
 6.15000e+01  1.64016e-04 
 6.20000e+01  1.47872e-04 
 6.25000e+01  1.69296e-04 
 6.30000e+01  1.83184e-04 
 6.35000e+01  1.88648e-04 
 6.40000e+01  2.12808e-04 
 6.45000e+01  2.01656e-04 
 6.50000e+01  2.01920e-04 
 6.55000e+01  1.98488e-04 
 6.60000e+01  2.16248e-04 
 6.65000e+01  2.43352e-04 
 6.70000e+01  2.57472e-04 
 6.75000e+01  2.08896e-04 
 6.80000e+01  2.30568e-04 
 6.85000e+01  2.51576e-04 
 6.90000e+01  2.36656e-04 
 6.95000e+01  2.53568e-04 
 7.00000e+01  2.81680e-04 
 7.05000e+01  2.87256e-04 
 7.10000e+01  3.19272e-04 
 7.15000e+01  3.11832e-04 
 7.20000e+01  2.91376e-04 
 7.25000e+01  2.92648e-04 
 7.30000e+01  4.01888e-04 
 7.35000e+01  4.26248e-04 
 7.40000e+01  4.24256e-04 
 7.45000e+01  5.02928e-04 
 7.50000e+01  4.99536e-04 
 7.55000e+01  4.66112e-04 
 7.60000e+01  4.70352e-04 
 7.65000e+01  4.74184e-04 
 7.70000e+01  4.89176e-04 
 7.75000e+01  5.06256e-04 
 7.80000e+01  5.59792e-04 
 7.85000e+01  5.71288e-04 
 7.90000e+01  5.70912e-04 
 7.95000e+01  5.17344e-04 
 8.00000e+01  4.77792e-04 
 8.05000e+01  5.31488e-04 
 8.10000e+01  5.65400e-04 
 8.15000e+01  5.56504e-04 
 8.20000e+01  4.61016e-04 
 8.25000e+01  4.76472e-04 
 8.30000e+01  6.25824e-04 
 8.35000e+01  5.60864e-04 
 8.40000e+01  4.91704e-04 
 8.45000e+01  5.71560e-04 
 8.50000e+01  6.54104e-04 
 8.55000e+01  6.36280e-04 
 8.60000e+01  6.09912e-04 
 8.65000e+01  6.60888e-04 
 8.70000e+01  6.58872e-04 
 8.75000e+01  6.63032e-04 
 8.80000e+01  7.40736e-04 
 8.85000e+01  6.92336e-04 
 8.90000e+01  8.55624e-04 
 8.95000e+01  7.74208e-04 
 9.00000e+01  9.19592e-04 
 9.05000e+01  8.84296e-04 
 9.10000e+01  8.10472e-04 
 9.15000e+01  7.68848e-04 
 9.20000e+01  7.52376e-04 
 9.25000e+01  8.86824e-04 
 9.30000e+01  1.01252e-03 
 9.35000e+01  9.16304e-04 
 9.40000e+01  1.01387e-03 
 9.45000e+01  1.10378e-03 
 9.50000e+01  1.12533e-03 
 9.55000e+01  1.18562e-03 
 9.60000e+01  1.16258e-03 
 9.65000e+01  1.07388e-03 
 9.70000e+01  1.20031e-03 
 9.75000e+01  1.18552e-03 
 9.80000e+01  1.15850e-03 
 9.85000e+01  1.29198e-03 
 9.90000e+01  1.55666e-03 
 9.95000e+01  1.75419e-03 
 1.00000e+02  1.57477e-03 
 1.00500e+02  1.78663e-03 
 1.01000e+02  1.79422e-03 
 1.01500e+02  1.96166e-03 
 1.02000e+02  2.14673e-03 
 1.02500e+02  2.21002e-03 
 1.03000e+02  2.26362e-03 
 1.03500e+02  2.48131e-03 
 1.04000e+02  2.92809e-03 
 1.04500e+02  3.03496e-03 
 1.05000e+02  3.05046e-03 
 1.05500e+02  2.98375e-03 
 1.06000e+02  3.26737e-03 
 1.06500e+02  3.43855e-03 
 1.07000e+02  3.49845e-03 
 1.07500e+02  3.49550e-03 
 1.08000e+02  4.09241e-03 
 1.08500e+02  3.83595e-03 
 1.09000e+02  3.87846e-03 
 1.09500e+02  4.32343e-03 
 1.10000e+02  4.98471e-03 
 1.10500e+02  4.75522e-03 
 1.11000e+02  4.92714e-03 
 1.11500e+02  5.16560e-03 
 1.12000e+02  5.13989e-03 
 1.12500e+02  5.02256e-03 
 1.13000e+02  5.28912e-03 
 1.13500e+02  5.32168e-03 
 1.14000e+02  5.26032e-03 
 1.14500e+02  5.27647e-03 
 1.15000e+02  5.65084e-03 
 1.15500e+02  6.08282e-03 
 1.16000e+02  6.36626e-03 
 1.16500e+02  6.39344e-03 
 1.17000e+02  6.54811e-03 
 1.17500e+02  6.89922e-03 
 1.18000e+02  6.87725e-03 
 1.18500e+02  6.90722e-03 
 1.19000e+02  7.11553e-03 
 1.19500e+02  7.19849e-03 
 1.20000e+02  6.93862e-03 
 1.20500e+02  7.24642e-03 
 1.21000e+02  7.36066e-03 
 1.21500e+02  7.35131e-03 
 1.22000e+02  7.75415e-03 
 1.22500e+02  7.66726e-03 
 1.23000e+02  7.89800e-03 
 1.23500e+02  8.08699e-03 
 1.24000e+02  8.22270e-03 
 1.24500e+02  8.13165e-03 
 1.25000e+02  7.86151e-03 
 1.25500e+02  7.73281e-03 
 1.26000e+02  7.78809e-03 
 1.26500e+02  8.27881e-03 
 1.27000e+02  8.13776e-03 
 1.27500e+02  8.35887e-03 
 1.28000e+02  8.22799e-03 
 1.28500e+02  8.50861e-03 
 1.29000e+02  8.77698e-03 
 1.29500e+02  8.50794e-03 
 1.30000e+02  8.52259e-03 
 1.30500e+02  8.54078e-03 
 1.31000e+02  9.13494e-03 
 1.31500e+02  9.31832e-03 
 1.32000e+02  9.03291e-03 
 1.32500e+02  9.09931e-03 
 1.33000e+02  9.16977e-03 
 1.33500e+02  9.70738e-03 
 1.34000e+02  9.64439e-03 
 1.34500e+02  9.78019e-03 
 1.35000e+02  9.51248e-03 
 1.35500e+02  9.61822e-03 
 1.36000e+02  1.00860e-02 
 1.36500e+02  9.69446e-03 
 1.37000e+02  9.53542e-03 
 1.37500e+02  9.53723e-03 
 1.38000e+02  9.38129e-03 
 1.38500e+02  9.31094e-03 
 1.39000e+02  9.86691e-03 
 1.39500e+02  1.02548e-02 
 1.40000e+02  1.03406e-02 
 1.40500e+02  1.02514e-02 
 1.41000e+02  1.04608e-02 
 1.41500e+02  1.09564e-02 
 1.42000e+02  1.04988e-02 
 1.42500e+02  1.03727e-02 
 1.43000e+02  1.03887e-02 
 1.43500e+02  1.04169e-02 
 1.44000e+02  1.03769e-02 
 1.44500e+02  1.03636e-02 
 1.45000e+02  1.07935e-02 
 1.45500e+02  1.07236e-02 
 1.46000e+02  1.05781e-02 
 1.46500e+02  1.05357e-02 
 1.47000e+02  1.03303e-02 
 1.47500e+02  1.08253e-02 
 1.48000e+02  1.08599e-02 
 1.48500e+02  1.12122e-02 
 1.49000e+02  1.13451e-02 
 1.49500e+02  1.09179e-02 
 1.50000e+02  1.09263e-02 
 1.50500e+02  1.08599e-02 
 1.51000e+02  1.06927e-02 
 1.51500e+02  1.04594e-02 
 1.52000e+02  1.01933e-02 
 1.52500e+02  1.05222e-02 
 1.53000e+02  1.00625e-02 
 1.53500e+02  9.91470e-03 
 1.54000e+02  9.88038e-03 
 1.54500e+02  9.89325e-03 
 1.55000e+02  9.78584e-03 
 1.55500e+02  9.40822e-03 
 1.56000e+02  9.20647e-03 
 1.56500e+02  9.16261e-03 
 1.57000e+02  9.66342e-03 
 1.57500e+02  1.01299e-02 
 1.58000e+02  9.79914e-03 
 1.58500e+02  1.01944e-02 
 1.59000e+02  1.02837e-02 
 1.59500e+02  1.02773e-02 
 1.60000e+02  9.75978e-03 
 1.60500e+02  9.68505e-03 
 1.61000e+02  9.84854e-03 
 1.61500e+02  9.86899e-03 
 1.62000e+02  9.96138e-03 
 1.62500e+02  9.69406e-03 
 1.63000e+02  9.68635e-03 
 1.63500e+02  9.77073e-03 
 1.64000e+02  9.86518e-03 
 1.64500e+02  9.45820e-03 
 1.65000e+02  9.65166e-03 
 1.65500e+02  8.98850e-03 
 1.66000e+02  9.47062e-03 
 1.66500e+02  1.00934e-02 
 1.67000e+02  9.80494e-03 
 1.67500e+02  9.56334e-03 
 1.68000e+02  9.45468e-03 
 1.68500e+02  9.12087e-03 
 1.69000e+02  9.18265e-03 
 1.69500e+02  8.73364e-03 
 1.70000e+02  8.82905e-03 
 1.70500e+02  8.97557e-03 
 1.71000e+02  9.08704e-03 
 1.71500e+02  9.02810e-03 
 1.72000e+02  9.73951e-03 
 1.72500e+02  9.06303e-03 
 1.73000e+02  8.84174e-03 
 1.73500e+02  8.94620e-03 
 1.74000e+02  9.20400e-03 
 1.74500e+02  8.91442e-03 
 1.75000e+02  9.12360e-03 
 1.75500e+02  9.17244e-03 
 1.76000e+02  8.77122e-03 
 1.76500e+02  8.85063e-03 
 1.77000e+02  9.24294e-03 
 1.77500e+02  8.79638e-03 
 1.78000e+02  8.87370e-03 
 1.78500e+02  8.84221e-03 
 1.79000e+02  8.67430e-03 
 1.79500e+02  8.36256e-03 
 1.80000e+02  8.09008e-03 
 1.80500e+02  8.44978e-03 
 1.81000e+02  8.72935e-03 
 1.81500e+02  8.84165e-03 
 1.82000e+02  8.18777e-03 
 1.82500e+02  8.70246e-03 
 1.83000e+02  8.27033e-03 
 1.83500e+02  8.46223e-03 
 1.84000e+02  8.47087e-03 
 1.84500e+02  8.30298e-03 
 1.85000e+02  8.49710e-03 
 1.85500e+02  8.22670e-03 
 1.86000e+02  7.88936e-03 
 1.86500e+02  7.73435e-03 
 1.87000e+02  7.75010e-03 
 1.87500e+02  7.49319e-03 
 1.88000e+02  7.19948e-03 
 1.88500e+02  7.18362e-03 
 1.89000e+02  7.20982e-03 
 1.89500e+02  7.18748e-03 
 1.90000e+02  6.97182e-03 
 1.90500e+02  6.82037e-03 
 1.91000e+02  6.71776e-03 
 1.91500e+02  6.80421e-03 
 1.92000e+02  6.53812e-03 
 1.92500e+02  6.80258e-03 
 1.93000e+02  6.66192e-03 
 1.93500e+02  6.52962e-03 
 1.94000e+02  6.41402e-03 
 1.94500e+02  6.21200e-03 
 1.95000e+02  6.34522e-03 
 1.95500e+02  6.29886e-03 
 1.96000e+02  6.35085e-03 
 1.96500e+02  6.33910e-03 
 1.97000e+02  6.19199e-03 
 1.97500e+02  6.09633e-03 
 1.98000e+02  6.03299e-03 
 1.98500e+02  5.75704e-03 
 1.99000e+02  5.42001e-03 
 1.99500e+02  5.35447e-03 
 2.00000e+02  5.28864e-03 
 2.00500e+02  5.37905e-03 
 2.01000e+02  5.18414e-03 
 2.01500e+02  4.93690e-03 
 2.02000e+02  4.52424e-03 
 2.02500e+02  4.67605e-03 
 2.03000e+02  4.46920e-03 
 2.03500e+02  4.51950e-03 
 2.04000e+02  4.52080e-03 
 2.04500e+02  4.25022e-03 
 2.05000e+02  4.02946e-03 
 2.05500e+02  3.88468e-03 
 2.06000e+02  3.70992e-03 
 2.06500e+02  3.74465e-03 
 2.07000e+02  3.72906e-03 
 2.07500e+02  3.42815e-03 
 2.08000e+02  3.29386e-03 
 2.08500e+02  3.38442e-03 
 2.09000e+02  3.17417e-03 
 2.09500e+02  2.89209e-03 
 2.10000e+02  2.80830e-03 
 2.10500e+02  2.56202e-03 
 2.11000e+02  2.38614e-03 
 2.11500e+02  2.40247e-03 
 2.12000e+02  2.29854e-03 
 2.12500e+02  1.97230e-03 
 2.13000e+02  1.84242e-03 
 2.13500e+02  1.70378e-03 
 2.14000e+02  1.69438e-03 
 2.14500e+02  1.58782e-03 
 2.15000e+02  1.53396e-03 
 2.15500e+02  1.55289e-03 
 2.16000e+02  1.51743e-03 
 2.16500e+02  1.51767e-03 
 2.17000e+02  1.22634e-03 
 2.17500e+02  1.24769e-03 
 2.18000e+02  1.25220e-03 
 2.18500e+02  1.30618e-03 
 2.19000e+02  1.19962e-03 
 2.19500e+02  1.22001e-03 
 2.20000e+02  1.27123e-03 
 2.20500e+02  1.19318e-03 
 2.21000e+02  1.15176e-03 
 2.21500e+02  1.10578e-03 
 2.22000e+02  1.08051e-03 
 2.22500e+02  1.01026e-03 
 2.23000e+02  9.33240e-04 
 2.23500e+02  9.49960e-04 
 2.24000e+02  9.11056e-04 
 2.24500e+02  9.15272e-04 
 2.25000e+02  9.02248e-04 
 2.25500e+02  8.91296e-04 
 2.26000e+02  9.11136e-04 
 2.26500e+02  9.10960e-04 
 2.27000e+02  8.06704e-04 
 2.27500e+02  7.48688e-04 
 2.28000e+02  7.03016e-04 
 2.28500e+02  7.00680e-04 
 2.29000e+02  6.93464e-04 
 2.29500e+02  6.41248e-04 
 2.30000e+02  7.23520e-04 
 2.30500e+02  7.31960e-04 
 2.31000e+02  6.52456e-04 
 2.31500e+02  6.49960e-04 
 2.32000e+02  6.10640e-04 
 2.32500e+02  5.65256e-04 
 2.33000e+02  4.53872e-04 
 2.33500e+02  4.47304e-04 
 2.34000e+02  4.99888e-04 
 2.34500e+02  4.50072e-04 
 2.35000e+02  4.52232e-04 
 2.35500e+02  4.20936e-04 
 2.36000e+02  4.25720e-04 
 2.36500e+02  4.94688e-04 
 2.37000e+02  5.02328e-04 
 2.37500e+02  4.49800e-04 
 2.38000e+02  3.74784e-04 
 2.38500e+02  3.96680e-04 
 2.39000e+02  4.46840e-04 
 2.39500e+02  4.13216e-04 
 2.40000e+02  3.42440e-04 
 2.40500e+02  3.61936e-04 
 2.41000e+02  3.95096e-04 
 2.41500e+02  3.63608e-04 
 2.42000e+02  3.19592e-04 
 2.42500e+02  3.39264e-04 
 2.43000e+02  3.08256e-04 
 2.43500e+02  2.75560e-04 
 2.44000e+02  2.91792e-04 
 2.44500e+02  2.52488e-04 
 2.45000e+02  2.41648e-04 
 2.45500e+02  2.35424e-04 
 2.46000e+02  2.52056e-04 
 2.46500e+02  2.53368e-04 
 2.47000e+02  2.26280e-04 
 2.47500e+02  2.41128e-04 
 2.48000e+02  2.30568e-04 
 2.48500e+02  2.47824e-04 
 2.49000e+02  2.07784e-04 
 2.49500e+02  1.90648e-04 
 2.50000e+02  1.72504e-04 
 2.50500e+02  1.70352e-04 
 2.51000e+02  1.88872e-04 
 2.51500e+02  1.89248e-04 
 2.52000e+02  1.72648e-04 
 2.52500e+02  1.86520e-04 
 2.53000e+02  1.63456e-04 
 2.53500e+02  1.51800e-04 
 2.54000e+02  1.29952e-04 
 2.54500e+02  1.25288e-04 
 2.55000e+02  1.44744e-04 
 2.55500e+02  1.22272e-04 
 2.56000e+02  1.23936e-04 
 2.56500e+02  9.94640e-05 
 2.57000e+02  1.07360e-04 
 2.57500e+02  9.49920e-05 
 2.58000e+02  8.20000e-05 
 2.58500e+02  1.00328e-04 
 2.59000e+02  7.49440e-05 
 2.59500e+02  5.76480e-05 
 2.60000e+02  5.23440e-05 
 2.60500e+02  5.69280e-05 
 2.61000e+02  7.07040e-05 
 2.61500e+02  3.73360e-05 
 2.62000e+02  4.21120e-05 
 2.62500e+02  5.11040e-05 
 2.63000e+02  3.81440e-05 
 2.63500e+02  3.62720e-05 
 2.64000e+02  3.58960e-05 
 2.64500e+02  3.54320e-05 
 2.65000e+02  3.41360e-05 
 2.65500e+02  2.60400e-05 
 2.66000e+02  2.54800e-05 
 2.66500e+02  2.41520e-05 
 2.67000e+02  2.90000e-05 
 2.67500e+02  2.57680e-05 
 2.68000e+02  2.29360e-05 
 2.68500e+02  1.64800e-05 
 2.69000e+02  1.87280e-05 
 2.69500e+02  1.57200e-05 
 2.70000e+02  1.04240e-05 
 2.70500e+02  1.00880e-05 
 2.71000e+02  1.27280e-05 
 2.71500e+02  1.13520e-05 
 2.72000e+02  9.00000e-06 
 2.72500e+02  6.84800e-06 
 2.73000e+02  5.20800e-06 
 2.73500e+02  5.58400e-06 
 2.74000e+02  5.61600e-06 
 2.74500e+02  5.80000e-06 
 2.75000e+02  6.96800e-06 
 2.75500e+02  4.36800e-06 
 2.76000e+02  4.84000e-06 
 2.76500e+02  5.67200e-06 
 2.77000e+02  8.19200e-06 
 2.77500e+02  6.28800e-06 
 2.78000e+02  4.72800e-06 
 2.78500e+02  5.20800e-06 
 2.79000e+02  3.64800e-06 
 2.79500e+02  5.09600e-06 
 2.80000e+02  2.72800e-06 
 2.80500e+02  3.65600e-06 
 2.81000e+02  2.46400e-06 
 2.81500e+02  1.86400e-06 
 2.82000e+02  2.02400e-06 
 2.82500e+02  2.24000e-06 
 2.83000e+02  3.73600e-06 
 2.83500e+02  1.85600e-06 
 2.84000e+02  2.08000e-06 
 2.84500e+02  2.66400e-06 
 2.85000e+02  1.95200e-06 
 2.85500e+02  2.15200e-06 
 2.86000e+02  2.83200e-06 
 2.86500e+02  3.96800e-06 
 2.87000e+02  4.54400e-06 
 2.87500e+02  2.73600e-06 
 2.88000e+02  2.68800e-06 
 2.88500e+02  8.96000e-07 
 2.89000e+02  2.17600e-06 
 2.89500e+02  1.59200e-06 
 2.90000e+02  1.41600e-06 
 2.90500e+02  5.04000e-07 
 2.91000e+02  5.12000e-07 
 2.91500e+02  5.44000e-07 
 2.92000e+02  5.92000e-07 
 2.92500e+02  6.40000e-07 
 2.93000e+02  6.80000e-07 
 2.93500e+02  8.00000e-07 
 2.94000e+02  9.84000e-07 
 2.94500e+02  1.52000e-06 
 2.95000e+02  1.17600e-06 
 2.95500e+02  1.44000e-07 
 2.96000e+02  1.44000e-07 
 2.96500e+02  1.44000e-07 
 2.97000e+02  1.60000e-07 
 2.97500e+02  1.68000e-07 
 2.98000e+02  1.84000e-07 
 2.98500e+02  1.92000e-07 
 2.99000e+02  1.92000e-07 
 2.99500e+02  2.08000e-07 
 3.00000e+02  2.56000e-07 
 3.00500e+02  2.80000e-07 
 3.01000e+02  3.04000e-07 
 3.01500e+02  4.56000e-07 
 3.02000e+02  1.76000e-06 
 3.02500e+02  0.00000e+00 
 3.03000e+02  0.00000e+00 
 3.03500e+02  0.00000e+00 
 3.04000e+02  0.00000e+00 
 3.04500e+02  0.00000e+00 
 3.05000e+02  0.00000e+00 
 3.05500e+02  0.00000e+00 
 3.06000e+02  0.00000e+00 
 3.06500e+02  0.00000e+00 
 3.07000e+02  0.00000e+00 
 3.07500e+02  0.00000e+00 
 3.08000e+02  0.00000e+00 
 3.08500e+02  0.00000e+00 
 3.09000e+02  0.00000e+00 
 3.09500e+02  0.00000e+00 
 3.10000e+02  0.00000e+00 
 3.10500e+02  0.00000e+00 
 3.11000e+02  0.00000e+00 
 3.11500e+02  0.00000e+00 
 3.12000e+02  0.00000e+00 
 3.12500e+02  0.00000e+00 
 3.13000e+02  0.00000e+00 
 3.13500e+02  0.00000e+00 
 3.14000e+02  0.00000e+00 
 3.14500e+02  0.00000e+00 
 3.15000e+02  0.00000e+00 
 3.15500e+02  0.00000e+00 
 3.16000e+02  0.00000e+00 
 3.16500e+02  0.00000e+00 
 3.17000e+02  0.00000e+00 
 3.17500e+02  0.00000e+00 
 3.18000e+02  0.00000e+00 
 3.18500e+02  0.00000e+00 
 3.19000e+02  0.00000e+00 
 3.19500e+02  1.92000e-07 
