 0.00000e+00  0.00000e+00 
 5.00000e-01  0.00000e+00 
 1.00000e+00  0.00000e+00 
 1.50000e+00  0.00000e+00 
 2.00000e+00  0.00000e+00 
 2.50000e+00  0.00000e+00 
 3.00000e+00  0.00000e+00 
 3.50000e+00  0.00000e+00 
 4.00000e+00  0.00000e+00 
 4.50000e+00  0.00000e+00 
 5.00000e+00  0.00000e+00 
 5.50000e+00  1.07200e-06 
 6.00000e+00  8.80000e-07 
 6.50000e+00  5.52000e-07 
 7.00000e+00  5.04000e-07 
 7.50000e+00  4.48000e-07 
 8.00000e+00  3.92000e-07 
 8.50000e+00  3.44000e-07 
 9.00000e+00  3.20000e-07 
 9.50000e+00  3.28000e-07 
 1.00000e+01  2.96000e-07 
 1.05000e+01  2.96000e-07 
 1.10000e+01  2.64000e-07 
 1.15000e+01  2.48000e-07 
 1.20000e+01  6.00000e-07 
 1.25000e+01  5.84000e-07 
 1.30000e+01  5.28000e-07 
 1.35000e+01  2.35200e-06 
 1.40000e+01  1.86400e-06 
 1.45000e+01  2.82400e-06 
 1.50000e+01  1.73600e-06 
 1.55000e+01  1.22400e-06 
 1.60000e+01  1.00000e-06 
 1.65000e+01  9.04000e-07 
 1.70000e+01  8.56000e-07 
 1.75000e+01  7.84000e-07 
 1.80000e+01  7.60000e-07 
 1.85000e+01  7.20000e-07 
 1.90000e+01  1.09600e-06 
 1.95000e+01  2.33600e-06 
 2.00000e+01  1.43200e-06 
 2.05000e+01  1.28000e-06 
 2.10000e+01  1.12800e-06 
 2.15000e+01  1.05600e-06 
 2.20000e+01  1.00800e-06 
 2.25000e+01  9.52000e-07 
 2.30000e+01  9.12000e-07 
 2.35000e+01  8.96000e-07 
 2.40000e+01  8.56000e-07 
 2.45000e+01  8.24000e-07 
 2.50000e+01  8.24000e-07 
 2.55000e+01  7.92000e-07 
 2.60000e+01  7.52000e-07 
 2.65000e+01  7.52000e-07 
 2.70000e+01  7.28000e-07 
 2.75000e+01  8.32000e-07 
 2.80000e+01  1.11200e-06 
 2.85000e+01  8.88000e-07 
 2.90000e+01  3.12000e-06 
 2.95000e+01  1.82400e-06 
 3.00000e+01  1.52800e-06 
 3.05000e+01  1.39200e-06 
 3.10000e+01  1.32000e-06 
 3.15000e+01  1.04800e-06 
 3.20000e+01  1.12800e-06 
 3.25000e+01  1.21600e-06 
 3.30000e+01  1.16000e-06 
 3.35000e+01  4.26400e-06 
 3.40000e+01  3.37600e-06 
 3.45000e+01  2.62400e-06 
 3.50000e+01  2.09600e-06 
 3.55000e+01  1.95200e-06 
 3.60000e+01  2.38400e-06 
 3.65000e+01  1.01760e-05 
 3.70000e+01  8.06400e-06 
 3.75000e+01  6.34400e-06 
 3.80000e+01  7.08000e-06 
 3.85000e+01  1.17120e-05 
 3.90000e+01  8.41600e-06 
 3.95000e+01  7.28800e-06 
 4.00000e+01  7.66400e-06 
 4.05000e+01  9.06400e-06 
 4.10000e+01  1.10320e-05 
 4.15000e+01  1.36400e-05 
 4.20000e+01  1.32880e-05 
 4.25000e+01  2.28640e-05 
 4.30000e+01  1.49680e-05 
 4.35000e+01  1.45280e-05 
 4.40000e+01  1.91760e-05 
 4.45000e+01  2.13360e-05 
 4.50000e+01  1.93360e-05 
 4.55000e+01  1.71680e-05 
 4.60000e+01  1.91360e-05 
 4.65000e+01  1.94240e-05 
 4.70000e+01  1.93440e-05 
 4.75000e+01  2.29040e-05 
 4.80000e+01  2.88400e-05 
 4.85000e+01  3.40800e-05 
 4.90000e+01  2.69520e-05 
 4.95000e+01  2.68560e-05 
 5.00000e+01  2.58720e-05 
 5.05000e+01  2.99440e-05 
 5.10000e+01  4.08400e-05 
 5.15000e+01  4.68400e-05 
 5.20000e+01  6.02560e-05 
 5.25000e+01  5.73680e-05 
 5.30000e+01  4.59040e-05 
 5.35000e+01  6.03920e-05 
 5.40000e+01  6.42480e-05 
 5.45000e+01  7.31120e-05 
 5.50000e+01  1.00376e-04 
 5.55000e+01  1.10296e-04 
 5.60000e+01  1.17216e-04 
 5.65000e+01  1.14088e-04 
 5.70000e+01  1.04888e-04 
 5.75000e+01  1.21088e-04 
 5.80000e+01  1.65168e-04 
 5.85000e+01  1.57592e-04 
 5.90000e+01  1.38176e-04 
 5.95000e+01  1.78848e-04 
 6.00000e+01  1.55264e-04 
 6.05000e+01  1.59264e-04 
 6.10000e+01  1.77320e-04 
 6.15000e+01  1.56872e-04 
 6.20000e+01  1.37976e-04 
 6.25000e+01  1.56632e-04 
 6.30000e+01  1.82688e-04 
 6.35000e+01  1.94016e-04 
 6.40000e+01  2.21928e-04 
 6.45000e+01  1.83048e-04 
 6.50000e+01  2.02992e-04 
 6.55000e+01  1.88536e-04 
 6.60000e+01  1.93088e-04 
 6.65000e+01  2.31192e-04 
 6.70000e+01  2.30760e-04 
 6.75000e+01  2.40760e-04 
 6.80000e+01  2.84312e-04 
 6.85000e+01  3.06864e-04 
 6.90000e+01  2.95008e-04 
 6.95000e+01  2.99152e-04 
 7.00000e+01  2.78960e-04 
 7.05000e+01  2.78656e-04 
 7.10000e+01  3.35968e-04 
 7.15000e+01  3.71160e-04 
 7.20000e+01  3.11016e-04 
 7.25000e+01  3.58744e-04 
 7.30000e+01  3.32896e-04 
 7.35000e+01  3.33016e-04 
 7.40000e+01  4.20144e-04 
 7.45000e+01  4.03200e-04 
 7.50000e+01  3.81656e-04 
 7.55000e+01  4.49976e-04 
 7.60000e+01  4.27000e-04 
 7.65000e+01  4.73640e-04 
 7.70000e+01  4.26656e-04 
 7.75000e+01  5.24392e-04 
 7.80000e+01  5.69616e-04 
 7.85000e+01  5.07480e-04 
 7.90000e+01  5.06128e-04 
 7.95000e+01  5.36896e-04 
 8.00000e+01  5.76816e-04 
 8.05000e+01  5.17104e-04 
 8.10000e+01  4.86376e-04 
 8.15000e+01  4.98640e-04 
 8.20000e+01  5.37184e-04 
 8.25000e+01  5.70280e-04 
 8.30000e+01  5.55040e-04 
 8.35000e+01  5.67808e-04 
 8.40000e+01  5.62536e-04 
 8.45000e+01  5.71040e-04 
 8.50000e+01  6.78968e-04 
 8.55000e+01  6.12472e-04 
 8.60000e+01  6.61704e-04 
 8.65000e+01  7.21752e-04 
 8.70000e+01  7.71440e-04 
 8.75000e+01  8.49616e-04 
 8.80000e+01  7.71736e-04 
 8.85000e+01  8.52800e-04 
 8.90000e+01  7.99768e-04 
 8.95000e+01  8.75040e-04 
 9.00000e+01  8.75752e-04 
 9.05000e+01  9.58784e-04 
 9.10000e+01  9.31096e-04 
 9.15000e+01  9.17888e-04 
 9.20000e+01  1.00834e-03 
 9.25000e+01  1.08786e-03 
 9.30000e+01  9.73504e-04 
 9.35000e+01  1.05270e-03 
 9.40000e+01  1.04420e-03 
 9.45000e+01  9.75952e-04 
 9.50000e+01  1.12930e-03 
 9.55000e+01  1.17415e-03 
 9.60000e+01  1.22916e-03 
 9.65000e+01  1.18780e-03 
 9.70000e+01  1.17042e-03 
 9.75000e+01  1.13320e-03 
 9.80000e+01  1.35158e-03 
 9.85000e+01  1.55032e-03 
 9.90000e+01  1.57809e-03 
 9.95000e+01  1.65035e-03 
 1.00000e+02  1.58260e-03 
 1.00500e+02  1.76401e-03 
 1.01000e+02  1.82910e-03 
 1.01500e+02  2.03203e-03 
 1.02000e+02  2.07487e-03 
 1.02500e+02  2.25649e-03 
 1.03000e+02  2.27230e-03 
 1.03500e+02  2.37725e-03 
 1.04000e+02  2.48603e-03 
 1.04500e+02  2.64838e-03 
 1.05000e+02  2.78780e-03 
 1.05500e+02  3.33534e-03 
 1.06000e+02  3.42969e-03 
 1.06500e+02  3.57276e-03 
 1.07000e+02  3.66370e-03 
 1.07500e+02  3.94648e-03 
 1.08000e+02  4.05560e-03 
 1.08500e+02  3.91658e-03 
 1.09000e+02  3.86432e-03 
 1.09500e+02  3.90289e-03 
 1.10000e+02  4.30569e-03 
 1.10500e+02  4.59218e-03 
 1.11000e+02  4.93656e-03 
 1.11500e+02  5.01616e-03 
 1.12000e+02  5.23764e-03 
 1.12500e+02  5.51471e-03 
 1.13000e+02  5.50582e-03 
 1.13500e+02  5.47049e-03 
 1.14000e+02  5.47031e-03 
 1.14500e+02  5.55870e-03 
 1.15000e+02  6.24074e-03 
 1.15500e+02  6.49070e-03 
 1.16000e+02  6.39274e-03 
 1.16500e+02  6.66626e-03 
 1.17000e+02  6.92117e-03 
 1.17500e+02  6.74146e-03 
 1.18000e+02  6.91213e-03 
 1.18500e+02  7.00958e-03 
 1.19000e+02  7.09845e-03 
 1.19500e+02  7.33210e-03 
 1.20000e+02  7.31485e-03 
 1.20500e+02  7.99478e-03 
 1.21000e+02  7.39586e-03 
 1.21500e+02  7.60227e-03 
 1.22000e+02  7.62669e-03 
 1.22500e+02  7.93357e-03 
 1.23000e+02  7.81162e-03 
 1.23500e+02  7.74724e-03 
 1.24000e+02  7.94258e-03 
 1.24500e+02  8.10933e-03 
 1.25000e+02  8.73144e-03 
 1.25500e+02  8.79338e-03 
 1.26000e+02  8.88462e-03 
 1.26500e+02  9.02053e-03 
 1.27000e+02  9.03430e-03 
 1.27500e+02  9.22398e-03 
 1.28000e+02  8.94039e-03 
 1.28500e+02  8.93336e-03 
 1.29000e+02  9.36375e-03 
 1.29500e+02  9.40798e-03 
 1.30000e+02  8.97273e-03 
 1.30500e+02  8.91534e-03 
 1.31000e+02  9.11835e-03 
 1.31500e+02  9.13804e-03 
 1.32000e+02  9.69427e-03 
 1.32500e+02  9.52677e-03 
 1.33000e+02  9.78356e-03 
 1.33500e+02  9.86088e-03 
 1.34000e+02  1.01553e-02 
 1.34500e+02  1.00466e-02 
 1.35000e+02  9.67377e-03 
 1.35500e+02  9.55653e-03 
 1.36000e+02  9.93259e-03 
 1.36500e+02  1.02350e-02 
 1.37000e+02  1.01136e-02 
 1.37500e+02  1.03131e-02 
 1.38000e+02  9.76659e-03 
 1.38500e+02  9.83546e-03 
 1.39000e+02  9.73127e-03 
 1.39500e+02  1.02010e-02 
 1.40000e+02  1.00237e-02 
 1.40500e+02  1.01433e-02 
 1.41000e+02  1.04634e-02 
 1.41500e+02  1.01972e-02 
 1.42000e+02  1.07486e-02 
 1.42500e+02  1.13399e-02 
 1.43000e+02  1.08683e-02 
 1.43500e+02  1.11427e-02 
 1.44000e+02  1.07332e-02 
 1.44500e+02  1.03910e-02 
 1.45000e+02  1.07640e-02 
 1.45500e+02  1.03724e-02 
 1.46000e+02  1.02904e-02 
 1.46500e+02  1.03711e-02 
 1.47000e+02  1.07529e-02 
 1.47500e+02  1.02525e-02 
 1.48000e+02  1.05783e-02 
 1.48500e+02  1.12166e-02 
 1.49000e+02  1.11823e-02 
 1.49500e+02  1.08950e-02 
 1.50000e+02  1.09500e-02 
 1.50500e+02  1.11462e-02 
 1.51000e+02  1.13806e-02 
 1.51500e+02  1.12669e-02 
 1.52000e+02  1.10808e-02 
 1.52500e+02  1.12790e-02 
 1.53000e+02  1.11645e-02 
 1.53500e+02  1.13508e-02 
 1.54000e+02  1.03520e-02 
 1.54500e+02  1.09744e-02 
 1.55000e+02  1.04434e-02 
 1.55500e+02  1.02995e-02 
 1.56000e+02  1.04902e-02 
 1.56500e+02  1.04495e-02 
 1.57000e+02  1.04039e-02 
 1.57500e+02  1.03794e-02 
 1.58000e+02  1.02894e-02 
 1.58500e+02  1.07627e-02 
 1.59000e+02  1.06961e-02 
 1.59500e+02  1.06420e-02 
 1.60000e+02  1.03223e-02 
 1.60500e+02  1.04594e-02 
 1.61000e+02  1.03265e-02 
 1.61500e+02  1.05293e-02 
 1.62000e+02  1.07537e-02 
 1.62500e+02  1.05595e-02 
 1.63000e+02  1.02879e-02 
 1.63500e+02  1.00293e-02 
 1.64000e+02  1.00727e-02 
 1.64500e+02  1.01893e-02 
 1.65000e+02  1.02804e-02 
 1.65500e+02  1.03204e-02 
 1.66000e+02  1.06073e-02 
 1.66500e+02  1.01790e-02 
 1.67000e+02  1.07091e-02 
 1.67500e+02  1.06528e-02 
 1.68000e+02  9.98719e-03 
 1.68500e+02  9.38015e-03 
 1.69000e+02  9.85794e-03 
 1.69500e+02  9.73714e-03 
 1.70000e+02  9.03358e-03 
 1.70500e+02  9.07515e-03 
 1.71000e+02  8.70814e-03 
 1.71500e+02  8.82180e-03 
 1.72000e+02  8.70275e-03 
 1.72500e+02  8.55390e-03 
 1.73000e+02  8.53183e-03 
 1.73500e+02  8.47970e-03 
 1.74000e+02  8.54653e-03 
 1.74500e+02  8.97880e-03 
 1.75000e+02  9.07842e-03 
 1.75500e+02  8.93575e-03 
 1.76000e+02  8.86839e-03 
 1.76500e+02  8.78942e-03 
 1.77000e+02  8.57108e-03 
 1.77500e+02  8.40498e-03 
 1.78000e+02  8.45412e-03 
 1.78500e+02  8.16022e-03 
 1.79000e+02  8.48886e-03 
 1.79500e+02  9.01443e-03 
 1.80000e+02  8.83722e-03 
 1.80500e+02  8.68174e-03 
 1.81000e+02  8.78917e-03 
 1.81500e+02  8.93577e-03 
 1.82000e+02  8.24806e-03 
 1.82500e+02  8.06252e-03 
 1.83000e+02  8.13378e-03 
 1.83500e+02  8.21016e-03 
 1.84000e+02  7.91780e-03 
 1.84500e+02  7.76661e-03 
 1.85000e+02  7.98382e-03 
 1.85500e+02  8.32858e-03 
 1.86000e+02  8.38870e-03 
 1.86500e+02  8.26523e-03 
 1.87000e+02  8.37098e-03 
 1.87500e+02  8.00714e-03 
 1.88000e+02  8.01371e-03 
 1.88500e+02  7.83314e-03 
 1.89000e+02  8.00335e-03 
 1.89500e+02  7.82935e-03 
 1.90000e+02  7.96165e-03 
 1.90500e+02  7.84678e-03 
 1.91000e+02  7.45242e-03 
 1.91500e+02  7.78732e-03 
 1.92000e+02  7.19580e-03 
 1.92500e+02  6.75645e-03 
 1.93000e+02  6.53066e-03 
 1.93500e+02  6.56322e-03 
 1.94000e+02  6.66182e-03 
 1.94500e+02  6.50770e-03 
 1.95000e+02  6.24304e-03 
 1.95500e+02  6.29481e-03 
 1.96000e+02  6.10121e-03 
 1.96500e+02  6.15278e-03 
 1.97000e+02  6.17785e-03 
 1.97500e+02  5.90932e-03 
 1.98000e+02  6.07695e-03 
 1.98500e+02  5.86257e-03 
 1.99000e+02  5.74800e-03 
 1.99500e+02  5.45511e-03 
 2.00000e+02  5.56097e-03 
 2.00500e+02  5.64522e-03 
 2.01000e+02  5.65872e-03 
 2.01500e+02  5.26057e-03 
 2.02000e+02  4.82465e-03 
 2.02500e+02  4.70694e-03 
 2.03000e+02  4.58732e-03 
 2.03500e+02  4.45532e-03 
 2.04000e+02  4.56345e-03 
 2.04500e+02  4.77360e-03 
 2.05000e+02  4.60025e-03 
 2.05500e+02  4.70357e-03 
 2.06000e+02  4.30787e-03 
 2.06500e+02  3.88120e-03 
 2.07000e+02  3.77229e-03 
 2.07500e+02  3.90484e-03 
 2.08000e+02  3.40149e-03 
 2.08500e+02  3.30668e-03 
 2.09000e+02  3.39329e-03 
 2.09500e+02  3.40049e-03 
 2.10000e+02  3.14093e-03 
 2.10500e+02  2.95782e-03 
 2.11000e+02  2.85218e-03 
 2.11500e+02  2.60499e-03 
 2.12000e+02  2.45234e-03 
 2.12500e+02  2.26597e-03 
 2.13000e+02  2.26116e-03 
 2.13500e+02  2.06398e-03 
 2.14000e+02  1.87671e-03 
 2.14500e+02  1.75432e-03 
 2.15000e+02  1.70611e-03 
 2.15500e+02  1.60422e-03 
 2.16000e+02  1.43878e-03 
 2.16500e+02  1.30496e-03 
 2.17000e+02  1.27654e-03 
 2.17500e+02  1.19242e-03 
 2.18000e+02  1.21342e-03 
 2.18500e+02  1.14714e-03 
 2.19000e+02  1.05878e-03 
 2.19500e+02  1.11208e-03 
 2.20000e+02  1.08629e-03 
 2.20500e+02  9.99808e-04 
 2.21000e+02  1.01802e-03 
 2.21500e+02  1.05742e-03 
 2.22000e+02  9.88248e-04 
 2.22500e+02  9.55128e-04 
 2.23000e+02  1.00641e-03 
 2.23500e+02  9.65080e-04 
 2.24000e+02  8.87688e-04 
 2.24500e+02  8.79352e-04 
 2.25000e+02  8.35808e-04 
 2.25500e+02  8.43976e-04 
 2.26000e+02  7.98816e-04 
 2.26500e+02  7.39568e-04 
 2.27000e+02  7.76088e-04 
 2.27500e+02  7.06656e-04 
 2.28000e+02  6.45560e-04 
 2.28500e+02  6.42512e-04 
 2.29000e+02  6.63016e-04 
 2.29500e+02  5.99032e-04 
 2.30000e+02  5.50512e-04 
 2.30500e+02  5.16080e-04 
 2.31000e+02  5.27856e-04 
 2.31500e+02  5.02368e-04 
 2.32000e+02  4.75008e-04 
 2.32500e+02  4.57120e-04 
 2.33000e+02  4.80552e-04 
 2.33500e+02  4.57320e-04 
 2.34000e+02  4.42208e-04 
 2.34500e+02  4.26168e-04 
 2.35000e+02  3.86488e-04 
 2.35500e+02  3.63616e-04 
 2.36000e+02  3.37112e-04 
 2.36500e+02  3.55312e-04 
 2.37000e+02  3.85864e-04 
 2.37500e+02  4.04152e-04 
 2.38000e+02  3.64864e-04 
 2.38500e+02  3.76144e-04 
 2.39000e+02  3.95344e-04 
 2.39500e+02  3.57112e-04 
 2.40000e+02  3.36040e-04 
 2.40500e+02  3.17160e-04 
 2.41000e+02  3.06640e-04 
 2.41500e+02  3.08856e-04 
 2.42000e+02  3.10344e-04 
 2.42500e+02  3.14880e-04 
 2.43000e+02  3.17800e-04 
 2.43500e+02  2.83008e-04 
 2.44000e+02  2.49376e-04 
 2.44500e+02  2.42120e-04 
 2.45000e+02  2.49776e-04 
 2.45500e+02  2.45672e-04 
 2.46000e+02  2.26536e-04 
 2.46500e+02  2.13792e-04 
 2.47000e+02  2.09352e-04 
 2.47500e+02  1.96992e-04 
 2.48000e+02  2.01400e-04 
 2.48500e+02  2.33152e-04 
 2.49000e+02  2.26680e-04 
 2.49500e+02  2.43800e-04 
 2.50000e+02  1.98168e-04 
 2.50500e+02  1.82872e-04 
 2.51000e+02  1.71048e-04 
 2.51500e+02  1.51808e-04 
 2.52000e+02  1.45320e-04 
 2.52500e+02  1.63712e-04 
 2.53000e+02  1.48336e-04 
 2.53500e+02  1.52096e-04 
 2.54000e+02  1.56904e-04 
 2.54500e+02  1.77040e-04 
 2.55000e+02  1.85432e-04 
 2.55500e+02  1.77592e-04 
 2.56000e+02  1.63888e-04 
 2.56500e+02  1.32712e-04 
 2.57000e+02  1.29584e-04 
 2.57500e+02  1.17704e-04 
 2.58000e+02  1.08584e-04 
 2.58500e+02  9.92400e-05 
 2.59000e+02  9.36240e-05 
 2.59500e+02  8.59280e-05 
 2.60000e+02  6.47680e-05 
 2.60500e+02  7.76160e-05 
 2.61000e+02  7.33600e-05 
 2.61500e+02  6.88080e-05 
 2.62000e+02  6.22960e-05 
 2.62500e+02  4.87360e-05 
 2.63000e+02  3.42240e-05 
 2.63500e+02  3.89440e-05 
 2.64000e+02  4.14880e-05 
 2.64500e+02  3.80560e-05 
 2.65000e+02  3.11760e-05 
 2.65500e+02  3.25200e-05 
 2.66000e+02  3.57760e-05 
 2.66500e+02  3.26880e-05 
 2.67000e+02  3.36160e-05 
 2.67500e+02  3.10800e-05 
 2.68000e+02  2.55280e-05 
 2.68500e+02  2.66960e-05 
 2.69000e+02  3.19680e-05 
 2.69500e+02  3.25760e-05 
 2.70000e+02  1.59120e-05 
 2.70500e+02  1.55120e-05 
 2.71000e+02  1.71280e-05 
 2.71500e+02  1.27200e-05 
 2.72000e+02  1.38320e-05 
 2.72500e+02  1.59200e-05 
 2.73000e+02  2.11120e-05 
 2.73500e+02  1.38080e-05 
 2.74000e+02  1.50480e-05 
 2.74500e+02  1.36800e-05 
 2.75000e+02  1.19280e-05 
 2.75500e+02  9.75200e-06 
 2.76000e+02  1.09920e-05 
 2.76500e+02  1.08560e-05 
 2.77000e+02  1.12240e-05 
 2.77500e+02  8.19200e-06 
 2.78000e+02  1.00320e-05 
 2.78500e+02  6.71200e-06 
 2.79000e+02  8.48000e-06 
 2.79500e+02  5.23200e-06 
 2.80000e+02  5.80800e-06 
 2.80500e+02  6.56000e-06 
 2.81000e+02  6.23200e-06 
 2.81500e+02  3.62400e-06 
 2.82000e+02  2.94400e-06 
 2.82500e+02  3.05600e-06 
 2.83000e+02  3.23200e-06 
 2.83500e+02  3.61600e-06 
 2.84000e+02  3.92800e-06 
 2.84500e+02  5.09600e-06 
 2.85000e+02  6.12000e-06 
 2.85500e+02  2.72000e-06 
 2.86000e+02  2.41600e-06 
 2.86500e+02  2.74400e-06 
 2.87000e+02  3.74400e-06 
 2.87500e+02  5.69600e-06 
 2.88000e+02  1.37600e-06 
 2.88500e+02  8.56000e-07 
 2.89000e+02  8.64000e-07 
 2.89500e+02  9.12000e-07 
 2.90000e+02  9.84000e-07 
 2.90500e+02  1.03200e-06 
 2.91000e+02  1.09600e-06 
 2.91500e+02  1.24000e-06 
 2.92000e+02  1.47200e-06 
 2.92500e+02  2.72800e-06 
 2.93000e+02  5.52000e-07 
 2.93500e+02  5.84000e-07 
 2.94000e+02  6.00000e-07 
 2.94500e+02  6.32000e-07 
 2.95000e+02  6.48000e-07 
 2.95500e+02  6.80000e-07 
 2.96000e+02  7.12000e-07 
 2.96500e+02  7.76000e-07 
 2.97000e+02  8.24000e-07 
 2.97500e+02  8.80000e-07 
 2.98000e+02  9.84000e-07 
 2.98500e+02  1.14400e-06 
 2.99000e+02  1.29600e-06 
 2.99500e+02  1.76800e-06 
 3.00000e+02  2.96800e-06 
 3.00500e+02  3.45600e-06 
 3.01000e+02  0.00000e+00 
 3.01500e+02  0.00000e+00 
 3.02000e+02  0.00000e+00 
 3.02500e+02  0.00000e+00 
 3.03000e+02  0.00000e+00 
 3.03500e+02  0.00000e+00 
 3.04000e+02  0.00000e+00 
 3.04500e+02  0.00000e+00 
 3.05000e+02  0.00000e+00 
 3.05500e+02  0.00000e+00 
 3.06000e+02  0.00000e+00 
 3.06500e+02  0.00000e+00 
 3.07000e+02  0.00000e+00 
 3.07500e+02  0.00000e+00 
 3.08000e+02  0.00000e+00 
 3.08500e+02  0.00000e+00 
 3.09000e+02  0.00000e+00 
 3.09500e+02  0.00000e+00 
 3.10000e+02  0.00000e+00 
 3.10500e+02  0.00000e+00 
 3.11000e+02  0.00000e+00 
 3.11500e+02  0.00000e+00 
 3.12000e+02  0.00000e+00 
 3.12500e+02  0.00000e+00 
 3.13000e+02  0.00000e+00 
 3.13500e+02  0.00000e+00 
 3.14000e+02  0.00000e+00 
 3.14500e+02  0.00000e+00 
 3.15000e+02  0.00000e+00 
 3.15500e+02  0.00000e+00 
 3.16000e+02  0.00000e+00 
 3.16500e+02  0.00000e+00 
 3.17000e+02  0.00000e+00 
 3.17500e+02  0.00000e+00 
 3.18000e+02  0.00000e+00 
 3.18500e+02  0.00000e+00 
 3.19000e+02  0.00000e+00 
 3.19500e+02  0.00000e+00 
