 0.00000e+00  0.00000e+00 
 5.00000e-01  0.00000e+00 
 1.00000e+00  4.80000e-08 
 1.50000e+00  1.20000e-07 
 2.00000e+00  1.20000e-07 
 2.50000e+00  1.12000e-07 
 3.00000e+00  8.08000e-07 
 3.50000e+00  6.88000e-07 
 4.00000e+00  4.00000e-07 
 4.50000e+00  3.60000e-07 
 5.00000e+00  3.28000e-07 
 5.50000e+00  2.96000e-07 
 6.00000e+00  2.72000e-07 
 6.50000e+00  2.48000e-07 
 7.00000e+00  2.56000e-07 
 7.50000e+00  3.44000e-07 
 8.00000e+00  4.48000e-07 
 8.50000e+00  4.08000e-07 
 9.00000e+00  3.60000e-07 
 9.50000e+00  3.60000e-07 
 1.00000e+01  3.60000e-07 
 1.05000e+01  3.52000e-07 
 1.10000e+01  3.28000e-07 
 1.15000e+01  3.28000e-07 
 1.20000e+01  2.96000e-07 
 1.25000e+01  3.12000e-07 
 1.30000e+01  4.40000e-07 
 1.35000e+01  2.15200e-06 
 1.40000e+01  1.54400e-06 
 1.45000e+01  1.22400e-06 
 1.50000e+01  1.07200e-06 
 1.55000e+01  9.36000e-07 
 1.60000e+01  8.88000e-07 
 1.65000e+01  8.16000e-07 
 1.70000e+01  8.00000e-07 
 1.75000e+01  7.68000e-07 
 1.80000e+01  7.12000e-07 
 1.85000e+01  6.96000e-07 
 1.90000e+01  6.80000e-07 
 1.95000e+01  6.56000e-07 
 2.00000e+01  6.40000e-07 
 2.05000e+01  6.32000e-07 
 2.10000e+01  5.92000e-07 
 2.15000e+01  6.00000e-07 
 2.20000e+01  5.84000e-07 
 2.25000e+01  5.68000e-07 
 2.30000e+01  5.68000e-07 
 2.35000e+01  5.52000e-07 
 2.40000e+01  5.44000e-07 
 2.45000e+01  5.28000e-07 
 2.50000e+01  1.17600e-06 
 2.55000e+01  2.10400e-06 
 2.60000e+01  9.20000e-07 
 2.65000e+01  8.64000e-07 
 2.70000e+01  8.00000e-07 
 2.75000e+01  7.52000e-07 
 2.80000e+01  7.28000e-07 
 2.85000e+01  7.12000e-07 
 2.90000e+01  6.80000e-07 
 2.95000e+01  6.64000e-07 
 3.00000e+01  6.40000e-07 
 3.05000e+01  6.48000e-07 
 3.10000e+01  2.23200e-06 
 3.15000e+01  1.26400e-06 
 3.20000e+01  1.51200e-06 
 3.25000e+01  1.60800e-06 
 3.30000e+01  2.19200e-06 
 3.35000e+01  2.17600e-06 
 3.40000e+01  1.85600e-06 
 3.45000e+01  1.72800e-06 
 3.50000e+01  2.22400e-06 
 3.55000e+01  5.41600e-06 
 3.60000e+01  4.50400e-06 
 3.65000e+01  4.80800e-06 
 3.70000e+01  7.10400e-06 
 3.75000e+01  4.62400e-06 
 3.80000e+01  3.60000e-06 
 3.85000e+01  3.35200e-06 
 3.90000e+01  3.12000e-06 
 3.95000e+01  4.90400e-06 
 4.00000e+01  6.40000e-06 
 4.05000e+01  4.45600e-06 
 4.10000e+01  6.68800e-06 
 4.15000e+01  5.62400e-06 
 4.20000e+01  5.08800e-06 
 4.25000e+01  7.88800e-06 
 4.30000e+01  1.15680e-05 
 4.35000e+01  1.32000e-05 
 4.40000e+01  1.45040e-05 
 4.45000e+01  1.22400e-05 
 4.50000e+01  1.47600e-05 
 4.55000e+01  1.23760e-05 
 4.60000e+01  1.29600e-05 
 4.65000e+01  1.52640e-05 
 4.70000e+01  1.95120e-05 
 4.75000e+01  1.58480e-05 
 4.80000e+01  1.99040e-05 
 4.85000e+01  3.00080e-05 
 4.90000e+01  3.14160e-05 
 4.95000e+01  3.58000e-05 
 5.00000e+01  3.11600e-05 
 5.05000e+01  3.32880e-05 
 5.10000e+01  4.28080e-05 
 5.15000e+01  4.80640e-05 
 5.20000e+01  3.98000e-05 
 5.25000e+01  5.17040e-05 
 5.30000e+01  5.76640e-05 
 5.35000e+01  6.47760e-05 
 5.40000e+01  7.43360e-05 
 5.45000e+01  8.02000e-05 
 5.50000e+01  7.82560e-05 
 5.55000e+01  9.31120e-05 
 5.60000e+01  8.87440e-05 
 5.65000e+01  1.08208e-04 
 5.70000e+01  1.27936e-04 
 5.75000e+01  1.23016e-04 
 5.80000e+01  1.47744e-04 
 5.85000e+01  1.34592e-04 
 5.90000e+01  1.26720e-04 
 5.95000e+01  1.37096e-04 
 6.00000e+01  1.48680e-04 
 6.05000e+01  1.59752e-04 
 6.10000e+01  1.46328e-04 
 6.15000e+01  2.14264e-04 
 6.20000e+01  1.97624e-04 
 6.25000e+01  2.09256e-04 
 6.30000e+01  2.27888e-04 
 6.35000e+01  2.03200e-04 
 6.40000e+01  2.09376e-04 
 6.45000e+01  2.13560e-04 
 6.50000e+01  2.15528e-04 
 6.55000e+01  2.19552e-04 
 6.60000e+01  2.22032e-04 
 6.65000e+01  2.82320e-04 
 6.70000e+01  2.89320e-04 
 6.75000e+01  3.35656e-04 
 6.80000e+01  3.14584e-04 
 6.85000e+01  2.99216e-04 
 6.90000e+01  3.01224e-04 
 6.95000e+01  3.02856e-04 
 7.00000e+01  2.82976e-04 
 7.05000e+01  3.15400e-04 
 7.10000e+01  3.20440e-04 
 7.15000e+01  3.85816e-04 
 7.20000e+01  3.75704e-04 
 7.25000e+01  4.03072e-04 
 7.30000e+01  3.85952e-04 
 7.35000e+01  4.00208e-04 
 7.40000e+01  3.64048e-04 
 7.45000e+01  4.26888e-04 
 7.50000e+01  4.05336e-04 
 7.55000e+01  4.31680e-04 
 7.60000e+01  4.97552e-04 
 7.65000e+01  4.91400e-04 
 7.70000e+01  5.04608e-04 
 7.75000e+01  4.63728e-04 
 7.80000e+01  4.90936e-04 
 7.85000e+01  5.46304e-04 
 7.90000e+01  5.34176e-04 
 7.95000e+01  5.63352e-04 
 8.00000e+01  5.13256e-04 
 8.05000e+01  5.74864e-04 
 8.10000e+01  5.80552e-04 
 8.15000e+01  6.55280e-04 
 8.20000e+01  7.13680e-04 
 8.25000e+01  7.49584e-04 
 8.30000e+01  7.28016e-04 
 8.35000e+01  7.94624e-04 
 8.40000e+01  8.04640e-04 
 8.45000e+01  8.09960e-04 
 8.50000e+01  8.45912e-04 
 8.55000e+01  8.97800e-04 
 8.60000e+01  9.76272e-04 
 8.65000e+01  9.90264e-04 
 8.70000e+01  9.71176e-04 
 8.75000e+01  9.50872e-04 
 8.80000e+01  9.01176e-04 
 8.85000e+01  8.46880e-04 
 8.90000e+01  8.83896e-04 
 8.95000e+01  9.33864e-04 
 9.00000e+01  1.04510e-03 
 9.05000e+01  1.01289e-03 
 9.10000e+01  1.00706e-03 
 9.15000e+01  9.51936e-04 
 9.20000e+01  1.00491e-03 
 9.25000e+01  1.01755e-03 
 9.30000e+01  1.11009e-03 
 9.35000e+01  1.10141e-03 
 9.40000e+01  1.05709e-03 
 9.45000e+01  1.14018e-03 
 9.50000e+01  1.09234e-03 
 9.55000e+01  1.14470e-03 
 9.60000e+01  1.27533e-03 
 9.65000e+01  1.34295e-03 
 9.70000e+01  1.38168e-03 
 9.75000e+01  1.39104e-03 
 9.80000e+01  1.55167e-03 
 9.85000e+01  1.44892e-03 
 9.90000e+01  1.72450e-03 
 9.95000e+01  1.84830e-03 
 1.00000e+02  2.06175e-03 
 1.00500e+02  1.95823e-03 
 1.01000e+02  2.09894e-03 
 1.01500e+02  2.21144e-03 
 1.02000e+02  2.36182e-03 
 1.02500e+02  2.46915e-03 
 1.03000e+02  2.65166e-03 
 1.03500e+02  2.68949e-03 
 1.04000e+02  2.71466e-03 
 1.04500e+02  2.94057e-03 
 1.05000e+02  2.96666e-03 
 1.05500e+02  3.11252e-03 
 1.06000e+02  3.48055e-03 
 1.06500e+02  3.66730e-03 
 1.07000e+02  3.82232e-03 
 1.07500e+02  4.03190e-03 
 1.08000e+02  4.17209e-03 
 1.08500e+02  4.08514e-03 
 1.09000e+02  4.43638e-03 
 1.09500e+02  4.49213e-03 
 1.10000e+02  4.72203e-03 
 1.10500e+02  5.09316e-03 
 1.11000e+02  5.10785e-03 
 1.11500e+02  5.21690e-03 
 1.12000e+02  5.51468e-03 
 1.12500e+02  5.72954e-03 
 1.13000e+02  5.83093e-03 
 1.13500e+02  5.84716e-03 
 1.14000e+02  5.85468e-03 
 1.14500e+02  6.10470e-03 
 1.15000e+02  6.05449e-03 
 1.15500e+02  6.22563e-03 
 1.16000e+02  6.09176e-03 
 1.16500e+02  6.08282e-03 
 1.17000e+02  6.25120e-03 
 1.17500e+02  6.09986e-03 
 1.18000e+02  6.20612e-03 
 1.18500e+02  6.28025e-03 
 1.19000e+02  6.62153e-03 
 1.19500e+02  6.98858e-03 
 1.20000e+02  6.69762e-03 
 1.20500e+02  7.03927e-03 
 1.21000e+02  7.43022e-03 
 1.21500e+02  7.47616e-03 
 1.22000e+02  7.31526e-03 
 1.22500e+02  7.54907e-03 
 1.23000e+02  7.79521e-03 
 1.23500e+02  7.57510e-03 
 1.24000e+02  7.73890e-03 
 1.24500e+02  7.61712e-03 
 1.25000e+02  7.82005e-03 
 1.25500e+02  7.94526e-03 
 1.26000e+02  8.08591e-03 
 1.26500e+02  8.39739e-03 
 1.27000e+02  8.85645e-03 
 1.27500e+02  8.46006e-03 
 1.28000e+02  8.74405e-03 
 1.28500e+02  8.48008e-03 
 1.29000e+02  8.48846e-03 
 1.29500e+02  8.81414e-03 
 1.30000e+02  8.72229e-03 
 1.30500e+02  8.76969e-03 
 1.31000e+02  8.84358e-03 
 1.31500e+02  9.08859e-03 
 1.32000e+02  9.14686e-03 
 1.32500e+02  9.38216e-03 
 1.33000e+02  9.14367e-03 
 1.33500e+02  9.08351e-03 
 1.34000e+02  9.04981e-03 
 1.34500e+02  9.70961e-03 
 1.35000e+02  9.89514e-03 
 1.35500e+02  9.60577e-03 
 1.36000e+02  9.67715e-03 
 1.36500e+02  9.90182e-03 
 1.37000e+02  9.61054e-03 
 1.37500e+02  9.58171e-03 
 1.38000e+02  9.77933e-03 
 1.38500e+02  9.61404e-03 
 1.39000e+02  9.53590e-03 
 1.39500e+02  9.87842e-03 
 1.40000e+02  1.00820e-02 
 1.40500e+02  9.83346e-03 
 1.41000e+02  1.00418e-02 
 1.41500e+02  1.01957e-02 
 1.42000e+02  1.01800e-02 
 1.42500e+02  1.01260e-02 
 1.43000e+02  1.01768e-02 
 1.43500e+02  1.00967e-02 
 1.44000e+02  1.03435e-02 
 1.44500e+02  1.00504e-02 
 1.45000e+02  1.03528e-02 
 1.45500e+02  1.03802e-02 
 1.46000e+02  1.03823e-02 
 1.46500e+02  1.02020e-02 
 1.47000e+02  9.98641e-03 
 1.47500e+02  9.77617e-03 
 1.48000e+02  1.00752e-02 
 1.48500e+02  9.84356e-03 
 1.49000e+02  1.01583e-02 
 1.49500e+02  1.00156e-02 
 1.50000e+02  1.01511e-02 
 1.50500e+02  1.01604e-02 
 1.51000e+02  1.03112e-02 
 1.51500e+02  1.02582e-02 
 1.52000e+02  9.81218e-03 
 1.52500e+02  1.01866e-02 
 1.53000e+02  1.01378e-02 
 1.53500e+02  9.78942e-03 
 1.54000e+02  9.60382e-03 
 1.54500e+02  9.84078e-03 
 1.55000e+02  9.86619e-03 
 1.55500e+02  9.82770e-03 
 1.56000e+02  9.63140e-03 
 1.56500e+02  1.00572e-02 
 1.57000e+02  9.68866e-03 
 1.57500e+02  9.77961e-03 
 1.58000e+02  9.88969e-03 
 1.58500e+02  1.00653e-02 
 1.59000e+02  9.94362e-03 
 1.59500e+02  9.81603e-03 
 1.60000e+02  1.01227e-02 
 1.60500e+02  9.85378e-03 
 1.61000e+02  9.98659e-03 
 1.61500e+02  9.94379e-03 
 1.62000e+02  1.02431e-02 
 1.62500e+02  1.03094e-02 
 1.63000e+02  9.83642e-03 
 1.63500e+02  9.85092e-03 
 1.64000e+02  9.56574e-03 
 1.64500e+02  9.23060e-03 
 1.65000e+02  9.29651e-03 
 1.65500e+02  9.45047e-03 
 1.66000e+02  9.74486e-03 
 1.66500e+02  9.85736e-03 
 1.67000e+02  9.73825e-03 
 1.67500e+02  9.64333e-03 
 1.68000e+02  9.42199e-03 
 1.68500e+02  9.42662e-03 
 1.69000e+02  9.42856e-03 
 1.69500e+02  9.17162e-03 
 1.70000e+02  9.42330e-03 
 1.70500e+02  9.35662e-03 
 1.71000e+02  9.71858e-03 
 1.71500e+02  9.57862e-03 
 1.72000e+02  9.33442e-03 
 1.72500e+02  9.05009e-03 
 1.73000e+02  9.09734e-03 
 1.73500e+02  9.03942e-03 
 1.74000e+02  8.90468e-03 
 1.74500e+02  9.28434e-03 
 1.75000e+02  9.53591e-03 
 1.75500e+02  9.62698e-03 
 1.76000e+02  9.00914e-03 
 1.76500e+02  9.14098e-03 
 1.77000e+02  8.98410e-03 
 1.77500e+02  8.94196e-03 
 1.78000e+02  8.98336e-03 
 1.78500e+02  8.48144e-03 
 1.79000e+02  9.03963e-03 
 1.79500e+02  8.96709e-03 
 1.80000e+02  9.25377e-03 
 1.80500e+02  9.06354e-03 
 1.81000e+02  8.75889e-03 
 1.81500e+02  9.30879e-03 
 1.82000e+02  8.75399e-03 
 1.82500e+02  8.86830e-03 
 1.83000e+02  8.82279e-03 
 1.83500e+02  8.46838e-03 
 1.84000e+02  8.20878e-03 
 1.84500e+02  8.08186e-03 
 1.85000e+02  8.42696e-03 
 1.85500e+02  8.58320e-03 
 1.86000e+02  8.45673e-03 
 1.86500e+02  8.39318e-03 
 1.87000e+02  8.16365e-03 
 1.87500e+02  7.86929e-03 
 1.88000e+02  7.71175e-03 
 1.88500e+02  8.27270e-03 
 1.89000e+02  8.10902e-03 
 1.89500e+02  8.06858e-03 
 1.90000e+02  7.96607e-03 
 1.90500e+02  7.87880e-03 
 1.91000e+02  7.53571e-03 
 1.91500e+02  7.61826e-03 
 1.92000e+02  7.16486e-03 
 1.92500e+02  7.19209e-03 
 1.93000e+02  6.64870e-03 
 1.93500e+02  6.69246e-03 
 1.94000e+02  6.54029e-03 
 1.94500e+02  6.01384e-03 
 1.95000e+02  6.04133e-03 
 1.95500e+02  5.94954e-03 
 1.96000e+02  6.03188e-03 
 1.96500e+02  6.03179e-03 
 1.97000e+02  5.87914e-03 
 1.97500e+02  5.62705e-03 
 1.98000e+02  5.64262e-03 
 1.98500e+02  5.56562e-03 
 1.99000e+02  5.18172e-03 
 1.99500e+02  5.06011e-03 
 2.00000e+02  4.90456e-03 
 2.00500e+02  4.70243e-03 
 2.01000e+02  4.62565e-03 
 2.01500e+02  4.58944e-03 
 2.02000e+02  4.48842e-03 
 2.02500e+02  4.11227e-03 
 2.03000e+02  4.00689e-03 
 2.03500e+02  4.08835e-03 
 2.04000e+02  3.83938e-03 
 2.04500e+02  3.76914e-03 
 2.05000e+02  3.53030e-03 
 2.05500e+02  3.41713e-03 
 2.06000e+02  3.27957e-03 
 2.06500e+02  3.26374e-03 
 2.07000e+02  2.97639e-03 
 2.07500e+02  2.97271e-03 
 2.08000e+02  2.66050e-03 
 2.08500e+02  2.89755e-03 
 2.09000e+02  2.58954e-03 
 2.09500e+02  2.43214e-03 
 2.10000e+02  2.57796e-03 
 2.10500e+02  2.74889e-03 
 2.11000e+02  2.57154e-03 
 2.11500e+02  2.28806e-03 
 2.12000e+02  2.22501e-03 
 2.12500e+02  2.14959e-03 
 2.13000e+02  2.13712e-03 
 2.13500e+02  2.02761e-03 
 2.14000e+02  2.01260e-03 
 2.14500e+02  1.87806e-03 
 2.15000e+02  1.79910e-03 
 2.15500e+02  1.68860e-03 
 2.16000e+02  1.54838e-03 
 2.16500e+02  1.49225e-03 
 2.17000e+02  1.39568e-03 
 2.17500e+02  1.36681e-03 
 2.18000e+02  1.33286e-03 
 2.18500e+02  1.23533e-03 
 2.19000e+02  1.19082e-03 
 2.19500e+02  1.20579e-03 
 2.20000e+02  1.11208e-03 
 2.20500e+02  1.13590e-03 
 2.21000e+02  1.00765e-03 
 2.21500e+02  9.78056e-04 
 2.22000e+02  1.02737e-03 
 2.22500e+02  1.09764e-03 
 2.23000e+02  1.01258e-03 
 2.23500e+02  9.79512e-04 
 2.24000e+02  8.97896e-04 
 2.24500e+02  8.63096e-04 
 2.25000e+02  8.73192e-04 
 2.25500e+02  9.40576e-04 
 2.26000e+02  9.50936e-04 
 2.26500e+02  9.09184e-04 
 2.27000e+02  9.11240e-04 
 2.27500e+02  8.21352e-04 
 2.28000e+02  7.60400e-04 
 2.28500e+02  7.09448e-04 
 2.29000e+02  6.77896e-04 
 2.29500e+02  6.64000e-04 
 2.30000e+02  6.31480e-04 
 2.30500e+02  6.38944e-04 
 2.31000e+02  6.70104e-04 
 2.31500e+02  6.12584e-04 
 2.32000e+02  5.78624e-04 
 2.32500e+02  5.59856e-04 
 2.33000e+02  5.62648e-04 
 2.33500e+02  5.32784e-04 
 2.34000e+02  5.38664e-04 
 2.34500e+02  5.49576e-04 
 2.35000e+02  4.91056e-04 
 2.35500e+02  4.56736e-04 
 2.36000e+02  5.20848e-04 
 2.36500e+02  5.56288e-04 
 2.37000e+02  5.18048e-04 
 2.37500e+02  4.47016e-04 
 2.38000e+02  4.97584e-04 
 2.38500e+02  4.35208e-04 
 2.39000e+02  4.79664e-04 
 2.39500e+02  4.93016e-04 
 2.40000e+02  4.17064e-04 
 2.40500e+02  3.58984e-04 
 2.41000e+02  3.74168e-04 
 2.41500e+02  4.05088e-04 
 2.42000e+02  3.95912e-04 
 2.42500e+02  3.87104e-04 
 2.43000e+02  3.75336e-04 
 2.43500e+02  2.82992e-04 
 2.44000e+02  3.03384e-04 
 2.44500e+02  3.36552e-04 
 2.45000e+02  3.84688e-04 
 2.45500e+02  3.54808e-04 
 2.46000e+02  3.45832e-04 
 2.46500e+02  3.25528e-04 
 2.47000e+02  3.00272e-04 
 2.47500e+02  2.81600e-04 
 2.48000e+02  2.60600e-04 
 2.48500e+02  2.79616e-04 
 2.49000e+02  2.87488e-04 
 2.49500e+02  2.65880e-04 
 2.50000e+02  2.44208e-04 
 2.50500e+02  2.36968e-04 
 2.51000e+02  2.18048e-04 
 2.51500e+02  2.65088e-04 
 2.52000e+02  2.28016e-04 
 2.52500e+02  1.83576e-04 
 2.53000e+02  1.80920e-04 
 2.53500e+02  2.03728e-04 
 2.54000e+02  1.77880e-04 
 2.54500e+02  1.22664e-04 
 2.55000e+02  1.17304e-04 
 2.55500e+02  1.39128e-04 
 2.56000e+02  1.35944e-04 
 2.56500e+02  1.42384e-04 
 2.57000e+02  1.11640e-04 
 2.57500e+02  1.33384e-04 
 2.58000e+02  9.25200e-05 
 2.58500e+02  9.54560e-05 
 2.59000e+02  9.68880e-05 
 2.59500e+02  1.10952e-04 
 2.60000e+02  6.95920e-05 
 2.60500e+02  8.25200e-05 
 2.61000e+02  5.78080e-05 
 2.61500e+02  3.76400e-05 
 2.62000e+02  3.79120e-05 
 2.62500e+02  3.37120e-05 
 2.63000e+02  3.77680e-05 
 2.63500e+02  4.67440e-05 
 2.64000e+02  3.46560e-05 
 2.64500e+02  3.53520e-05 
 2.65000e+02  2.09360e-05 
 2.65500e+02  2.71360e-05 
 2.66000e+02  2.52640e-05 
 2.66500e+02  2.15120e-05 
 2.67000e+02  2.21520e-05 
 2.67500e+02  1.33760e-05 
 2.68000e+02  1.55440e-05 
 2.68500e+02  1.28160e-05 
 2.69000e+02  1.27760e-05 
 2.69500e+02  9.41600e-06 
 2.70000e+02  9.34400e-06 
 2.70500e+02  1.00880e-05 
 2.71000e+02  1.08880e-05 
 2.71500e+02  1.27040e-05 
 2.72000e+02  8.95200e-06 
 2.72500e+02  1.05120e-05 
 2.73000e+02  1.13360e-05 
 2.73500e+02  1.17200e-05 
 2.74000e+02  9.24800e-06 
 2.74500e+02  7.54400e-06 
 2.75000e+02  4.68000e-06 
 2.75500e+02  5.00000e-06 
 2.76000e+02  5.66400e-06 
 2.76500e+02  7.58400e-06 
 2.77000e+02  4.78400e-06 
 2.77500e+02  5.32800e-06 
 2.78000e+02  6.11200e-06 
 2.78500e+02  5.44800e-06 
 2.79000e+02  6.37600e-06 
 2.79500e+02  5.62400e-06 
 2.80000e+02  5.85600e-06 
 2.80500e+02  7.80800e-06 
 2.81000e+02  4.08800e-06 
 2.81500e+02  2.87200e-06 
 2.82000e+02  3.88000e-06 
 2.82500e+02  3.67200e-06 
 2.83000e+02  2.04800e-06 
 2.83500e+02  2.24000e-06 
 2.84000e+02  2.56800e-06 
 2.84500e+02  3.56000e-06 
 2.85000e+02  3.33600e-06 
 2.85500e+02  1.22400e-06 
 2.86000e+02  1.23200e-06 
 2.86500e+02  1.29600e-06 
 2.87000e+02  1.55200e-06 
 2.87500e+02  1.68800e-06 
 2.88000e+02  2.12800e-06 
 2.88500e+02  4.08800e-06 
 2.89000e+02  3.08000e-06 
 2.89500e+02  3.04000e-06 
 2.90000e+02  1.89600e-06 
 2.90500e+02  2.21600e-06 
 2.91000e+02  3.13600e-06 
 2.91500e+02  3.79200e-06 
 2.92000e+02  1.39200e-06 
 2.92500e+02  1.46400e-06 
 2.93000e+02  7.52000e-07 
 2.93500e+02  7.68000e-07 
 2.94000e+02  7.92000e-07 
 2.94500e+02  8.24000e-07 
 2.95000e+02  1.04000e-06 
 2.95500e+02  1.09600e-06 
 2.96000e+02  1.16800e-06 
 2.96500e+02  1.37600e-06 
 2.97000e+02  3.02400e-06 
 2.97500e+02  1.20800e-06 
 2.98000e+02  1.35200e-06 
 2.98500e+02  1.48000e-06 
 2.99000e+02  1.80800e-06 
 2.99500e+02  3.19200e-06 
 3.00000e+02  2.62400e-06 
 3.00500e+02  8.48000e-07 
 3.01000e+02  8.24000e-07 
 3.01500e+02  1.10400e-06 
 3.02000e+02  1.44000e-06 
 3.02500e+02  5.84000e-07 
 3.03000e+02  6.24000e-07 
 3.03500e+02  1.00000e-06 
 3.04000e+02  1.91200e-06 
 3.04500e+02  4.00000e-07 
 3.05000e+02  4.40000e-07 
 3.05500e+02  6.16000e-07 
 3.06000e+02  1.19200e-06 
 3.06500e+02  1.36000e-07 
 3.07000e+02  1.44000e-07 
 3.07500e+02  1.52000e-07 
 3.08000e+02  1.52000e-07 
 3.08500e+02  1.60000e-07 
 3.09000e+02  1.68000e-07 
 3.09500e+02  2.00000e-07 
 3.10000e+02  2.16000e-07 
 3.10500e+02  2.16000e-07 
 3.11000e+02  2.48000e-07 
 3.11500e+02  3.44000e-07 
 3.12000e+02  4.00000e-07 
 3.12500e+02  6.16000e-07 
 3.13000e+02  0.00000e+00 
 3.13500e+02  0.00000e+00 
 3.14000e+02  0.00000e+00 
 3.14500e+02  0.00000e+00 
 3.15000e+02  0.00000e+00 
 3.15500e+02  0.00000e+00 
 3.16000e+02  0.00000e+00 
 3.16500e+02  0.00000e+00 
 3.17000e+02  0.00000e+00 
 3.17500e+02  0.00000e+00 
 3.18000e+02  0.00000e+00 
 3.18500e+02  0.00000e+00 
 3.19000e+02  0.00000e+00 
 3.19500e+02  0.00000e+00 
