 0.00000e+00  0.00000e+00 
 5.00000e-01  0.00000e+00 
 1.00000e+00  0.00000e+00 
 1.50000e+00  0.00000e+00 
 2.00000e+00  0.00000e+00 
 2.50000e+00  0.00000e+00 
 3.00000e+00  0.00000e+00 
 3.50000e+00  0.00000e+00 
 4.00000e+00  0.00000e+00 
 4.50000e+00  0.00000e+00 
 5.00000e+00  0.00000e+00 
 5.50000e+00  0.00000e+00 
 6.00000e+00  0.00000e+00 
 6.50000e+00  0.00000e+00 
 7.00000e+00  0.00000e+00 
 7.50000e+00  0.00000e+00 
 8.00000e+00  0.00000e+00 
 8.50000e+00  0.00000e+00 
 9.00000e+00  0.00000e+00 
 9.50000e+00  0.00000e+00 
 1.00000e+01  0.00000e+00 
 1.05000e+01  0.00000e+00 
 1.10000e+01  0.00000e+00 
 1.15000e+01  0.00000e+00 
 1.20000e+01  0.00000e+00 
 1.25000e+01  0.00000e+00 
 1.30000e+01  0.00000e+00 
 1.35000e+01  0.00000e+00 
 1.40000e+01  0.00000e+00 
 1.45000e+01  1.02396e-06 
 1.50000e+01  5.91978e-07 
 1.55000e+01  3.75986e-07 
 1.60000e+01  1.23195e-06 
 1.65000e+01  2.39991e-06 
 1.70000e+01  1.35195e-06 
 1.75000e+01  1.06396e-06 
 1.80000e+01  9.67963e-07 
 1.85000e+01  8.63967e-07 
 1.90000e+01  7.67971e-07 
 1.95000e+01  7.11973e-07 
 2.00000e+01  6.87974e-07 
 2.05000e+01  6.63975e-07 
 2.10000e+01  6.23976e-07 
 2.15000e+01  5.91978e-07 
 2.20000e+01  5.51979e-07 
 2.25000e+01  5.35980e-07 
 2.30000e+01  5.43979e-07 
 2.35000e+01  5.19980e-07 
 2.40000e+01  5.19980e-07 
 2.45000e+01  4.79982e-07 
 2.50000e+01  4.71982e-07 
 2.55000e+01  4.55983e-07 
 2.60000e+01  4.47983e-07 
 2.65000e+01  4.39983e-07 
 2.70000e+01  4.47983e-07 
 2.75000e+01  4.31984e-07 
 2.80000e+01  4.23984e-07 
 2.85000e+01  4.31984e-07 
 2.90000e+01  3.99985e-07 
 2.95000e+01  3.99985e-07 
 3.00000e+01  3.91985e-07 
 3.05000e+01  1.61594e-06 
 3.10000e+01  1.03196e-06 
 3.15000e+01  8.79967e-07 
 3.20000e+01  2.03192e-06 
 3.25000e+01  2.23991e-06 
 3.30000e+01  1.57594e-06 
 3.35000e+01  1.43995e-06 
 3.40000e+01  1.21595e-06 
 3.45000e+01  2.88789e-06 
 3.50000e+01  2.60790e-06 
 3.55000e+01  1.98392e-06 
 3.60000e+01  2.73590e-06 
 3.65000e+01  3.62386e-06 
 3.70000e+01  2.35191e-06 
 3.75000e+01  4.39183e-06 
 3.80000e+01  3.06388e-06 
 3.85000e+01  5.52779e-06 
 3.90000e+01  1.17276e-05 
 3.95000e+01  7.99170e-06 
 4.00000e+01  6.72774e-06 
 4.05000e+01  5.96777e-06 
 4.10000e+01  5.51979e-06 
 4.15000e+01  7.97570e-06 
 4.20000e+01  8.32768e-06 
 4.25000e+01  1.07996e-05 
 4.30000e+01  1.46234e-05 
 4.35000e+01  1.49834e-05 
 4.40000e+01  1.22395e-05 
 4.45000e+01  1.12716e-05 
 4.50000e+01  1.29915e-05 
 4.55000e+01  2.00152e-05 
 4.60000e+01  1.83273e-05 
 4.65000e+01  1.99512e-05 
 4.70000e+01  1.79113e-05 
 4.75000e+01  1.70874e-05 
 4.80000e+01  2.29511e-05 
 4.85000e+01  3.44627e-05 
 4.90000e+01  3.54307e-05 
 4.95000e+01  3.47987e-05 
 5.00000e+01  3.98545e-05 
 5.05000e+01  4.17904e-05 
 5.10000e+01  3.99985e-05 
 5.15000e+01  3.97025e-05 
 5.20000e+01  5.43819e-05 
 5.25000e+01  4.90861e-05 
 5.30000e+01  6.34936e-05 
 5.35000e+01  7.82290e-05 
 5.40000e+01  7.18773e-05 
 5.45000e+01  8.16369e-05 
 5.50000e+01  9.08765e-05 
 5.55000e+01  9.03486e-05 
 5.60000e+01  9.15005e-05 
 5.65000e+01  1.08452e-04 
 5.70000e+01  1.08100e-04 
 5.75000e+01  1.14604e-04 
 5.80000e+01  1.19099e-04 
 5.85000e+01  1.11140e-04 
 5.90000e+01  1.44347e-04 
 5.95000e+01  1.41091e-04 
 6.00000e+01  1.37963e-04 
 6.05000e+01  1.59066e-04 
 6.10000e+01  1.41563e-04 
 6.15000e+01  1.60402e-04 
 6.20000e+01  1.52106e-04 
 6.25000e+01  1.46330e-04 
 6.30000e+01  1.51810e-04 
 6.35000e+01  1.68882e-04 
 6.40000e+01  1.65154e-04 
 6.45000e+01  1.84889e-04 
 6.50000e+01  2.18688e-04 
 6.55000e+01  2.44575e-04 
 6.60000e+01  2.52054e-04 
 6.65000e+01  2.47623e-04 
 6.70000e+01  2.54966e-04 
 6.75000e+01  2.51494e-04 
 6.80000e+01  2.35223e-04 
 6.85000e+01  2.58718e-04 
 6.90000e+01  2.73734e-04 
 6.95000e+01  3.21564e-04 
 7.00000e+01  2.85237e-04 
 7.05000e+01  2.66678e-04 
 7.10000e+01  3.04244e-04 
 7.15000e+01  3.11412e-04 
 7.20000e+01  3.30139e-04 
 7.25000e+01  2.99677e-04 
 7.30000e+01  3.22236e-04 
 7.35000e+01  3.70346e-04 
 7.40000e+01  4.21384e-04 
 7.45000e+01  4.38007e-04 
 7.50000e+01  4.25584e-04 
 7.55000e+01  4.34695e-04 
 7.60000e+01  4.21752e-04 
 7.65000e+01  4.43559e-04 
 7.70000e+01  4.91621e-04 
 7.75000e+01  4.65590e-04 
 7.80000e+01  4.85918e-04 
 7.85000e+01  4.76126e-04 
 7.90000e+01  5.22044e-04 
 7.95000e+01  4.84438e-04 
 8.00000e+01  4.75814e-04 
 8.05000e+01  4.91085e-04 
 8.10000e+01  5.66962e-04 
 8.15000e+01  5.51963e-04 
 8.20000e+01  6.11321e-04 
 8.25000e+01  6.22600e-04 
 8.30000e+01  5.83010e-04 
 8.35000e+01  6.65783e-04 
 8.40000e+01  6.34040e-04 
 8.45000e+01  5.54603e-04 
 8.50000e+01  5.61019e-04 
 8.55000e+01  5.76218e-04 
 8.60000e+01  5.60275e-04 
 8.65000e+01  5.54683e-04 
 8.70000e+01  5.90642e-04 
 8.75000e+01  6.85374e-04 
 8.80000e+01  7.13581e-04 
 8.85000e+01  8.03881e-04 
 8.90000e+01  8.64159e-04 
 8.95000e+01  8.80759e-04 
 9.00000e+01  8.30344e-04 
 9.05000e+01  8.31272e-04 
 9.10000e+01  1.00167e-03 
 9.15000e+01  9.40068e-04 
 9.20000e+01  9.21165e-04 
 9.25000e+01  1.16548e-03 
 9.30000e+01  1.17386e-03 
 9.35000e+01  1.08512e-03 
 9.40000e+01  1.19591e-03 
 9.45000e+01  1.16212e-03 
 9.50000e+01  1.13964e-03 
 9.55000e+01  1.16626e-03 
 9.60000e+01  1.15120e-03 
 9.65000e+01  1.29460e-03 
 9.70000e+01  1.23199e-03 
 9.75000e+01  1.31229e-03 
 9.80000e+01  1.40844e-03 
 9.85000e+01  1.39274e-03 
 9.90000e+01  1.40130e-03 
 9.95000e+01  1.39281e-03 
 1.00000e+02  1.68430e-03 
 1.00500e+02  1.85868e-03 
 1.01000e+02  1.87048e-03 
 1.01500e+02  2.26905e-03 
 1.02000e+02  2.28895e-03 
 1.02500e+02  2.52933e-03 
 1.03000e+02  2.72129e-03 
 1.03500e+02  2.94410e-03 
 1.04000e+02  3.03163e-03 
 1.04500e+02  3.29668e-03 
 1.05000e+02  3.51405e-03 
 1.05500e+02  3.50134e-03 
 1.06000e+02  3.86646e-03 
 1.06500e+02  3.90736e-03 
 1.07000e+02  4.36623e-03 
 1.07500e+02  4.51281e-03 
 1.08000e+02  4.79795e-03 
 1.08500e+02  4.98063e-03 
 1.09000e+02  4.91989e-03 
 1.09500e+02  4.57649e-03 
 1.10000e+02  5.03810e-03 
 1.10500e+02  4.95282e-03 
 1.11000e+02  5.05174e-03 
 1.11500e+02  5.33526e-03 
 1.12000e+02  5.20659e-03 
 1.12500e+02  5.37989e-03 
 1.13000e+02  5.62860e-03 
 1.13500e+02  5.88362e-03 
 1.14000e+02  6.11589e-03 
 1.14500e+02  6.36274e-03 
 1.15000e+02  6.54759e-03 
 1.15500e+02  6.34383e-03 
 1.16000e+02  6.96598e-03 
 1.16500e+02  7.09060e-03 
 1.17000e+02  7.26145e-03 
 1.17500e+02  7.14889e-03 
 1.18000e+02  7.41781e-03 
 1.18500e+02  7.26401e-03 
 1.19000e+02  7.27853e-03 
 1.19500e+02  7.46245e-03 
 1.20000e+02  7.69471e-03 
 1.20500e+02  7.49574e-03 
 1.21000e+02  7.57494e-03 
 1.21500e+02  7.68392e-03 
 1.22000e+02  8.21094e-03 
 1.22500e+02  8.47376e-03 
 1.23000e+02  8.54733e-03 
 1.23500e+02  8.53704e-03 
 1.24000e+02  7.96507e-03 
 1.24500e+02  7.96870e-03 
 1.25000e+02  7.84987e-03 
 1.25500e+02  8.42772e-03 
 1.26000e+02  8.63989e-03 
 1.26500e+02  8.55022e-03 
 1.27000e+02  8.47456e-03 
 1.27500e+02  8.70270e-03 
 1.28000e+02  8.47469e-03 
 1.28500e+02  8.68236e-03 
 1.29000e+02  9.41570e-03 
 1.29500e+02  9.79262e-03 
 1.30000e+02  9.55528e-03 
 1.30500e+02  9.53869e-03 
 1.31000e+02  9.40403e-03 
 1.31500e+02  9.51549e-03 
 1.32000e+02  9.09033e-03 
 1.32500e+02  9.23684e-03 
 1.33000e+02  9.81757e-03 
 1.33500e+02  9.62275e-03 
 1.34000e+02  9.67179e-03 
 1.34500e+02  9.67431e-03 
 1.35000e+02  9.64570e-03 
 1.35500e+02  9.62382e-03 
 1.36000e+02  9.85595e-03 
 1.36500e+02  9.62428e-03 
 1.37000e+02  9.90789e-03 
 1.37500e+02  1.00830e-02 
 1.38000e+02  1.02462e-02 
 1.38500e+02  1.01483e-02 
 1.39000e+02  1.00853e-02 
 1.39500e+02  9.88702e-03 
 1.40000e+02  1.03114e-02 
 1.40500e+02  9.71833e-03 
 1.41000e+02  9.83343e-03 
 1.41500e+02  1.03915e-02 
 1.42000e+02  1.01924e-02 
 1.42500e+02  1.00043e-02 
 1.43000e+02  1.00389e-02 
 1.43500e+02  1.09213e-02 
 1.44000e+02  9.83185e-03 
 1.44500e+02  9.60918e-03 
 1.45000e+02  9.67871e-03 
 1.45500e+02  1.00374e-02 
 1.46000e+02  1.02553e-02 
 1.46500e+02  1.02869e-02 
 1.47000e+02  1.00908e-02 
 1.47500e+02  1.00906e-02 
 1.48000e+02  1.03503e-02 
 1.48500e+02  1.04928e-02 
 1.49000e+02  1.02792e-02 
 1.49500e+02  1.05477e-02 
 1.50000e+02  1.03476e-02 
 1.50500e+02  9.86354e-03 
 1.51000e+02  1.04894e-02 
 1.51500e+02  1.02346e-02 
 1.52000e+02  1.00245e-02 
 1.52500e+02  1.03016e-02 
 1.53000e+02  1.04803e-02 
 1.53500e+02  1.00738e-02 
 1.54000e+02  9.87085e-03 
 1.54500e+02  9.89534e-03 
 1.55000e+02  9.36529e-03 
 1.55500e+02  9.69147e-03 
 1.56000e+02  9.79639e-03 
 1.56500e+02  9.92589e-03 
 1.57000e+02  9.67016e-03 
 1.57500e+02  1.01460e-02 
 1.58000e+02  9.62998e-03 
 1.58500e+02  9.94889e-03 
 1.59000e+02  9.89110e-03 
 1.59500e+02  9.93245e-03 
 1.60000e+02  9.77716e-03 
 1.60500e+02  9.40758e-03 
 1.61000e+02  9.60407e-03 
 1.61500e+02  9.53013e-03 
 1.62000e+02  9.67629e-03 
 1.62500e+02  1.00660e-02 
 1.63000e+02  9.67905e-03 
 1.63500e+02  9.36100e-03 
 1.64000e+02  9.37547e-03 
 1.64500e+02  9.75741e-03 
 1.65000e+02  9.94174e-03 
 1.65500e+02  9.48605e-03 
 1.66000e+02  9.40631e-03 
 1.66500e+02  9.02303e-03 
 1.67000e+02  9.08950e-03 
 1.67500e+02  9.38228e-03 
 1.68000e+02  9.88878e-03 
 1.68500e+02  9.69186e-03 
 1.69000e+02  9.58064e-03 
 1.69500e+02  9.38080e-03 
 1.70000e+02  9.09032e-03 
 1.70500e+02  9.05275e-03 
 1.71000e+02  9.23493e-03 
 1.71500e+02  9.30930e-03 
 1.72000e+02  8.90977e-03 
 1.72500e+02  9.19539e-03 
 1.73000e+02  8.87497e-03 
 1.73500e+02  9.27826e-03 
 1.74000e+02  9.02754e-03 
 1.74500e+02  9.17337e-03 
 1.75000e+02  9.08057e-03 
 1.75500e+02  9.33591e-03 
 1.76000e+02  8.99855e-03 
 1.76500e+02  8.80295e-03 
 1.77000e+02  9.03198e-03 
 1.77500e+02  9.07569e-03 
 1.78000e+02  9.29348e-03 
 1.78500e+02  9.23390e-03 
 1.79000e+02  9.49790e-03 
 1.79500e+02  9.21795e-03 
 1.80000e+02  8.96890e-03 
 1.80500e+02  9.05674e-03 
 1.81000e+02  9.18780e-03 
 1.81500e+02  9.16344e-03 
 1.82000e+02  9.35941e-03 
 1.82500e+02  9.14106e-03 
 1.83000e+02  8.48803e-03 
 1.83500e+02  8.45856e-03 
 1.84000e+02  8.59159e-03 
 1.84500e+02  8.54755e-03 
 1.85000e+02  8.62073e-03 
 1.85500e+02  8.63296e-03 
 1.86000e+02  8.48709e-03 
 1.86500e+02  8.22668e-03 
 1.87000e+02  8.38991e-03 
 1.87500e+02  8.15084e-03 
 1.88000e+02  8.37731e-03 
 1.88500e+02  8.31169e-03 
 1.89000e+02  8.25704e-03 
 1.89500e+02  8.39099e-03 
 1.90000e+02  8.27692e-03 
 1.90500e+02  7.74419e-03 
 1.91000e+02  7.66646e-03 
 1.91500e+02  7.00287e-03 
 1.92000e+02  6.84858e-03 
 1.92500e+02  6.60696e-03 
 1.93000e+02  6.04599e-03 
 1.93500e+02  6.18643e-03 
 1.94000e+02  6.31638e-03 
 1.94500e+02  6.36532e-03 
 1.95000e+02  6.18941e-03 
 1.95500e+02  6.15667e-03 
 1.96000e+02  5.93815e-03 
 1.96500e+02  5.83865e-03 
 1.97000e+02  5.98780e-03 
 1.97500e+02  5.88117e-03 
 1.98000e+02  5.86774e-03 
 1.98500e+02  5.44469e-03 
 1.99000e+02  5.26443e-03 
 1.99500e+02  5.52649e-03 
 2.00000e+02  5.71798e-03 
 2.00500e+02  5.32181e-03 
 2.01000e+02  5.20075e-03 
 2.01500e+02  5.08781e-03 
 2.02000e+02  5.12213e-03 
 2.02500e+02  4.54038e-03 
 2.03000e+02  4.37339e-03 
 2.03500e+02  4.32770e-03 
 2.04000e+02  4.47508e-03 
 2.04500e+02  4.02162e-03 
 2.05000e+02  4.02705e-03 
 2.05500e+02  4.03004e-03 
 2.06000e+02  3.73383e-03 
 2.06500e+02  3.47936e-03 
 2.07000e+02  3.49996e-03 
 2.07500e+02  3.46764e-03 
 2.08000e+02  3.31667e-03 
 2.08500e+02  3.23933e-03 
 2.09000e+02  3.05508e-03 
 2.09500e+02  2.84952e-03 
 2.10000e+02  2.86171e-03 
 2.10500e+02  2.92109e-03 
 2.11000e+02  2.79767e-03 
 2.11500e+02  2.76521e-03 
 2.12000e+02  2.49114e-03 
 2.12500e+02  2.51843e-03 
 2.13000e+02  2.42545e-03 
 2.13500e+02  2.19630e-03 
 2.14000e+02  1.93106e-03 
 2.14500e+02  1.77399e-03 
 2.15000e+02  1.63859e-03 
 2.15500e+02  1.59719e-03 
 2.16000e+02  1.49856e-03 
 2.16500e+02  1.48773e-03 
 2.17000e+02  1.36278e-03 
 2.17500e+02  1.31185e-03 
 2.18000e+02  1.24920e-03 
 2.18500e+02  1.23490e-03 
 2.19000e+02  1.09350e-03 
 2.19500e+02  1.02252e-03 
 2.20000e+02  9.77603e-04 
 2.20500e+02  8.99094e-04 
 2.21000e+02  8.80127e-04 
 2.21500e+02  9.13901e-04 
 2.22000e+02  9.12925e-04 
 2.22500e+02  9.20517e-04 
 2.23000e+02  7.43484e-04 
 2.23500e+02  8.28161e-04 
 2.24000e+02  8.19545e-04 
 2.24500e+02  6.94726e-04 
 2.25000e+02  7.66787e-04 
 2.25500e+02  7.60819e-04 
 2.26000e+02  7.48140e-04 
 2.26500e+02  7.43700e-04 
 2.27000e+02  7.34684e-04 
 2.27500e+02  7.33212e-04 
 2.28000e+02  7.11797e-04 
 2.28500e+02  7.17469e-04 
 2.29000e+02  7.48604e-04 
 2.29500e+02  7.19805e-04 
 2.30000e+02  6.32512e-04 
 2.30500e+02  5.67242e-04 
 2.31000e+02  5.29396e-04 
 2.31500e+02  4.89085e-04 
 2.32000e+02  5.03837e-04 
 2.32500e+02  5.32732e-04 
 2.33000e+02  6.07169e-04 
 2.33500e+02  5.82394e-04 
 2.34000e+02  5.98985e-04 
 2.34500e+02  5.26068e-04 
 2.35000e+02  5.66786e-04 
 2.35500e+02  4.83102e-04 
 2.36000e+02  4.69518e-04 
 2.36500e+02  4.86110e-04 
 2.37000e+02  4.99373e-04 
 2.37500e+02  4.45343e-04 
 2.38000e+02  3.63714e-04 
 2.38500e+02  3.47203e-04 
 2.39000e+02  3.63298e-04 
 2.39500e+02  4.05465e-04 
 2.40000e+02  3.82497e-04 
 2.40500e+02  3.98601e-04 
 2.41000e+02  3.95889e-04 
 2.41500e+02  3.90953e-04 
 2.42000e+02  3.71410e-04 
 2.42500e+02  3.55338e-04 
 2.43000e+02  3.80130e-04 
 2.43500e+02  3.27420e-04 
 2.44000e+02  3.10476e-04 
 2.44500e+02  2.73926e-04 
 2.45000e+02  2.75222e-04 
 2.45500e+02  2.58782e-04 
 2.46000e+02  2.82757e-04 
 2.46500e+02  3.06580e-04 
 2.47000e+02  2.94373e-04 
 2.47500e+02  2.56798e-04 
 2.48000e+02  2.58478e-04 
 2.48500e+02  2.34999e-04 
 2.49000e+02  2.40063e-04 
 2.49500e+02  2.22120e-04 
 2.50000e+02  2.08128e-04 
 2.50500e+02  2.21680e-04 
 2.51000e+02  1.80153e-04 
 2.51500e+02  1.67386e-04 
 2.52000e+02  1.80305e-04 
 2.52500e+02  1.59994e-04 
 2.53000e+02  1.76937e-04 
 2.53500e+02  1.75497e-04 
 2.54000e+02  1.55274e-04 
 2.54500e+02  1.84113e-04 
 2.55000e+02  1.61778e-04 
 2.55500e+02  1.30739e-04 
 2.56000e+02  1.27707e-04 
 2.56500e+02  1.28563e-04 
 2.57000e+02  1.21611e-04 
 2.57500e+02  9.82843e-05 
 2.58000e+02  8.96926e-05 
 2.58500e+02  7.55091e-05 
 2.59000e+02  7.86130e-05 
 2.59500e+02  6.74694e-05 
 2.60000e+02  5.48139e-05 
 2.60500e+02  5.91658e-05 
 2.61000e+02  5.35020e-05 
 2.61500e+02  5.32700e-05 
 2.62000e+02  6.10297e-05 
 2.62500e+02  6.12377e-05 
 2.63000e+02  6.07177e-05 
 2.63500e+02  6.38376e-05 
 2.64000e+02  4.60463e-05 
 2.64500e+02  3.74626e-05 
 2.65000e+02  3.09988e-05 
 2.65500e+02  2.30551e-05 
 2.66000e+02  2.18632e-05 
 2.66500e+02  2.54150e-05 
 2.67000e+02  2.42551e-05 
 2.67500e+02  1.88233e-05 
 2.68000e+02  1.60874e-05 
 2.68500e+02  1.10396e-05 
 2.69000e+02  1.37915e-05 
 2.69500e+02  1.71993e-05 
 2.70000e+02  1.08156e-05 
 2.70500e+02  9.02366e-06 
 2.71000e+02  1.26395e-05 
 2.71500e+02  7.16773e-06 
 2.72000e+02  7.94370e-06 
 2.72500e+02  1.26635e-05 
 2.73000e+02  7.00773e-06 
 2.73500e+02  5.53579e-06 
 2.74000e+02  6.12777e-06 
 2.74500e+02  6.74374e-06 
 2.75000e+02  7.89570e-06 
 2.75500e+02  9.51164e-06 
 2.76000e+02  5.87978e-06 
 2.76500e+02  6.38376e-06 
 2.77000e+02  9.00766e-06 
 2.77500e+02  8.85566e-06 
 2.78000e+02  9.77563e-06 
 2.78500e+02  4.35183e-06 
 2.79000e+02  3.11188e-06 
 2.79500e+02  3.35187e-06 
 2.80000e+02  3.48787e-06 
 2.80500e+02  3.45587e-06 
 2.81000e+02  3.39987e-06 
 2.81500e+02  3.83185e-06 
 2.82000e+02  4.35183e-06 
 2.82500e+02  4.59183e-06 
 2.83000e+02  2.94389e-06 
 2.83500e+02  3.04788e-06 
 2.84000e+02  4.24784e-06 
 2.84500e+02  3.09588e-06 
 2.85000e+02  4.14384e-06 
 2.85500e+02  1.85593e-06 
 2.86000e+02  1.91993e-06 
 2.86500e+02  2.03992e-06 
 2.87000e+02  2.17592e-06 
 2.87500e+02  2.51990e-06 
 2.88000e+02  2.17592e-06 
 2.88500e+02  3.48787e-06 
 2.89000e+02  1.55994e-06 
 2.89500e+02  1.57594e-06 
 2.90000e+02  1.59994e-06 
 2.90500e+02  1.70394e-06 
 2.91000e+02  1.78393e-06 
 2.91500e+02  1.87193e-06 
 2.92000e+02  1.93593e-06 
 2.92500e+02  2.01592e-06 
 2.93000e+02  2.20792e-06 
 2.93500e+02  2.47191e-06 
 2.94000e+02  3.51987e-06 
 2.94500e+02  3.35187e-06 
 2.95000e+02  3.03188e-06 
 2.95500e+02  1.75193e-06 
 2.96000e+02  1.98392e-06 
 2.96500e+02  2.28791e-06 
 2.97000e+02  2.71190e-06 
 2.97500e+02  2.41591e-06 
 2.98000e+02  2.70390e-06 
 2.98500e+02  1.71193e-06 
 2.99000e+02  6.87974e-07 
 2.99500e+02  7.27972e-07 
 3.00000e+02  8.15969e-07 
 3.00500e+02  9.11965e-07 
 3.01000e+02  1.14396e-06 
 3.01500e+02  7.67971e-07 
 3.02000e+02  1.01596e-06 
 3.02500e+02  1.17596e-06 
 3.03000e+02  9.35964e-07 
 3.03500e+02  9.59964e-08 
 3.04000e+02  9.59964e-08 
 3.04500e+02  1.03996e-07 
 3.05000e+02  1.03996e-07 
 3.05500e+02  1.03996e-07 
 3.06000e+02  1.03996e-07 
 3.06500e+02  1.11996e-07 
 3.07000e+02  1.03996e-07 
 3.07500e+02  1.11996e-07 
 3.08000e+02  1.11996e-07 
 3.08500e+02  1.27995e-07 
 3.09000e+02  1.27995e-07 
 3.09500e+02  1.27995e-07 
 3.10000e+02  1.35995e-07 
 3.10500e+02  1.35995e-07 
 3.11000e+02  1.35995e-07 
 3.11500e+02  1.59994e-07 
 3.12000e+02  1.67994e-07 
 3.12500e+02  1.75993e-07 
 3.13000e+02  1.83993e-07 
 3.13500e+02  1.91993e-07 
 3.14000e+02  2.23991e-07 
 3.14500e+02  2.79989e-07 
 3.15000e+02  3.03988e-07 
 3.15500e+02  4.39983e-07 
 3.16000e+02  2.63990e-07 
 3.16500e+02  0.00000e+00 
 3.17000e+02  0.00000e+00 
 3.17500e+02  0.00000e+00 
 3.18000e+02  0.00000e+00 
 3.18500e+02  0.00000e+00 
 3.19000e+02  0.00000e+00 
 3.19500e+02  0.00000e+00 
