 0.00000e+00  0.00000e+00 
 5.00000e-01  0.00000e+00 
 1.00000e+00  0.00000e+00 
 1.50000e+00  0.00000e+00 
 2.00000e+00  0.00000e+00 
 2.50000e+00  0.00000e+00 
 3.00000e+00  0.00000e+00 
 3.50000e+00  0.00000e+00 
 4.00000e+00  0.00000e+00 
 4.50000e+00  0.00000e+00 
 5.00000e+00  0.00000e+00 
 5.50000e+00  0.00000e+00 
 6.00000e+00  0.00000e+00 
 6.50000e+00  0.00000e+00 
 7.00000e+00  0.00000e+00 
 7.50000e+00  0.00000e+00 
 8.00000e+00  0.00000e+00 
 8.50000e+00  0.00000e+00 
 9.00000e+00  0.00000e+00 
 9.50000e+00  0.00000e+00 
 1.00000e+01  0.00000e+00 
 1.05000e+01  0.00000e+00 
 1.10000e+01  0.00000e+00 
 1.15000e+01  0.00000e+00 
 1.20000e+01  0.00000e+00 
 1.25000e+01  0.00000e+00 
 1.30000e+01  0.00000e+00 
 1.35000e+01  0.00000e+00 
 1.40000e+01  0.00000e+00 
 1.45000e+01  0.00000e+00 
 1.50000e+01  0.00000e+00 
 1.55000e+01  0.00000e+00 
 1.60000e+01  0.00000e+00 
 1.65000e+01  0.00000e+00 
 1.70000e+01  2.72000e-07 
 1.75000e+01  2.88000e-07 
 1.80000e+01  2.40000e-07 
 1.85000e+01  2.32000e-07 
 1.90000e+01  2.16000e-07 
 1.95000e+01  1.84000e-07 
 2.00000e+01  1.76000e-07 
 2.05000e+01  1.68000e-07 
 2.10000e+01  1.68000e-07 
 2.15000e+01  1.60000e-07 
 2.20000e+01  1.44000e-07 
 2.25000e+01  1.36000e-07 
 2.30000e+01  1.36000e-07 
 2.35000e+01  1.36000e-07 
 2.40000e+01  1.60000e-07 
 2.45000e+01  5.92000e-07 
 2.50000e+01  4.56000e-07 
 2.55000e+01  4.40000e-07 
 2.60000e+01  3.60000e-07 
 2.65000e+01  3.36000e-07 
 2.70000e+01  3.36000e-07 
 2.75000e+01  3.28000e-07 
 2.80000e+01  2.96000e-07 
 2.85000e+01  2.88000e-07 
 2.90000e+01  2.42400e-06 
 2.95000e+01  1.63200e-06 
 3.00000e+01  3.63200e-06 
 3.05000e+01  2.44800e-06 
 3.10000e+01  3.98400e-06 
 3.15000e+01  5.01600e-06 
 3.20000e+01  5.37600e-06 
 3.25000e+01  4.05600e-06 
 3.30000e+01  3.48800e-06 
 3.35000e+01  3.07200e-06 
 3.40000e+01  2.86400e-06 
 3.45000e+01  2.65600e-06 
 3.50000e+01  2.54400e-06 
 3.55000e+01  8.05600e-06 
 3.60000e+01  4.96800e-06 
 3.65000e+01  5.45600e-06 
 3.70000e+01  5.90400e-06 
 3.75000e+01  6.79200e-06 
 3.80000e+01  8.12000e-06 
 3.85000e+01  5.76800e-06 
 3.90000e+01  6.55200e-06 
 3.95000e+01  6.07200e-06 
 4.00000e+01  6.51200e-06 
 4.05000e+01  6.15200e-06 
 4.10000e+01  5.14400e-06 
 4.15000e+01  4.80800e-06 
 4.20000e+01  8.00000e-06 
 4.25000e+01  8.16800e-06 
 4.30000e+01  7.44000e-06 
 4.35000e+01  8.28800e-06 
 4.40000e+01  7.72800e-06 
 4.45000e+01  1.02480e-05 
 4.50000e+01  1.66400e-05 
 4.55000e+01  1.44240e-05 
 4.60000e+01  1.61600e-05 
 4.65000e+01  1.73680e-05 
 4.70000e+01  2.61520e-05 
 4.75000e+01  2.54000e-05 
 4.80000e+01  2.82240e-05 
 4.85000e+01  2.58080e-05 
 4.90000e+01  3.14800e-05 
 4.95000e+01  2.86080e-05 
 5.00000e+01  3.37360e-05 
 5.05000e+01  2.81680e-05 
 5.10000e+01  2.91840e-05 
 5.15000e+01  3.86320e-05 
 5.20000e+01  4.79280e-05 
 5.25000e+01  3.63440e-05 
 5.30000e+01  3.41040e-05 
 5.35000e+01  6.02080e-05 
 5.40000e+01  6.51040e-05 
 5.45000e+01  6.77200e-05 
 5.50000e+01  8.43520e-05 
 5.55000e+01  8.77840e-05 
 5.60000e+01  9.25360e-05 
 5.65000e+01  8.67040e-05 
 5.70000e+01  9.05440e-05 
 5.75000e+01  9.44880e-05 
 5.80000e+01  1.12488e-04 
 5.85000e+01  1.23720e-04 
 5.90000e+01  1.24984e-04 
 5.95000e+01  1.20208e-04 
 6.00000e+01  1.16936e-04 
 6.05000e+01  1.06480e-04 
 6.10000e+01  1.37920e-04 
 6.15000e+01  1.60032e-04 
 6.20000e+01  1.58912e-04 
 6.25000e+01  1.48480e-04 
 6.30000e+01  1.75488e-04 
 6.35000e+01  1.68880e-04 
 6.40000e+01  1.80080e-04 
 6.45000e+01  1.93880e-04 
 6.50000e+01  1.83000e-04 
 6.55000e+01  2.36328e-04 
 6.60000e+01  2.19600e-04 
 6.65000e+01  1.95064e-04 
 6.70000e+01  1.76552e-04 
 6.75000e+01  1.88688e-04 
 6.80000e+01  2.08200e-04 
 6.85000e+01  2.03584e-04 
 6.90000e+01  2.15544e-04 
 6.95000e+01  2.37624e-04 
 7.00000e+01  2.73968e-04 
 7.05000e+01  2.95928e-04 
 7.10000e+01  3.03664e-04 
 7.15000e+01  3.25008e-04 
 7.20000e+01  3.66960e-04 
 7.25000e+01  3.79888e-04 
 7.30000e+01  3.70936e-04 
 7.35000e+01  3.58528e-04 
 7.40000e+01  3.78656e-04 
 7.45000e+01  4.42952e-04 
 7.50000e+01  4.52328e-04 
 7.55000e+01  4.58032e-04 
 7.60000e+01  4.16352e-04 
 7.65000e+01  4.30512e-04 
 7.70000e+01  4.26160e-04 
 7.75000e+01  4.28184e-04 
 7.80000e+01  4.02504e-04 
 7.85000e+01  4.35616e-04 
 7.90000e+01  4.38136e-04 
 7.95000e+01  4.26960e-04 
 8.00000e+01  4.03448e-04 
 8.05000e+01  4.67896e-04 
 8.10000e+01  5.70560e-04 
 8.15000e+01  5.62352e-04 
 8.20000e+01  5.20488e-04 
 8.25000e+01  5.28888e-04 
 8.30000e+01  5.77728e-04 
 8.35000e+01  6.47408e-04 
 8.40000e+01  7.33336e-04 
 8.45000e+01  8.42136e-04 
 8.50000e+01  7.17584e-04 
 8.55000e+01  7.05176e-04 
 8.60000e+01  6.91000e-04 
 8.65000e+01  7.38240e-04 
 8.70000e+01  7.34144e-04 
 8.75000e+01  8.39864e-04 
 8.80000e+01  8.73288e-04 
 8.85000e+01  7.73208e-04 
 8.90000e+01  7.41176e-04 
 8.95000e+01  8.60208e-04 
 9.00000e+01  9.10816e-04 
 9.05000e+01  8.55208e-04 
 9.10000e+01  8.69864e-04 
 9.15000e+01  9.87120e-04 
 9.20000e+01  1.01233e-03 
 9.25000e+01  1.03792e-03 
 9.30000e+01  1.09914e-03 
 9.35000e+01  1.16966e-03 
 9.40000e+01  1.14515e-03 
 9.45000e+01  1.13573e-03 
 9.50000e+01  1.09394e-03 
 9.55000e+01  1.16698e-03 
 9.60000e+01  1.16992e-03 
 9.65000e+01  1.16885e-03 
 9.70000e+01  1.25078e-03 
 9.75000e+01  1.44479e-03 
 9.80000e+01  1.52682e-03 
 9.85000e+01  1.57265e-03 
 9.90000e+01  1.65206e-03 
 9.95000e+01  1.78134e-03 
 1.00000e+02  1.75114e-03 
 1.00500e+02  1.71734e-03 
 1.01000e+02  1.86175e-03 
 1.01500e+02  2.00510e-03 
 1.02000e+02  2.14023e-03 
 1.02500e+02  2.35959e-03 
 1.03000e+02  2.56854e-03 
 1.03500e+02  2.51614e-03 
 1.04000e+02  2.83391e-03 
 1.04500e+02  2.71482e-03 
 1.05000e+02  3.01286e-03 
 1.05500e+02  3.06426e-03 
 1.06000e+02  3.31117e-03 
 1.06500e+02  3.55671e-03 
 1.07000e+02  3.58907e-03 
 1.07500e+02  3.78691e-03 
 1.08000e+02  3.81914e-03 
 1.08500e+02  3.98386e-03 
 1.09000e+02  4.08312e-03 
 1.09500e+02  4.55226e-03 
 1.10000e+02  4.44140e-03 
 1.10500e+02  4.76495e-03 
 1.11000e+02  4.95570e-03 
 1.11500e+02  5.21694e-03 
 1.12000e+02  5.45047e-03 
 1.12500e+02  5.43060e-03 
 1.13000e+02  5.36612e-03 
 1.13500e+02  5.55522e-03 
 1.14000e+02  5.40035e-03 
 1.14500e+02  5.71822e-03 
 1.15000e+02  6.22577e-03 
 1.15500e+02  6.21779e-03 
 1.16000e+02  6.55746e-03 
 1.16500e+02  6.25882e-03 
 1.17000e+02  6.26857e-03 
 1.17500e+02  6.56065e-03 
 1.18000e+02  6.49800e-03 
 1.18500e+02  6.69172e-03 
 1.19000e+02  7.23107e-03 
 1.19500e+02  7.32955e-03 
 1.20000e+02  7.37474e-03 
 1.20500e+02  7.66700e-03 
 1.21000e+02  7.53259e-03 
 1.21500e+02  7.33296e-03 
 1.22000e+02  7.66047e-03 
 1.22500e+02  7.76482e-03 
 1.23000e+02  7.96092e-03 
 1.23500e+02  8.03317e-03 
 1.24000e+02  7.87758e-03 
 1.24500e+02  8.31250e-03 
 1.25000e+02  8.22282e-03 
 1.25500e+02  8.28913e-03 
 1.26000e+02  8.28130e-03 
 1.26500e+02  8.35388e-03 
 1.27000e+02  8.57269e-03 
 1.27500e+02  8.69313e-03 
 1.28000e+02  8.67570e-03 
 1.28500e+02  8.99346e-03 
 1.29000e+02  8.95882e-03 
 1.29500e+02  8.88330e-03 
 1.30000e+02  9.36164e-03 
 1.30500e+02  9.51045e-03 
 1.31000e+02  9.30001e-03 
 1.31500e+02  9.71253e-03 
 1.32000e+02  9.89912e-03 
 1.32500e+02  9.67908e-03 
 1.33000e+02  9.31299e-03 
 1.33500e+02  9.31484e-03 
 1.34000e+02  8.96663e-03 
 1.34500e+02  9.31806e-03 
 1.35000e+02  9.43373e-03 
 1.35500e+02  9.37600e-03 
 1.36000e+02  9.53960e-03 
 1.36500e+02  9.26283e-03 
 1.37000e+02  9.33378e-03 
 1.37500e+02  9.85195e-03 
 1.38000e+02  1.00427e-02 
 1.38500e+02  1.03538e-02 
 1.39000e+02  1.00350e-02 
 1.39500e+02  1.00838e-02 
 1.40000e+02  1.02108e-02 
 1.40500e+02  1.03885e-02 
 1.41000e+02  1.00852e-02 
 1.41500e+02  1.02675e-02 
 1.42000e+02  1.06026e-02 
 1.42500e+02  1.06518e-02 
 1.43000e+02  1.09325e-02 
 1.43500e+02  1.08103e-02 
 1.44000e+02  1.07543e-02 
 1.44500e+02  1.07635e-02 
 1.45000e+02  1.03927e-02 
 1.45500e+02  1.03470e-02 
 1.46000e+02  1.03908e-02 
 1.46500e+02  1.07658e-02 
 1.47000e+02  1.06587e-02 
 1.47500e+02  1.06676e-02 
 1.48000e+02  1.07382e-02 
 1.48500e+02  1.07551e-02 
 1.49000e+02  1.11944e-02 
 1.49500e+02  1.11720e-02 
 1.50000e+02  1.05156e-02 
 1.50500e+02  1.06438e-02 
 1.51000e+02  1.06742e-02 
 1.51500e+02  1.12193e-02 
 1.52000e+02  1.10295e-02 
 1.52500e+02  1.04939e-02 
 1.53000e+02  1.07623e-02 
 1.53500e+02  1.10776e-02 
 1.54000e+02  1.07113e-02 
 1.54500e+02  1.08695e-02 
 1.55000e+02  1.05693e-02 
 1.55500e+02  1.02545e-02 
 1.56000e+02  1.03178e-02 
 1.56500e+02  1.08447e-02 
 1.57000e+02  1.08960e-02 
 1.57500e+02  1.07600e-02 
 1.58000e+02  1.05339e-02 
 1.58500e+02  1.04506e-02 
 1.59000e+02  1.05000e-02 
 1.59500e+02  1.03266e-02 
 1.60000e+02  1.04414e-02 
 1.60500e+02  1.02115e-02 
 1.61000e+02  1.06915e-02 
 1.61500e+02  1.03114e-02 
 1.62000e+02  1.03859e-02 
 1.62500e+02  1.07132e-02 
 1.63000e+02  1.04449e-02 
 1.63500e+02  1.01282e-02 
 1.64000e+02  9.99325e-03 
 1.64500e+02  1.00306e-02 
 1.65000e+02  1.01503e-02 
 1.65500e+02  1.02838e-02 
 1.66000e+02  1.02182e-02 
 1.66500e+02  9.90265e-03 
 1.67000e+02  9.90163e-03 
 1.67500e+02  9.81076e-03 
 1.68000e+02  9.87594e-03 
 1.68500e+02  1.01463e-02 
 1.69000e+02  9.52609e-03 
 1.69500e+02  9.22531e-03 
 1.70000e+02  9.16516e-03 
 1.70500e+02  9.06766e-03 
 1.71000e+02  9.25314e-03 
 1.71500e+02  9.56439e-03 
 1.72000e+02  9.71361e-03 
 1.72500e+02  9.72534e-03 
 1.73000e+02  9.61492e-03 
 1.73500e+02  9.82425e-03 
 1.74000e+02  9.68223e-03 
 1.74500e+02  9.54664e-03 
 1.75000e+02  1.00788e-02 
 1.75500e+02  9.96413e-03 
 1.76000e+02  9.74730e-03 
 1.76500e+02  9.41704e-03 
 1.77000e+02  9.42248e-03 
 1.77500e+02  8.53719e-03 
 1.78000e+02  8.38939e-03 
 1.78500e+02  8.56826e-03 
 1.79000e+02  8.86154e-03 
 1.79500e+02  8.67307e-03 
 1.80000e+02  8.66558e-03 
 1.80500e+02  8.25631e-03 
 1.81000e+02  8.22167e-03 
 1.81500e+02  8.37852e-03 
 1.82000e+02  8.81230e-03 
 1.82500e+02  8.70634e-03 
 1.83000e+02  8.13789e-03 
 1.83500e+02  8.13061e-03 
 1.84000e+02  8.01087e-03 
 1.84500e+02  8.07637e-03 
 1.85000e+02  8.11342e-03 
 1.85500e+02  7.78196e-03 
 1.86000e+02  7.40200e-03 
 1.86500e+02  7.59143e-03 
 1.87000e+02  7.36686e-03 
 1.87500e+02  7.52628e-03 
 1.88000e+02  7.54979e-03 
 1.88500e+02  7.45963e-03 
 1.89000e+02  7.58778e-03 
 1.89500e+02  7.42573e-03 
 1.90000e+02  7.37766e-03 
 1.90500e+02  7.43209e-03 
 1.91000e+02  7.56534e-03 
 1.91500e+02  6.91649e-03 
 1.92000e+02  6.95630e-03 
 1.92500e+02  6.92614e-03 
 1.93000e+02  6.50581e-03 
 1.93500e+02  6.34891e-03 
 1.94000e+02  6.02398e-03 
 1.94500e+02  6.10296e-03 
 1.95000e+02  5.98233e-03 
 1.95500e+02  5.99213e-03 
 1.96000e+02  5.90147e-03 
 1.96500e+02  6.29894e-03 
 1.97000e+02  5.83908e-03 
 1.97500e+02  5.78370e-03 
 1.98000e+02  6.08026e-03 
 1.98500e+02  5.90820e-03 
 1.99000e+02  5.49514e-03 
 1.99500e+02  5.72513e-03 
 2.00000e+02  5.75889e-03 
 2.00500e+02  5.86898e-03 
 2.01000e+02  5.49662e-03 
 2.01500e+02  5.28590e-03 
 2.02000e+02  5.16894e-03 
 2.02500e+02  5.32565e-03 
 2.03000e+02  5.18885e-03 
 2.03500e+02  4.89542e-03 
 2.04000e+02  4.86653e-03 
 2.04500e+02  4.71753e-03 
 2.05000e+02  4.43253e-03 
 2.05500e+02  4.29102e-03 
 2.06000e+02  4.15178e-03 
 2.06500e+02  4.02814e-03 
 2.07000e+02  3.63546e-03 
 2.07500e+02  3.76959e-03 
 2.08000e+02  3.56943e-03 
 2.08500e+02  3.35826e-03 
 2.09000e+02  3.40439e-03 
 2.09500e+02  3.25246e-03 
 2.10000e+02  3.25981e-03 
 2.10500e+02  2.89352e-03 
 2.11000e+02  2.88534e-03 
 2.11500e+02  2.69638e-03 
 2.12000e+02  2.63858e-03 
 2.12500e+02  2.50861e-03 
 2.13000e+02  2.40282e-03 
 2.13500e+02  2.13407e-03 
 2.14000e+02  1.86815e-03 
 2.14500e+02  1.72026e-03 
 2.15000e+02  1.73080e-03 
 2.15500e+02  1.74772e-03 
 2.16000e+02  1.56339e-03 
 2.16500e+02  1.50502e-03 
 2.17000e+02  1.37354e-03 
 2.17500e+02  1.28706e-03 
 2.18000e+02  1.23290e-03 
 2.18500e+02  1.23321e-03 
 2.19000e+02  1.30502e-03 
 2.19500e+02  1.13669e-03 
 2.20000e+02  1.04332e-03 
 2.20500e+02  1.04996e-03 
 2.21000e+02  9.21984e-04 
 2.21500e+02  9.05408e-04 
 2.22000e+02  8.63456e-04 
 2.22500e+02  8.39536e-04 
 2.23000e+02  8.75312e-04 
 2.23500e+02  8.97152e-04 
 2.24000e+02  9.10744e-04 
 2.24500e+02  9.68712e-04 
 2.25000e+02  9.10688e-04 
 2.25500e+02  8.66984e-04 
 2.26000e+02  7.67512e-04 
 2.26500e+02  7.20592e-04 
 2.27000e+02  7.14848e-04 
 2.27500e+02  6.96096e-04 
 2.28000e+02  6.69352e-04 
 2.28500e+02  6.65440e-04 
 2.29000e+02  6.56496e-04 
 2.29500e+02  5.87816e-04 
 2.30000e+02  5.56664e-04 
 2.30500e+02  5.54928e-04 
 2.31000e+02  5.29864e-04 
 2.31500e+02  4.75976e-04 
 2.32000e+02  4.78936e-04 
 2.32500e+02  4.83976e-04 
 2.33000e+02  5.12312e-04 
 2.33500e+02  5.88880e-04 
 2.34000e+02  5.41360e-04 
 2.34500e+02  4.94840e-04 
 2.35000e+02  4.85376e-04 
 2.35500e+02  5.52600e-04 
 2.36000e+02  4.64048e-04 
 2.36500e+02  4.46440e-04 
 2.37000e+02  4.48464e-04 
 2.37500e+02  4.39832e-04 
 2.38000e+02  4.48584e-04 
 2.38500e+02  3.83680e-04 
 2.39000e+02  3.95768e-04 
 2.39500e+02  3.70944e-04 
 2.40000e+02  4.00240e-04 
 2.40500e+02  3.96336e-04 
 2.41000e+02  4.37200e-04 
 2.41500e+02  3.32888e-04 
 2.42000e+02  3.06104e-04 
 2.42500e+02  3.37296e-04 
 2.43000e+02  3.76872e-04 
 2.43500e+02  3.82640e-04 
 2.44000e+02  3.16216e-04 
 2.44500e+02  3.06440e-04 
 2.45000e+02  2.82496e-04 
 2.45500e+02  2.93072e-04 
 2.46000e+02  3.05808e-04 
 2.46500e+02  2.91768e-04 
 2.47000e+02  2.63304e-04 
 2.47500e+02  2.27824e-04 
 2.48000e+02  2.38936e-04 
 2.48500e+02  2.05824e-04 
 2.49000e+02  2.31504e-04 
 2.49500e+02  2.32488e-04 
 2.50000e+02  1.93984e-04 
 2.50500e+02  2.07632e-04 
 2.51000e+02  2.02432e-04 
 2.51500e+02  1.81920e-04 
 2.52000e+02  1.79168e-04 
 2.52500e+02  1.93760e-04 
 2.53000e+02  1.71504e-04 
 2.53500e+02  1.74496e-04 
 2.54000e+02  1.58384e-04 
 2.54500e+02  1.40968e-04 
 2.55000e+02  1.53840e-04 
 2.55500e+02  1.60952e-04 
 2.56000e+02  1.45480e-04 
 2.56500e+02  1.11296e-04 
 2.57000e+02  1.23896e-04 
 2.57500e+02  1.22296e-04 
 2.58000e+02  1.04992e-04 
 2.58500e+02  1.06872e-04 
 2.59000e+02  1.02784e-04 
 2.59500e+02  1.25816e-04 
 2.60000e+02  9.95680e-05 
 2.60500e+02  9.95280e-05 
 2.61000e+02  7.00960e-05 
 2.61500e+02  4.94560e-05 
 2.62000e+02  4.84160e-05 
 2.62500e+02  5.30800e-05 
 2.63000e+02  5.36640e-05 
 2.63500e+02  4.53600e-05 
 2.64000e+02  3.69360e-05 
 2.64500e+02  2.60560e-05 
 2.65000e+02  2.51520e-05 
 2.65500e+02  2.69840e-05 
 2.66000e+02  2.84800e-05 
 2.66500e+02  3.11040e-05 
 2.67000e+02  4.08800e-05 
 2.67500e+02  2.39440e-05 
 2.68000e+02  2.39520e-05 
 2.68500e+02  1.99200e-05 
 2.69000e+02  2.55520e-05 
 2.69500e+02  1.56400e-05 
 2.70000e+02  1.88000e-05 
 2.70500e+02  1.68400e-05 
 2.71000e+02  1.61040e-05 
 2.71500e+02  1.58640e-05 
 2.72000e+02  1.25920e-05 
 2.72500e+02  1.04880e-05 
 2.73000e+02  9.14400e-06 
 2.73500e+02  6.28800e-06 
 2.74000e+02  5.88000e-06 
 2.74500e+02  4.10400e-06 
 2.75000e+02  3.77600e-06 
 2.75500e+02  3.88800e-06 
 2.76000e+02  4.20800e-06 
 2.76500e+02  4.57600e-06 
 2.77000e+02  5.88000e-06 
 2.77500e+02  3.92800e-06 
 2.78000e+02  3.44000e-06 
 2.78500e+02  4.56000e-06 
 2.79000e+02  5.84800e-06 
 2.79500e+02  3.41600e-06 
 2.80000e+02  3.72800e-06 
 2.80500e+02  5.05600e-06 
 2.81000e+02  3.28800e-06 
 2.81500e+02  3.62400e-06 
 2.82000e+02  4.85600e-06 
 2.82500e+02  6.72000e-06 
 2.83000e+02  3.04000e-06 
 2.83500e+02  3.63200e-06 
 2.84000e+02  2.55200e-06 
 2.84500e+02  2.88000e-06 
 2.85000e+02  2.41600e-06 
 2.85500e+02  2.62400e-06 
 2.86000e+02  3.88800e-06 
 2.86500e+02  4.98400e-06 
 2.87000e+02  4.20000e-06 
 2.87500e+02  1.54400e-06 
 2.88000e+02  1.60800e-06 
 2.88500e+02  1.69600e-06 
 2.89000e+02  1.80800e-06 
 2.89500e+02  1.84000e-06 
 2.90000e+02  2.03200e-06 
 2.90500e+02  3.33600e-06 
 2.91000e+02  1.88000e-06 
 2.91500e+02  1.71200e-06 
 2.92000e+02  1.46400e-06 
 2.92500e+02  2.80000e-06 
 2.93000e+02  2.12800e-06 
 2.93500e+02  1.40800e-06 
 2.94000e+02  1.87200e-06 
 2.94500e+02  2.35200e-06 
 2.95000e+02  3.36000e-06 
 2.95500e+02  1.96800e-06 
 2.96000e+02  2.29600e-06 
 2.96500e+02  1.84000e-06 
 2.97000e+02  1.99200e-06 
 2.97500e+02  1.82400e-06 
 2.98000e+02  1.62400e-06 
 2.98500e+02  2.02400e-06 
 2.99000e+02  5.28000e-07 
 2.99500e+02  5.52000e-07 
 3.00000e+02  6.00000e-07 
 3.00500e+02  6.64000e-07 
 3.01000e+02  6.88000e-07 
 3.01500e+02  8.40000e-07 
 3.02000e+02  5.52000e-07 
 3.02500e+02  4.64000e-07 
 3.03000e+02  4.72000e-07 
 3.03500e+02  5.12000e-07 
 3.04000e+02  6.48000e-07 
 3.04500e+02  1.11200e-06 
 3.05000e+02  1.21600e-06 
 3.05500e+02  2.32000e-07 
 3.06000e+02  2.64000e-07 
 3.06500e+02  2.64000e-07 
 3.07000e+02  2.88000e-07 
 3.07500e+02  2.96000e-07 
 3.08000e+02  2.96000e-07 
 3.08500e+02  3.36000e-07 
 3.09000e+02  3.68000e-07 
 3.09500e+02  3.84000e-07 
 3.10000e+02  4.32000e-07 
 3.10500e+02  4.80000e-07 
 3.11000e+02  1.44000e-07 
 3.11500e+02  1.52000e-07 
 3.12000e+02  1.52000e-07 
 3.12500e+02  1.60000e-07 
 3.13000e+02  1.84000e-07 
 3.13500e+02  2.08000e-07 
 3.14000e+02  2.16000e-07 
 3.14500e+02  2.32000e-07 
 3.15000e+02  2.80000e-07 
 3.15500e+02  2.96000e-07 
 3.16000e+02  0.00000e+00 
 3.16500e+02  0.00000e+00 
 3.17000e+02  0.00000e+00 
 3.17500e+02  0.00000e+00 
 3.18000e+02  0.00000e+00 
 3.18500e+02  0.00000e+00 
 3.19000e+02  0.00000e+00 
 3.19500e+02  0.00000e+00 
