 0.00000e+00  0.00000e+00 
 5.00000e-01  0.00000e+00 
 1.00000e+00  0.00000e+00 
 1.50000e+00  0.00000e+00 
 2.00000e+00  0.00000e+00 
 2.50000e+00  0.00000e+00 
 3.00000e+00  0.00000e+00 
 3.50000e+00  0.00000e+00 
 4.00000e+00  0.00000e+00 
 4.50000e+00  0.00000e+00 
 5.00000e+00  0.00000e+00 
 5.50000e+00  0.00000e+00 
 6.00000e+00  0.00000e+00 
 6.50000e+00  0.00000e+00 
 7.00000e+00  0.00000e+00 
 7.50000e+00  0.00000e+00 
 8.00000e+00  0.00000e+00 
 8.50000e+00  0.00000e+00 
 9.00000e+00  0.00000e+00 
 9.50000e+00  0.00000e+00 
 1.00000e+01  0.00000e+00 
 1.05000e+01  0.00000e+00 
 1.10000e+01  0.00000e+00 
 1.15000e+01  0.00000e+00 
 1.20000e+01  0.00000e+00 
 1.25000e+01  0.00000e+00 
 1.30000e+01  0.00000e+00 
 1.35000e+01  0.00000e+00 
 1.40000e+01  0.00000e+00 
 1.45000e+01  0.00000e+00 
 1.50000e+01  1.12800e-06 
 1.55000e+01  8.08000e-07 
 1.60000e+01  3.68000e-07 
 1.65000e+01  2.72000e-07 
 1.70000e+01  1.07200e-06 
 1.75000e+01  7.36000e-07 
 1.80000e+01  5.12000e-07 
 1.85000e+01  4.56000e-07 
 1.90000e+01  4.32000e-07 
 1.95000e+01  3.92000e-07 
 2.00000e+01  3.44000e-07 
 2.05000e+01  3.36000e-07 
 2.10000e+01  3.20000e-07 
 2.15000e+01  3.04000e-07 
 2.20000e+01  2.96000e-07 
 2.25000e+01  2.80000e-07 
 2.30000e+01  2.72000e-07 
 2.35000e+01  2.56000e-07 
 2.40000e+01  2.64000e-07 
 2.45000e+01  2.08000e-07 
 2.50000e+01  1.12000e-07 
 2.55000e+01  1.12000e-07 
 2.60000e+01  1.68800e-06 
 2.65000e+01  1.28000e-06 
 2.70000e+01  8.88000e-07 
 2.75000e+01  7.76000e-07 
 2.80000e+01  6.64000e-07 
 2.85000e+01  2.56000e-07 
 2.90000e+01  2.48000e-07 
 2.95000e+01  2.16000e-07 
 3.00000e+01  1.77600e-06 
 3.05000e+01  1.40800e-06 
 3.10000e+01  1.11200e-06 
 3.15000e+01  8.48000e-07 
 3.20000e+01  8.08000e-07 
 3.25000e+01  1.12800e-06 
 3.30000e+01  3.15200e-06 
 3.35000e+01  2.25600e-06 
 3.40000e+01  2.12000e-06 
 3.45000e+01  1.96000e-06 
 3.50000e+01  1.75200e-06 
 3.55000e+01  4.02400e-06 
 3.60000e+01  2.77600e-06 
 3.65000e+01  3.05600e-06 
 3.70000e+01  5.13600e-06 
 3.75000e+01  6.68800e-06 
 3.80000e+01  5.02400e-06 
 3.85000e+01  4.06400e-06 
 3.90000e+01  3.46400e-06 
 3.95000e+01  6.00800e-06 
 4.00000e+01  8.52000e-06 
 4.05000e+01  6.66400e-06 
 4.10000e+01  5.23200e-06 
 4.15000e+01  5.52000e-06 
 4.20000e+01  5.96000e-06 
 4.25000e+01  8.37600e-06 
 4.30000e+01  7.96800e-06 
 4.35000e+01  8.88800e-06 
 4.40000e+01  7.88000e-06 
 4.45000e+01  7.00000e-06 
 4.50000e+01  6.47200e-06 
 4.55000e+01  1.31440e-05 
 4.60000e+01  9.58400e-06 
 4.65000e+01  7.92000e-06 
 4.70000e+01  1.42240e-05 
 4.75000e+01  2.12320e-05 
 4.80000e+01  1.92400e-05 
 4.85000e+01  2.24240e-05 
 4.90000e+01  2.01840e-05 
 4.95000e+01  1.93280e-05 
 5.00000e+01  3.00240e-05 
 5.05000e+01  3.24480e-05 
 5.10000e+01  2.28000e-05 
 5.15000e+01  2.55600e-05 
 5.20000e+01  3.22960e-05 
 5.25000e+01  4.73680e-05 
 5.30000e+01  5.96960e-05 
 5.35000e+01  4.87920e-05 
 5.40000e+01  5.57680e-05 
 5.45000e+01  8.00720e-05 
 5.50000e+01  7.37280e-05 
 5.55000e+01  8.00560e-05 
 5.60000e+01  7.21040e-05 
 5.65000e+01  7.92720e-05 
 5.70000e+01  9.32480e-05 
 5.75000e+01  8.67760e-05 
 5.80000e+01  1.05072e-04 
 5.85000e+01  9.93440e-05 
 5.90000e+01  8.59920e-05 
 5.95000e+01  1.16312e-04 
 6.00000e+01  1.21280e-04 
 6.05000e+01  9.65040e-05 
 6.10000e+01  9.29200e-05 
 6.15000e+01  1.23888e-04 
 6.20000e+01  1.85424e-04 
 6.25000e+01  1.46360e-04 
 6.30000e+01  1.80648e-04 
 6.35000e+01  2.19352e-04 
 6.40000e+01  2.12008e-04 
 6.45000e+01  2.11768e-04 
 6.50000e+01  2.20016e-04 
 6.55000e+01  2.50080e-04 
 6.60000e+01  2.32872e-04 
 6.65000e+01  2.41784e-04 
 6.70000e+01  2.36344e-04 
 6.75000e+01  2.47528e-04 
 6.80000e+01  2.66888e-04 
 6.85000e+01  2.34808e-04 
 6.90000e+01  2.13664e-04 
 6.95000e+01  2.56072e-04 
 7.00000e+01  3.42760e-04 
 7.05000e+01  3.26408e-04 
 7.10000e+01  3.51320e-04 
 7.15000e+01  3.26016e-04 
 7.20000e+01  3.25192e-04 
 7.25000e+01  3.01192e-04 
 7.30000e+01  3.30376e-04 
 7.35000e+01  3.13608e-04 
 7.40000e+01  3.55928e-04 
 7.45000e+01  3.32232e-04 
 7.50000e+01  3.51280e-04 
 7.55000e+01  3.51376e-04 
 7.60000e+01  4.12936e-04 
 7.65000e+01  4.38344e-04 
 7.70000e+01  4.09264e-04 
 7.75000e+01  3.88232e-04 
 7.80000e+01  3.80280e-04 
 7.85000e+01  3.91728e-04 
 7.90000e+01  4.58280e-04 
 7.95000e+01  4.70736e-04 
 8.00000e+01  4.27880e-04 
 8.05000e+01  4.50936e-04 
 8.10000e+01  4.55856e-04 
 8.15000e+01  4.66352e-04 
 8.20000e+01  5.01624e-04 
 8.25000e+01  4.90288e-04 
 8.30000e+01  4.90856e-04 
 8.35000e+01  4.67224e-04 
 8.40000e+01  4.77152e-04 
 8.45000e+01  5.59552e-04 
 8.50000e+01  5.97512e-04 
 8.55000e+01  6.10264e-04 
 8.60000e+01  5.82576e-04 
 8.65000e+01  6.17448e-04 
 8.70000e+01  5.95392e-04 
 8.75000e+01  6.19008e-04 
 8.80000e+01  6.29536e-04 
 8.85000e+01  7.39352e-04 
 8.90000e+01  6.94200e-04 
 8.95000e+01  7.00688e-04 
 9.00000e+01  7.18176e-04 
 9.05000e+01  7.27304e-04 
 9.10000e+01  7.42760e-04 
 9.15000e+01  8.07256e-04 
 9.20000e+01  7.21968e-04 
 9.25000e+01  7.15792e-04 
 9.30000e+01  8.25416e-04 
 9.35000e+01  8.36120e-04 
 9.40000e+01  9.10272e-04 
 9.45000e+01  9.82016e-04 
 9.50000e+01  1.07771e-03 
 9.55000e+01  1.10260e-03 
 9.60000e+01  1.22862e-03 
 9.65000e+01  1.16623e-03 
 9.70000e+01  1.32116e-03 
 9.75000e+01  1.36213e-03 
 9.80000e+01  1.41164e-03 
 9.85000e+01  1.48390e-03 
 9.90000e+01  1.53967e-03 
 9.95000e+01  1.81294e-03 
 1.00000e+02  1.76594e-03 
 1.00500e+02  1.92145e-03 
 1.01000e+02  2.10116e-03 
 1.01500e+02  2.08664e-03 
 1.02000e+02  2.11748e-03 
 1.02500e+02  2.21736e-03 
 1.03000e+02  2.38578e-03 
 1.03500e+02  2.53020e-03 
 1.04000e+02  2.89980e-03 
 1.04500e+02  3.20210e-03 
 1.05000e+02  3.23939e-03 
 1.05500e+02  3.31138e-03 
 1.06000e+02  3.70750e-03 
 1.06500e+02  3.55367e-03 
 1.07000e+02  3.78047e-03 
 1.07500e+02  3.69134e-03 
 1.08000e+02  4.23346e-03 
 1.08500e+02  4.06647e-03 
 1.09000e+02  4.34883e-03 
 1.09500e+02  4.43870e-03 
 1.10000e+02  4.77542e-03 
 1.10500e+02  5.04980e-03 
 1.11000e+02  5.13622e-03 
 1.11500e+02  5.41022e-03 
 1.12000e+02  5.53251e-03 
 1.12500e+02  5.33647e-03 
 1.13000e+02  5.39577e-03 
 1.13500e+02  5.21049e-03 
 1.14000e+02  5.63489e-03 
 1.14500e+02  6.02268e-03 
 1.15000e+02  5.94588e-03 
 1.15500e+02  6.29896e-03 
 1.16000e+02  6.42611e-03 
 1.16500e+02  6.68863e-03 
 1.17000e+02  6.81466e-03 
 1.17500e+02  7.22497e-03 
 1.18000e+02  7.19298e-03 
 1.18500e+02  7.30831e-03 
 1.19000e+02  7.44314e-03 
 1.19500e+02  7.06075e-03 
 1.20000e+02  7.58521e-03 
 1.20500e+02  7.40738e-03 
 1.21000e+02  7.99091e-03 
 1.21500e+02  8.03290e-03 
 1.22000e+02  8.04795e-03 
 1.22500e+02  8.25931e-03 
 1.23000e+02  8.25554e-03 
 1.23500e+02  8.58806e-03 
 1.24000e+02  8.39826e-03 
 1.24500e+02  8.75516e-03 
 1.25000e+02  9.02939e-03 
 1.25500e+02  8.48985e-03 
 1.26000e+02  8.74965e-03 
 1.26500e+02  8.73265e-03 
 1.27000e+02  8.43241e-03 
 1.27500e+02  8.74146e-03 
 1.28000e+02  8.64085e-03 
 1.28500e+02  8.50882e-03 
 1.29000e+02  8.49627e-03 
 1.29500e+02  8.73500e-03 
 1.30000e+02  9.42317e-03 
 1.30500e+02  9.70043e-03 
 1.31000e+02  9.66825e-03 
 1.31500e+02  1.00885e-02 
 1.32000e+02  1.02482e-02 
 1.32500e+02  9.95013e-03 
 1.33000e+02  9.73046e-03 
 1.33500e+02  9.77630e-03 
 1.34000e+02  9.91618e-03 
 1.34500e+02  9.77080e-03 
 1.35000e+02  1.00660e-02 
 1.35500e+02  1.01120e-02 
 1.36000e+02  1.00301e-02 
 1.36500e+02  1.02608e-02 
 1.37000e+02  9.92712e-03 
 1.37500e+02  9.65582e-03 
 1.38000e+02  9.86127e-03 
 1.38500e+02  9.76946e-03 
 1.39000e+02  9.66281e-03 
 1.39500e+02  9.95986e-03 
 1.40000e+02  1.02476e-02 
 1.40500e+02  1.03488e-02 
 1.41000e+02  1.04243e-02 
 1.41500e+02  1.10345e-02 
 1.42000e+02  1.07672e-02 
 1.42500e+02  1.06160e-02 
 1.43000e+02  1.02100e-02 
 1.43500e+02  9.96986e-03 
 1.44000e+02  1.00745e-02 
 1.44500e+02  9.98358e-03 
 1.45000e+02  1.01012e-02 
 1.45500e+02  1.05753e-02 
 1.46000e+02  1.05749e-02 
 1.46500e+02  1.04774e-02 
 1.47000e+02  1.06219e-02 
 1.47500e+02  1.04997e-02 
 1.48000e+02  1.01701e-02 
 1.48500e+02  1.04908e-02 
 1.49000e+02  1.00016e-02 
 1.49500e+02  1.00184e-02 
 1.50000e+02  9.96779e-03 
 1.50500e+02  1.02168e-02 
 1.51000e+02  1.04005e-02 
 1.51500e+02  1.04854e-02 
 1.52000e+02  1.00275e-02 
 1.52500e+02  9.72226e-03 
 1.53000e+02  9.40858e-03 
 1.53500e+02  9.73349e-03 
 1.54000e+02  9.80852e-03 
 1.54500e+02  9.85963e-03 
 1.55000e+02  9.65417e-03 
 1.55500e+02  1.00452e-02 
 1.56000e+02  1.02011e-02 
 1.56500e+02  1.04552e-02 
 1.57000e+02  1.06176e-02 
 1.57500e+02  1.02865e-02 
 1.58000e+02  9.99156e-03 
 1.58500e+02  9.78516e-03 
 1.59000e+02  9.61667e-03 
 1.59500e+02  9.57046e-03 
 1.60000e+02  9.39670e-03 
 1.60500e+02  9.80135e-03 
 1.61000e+02  9.67804e-03 
 1.61500e+02  9.81478e-03 
 1.62000e+02  1.03341e-02 
 1.62500e+02  9.68114e-03 
 1.63000e+02  9.68652e-03 
 1.63500e+02  9.36398e-03 
 1.64000e+02  9.31896e-03 
 1.64500e+02  9.57823e-03 
 1.65000e+02  9.13902e-03 
 1.65500e+02  9.35451e-03 
 1.66000e+02  9.74170e-03 
 1.66500e+02  9.65700e-03 
 1.67000e+02  9.92666e-03 
 1.67500e+02  9.59857e-03 
 1.68000e+02  9.32454e-03 
 1.68500e+02  9.05600e-03 
 1.69000e+02  8.78906e-03 
 1.69500e+02  9.23398e-03 
 1.70000e+02  9.02628e-03 
 1.70500e+02  8.85906e-03 
 1.71000e+02  9.55416e-03 
 1.71500e+02  9.92077e-03 
 1.72000e+02  9.96968e-03 
 1.72500e+02  9.38446e-03 
 1.73000e+02  9.42621e-03 
 1.73500e+02  9.29712e-03 
 1.74000e+02  9.59507e-03 
 1.74500e+02  9.24194e-03 
 1.75000e+02  9.12856e-03 
 1.75500e+02  8.94307e-03 
 1.76000e+02  9.17922e-03 
 1.76500e+02  9.31207e-03 
 1.77000e+02  9.37189e-03 
 1.77500e+02  9.27014e-03 
 1.78000e+02  9.71354e-03 
 1.78500e+02  9.21983e-03 
 1.79000e+02  9.23178e-03 
 1.79500e+02  9.22322e-03 
 1.80000e+02  8.76094e-03 
 1.80500e+02  8.94189e-03 
 1.81000e+02  9.01337e-03 
 1.81500e+02  9.13870e-03 
 1.82000e+02  9.14766e-03 
 1.82500e+02  8.91500e-03 
 1.83000e+02  8.99492e-03 
 1.83500e+02  8.57435e-03 
 1.84000e+02  8.66938e-03 
 1.84500e+02  8.72635e-03 
 1.85000e+02  8.45482e-03 
 1.85500e+02  8.32163e-03 
 1.86000e+02  7.94623e-03 
 1.86500e+02  8.19296e-03 
 1.87000e+02  7.80218e-03 
 1.87500e+02  7.97533e-03 
 1.88000e+02  8.26204e-03 
 1.88500e+02  8.02178e-03 
 1.89000e+02  8.00951e-03 
 1.89500e+02  7.94655e-03 
 1.90000e+02  7.69359e-03 
 1.90500e+02  7.38657e-03 
 1.91000e+02  6.93959e-03 
 1.91500e+02  6.95499e-03 
 1.92000e+02  7.20948e-03 
 1.92500e+02  7.05200e-03 
 1.93000e+02  6.84077e-03 
 1.93500e+02  6.92262e-03 
 1.94000e+02  6.79433e-03 
 1.94500e+02  6.49429e-03 
 1.95000e+02  6.47095e-03 
 1.95500e+02  6.19608e-03 
 1.96000e+02  6.18814e-03 
 1.96500e+02  5.82669e-03 
 1.97000e+02  5.23660e-03 
 1.97500e+02  5.64201e-03 
 1.98000e+02  5.19500e-03 
 1.98500e+02  5.21162e-03 
 1.99000e+02  5.25115e-03 
 1.99500e+02  5.00254e-03 
 2.00000e+02  5.19670e-03 
 2.00500e+02  5.37034e-03 
 2.01000e+02  5.13738e-03 
 2.01500e+02  4.94654e-03 
 2.02000e+02  4.81066e-03 
 2.02500e+02  4.82138e-03 
 2.03000e+02  4.49761e-03 
 2.03500e+02  4.29638e-03 
 2.04000e+02  4.12343e-03 
 2.04500e+02  3.91946e-03 
 2.05000e+02  3.94840e-03 
 2.05500e+02  3.94628e-03 
 2.06000e+02  3.65046e-03 
 2.06500e+02  3.78596e-03 
 2.07000e+02  3.87164e-03 
 2.07500e+02  3.78027e-03 
 2.08000e+02  3.58398e-03 
 2.08500e+02  3.24808e-03 
 2.09000e+02  2.79112e-03 
 2.09500e+02  2.63250e-03 
 2.10000e+02  2.65979e-03 
 2.10500e+02  2.55199e-03 
 2.11000e+02  2.34918e-03 
 2.11500e+02  2.28086e-03 
 2.12000e+02  2.12116e-03 
 2.12500e+02  2.08421e-03 
 2.13000e+02  1.97876e-03 
 2.13500e+02  1.89582e-03 
 2.14000e+02  1.64319e-03 
 2.14500e+02  1.51706e-03 
 2.15000e+02  1.50060e-03 
 2.15500e+02  1.50373e-03 
 2.16000e+02  1.45663e-03 
 2.16500e+02  1.42238e-03 
 2.17000e+02  1.43754e-03 
 2.17500e+02  1.40636e-03 
 2.18000e+02  1.34350e-03 
 2.18500e+02  1.26983e-03 
 2.19000e+02  1.21418e-03 
 2.19500e+02  1.14449e-03 
 2.20000e+02  1.14974e-03 
 2.20500e+02  1.19898e-03 
 2.21000e+02  1.10636e-03 
 2.21500e+02  1.07006e-03 
 2.22000e+02  9.23480e-04 
 2.22500e+02  8.53208e-04 
 2.23000e+02  8.20960e-04 
 2.23500e+02  8.69504e-04 
 2.24000e+02  8.24560e-04 
 2.24500e+02  8.94768e-04 
 2.25000e+02  7.53304e-04 
 2.25500e+02  7.44352e-04 
 2.26000e+02  7.47840e-04 
 2.26500e+02  7.51576e-04 
 2.27000e+02  7.61616e-04 
 2.27500e+02  7.62000e-04 
 2.28000e+02  6.78816e-04 
 2.28500e+02  6.36384e-04 
 2.29000e+02  6.86608e-04 
 2.29500e+02  6.96168e-04 
 2.30000e+02  6.84568e-04 
 2.30500e+02  6.42888e-04 
 2.31000e+02  6.42232e-04 
 2.31500e+02  6.32920e-04 
 2.32000e+02  5.86392e-04 
 2.32500e+02  6.02304e-04 
 2.33000e+02  5.60216e-04 
 2.33500e+02  5.44824e-04 
 2.34000e+02  4.91576e-04 
 2.34500e+02  4.97440e-04 
 2.35000e+02  5.03904e-04 
 2.35500e+02  4.87976e-04 
 2.36000e+02  5.68856e-04 
 2.36500e+02  4.30440e-04 
 2.37000e+02  4.09408e-04 
 2.37500e+02  4.30712e-04 
 2.38000e+02  4.22648e-04 
 2.38500e+02  4.09024e-04 
 2.39000e+02  4.37584e-04 
 2.39500e+02  4.49384e-04 
 2.40000e+02  4.32968e-04 
 2.40500e+02  3.89360e-04 
 2.41000e+02  3.84472e-04 
 2.41500e+02  3.98136e-04 
 2.42000e+02  4.07760e-04 
 2.42500e+02  3.69888e-04 
 2.43000e+02  3.75112e-04 
 2.43500e+02  3.39576e-04 
 2.44000e+02  3.13224e-04 
 2.44500e+02  3.70328e-04 
 2.45000e+02  3.11016e-04 
 2.45500e+02  3.40104e-04 
 2.46000e+02  3.05544e-04 
 2.46500e+02  3.23280e-04 
 2.47000e+02  2.68976e-04 
 2.47500e+02  2.54288e-04 
 2.48000e+02  2.10848e-04 
 2.48500e+02  2.06624e-04 
 2.49000e+02  2.28352e-04 
 2.49500e+02  2.34368e-04 
 2.50000e+02  2.39896e-04 
 2.50500e+02  2.03736e-04 
 2.51000e+02  1.95336e-04 
 2.51500e+02  2.03992e-04 
 2.52000e+02  1.95960e-04 
 2.52500e+02  1.77776e-04 
 2.53000e+02  1.43672e-04 
 2.53500e+02  1.35808e-04 
 2.54000e+02  1.50000e-04 
 2.54500e+02  1.58952e-04 
 2.55000e+02  1.52624e-04 
 2.55500e+02  1.27216e-04 
 2.56000e+02  1.02024e-04 
 2.56500e+02  1.09968e-04 
 2.57000e+02  1.06808e-04 
 2.57500e+02  6.71680e-05 
 2.58000e+02  6.99600e-05 
 2.58500e+02  7.47840e-05 
 2.59000e+02  7.71360e-05 
 2.59500e+02  6.92960e-05 
 2.60000e+02  7.14080e-05 
 2.60500e+02  6.68400e-05 
 2.61000e+02  5.81440e-05 
 2.61500e+02  4.24240e-05 
 2.62000e+02  3.69600e-05 
 2.62500e+02  2.94240e-05 
 2.63000e+02  2.89120e-05 
 2.63500e+02  2.44880e-05 
 2.64000e+02  2.08880e-05 
 2.64500e+02  2.52480e-05 
 2.65000e+02  2.56560e-05 
 2.65500e+02  3.33760e-05 
 2.66000e+02  2.55520e-05 
 2.66500e+02  2.64560e-05 
 2.67000e+02  2.32640e-05 
 2.67500e+02  2.63760e-05 
 2.68000e+02  3.60880e-05 
 2.68500e+02  1.67600e-05 
 2.69000e+02  2.44240e-05 
 2.69500e+02  1.77600e-05 
 2.70000e+02  1.49840e-05 
 2.70500e+02  1.38160e-05 
 2.71000e+02  1.55120e-05 
 2.71500e+02  8.76800e-06 
 2.72000e+02  7.40800e-06 
 2.72500e+02  8.65600e-06 
 2.73000e+02  1.05440e-05 
 2.73500e+02  9.48800e-06 
 2.74000e+02  9.16800e-06 
 2.74500e+02  1.13840e-05 
 2.75000e+02  5.25600e-06 
 2.75500e+02  5.44800e-06 
 2.76000e+02  5.16800e-06 
 2.76500e+02  3.72000e-06 
 2.77000e+02  1.16000e-06 
 2.77500e+02  1.17600e-06 
 2.78000e+02  1.24800e-06 
 2.78500e+02  1.29600e-06 
 2.79000e+02  1.33600e-06 
 2.79500e+02  1.47200e-06 
 2.80000e+02  1.52000e-06 
 2.80500e+02  1.75200e-06 
 2.81000e+02  2.05600e-06 
 2.81500e+02  4.72800e-06 
 2.82000e+02  2.48800e-06 
 2.82500e+02  9.44000e-07 
 2.83000e+02  9.92000e-07 
 2.83500e+02  1.41600e-06 
 2.84000e+02  1.85600e-06 
 2.84500e+02  2.91200e-06 
 2.85000e+02  7.60000e-07 
 2.85500e+02  7.60000e-07 
 2.86000e+02  8.40000e-07 
 2.86500e+02  4.80000e-07 
 2.87000e+02  5.28000e-07 
 2.87500e+02  5.36000e-07 
 2.88000e+02  5.60000e-07 
 2.88500e+02  5.92000e-07 
 2.89000e+02  6.88000e-07 
 2.89500e+02  7.44000e-07 
 2.90000e+02  1.03200e-06 
 2.90500e+02  1.93600e-06 
 2.91000e+02  4.56000e-07 
 2.91500e+02  4.88000e-07 
 2.92000e+02  6.32000e-07 
 2.92500e+02  2.56000e-07 
 2.93000e+02  1.36000e-07 
 2.93500e+02  1.52000e-07 
 2.94000e+02  1.60000e-07 
 2.94500e+02  1.68000e-07 
 2.95000e+02  1.76000e-07 
 2.95500e+02  1.68000e-07 
 2.96000e+02  1.92000e-07 
 2.96500e+02  2.08000e-07 
 2.97000e+02  2.40000e-07 
 2.97500e+02  2.40000e-07 
 2.98000e+02  2.64000e-07 
 2.98500e+02  3.60000e-07 
 2.99000e+02  4.08000e-07 
 2.99500e+02  1.25600e-06 
 3.00000e+02  6.08000e-07 
 3.00500e+02  8.48000e-07 
 3.01000e+02  4.16000e-07 
 3.01500e+02  0.00000e+00 
 3.02000e+02  0.00000e+00 
 3.02500e+02  0.00000e+00 
 3.03000e+02  0.00000e+00 
 3.03500e+02  0.00000e+00 
 3.04000e+02  0.00000e+00 
 3.04500e+02  0.00000e+00 
 3.05000e+02  0.00000e+00 
 3.05500e+02  0.00000e+00 
 3.06000e+02  0.00000e+00 
 3.06500e+02  0.00000e+00 
 3.07000e+02  0.00000e+00 
 3.07500e+02  0.00000e+00 
 3.08000e+02  0.00000e+00 
 3.08500e+02  0.00000e+00 
 3.09000e+02  0.00000e+00 
 3.09500e+02  0.00000e+00 
 3.10000e+02  0.00000e+00 
 3.10500e+02  0.00000e+00 
 3.11000e+02  0.00000e+00 
 3.11500e+02  0.00000e+00 
 3.12000e+02  0.00000e+00 
 3.12500e+02  0.00000e+00 
 3.13000e+02  0.00000e+00 
 3.13500e+02  0.00000e+00 
 3.14000e+02  0.00000e+00 
 3.14500e+02  0.00000e+00 
 3.15000e+02  0.00000e+00 
 3.15500e+02  0.00000e+00 
 3.16000e+02  0.00000e+00 
 3.16500e+02  0.00000e+00 
 3.17000e+02  0.00000e+00 
 3.17500e+02  0.00000e+00 
 3.18000e+02  0.00000e+00 
 3.18500e+02  0.00000e+00 
 3.19000e+02  0.00000e+00 
 3.19500e+02  0.00000e+00 
