 0.00000e+00  0.00000e+00 
 5.00000e-01  0.00000e+00 
 1.00000e+00  0.00000e+00 
 1.50000e+00  0.00000e+00 
 2.00000e+00  0.00000e+00 
 2.50000e+00  0.00000e+00 
 3.00000e+00  0.00000e+00 
 3.50000e+00  0.00000e+00 
 4.00000e+00  0.00000e+00 
 4.50000e+00  0.00000e+00 
 5.00000e+00  0.00000e+00 
 5.50000e+00  0.00000e+00 
 6.00000e+00  0.00000e+00 
 6.50000e+00  0.00000e+00 
 7.00000e+00  0.00000e+00 
 7.50000e+00  0.00000e+00 
 8.00000e+00  0.00000e+00 
 8.50000e+00  0.00000e+00 
 9.00000e+00  0.00000e+00 
 9.50000e+00  0.00000e+00 
 1.00000e+01  0.00000e+00 
 1.05000e+01  0.00000e+00 
 1.10000e+01  0.00000e+00 
 1.15000e+01  0.00000e+00 
 1.20000e+01  0.00000e+00 
 1.25000e+01  0.00000e+00 
 1.30000e+01  0.00000e+00 
 1.35000e+01  0.00000e+00 
 1.40000e+01  0.00000e+00 
 1.45000e+01  0.00000e+00 
 1.50000e+01  0.00000e+00 
 1.55000e+01  0.00000e+00 
 1.60000e+01  0.00000e+00 
 1.65000e+01  0.00000e+00 
 1.70000e+01  9.52000e-07 
 1.75000e+01  6.80000e-07 
 1.80000e+01  1.05600e-06 
 1.85000e+01  7.20000e-07 
 1.90000e+01  5.60000e-07 
 1.95000e+01  4.72000e-07 
 2.00000e+01  4.40000e-07 
 2.05000e+01  4.16000e-07 
 2.10000e+01  3.68000e-07 
 2.15000e+01  3.52000e-07 
 2.20000e+01  3.36000e-07 
 2.25000e+01  3.12000e-07 
 2.30000e+01  3.12000e-07 
 2.35000e+01  2.88000e-07 
 2.40000e+01  2.80000e-07 
 2.45000e+01  3.36000e-07 
 2.50000e+01  4.08000e-07 
 2.55000e+01  3.92000e-07 
 2.60000e+01  3.84000e-07 
 2.65000e+01  3.68000e-07 
 2.70000e+01  1.45600e-06 
 2.75000e+01  1.80000e-06 
 2.80000e+01  1.28000e-06 
 2.85000e+01  1.01600e-06 
 2.90000e+01  9.28000e-07 
 2.95000e+01  8.96000e-07 
 3.00000e+01  1.00800e-06 
 3.05000e+01  1.13600e-06 
 3.10000e+01  1.03200e-06 
 3.15000e+01  1.99200e-06 
 3.20000e+01  3.73600e-06 
 3.25000e+01  2.68800e-06 
 3.30000e+01  2.08000e-06 
 3.35000e+01  1.92800e-06 
 3.40000e+01  1.81600e-06 
 3.45000e+01  2.55200e-06 
 3.50000e+01  7.51200e-06 
 3.55000e+01  7.74400e-06 
 3.60000e+01  6.04000e-06 
 3.65000e+01  8.66400e-06 
 3.70000e+01  8.31200e-06 
 3.75000e+01  7.80000e-06 
 3.80000e+01  8.45600e-06 
 3.85000e+01  9.42400e-06 
 3.90000e+01  1.04240e-05 
 3.95000e+01  1.18160e-05 
 4.00000e+01  1.07600e-05 
 4.05000e+01  1.29440e-05 
 4.10000e+01  1.04560e-05 
 4.15000e+01  9.16800e-06 
 4.20000e+01  1.12800e-05 
 4.25000e+01  1.29120e-05 
 4.30000e+01  2.05200e-05 
 4.35000e+01  1.87360e-05 
 4.40000e+01  2.13920e-05 
 4.45000e+01  2.00160e-05 
 4.50000e+01  1.96640e-05 
 4.55000e+01  2.39360e-05 
 4.60000e+01  2.10240e-05 
 4.65000e+01  2.53120e-05 
 4.70000e+01  2.23200e-05 
 4.75000e+01  2.28720e-05 
 4.80000e+01  2.31840e-05 
 4.85000e+01  3.17280e-05 
 4.90000e+01  2.34640e-05 
 4.95000e+01  2.08640e-05 
 5.00000e+01  3.05280e-05 
 5.05000e+01  2.34640e-05 
 5.10000e+01  2.21440e-05 
 5.15000e+01  3.05680e-05 
 5.20000e+01  4.09200e-05 
 5.25000e+01  4.35280e-05 
 5.30000e+01  4.95680e-05 
 5.35000e+01  4.66560e-05 
 5.40000e+01  5.57760e-05 
 5.45000e+01  6.73760e-05 
 5.50000e+01  5.68800e-05 
 5.55000e+01  5.80400e-05 
 5.60000e+01  6.20560e-05 
 5.65000e+01  6.25120e-05 
 5.70000e+01  7.04160e-05 
 5.75000e+01  9.89440e-05 
 5.80000e+01  1.22904e-04 
 5.85000e+01  1.38680e-04 
 5.90000e+01  1.58456e-04 
 5.95000e+01  1.33424e-04 
 6.00000e+01  1.53416e-04 
 6.05000e+01  2.14480e-04 
 6.10000e+01  1.96632e-04 
 6.15000e+01  1.97624e-04 
 6.20000e+01  1.72336e-04 
 6.25000e+01  1.57088e-04 
 6.30000e+01  1.55808e-04 
 6.35000e+01  1.62112e-04 
 6.40000e+01  1.73992e-04 
 6.45000e+01  2.13176e-04 
 6.50000e+01  2.24368e-04 
 6.55000e+01  2.50184e-04 
 6.60000e+01  2.78472e-04 
 6.65000e+01  3.11328e-04 
 6.70000e+01  2.91896e-04 
 6.75000e+01  2.67208e-04 
 6.80000e+01  2.60384e-04 
 6.85000e+01  3.05064e-04 
 6.90000e+01  2.93144e-04 
 6.95000e+01  2.90208e-04 
 7.00000e+01  2.85320e-04 
 7.05000e+01  2.96216e-04 
 7.10000e+01  3.32896e-04 
 7.15000e+01  3.95936e-04 
 7.20000e+01  4.00160e-04 
 7.25000e+01  3.85888e-04 
 7.30000e+01  4.01032e-04 
 7.35000e+01  4.19952e-04 
 7.40000e+01  4.05888e-04 
 7.45000e+01  4.61728e-04 
 7.50000e+01  4.92872e-04 
 7.55000e+01  4.79168e-04 
 7.60000e+01  4.62592e-04 
 7.65000e+01  4.71664e-04 
 7.70000e+01  5.50744e-04 
 7.75000e+01  5.41384e-04 
 7.80000e+01  5.47448e-04 
 7.85000e+01  5.52584e-04 
 7.90000e+01  5.55432e-04 
 7.95000e+01  6.02256e-04 
 8.00000e+01  5.87160e-04 
 8.05000e+01  6.64016e-04 
 8.10000e+01  6.46048e-04 
 8.15000e+01  6.71576e-04 
 8.20000e+01  6.11712e-04 
 8.25000e+01  6.33192e-04 
 8.30000e+01  7.13840e-04 
 8.35000e+01  6.99464e-04 
 8.40000e+01  6.70568e-04 
 8.45000e+01  6.69712e-04 
 8.50000e+01  6.17760e-04 
 8.55000e+01  7.34848e-04 
 8.60000e+01  7.65552e-04 
 8.65000e+01  7.26160e-04 
 8.70000e+01  8.02152e-04 
 8.75000e+01  8.45728e-04 
 8.80000e+01  8.09800e-04 
 8.85000e+01  8.79256e-04 
 8.90000e+01  8.10960e-04 
 8.95000e+01  7.91376e-04 
 9.00000e+01  9.39280e-04 
 9.05000e+01  9.14416e-04 
 9.10000e+01  9.45464e-04 
 9.15000e+01  1.00904e-03 
 9.20000e+01  1.09230e-03 
 9.25000e+01  9.78464e-04 
 9.30000e+01  9.51912e-04 
 9.35000e+01  1.02631e-03 
 9.40000e+01  1.01792e-03 
 9.45000e+01  1.15943e-03 
 9.50000e+01  1.27994e-03 
 9.55000e+01  1.12678e-03 
 9.60000e+01  1.19021e-03 
 9.65000e+01  1.23500e-03 
 9.70000e+01  1.27153e-03 
 9.75000e+01  1.43263e-03 
 9.80000e+01  1.49429e-03 
 9.85000e+01  1.55776e-03 
 9.90000e+01  1.64198e-03 
 9.95000e+01  1.73922e-03 
 1.00000e+02  1.92295e-03 
 1.00500e+02  2.24090e-03 
 1.01000e+02  2.47794e-03 
 1.01500e+02  2.42566e-03 
 1.02000e+02  2.61131e-03 
 1.02500e+02  2.87393e-03 
 1.03000e+02  2.94525e-03 
 1.03500e+02  3.00810e-03 
 1.04000e+02  3.08414e-03 
 1.04500e+02  3.13657e-03 
 1.05000e+02  3.57130e-03 
 1.05500e+02  3.72990e-03 
 1.06000e+02  3.58782e-03 
 1.06500e+02  3.93159e-03 
 1.07000e+02  4.19077e-03 
 1.07500e+02  3.92589e-03 
 1.08000e+02  4.07379e-03 
 1.08500e+02  4.15886e-03 
 1.09000e+02  4.35790e-03 
 1.09500e+02  4.98985e-03 
 1.10000e+02  5.24764e-03 
 1.10500e+02  5.23599e-03 
 1.11000e+02  5.65202e-03 
 1.11500e+02  5.57184e-03 
 1.12000e+02  5.85011e-03 
 1.12500e+02  5.88012e-03 
 1.13000e+02  6.06570e-03 
 1.13500e+02  5.99530e-03 
 1.14000e+02  6.29548e-03 
 1.14500e+02  6.34974e-03 
 1.15000e+02  6.29491e-03 
 1.15500e+02  6.69249e-03 
 1.16000e+02  6.27378e-03 
 1.16500e+02  6.50205e-03 
 1.17000e+02  6.73618e-03 
 1.17500e+02  7.09014e-03 
 1.18000e+02  6.58086e-03 
 1.18500e+02  7.03671e-03 
 1.19000e+02  7.15381e-03 
 1.19500e+02  7.14065e-03 
 1.20000e+02  7.27283e-03 
 1.20500e+02  7.32069e-03 
 1.21000e+02  7.11392e-03 
 1.21500e+02  7.49272e-03 
 1.22000e+02  7.79066e-03 
 1.22500e+02  8.17944e-03 
 1.23000e+02  8.51368e-03 
 1.23500e+02  8.22731e-03 
 1.24000e+02  8.35093e-03 
 1.24500e+02  8.07414e-03 
 1.25000e+02  8.04458e-03 
 1.25500e+02  8.44225e-03 
 1.26000e+02  8.69142e-03 
 1.26500e+02  8.51530e-03 
 1.27000e+02  8.73125e-03 
 1.27500e+02  8.48090e-03 
 1.28000e+02  8.62505e-03 
 1.28500e+02  8.96182e-03 
 1.29000e+02  8.91737e-03 
 1.29500e+02  8.92853e-03 
 1.30000e+02  9.13614e-03 
 1.30500e+02  9.13677e-03 
 1.31000e+02  8.97972e-03 
 1.31500e+02  8.95062e-03 
 1.32000e+02  8.87568e-03 
 1.32500e+02  9.24959e-03 
 1.33000e+02  9.17356e-03 
 1.33500e+02  9.01803e-03 
 1.34000e+02  9.88470e-03 
 1.34500e+02  9.96184e-03 
 1.35000e+02  9.82754e-03 
 1.35500e+02  9.43757e-03 
 1.36000e+02  9.30956e-03 
 1.36500e+02  9.39463e-03 
 1.37000e+02  9.53834e-03 
 1.37500e+02  9.68640e-03 
 1.38000e+02  9.86072e-03 
 1.38500e+02  9.91154e-03 
 1.39000e+02  1.01646e-02 
 1.39500e+02  1.02726e-02 
 1.40000e+02  9.96482e-03 
 1.40500e+02  9.82143e-03 
 1.41000e+02  9.94758e-03 
 1.41500e+02  9.87486e-03 
 1.42000e+02  1.02582e-02 
 1.42500e+02  9.89850e-03 
 1.43000e+02  1.02185e-02 
 1.43500e+02  9.95400e-03 
 1.44000e+02  9.86699e-03 
 1.44500e+02  9.89994e-03 
 1.45000e+02  9.92520e-03 
 1.45500e+02  1.01943e-02 
 1.46000e+02  1.03081e-02 
 1.46500e+02  1.05065e-02 
 1.47000e+02  1.04205e-02 
 1.47500e+02  9.99202e-03 
 1.48000e+02  9.71000e-03 
 1.48500e+02  9.58732e-03 
 1.49000e+02  9.76504e-03 
 1.49500e+02  9.76681e-03 
 1.50000e+02  9.88278e-03 
 1.50500e+02  1.02725e-02 
 1.51000e+02  1.03554e-02 
 1.51500e+02  1.04694e-02 
 1.52000e+02  1.03253e-02 
 1.52500e+02  1.02424e-02 
 1.53000e+02  1.00676e-02 
 1.53500e+02  1.03613e-02 
 1.54000e+02  1.05267e-02 
 1.54500e+02  1.06629e-02 
 1.55000e+02  1.03512e-02 
 1.55500e+02  1.04716e-02 
 1.56000e+02  1.08194e-02 
 1.56500e+02  1.05806e-02 
 1.57000e+02  1.02647e-02 
 1.57500e+02  1.04624e-02 
 1.58000e+02  1.02656e-02 
 1.58500e+02  1.03463e-02 
 1.59000e+02  1.04979e-02 
 1.59500e+02  9.69382e-03 
 1.60000e+02  1.00775e-02 
 1.60500e+02  9.89973e-03 
 1.61000e+02  9.77138e-03 
 1.61500e+02  1.00143e-02 
 1.62000e+02  9.95606e-03 
 1.62500e+02  9.59310e-03 
 1.63000e+02  9.58194e-03 
 1.63500e+02  9.46558e-03 
 1.64000e+02  9.86286e-03 
 1.64500e+02  9.73280e-03 
 1.65000e+02  9.45839e-03 
 1.65500e+02  9.13330e-03 
 1.66000e+02  9.30562e-03 
 1.66500e+02  9.39114e-03 
 1.67000e+02  9.92065e-03 
 1.67500e+02  1.00268e-02 
 1.68000e+02  9.69073e-03 
 1.68500e+02  1.00258e-02 
 1.69000e+02  1.00261e-02 
 1.69500e+02  1.01667e-02 
 1.70000e+02  1.02722e-02 
 1.70500e+02  1.01838e-02 
 1.71000e+02  1.01432e-02 
 1.71500e+02  9.85804e-03 
 1.72000e+02  9.67204e-03 
 1.72500e+02  9.14539e-03 
 1.73000e+02  9.83695e-03 
 1.73500e+02  9.74456e-03 
 1.74000e+02  9.96592e-03 
 1.74500e+02  9.31398e-03 
 1.75000e+02  9.47006e-03 
 1.75500e+02  9.41866e-03 
 1.76000e+02  9.19754e-03 
 1.76500e+02  9.41198e-03 
 1.77000e+02  9.61414e-03 
 1.77500e+02  9.22570e-03 
 1.78000e+02  9.61755e-03 
 1.78500e+02  9.30764e-03 
 1.79000e+02  9.27610e-03 
 1.79500e+02  8.79573e-03 
 1.80000e+02  8.49071e-03 
 1.80500e+02  8.84937e-03 
 1.81000e+02  8.62345e-03 
 1.81500e+02  7.85784e-03 
 1.82000e+02  7.87334e-03 
 1.82500e+02  8.20418e-03 
 1.83000e+02  8.01905e-03 
 1.83500e+02  7.98244e-03 
 1.84000e+02  8.14346e-03 
 1.84500e+02  8.37581e-03 
 1.85000e+02  8.25758e-03 
 1.85500e+02  7.68383e-03 
 1.86000e+02  7.43754e-03 
 1.86500e+02  7.73050e-03 
 1.87000e+02  7.79905e-03 
 1.87500e+02  7.65769e-03 
 1.88000e+02  7.88799e-03 
 1.88500e+02  7.91302e-03 
 1.89000e+02  7.82106e-03 
 1.89500e+02  7.62566e-03 
 1.90000e+02  7.70728e-03 
 1.90500e+02  7.23475e-03 
 1.91000e+02  7.30773e-03 
 1.91500e+02  7.05125e-03 
 1.92000e+02  6.58198e-03 
 1.92500e+02  6.71928e-03 
 1.93000e+02  6.61989e-03 
 1.93500e+02  6.25824e-03 
 1.94000e+02  6.09430e-03 
 1.94500e+02  5.79275e-03 
 1.95000e+02  5.59590e-03 
 1.95500e+02  5.63255e-03 
 1.96000e+02  5.37138e-03 
 1.96500e+02  5.60175e-03 
 1.97000e+02  5.22528e-03 
 1.97500e+02  5.14199e-03 
 1.98000e+02  5.20502e-03 
 1.98500e+02  5.20394e-03 
 1.99000e+02  5.33310e-03 
 1.99500e+02  5.15418e-03 
 2.00000e+02  5.24133e-03 
 2.00500e+02  5.14993e-03 
 2.01000e+02  5.23874e-03 
 2.01500e+02  5.04881e-03 
 2.02000e+02  5.04244e-03 
 2.02500e+02  4.65970e-03 
 2.03000e+02  4.52658e-03 
 2.03500e+02  4.28093e-03 
 2.04000e+02  4.23479e-03 
 2.04500e+02  4.02429e-03 
 2.05000e+02  3.83183e-03 
 2.05500e+02  3.68070e-03 
 2.06000e+02  3.83689e-03 
 2.06500e+02  3.65834e-03 
 2.07000e+02  3.69252e-03 
 2.07500e+02  3.46606e-03 
 2.08000e+02  3.26732e-03 
 2.08500e+02  3.16230e-03 
 2.09000e+02  3.24839e-03 
 2.09500e+02  3.14621e-03 
 2.10000e+02  3.05634e-03 
 2.10500e+02  3.15167e-03 
 2.11000e+02  2.74668e-03 
 2.11500e+02  2.63334e-03 
 2.12000e+02  2.47656e-03 
 2.12500e+02  2.31456e-03 
 2.13000e+02  2.22200e-03 
 2.13500e+02  2.00744e-03 
 2.14000e+02  1.90826e-03 
 2.14500e+02  1.61542e-03 
 2.15000e+02  1.54622e-03 
 2.15500e+02  1.58614e-03 
 2.16000e+02  1.47594e-03 
 2.16500e+02  1.48642e-03 
 2.17000e+02  1.41491e-03 
 2.17500e+02  1.40939e-03 
 2.18000e+02  1.31674e-03 
 2.18500e+02  1.31786e-03 
 2.19000e+02  1.24678e-03 
 2.19500e+02  1.22686e-03 
 2.20000e+02  1.09126e-03 
 2.20500e+02  1.14169e-03 
 2.21000e+02  1.01422e-03 
 2.21500e+02  1.06030e-03 
 2.22000e+02  9.28816e-04 
 2.22500e+02  8.38904e-04 
 2.23000e+02  9.30200e-04 
 2.23500e+02  8.83528e-04 
 2.24000e+02  8.29824e-04 
 2.24500e+02  8.06984e-04 
 2.25000e+02  7.69864e-04 
 2.25500e+02  7.53888e-04 
 2.26000e+02  6.97008e-04 
 2.26500e+02  6.73744e-04 
 2.27000e+02  6.57240e-04 
 2.27500e+02  7.13040e-04 
 2.28000e+02  7.11152e-04 
 2.28500e+02  6.90144e-04 
 2.29000e+02  6.41632e-04 
 2.29500e+02  6.13520e-04 
 2.30000e+02  6.49152e-04 
 2.30500e+02  6.21896e-04 
 2.31000e+02  5.58536e-04 
 2.31500e+02  5.67304e-04 
 2.32000e+02  6.56080e-04 
 2.32500e+02  5.65016e-04 
 2.33000e+02  5.05904e-04 
 2.33500e+02  5.46160e-04 
 2.34000e+02  5.07816e-04 
 2.34500e+02  4.47224e-04 
 2.35000e+02  4.36504e-04 
 2.35500e+02  4.25592e-04 
 2.36000e+02  4.22864e-04 
 2.36500e+02  4.24336e-04 
 2.37000e+02  4.06136e-04 
 2.37500e+02  4.13304e-04 
 2.38000e+02  4.59744e-04 
 2.38500e+02  4.67728e-04 
 2.39000e+02  4.49736e-04 
 2.39500e+02  4.46784e-04 
 2.40000e+02  3.39456e-04 
 2.40500e+02  3.19808e-04 
 2.41000e+02  3.41096e-04 
 2.41500e+02  3.23416e-04 
 2.42000e+02  2.52784e-04 
 2.42500e+02  2.84512e-04 
 2.43000e+02  2.79472e-04 
 2.43500e+02  3.15232e-04 
 2.44000e+02  2.98336e-04 
 2.44500e+02  2.65336e-04 
 2.45000e+02  2.84744e-04 
 2.45500e+02  3.13648e-04 
 2.46000e+02  2.70992e-04 
 2.46500e+02  2.30920e-04 
 2.47000e+02  2.55592e-04 
 2.47500e+02  2.50104e-04 
 2.48000e+02  2.59984e-04 
 2.48500e+02  1.92384e-04 
 2.49000e+02  1.86408e-04 
 2.49500e+02  2.03192e-04 
 2.50000e+02  1.89728e-04 
 2.50500e+02  1.94096e-04 
 2.51000e+02  1.95272e-04 
 2.51500e+02  2.27520e-04 
 2.52000e+02  1.84368e-04 
 2.52500e+02  1.52632e-04 
 2.53000e+02  1.69568e-04 
 2.53500e+02  1.57792e-04 
 2.54000e+02  1.70984e-04 
 2.54500e+02  1.77648e-04 
 2.55000e+02  1.64488e-04 
 2.55500e+02  1.55880e-04 
 2.56000e+02  1.29488e-04 
 2.56500e+02  9.47760e-05 
 2.57000e+02  9.28000e-05 
 2.57500e+02  1.08352e-04 
 2.58000e+02  9.73120e-05 
 2.58500e+02  9.15920e-05 
 2.59000e+02  7.96480e-05 
 2.59500e+02  7.58080e-05 
 2.60000e+02  6.97920e-05 
 2.60500e+02  7.88320e-05 
 2.61000e+02  5.48080e-05 
 2.61500e+02  4.29600e-05 
 2.62000e+02  3.88240e-05 
 2.62500e+02  4.22080e-05 
 2.63000e+02  4.54720e-05 
 2.63500e+02  5.48160e-05 
 2.64000e+02  4.84640e-05 
 2.64500e+02  3.19440e-05 
 2.65000e+02  2.79280e-05 
 2.65500e+02  1.80880e-05 
 2.66000e+02  1.88720e-05 
 2.66500e+02  2.30560e-05 
 2.67000e+02  2.11280e-05 
 2.67500e+02  2.63040e-05 
 2.68000e+02  2.29600e-05 
 2.68500e+02  1.84400e-05 
 2.69000e+02  1.90480e-05 
 2.69500e+02  2.17360e-05 
 2.70000e+02  2.04240e-05 
 2.70500e+02  1.55360e-05 
 2.71000e+02  1.83440e-05 
 2.71500e+02  2.21280e-05 
 2.72000e+02  2.07120e-05 
 2.72500e+02  1.89040e-05 
 2.73000e+02  1.34800e-05 
 2.73500e+02  1.52560e-05 
 2.74000e+02  7.59200e-06 
 2.74500e+02  1.03680e-05 
 2.75000e+02  9.01600e-06 
 2.75500e+02  1.17600e-05 
 2.76000e+02  7.87200e-06 
 2.76500e+02  8.77600e-06 
 2.77000e+02  1.00720e-05 
 2.77500e+02  8.88800e-06 
 2.78000e+02  8.46400e-06 
 2.78500e+02  1.02320e-05 
 2.79000e+02  7.71200e-06 
 2.79500e+02  7.76800e-06 
 2.80000e+02  8.07200e-06 
 2.80500e+02  6.70400e-06 
 2.81000e+02  3.56800e-06 
 2.81500e+02  2.67200e-06 
 2.82000e+02  3.18400e-06 
 2.82500e+02  4.11200e-06 
 2.83000e+02  3.47200e-06 
 2.83500e+02  3.00000e-06 
 2.84000e+02  8.88000e-07 
 2.84500e+02  9.12000e-07 
 2.85000e+02  1.04800e-06 
 2.85500e+02  1.18400e-06 
 2.86000e+02  1.80800e-06 
 2.86500e+02  6.56000e-07 
 2.87000e+02  6.48000e-07 
 2.87500e+02  6.80000e-07 
 2.88000e+02  7.12000e-07 
 2.88500e+02  7.60000e-07 
 2.89000e+02  7.60000e-07 
 2.89500e+02  8.56000e-07 
 2.90000e+02  9.20000e-07 
 2.90500e+02  9.84000e-07 
 2.91000e+02  1.79200e-06 
 2.91500e+02  1.16000e-06 
 2.92000e+02  1.04000e-06 
 2.92500e+02  1.20800e-06 
 2.93000e+02  1.74400e-06 
 2.93500e+02  1.44000e-06 
 2.94000e+02  3.84000e-07 
 2.94500e+02  4.16000e-07 
 2.95000e+02  4.32000e-07 
 2.95500e+02  4.32000e-07 
 2.96000e+02  5.20000e-07 
 2.96500e+02  6.16000e-07 
 2.97000e+02  6.56000e-07 
 2.97500e+02  6.80000e-07 
 2.98000e+02  7.68000e-07 
 2.98500e+02  8.64000e-07 
 2.99000e+02  4.80000e-07 
 2.99500e+02  4.88000e-07 
 3.00000e+02  5.12000e-07 
 3.00500e+02  6.08000e-07 
 3.01000e+02  6.40000e-07 
 3.01500e+02  7.84000e-07 
 3.02000e+02  1.43200e-06 
 3.02500e+02  3.84000e-07 
 3.03000e+02  4.32000e-07 
 3.03500e+02  4.48000e-07 
 3.04000e+02  5.92000e-07 
 3.04500e+02  3.76000e-07 
 3.05000e+02  1.84000e-07 
 3.05500e+02  1.92000e-07 
 3.06000e+02  2.08000e-07 
 3.06500e+02  2.08000e-07 
 3.07000e+02  2.56000e-07 
 3.07500e+02  3.20000e-07 
 3.08000e+02  3.44000e-07 
 3.08500e+02  4.00000e-07 
 3.09000e+02  0.00000e+00 
 3.09500e+02  0.00000e+00 
 3.10000e+02  0.00000e+00 
 3.10500e+02  0.00000e+00 
 3.11000e+02  0.00000e+00 
 3.11500e+02  0.00000e+00 
 3.12000e+02  0.00000e+00 
 3.12500e+02  0.00000e+00 
 3.13000e+02  0.00000e+00 
 3.13500e+02  0.00000e+00 
 3.14000e+02  0.00000e+00 
 3.14500e+02  0.00000e+00 
 3.15000e+02  0.00000e+00 
 3.15500e+02  0.00000e+00 
 3.16000e+02  0.00000e+00 
 3.16500e+02  0.00000e+00 
 3.17000e+02  0.00000e+00 
 3.17500e+02  0.00000e+00 
 3.18000e+02  0.00000e+00 
 3.18500e+02  0.00000e+00 
 3.19000e+02  0.00000e+00 
 3.19500e+02  0.00000e+00 
