 0.00000e+00  0.00000e+00 
 5.00000e-01  0.00000e+00 
 1.00000e+00  0.00000e+00 
 1.50000e+00  0.00000e+00 
 2.00000e+00  0.00000e+00 
 2.50000e+00  0.00000e+00 
 3.00000e+00  0.00000e+00 
 3.50000e+00  0.00000e+00 
 4.00000e+00  0.00000e+00 
 4.50000e+00  0.00000e+00 
 5.00000e+00  0.00000e+00 
 5.50000e+00  0.00000e+00 
 6.00000e+00  0.00000e+00 
 6.50000e+00  0.00000e+00 
 7.00000e+00  0.00000e+00 
 7.50000e+00  0.00000e+00 
 8.00000e+00  0.00000e+00 
 8.50000e+00  0.00000e+00 
 9.00000e+00  0.00000e+00 
 9.50000e+00  0.00000e+00 
 1.00000e+01  0.00000e+00 
 1.05000e+01  0.00000e+00 
 1.10000e+01  0.00000e+00 
 1.15000e+01  0.00000e+00 
 1.20000e+01  0.00000e+00 
 1.25000e+01  0.00000e+00 
 1.30000e+01  0.00000e+00 
 1.35000e+01  0.00000e+00 
 1.40000e+01  0.00000e+00 
 1.45000e+01  0.00000e+00 
 1.50000e+01  0.00000e+00 
 1.55000e+01  0.00000e+00 
 1.60000e+01  0.00000e+00 
 1.65000e+01  0.00000e+00 
 1.70000e+01  0.00000e+00 
 1.75000e+01  3.44000e-07 
 1.80000e+01  4.72000e-07 
 1.85000e+01  3.92000e-07 
 1.90000e+01  7.52000e-07 
 1.95000e+01  9.44000e-07 
 2.00000e+01  6.40000e-07 
 2.05000e+01  5.20000e-07 
 2.10000e+01  4.80000e-07 
 2.15000e+01  1.45600e-06 
 2.20000e+01  1.49600e-06 
 2.25000e+01  7.36000e-07 
 2.30000e+01  1.22400e-06 
 2.35000e+01  1.60000e-06 
 2.40000e+01  1.31200e-06 
 2.45000e+01  2.28000e-06 
 2.50000e+01  1.50400e-06 
 2.55000e+01  1.37600e-06 
 2.60000e+01  1.21600e-06 
 2.65000e+01  1.08800e-06 
 2.70000e+01  1.04000e-06 
 2.75000e+01  1.02400e-06 
 2.80000e+01  9.44000e-07 
 2.85000e+01  9.20000e-07 
 2.90000e+01  8.72000e-07 
 2.95000e+01  8.56000e-07 
 3.00000e+01  8.40000e-07 
 3.05000e+01  9.76000e-07 
 3.10000e+01  2.05600e-06 
 3.15000e+01  1.28000e-06 
 3.20000e+01  1.13600e-06 
 3.25000e+01  1.04800e-06 
 3.30000e+01  1.36800e-06 
 3.35000e+01  2.81600e-06 
 3.40000e+01  5.65600e-06 
 3.45000e+01  4.82400e-06 
 3.50000e+01  3.68800e-06 
 3.55000e+01  3.33600e-06 
 3.60000e+01  5.78400e-06 
 3.65000e+01  3.96800e-06 
 3.70000e+01  5.47200e-06 
 3.75000e+01  4.27200e-06 
 3.80000e+01  3.93600e-06 
 3.85000e+01  4.48800e-06 
 3.90000e+01  4.69600e-06 
 3.95000e+01  4.41600e-06 
 4.00000e+01  5.24800e-06 
 4.05000e+01  6.01600e-06 
 4.10000e+01  4.62400e-06 
 4.15000e+01  4.21600e-06 
 4.20000e+01  5.83200e-06 
 4.25000e+01  4.73600e-06 
 4.30000e+01  7.29600e-06 
 4.35000e+01  1.23440e-05 
 4.40000e+01  1.43840e-05 
 4.45000e+01  1.36560e-05 
 4.50000e+01  1.83520e-05 
 4.55000e+01  2.51200e-05 
 4.60000e+01  2.31760e-05 
 4.65000e+01  2.21200e-05 
 4.70000e+01  1.72560e-05 
 4.75000e+01  1.79760e-05 
 4.80000e+01  2.14720e-05 
 4.85000e+01  2.19520e-05 
 4.90000e+01  3.58480e-05 
 4.95000e+01  3.63040e-05 
 5.00000e+01  4.61200e-05 
 5.05000e+01  4.21920e-05 
 5.10000e+01  4.92240e-05 
 5.15000e+01  5.54800e-05 
 5.20000e+01  5.90800e-05 
 5.25000e+01  6.49600e-05 
 5.30000e+01  5.56080e-05 
 5.35000e+01  6.23840e-05 
 5.40000e+01  5.52960e-05 
 5.45000e+01  6.98080e-05 
 5.50000e+01  7.33040e-05 
 5.55000e+01  8.84160e-05 
 5.60000e+01  9.62560e-05 
 5.65000e+01  8.37440e-05 
 5.70000e+01  9.21440e-05 
 5.75000e+01  1.28448e-04 
 5.80000e+01  1.22720e-04 
 5.85000e+01  1.07648e-04 
 5.90000e+01  1.30800e-04 
 5.95000e+01  1.60400e-04 
 6.00000e+01  1.79248e-04 
 6.05000e+01  1.61384e-04 
 6.10000e+01  1.92224e-04 
 6.15000e+01  2.00216e-04 
 6.20000e+01  2.05464e-04 
 6.25000e+01  1.99984e-04 
 6.30000e+01  2.04008e-04 
 6.35000e+01  1.92736e-04 
 6.40000e+01  1.88032e-04 
 6.45000e+01  1.95576e-04 
 6.50000e+01  2.34264e-04 
 6.55000e+01  2.49936e-04 
 6.60000e+01  2.46112e-04 
 6.65000e+01  2.22592e-04 
 6.70000e+01  2.22488e-04 
 6.75000e+01  2.36192e-04 
 6.80000e+01  2.30968e-04 
 6.85000e+01  2.46600e-04 
 6.90000e+01  2.53800e-04 
 6.95000e+01  2.81576e-04 
 7.00000e+01  2.67672e-04 
 7.05000e+01  2.83200e-04 
 7.10000e+01  3.15840e-04 
 7.15000e+01  3.27608e-04 
 7.20000e+01  3.06976e-04 
 7.25000e+01  3.08424e-04 
 7.30000e+01  3.21992e-04 
 7.35000e+01  2.94128e-04 
 7.40000e+01  3.22216e-04 
 7.45000e+01  3.75960e-04 
 7.50000e+01  3.35320e-04 
 7.55000e+01  4.09704e-04 
 7.60000e+01  3.91616e-04 
 7.65000e+01  4.50152e-04 
 7.70000e+01  5.04968e-04 
 7.75000e+01  5.40184e-04 
 7.80000e+01  5.43256e-04 
 7.85000e+01  6.47224e-04 
 7.90000e+01  7.28008e-04 
 7.95000e+01  6.78168e-04 
 8.00000e+01  6.61944e-04 
 8.05000e+01  6.78672e-04 
 8.10000e+01  7.51552e-04 
 8.15000e+01  8.10872e-04 
 8.20000e+01  7.53304e-04 
 8.25000e+01  6.99800e-04 
 8.30000e+01  7.64992e-04 
 8.35000e+01  8.83776e-04 
 8.40000e+01  7.82480e-04 
 8.45000e+01  7.68392e-04 
 8.50000e+01  7.68360e-04 
 8.55000e+01  8.33872e-04 
 8.60000e+01  8.26208e-04 
 8.65000e+01  8.01072e-04 
 8.70000e+01  7.38504e-04 
 8.75000e+01  8.75944e-04 
 8.80000e+01  8.34208e-04 
 8.85000e+01  8.42776e-04 
 8.90000e+01  8.92600e-04 
 8.95000e+01  8.37360e-04 
 9.00000e+01  7.97576e-04 
 9.05000e+01  8.51488e-04 
 9.10000e+01  9.58440e-04 
 9.15000e+01  9.18136e-04 
 9.20000e+01  9.31952e-04 
 9.25000e+01  1.01690e-03 
 9.30000e+01  1.03786e-03 
 9.35000e+01  1.11550e-03 
 9.40000e+01  1.13573e-03 
 9.45000e+01  1.23442e-03 
 9.50000e+01  1.23114e-03 
 9.55000e+01  1.25050e-03 
 9.60000e+01  1.23683e-03 
 9.65000e+01  1.34352e-03 
 9.70000e+01  1.35789e-03 
 9.75000e+01  1.52076e-03 
 9.80000e+01  1.64749e-03 
 9.85000e+01  1.78614e-03 
 9.90000e+01  1.76171e-03 
 9.95000e+01  2.07014e-03 
 1.00000e+02  2.16583e-03 
 1.00500e+02  2.20423e-03 
 1.01000e+02  2.18150e-03 
 1.01500e+02  2.20714e-03 
 1.02000e+02  2.46706e-03 
 1.02500e+02  2.65702e-03 
 1.03000e+02  2.59990e-03 
 1.03500e+02  2.88291e-03 
 1.04000e+02  2.94618e-03 
 1.04500e+02  3.27930e-03 
 1.05000e+02  3.44813e-03 
 1.05500e+02  3.63869e-03 
 1.06000e+02  4.03228e-03 
 1.06500e+02  4.41869e-03 
 1.07000e+02  4.29198e-03 
 1.07500e+02  4.53647e-03 
 1.08000e+02  4.55481e-03 
 1.08500e+02  4.69255e-03 
 1.09000e+02  4.87498e-03 
 1.09500e+02  5.27317e-03 
 1.10000e+02  5.13153e-03 
 1.10500e+02  5.25287e-03 
 1.11000e+02  5.60750e-03 
 1.11500e+02  5.74034e-03 
 1.12000e+02  5.78638e-03 
 1.12500e+02  5.72668e-03 
 1.13000e+02  5.68943e-03 
 1.13500e+02  6.04802e-03 
 1.14000e+02  5.71888e-03 
 1.14500e+02  5.78390e-03 
 1.15000e+02  6.01491e-03 
 1.15500e+02  6.60434e-03 
 1.16000e+02  6.89949e-03 
 1.16500e+02  6.76530e-03 
 1.17000e+02  6.55565e-03 
 1.17500e+02  6.75460e-03 
 1.18000e+02  7.21624e-03 
 1.18500e+02  7.69350e-03 
 1.19000e+02  7.98111e-03 
 1.19500e+02  7.73238e-03 
 1.20000e+02  8.08608e-03 
 1.20500e+02  8.10044e-03 
 1.21000e+02  8.37467e-03 
 1.21500e+02  8.22435e-03 
 1.22000e+02  7.91634e-03 
 1.22500e+02  8.23424e-03 
 1.23000e+02  8.45604e-03 
 1.23500e+02  8.48658e-03 
 1.24000e+02  8.75045e-03 
 1.24500e+02  8.60784e-03 
 1.25000e+02  8.88632e-03 
 1.25500e+02  8.68927e-03 
 1.26000e+02  8.83714e-03 
 1.26500e+02  9.12942e-03 
 1.27000e+02  9.08763e-03 
 1.27500e+02  8.83790e-03 
 1.28000e+02  8.75940e-03 
 1.28500e+02  9.19246e-03 
 1.29000e+02  9.19541e-03 
 1.29500e+02  9.19519e-03 
 1.30000e+02  9.61904e-03 
 1.30500e+02  9.56607e-03 
 1.31000e+02  9.46175e-03 
 1.31500e+02  9.28665e-03 
 1.32000e+02  9.98051e-03 
 1.32500e+02  9.67394e-03 
 1.33000e+02  9.59942e-03 
 1.33500e+02  9.60635e-03 
 1.34000e+02  9.31650e-03 
 1.34500e+02  9.36385e-03 
 1.35000e+02  9.58110e-03 
 1.35500e+02  9.73049e-03 
 1.36000e+02  9.75961e-03 
 1.36500e+02  1.01664e-02 
 1.37000e+02  9.37681e-03 
 1.37500e+02  9.46989e-03 
 1.38000e+02  9.38451e-03 
 1.38500e+02  9.78758e-03 
 1.39000e+02  9.52147e-03 
 1.39500e+02  1.00289e-02 
 1.40000e+02  9.87545e-03 
 1.40500e+02  1.01591e-02 
 1.41000e+02  9.77858e-03 
 1.41500e+02  1.04504e-02 
 1.42000e+02  1.04418e-02 
 1.42500e+02  1.06214e-02 
 1.43000e+02  1.04416e-02 
 1.43500e+02  1.03914e-02 
 1.44000e+02  9.73105e-03 
 1.44500e+02  9.99428e-03 
 1.45000e+02  1.03717e-02 
 1.45500e+02  1.00007e-02 
 1.46000e+02  1.03525e-02 
 1.46500e+02  1.03411e-02 
 1.47000e+02  1.06234e-02 
 1.47500e+02  1.02800e-02 
 1.48000e+02  1.03380e-02 
 1.48500e+02  1.04374e-02 
 1.49000e+02  1.02973e-02 
 1.49500e+02  1.05582e-02 
 1.50000e+02  1.06358e-02 
 1.50500e+02  1.06625e-02 
 1.51000e+02  1.04021e-02 
 1.51500e+02  1.04341e-02 
 1.52000e+02  1.05445e-02 
 1.52500e+02  1.02766e-02 
 1.53000e+02  1.10644e-02 
 1.53500e+02  1.04297e-02 
 1.54000e+02  1.04119e-02 
 1.54500e+02  1.01768e-02 
 1.55000e+02  1.02396e-02 
 1.55500e+02  9.96645e-03 
 1.56000e+02  1.02364e-02 
 1.56500e+02  1.01256e-02 
 1.57000e+02  9.58174e-03 
 1.57500e+02  9.90048e-03 
 1.58000e+02  1.00090e-02 
 1.58500e+02  1.04340e-02 
 1.59000e+02  1.04491e-02 
 1.59500e+02  1.05220e-02 
 1.60000e+02  1.00521e-02 
 1.60500e+02  9.96933e-03 
 1.61000e+02  1.02242e-02 
 1.61500e+02  9.99335e-03 
 1.62000e+02  1.00527e-02 
 1.62500e+02  1.00109e-02 
 1.63000e+02  9.80306e-03 
 1.63500e+02  9.47365e-03 
 1.64000e+02  9.91602e-03 
 1.64500e+02  1.04819e-02 
 1.65000e+02  1.01113e-02 
 1.65500e+02  9.79364e-03 
 1.66000e+02  9.44467e-03 
 1.66500e+02  1.00408e-02 
 1.67000e+02  9.79986e-03 
 1.67500e+02  1.00018e-02 
 1.68000e+02  9.93906e-03 
 1.68500e+02  9.54374e-03 
 1.69000e+02  9.45090e-03 
 1.69500e+02  9.28893e-03 
 1.70000e+02  8.85758e-03 
 1.70500e+02  9.22152e-03 
 1.71000e+02  9.64568e-03 
 1.71500e+02  9.52634e-03 
 1.72000e+02  9.70888e-03 
 1.72500e+02  9.73562e-03 
 1.73000e+02  9.43881e-03 
 1.73500e+02  9.65259e-03 
 1.74000e+02  8.94602e-03 
 1.74500e+02  8.59255e-03 
 1.75000e+02  9.01762e-03 
 1.75500e+02  9.37142e-03 
 1.76000e+02  9.56030e-03 
 1.76500e+02  8.94562e-03 
 1.77000e+02  9.19187e-03 
 1.77500e+02  9.26868e-03 
 1.78000e+02  9.16037e-03 
 1.78500e+02  8.83563e-03 
 1.79000e+02  8.73710e-03 
 1.79500e+02  8.80166e-03 
 1.80000e+02  8.82500e-03 
 1.80500e+02  8.97402e-03 
 1.81000e+02  8.82253e-03 
 1.81500e+02  8.48239e-03 
 1.82000e+02  8.55742e-03 
 1.82500e+02  8.61184e-03 
 1.83000e+02  8.31127e-03 
 1.83500e+02  8.28432e-03 
 1.84000e+02  8.30766e-03 
 1.84500e+02  8.19858e-03 
 1.85000e+02  8.03658e-03 
 1.85500e+02  7.88694e-03 
 1.86000e+02  7.71788e-03 
 1.86500e+02  7.88729e-03 
 1.87000e+02  7.18711e-03 
 1.87500e+02  7.24648e-03 
 1.88000e+02  7.68619e-03 
 1.88500e+02  7.63017e-03 
 1.89000e+02  7.36897e-03 
 1.89500e+02  7.50353e-03 
 1.90000e+02  7.31015e-03 
 1.90500e+02  7.30322e-03 
 1.91000e+02  7.01053e-03 
 1.91500e+02  7.26708e-03 
 1.92000e+02  7.10997e-03 
 1.92500e+02  7.08096e-03 
 1.93000e+02  6.67375e-03 
 1.93500e+02  5.96612e-03 
 1.94000e+02  5.96892e-03 
 1.94500e+02  5.95801e-03 
 1.95000e+02  5.82934e-03 
 1.95500e+02  5.59134e-03 
 1.96000e+02  5.46074e-03 
 1.96500e+02  5.66029e-03 
 1.97000e+02  5.30726e-03 
 1.97500e+02  5.27768e-03 
 1.98000e+02  5.22151e-03 
 1.98500e+02  5.03617e-03 
 1.99000e+02  4.90666e-03 
 1.99500e+02  4.71741e-03 
 2.00000e+02  4.82582e-03 
 2.00500e+02  4.74050e-03 
 2.01000e+02  4.42917e-03 
 2.01500e+02  4.54986e-03 
 2.02000e+02  4.62873e-03 
 2.02500e+02  4.53654e-03 
 2.03000e+02  4.26716e-03 
 2.03500e+02  4.03860e-03 
 2.04000e+02  4.05680e-03 
 2.04500e+02  3.86601e-03 
 2.05000e+02  4.26468e-03 
 2.05500e+02  4.21538e-03 
 2.06000e+02  4.25626e-03 
 2.06500e+02  4.00659e-03 
 2.07000e+02  3.93086e-03 
 2.07500e+02  3.85549e-03 
 2.08000e+02  3.73083e-03 
 2.08500e+02  3.80148e-03 
 2.09000e+02  3.61329e-03 
 2.09500e+02  3.24710e-03 
 2.10000e+02  2.98200e-03 
 2.10500e+02  3.08627e-03 
 2.11000e+02  3.21248e-03 
 2.11500e+02  3.04813e-03 
 2.12000e+02  2.71733e-03 
 2.12500e+02  2.58285e-03 
 2.13000e+02  2.36642e-03 
 2.13500e+02  2.17865e-03 
 2.14000e+02  2.01745e-03 
 2.14500e+02  1.93082e-03 
 2.15000e+02  1.97752e-03 
 2.15500e+02  1.70062e-03 
 2.16000e+02  1.61123e-03 
 2.16500e+02  1.34850e-03 
 2.17000e+02  1.23762e-03 
 2.17500e+02  1.22885e-03 
 2.18000e+02  1.24326e-03 
 2.18500e+02  1.29962e-03 
 2.19000e+02  1.23332e-03 
 2.19500e+02  1.00802e-03 
 2.20000e+02  1.05158e-03 
 2.20500e+02  1.04703e-03 
 2.21000e+02  1.02161e-03 
 2.21500e+02  9.51504e-04 
 2.22000e+02  8.83960e-04 
 2.22500e+02  9.33000e-04 
 2.23000e+02  9.69136e-04 
 2.23500e+02  9.59144e-04 
 2.24000e+02  9.39200e-04 
 2.24500e+02  9.12912e-04 
 2.25000e+02  9.81600e-04 
 2.25500e+02  8.75552e-04 
 2.26000e+02  7.05600e-04 
 2.26500e+02  6.76336e-04 
 2.27000e+02  7.39464e-04 
 2.27500e+02  7.26448e-04 
 2.28000e+02  6.82104e-04 
 2.28500e+02  6.47152e-04 
 2.29000e+02  6.50424e-04 
 2.29500e+02  6.59520e-04 
 2.30000e+02  6.13464e-04 
 2.30500e+02  5.66872e-04 
 2.31000e+02  4.81984e-04 
 2.31500e+02  4.48040e-04 
 2.32000e+02  4.20528e-04 
 2.32500e+02  3.91824e-04 
 2.33000e+02  4.30608e-04 
 2.33500e+02  4.39032e-04 
 2.34000e+02  4.86560e-04 
 2.34500e+02  4.60456e-04 
 2.35000e+02  3.92240e-04 
 2.35500e+02  4.34352e-04 
 2.36000e+02  4.67088e-04 
 2.36500e+02  3.96360e-04 
 2.37000e+02  3.85792e-04 
 2.37500e+02  4.61416e-04 
 2.38000e+02  4.02664e-04 
 2.38500e+02  3.81696e-04 
 2.39000e+02  3.49936e-04 
 2.39500e+02  3.47120e-04 
 2.40000e+02  3.20952e-04 
 2.40500e+02  2.96584e-04 
 2.41000e+02  3.01520e-04 
 2.41500e+02  2.76952e-04 
 2.42000e+02  2.81192e-04 
 2.42500e+02  2.78512e-04 
 2.43000e+02  2.57480e-04 
 2.43500e+02  3.06616e-04 
 2.44000e+02  3.05752e-04 
 2.44500e+02  2.79144e-04 
 2.45000e+02  2.71576e-04 
 2.45500e+02  2.03264e-04 
 2.46000e+02  2.07232e-04 
 2.46500e+02  2.20080e-04 
 2.47000e+02  2.31312e-04 
 2.47500e+02  2.49280e-04 
 2.48000e+02  2.32848e-04 
 2.48500e+02  2.16208e-04 
 2.49000e+02  2.35912e-04 
 2.49500e+02  1.75008e-04 
 2.50000e+02  1.71624e-04 
 2.50500e+02  1.52128e-04 
 2.51000e+02  1.62504e-04 
 2.51500e+02  2.21176e-04 
 2.52000e+02  1.80456e-04 
 2.52500e+02  1.85440e-04 
 2.53000e+02  1.55272e-04 
 2.53500e+02  1.54024e-04 
 2.54000e+02  1.31736e-04 
 2.54500e+02  1.31368e-04 
 2.55000e+02  1.37168e-04 
 2.55500e+02  1.12664e-04 
 2.56000e+02  1.10552e-04 
 2.56500e+02  8.88800e-05 
 2.57000e+02  8.93040e-05 
 2.57500e+02  9.09440e-05 
 2.58000e+02  9.47120e-05 
 2.58500e+02  9.65440e-05 
 2.59000e+02  8.10080e-05 
 2.59500e+02  7.84480e-05 
 2.60000e+02  6.52560e-05 
 2.60500e+02  8.39600e-05 
 2.61000e+02  7.06240e-05 
 2.61500e+02  4.10560e-05 
 2.62000e+02  3.78160e-05 
 2.62500e+02  3.40960e-05 
 2.63000e+02  3.95440e-05 
 2.63500e+02  2.77520e-05 
 2.64000e+02  2.98320e-05 
 2.64500e+02  3.38640e-05 
 2.65000e+02  3.27440e-05 
 2.65500e+02  2.83680e-05 
 2.66000e+02  3.09920e-05 
 2.66500e+02  2.17120e-05 
 2.67000e+02  2.32400e-05 
 2.67500e+02  2.65120e-05 
 2.68000e+02  1.67600e-05 
 2.68500e+02  1.95280e-05 
 2.69000e+02  1.80960e-05 
 2.69500e+02  1.57280e-05 
 2.70000e+02  1.50720e-05 
 2.70500e+02  9.64800e-06 
 2.71000e+02  9.49600e-06 
 2.71500e+02  6.87200e-06 
 2.72000e+02  7.12000e-06 
 2.72500e+02  8.08800e-06 
 2.73000e+02  9.66400e-06 
 2.73500e+02  7.48000e-06 
 2.74000e+02  7.95200e-06 
 2.74500e+02  7.48800e-06 
 2.75000e+02  8.36800e-06 
 2.75500e+02  1.04400e-05 
 2.76000e+02  1.03760e-05 
 2.76500e+02  9.05600e-06 
 2.77000e+02  1.14720e-05 
 2.77500e+02  9.08000e-06 
 2.78000e+02  7.36800e-06 
 2.78500e+02  8.84800e-06 
 2.79000e+02  8.64800e-06 
 2.79500e+02  9.86400e-06 
 2.80000e+02  7.55200e-06 
 2.80500e+02  6.88800e-06 
 2.81000e+02  6.36000e-06 
 2.81500e+02  6.71200e-06 
 2.82000e+02  4.27200e-06 
 2.82500e+02  5.16000e-06 
 2.83000e+02  3.11200e-06 
 2.83500e+02  3.66400e-06 
 2.84000e+02  2.53600e-06 
 2.84500e+02  2.79200e-06 
 2.85000e+02  2.18400e-06 
 2.85500e+02  2.09600e-06 
 2.86000e+02  1.66400e-06 
 2.86500e+02  2.01600e-06 
 2.87000e+02  1.44000e-06 
 2.87500e+02  1.59200e-06 
 2.88000e+02  2.60000e-06 
 2.88500e+02  1.27200e-06 
 2.89000e+02  1.49600e-06 
 2.89500e+02  2.80000e-06 
 2.90000e+02  5.28000e-07 
 2.90500e+02  5.76000e-07 
 2.91000e+02  6.32000e-07 
 2.91500e+02  6.48000e-07 
 2.92000e+02  7.52000e-07 
 2.92500e+02  1.01600e-06 
 2.93000e+02  1.68800e-06 
 2.93500e+02  3.60000e-07 
 2.94000e+02  3.60000e-07 
 2.94500e+02  3.84000e-07 
 2.95000e+02  3.92000e-07 
 2.95500e+02  3.92000e-07 
 2.96000e+02  4.00000e-07 
 2.96500e+02  4.16000e-07 
 2.97000e+02  4.48000e-07 
 2.97500e+02  4.64000e-07 
 2.98000e+02  5.04000e-07 
 2.98500e+02  5.12000e-07 
 2.99000e+02  5.60000e-07 
 2.99500e+02  6.16000e-07 
 3.00000e+02  6.64000e-07 
 3.00500e+02  8.48000e-07 
 3.01000e+02  1.26400e-06 
 3.01500e+02  7.60000e-07 
 3.02000e+02  1.09600e-06 
 3.02500e+02  1.52000e-07 
 3.03000e+02  1.44000e-07 
 3.03500e+02  1.52000e-07 
 3.04000e+02  1.68000e-07 
 3.04500e+02  1.84000e-07 
 3.05000e+02  2.00000e-07 
 3.05500e+02  2.00000e-07 
 3.06000e+02  2.16000e-07 
 3.06500e+02  2.72000e-07 
 3.07000e+02  3.20000e-07 
 3.07500e+02  3.68000e-07 
 3.08000e+02  5.36000e-07 
 3.08500e+02  0.00000e+00 
 3.09000e+02  0.00000e+00 
 3.09500e+02  0.00000e+00 
 3.10000e+02  0.00000e+00 
 3.10500e+02  0.00000e+00 
 3.11000e+02  0.00000e+00 
 3.11500e+02  0.00000e+00 
 3.12000e+02  0.00000e+00 
 3.12500e+02  0.00000e+00 
 3.13000e+02  0.00000e+00 
 3.13500e+02  0.00000e+00 
 3.14000e+02  0.00000e+00 
 3.14500e+02  0.00000e+00 
 3.15000e+02  0.00000e+00 
 3.15500e+02  0.00000e+00 
 3.16000e+02  0.00000e+00 
 3.16500e+02  0.00000e+00 
 3.17000e+02  0.00000e+00 
 3.17500e+02  0.00000e+00 
 3.18000e+02  0.00000e+00 
 3.18500e+02  0.00000e+00 
 3.19000e+02  0.00000e+00 
 3.19500e+02  0.00000e+00 
