 0.00000e+00  8.83600e-05 
 5.00000e-01  9.21520e-05 
 1.00000e+00  7.35760e-05 
 1.50000e+00  5.98560e-05 
 2.00000e+00  5.49520e-05 
 2.50000e+00  4.92800e-05 
 3.00000e+00  4.75520e-05 
 3.50000e+00  4.33520e-05 
 4.00000e+00  4.06960e-05 
 4.50000e+00  3.88800e-05 
 5.00000e+00  3.92880e-05 
 5.50000e+00  3.84240e-05 
 6.00000e+00  3.58640e-05 
 6.50000e+00  3.95040e-05 
 7.00000e+00  3.77120e-05 
 7.50000e+00  3.67680e-05 
 8.00000e+00  3.41360e-05 
 8.50000e+00  3.23840e-05 
 9.00000e+00  3.24080e-05 
 9.50000e+00  3.38720e-05 
 1.00000e+01  3.27840e-05 
 1.05000e+01  3.38560e-05 
 1.10000e+01  3.51520e-05 
 1.15000e+01  3.41840e-05 
 1.20000e+01  3.36240e-05 
 1.25000e+01  3.14080e-05 
 1.30000e+01  3.05520e-05 
 1.35000e+01  3.08880e-05 
 1.40000e+01  3.34800e-05 
 1.45000e+01  3.31520e-05 
 1.50000e+01  3.47680e-05 
 1.55000e+01  3.40800e-05 
 1.60000e+01  3.48320e-05 
 1.65000e+01  3.51440e-05 
 1.70000e+01  3.28720e-05 
 1.75000e+01  3.27760e-05 
 1.80000e+01  3.88720e-05 
 1.85000e+01  3.89360e-05 
 1.90000e+01  3.95920e-05 
 1.95000e+01  4.17120e-05 
 2.00000e+01  3.93280e-05 
 2.05000e+01  3.89040e-05 
 2.10000e+01  3.64800e-05 
 2.15000e+01  4.01040e-05 
 2.20000e+01  3.92720e-05 
 2.25000e+01  3.91280e-05 
 2.30000e+01  4.46960e-05 
 2.35000e+01  3.98400e-05 
 2.40000e+01  3.85520e-05 
 2.45000e+01  4.07840e-05 
 2.50000e+01  4.03840e-05 
 2.55000e+01  4.13600e-05 
 2.60000e+01  4.49360e-05 
 2.65000e+01  4.52720e-05 
 2.70000e+01  4.63680e-05 
 2.75000e+01  5.16000e-05 
 2.80000e+01  4.82960e-05 
 2.85000e+01  5.01120e-05 
 2.90000e+01  5.59040e-05 
 2.95000e+01  5.94640e-05 
 3.00000e+01  5.79440e-05 
 3.05000e+01  5.91200e-05 
 3.10000e+01  5.80560e-05 
 3.15000e+01  5.35040e-05 
 3.20000e+01  5.66960e-05 
 3.25000e+01  6.11520e-05 
 3.30000e+01  5.94000e-05 
 3.35000e+01  6.15920e-05 
 3.40000e+01  6.82960e-05 
 3.45000e+01  6.58480e-05 
 3.50000e+01  6.91600e-05 
 3.55000e+01  6.77520e-05 
 3.60000e+01  8.00800e-05 
 3.65000e+01  8.69440e-05 
 3.70000e+01  9.19200e-05 
 3.75000e+01  9.84960e-05 
 3.80000e+01  1.07104e-04 
 3.85000e+01  1.29928e-04 
 3.90000e+01  1.52808e-04 
 3.95000e+01  1.70568e-04 
 4.00000e+01  1.63936e-04 
 4.05000e+01  1.69584e-04 
 4.10000e+01  1.60480e-04 
 4.15000e+01  1.52968e-04 
 4.20000e+01  1.56320e-04 
 4.25000e+01  1.55928e-04 
 4.30000e+01  1.49416e-04 
 4.35000e+01  1.58664e-04 
 4.40000e+01  1.53328e-04 
 4.45000e+01  1.45872e-04 
 4.50000e+01  1.48896e-04 
 4.55000e+01  1.42296e-04 
 4.60000e+01  1.48264e-04 
 4.65000e+01  1.57384e-04 
 4.70000e+01  1.64848e-04 
 4.75000e+01  1.60648e-04 
 4.80000e+01  1.76104e-04 
 4.85000e+01  1.70328e-04 
 4.90000e+01  1.72544e-04 
 4.95000e+01  1.69488e-04 
 5.00000e+01  1.74240e-04 
 5.05000e+01  1.98544e-04 
 5.10000e+01  2.21784e-04 
 5.15000e+01  2.22696e-04 
 5.20000e+01  2.57360e-04 
 5.25000e+01  2.38592e-04 
 5.30000e+01  2.61424e-04 
 5.35000e+01  2.82120e-04 
 5.40000e+01  2.97392e-04 
 5.45000e+01  3.03584e-04 
 5.50000e+01  3.49536e-04 
 5.55000e+01  3.74104e-04 
 5.60000e+01  3.84672e-04 
 5.65000e+01  3.59224e-04 
 5.70000e+01  4.02200e-04 
 5.75000e+01  4.08152e-04 
 5.80000e+01  4.11752e-04 
 5.85000e+01  4.44768e-04 
 5.90000e+01  4.04760e-04 
 5.95000e+01  4.46232e-04 
 6.00000e+01  4.68168e-04 
 6.05000e+01  4.73600e-04 
 6.10000e+01  5.12824e-04 
 6.15000e+01  5.07232e-04 
 6.20000e+01  4.76888e-04 
 6.25000e+01  4.59824e-04 
 6.30000e+01  4.54568e-04 
 6.35000e+01  4.89800e-04 
 6.40000e+01  4.77560e-04 
 6.45000e+01  5.18936e-04 
 6.50000e+01  4.87368e-04 
 6.55000e+01  5.16496e-04 
 6.60000e+01  5.35216e-04 
 6.65000e+01  5.30632e-04 
 6.70000e+01  5.31448e-04 
 6.75000e+01  5.30944e-04 
 6.80000e+01  5.59920e-04 
 6.85000e+01  5.24016e-04 
 6.90000e+01  5.24656e-04 
 6.95000e+01  5.68032e-04 
 7.00000e+01  6.18368e-04 
 7.05000e+01  6.07112e-04 
 7.10000e+01  6.26608e-04 
 7.15000e+01  5.86488e-04 
 7.20000e+01  6.02936e-04 
 7.25000e+01  6.30136e-04 
 7.30000e+01  6.69920e-04 
 7.35000e+01  7.12016e-04 
 7.40000e+01  7.86768e-04 
 7.45000e+01  7.82504e-04 
 7.50000e+01  7.32280e-04 
 7.55000e+01  7.21976e-04 
 7.60000e+01  7.15064e-04 
 7.65000e+01  7.58128e-04 
 7.70000e+01  7.94328e-04 
 7.75000e+01  8.02328e-04 
 7.80000e+01  8.51240e-04 
 7.85000e+01  8.74616e-04 
 7.90000e+01  8.88920e-04 
 7.95000e+01  8.51296e-04 
 8.00000e+01  9.15392e-04 
 8.05000e+01  9.57472e-04 
 8.10000e+01  9.59552e-04 
 8.15000e+01  9.26016e-04 
 8.20000e+01  9.72072e-04 
 8.25000e+01  1.00150e-03 
 8.30000e+01  1.04212e-03 
 8.35000e+01  1.04267e-03 
 8.40000e+01  1.07459e-03 
 8.45000e+01  1.12379e-03 
 8.50000e+01  1.20114e-03 
 8.55000e+01  1.13503e-03 
 8.60000e+01  1.11807e-03 
 8.65000e+01  1.01720e-03 
 8.70000e+01  1.04146e-03 
 8.75000e+01  1.02865e-03 
 8.80000e+01  1.02496e-03 
 8.85000e+01  1.07552e-03 
 8.90000e+01  9.86520e-04 
 8.95000e+01  9.74992e-04 
 9.00000e+01  1.06756e-03 
 9.05000e+01  1.04573e-03 
 9.10000e+01  1.18651e-03 
 9.15000e+01  1.24364e-03 
 9.20000e+01  1.26461e-03 
 9.25000e+01  1.32515e-03 
 9.30000e+01  1.46378e-03 
 9.35000e+01  1.45575e-03 
 9.40000e+01  1.53518e-03 
 9.45000e+01  1.49774e-03 
 9.50000e+01  1.56754e-03 
 9.55000e+01  1.57830e-03 
 9.60000e+01  1.68334e-03 
 9.65000e+01  1.69340e-03 
 9.70000e+01  1.75537e-03 
 9.75000e+01  1.88569e-03 
 9.80000e+01  2.02455e-03 
 9.85000e+01  2.14748e-03 
 9.90000e+01  2.33606e-03 
 9.95000e+01  2.49331e-03 
 1.00000e+02  2.79167e-03 
 1.00500e+02  2.72754e-03 
 1.01000e+02  2.84002e-03 
 1.01500e+02  2.91108e-03 
 1.02000e+02  3.17004e-03 
 1.02500e+02  3.31196e-03 
 1.03000e+02  3.68131e-03 
 1.03500e+02  4.01034e-03 
 1.04000e+02  4.12563e-03 
 1.04500e+02  4.34726e-03 
 1.05000e+02  4.42953e-03 
 1.05500e+02  4.57467e-03 
 1.06000e+02  4.46878e-03 
 1.06500e+02  4.80980e-03 
 1.07000e+02  5.09902e-03 
 1.07500e+02  5.08444e-03 
 1.08000e+02  5.41938e-03 
 1.08500e+02  5.52250e-03 
 1.09000e+02  5.60266e-03 
 1.09500e+02  6.01168e-03 
 1.10000e+02  6.35511e-03 
 1.10500e+02  6.41876e-03 
 1.11000e+02  6.80018e-03 
 1.11500e+02  6.75471e-03 
 1.12000e+02  6.92526e-03 
 1.12500e+02  6.82375e-03 
 1.13000e+02  7.16896e-03 
 1.13500e+02  7.16405e-03 
 1.14000e+02  7.09926e-03 
 1.14500e+02  7.28060e-03 
 1.15000e+02  7.76590e-03 
 1.15500e+02  8.08146e-03 
 1.16000e+02  7.89352e-03 
 1.16500e+02  8.17640e-03 
 1.17000e+02  8.48510e-03 
 1.17500e+02  8.56744e-03 
 1.18000e+02  8.85081e-03 
 1.18500e+02  8.68474e-03 
 1.19000e+02  8.91534e-03 
 1.19500e+02  8.92458e-03 
 1.20000e+02  9.17100e-03 
 1.20500e+02  9.12519e-03 
 1.21000e+02  9.35450e-03 
 1.21500e+02  9.43365e-03 
 1.22000e+02  9.79369e-03 
 1.22500e+02  9.67782e-03 
 1.23000e+02  9.62558e-03 
 1.23500e+02  9.95494e-03 
 1.24000e+02  9.98546e-03 
 1.24500e+02  1.01588e-02 
 1.25000e+02  1.01823e-02 
 1.25500e+02  1.07060e-02 
 1.26000e+02  1.06965e-02 
 1.26500e+02  1.07114e-02 
 1.27000e+02  1.08496e-02 
 1.27500e+02  1.14398e-02 
 1.28000e+02  1.13118e-02 
 1.28500e+02  1.09258e-02 
 1.29000e+02  1.08441e-02 
 1.29500e+02  1.08493e-02 
 1.30000e+02  1.09545e-02 
 1.30500e+02  1.11876e-02 
 1.31000e+02  1.15633e-02 
 1.31500e+02  1.18490e-02 
 1.32000e+02  1.13745e-02 
 1.32500e+02  1.16433e-02 
 1.33000e+02  1.15635e-02 
 1.33500e+02  1.21305e-02 
 1.34000e+02  1.20516e-02 
 1.34500e+02  1.20788e-02 
 1.35000e+02  1.26920e-02 
 1.35500e+02  1.22354e-02 
 1.36000e+02  1.28761e-02 
 1.36500e+02  1.30899e-02 
 1.37000e+02  1.29011e-02 
 1.37500e+02  1.27028e-02 
 1.38000e+02  1.29902e-02 
 1.38500e+02  1.27836e-02 
 1.39000e+02  1.33444e-02 
 1.39500e+02  1.39565e-02 
 1.40000e+02  1.35292e-02 
 1.40500e+02  1.37955e-02 
 1.41000e+02  1.37117e-02 
 1.41500e+02  1.44026e-02 
 1.42000e+02  1.41323e-02 
 1.42500e+02  1.37677e-02 
 1.43000e+02  1.40634e-02 
 1.43500e+02  1.40286e-02 
 1.44000e+02  1.41912e-02 
 1.44500e+02  1.38099e-02 
 1.45000e+02  1.41715e-02 
 1.45500e+02  1.42101e-02 
 1.46000e+02  1.45465e-02 
 1.46500e+02  1.43843e-02 
 1.47000e+02  1.42421e-02 
 1.47500e+02  1.45761e-02 
 1.48000e+02  1.53245e-02 
 1.48500e+02  1.50214e-02 
 1.49000e+02  1.48309e-02 
 1.49500e+02  1.50019e-02 
 1.50000e+02  1.50612e-02 
 1.50500e+02  1.47310e-02 
 1.51000e+02  1.45432e-02 
 1.51500e+02  1.46609e-02 
 1.52000e+02  1.47534e-02 
 1.52500e+02  1.50200e-02 
 1.53000e+02  1.51592e-02 
 1.53500e+02  1.55920e-02 
 1.54000e+02  1.60897e-02 
 1.54500e+02  1.59206e-02 
 1.55000e+02  1.56840e-02 
 1.55500e+02  1.57951e-02 
 1.56000e+02  1.51117e-02 
 1.56500e+02  1.52032e-02 
 1.57000e+02  1.54482e-02 
 1.57500e+02  1.55942e-02 
 1.58000e+02  1.53244e-02 
 1.58500e+02  1.54387e-02 
 1.59000e+02  1.54901e-02 
 1.59500e+02  1.52202e-02 
 1.60000e+02  1.58039e-02 
 1.60500e+02  1.60731e-02 
 1.61000e+02  1.60084e-02 
 1.61500e+02  1.62743e-02 
 1.62000e+02  1.58962e-02 
 1.62500e+02  1.52837e-02 
 1.63000e+02  1.56627e-02 
 1.63500e+02  1.59665e-02 
 1.64000e+02  1.56336e-02 
 1.64500e+02  1.61452e-02 
 1.65000e+02  1.62125e-02 
 1.65500e+02  1.62205e-02 
 1.66000e+02  1.61472e-02 
 1.66500e+02  1.57831e-02 
 1.67000e+02  1.58061e-02 
 1.67500e+02  1.52511e-02 
 1.68000e+02  1.45595e-02 
 1.68500e+02  1.49932e-02 
 1.69000e+02  1.56656e-02 
 1.69500e+02  1.50472e-02 
 1.70000e+02  1.54179e-02 
 1.70500e+02  1.54579e-02 
 1.71000e+02  1.51471e-02 
 1.71500e+02  1.52363e-02 
 1.72000e+02  1.55272e-02 
 1.72500e+02  1.52963e-02 
 1.73000e+02  1.53188e-02 
 1.73500e+02  1.49959e-02 
 1.74000e+02  1.55704e-02 
 1.74500e+02  1.51496e-02 
 1.75000e+02  1.56615e-02 
 1.75500e+02  1.52922e-02 
 1.76000e+02  1.51090e-02 
 1.76500e+02  1.51453e-02 
 1.77000e+02  1.51168e-02 
 1.77500e+02  1.47252e-02 
 1.78000e+02  1.50918e-02 
 1.78500e+02  1.49788e-02 
 1.79000e+02  1.47811e-02 
 1.79500e+02  1.42473e-02 
 1.80000e+02  1.43454e-02 
 1.80500e+02  1.47458e-02 
 1.81000e+02  1.42612e-02 
 1.81500e+02  1.41686e-02 
 1.82000e+02  1.35766e-02 
 1.82500e+02  1.37684e-02 
 1.83000e+02  1.36160e-02 
 1.83500e+02  1.39073e-02 
 1.84000e+02  1.36044e-02 
 1.84500e+02  1.35505e-02 
 1.85000e+02  1.37565e-02 
 1.85500e+02  1.34811e-02 
 1.86000e+02  1.37307e-02 
 1.86500e+02  1.41733e-02 
 1.87000e+02  1.39504e-02 
 1.87500e+02  1.30993e-02 
 1.88000e+02  1.40083e-02 
 1.88500e+02  1.32823e-02 
 1.89000e+02  1.32689e-02 
 1.89500e+02  1.32187e-02 
 1.90000e+02  1.28676e-02 
 1.90500e+02  1.33858e-02 
 1.91000e+02  1.24640e-02 
 1.91500e+02  1.25421e-02 
 1.92000e+02  1.24315e-02 
 1.92500e+02  1.16241e-02 
 1.93000e+02  1.15617e-02 
 1.93500e+02  1.13115e-02 
 1.94000e+02  1.10691e-02 
 1.94500e+02  1.09683e-02 
 1.95000e+02  1.09497e-02 
 1.95500e+02  1.07640e-02 
 1.96000e+02  1.02309e-02 
 1.96500e+02  1.01425e-02 
 1.97000e+02  1.01453e-02 
 1.97500e+02  9.98324e-03 
 1.98000e+02  9.98709e-03 
 1.98500e+02  9.92242e-03 
 1.99000e+02  9.48638e-03 
 1.99500e+02  9.41251e-03 
 2.00000e+02  8.98350e-03 
 2.00500e+02  9.32927e-03 
 2.01000e+02  9.08497e-03 
 2.01500e+02  8.72074e-03 
 2.02000e+02  8.76277e-03 
 2.02500e+02  8.55726e-03 
 2.03000e+02  7.67329e-03 
 2.03500e+02  7.27942e-03 
 2.04000e+02  7.46544e-03 
 2.04500e+02  7.25532e-03 
 2.05000e+02  7.35438e-03 
 2.05500e+02  7.37889e-03 
 2.06000e+02  7.12926e-03 
 2.06500e+02  7.19062e-03 
 2.07000e+02  6.97002e-03 
 2.07500e+02  7.02079e-03 
 2.08000e+02  6.95046e-03 
 2.08500e+02  6.95270e-03 
 2.09000e+02  6.37604e-03 
 2.09500e+02  6.36394e-03 
 2.10000e+02  6.08747e-03 
 2.10500e+02  5.72298e-03 
 2.11000e+02  5.33726e-03 
 2.11500e+02  5.45894e-03 
 2.12000e+02  5.12434e-03 
 2.12500e+02  4.91743e-03 
 2.13000e+02  4.59289e-03 
 2.13500e+02  4.38504e-03 
 2.14000e+02  4.24334e-03 
 2.14500e+02  4.03122e-03 
 2.15000e+02  3.81844e-03 
 2.15500e+02  3.60416e-03 
 2.16000e+02  3.62354e-03 
 2.16500e+02  3.44615e-03 
 2.17000e+02  3.39590e-03 
 2.17500e+02  3.08640e-03 
 2.18000e+02  3.14568e-03 
 2.18500e+02  2.85910e-03 
 2.19000e+02  2.79775e-03 
 2.19500e+02  2.80222e-03 
 2.20000e+02  2.76954e-03 
 2.20500e+02  2.75658e-03 
 2.21000e+02  2.70590e-03 
 2.21500e+02  2.58044e-03 
 2.22000e+02  2.60142e-03 
 2.22500e+02  2.53645e-03 
 2.23000e+02  2.53451e-03 
 2.23500e+02  2.65886e-03 
 2.24000e+02  2.66430e-03 
 2.24500e+02  2.55734e-03 
 2.25000e+02  2.58090e-03 
 2.25500e+02  2.64302e-03 
 2.26000e+02  2.43054e-03 
 2.26500e+02  2.34896e-03 
 2.27000e+02  2.28228e-03 
 2.27500e+02  2.23126e-03 
 2.28000e+02  2.22761e-03 
 2.28500e+02  2.22738e-03 
 2.29000e+02  2.21322e-03 
 2.29500e+02  2.06003e-03 
 2.30000e+02  1.93073e-03 
 2.30500e+02  1.98838e-03 
 2.31000e+02  2.04526e-03 
 2.31500e+02  2.06598e-03 
 2.32000e+02  1.95070e-03 
 2.32500e+02  2.03661e-03 
 2.33000e+02  1.88458e-03 
 2.33500e+02  1.78461e-03 
 2.34000e+02  1.82278e-03 
 2.34500e+02  1.94445e-03 
 2.35000e+02  1.94773e-03 
 2.35500e+02  1.77942e-03 
 2.36000e+02  1.78165e-03 
 2.36500e+02  1.77145e-03 
 2.37000e+02  1.81560e-03 
 2.37500e+02  1.78948e-03 
 2.38000e+02  1.70178e-03 
 2.38500e+02  1.72733e-03 
 2.39000e+02  1.68119e-03 
 2.39500e+02  1.60010e-03 
 2.40000e+02  1.69570e-03 
 2.40500e+02  1.64316e-03 
 2.41000e+02  1.65131e-03 
 2.41500e+02  1.62893e-03 
 2.42000e+02  1.62782e-03 
 2.42500e+02  1.59814e-03 
 2.43000e+02  1.56245e-03 
 2.43500e+02  1.49044e-03 
 2.44000e+02  1.46009e-03 
 2.44500e+02  1.48829e-03 
 2.45000e+02  1.49738e-03 
 2.45500e+02  1.51875e-03 
 2.46000e+02  1.40579e-03 
 2.46500e+02  1.35898e-03 
 2.47000e+02  1.34657e-03 
 2.47500e+02  1.36528e-03 
 2.48000e+02  1.35608e-03 
 2.48500e+02  1.33238e-03 
 2.49000e+02  1.36769e-03 
 2.49500e+02  1.30770e-03 
 2.50000e+02  1.32860e-03 
 2.50500e+02  1.27379e-03 
 2.51000e+02  1.22224e-03 
 2.51500e+02  1.23698e-03 
 2.52000e+02  1.30173e-03 
 2.52500e+02  1.28570e-03 
 2.53000e+02  1.20889e-03 
 2.53500e+02  1.15362e-03 
 2.54000e+02  1.13430e-03 
 2.54500e+02  1.11210e-03 
 2.55000e+02  1.13318e-03 
 2.55500e+02  1.05269e-03 
 2.56000e+02  1.05130e-03 
 2.56500e+02  1.03398e-03 
 2.57000e+02  1.05568e-03 
 2.57500e+02  1.06419e-03 
 2.58000e+02  1.06378e-03 
 2.58500e+02  1.04180e-03 
 2.59000e+02  1.02679e-03 
 2.59500e+02  1.00898e-03 
 2.60000e+02  9.69768e-04 
 2.60500e+02  9.35168e-04 
 2.61000e+02  9.54480e-04 
 2.61500e+02  9.51520e-04 
 2.62000e+02  9.14688e-04 
 2.62500e+02  8.89264e-04 
 2.63000e+02  8.79144e-04 
 2.63500e+02  8.74688e-04 
 2.64000e+02  8.83136e-04 
 2.64500e+02  8.39584e-04 
 2.65000e+02  8.26920e-04 
 2.65500e+02  8.37288e-04 
 2.66000e+02  8.26608e-04 
 2.66500e+02  8.13424e-04 
 2.67000e+02  7.90808e-04 
 2.67500e+02  7.94960e-04 
 2.68000e+02  7.46280e-04 
 2.68500e+02  7.69704e-04 
 2.69000e+02  7.48872e-04 
 2.69500e+02  7.54624e-04 
 2.70000e+02  7.43600e-04 
 2.70500e+02  7.41296e-04 
 2.71000e+02  7.40272e-04 
 2.71500e+02  7.32352e-04 
 2.72000e+02  7.50864e-04 
 2.72500e+02  7.50032e-04 
 2.73000e+02  7.86936e-04 
 2.73500e+02  8.01560e-04 
 2.74000e+02  8.27960e-04 
 2.74500e+02  8.45688e-04 
 2.75000e+02  8.76848e-04 
 2.75500e+02  9.55904e-04 
 2.76000e+02  1.02974e-03 
 2.76500e+02  1.01914e-03 
 2.77000e+02  9.88240e-04 
 2.77500e+02  8.93576e-04 
 2.78000e+02  7.72640e-04 
 2.78500e+02  5.97400e-04 
 2.79000e+02  5.25024e-04 
 2.79500e+02  4.74240e-04 
 2.80000e+02  4.46360e-04 
 2.80500e+02  4.24256e-04 
 2.81000e+02  3.97448e-04 
 2.81500e+02  3.92088e-04 
 2.82000e+02  3.72856e-04 
 2.82500e+02  3.81920e-04 
 2.83000e+02  3.66368e-04 
 2.83500e+02  3.72320e-04 
 2.84000e+02  3.62256e-04 
 2.84500e+02  3.58904e-04 
 2.85000e+02  3.53280e-04 
 2.85500e+02  3.53552e-04 
 2.86000e+02  3.54328e-04 
 2.86500e+02  3.52304e-04 
 2.87000e+02  3.55464e-04 
 2.87500e+02  3.56520e-04 
 2.88000e+02  3.63864e-04 
 2.88500e+02  3.41096e-04 
 2.89000e+02  3.43072e-04 
 2.89500e+02  3.46944e-04 
 2.90000e+02  3.47896e-04 
 2.90500e+02  3.45320e-04 
 2.91000e+02  3.34896e-04 
 2.91500e+02  3.17896e-04 
 2.92000e+02  3.19600e-04 
 2.92500e+02  3.32912e-04 
 2.93000e+02  3.29008e-04 
 2.93500e+02  3.34752e-04 
 2.94000e+02  3.44176e-04 
 2.94500e+02  3.44088e-04 
 2.95000e+02  3.46496e-04 
 2.95500e+02  3.52800e-04 
 2.96000e+02  3.50776e-04 
 2.96500e+02  3.45808e-04 
 2.97000e+02  3.29336e-04 
 2.97500e+02  3.26368e-04 
 2.98000e+02  3.30768e-04 
 2.98500e+02  3.36280e-04 
 2.99000e+02  3.34960e-04 
 2.99500e+02  3.39672e-04 
 3.00000e+02  3.48568e-04 
 3.00500e+02  3.52200e-04 
 3.01000e+02  3.58408e-04 
 3.01500e+02  3.45312e-04 
 3.02000e+02  3.50944e-04 
 3.02500e+02  3.43384e-04 
 3.03000e+02  3.47584e-04 
 3.03500e+02  3.51784e-04 
 3.04000e+02  3.47016e-04 
 3.04500e+02  3.56920e-04 
 3.05000e+02  3.70904e-04 
 3.05500e+02  3.77304e-04 
 3.06000e+02  3.74048e-04 
 3.06500e+02  3.75280e-04 
 3.07000e+02  3.74424e-04 
 3.07500e+02  3.85504e-04 
 3.08000e+02  3.88784e-04 
 3.08500e+02  3.96696e-04 
 3.09000e+02  4.03400e-04 
 3.09500e+02  4.11192e-04 
 3.10000e+02  4.33344e-04 
 3.10500e+02  4.48816e-04 
 3.11000e+02  4.45376e-04 
 3.11500e+02  4.47768e-04 
 3.12000e+02  4.51808e-04 
 3.12500e+02  4.59640e-04 
 3.13000e+02  4.74656e-04 
 3.13500e+02  5.12832e-04 
 3.14000e+02  5.39576e-04 
 3.14500e+02  5.57120e-04 
 3.15000e+02  5.64120e-04 
 3.15500e+02  5.79800e-04 
 3.16000e+02  6.10336e-04 
 3.16500e+02  6.57832e-04 
 3.17000e+02  7.31896e-04 
 3.17500e+02  8.02456e-04 
 3.18000e+02  8.75664e-04 
 3.18500e+02  1.04207e-03 
 3.19000e+02  1.40894e-03 
 3.19500e+02  3.14243e-03 
