 0.00000e+00  1.00584e-04 
 5.00000e-01  1.10960e-04 
 1.00000e+00  8.92400e-05 
 1.50000e+00  7.01840e-05 
 2.00000e+00  6.48400e-05 
 2.50000e+00  6.14160e-05 
 3.00000e+00  5.81760e-05 
 3.50000e+00  5.26240e-05 
 4.00000e+00  4.94000e-05 
 4.50000e+00  4.55680e-05 
 5.00000e+00  4.60160e-05 
 5.50000e+00  4.20000e-05 
 6.00000e+00  4.23600e-05 
 6.50000e+00  4.21040e-05 
 7.00000e+00  3.92080e-05 
 7.50000e+00  3.73200e-05 
 8.00000e+00  3.70480e-05 
 8.50000e+00  3.91440e-05 
 9.00000e+00  3.96400e-05 
 9.50000e+00  3.64720e-05 
 1.00000e+01  3.81920e-05 
 1.05000e+01  4.15360e-05 
 1.10000e+01  3.88160e-05 
 1.15000e+01  3.80400e-05 
 1.20000e+01  3.99680e-05 
 1.25000e+01  3.78480e-05 
 1.30000e+01  3.61040e-05 
 1.35000e+01  3.95440e-05 
 1.40000e+01  3.85760e-05 
 1.45000e+01  3.82080e-05 
 1.50000e+01  4.08880e-05 
 1.55000e+01  3.97280e-05 
 1.60000e+01  3.96800e-05 
 1.65000e+01  3.91600e-05 
 1.70000e+01  4.16640e-05 
 1.75000e+01  3.90640e-05 
 1.80000e+01  3.70800e-05 
 1.85000e+01  3.58960e-05 
 1.90000e+01  3.54560e-05 
 1.95000e+01  3.84720e-05 
 2.00000e+01  3.80800e-05 
 2.05000e+01  4.29440e-05 
 2.10000e+01  4.52720e-05 
 2.15000e+01  3.94800e-05 
 2.20000e+01  3.97760e-05 
 2.25000e+01  4.08720e-05 
 2.30000e+01  5.00880e-05 
 2.35000e+01  4.56800e-05 
 2.40000e+01  4.59840e-05 
 2.45000e+01  4.45840e-05 
 2.50000e+01  4.37840e-05 
 2.55000e+01  4.18160e-05 
 2.60000e+01  4.69920e-05 
 2.65000e+01  5.13280e-05 
 2.70000e+01  4.91920e-05 
 2.75000e+01  4.82240e-05 
 2.80000e+01  4.44000e-05 
 2.85000e+01  4.29440e-05 
 2.90000e+01  4.16960e-05 
 2.95000e+01  4.09440e-05 
 3.00000e+01  4.00880e-05 
 3.05000e+01  4.25360e-05 
 3.10000e+01  4.47680e-05 
 3.15000e+01  4.50240e-05 
 3.20000e+01  4.53520e-05 
 3.25000e+01  4.75200e-05 
 3.30000e+01  4.93680e-05 
 3.35000e+01  5.14640e-05 
 3.40000e+01  6.14560e-05 
 3.45000e+01  5.96240e-05 
 3.50000e+01  5.73280e-05 
 3.55000e+01  6.26320e-05 
 3.60000e+01  6.53360e-05 
 3.65000e+01  7.33760e-05 
 3.70000e+01  8.94480e-05 
 3.75000e+01  1.12552e-04 
 3.80000e+01  1.21400e-04 
 3.85000e+01  1.55720e-04 
 3.90000e+01  1.60520e-04 
 3.95000e+01  1.69064e-04 
 4.00000e+01  1.58928e-04 
 4.05000e+01  1.68816e-04 
 4.10000e+01  1.59488e-04 
 4.15000e+01  1.49432e-04 
 4.20000e+01  1.45752e-04 
 4.25000e+01  1.51800e-04 
 4.30000e+01  1.47576e-04 
 4.35000e+01  1.59784e-04 
 4.40000e+01  1.59392e-04 
 4.45000e+01  1.54160e-04 
 4.50000e+01  1.46368e-04 
 4.55000e+01  1.72176e-04 
 4.60000e+01  1.78200e-04 
 4.65000e+01  1.75080e-04 
 4.70000e+01  1.68752e-04 
 4.75000e+01  1.76160e-04 
 4.80000e+01  1.84448e-04 
 4.85000e+01  1.73672e-04 
 4.90000e+01  1.79200e-04 
 4.95000e+01  1.94688e-04 
 5.00000e+01  1.96208e-04 
 5.05000e+01  2.28760e-04 
 5.10000e+01  2.42040e-04 
 5.15000e+01  2.21688e-04 
 5.20000e+01  2.45920e-04 
 5.25000e+01  2.71520e-04 
 5.30000e+01  2.70992e-04 
 5.35000e+01  2.63920e-04 
 5.40000e+01  2.68656e-04 
 5.45000e+01  2.66848e-04 
 5.50000e+01  2.74304e-04 
 5.55000e+01  2.64616e-04 
 5.60000e+01  3.02520e-04 
 5.65000e+01  2.99352e-04 
 5.70000e+01  3.33768e-04 
 5.75000e+01  3.49936e-04 
 5.80000e+01  3.95440e-04 
 5.85000e+01  3.82480e-04 
 5.90000e+01  3.85104e-04 
 5.95000e+01  4.37992e-04 
 6.00000e+01  4.11200e-04 
 6.05000e+01  4.03904e-04 
 6.10000e+01  4.14968e-04 
 6.15000e+01  4.49584e-04 
 6.20000e+01  4.54768e-04 
 6.25000e+01  4.74184e-04 
 6.30000e+01  4.83904e-04 
 6.35000e+01  4.97368e-04 
 6.40000e+01  4.93000e-04 
 6.45000e+01  4.76480e-04 
 6.50000e+01  4.76504e-04 
 6.55000e+01  4.99040e-04 
 6.60000e+01  5.44384e-04 
 6.65000e+01  5.23224e-04 
 6.70000e+01  5.16952e-04 
 6.75000e+01  5.37136e-04 
 6.80000e+01  5.07688e-04 
 6.85000e+01  5.39048e-04 
 6.90000e+01  5.42400e-04 
 6.95000e+01  5.53512e-04 
 7.00000e+01  5.84560e-04 
 7.05000e+01  5.92160e-04 
 7.10000e+01  6.16320e-04 
 7.15000e+01  6.31816e-04 
 7.20000e+01  6.79872e-04 
 7.25000e+01  6.63728e-04 
 7.30000e+01  6.50136e-04 
 7.35000e+01  6.79112e-04 
 7.40000e+01  6.83072e-04 
 7.45000e+01  6.53888e-04 
 7.50000e+01  6.42096e-04 
 7.55000e+01  6.92096e-04 
 7.60000e+01  7.62080e-04 
 7.65000e+01  7.44552e-04 
 7.70000e+01  7.70936e-04 
 7.75000e+01  8.60112e-04 
 7.80000e+01  8.53240e-04 
 7.85000e+01  8.08848e-04 
 7.90000e+01  8.91112e-04 
 7.95000e+01  8.67640e-04 
 8.00000e+01  8.53168e-04 
 8.05000e+01  8.61360e-04 
 8.10000e+01  9.13552e-04 
 8.15000e+01  8.70872e-04 
 8.20000e+01  1.06362e-03 
 8.25000e+01  1.04706e-03 
 8.30000e+01  1.00357e-03 
 8.35000e+01  9.88056e-04 
 8.40000e+01  9.54144e-04 
 8.45000e+01  1.01814e-03 
 8.50000e+01  1.00594e-03 
 8.55000e+01  1.01686e-03 
 8.60000e+01  1.08299e-03 
 8.65000e+01  1.07148e-03 
 8.70000e+01  9.68896e-04 
 8.75000e+01  9.80848e-04 
 8.80000e+01  9.99792e-04 
 8.85000e+01  1.04412e-03 
 8.90000e+01  1.04622e-03 
 8.95000e+01  9.99296e-04 
 9.00000e+01  1.06448e-03 
 9.05000e+01  1.19391e-03 
 9.10000e+01  1.22620e-03 
 9.15000e+01  1.19455e-03 
 9.20000e+01  1.20035e-03 
 9.25000e+01  1.27489e-03 
 9.30000e+01  1.32214e-03 
 9.35000e+01  1.34986e-03 
 9.40000e+01  1.38009e-03 
 9.45000e+01  1.38370e-03 
 9.50000e+01  1.41645e-03 
 9.55000e+01  1.46283e-03 
 9.60000e+01  1.48691e-03 
 9.65000e+01  1.59713e-03 
 9.70000e+01  1.73421e-03 
 9.75000e+01  1.77710e-03 
 9.80000e+01  1.83380e-03 
 9.85000e+01  1.91678e-03 
 9.90000e+01  2.09679e-03 
 9.95000e+01  2.09359e-03 
 1.00000e+02  2.26434e-03 
 1.00500e+02  2.44565e-03 
 1.01000e+02  2.53198e-03 
 1.01500e+02  2.64986e-03 
 1.02000e+02  2.83142e-03 
 1.02500e+02  3.01002e-03 
 1.03000e+02  3.10800e-03 
 1.03500e+02  3.34152e-03 
 1.04000e+02  3.72622e-03 
 1.04500e+02  4.00305e-03 
 1.05000e+02  4.02273e-03 
 1.05500e+02  4.31268e-03 
 1.06000e+02  4.37903e-03 
 1.06500e+02  4.42577e-03 
 1.07000e+02  4.92144e-03 
 1.07500e+02  5.10462e-03 
 1.08000e+02  5.38575e-03 
 1.08500e+02  5.38745e-03 
 1.09000e+02  5.81080e-03 
 1.09500e+02  5.72826e-03 
 1.10000e+02  5.92571e-03 
 1.10500e+02  6.09221e-03 
 1.11000e+02  6.51938e-03 
 1.11500e+02  6.72817e-03 
 1.12000e+02  6.85102e-03 
 1.12500e+02  7.35618e-03 
 1.13000e+02  7.83847e-03 
 1.13500e+02  7.66755e-03 
 1.14000e+02  7.71442e-03 
 1.14500e+02  8.05250e-03 
 1.15000e+02  8.19775e-03 
 1.15500e+02  8.46059e-03 
 1.16000e+02  8.52914e-03 
 1.16500e+02  8.57118e-03 
 1.17000e+02  8.42979e-03 
 1.17500e+02  8.47679e-03 
 1.18000e+02  8.93765e-03 
 1.18500e+02  9.13566e-03 
 1.19000e+02  9.14673e-03 
 1.19500e+02  8.95047e-03 
 1.20000e+02  9.24066e-03 
 1.20500e+02  9.61676e-03 
 1.21000e+02  9.34390e-03 
 1.21500e+02  9.64918e-03 
 1.22000e+02  9.97384e-03 
 1.22500e+02  1.00174e-02 
 1.23000e+02  9.87468e-03 
 1.23500e+02  1.00636e-02 
 1.24000e+02  1.00547e-02 
 1.24500e+02  1.02360e-02 
 1.25000e+02  1.08602e-02 
 1.25500e+02  1.10156e-02 
 1.26000e+02  1.04831e-02 
 1.26500e+02  1.06697e-02 
 1.27000e+02  1.10457e-02 
 1.27500e+02  1.10880e-02 
 1.28000e+02  1.16246e-02 
 1.28500e+02  1.20095e-02 
 1.29000e+02  1.17027e-02 
 1.29500e+02  1.18344e-02 
 1.30000e+02  1.26352e-02 
 1.30500e+02  1.27430e-02 
 1.31000e+02  1.27063e-02 
 1.31500e+02  1.31206e-02 
 1.32000e+02  1.26317e-02 
 1.32500e+02  1.26168e-02 
 1.33000e+02  1.24913e-02 
 1.33500e+02  1.35677e-02 
 1.34000e+02  1.37120e-02 
 1.34500e+02  1.35481e-02 
 1.35000e+02  1.37935e-02 
 1.35500e+02  1.38024e-02 
 1.36000e+02  1.39545e-02 
 1.36500e+02  1.35870e-02 
 1.37000e+02  1.33288e-02 
 1.37500e+02  1.36610e-02 
 1.38000e+02  1.38799e-02 
 1.38500e+02  1.37361e-02 
 1.39000e+02  1.36188e-02 
 1.39500e+02  1.43070e-02 
 1.40000e+02  1.46313e-02 
 1.40500e+02  1.49042e-02 
 1.41000e+02  1.45771e-02 
 1.41500e+02  1.49689e-02 
 1.42000e+02  1.47483e-02 
 1.42500e+02  1.46645e-02 
 1.43000e+02  1.47917e-02 
 1.43500e+02  1.44905e-02 
 1.44000e+02  1.43614e-02 
 1.44500e+02  1.41697e-02 
 1.45000e+02  1.42132e-02 
 1.45500e+02  1.46421e-02 
 1.46000e+02  1.51839e-02 
 1.46500e+02  1.48721e-02 
 1.47000e+02  1.48499e-02 
 1.47500e+02  1.50463e-02 
 1.48000e+02  1.54274e-02 
 1.48500e+02  1.52364e-02 
 1.49000e+02  1.55962e-02 
 1.49500e+02  1.53313e-02 
 1.50000e+02  1.47339e-02 
 1.50500e+02  1.48636e-02 
 1.51000e+02  1.51030e-02 
 1.51500e+02  1.52266e-02 
 1.52000e+02  1.55595e-02 
 1.52500e+02  1.51013e-02 
 1.53000e+02  1.54819e-02 
 1.53500e+02  1.49558e-02 
 1.54000e+02  1.50297e-02 
 1.54500e+02  1.48707e-02 
 1.55000e+02  1.48922e-02 
 1.55500e+02  1.55181e-02 
 1.56000e+02  1.52038e-02 
 1.56500e+02  1.49035e-02 
 1.57000e+02  1.54099e-02 
 1.57500e+02  1.49676e-02 
 1.58000e+02  1.44876e-02 
 1.58500e+02  1.51439e-02 
 1.59000e+02  1.50623e-02 
 1.59500e+02  1.49027e-02 
 1.60000e+02  1.49680e-02 
 1.60500e+02  1.46411e-02 
 1.61000e+02  1.42930e-02 
 1.61500e+02  1.44938e-02 
 1.62000e+02  1.43318e-02 
 1.62500e+02  1.40852e-02 
 1.63000e+02  1.50695e-02 
 1.63500e+02  1.44738e-02 
 1.64000e+02  1.47871e-02 
 1.64500e+02  1.51021e-02 
 1.65000e+02  1.55636e-02 
 1.65500e+02  1.50412e-02 
 1.66000e+02  1.48788e-02 
 1.66500e+02  1.49970e-02 
 1.67000e+02  1.45992e-02 
 1.67500e+02  1.47567e-02 
 1.68000e+02  1.52877e-02 
 1.68500e+02  1.50126e-02 
 1.69000e+02  1.54369e-02 
 1.69500e+02  1.52698e-02 
 1.70000e+02  1.48619e-02 
 1.70500e+02  1.51326e-02 
 1.71000e+02  1.51943e-02 
 1.71500e+02  1.54204e-02 
 1.72000e+02  1.53039e-02 
 1.72500e+02  1.56497e-02 
 1.73000e+02  1.49405e-02 
 1.73500e+02  1.51703e-02 
 1.74000e+02  1.50420e-02 
 1.74500e+02  1.48916e-02 
 1.75000e+02  1.48440e-02 
 1.75500e+02  1.44827e-02 
 1.76000e+02  1.48448e-02 
 1.76500e+02  1.42382e-02 
 1.77000e+02  1.39953e-02 
 1.77500e+02  1.34777e-02 
 1.78000e+02  1.38813e-02 
 1.78500e+02  1.42214e-02 
 1.79000e+02  1.44365e-02 
 1.79500e+02  1.44824e-02 
 1.80000e+02  1.40374e-02 
 1.80500e+02  1.40352e-02 
 1.81000e+02  1.46117e-02 
 1.81500e+02  1.44425e-02 
 1.82000e+02  1.40419e-02 
 1.82500e+02  1.38598e-02 
 1.83000e+02  1.39974e-02 
 1.83500e+02  1.44160e-02 
 1.84000e+02  1.38955e-02 
 1.84500e+02  1.37410e-02 
 1.85000e+02  1.31978e-02 
 1.85500e+02  1.33122e-02 
 1.86000e+02  1.35270e-02 
 1.86500e+02  1.33176e-02 
 1.87000e+02  1.32938e-02 
 1.87500e+02  1.28021e-02 
 1.88000e+02  1.29229e-02 
 1.88500e+02  1.29605e-02 
 1.89000e+02  1.27021e-02 
 1.89500e+02  1.20770e-02 
 1.90000e+02  1.21697e-02 
 1.90500e+02  1.23977e-02 
 1.91000e+02  1.19613e-02 
 1.91500e+02  1.20014e-02 
 1.92000e+02  1.18450e-02 
 1.92500e+02  1.13889e-02 
 1.93000e+02  1.13720e-02 
 1.93500e+02  1.15530e-02 
 1.94000e+02  1.18032e-02 
 1.94500e+02  1.15714e-02 
 1.95000e+02  1.17121e-02 
 1.95500e+02  1.14781e-02 
 1.96000e+02  1.09843e-02 
 1.96500e+02  1.10543e-02 
 1.97000e+02  1.10923e-02 
 1.97500e+02  1.04414e-02 
 1.98000e+02  1.07094e-02 
 1.98500e+02  1.05762e-02 
 1.99000e+02  1.05447e-02 
 1.99500e+02  1.02411e-02 
 2.00000e+02  9.90208e-03 
 2.00500e+02  9.95636e-03 
 2.01000e+02  1.00951e-02 
 2.01500e+02  9.73624e-03 
 2.02000e+02  9.64470e-03 
 2.02500e+02  9.38506e-03 
 2.03000e+02  8.88149e-03 
 2.03500e+02  8.23975e-03 
 2.04000e+02  8.01345e-03 
 2.04500e+02  8.24118e-03 
 2.05000e+02  8.19209e-03 
 2.05500e+02  7.92402e-03 
 2.06000e+02  7.59479e-03 
 2.06500e+02  6.85515e-03 
 2.07000e+02  6.46351e-03 
 2.07500e+02  6.16596e-03 
 2.08000e+02  6.17970e-03 
 2.08500e+02  6.19594e-03 
 2.09000e+02  6.19174e-03 
 2.09500e+02  6.07317e-03 
 2.10000e+02  5.78645e-03 
 2.10500e+02  5.51454e-03 
 2.11000e+02  5.00826e-03 
 2.11500e+02  4.95114e-03 
 2.12000e+02  4.94198e-03 
 2.12500e+02  5.06374e-03 
 2.13000e+02  4.94791e-03 
 2.13500e+02  4.52702e-03 
 2.14000e+02  4.39945e-03 
 2.14500e+02  4.19493e-03 
 2.15000e+02  3.91998e-03 
 2.15500e+02  3.69542e-03 
 2.16000e+02  3.49873e-03 
 2.16500e+02  3.47568e-03 
 2.17000e+02  3.34334e-03 
 2.17500e+02  3.18904e-03 
 2.18000e+02  3.05204e-03 
 2.18500e+02  2.95557e-03 
 2.19000e+02  2.96866e-03 
 2.19500e+02  2.90993e-03 
 2.20000e+02  2.82106e-03 
 2.20500e+02  2.70488e-03 
 2.21000e+02  2.69673e-03 
 2.21500e+02  2.70755e-03 
 2.22000e+02  2.70374e-03 
 2.22500e+02  2.73825e-03 
 2.23000e+02  2.69254e-03 
 2.23500e+02  2.67908e-03 
 2.24000e+02  2.74017e-03 
 2.24500e+02  2.60642e-03 
 2.25000e+02  2.59522e-03 
 2.25500e+02  2.47873e-03 
 2.26000e+02  2.31925e-03 
 2.26500e+02  2.29632e-03 
 2.27000e+02  2.18934e-03 
 2.27500e+02  2.12501e-03 
 2.28000e+02  2.13782e-03 
 2.28500e+02  2.20639e-03 
 2.29000e+02  2.17996e-03 
 2.29500e+02  2.20474e-03 
 2.30000e+02  2.32622e-03 
 2.30500e+02  2.29575e-03 
 2.31000e+02  2.18170e-03 
 2.31500e+02  2.22021e-03 
 2.32000e+02  2.05346e-03 
 2.32500e+02  1.94306e-03 
 2.33000e+02  1.92110e-03 
 2.33500e+02  1.84070e-03 
 2.34000e+02  1.86420e-03 
 2.34500e+02  1.84770e-03 
 2.35000e+02  1.84889e-03 
 2.35500e+02  1.83802e-03 
 2.36000e+02  1.82205e-03 
 2.36500e+02  1.82953e-03 
 2.37000e+02  1.89375e-03 
 2.37500e+02  1.92254e-03 
 2.38000e+02  1.78924e-03 
 2.38500e+02  1.71388e-03 
 2.39000e+02  1.74198e-03 
 2.39500e+02  1.72090e-03 
 2.40000e+02  1.61782e-03 
 2.40500e+02  1.59523e-03 
 2.41000e+02  1.60560e-03 
 2.41500e+02  1.64290e-03 
 2.42000e+02  1.52886e-03 
 2.42500e+02  1.54422e-03 
 2.43000e+02  1.57827e-03 
 2.43500e+02  1.53942e-03 
 2.44000e+02  1.54698e-03 
 2.44500e+02  1.47446e-03 
 2.45000e+02  1.46245e-03 
 2.45500e+02  1.43393e-03 
 2.46000e+02  1.43100e-03 
 2.46500e+02  1.35996e-03 
 2.47000e+02  1.39414e-03 
 2.47500e+02  1.26592e-03 
 2.48000e+02  1.29075e-03 
 2.48500e+02  1.29160e-03 
 2.49000e+02  1.31881e-03 
 2.49500e+02  1.29476e-03 
 2.50000e+02  1.31131e-03 
 2.50500e+02  1.28042e-03 
 2.51000e+02  1.19466e-03 
 2.51500e+02  1.23311e-03 
 2.52000e+02  1.20206e-03 
 2.52500e+02  1.24187e-03 
 2.53000e+02  1.23570e-03 
 2.53500e+02  1.26692e-03 
 2.54000e+02  1.27622e-03 
 2.54500e+02  1.24374e-03 
 2.55000e+02  1.22674e-03 
 2.55500e+02  1.19038e-03 
 2.56000e+02  1.18514e-03 
 2.56500e+02  1.16648e-03 
 2.57000e+02  1.10630e-03 
 2.57500e+02  1.08629e-03 
 2.58000e+02  1.11470e-03 
 2.58500e+02  1.08009e-03 
 2.59000e+02  1.03961e-03 
 2.59500e+02  1.05228e-03 
 2.60000e+02  1.00935e-03 
 2.60500e+02  9.56048e-04 
 2.61000e+02  9.53864e-04 
 2.61500e+02  9.71632e-04 
 2.62000e+02  9.48448e-04 
 2.62500e+02  9.40640e-04 
 2.63000e+02  9.66592e-04 
 2.63500e+02  9.05672e-04 
 2.64000e+02  9.06032e-04 
 2.64500e+02  8.29224e-04 
 2.65000e+02  8.20232e-04 
 2.65500e+02  8.04088e-04 
 2.66000e+02  7.99384e-04 
 2.66500e+02  7.99816e-04 
 2.67000e+02  7.88312e-04 
 2.67500e+02  7.89312e-04 
 2.68000e+02  7.78008e-04 
 2.68500e+02  7.63832e-04 
 2.69000e+02  7.61320e-04 
 2.69500e+02  7.66808e-04 
 2.70000e+02  7.55328e-04 
 2.70500e+02  7.64768e-04 
 2.71000e+02  7.59784e-04 
 2.71500e+02  7.34696e-04 
 2.72000e+02  7.51304e-04 
 2.72500e+02  7.64376e-04 
 2.73000e+02  7.79776e-04 
 2.73500e+02  7.90024e-04 
 2.74000e+02  8.07928e-04 
 2.74500e+02  8.53728e-04 
 2.75000e+02  8.88000e-04 
 2.75500e+02  9.38320e-04 
 2.76000e+02  9.94832e-04 
 2.76500e+02  1.07108e-03 
 2.77000e+02  1.03326e-03 
 2.77500e+02  9.48768e-04 
 2.78000e+02  8.08640e-04 
 2.78500e+02  7.04912e-04 
 2.79000e+02  5.88304e-04 
 2.79500e+02  4.78888e-04 
 2.80000e+02  4.41648e-04 
 2.80500e+02  4.20096e-04 
 2.81000e+02  4.11096e-04 
 2.81500e+02  3.94688e-04 
 2.82000e+02  3.81528e-04 
 2.82500e+02  3.94040e-04 
 2.83000e+02  3.67288e-04 
 2.83500e+02  3.63120e-04 
 2.84000e+02  3.64536e-04 
 2.84500e+02  3.55864e-04 
 2.85000e+02  3.57264e-04 
 2.85500e+02  3.44728e-04 
 2.86000e+02  3.31584e-04 
 2.86500e+02  3.27904e-04 
 2.87000e+02  3.30800e-04 
 2.87500e+02  3.19536e-04 
 2.88000e+02  3.22840e-04 
 2.88500e+02  3.33104e-04 
 2.89000e+02  3.36168e-04 
 2.89500e+02  3.37504e-04 
 2.90000e+02  3.31584e-04 
 2.90500e+02  3.37112e-04 
 2.91000e+02  3.30048e-04 
 2.91500e+02  3.28960e-04 
 2.92000e+02  3.24120e-04 
 2.92500e+02  3.24128e-04 
 2.93000e+02  3.25584e-04 
 2.93500e+02  3.32520e-04 
 2.94000e+02  3.32080e-04 
 2.94500e+02  3.36344e-04 
 2.95000e+02  3.31704e-04 
 2.95500e+02  3.36984e-04 
 2.96000e+02  3.38952e-04 
 2.96500e+02  3.31744e-04 
 2.97000e+02  3.39232e-04 
 2.97500e+02  3.34912e-04 
 2.98000e+02  3.24376e-04 
 2.98500e+02  3.29976e-04 
 2.99000e+02  3.49216e-04 
 2.99500e+02  3.48200e-04 
 3.00000e+02  3.47304e-04 
 3.00500e+02  3.61568e-04 
 3.01000e+02  3.67520e-04 
 3.01500e+02  3.64640e-04 
 3.02000e+02  3.63392e-04 
 3.02500e+02  3.56432e-04 
 3.03000e+02  3.50584e-04 
 3.03500e+02  3.44560e-04 
 3.04000e+02  3.44008e-04 
 3.04500e+02  3.55992e-04 
 3.05000e+02  3.69664e-04 
 3.05500e+02  3.80152e-04 
 3.06000e+02  3.83328e-04 
 3.06500e+02  3.99336e-04 
 3.07000e+02  3.88272e-04 
 3.07500e+02  3.95032e-04 
 3.08000e+02  3.85752e-04 
 3.08500e+02  3.82368e-04 
 3.09000e+02  3.98768e-04 
 3.09500e+02  4.20448e-04 
 3.10000e+02  4.39744e-04 
 3.10500e+02  4.55976e-04 
 3.11000e+02  4.51136e-04 
 3.11500e+02  4.53440e-04 
 3.12000e+02  4.58976e-04 
 3.12500e+02  4.72992e-04 
 3.13000e+02  4.92160e-04 
 3.13500e+02  5.18264e-04 
 3.14000e+02  5.45864e-04 
 3.14500e+02  5.48200e-04 
 3.15000e+02  5.59152e-04 
 3.15500e+02  5.82904e-04 
 3.16000e+02  6.17560e-04 
 3.16500e+02  6.70976e-04 
 3.17000e+02  7.25536e-04 
 3.17500e+02  8.00976e-04 
 3.18000e+02  8.80808e-04 
 3.18500e+02  1.03476e-03 
 3.19000e+02  1.41371e-03 
 3.19500e+02  3.14682e-03 
