 0.00000e+00  7.56640e-05 
 5.00000e-01  7.88320e-05 
 1.00000e+00  6.23280e-05 
 1.50000e+00  5.07920e-05 
 2.00000e+00  4.59760e-05 
 2.50000e+00  4.04400e-05 
 3.00000e+00  3.82640e-05 
 3.50000e+00  3.61520e-05 
 4.00000e+00  3.65920e-05 
 4.50000e+00  3.32880e-05 
 5.00000e+00  3.09440e-05 
 5.50000e+00  3.29280e-05 
 6.00000e+00  3.07280e-05 
 6.50000e+00  3.43280e-05 
 7.00000e+00  3.28960e-05 
 7.50000e+00  3.42320e-05 
 8.00000e+00  3.33600e-05 
 8.50000e+00  3.23680e-05 
 9.00000e+00  3.11200e-05 
 9.50000e+00  3.17200e-05 
 1.00000e+01  3.07760e-05 
 1.05000e+01  3.13600e-05 
 1.10000e+01  2.95840e-05 
 1.15000e+01  3.13120e-05 
 1.20000e+01  3.46000e-05 
 1.25000e+01  3.33920e-05 
 1.30000e+01  3.36880e-05 
 1.35000e+01  3.02080e-05 
 1.40000e+01  2.93200e-05 
 1.45000e+01  3.24720e-05 
 1.50000e+01  3.29280e-05 
 1.55000e+01  3.13600e-05 
 1.60000e+01  3.31600e-05 
 1.65000e+01  3.24640e-05 
 1.70000e+01  3.18080e-05 
 1.75000e+01  3.03280e-05 
 1.80000e+01  3.21360e-05 
 1.85000e+01  3.08160e-05 
 1.90000e+01  3.18080e-05 
 1.95000e+01  3.24560e-05 
 2.00000e+01  3.12240e-05 
 2.05000e+01  3.51600e-05 
 2.10000e+01  3.42800e-05 
 2.15000e+01  3.40720e-05 
 2.20000e+01  3.68160e-05 
 2.25000e+01  3.76240e-05 
 2.30000e+01  3.82000e-05 
 2.35000e+01  3.56720e-05 
 2.40000e+01  3.47920e-05 
 2.45000e+01  3.81360e-05 
 2.50000e+01  3.80320e-05 
 2.55000e+01  4.09280e-05 
 2.60000e+01  4.27760e-05 
 2.65000e+01  3.97680e-05 
 2.70000e+01  4.05440e-05 
 2.75000e+01  4.44480e-05 
 2.80000e+01  4.41120e-05 
 2.85000e+01  4.31040e-05 
 2.90000e+01  4.89280e-05 
 2.95000e+01  4.84400e-05 
 3.00000e+01  5.43520e-05 
 3.05000e+01  4.98400e-05 
 3.10000e+01  4.78640e-05 
 3.15000e+01  4.92000e-05 
 3.20000e+01  5.01440e-05 
 3.25000e+01  4.90960e-05 
 3.30000e+01  5.28880e-05 
 3.35000e+01  5.03760e-05 
 3.40000e+01  5.56480e-05 
 3.45000e+01  5.38400e-05 
 3.50000e+01  6.30640e-05 
 3.55000e+01  6.71360e-05 
 3.60000e+01  6.29200e-05 
 3.65000e+01  6.69360e-05 
 3.70000e+01  8.33040e-05 
 3.75000e+01  9.27600e-05 
 3.80000e+01  1.20560e-04 
 3.85000e+01  1.38968e-04 
 3.90000e+01  1.39080e-04 
 3.95000e+01  1.32024e-04 
 4.00000e+01  1.44520e-04 
 4.05000e+01  1.44968e-04 
 4.10000e+01  1.47800e-04 
 4.15000e+01  1.52056e-04 
 4.20000e+01  1.50728e-04 
 4.25000e+01  1.33048e-04 
 4.30000e+01  1.39216e-04 
 4.35000e+01  1.35464e-04 
 4.40000e+01  1.34896e-04 
 4.45000e+01  1.49712e-04 
 4.50000e+01  1.44720e-04 
 4.55000e+01  1.42960e-04 
 4.60000e+01  1.41920e-04 
 4.65000e+01  1.55736e-04 
 4.70000e+01  1.61088e-04 
 4.75000e+01  1.63080e-04 
 4.80000e+01  1.71400e-04 
 4.85000e+01  1.77016e-04 
 4.90000e+01  1.76240e-04 
 4.95000e+01  1.85344e-04 
 5.00000e+01  1.99400e-04 
 5.05000e+01  1.92352e-04 
 5.10000e+01  1.92744e-04 
 5.15000e+01  2.05384e-04 
 5.20000e+01  2.17856e-04 
 5.25000e+01  2.28800e-04 
 5.30000e+01  2.52640e-04 
 5.35000e+01  2.47720e-04 
 5.40000e+01  2.77776e-04 
 5.45000e+01  3.03832e-04 
 5.50000e+01  2.99680e-04 
 5.55000e+01  3.13976e-04 
 5.60000e+01  3.25144e-04 
 5.65000e+01  3.46568e-04 
 5.70000e+01  3.24768e-04 
 5.75000e+01  3.33976e-04 
 5.80000e+01  3.73208e-04 
 5.85000e+01  3.76304e-04 
 5.90000e+01  3.64488e-04 
 5.95000e+01  3.87512e-04 
 6.00000e+01  3.73632e-04 
 6.05000e+01  4.14936e-04 
 6.10000e+01  3.85032e-04 
 6.15000e+01  3.95456e-04 
 6.20000e+01  4.13080e-04 
 6.25000e+01  3.89544e-04 
 6.30000e+01  4.22568e-04 
 6.35000e+01  4.32592e-04 
 6.40000e+01  4.44408e-04 
 6.45000e+01  4.52600e-04 
 6.50000e+01  4.21024e-04 
 6.55000e+01  4.58632e-04 
 6.60000e+01  4.47864e-04 
 6.65000e+01  4.41192e-04 
 6.70000e+01  4.35360e-04 
 6.75000e+01  4.30336e-04 
 6.80000e+01  4.81400e-04 
 6.85000e+01  4.60112e-04 
 6.90000e+01  4.88232e-04 
 6.95000e+01  5.18464e-04 
 7.00000e+01  5.46864e-04 
 7.05000e+01  5.47024e-04 
 7.10000e+01  5.75992e-04 
 7.15000e+01  5.96840e-04 
 7.20000e+01  6.08896e-04 
 7.25000e+01  6.15504e-04 
 7.30000e+01  6.72672e-04 
 7.35000e+01  6.28584e-04 
 7.40000e+01  6.73760e-04 
 7.45000e+01  6.35400e-04 
 7.50000e+01  6.24592e-04 
 7.55000e+01  6.38712e-04 
 7.60000e+01  6.29000e-04 
 7.65000e+01  6.55128e-04 
 7.70000e+01  7.59440e-04 
 7.75000e+01  7.71704e-04 
 7.80000e+01  7.94360e-04 
 7.85000e+01  7.38784e-04 
 7.90000e+01  7.85552e-04 
 7.95000e+01  7.90320e-04 
 8.00000e+01  8.09648e-04 
 8.05000e+01  7.64872e-04 
 8.10000e+01  7.59328e-04 
 8.15000e+01  7.86648e-04 
 8.20000e+01  7.94064e-04 
 8.25000e+01  8.14120e-04 
 8.30000e+01  7.98728e-04 
 8.35000e+01  8.73376e-04 
 8.40000e+01  9.04360e-04 
 8.45000e+01  9.13728e-04 
 8.50000e+01  8.75472e-04 
 8.55000e+01  8.80488e-04 
 8.60000e+01  8.90832e-04 
 8.65000e+01  9.06392e-04 
 8.70000e+01  9.90936e-04 
 8.75000e+01  1.01070e-03 
 8.80000e+01  9.32368e-04 
 8.85000e+01  1.01848e-03 
 8.90000e+01  1.02594e-03 
 8.95000e+01  1.02842e-03 
 9.00000e+01  1.03930e-03 
 9.05000e+01  1.05227e-03 
 9.10000e+01  1.12395e-03 
 9.15000e+01  1.23699e-03 
 9.20000e+01  1.21686e-03 
 9.25000e+01  1.16111e-03 
 9.30000e+01  1.17682e-03 
 9.35000e+01  1.19978e-03 
 9.40000e+01  1.20962e-03 
 9.45000e+01  1.23188e-03 
 9.50000e+01  1.35860e-03 
 9.55000e+01  1.39849e-03 
 9.60000e+01  1.39777e-03 
 9.65000e+01  1.47310e-03 
 9.70000e+01  1.48390e-03 
 9.75000e+01  1.58262e-03 
 9.80000e+01  1.58816e-03 
 9.85000e+01  1.65267e-03 
 9.90000e+01  1.84334e-03 
 9.95000e+01  1.88857e-03 
 1.00000e+02  2.12743e-03 
 1.00500e+02  2.34712e-03 
 1.01000e+02  2.50620e-03 
 1.01500e+02  2.83650e-03 
 1.02000e+02  2.92173e-03 
 1.02500e+02  3.08066e-03 
 1.03000e+02  3.16235e-03 
 1.03500e+02  3.23371e-03 
 1.04000e+02  3.45529e-03 
 1.04500e+02  3.35058e-03 
 1.05000e+02  3.78708e-03 
 1.05500e+02  3.90035e-03 
 1.06000e+02  4.13594e-03 
 1.06500e+02  4.35225e-03 
 1.07000e+02  4.45422e-03 
 1.07500e+02  4.77648e-03 
 1.08000e+02  4.76082e-03 
 1.08500e+02  4.96643e-03 
 1.09000e+02  5.11627e-03 
 1.09500e+02  5.32431e-03 
 1.10000e+02  5.50425e-03 
 1.10500e+02  5.83877e-03 
 1.11000e+02  6.23966e-03 
 1.11500e+02  6.05065e-03 
 1.12000e+02  6.32064e-03 
 1.12500e+02  6.65843e-03 
 1.13000e+02  6.69988e-03 
 1.13500e+02  7.04979e-03 
 1.14000e+02  7.14471e-03 
 1.14500e+02  7.42128e-03 
 1.15000e+02  7.24227e-03 
 1.15500e+02  7.55222e-03 
 1.16000e+02  8.15566e-03 
 1.16500e+02  8.21654e-03 
 1.17000e+02  8.64535e-03 
 1.17500e+02  9.04566e-03 
 1.18000e+02  8.95787e-03 
 1.18500e+02  8.86321e-03 
 1.19000e+02  9.41650e-03 
 1.19500e+02  9.70654e-03 
 1.20000e+02  9.53464e-03 
 1.20500e+02  9.57708e-03 
 1.21000e+02  9.75085e-03 
 1.21500e+02  9.98315e-03 
 1.22000e+02  9.64222e-03 
 1.22500e+02  9.49523e-03 
 1.23000e+02  9.76007e-03 
 1.23500e+02  9.84675e-03 
 1.24000e+02  1.03223e-02 
 1.24500e+02  1.03959e-02 
 1.25000e+02  1.06617e-02 
 1.25500e+02  1.05260e-02 
 1.26000e+02  1.07385e-02 
 1.26500e+02  1.10198e-02 
 1.27000e+02  1.06266e-02 
 1.27500e+02  1.03515e-02 
 1.28000e+02  1.05926e-02 
 1.28500e+02  1.09689e-02 
 1.29000e+02  1.11908e-02 
 1.29500e+02  1.16848e-02 
 1.30000e+02  1.17653e-02 
 1.30500e+02  1.15007e-02 
 1.31000e+02  1.18004e-02 
 1.31500e+02  1.22299e-02 
 1.32000e+02  1.27221e-02 
 1.32500e+02  1.19470e-02 
 1.33000e+02  1.17439e-02 
 1.33500e+02  1.19650e-02 
 1.34000e+02  1.25763e-02 
 1.34500e+02  1.26816e-02 
 1.35000e+02  1.24792e-02 
 1.35500e+02  1.28138e-02 
 1.36000e+02  1.24805e-02 
 1.36500e+02  1.22892e-02 
 1.37000e+02  1.22915e-02 
 1.37500e+02  1.30955e-02 
 1.38000e+02  1.25788e-02 
 1.38500e+02  1.34055e-02 
 1.39000e+02  1.32513e-02 
 1.39500e+02  1.28818e-02 
 1.40000e+02  1.30814e-02 
 1.40500e+02  1.34248e-02 
 1.41000e+02  1.32166e-02 
 1.41500e+02  1.32570e-02 
 1.42000e+02  1.37342e-02 
 1.42500e+02  1.43046e-02 
 1.43000e+02  1.49554e-02 
 1.43500e+02  1.47768e-02 
 1.44000e+02  1.40095e-02 
 1.44500e+02  1.41345e-02 
 1.45000e+02  1.41326e-02 
 1.45500e+02  1.44322e-02 
 1.46000e+02  1.49881e-02 
 1.46500e+02  1.41028e-02 
 1.47000e+02  1.41577e-02 
 1.47500e+02  1.46283e-02 
 1.48000e+02  1.47854e-02 
 1.48500e+02  1.45964e-02 
 1.49000e+02  1.50264e-02 
 1.49500e+02  1.53799e-02 
 1.50000e+02  1.51305e-02 
 1.50500e+02  1.49668e-02 
 1.51000e+02  1.47084e-02 
 1.51500e+02  1.45614e-02 
 1.52000e+02  1.49443e-02 
 1.52500e+02  1.52854e-02 
 1.53000e+02  1.51854e-02 
 1.53500e+02  1.53914e-02 
 1.54000e+02  1.53848e-02 
 1.54500e+02  1.56566e-02 
 1.55000e+02  1.51402e-02 
 1.55500e+02  1.51304e-02 
 1.56000e+02  1.44756e-02 
 1.56500e+02  1.45747e-02 
 1.57000e+02  1.48651e-02 
 1.57500e+02  1.48115e-02 
 1.58000e+02  1.49350e-02 
 1.58500e+02  1.54048e-02 
 1.59000e+02  1.51498e-02 
 1.59500e+02  1.50173e-02 
 1.60000e+02  1.48780e-02 
 1.60500e+02  1.48474e-02 
 1.61000e+02  1.48415e-02 
 1.61500e+02  1.51481e-02 
 1.62000e+02  1.49232e-02 
 1.62500e+02  1.46514e-02 
 1.63000e+02  1.46449e-02 
 1.63500e+02  1.49255e-02 
 1.64000e+02  1.50896e-02 
 1.64500e+02  1.50771e-02 
 1.65000e+02  1.48665e-02 
 1.65500e+02  1.44690e-02 
 1.66000e+02  1.47357e-02 
 1.66500e+02  1.46691e-02 
 1.67000e+02  1.47317e-02 
 1.67500e+02  1.52476e-02 
 1.68000e+02  1.53410e-02 
 1.68500e+02  1.50673e-02 
 1.69000e+02  1.48967e-02 
 1.69500e+02  1.48885e-02 
 1.70000e+02  1.52882e-02 
 1.70500e+02  1.50591e-02 
 1.71000e+02  1.52980e-02 
 1.71500e+02  1.52811e-02 
 1.72000e+02  1.50244e-02 
 1.72500e+02  1.47499e-02 
 1.73000e+02  1.51555e-02 
 1.73500e+02  1.52668e-02 
 1.74000e+02  1.50444e-02 
 1.74500e+02  1.56004e-02 
 1.75000e+02  1.64598e-02 
 1.75500e+02  1.52784e-02 
 1.76000e+02  1.52889e-02 
 1.76500e+02  1.51265e-02 
 1.77000e+02  1.52875e-02 
 1.77500e+02  1.49092e-02 
 1.78000e+02  1.45266e-02 
 1.78500e+02  1.40283e-02 
 1.79000e+02  1.45136e-02 
 1.79500e+02  1.44444e-02 
 1.80000e+02  1.47404e-02 
 1.80500e+02  1.48124e-02 
 1.81000e+02  1.50529e-02 
 1.81500e+02  1.54853e-02 
 1.82000e+02  1.53094e-02 
 1.82500e+02  1.42105e-02 
 1.83000e+02  1.41829e-02 
 1.83500e+02  1.39712e-02 
 1.84000e+02  1.37822e-02 
 1.84500e+02  1.39215e-02 
 1.85000e+02  1.34865e-02 
 1.85500e+02  1.33320e-02 
 1.86000e+02  1.34937e-02 
 1.86500e+02  1.37126e-02 
 1.87000e+02  1.41478e-02 
 1.87500e+02  1.36573e-02 
 1.88000e+02  1.32134e-02 
 1.88500e+02  1.31879e-02 
 1.89000e+02  1.30038e-02 
 1.89500e+02  1.31121e-02 
 1.90000e+02  1.31221e-02 
 1.90500e+02  1.28808e-02 
 1.91000e+02  1.29604e-02 
 1.91500e+02  1.23573e-02 
 1.92000e+02  1.22334e-02 
 1.92500e+02  1.22029e-02 
 1.93000e+02  1.22823e-02 
 1.93500e+02  1.18243e-02 
 1.94000e+02  1.18383e-02 
 1.94500e+02  1.15462e-02 
 1.95000e+02  1.14150e-02 
 1.95500e+02  1.09968e-02 
 1.96000e+02  1.06813e-02 
 1.96500e+02  1.07014e-02 
 1.97000e+02  1.05476e-02 
 1.97500e+02  1.04549e-02 
 1.98000e+02  9.88590e-03 
 1.98500e+02  9.70334e-03 
 1.99000e+02  9.81572e-03 
 1.99500e+02  9.87439e-03 
 2.00000e+02  9.36436e-03 
 2.00500e+02  8.88433e-03 
 2.01000e+02  9.42914e-03 
 2.01500e+02  9.10490e-03 
 2.02000e+02  8.53275e-03 
 2.02500e+02  8.04822e-03 
 2.03000e+02  7.78015e-03 
 2.03500e+02  7.35809e-03 
 2.04000e+02  7.32649e-03 
 2.04500e+02  7.69435e-03 
 2.05000e+02  7.49174e-03 
 2.05500e+02  7.56755e-03 
 2.06000e+02  7.12989e-03 
 2.06500e+02  7.00706e-03 
 2.07000e+02  6.86548e-03 
 2.07500e+02  6.73853e-03 
 2.08000e+02  6.75864e-03 
 2.08500e+02  6.67939e-03 
 2.09000e+02  6.30170e-03 
 2.09500e+02  6.06214e-03 
 2.10000e+02  5.50458e-03 
 2.10500e+02  5.44285e-03 
 2.11000e+02  5.30732e-03 
 2.11500e+02  4.79011e-03 
 2.12000e+02  4.52154e-03 
 2.12500e+02  4.48468e-03 
 2.13000e+02  4.44210e-03 
 2.13500e+02  4.29431e-03 
 2.14000e+02  4.24422e-03 
 2.14500e+02  3.78071e-03 
 2.15000e+02  3.52323e-03 
 2.15500e+02  3.17082e-03 
 2.16000e+02  3.00614e-03 
 2.16500e+02  2.90215e-03 
 2.17000e+02  3.00707e-03 
 2.17500e+02  2.86756e-03 
 2.18000e+02  2.80582e-03 
 2.18500e+02  2.75901e-03 
 2.19000e+02  2.70877e-03 
 2.19500e+02  2.65477e-03 
 2.20000e+02  2.45715e-03 
 2.20500e+02  2.53579e-03 
 2.21000e+02  2.69022e-03 
 2.21500e+02  2.59120e-03 
 2.22000e+02  2.54698e-03 
 2.22500e+02  2.52668e-03 
 2.23000e+02  2.47758e-03 
 2.23500e+02  2.44623e-03 
 2.24000e+02  2.36635e-03 
 2.24500e+02  2.34335e-03 
 2.25000e+02  2.35575e-03 
 2.25500e+02  2.24791e-03 
 2.26000e+02  2.29611e-03 
 2.26500e+02  2.28950e-03 
 2.27000e+02  2.18577e-03 
 2.27500e+02  2.05115e-03 
 2.28000e+02  2.01263e-03 
 2.28500e+02  1.94024e-03 
 2.29000e+02  1.94357e-03 
 2.29500e+02  1.95362e-03 
 2.30000e+02  1.91376e-03 
 2.30500e+02  1.98426e-03 
 2.31000e+02  1.85790e-03 
 2.31500e+02  1.83168e-03 
 2.32000e+02  1.78497e-03 
 2.32500e+02  1.73404e-03 
 2.33000e+02  1.70464e-03 
 2.33500e+02  1.71414e-03 
 2.34000e+02  1.66506e-03 
 2.34500e+02  1.66719e-03 
 2.35000e+02  1.78171e-03 
 2.35500e+02  1.76020e-03 
 2.36000e+02  1.70834e-03 
 2.36500e+02  1.79739e-03 
 2.37000e+02  1.68178e-03 
 2.37500e+02  1.79122e-03 
 2.38000e+02  1.67805e-03 
 2.38500e+02  1.71932e-03 
 2.39000e+02  1.69133e-03 
 2.39500e+02  1.72616e-03 
 2.40000e+02  1.69583e-03 
 2.40500e+02  1.69030e-03 
 2.41000e+02  1.70122e-03 
 2.41500e+02  1.60078e-03 
 2.42000e+02  1.56766e-03 
 2.42500e+02  1.54885e-03 
 2.43000e+02  1.52911e-03 
 2.43500e+02  1.52915e-03 
 2.44000e+02  1.47367e-03 
 2.44500e+02  1.38600e-03 
 2.45000e+02  1.41793e-03 
 2.45500e+02  1.44677e-03 
 2.46000e+02  1.52130e-03 
 2.46500e+02  1.40098e-03 
 2.47000e+02  1.36517e-03 
 2.47500e+02  1.34084e-03 
 2.48000e+02  1.33507e-03 
 2.48500e+02  1.30086e-03 
 2.49000e+02  1.26182e-03 
 2.49500e+02  1.22223e-03 
 2.50000e+02  1.26985e-03 
 2.50500e+02  1.18315e-03 
 2.51000e+02  1.18397e-03 
 2.51500e+02  1.18396e-03 
 2.52000e+02  1.21387e-03 
 2.52500e+02  1.20580e-03 
 2.53000e+02  1.18845e-03 
 2.53500e+02  1.10098e-03 
 2.54000e+02  1.07780e-03 
 2.54500e+02  1.13572e-03 
 2.55000e+02  1.11564e-03 
 2.55500e+02  1.11869e-03 
 2.56000e+02  1.07542e-03 
 2.56500e+02  1.05448e-03 
 2.57000e+02  1.02195e-03 
 2.57500e+02  1.06096e-03 
 2.58000e+02  1.03288e-03 
 2.58500e+02  1.04164e-03 
 2.59000e+02  1.04621e-03 
 2.59500e+02  9.94488e-04 
 2.60000e+02  9.90000e-04 
 2.60500e+02  9.87816e-04 
 2.61000e+02  1.00772e-03 
 2.61500e+02  9.75224e-04 
 2.62000e+02  9.21736e-04 
 2.62500e+02  8.88072e-04 
 2.63000e+02  8.89784e-04 
 2.63500e+02  8.49752e-04 
 2.64000e+02  8.19552e-04 
 2.64500e+02  8.26872e-04 
 2.65000e+02  8.41160e-04 
 2.65500e+02  7.99256e-04 
 2.66000e+02  7.74416e-04 
 2.66500e+02  7.65312e-04 
 2.67000e+02  7.64128e-04 
 2.67500e+02  7.66320e-04 
 2.68000e+02  7.57648e-04 
 2.68500e+02  7.40080e-04 
 2.69000e+02  7.19128e-04 
 2.69500e+02  7.27032e-04 
 2.70000e+02  7.50184e-04 
 2.70500e+02  7.50000e-04 
 2.71000e+02  7.50816e-04 
 2.71500e+02  7.56440e-04 
 2.72000e+02  7.49640e-04 
 2.72500e+02  7.61992e-04 
 2.73000e+02  7.78824e-04 
 2.73500e+02  8.13424e-04 
 2.74000e+02  8.22016e-04 
 2.74500e+02  8.37624e-04 
 2.75000e+02  8.71240e-04 
 2.75500e+02  9.15976e-04 
 2.76000e+02  9.93256e-04 
 2.76500e+02  9.90008e-04 
 2.77000e+02  1.01089e-03 
 2.77500e+02  9.41272e-04 
 2.78000e+02  8.30728e-04 
 2.78500e+02  7.17744e-04 
 2.79000e+02  5.95560e-04 
 2.79500e+02  4.85584e-04 
 2.80000e+02  4.32280e-04 
 2.80500e+02  4.13712e-04 
 2.81000e+02  3.94752e-04 
 2.81500e+02  3.80080e-04 
 2.82000e+02  3.80904e-04 
 2.82500e+02  3.71208e-04 
 2.83000e+02  3.71744e-04 
 2.83500e+02  3.77944e-04 
 2.84000e+02  3.76960e-04 
 2.84500e+02  3.72504e-04 
 2.85000e+02  3.68200e-04 
 2.85500e+02  3.62016e-04 
 2.86000e+02  3.42984e-04 
 2.86500e+02  3.48208e-04 
 2.87000e+02  3.42616e-04 
 2.87500e+02  3.49304e-04 
 2.88000e+02  3.32016e-04 
 2.88500e+02  3.24368e-04 
 2.89000e+02  3.25680e-04 
 2.89500e+02  3.35248e-04 
 2.90000e+02  3.22904e-04 
 2.90500e+02  3.30720e-04 
 2.91000e+02  3.27688e-04 
 2.91500e+02  3.15264e-04 
 2.92000e+02  3.22144e-04 
 2.92500e+02  3.30864e-04 
 2.93000e+02  3.27768e-04 
 2.93500e+02  3.30328e-04 
 2.94000e+02  3.32608e-04 
 2.94500e+02  3.31152e-04 
 2.95000e+02  3.32136e-04 
 2.95500e+02  3.44016e-04 
 2.96000e+02  3.36312e-04 
 2.96500e+02  3.32040e-04 
 2.97000e+02  3.29328e-04 
 2.97500e+02  3.30648e-04 
 2.98000e+02  3.37712e-04 
 2.98500e+02  3.51008e-04 
 2.99000e+02  3.31568e-04 
 2.99500e+02  3.37024e-04 
 3.00000e+02  3.44200e-04 
 3.00500e+02  3.53192e-04 
 3.01000e+02  3.57416e-04 
 3.01500e+02  3.56368e-04 
 3.02000e+02  3.40360e-04 
 3.02500e+02  3.37152e-04 
 3.03000e+02  3.44608e-04 
 3.03500e+02  3.55128e-04 
 3.04000e+02  3.66672e-04 
 3.04500e+02  3.69744e-04 
 3.05000e+02  3.74416e-04 
 3.05500e+02  3.87504e-04 
 3.06000e+02  3.98576e-04 
 3.06500e+02  3.98856e-04 
 3.07000e+02  3.91080e-04 
 3.07500e+02  3.85312e-04 
 3.08000e+02  3.76728e-04 
 3.08500e+02  3.89224e-04 
 3.09000e+02  4.08752e-04 
 3.09500e+02  4.16688e-04 
 3.10000e+02  4.22032e-04 
 3.10500e+02  4.38664e-04 
 3.11000e+02  4.49112e-04 
 3.11500e+02  4.48608e-04 
 3.12000e+02  4.57776e-04 
 3.12500e+02  4.74600e-04 
 3.13000e+02  4.87776e-04 
 3.13500e+02  5.18144e-04 
 3.14000e+02  5.33400e-04 
 3.14500e+02  5.59672e-04 
 3.15000e+02  5.78120e-04 
 3.15500e+02  5.92224e-04 
 3.16000e+02  6.18480e-04 
 3.16500e+02  6.62440e-04 
 3.17000e+02  7.31968e-04 
 3.17500e+02  8.22624e-04 
 3.18000e+02  8.92152e-04 
 3.18500e+02  1.04366e-03 
 3.19000e+02  1.42079e-03 
 3.19500e+02  3.15450e-03 
