 0.00000e+00  1.02128e-04 
 5.00000e-01  1.08600e-04 
 1.00000e+00  8.77360e-05 
 1.50000e+00  7.11360e-05 
 2.00000e+00  6.30720e-05 
 2.50000e+00  5.79280e-05 
 3.00000e+00  5.41840e-05 
 3.50000e+00  5.14480e-05 
 4.00000e+00  5.11760e-05 
 4.50000e+00  4.91280e-05 
 5.00000e+00  4.47200e-05 
 5.50000e+00  4.44240e-05 
 6.00000e+00  4.38640e-05 
 6.50000e+00  4.43120e-05 
 7.00000e+00  4.23360e-05 
 7.50000e+00  4.11520e-05 
 8.00000e+00  3.95280e-05 
 8.50000e+00  3.74400e-05 
 9.00000e+00  4.00640e-05 
 9.50000e+00  4.05600e-05 
 1.00000e+01  4.02000e-05 
 1.05000e+01  3.87680e-05 
 1.10000e+01  3.89440e-05 
 1.15000e+01  4.23120e-05 
 1.20000e+01  4.04720e-05 
 1.25000e+01  3.74320e-05 
 1.30000e+01  4.05840e-05 
 1.35000e+01  4.06160e-05 
 1.40000e+01  3.86960e-05 
 1.45000e+01  4.29040e-05 
 1.50000e+01  3.98240e-05 
 1.55000e+01  3.99840e-05 
 1.60000e+01  4.24000e-05 
 1.65000e+01  3.94160e-05 
 1.70000e+01  3.96000e-05 
 1.75000e+01  3.88800e-05 
 1.80000e+01  4.04800e-05 
 1.85000e+01  4.16000e-05 
 1.90000e+01  4.14720e-05 
 1.95000e+01  4.07280e-05 
 2.00000e+01  3.77920e-05 
 2.05000e+01  3.95840e-05 
 2.10000e+01  4.37440e-05 
 2.15000e+01  4.09200e-05 
 2.20000e+01  3.96160e-05 
 2.25000e+01  4.11520e-05 
 2.30000e+01  4.45280e-05 
 2.35000e+01  4.29200e-05 
 2.40000e+01  4.41440e-05 
 2.45000e+01  4.46320e-05 
 2.50000e+01  4.31040e-05 
 2.55000e+01  4.46160e-05 
 2.60000e+01  4.43760e-05 
 2.65000e+01  4.58400e-05 
 2.70000e+01  4.51440e-05 
 2.75000e+01  4.60400e-05 
 2.80000e+01  4.93680e-05 
 2.85000e+01  4.60320e-05 
 2.90000e+01  4.68240e-05 
 2.95000e+01  5.03840e-05 
 3.00000e+01  5.14400e-05 
 3.05000e+01  6.06400e-05 
 3.10000e+01  5.76880e-05 
 3.15000e+01  5.36160e-05 
 3.20000e+01  6.01200e-05 
 3.25000e+01  6.84240e-05 
 3.30000e+01  7.13120e-05 
 3.35000e+01  6.25200e-05 
 3.40000e+01  6.46720e-05 
 3.45000e+01  6.41040e-05 
 3.50000e+01  6.45840e-05 
 3.55000e+01  7.40960e-05 
 3.60000e+01  7.55920e-05 
 3.65000e+01  7.92320e-05 
 3.70000e+01  9.28640e-05 
 3.75000e+01  1.16080e-04 
 3.80000e+01  1.31544e-04 
 3.85000e+01  1.54960e-04 
 3.90000e+01  1.60776e-04 
 3.95000e+01  1.66312e-04 
 4.00000e+01  1.64496e-04 
 4.05000e+01  1.62216e-04 
 4.10000e+01  1.59664e-04 
 4.15000e+01  1.46696e-04 
 4.20000e+01  1.46768e-04 
 4.25000e+01  1.50784e-04 
 4.30000e+01  1.53064e-04 
 4.35000e+01  1.50472e-04 
 4.40000e+01  1.46424e-04 
 4.45000e+01  1.61096e-04 
 4.50000e+01  1.62688e-04 
 4.55000e+01  1.57760e-04 
 4.60000e+01  1.70808e-04 
 4.65000e+01  1.76528e-04 
 4.70000e+01  1.74264e-04 
 4.75000e+01  1.80544e-04 
 4.80000e+01  1.88464e-04 
 4.85000e+01  1.82736e-04 
 4.90000e+01  1.99384e-04 
 4.95000e+01  2.05976e-04 
 5.00000e+01  2.12816e-04 
 5.05000e+01  2.00920e-04 
 5.10000e+01  2.20776e-04 
 5.15000e+01  2.24784e-04 
 5.20000e+01  2.67712e-04 
 5.25000e+01  2.79336e-04 
 5.30000e+01  2.62576e-04 
 5.35000e+01  2.68696e-04 
 5.40000e+01  2.84968e-04 
 5.45000e+01  3.16496e-04 
 5.50000e+01  2.91136e-04 
 5.55000e+01  2.95224e-04 
 5.60000e+01  3.09224e-04 
 5.65000e+01  3.45848e-04 
 5.70000e+01  4.11760e-04 
 5.75000e+01  4.34328e-04 
 5.80000e+01  4.41248e-04 
 5.85000e+01  4.03600e-04 
 5.90000e+01  3.76528e-04 
 5.95000e+01  4.09800e-04 
 6.00000e+01  4.14208e-04 
 6.05000e+01  4.35664e-04 
 6.10000e+01  4.32488e-04 
 6.15000e+01  4.33520e-04 
 6.20000e+01  4.41448e-04 
 6.25000e+01  4.72400e-04 
 6.30000e+01  4.57080e-04 
 6.35000e+01  4.58608e-04 
 6.40000e+01  5.23128e-04 
 6.45000e+01  4.87944e-04 
 6.50000e+01  4.95192e-04 
 6.55000e+01  4.74864e-04 
 6.60000e+01  4.71336e-04 
 6.65000e+01  5.17224e-04 
 6.70000e+01  5.85656e-04 
 6.75000e+01  5.55176e-04 
 6.80000e+01  5.46768e-04 
 6.85000e+01  5.28728e-04 
 6.90000e+01  5.93816e-04 
 6.95000e+01  6.09736e-04 
 7.00000e+01  5.66720e-04 
 7.05000e+01  5.52368e-04 
 7.10000e+01  5.43184e-04 
 7.15000e+01  5.32944e-04 
 7.20000e+01  5.49104e-04 
 7.25000e+01  6.23240e-04 
 7.30000e+01  6.06192e-04 
 7.35000e+01  6.40000e-04 
 7.40000e+01  6.51576e-04 
 7.45000e+01  6.34848e-04 
 7.50000e+01  6.33328e-04 
 7.55000e+01  6.37152e-04 
 7.60000e+01  6.77488e-04 
 7.65000e+01  6.42192e-04 
 7.70000e+01  6.49648e-04 
 7.75000e+01  6.40464e-04 
 7.80000e+01  6.65792e-04 
 7.85000e+01  6.92696e-04 
 7.90000e+01  6.93688e-04 
 7.95000e+01  6.93488e-04 
 8.00000e+01  7.56304e-04 
 8.05000e+01  8.26456e-04 
 8.10000e+01  8.54632e-04 
 8.15000e+01  8.65064e-04 
 8.20000e+01  7.79096e-04 
 8.25000e+01  7.72288e-04 
 8.30000e+01  8.49752e-04 
 8.35000e+01  8.92208e-04 
 8.40000e+01  8.94312e-04 
 8.45000e+01  8.99408e-04 
 8.50000e+01  9.88984e-04 
 8.55000e+01  9.32016e-04 
 8.60000e+01  1.01257e-03 
 8.65000e+01  1.05411e-03 
 8.70000e+01  1.01405e-03 
 8.75000e+01  1.00861e-03 
 8.80000e+01  9.77208e-04 
 8.85000e+01  1.01590e-03 
 8.90000e+01  1.03714e-03 
 8.95000e+01  9.82520e-04 
 9.00000e+01  1.02922e-03 
 9.05000e+01  1.11344e-03 
 9.10000e+01  1.18842e-03 
 9.15000e+01  1.16343e-03 
 9.20000e+01  1.18550e-03 
 9.25000e+01  1.18754e-03 
 9.30000e+01  1.26009e-03 
 9.35000e+01  1.30974e-03 
 9.40000e+01  1.51738e-03 
 9.45000e+01  1.46778e-03 
 9.50000e+01  1.43235e-03 
 9.55000e+01  1.38266e-03 
 9.60000e+01  1.54045e-03 
 9.65000e+01  1.57725e-03 
 9.70000e+01  1.71502e-03 
 9.75000e+01  1.82015e-03 
 9.80000e+01  1.78289e-03 
 9.85000e+01  1.85026e-03 
 9.90000e+01  1.93222e-03 
 9.95000e+01  2.05073e-03 
 1.00000e+02  2.12414e-03 
 1.00500e+02  2.29077e-03 
 1.01000e+02  2.30186e-03 
 1.01500e+02  2.48434e-03 
 1.02000e+02  2.65214e-03 
 1.02500e+02  2.67732e-03 
 1.03000e+02  2.83178e-03 
 1.03500e+02  3.27282e-03 
 1.04000e+02  3.61405e-03 
 1.04500e+02  3.85617e-03 
 1.05000e+02  4.08405e-03 
 1.05500e+02  4.42618e-03 
 1.06000e+02  4.67200e-03 
 1.06500e+02  4.95753e-03 
 1.07000e+02  4.84384e-03 
 1.07500e+02  5.21110e-03 
 1.08000e+02  5.56730e-03 
 1.08500e+02  5.52556e-03 
 1.09000e+02  5.89244e-03 
 1.09500e+02  6.17772e-03 
 1.10000e+02  6.51043e-03 
 1.10500e+02  6.91635e-03 
 1.11000e+02  6.76686e-03 
 1.11500e+02  7.13087e-03 
 1.12000e+02  6.87082e-03 
 1.12500e+02  7.20832e-03 
 1.13000e+02  7.31162e-03 
 1.13500e+02  7.63011e-03 
 1.14000e+02  7.65218e-03 
 1.14500e+02  8.08866e-03 
 1.15000e+02  8.69262e-03 
 1.15500e+02  8.77403e-03 
 1.16000e+02  8.52988e-03 
 1.16500e+02  8.80026e-03 
 1.17000e+02  9.10050e-03 
 1.17500e+02  9.61766e-03 
 1.18000e+02  9.30244e-03 
 1.18500e+02  9.38266e-03 
 1.19000e+02  9.44016e-03 
 1.19500e+02  9.74422e-03 
 1.20000e+02  8.95482e-03 
 1.20500e+02  9.55885e-03 
 1.21000e+02  1.00489e-02 
 1.21500e+02  9.95991e-03 
 1.22000e+02  1.03429e-02 
 1.22500e+02  1.03872e-02 
 1.23000e+02  1.01254e-02 
 1.23500e+02  1.08867e-02 
 1.24000e+02  1.08679e-02 
 1.24500e+02  1.08675e-02 
 1.25000e+02  1.12347e-02 
 1.25500e+02  1.11152e-02 
 1.26000e+02  1.12675e-02 
 1.26500e+02  1.15998e-02 
 1.27000e+02  1.18650e-02 
 1.27500e+02  1.17679e-02 
 1.28000e+02  1.21778e-02 
 1.28500e+02  1.20737e-02 
 1.29000e+02  1.27220e-02 
 1.29500e+02  1.24027e-02 
 1.30000e+02  1.22088e-02 
 1.30500e+02  1.20984e-02 
 1.31000e+02  1.24886e-02 
 1.31500e+02  1.26747e-02 
 1.32000e+02  1.31024e-02 
 1.32500e+02  1.36439e-02 
 1.33000e+02  1.32880e-02 
 1.33500e+02  1.31798e-02 
 1.34000e+02  1.28997e-02 
 1.34500e+02  1.34946e-02 
 1.35000e+02  1.36873e-02 
 1.35500e+02  1.30874e-02 
 1.36000e+02  1.32377e-02 
 1.36500e+02  1.33682e-02 
 1.37000e+02  1.35878e-02 
 1.37500e+02  1.33264e-02 
 1.38000e+02  1.29038e-02 
 1.38500e+02  1.33704e-02 
 1.39000e+02  1.34158e-02 
 1.39500e+02  1.36976e-02 
 1.40000e+02  1.39643e-02 
 1.40500e+02  1.39716e-02 
 1.41000e+02  1.40857e-02 
 1.41500e+02  1.36628e-02 
 1.42000e+02  1.40829e-02 
 1.42500e+02  1.40015e-02 
 1.43000e+02  1.47376e-02 
 1.43500e+02  1.42610e-02 
 1.44000e+02  1.45691e-02 
 1.44500e+02  1.48803e-02 
 1.45000e+02  1.49956e-02 
 1.45500e+02  1.47826e-02 
 1.46000e+02  1.51425e-02 
 1.46500e+02  1.54211e-02 
 1.47000e+02  1.51771e-02 
 1.47500e+02  1.46201e-02 
 1.48000e+02  1.44993e-02 
 1.48500e+02  1.47582e-02 
 1.49000e+02  1.52999e-02 
 1.49500e+02  1.54202e-02 
 1.50000e+02  1.52421e-02 
 1.50500e+02  1.52496e-02 
 1.51000e+02  1.51604e-02 
 1.51500e+02  1.56543e-02 
 1.52000e+02  1.52515e-02 
 1.52500e+02  1.49117e-02 
 1.53000e+02  1.50627e-02 
 1.53500e+02  1.53058e-02 
 1.54000e+02  1.46464e-02 
 1.54500e+02  1.46156e-02 
 1.55000e+02  1.47684e-02 
 1.55500e+02  1.48082e-02 
 1.56000e+02  1.50110e-02 
 1.56500e+02  1.49741e-02 
 1.57000e+02  1.49668e-02 
 1.57500e+02  1.50978e-02 
 1.58000e+02  1.51958e-02 
 1.58500e+02  1.50478e-02 
 1.59000e+02  1.43570e-02 
 1.59500e+02  1.44327e-02 
 1.60000e+02  1.42049e-02 
 1.60500e+02  1.42106e-02 
 1.61000e+02  1.43475e-02 
 1.61500e+02  1.48123e-02 
 1.62000e+02  1.48610e-02 
 1.62500e+02  1.48949e-02 
 1.63000e+02  1.51283e-02 
 1.63500e+02  1.51297e-02 
 1.64000e+02  1.47027e-02 
 1.64500e+02  1.53547e-02 
 1.65000e+02  1.54891e-02 
 1.65500e+02  1.50190e-02 
 1.66000e+02  1.48234e-02 
 1.66500e+02  1.47914e-02 
 1.67000e+02  1.47990e-02 
 1.67500e+02  1.52657e-02 
 1.68000e+02  1.53015e-02 
 1.68500e+02  1.59142e-02 
 1.69000e+02  1.58425e-02 
 1.69500e+02  1.58786e-02 
 1.70000e+02  1.58220e-02 
 1.70500e+02  1.55687e-02 
 1.71000e+02  1.50888e-02 
 1.71500e+02  1.52487e-02 
 1.72000e+02  1.55428e-02 
 1.72500e+02  1.56961e-02 
 1.73000e+02  1.50443e-02 
 1.73500e+02  1.50946e-02 
 1.74000e+02  1.49819e-02 
 1.74500e+02  1.56390e-02 
 1.75000e+02  1.58963e-02 
 1.75500e+02  1.53061e-02 
 1.76000e+02  1.51153e-02 
 1.76500e+02  1.44374e-02 
 1.77000e+02  1.50763e-02 
 1.77500e+02  1.49443e-02 
 1.78000e+02  1.51232e-02 
 1.78500e+02  1.53262e-02 
 1.79000e+02  1.49140e-02 
 1.79500e+02  1.46087e-02 
 1.80000e+02  1.50376e-02 
 1.80500e+02  1.53018e-02 
 1.81000e+02  1.55824e-02 
 1.81500e+02  1.51283e-02 
 1.82000e+02  1.53184e-02 
 1.82500e+02  1.53412e-02 
 1.83000e+02  1.45024e-02 
 1.83500e+02  1.45848e-02 
 1.84000e+02  1.45642e-02 
 1.84500e+02  1.41321e-02 
 1.85000e+02  1.41129e-02 
 1.85500e+02  1.43413e-02 
 1.86000e+02  1.41267e-02 
 1.86500e+02  1.38825e-02 
 1.87000e+02  1.40410e-02 
 1.87500e+02  1.31931e-02 
 1.88000e+02  1.29637e-02 
 1.88500e+02  1.29923e-02 
 1.89000e+02  1.30722e-02 
 1.89500e+02  1.30412e-02 
 1.90000e+02  1.29620e-02 
 1.90500e+02  1.32824e-02 
 1.91000e+02  1.27373e-02 
 1.91500e+02  1.24339e-02 
 1.92000e+02  1.20652e-02 
 1.92500e+02  1.16168e-02 
 1.93000e+02  1.13343e-02 
 1.93500e+02  1.12876e-02 
 1.94000e+02  1.13603e-02 
 1.94500e+02  1.07959e-02 
 1.95000e+02  1.03789e-02 
 1.95500e+02  1.06543e-02 
 1.96000e+02  1.05129e-02 
 1.96500e+02  1.08747e-02 
 1.97000e+02  1.06839e-02 
 1.97500e+02  1.05776e-02 
 1.98000e+02  1.06376e-02 
 1.98500e+02  1.01553e-02 
 1.99000e+02  1.01614e-02 
 1.99500e+02  9.73001e-03 
 2.00000e+02  9.42710e-03 
 2.00500e+02  9.30848e-03 
 2.01000e+02  9.46755e-03 
 2.01500e+02  9.11654e-03 
 2.02000e+02  8.71938e-03 
 2.02500e+02  8.41103e-03 
 2.03000e+02  7.78761e-03 
 2.03500e+02  7.71390e-03 
 2.04000e+02  7.99144e-03 
 2.04500e+02  8.17809e-03 
 2.05000e+02  8.24306e-03 
 2.05500e+02  7.81898e-03 
 2.06000e+02  7.87095e-03 
 2.06500e+02  7.33319e-03 
 2.07000e+02  7.00496e-03 
 2.07500e+02  7.08762e-03 
 2.08000e+02  6.92384e-03 
 2.08500e+02  6.66181e-03 
 2.09000e+02  5.92719e-03 
 2.09500e+02  5.75647e-03 
 2.10000e+02  5.55555e-03 
 2.10500e+02  5.69453e-03 
 2.11000e+02  5.36320e-03 
 2.11500e+02  5.07075e-03 
 2.12000e+02  4.76861e-03 
 2.12500e+02  4.76594e-03 
 2.13000e+02  4.48406e-03 
 2.13500e+02  4.43854e-03 
 2.14000e+02  4.19805e-03 
 2.14500e+02  3.89558e-03 
 2.15000e+02  3.71007e-03 
 2.15500e+02  3.49764e-03 
 2.16000e+02  3.56789e-03 
 2.16500e+02  3.28570e-03 
 2.17000e+02  3.47010e-03 
 2.17500e+02  3.07381e-03 
 2.18000e+02  2.99734e-03 
 2.18500e+02  2.90381e-03 
 2.19000e+02  2.77802e-03 
 2.19500e+02  2.70635e-03 
 2.20000e+02  2.74060e-03 
 2.20500e+02  2.81430e-03 
 2.21000e+02  2.71933e-03 
 2.21500e+02  2.62291e-03 
 2.22000e+02  2.64262e-03 
 2.22500e+02  2.49975e-03 
 2.23000e+02  2.51286e-03 
 2.23500e+02  2.43918e-03 
 2.24000e+02  2.40943e-03 
 2.24500e+02  2.46502e-03 
 2.25000e+02  2.58074e-03 
 2.25500e+02  2.50520e-03 
 2.26000e+02  2.45031e-03 
 2.26500e+02  2.32743e-03 
 2.27000e+02  2.34952e-03 
 2.27500e+02  2.33980e-03 
 2.28000e+02  2.38478e-03 
 2.28500e+02  2.29438e-03 
 2.29000e+02  2.22159e-03 
 2.29500e+02  2.20646e-03 
 2.30000e+02  2.14442e-03 
 2.30500e+02  2.15054e-03 
 2.31000e+02  2.09564e-03 
 2.31500e+02  2.14083e-03 
 2.32000e+02  2.05947e-03 
 2.32500e+02  1.93654e-03 
 2.33000e+02  1.86618e-03 
 2.33500e+02  1.88074e-03 
 2.34000e+02  1.77008e-03 
 2.34500e+02  1.76946e-03 
 2.35000e+02  1.79934e-03 
 2.35500e+02  1.85561e-03 
 2.36000e+02  1.83191e-03 
 2.36500e+02  1.87192e-03 
 2.37000e+02  1.79973e-03 
 2.37500e+02  1.80108e-03 
 2.38000e+02  1.76488e-03 
 2.38500e+02  1.65378e-03 
 2.39000e+02  1.66450e-03 
 2.39500e+02  1.64318e-03 
 2.40000e+02  1.66086e-03 
 2.40500e+02  1.71058e-03 
 2.41000e+02  1.62652e-03 
 2.41500e+02  1.58764e-03 
 2.42000e+02  1.55156e-03 
 2.42500e+02  1.61202e-03 
 2.43000e+02  1.56784e-03 
 2.43500e+02  1.54004e-03 
 2.44000e+02  1.44929e-03 
 2.44500e+02  1.44179e-03 
 2.45000e+02  1.40521e-03 
 2.45500e+02  1.34608e-03 
 2.46000e+02  1.36478e-03 
 2.46500e+02  1.33408e-03 
 2.47000e+02  1.29730e-03 
 2.47500e+02  1.32657e-03 
 2.48000e+02  1.35808e-03 
 2.48500e+02  1.42364e-03 
 2.49000e+02  1.41777e-03 
 2.49500e+02  1.28790e-03 
 2.50000e+02  1.37956e-03 
 2.50500e+02  1.28952e-03 
 2.51000e+02  1.29747e-03 
 2.51500e+02  1.31265e-03 
 2.52000e+02  1.27803e-03 
 2.52500e+02  1.27427e-03 
 2.53000e+02  1.26866e-03 
 2.53500e+02  1.27097e-03 
 2.54000e+02  1.23006e-03 
 2.54500e+02  1.16435e-03 
 2.55000e+02  1.12051e-03 
 2.55500e+02  1.09726e-03 
 2.56000e+02  1.14073e-03 
 2.56500e+02  1.10443e-03 
 2.57000e+02  1.10649e-03 
 2.57500e+02  1.08026e-03 
 2.58000e+02  1.02836e-03 
 2.58500e+02  1.04359e-03 
 2.59000e+02  1.06104e-03 
 2.59500e+02  1.05094e-03 
 2.60000e+02  1.03206e-03 
 2.60500e+02  1.03411e-03 
 2.61000e+02  9.91672e-04 
 2.61500e+02  9.54256e-04 
 2.62000e+02  9.58080e-04 
 2.62500e+02  9.39440e-04 
 2.63000e+02  8.90936e-04 
 2.63500e+02  8.82296e-04 
 2.64000e+02  8.76624e-04 
 2.64500e+02  8.72016e-04 
 2.65000e+02  8.52168e-04 
 2.65500e+02  8.02656e-04 
 2.66000e+02  8.10160e-04 
 2.66500e+02  7.93728e-04 
 2.67000e+02  7.95984e-04 
 2.67500e+02  7.73952e-04 
 2.68000e+02  7.50032e-04 
 2.68500e+02  7.50312e-04 
 2.69000e+02  7.50648e-04 
 2.69500e+02  7.46688e-04 
 2.70000e+02  7.41392e-04 
 2.70500e+02  7.40528e-04 
 2.71000e+02  7.48128e-04 
 2.71500e+02  7.51584e-04 
 2.72000e+02  7.18656e-04 
 2.72500e+02  7.54648e-04 
 2.73000e+02  7.95176e-04 
 2.73500e+02  7.91776e-04 
 2.74000e+02  7.85768e-04 
 2.74500e+02  8.17080e-04 
 2.75000e+02  8.63464e-04 
 2.75500e+02  9.19416e-04 
 2.76000e+02  1.03058e-03 
 2.76500e+02  1.02497e-03 
 2.77000e+02  1.01785e-03 
 2.77500e+02  9.80344e-04 
 2.78000e+02  8.57936e-04 
 2.78500e+02  7.49120e-04 
 2.79000e+02  5.97752e-04 
 2.79500e+02  5.15968e-04 
 2.80000e+02  4.50512e-04 
 2.80500e+02  4.28392e-04 
 2.81000e+02  3.85216e-04 
 2.81500e+02  3.76976e-04 
 2.82000e+02  3.89888e-04 
 2.82500e+02  3.72232e-04 
 2.83000e+02  3.56624e-04 
 2.83500e+02  3.60024e-04 
 2.84000e+02  3.66680e-04 
 2.84500e+02  3.59280e-04 
 2.85000e+02  3.52656e-04 
 2.85500e+02  3.61928e-04 
 2.86000e+02  3.54256e-04 
 2.86500e+02  3.51664e-04 
 2.87000e+02  3.40264e-04 
 2.87500e+02  3.51992e-04 
 2.88000e+02  3.55568e-04 
 2.88500e+02  3.44240e-04 
 2.89000e+02  3.48312e-04 
 2.89500e+02  3.53832e-04 
 2.90000e+02  3.48216e-04 
 2.90500e+02  3.43184e-04 
 2.91000e+02  3.42368e-04 
 2.91500e+02  3.30208e-04 
 2.92000e+02  3.19832e-04 
 2.92500e+02  3.28880e-04 
 2.93000e+02  3.19984e-04 
 2.93500e+02  3.26728e-04 
 2.94000e+02  3.29240e-04 
 2.94500e+02  3.30472e-04 
 2.95000e+02  3.38400e-04 
 2.95500e+02  3.40048e-04 
 2.96000e+02  3.38360e-04 
 2.96500e+02  3.36048e-04 
 2.97000e+02  3.23320e-04 
 2.97500e+02  3.25520e-04 
 2.98000e+02  3.30448e-04 
 2.98500e+02  3.33048e-04 
 2.99000e+02  3.36536e-04 
 2.99500e+02  3.36936e-04 
 3.00000e+02  3.39440e-04 
 3.00500e+02  3.55272e-04 
 3.01000e+02  3.65904e-04 
 3.01500e+02  3.60064e-04 
 3.02000e+02  3.58576e-04 
 3.02500e+02  3.69496e-04 
 3.03000e+02  3.70752e-04 
 3.03500e+02  3.63440e-04 
 3.04000e+02  3.58656e-04 
 3.04500e+02  3.77056e-04 
 3.05000e+02  3.75792e-04 
 3.05500e+02  3.81640e-04 
 3.06000e+02  3.83720e-04 
 3.06500e+02  3.90568e-04 
 3.07000e+02  3.83616e-04 
 3.07500e+02  3.86624e-04 
 3.08000e+02  3.91128e-04 
 3.08500e+02  4.00752e-04 
 3.09000e+02  4.02752e-04 
 3.09500e+02  4.25160e-04 
 3.10000e+02  4.46816e-04 
 3.10500e+02  4.59488e-04 
 3.11000e+02  4.60024e-04 
 3.11500e+02  4.67344e-04 
 3.12000e+02  4.53656e-04 
 3.12500e+02  4.67480e-04 
 3.13000e+02  4.77936e-04 
 3.13500e+02  5.02536e-04 
 3.14000e+02  5.31656e-04 
 3.14500e+02  5.59168e-04 
 3.15000e+02  5.68888e-04 
 3.15500e+02  5.94368e-04 
 3.16000e+02  6.25632e-04 
 3.16500e+02  6.72280e-04 
 3.17000e+02  7.57080e-04 
 3.17500e+02  8.18472e-04 
 3.18000e+02  8.85848e-04 
 3.18500e+02  1.05290e-03 
 3.19000e+02  1.42082e-03 
 3.19500e+02  3.18159e-03 
