 0.00000e+00  7.92480e-05 
 5.00000e-01  1.00584e-04 
 1.00000e+00  8.05440e-05 
 1.50000e+00  6.28720e-05 
 2.00000e+00  5.36400e-05 
 2.50000e+00  5.13920e-05 
 3.00000e+00  4.63120e-05 
 3.50000e+00  4.42000e-05 
 4.00000e+00  4.38880e-05 
 4.50000e+00  4.38800e-05 
 5.00000e+00  4.16720e-05 
 5.50000e+00  3.82560e-05 
 6.00000e+00  3.86640e-05 
 6.50000e+00  3.63680e-05 
 7.00000e+00  3.70320e-05 
 7.50000e+00  3.82880e-05 
 8.00000e+00  3.85360e-05 
 8.50000e+00  4.12080e-05 
 9.00000e+00  3.88960e-05 
 9.50000e+00  3.58240e-05 
 1.00000e+01  3.62160e-05 
 1.05000e+01  3.73600e-05 
 1.10000e+01  3.62320e-05 
 1.15000e+01  3.67280e-05 
 1.20000e+01  3.86080e-05 
 1.25000e+01  3.91280e-05 
 1.30000e+01  3.57040e-05 
 1.35000e+01  3.67120e-05 
 1.40000e+01  3.46400e-05 
 1.45000e+01  3.45360e-05 
 1.50000e+01  3.32880e-05 
 1.55000e+01  3.21520e-05 
 1.60000e+01  3.51120e-05 
 1.65000e+01  3.54400e-05 
 1.70000e+01  3.51360e-05 
 1.75000e+01  3.42560e-05 
 1.80000e+01  3.63280e-05 
 1.85000e+01  3.73520e-05 
 1.90000e+01  3.99680e-05 
 1.95000e+01  3.97920e-05 
 2.00000e+01  3.68080e-05 
 2.05000e+01  3.71120e-05 
 2.10000e+01  3.44160e-05 
 2.15000e+01  3.31680e-05 
 2.20000e+01  3.53840e-05 
 2.25000e+01  3.62160e-05 
 2.30000e+01  3.87760e-05 
 2.35000e+01  3.87200e-05 
 2.40000e+01  3.91600e-05 
 2.45000e+01  3.96240e-05 
 2.50000e+01  4.44240e-05 
 2.55000e+01  3.96800e-05 
 2.60000e+01  4.76000e-05 
 2.65000e+01  4.59840e-05 
 2.70000e+01  4.53040e-05 
 2.75000e+01  5.18880e-05 
 2.80000e+01  4.62480e-05 
 2.85000e+01  4.99280e-05 
 2.90000e+01  4.46240e-05 
 2.95000e+01  4.61280e-05 
 3.00000e+01  5.42400e-05 
 3.05000e+01  5.24560e-05 
 3.10000e+01  5.17280e-05 
 3.15000e+01  5.74080e-05 
 3.20000e+01  5.21760e-05 
 3.25000e+01  4.81440e-05 
 3.30000e+01  4.76720e-05 
 3.35000e+01  5.32240e-05 
 3.40000e+01  5.50640e-05 
 3.45000e+01  5.07120e-05 
 3.50000e+01  5.87760e-05 
 3.55000e+01  6.07920e-05 
 3.60000e+01  6.79840e-05 
 3.65000e+01  7.30400e-05 
 3.70000e+01  7.89200e-05 
 3.75000e+01  8.69360e-05 
 3.80000e+01  1.01896e-04 
 3.85000e+01  1.20312e-04 
 3.90000e+01  1.29000e-04 
 3.95000e+01  1.36904e-04 
 4.00000e+01  1.24936e-04 
 4.05000e+01  1.33560e-04 
 4.10000e+01  1.35520e-04 
 4.15000e+01  1.33832e-04 
 4.20000e+01  1.21168e-04 
 4.25000e+01  1.31168e-04 
 4.30000e+01  1.23096e-04 
 4.35000e+01  1.24688e-04 
 4.40000e+01  1.32408e-04 
 4.45000e+01  1.39104e-04 
 4.50000e+01  1.56200e-04 
 4.55000e+01  1.39256e-04 
 4.60000e+01  1.39256e-04 
 4.65000e+01  1.41280e-04 
 4.70000e+01  1.41472e-04 
 4.75000e+01  1.42744e-04 
 4.80000e+01  1.59264e-04 
 4.85000e+01  1.69424e-04 
 4.90000e+01  1.72896e-04 
 4.95000e+01  1.73080e-04 
 5.00000e+01  1.75856e-04 
 5.05000e+01  1.83632e-04 
 5.10000e+01  2.11512e-04 
 5.15000e+01  2.20448e-04 
 5.20000e+01  2.22288e-04 
 5.25000e+01  2.15272e-04 
 5.30000e+01  2.30360e-04 
 5.35000e+01  2.46320e-04 
 5.40000e+01  2.50400e-04 
 5.45000e+01  2.73056e-04 
 5.50000e+01  2.74120e-04 
 5.55000e+01  2.90152e-04 
 5.60000e+01  3.15856e-04 
 5.65000e+01  3.02056e-04 
 5.70000e+01  2.98696e-04 
 5.75000e+01  2.84912e-04 
 5.80000e+01  3.04656e-04 
 5.85000e+01  3.13744e-04 
 5.90000e+01  3.44552e-04 
 5.95000e+01  3.47952e-04 
 6.00000e+01  3.44304e-04 
 6.05000e+01  3.63848e-04 
 6.10000e+01  3.77480e-04 
 6.15000e+01  3.97168e-04 
 6.20000e+01  4.21112e-04 
 6.25000e+01  4.66144e-04 
 6.30000e+01  4.42424e-04 
 6.35000e+01  4.31272e-04 
 6.40000e+01  4.52984e-04 
 6.45000e+01  4.53824e-04 
 6.50000e+01  4.71400e-04 
 6.55000e+01  4.73776e-04 
 6.60000e+01  4.81080e-04 
 6.65000e+01  4.55192e-04 
 6.70000e+01  4.52192e-04 
 6.75000e+01  4.83400e-04 
 6.80000e+01  5.13192e-04 
 6.85000e+01  5.15648e-04 
 6.90000e+01  5.76448e-04 
 6.95000e+01  5.74504e-04 
 7.00000e+01  5.79488e-04 
 7.05000e+01  5.96464e-04 
 7.10000e+01  5.42192e-04 
 7.15000e+01  5.71968e-04 
 7.20000e+01  5.73704e-04 
 7.25000e+01  5.80000e-04 
 7.30000e+01  5.77232e-04 
 7.35000e+01  5.37200e-04 
 7.40000e+01  6.07944e-04 
 7.45000e+01  5.96096e-04 
 7.50000e+01  6.45608e-04 
 7.55000e+01  6.60400e-04 
 7.60000e+01  6.60440e-04 
 7.65000e+01  7.10152e-04 
 7.70000e+01  7.70600e-04 
 7.75000e+01  7.75600e-04 
 7.80000e+01  8.02392e-04 
 7.85000e+01  7.80568e-04 
 7.90000e+01  7.26712e-04 
 7.95000e+01  7.77736e-04 
 8.00000e+01  8.27680e-04 
 8.05000e+01  8.78896e-04 
 8.10000e+01  9.37400e-04 
 8.15000e+01  9.41192e-04 
 8.20000e+01  8.19112e-04 
 8.25000e+01  8.42128e-04 
 8.30000e+01  8.85784e-04 
 8.35000e+01  9.15488e-04 
 8.40000e+01  9.55864e-04 
 8.45000e+01  9.55384e-04 
 8.50000e+01  9.75768e-04 
 8.55000e+01  9.32552e-04 
 8.60000e+01  8.92520e-04 
 8.65000e+01  1.03638e-03 
 8.70000e+01  1.08784e-03 
 8.75000e+01  1.01431e-03 
 8.80000e+01  1.07569e-03 
 8.85000e+01  1.08482e-03 
 8.90000e+01  1.06894e-03 
 8.95000e+01  1.10024e-03 
 9.00000e+01  1.11395e-03 
 9.05000e+01  1.12869e-03 
 9.10000e+01  1.23699e-03 
 9.15000e+01  1.25838e-03 
 9.20000e+01  1.16230e-03 
 9.25000e+01  1.17061e-03 
 9.30000e+01  1.15909e-03 
 9.35000e+01  1.32786e-03 
 9.40000e+01  1.27376e-03 
 9.45000e+01  1.35941e-03 
 9.50000e+01  1.63226e-03 
 9.55000e+01  1.83345e-03 
 9.60000e+01  1.66150e-03 
 9.65000e+01  1.75481e-03 
 9.70000e+01  1.70613e-03 
 9.75000e+01  1.78550e-03 
 9.80000e+01  1.67580e-03 
 9.85000e+01  1.79334e-03 
 9.90000e+01  2.06802e-03 
 9.95000e+01  2.09125e-03 
 1.00000e+02  2.17230e-03 
 1.00500e+02  2.28530e-03 
 1.01000e+02  2.50448e-03 
 1.01500e+02  2.79639e-03 
 1.02000e+02  2.88837e-03 
 1.02500e+02  3.02715e-03 
 1.03000e+02  3.08048e-03 
 1.03500e+02  3.52638e-03 
 1.04000e+02  3.67302e-03 
 1.04500e+02  3.66897e-03 
 1.05000e+02  3.72013e-03 
 1.05500e+02  4.14479e-03 
 1.06000e+02  4.54518e-03 
 1.06500e+02  4.82683e-03 
 1.07000e+02  5.09686e-03 
 1.07500e+02  5.45401e-03 
 1.08000e+02  5.12627e-03 
 1.08500e+02  5.44660e-03 
 1.09000e+02  5.86406e-03 
 1.09500e+02  6.16469e-03 
 1.10000e+02  6.44636e-03 
 1.10500e+02  6.92888e-03 
 1.11000e+02  7.09212e-03 
 1.11500e+02  7.24824e-03 
 1.12000e+02  7.27627e-03 
 1.12500e+02  7.07329e-03 
 1.13000e+02  7.30566e-03 
 1.13500e+02  7.46695e-03 
 1.14000e+02  7.68792e-03 
 1.14500e+02  8.00666e-03 
 1.15000e+02  7.99276e-03 
 1.15500e+02  8.48703e-03 
 1.16000e+02  9.02654e-03 
 1.16500e+02  8.81966e-03 
 1.17000e+02  9.02243e-03 
 1.17500e+02  9.22866e-03 
 1.18000e+02  9.43165e-03 
 1.18500e+02  9.71650e-03 
 1.19000e+02  9.96333e-03 
 1.19500e+02  9.84833e-03 
 1.20000e+02  9.82974e-03 
 1.20500e+02  9.73659e-03 
 1.21000e+02  1.01867e-02 
 1.21500e+02  1.02081e-02 
 1.22000e+02  1.07376e-02 
 1.22500e+02  1.02535e-02 
 1.23000e+02  1.08851e-02 
 1.23500e+02  1.07689e-02 
 1.24000e+02  1.12794e-02 
 1.24500e+02  1.07794e-02 
 1.25000e+02  1.10171e-02 
 1.25500e+02  1.14841e-02 
 1.26000e+02  1.13881e-02 
 1.26500e+02  1.07124e-02 
 1.27000e+02  1.08089e-02 
 1.27500e+02  1.07312e-02 
 1.28000e+02  1.09446e-02 
 1.28500e+02  1.10507e-02 
 1.29000e+02  1.12479e-02 
 1.29500e+02  1.19974e-02 
 1.30000e+02  1.23896e-02 
 1.30500e+02  1.25772e-02 
 1.31000e+02  1.27957e-02 
 1.31500e+02  1.22660e-02 
 1.32000e+02  1.26707e-02 
 1.32500e+02  1.27881e-02 
 1.33000e+02  1.28354e-02 
 1.33500e+02  1.27950e-02 
 1.34000e+02  1.31716e-02 
 1.34500e+02  1.32192e-02 
 1.35000e+02  1.34683e-02 
 1.35500e+02  1.34852e-02 
 1.36000e+02  1.37046e-02 
 1.36500e+02  1.37765e-02 
 1.37000e+02  1.39702e-02 
 1.37500e+02  1.40130e-02 
 1.38000e+02  1.37218e-02 
 1.38500e+02  1.40500e-02 
 1.39000e+02  1.40383e-02 
 1.39500e+02  1.37912e-02 
 1.40000e+02  1.36701e-02 
 1.40500e+02  1.30533e-02 
 1.41000e+02  1.30835e-02 
 1.41500e+02  1.29621e-02 
 1.42000e+02  1.35769e-02 
 1.42500e+02  1.39692e-02 
 1.43000e+02  1.41111e-02 
 1.43500e+02  1.47149e-02 
 1.44000e+02  1.45622e-02 
 1.44500e+02  1.39540e-02 
 1.45000e+02  1.39658e-02 
 1.45500e+02  1.42592e-02 
 1.46000e+02  1.42952e-02 
 1.46500e+02  1.47422e-02 
 1.47000e+02  1.44789e-02 
 1.47500e+02  1.41811e-02 
 1.48000e+02  1.42886e-02 
 1.48500e+02  1.50986e-02 
 1.49000e+02  1.50125e-02 
 1.49500e+02  1.50242e-02 
 1.50000e+02  1.51649e-02 
 1.50500e+02  1.49259e-02 
 1.51000e+02  1.48224e-02 
 1.51500e+02  1.55019e-02 
 1.52000e+02  1.54042e-02 
 1.52500e+02  1.54602e-02 
 1.53000e+02  1.55258e-02 
 1.53500e+02  1.56951e-02 
 1.54000e+02  1.58677e-02 
 1.54500e+02  1.64212e-02 
 1.55000e+02  1.58703e-02 
 1.55500e+02  1.56515e-02 
 1.56000e+02  1.55632e-02 
 1.56500e+02  1.55317e-02 
 1.57000e+02  1.55901e-02 
 1.57500e+02  1.50724e-02 
 1.58000e+02  1.50102e-02 
 1.58500e+02  1.49563e-02 
 1.59000e+02  1.52081e-02 
 1.59500e+02  1.52687e-02 
 1.60000e+02  1.50517e-02 
 1.60500e+02  1.54591e-02 
 1.61000e+02  1.56059e-02 
 1.61500e+02  1.60472e-02 
 1.62000e+02  1.51313e-02 
 1.62500e+02  1.53720e-02 
 1.63000e+02  1.50466e-02 
 1.63500e+02  1.50501e-02 
 1.64000e+02  1.48304e-02 
 1.64500e+02  1.46662e-02 
 1.65000e+02  1.43398e-02 
 1.65500e+02  1.43148e-02 
 1.66000e+02  1.40433e-02 
 1.66500e+02  1.45045e-02 
 1.67000e+02  1.41204e-02 
 1.67500e+02  1.47323e-02 
 1.68000e+02  1.45026e-02 
 1.68500e+02  1.52670e-02 
 1.69000e+02  1.50107e-02 
 1.69500e+02  1.44767e-02 
 1.70000e+02  1.47537e-02 
 1.70500e+02  1.42344e-02 
 1.71000e+02  1.49794e-02 
 1.71500e+02  1.46969e-02 
 1.72000e+02  1.50395e-02 
 1.72500e+02  1.50305e-02 
 1.73000e+02  1.52726e-02 
 1.73500e+02  1.51029e-02 
 1.74000e+02  1.51110e-02 
 1.74500e+02  1.47460e-02 
 1.75000e+02  1.46537e-02 
 1.75500e+02  1.42558e-02 
 1.76000e+02  1.40275e-02 
 1.76500e+02  1.42761e-02 
 1.77000e+02  1.46519e-02 
 1.77500e+02  1.42208e-02 
 1.78000e+02  1.43182e-02 
 1.78500e+02  1.48081e-02 
 1.79000e+02  1.49813e-02 
 1.79500e+02  1.52209e-02 
 1.80000e+02  1.49534e-02 
 1.80500e+02  1.49782e-02 
 1.81000e+02  1.51445e-02 
 1.81500e+02  1.48782e-02 
 1.82000e+02  1.44927e-02 
 1.82500e+02  1.46324e-02 
 1.83000e+02  1.47926e-02 
 1.83500e+02  1.44166e-02 
 1.84000e+02  1.42915e-02 
 1.84500e+02  1.40303e-02 
 1.85000e+02  1.38832e-02 
 1.85500e+02  1.35916e-02 
 1.86000e+02  1.30257e-02 
 1.86500e+02  1.35252e-02 
 1.87000e+02  1.39190e-02 
 1.87500e+02  1.36414e-02 
 1.88000e+02  1.31786e-02 
 1.88500e+02  1.25874e-02 
 1.89000e+02  1.28422e-02 
 1.89500e+02  1.28533e-02 
 1.90000e+02  1.25503e-02 
 1.90500e+02  1.27919e-02 
 1.91000e+02  1.26839e-02 
 1.91500e+02  1.24079e-02 
 1.92000e+02  1.20713e-02 
 1.92500e+02  1.20089e-02 
 1.93000e+02  1.18168e-02 
 1.93500e+02  1.16424e-02 
 1.94000e+02  1.09582e-02 
 1.94500e+02  1.08983e-02 
 1.95000e+02  1.10986e-02 
 1.95500e+02  1.12538e-02 
 1.96000e+02  1.08371e-02 
 1.96500e+02  1.10460e-02 
 1.97000e+02  1.11492e-02 
 1.97500e+02  1.13207e-02 
 1.98000e+02  1.05714e-02 
 1.98500e+02  1.03241e-02 
 1.99000e+02  1.00060e-02 
 1.99500e+02  9.75445e-03 
 2.00000e+02  9.62969e-03 
 2.00500e+02  9.74936e-03 
 2.01000e+02  9.55638e-03 
 2.01500e+02  9.37426e-03 
 2.02000e+02  9.78599e-03 
 2.02500e+02  9.30545e-03 
 2.03000e+02  9.19542e-03 
 2.03500e+02  8.62155e-03 
 2.04000e+02  8.15985e-03 
 2.04500e+02  8.12004e-03 
 2.05000e+02  7.98943e-03 
 2.05500e+02  8.03409e-03 
 2.06000e+02  7.78575e-03 
 2.06500e+02  7.97333e-03 
 2.07000e+02  7.98481e-03 
 2.07500e+02  7.58691e-03 
 2.08000e+02  7.47946e-03 
 2.08500e+02  7.12508e-03 
 2.09000e+02  6.74706e-03 
 2.09500e+02  6.41071e-03 
 2.10000e+02  6.27605e-03 
 2.10500e+02  6.14819e-03 
 2.11000e+02  5.92528e-03 
 2.11500e+02  5.39818e-03 
 2.12000e+02  4.97009e-03 
 2.12500e+02  4.83439e-03 
 2.13000e+02  4.58117e-03 
 2.13500e+02  4.01564e-03 
 2.14000e+02  3.97524e-03 
 2.14500e+02  3.78470e-03 
 2.15000e+02  3.61030e-03 
 2.15500e+02  3.48085e-03 
 2.16000e+02  3.34903e-03 
 2.16500e+02  3.20878e-03 
 2.17000e+02  3.04150e-03 
 2.17500e+02  2.86306e-03 
 2.18000e+02  2.88979e-03 
 2.18500e+02  2.95501e-03 
 2.19000e+02  2.84341e-03 
 2.19500e+02  2.75174e-03 
 2.20000e+02  2.56604e-03 
 2.20500e+02  2.57140e-03 
 2.21000e+02  2.48069e-03 
 2.21500e+02  2.57810e-03 
 2.22000e+02  2.64708e-03 
 2.22500e+02  2.52886e-03 
 2.23000e+02  2.62385e-03 
 2.23500e+02  2.46404e-03 
 2.24000e+02  2.35876e-03 
 2.24500e+02  2.31984e-03 
 2.25000e+02  2.29079e-03 
 2.25500e+02  2.17307e-03 
 2.26000e+02  2.14736e-03 
 2.26500e+02  2.13375e-03 
 2.27000e+02  2.01454e-03 
 2.27500e+02  1.93603e-03 
 2.28000e+02  1.91211e-03 
 2.28500e+02  2.00278e-03 
 2.29000e+02  1.98270e-03 
 2.29500e+02  1.95940e-03 
 2.30000e+02  2.06449e-03 
 2.30500e+02  1.98332e-03 
 2.31000e+02  1.92771e-03 
 2.31500e+02  1.92371e-03 
 2.32000e+02  1.94646e-03 
 2.32500e+02  2.00071e-03 
 2.33000e+02  2.03804e-03 
 2.33500e+02  1.96766e-03 
 2.34000e+02  1.87197e-03 
 2.34500e+02  1.84482e-03 
 2.35000e+02  1.75762e-03 
 2.35500e+02  1.75930e-03 
 2.36000e+02  1.72070e-03 
 2.36500e+02  1.73112e-03 
 2.37000e+02  1.67746e-03 
 2.37500e+02  1.69026e-03 
 2.38000e+02  1.67894e-03 
 2.38500e+02  1.76002e-03 
 2.39000e+02  1.78603e-03 
 2.39500e+02  1.80992e-03 
 2.40000e+02  1.80215e-03 
 2.40500e+02  1.70434e-03 
 2.41000e+02  1.57762e-03 
 2.41500e+02  1.46114e-03 
 2.42000e+02  1.46498e-03 
 2.42500e+02  1.46328e-03 
 2.43000e+02  1.45613e-03 
 2.43500e+02  1.41506e-03 
 2.44000e+02  1.40566e-03 
 2.44500e+02  1.42682e-03 
 2.45000e+02  1.36069e-03 
 2.45500e+02  1.39889e-03 
 2.46000e+02  1.36330e-03 
 2.46500e+02  1.36111e-03 
 2.47000e+02  1.33158e-03 
 2.47500e+02  1.38507e-03 
 2.48000e+02  1.42595e-03 
 2.48500e+02  1.40567e-03 
 2.49000e+02  1.32382e-03 
 2.49500e+02  1.30514e-03 
 2.50000e+02  1.27370e-03 
 2.50500e+02  1.29273e-03 
 2.51000e+02  1.25352e-03 
 2.51500e+02  1.23859e-03 
 2.52000e+02  1.22663e-03 
 2.52500e+02  1.25735e-03 
 2.53000e+02  1.16919e-03 
 2.53500e+02  1.17946e-03 
 2.54000e+02  1.14733e-03 
 2.54500e+02  1.13498e-03 
 2.55000e+02  1.15869e-03 
 2.55500e+02  1.14952e-03 
 2.56000e+02  1.13898e-03 
 2.56500e+02  1.13298e-03 
 2.57000e+02  1.11118e-03 
 2.57500e+02  1.10590e-03 
 2.58000e+02  1.09107e-03 
 2.58500e+02  1.05939e-03 
 2.59000e+02  1.07022e-03 
 2.59500e+02  1.03207e-03 
 2.60000e+02  1.00065e-03 
 2.60500e+02  1.00882e-03 
 2.61000e+02  9.76112e-04 
 2.61500e+02  9.58008e-04 
 2.62000e+02  9.29072e-04 
 2.62500e+02  9.08568e-04 
 2.63000e+02  9.21280e-04 
 2.63500e+02  8.85560e-04 
 2.64000e+02  8.61904e-04 
 2.64500e+02  8.41216e-04 
 2.65000e+02  8.15928e-04 
 2.65500e+02  8.08016e-04 
 2.66000e+02  7.84352e-04 
 2.66500e+02  7.77416e-04 
 2.67000e+02  7.69312e-04 
 2.67500e+02  7.52160e-04 
 2.68000e+02  7.48936e-04 
 2.68500e+02  7.32288e-04 
 2.69000e+02  7.27736e-04 
 2.69500e+02  7.29040e-04 
 2.70000e+02  7.15560e-04 
 2.70500e+02  7.22152e-04 
 2.71000e+02  7.43136e-04 
 2.71500e+02  7.30280e-04 
 2.72000e+02  7.35488e-04 
 2.72500e+02  7.57088e-04 
 2.73000e+02  7.58288e-04 
 2.73500e+02  7.74368e-04 
 2.74000e+02  7.83896e-04 
 2.74500e+02  8.26712e-04 
 2.75000e+02  8.65080e-04 
 2.75500e+02  8.91352e-04 
 2.76000e+02  9.48280e-04 
 2.76500e+02  1.00377e-03 
 2.77000e+02  1.00691e-03 
 2.77500e+02  9.97856e-04 
 2.78000e+02  8.41288e-04 
 2.78500e+02  7.23600e-04 
 2.79000e+02  5.89128e-04 
 2.79500e+02  5.22248e-04 
 2.80000e+02  4.67000e-04 
 2.80500e+02  4.37272e-04 
 2.81000e+02  3.99624e-04 
 2.81500e+02  3.88744e-04 
 2.82000e+02  3.79208e-04 
 2.82500e+02  3.76408e-04 
 2.83000e+02  3.51568e-04 
 2.83500e+02  3.51632e-04 
 2.84000e+02  3.47800e-04 
 2.84500e+02  3.39408e-04 
 2.85000e+02  3.37752e-04 
 2.85500e+02  3.52784e-04 
 2.86000e+02  3.42864e-04 
 2.86500e+02  3.39936e-04 
 2.87000e+02  3.40400e-04 
 2.87500e+02  3.34728e-04 
 2.88000e+02  3.36456e-04 
 2.88500e+02  3.37144e-04 
 2.89000e+02  3.50776e-04 
 2.89500e+02  3.51672e-04 
 2.90000e+02  3.42544e-04 
 2.90500e+02  3.41384e-04 
 2.91000e+02  3.21128e-04 
 2.91500e+02  3.21704e-04 
 2.92000e+02  3.14672e-04 
 2.92500e+02  3.04920e-04 
 2.93000e+02  3.19352e-04 
 2.93500e+02  3.06232e-04 
 2.94000e+02  3.14800e-04 
 2.94500e+02  3.16296e-04 
 2.95000e+02  3.19632e-04 
 2.95500e+02  3.25752e-04 
 2.96000e+02  3.30896e-04 
 2.96500e+02  3.29952e-04 
 2.97000e+02  3.20264e-04 
 2.97500e+02  3.18992e-04 
 2.98000e+02  3.28656e-04 
 2.98500e+02  3.27376e-04 
 2.99000e+02  3.27128e-04 
 2.99500e+02  3.36816e-04 
 3.00000e+02  3.34952e-04 
 3.00500e+02  3.33816e-04 
 3.01000e+02  3.42808e-04 
 3.01500e+02  3.43824e-04 
 3.02000e+02  3.37584e-04 
 3.02500e+02  3.45608e-04 
 3.03000e+02  3.44000e-04 
 3.03500e+02  3.48816e-04 
 3.04000e+02  3.44944e-04 
 3.04500e+02  3.59496e-04 
 3.05000e+02  3.68448e-04 
 3.05500e+02  3.69488e-04 
 3.06000e+02  3.78888e-04 
 3.06500e+02  3.87912e-04 
 3.07000e+02  3.77224e-04 
 3.07500e+02  3.93496e-04 
 3.08000e+02  3.89040e-04 
 3.08500e+02  3.87744e-04 
 3.09000e+02  4.03560e-04 
 3.09500e+02  4.17512e-04 
 3.10000e+02  4.30952e-04 
 3.10500e+02  4.44600e-04 
 3.11000e+02  4.54880e-04 
 3.11500e+02  4.57288e-04 
 3.12000e+02  4.56072e-04 
 3.12500e+02  4.69456e-04 
 3.13000e+02  4.79936e-04 
 3.13500e+02  5.07576e-04 
 3.14000e+02  5.31448e-04 
 3.14500e+02  5.36376e-04 
 3.15000e+02  5.60768e-04 
 3.15500e+02  5.73560e-04 
 3.16000e+02  6.17040e-04 
 3.16500e+02  6.76864e-04 
 3.17000e+02  7.38632e-04 
 3.17500e+02  8.01968e-04 
 3.18000e+02  8.68048e-04 
 3.18500e+02  1.03447e-03 
 3.19000e+02  1.39658e-03 
 3.19500e+02  3.11420e-03 
