 0.00000e+00  9.78320e-05 
 5.00000e-01  1.16680e-04 
 1.00000e+00  8.81200e-05 
 1.50000e+00  7.01600e-05 
 2.00000e+00  6.09280e-05 
 2.50000e+00  5.32400e-05 
 3.00000e+00  5.10160e-05 
 3.50000e+00  4.88880e-05 
 4.00000e+00  4.83040e-05 
 4.50000e+00  4.68480e-05 
 5.00000e+00  4.61600e-05 
 5.50000e+00  5.08480e-05 
 6.00000e+00  4.83920e-05 
 6.50000e+00  4.32720e-05 
 7.00000e+00  4.54160e-05 
 7.50000e+00  4.54800e-05 
 8.00000e+00  4.16000e-05 
 8.50000e+00  4.28800e-05 
 9.00000e+00  4.22960e-05 
 9.50000e+00  4.03760e-05 
 1.00000e+01  4.49760e-05 
 1.05000e+01  4.24240e-05 
 1.10000e+01  4.26000e-05 
 1.15000e+01  3.86160e-05 
 1.20000e+01  3.98240e-05 
 1.25000e+01  3.94640e-05 
 1.30000e+01  3.97680e-05 
 1.35000e+01  4.10160e-05 
 1.40000e+01  3.86400e-05 
 1.45000e+01  3.78240e-05 
 1.50000e+01  4.10800e-05 
 1.55000e+01  4.12720e-05 
 1.60000e+01  4.19440e-05 
 1.65000e+01  4.21440e-05 
 1.70000e+01  4.37760e-05 
 1.75000e+01  4.31840e-05 
 1.80000e+01  4.51280e-05 
 1.85000e+01  4.42800e-05 
 1.90000e+01  4.26640e-05 
 1.95000e+01  4.20080e-05 
 2.00000e+01  4.28560e-05 
 2.05000e+01  4.29200e-05 
 2.10000e+01  4.66000e-05 
 2.15000e+01  4.41840e-05 
 2.20000e+01  4.52720e-05 
 2.25000e+01  4.50080e-05 
 2.30000e+01  4.28320e-05 
 2.35000e+01  4.36720e-05 
 2.40000e+01  4.50880e-05 
 2.45000e+01  4.43200e-05 
 2.50000e+01  4.34800e-05 
 2.55000e+01  4.50080e-05 
 2.60000e+01  4.68560e-05 
 2.65000e+01  4.33120e-05 
 2.70000e+01  4.35440e-05 
 2.75000e+01  4.68640e-05 
 2.80000e+01  4.86080e-05 
 2.85000e+01  4.58480e-05 
 2.90000e+01  4.59680e-05 
 2.95000e+01  4.56080e-05 
 3.00000e+01  5.91840e-05 
 3.05000e+01  5.35360e-05 
 3.10000e+01  5.35040e-05 
 3.15000e+01  5.73360e-05 
 3.20000e+01  5.75520e-05 
 3.25000e+01  5.64400e-05 
 3.30000e+01  5.14160e-05 
 3.35000e+01  5.66800e-05 
 3.40000e+01  5.52240e-05 
 3.45000e+01  5.54800e-05 
 3.50000e+01  5.58800e-05 
 3.55000e+01  5.66080e-05 
 3.60000e+01  6.01200e-05 
 3.65000e+01  6.70720e-05 
 3.70000e+01  6.92400e-05 
 3.75000e+01  7.78160e-05 
 3.80000e+01  9.39760e-05 
 3.85000e+01  1.12120e-04 
 3.90000e+01  1.33696e-04 
 3.95000e+01  1.45208e-04 
 4.00000e+01  1.55880e-04 
 4.05000e+01  1.56496e-04 
 4.10000e+01  1.46792e-04 
 4.15000e+01  1.33056e-04 
 4.20000e+01  1.31488e-04 
 4.25000e+01  1.34160e-04 
 4.30000e+01  1.44464e-04 
 4.35000e+01  1.35576e-04 
 4.40000e+01  1.48320e-04 
 4.45000e+01  1.54096e-04 
 4.50000e+01  1.69312e-04 
 4.55000e+01  1.73824e-04 
 4.60000e+01  1.70752e-04 
 4.65000e+01  1.67632e-04 
 4.70000e+01  1.66384e-04 
 4.75000e+01  1.76040e-04 
 4.80000e+01  1.75048e-04 
 4.85000e+01  1.76288e-04 
 4.90000e+01  1.84984e-04 
 4.95000e+01  1.83424e-04 
 5.00000e+01  1.90776e-04 
 5.05000e+01  2.07528e-04 
 5.10000e+01  2.06136e-04 
 5.15000e+01  2.33376e-04 
 5.20000e+01  2.20752e-04 
 5.25000e+01  2.30888e-04 
 5.30000e+01  2.54136e-04 
 5.35000e+01  2.92280e-04 
 5.40000e+01  3.00168e-04 
 5.45000e+01  2.94784e-04 
 5.50000e+01  2.99080e-04 
 5.55000e+01  2.94976e-04 
 5.60000e+01  3.67168e-04 
 5.65000e+01  3.81024e-04 
 5.70000e+01  3.78232e-04 
 5.75000e+01  3.42272e-04 
 5.80000e+01  3.61496e-04 
 5.85000e+01  3.68824e-04 
 5.90000e+01  3.94384e-04 
 5.95000e+01  3.60992e-04 
 6.00000e+01  4.06952e-04 
 6.05000e+01  3.89248e-04 
 6.10000e+01  3.64000e-04 
 6.15000e+01  3.86760e-04 
 6.20000e+01  3.85352e-04 
 6.25000e+01  4.22392e-04 
 6.30000e+01  4.47128e-04 
 6.35000e+01  4.15904e-04 
 6.40000e+01  4.12816e-04 
 6.45000e+01  4.46904e-04 
 6.50000e+01  4.70728e-04 
 6.55000e+01  4.37056e-04 
 6.60000e+01  4.52744e-04 
 6.65000e+01  4.68848e-04 
 6.70000e+01  4.92120e-04 
 6.75000e+01  5.66424e-04 
 6.80000e+01  5.53968e-04 
 6.85000e+01  5.50208e-04 
 6.90000e+01  5.50256e-04 
 6.95000e+01  5.35720e-04 
 7.00000e+01  5.26352e-04 
 7.05000e+01  6.25544e-04 
 7.10000e+01  6.39880e-04 
 7.15000e+01  6.38256e-04 
 7.20000e+01  6.66616e-04 
 7.25000e+01  6.67304e-04 
 7.30000e+01  6.66608e-04 
 7.35000e+01  6.37416e-04 
 7.40000e+01  6.62872e-04 
 7.45000e+01  6.49616e-04 
 7.50000e+01  6.77848e-04 
 7.55000e+01  6.79976e-04 
 7.60000e+01  7.08512e-04 
 7.65000e+01  7.17512e-04 
 7.70000e+01  7.19256e-04 
 7.75000e+01  7.30192e-04 
 7.80000e+01  7.20896e-04 
 7.85000e+01  7.40376e-04 
 7.90000e+01  7.49784e-04 
 7.95000e+01  7.47920e-04 
 8.00000e+01  7.71112e-04 
 8.05000e+01  7.48144e-04 
 8.10000e+01  8.06768e-04 
 8.15000e+01  8.83040e-04 
 8.20000e+01  8.94048e-04 
 8.25000e+01  9.12896e-04 
 8.30000e+01  9.80264e-04 
 8.35000e+01  9.97696e-04 
 8.40000e+01  9.72808e-04 
 8.45000e+01  8.82840e-04 
 8.50000e+01  9.24328e-04 
 8.55000e+01  8.50800e-04 
 8.60000e+01  8.83864e-04 
 8.65000e+01  9.27440e-04 
 8.70000e+01  9.90072e-04 
 8.75000e+01  1.03922e-03 
 8.80000e+01  1.03599e-03 
 8.85000e+01  1.03284e-03 
 8.90000e+01  9.92432e-04 
 8.95000e+01  1.07998e-03 
 9.00000e+01  1.15145e-03 
 9.05000e+01  1.18510e-03 
 9.10000e+01  1.15079e-03 
 9.15000e+01  1.19010e-03 
 9.20000e+01  1.26736e-03 
 9.25000e+01  1.22595e-03 
 9.30000e+01  1.32052e-03 
 9.35000e+01  1.30257e-03 
 9.40000e+01  1.34241e-03 
 9.45000e+01  1.58545e-03 
 9.50000e+01  1.49998e-03 
 9.55000e+01  1.55178e-03 
 9.60000e+01  1.63085e-03 
 9.65000e+01  1.76046e-03 
 9.70000e+01  1.74412e-03 
 9.75000e+01  1.93515e-03 
 9.80000e+01  1.91403e-03 
 9.85000e+01  2.03764e-03 
 9.90000e+01  2.01235e-03 
 9.95000e+01  2.14116e-03 
 1.00000e+02  2.28026e-03 
 1.00500e+02  2.59603e-03 
 1.01000e+02  2.75813e-03 
 1.01500e+02  2.88996e-03 
 1.02000e+02  3.13209e-03 
 1.02500e+02  3.56342e-03 
 1.03000e+02  3.58598e-03 
 1.03500e+02  3.39695e-03 
 1.04000e+02  3.57931e-03 
 1.04500e+02  3.73134e-03 
 1.05000e+02  4.08957e-03 
 1.05500e+02  4.30310e-03 
 1.06000e+02  4.68951e-03 
 1.06500e+02  4.53724e-03 
 1.07000e+02  5.05784e-03 
 1.07500e+02  5.26530e-03 
 1.08000e+02  5.22449e-03 
 1.08500e+02  5.42734e-03 
 1.09000e+02  5.80214e-03 
 1.09500e+02  5.87527e-03 
 1.10000e+02  6.32613e-03 
 1.10500e+02  6.36804e-03 
 1.11000e+02  6.59886e-03 
 1.11500e+02  6.42158e-03 
 1.12000e+02  6.66589e-03 
 1.12500e+02  6.83876e-03 
 1.13000e+02  7.05061e-03 
 1.13500e+02  6.95065e-03 
 1.14000e+02  7.52449e-03 
 1.14500e+02  7.53092e-03 
 1.15000e+02  7.72265e-03 
 1.15500e+02  8.04101e-03 
 1.16000e+02  8.39993e-03 
 1.16500e+02  8.62045e-03 
 1.17000e+02  8.47506e-03 
 1.17500e+02  8.46903e-03 
 1.18000e+02  8.01561e-03 
 1.18500e+02  8.66232e-03 
 1.19000e+02  8.76794e-03 
 1.19500e+02  8.81426e-03 
 1.20000e+02  9.06718e-03 
 1.20500e+02  9.41290e-03 
 1.21000e+02  9.29005e-03 
 1.21500e+02  9.64234e-03 
 1.22000e+02  9.76130e-03 
 1.22500e+02  9.71726e-03 
 1.23000e+02  9.58913e-03 
 1.23500e+02  1.03808e-02 
 1.24000e+02  1.00492e-02 
 1.24500e+02  9.79074e-03 
 1.25000e+02  1.03171e-02 
 1.25500e+02  1.02323e-02 
 1.26000e+02  1.04215e-02 
 1.26500e+02  1.04561e-02 
 1.27000e+02  1.09751e-02 
 1.27500e+02  1.10168e-02 
 1.28000e+02  1.08136e-02 
 1.28500e+02  1.05264e-02 
 1.29000e+02  1.11560e-02 
 1.29500e+02  1.12686e-02 
 1.30000e+02  1.13230e-02 
 1.30500e+02  1.12384e-02 
 1.31000e+02  1.15494e-02 
 1.31500e+02  1.13928e-02 
 1.32000e+02  1.18564e-02 
 1.32500e+02  1.18117e-02 
 1.33000e+02  1.18814e-02 
 1.33500e+02  1.21052e-02 
 1.34000e+02  1.22778e-02 
 1.34500e+02  1.23435e-02 
 1.35000e+02  1.23046e-02 
 1.35500e+02  1.26308e-02 
 1.36000e+02  1.25236e-02 
 1.36500e+02  1.25200e-02 
 1.37000e+02  1.30070e-02 
 1.37500e+02  1.29960e-02 
 1.38000e+02  1.34538e-02 
 1.38500e+02  1.36772e-02 
 1.39000e+02  1.33109e-02 
 1.39500e+02  1.36902e-02 
 1.40000e+02  1.42986e-02 
 1.40500e+02  1.34061e-02 
 1.41000e+02  1.33528e-02 
 1.41500e+02  1.39299e-02 
 1.42000e+02  1.40861e-02 
 1.42500e+02  1.46874e-02 
 1.43000e+02  1.44769e-02 
 1.43500e+02  1.47979e-02 
 1.44000e+02  1.47140e-02 
 1.44500e+02  1.41313e-02 
 1.45000e+02  1.44919e-02 
 1.45500e+02  1.49961e-02 
 1.46000e+02  1.51508e-02 
 1.46500e+02  1.52487e-02 
 1.47000e+02  1.53319e-02 
 1.47500e+02  1.51503e-02 
 1.48000e+02  1.48278e-02 
 1.48500e+02  1.50385e-02 
 1.49000e+02  1.49817e-02 
 1.49500e+02  1.53022e-02 
 1.50000e+02  1.57361e-02 
 1.50500e+02  1.55195e-02 
 1.51000e+02  1.59963e-02 
 1.51500e+02  1.53922e-02 
 1.52000e+02  1.53696e-02 
 1.52500e+02  1.56563e-02 
 1.53000e+02  1.55086e-02 
 1.53500e+02  1.58437e-02 
 1.54000e+02  1.57804e-02 
 1.54500e+02  1.61670e-02 
 1.55000e+02  1.56035e-02 
 1.55500e+02  1.49440e-02 
 1.56000e+02  1.55132e-02 
 1.56500e+02  1.46007e-02 
 1.57000e+02  1.48573e-02 
 1.57500e+02  1.47108e-02 
 1.58000e+02  1.54246e-02 
 1.58500e+02  1.57852e-02 
 1.59000e+02  1.52165e-02 
 1.59500e+02  1.53649e-02 
 1.60000e+02  1.46284e-02 
 1.60500e+02  1.46960e-02 
 1.61000e+02  1.44384e-02 
 1.61500e+02  1.41963e-02 
 1.62000e+02  1.52113e-02 
 1.62500e+02  1.50554e-02 
 1.63000e+02  1.50671e-02 
 1.63500e+02  1.45405e-02 
 1.64000e+02  1.50020e-02 
 1.64500e+02  1.51156e-02 
 1.65000e+02  1.56057e-02 
 1.65500e+02  1.52903e-02 
 1.66000e+02  1.54091e-02 
 1.66500e+02  1.51445e-02 
 1.67000e+02  1.55380e-02 
 1.67500e+02  1.56420e-02 
 1.68000e+02  1.53695e-02 
 1.68500e+02  1.52550e-02 
 1.69000e+02  1.50269e-02 
 1.69500e+02  1.55322e-02 
 1.70000e+02  1.53927e-02 
 1.70500e+02  1.53774e-02 
 1.71000e+02  1.56853e-02 
 1.71500e+02  1.56623e-02 
 1.72000e+02  1.63086e-02 
 1.72500e+02  1.63525e-02 
 1.73000e+02  1.55415e-02 
 1.73500e+02  1.55146e-02 
 1.74000e+02  1.56871e-02 
 1.74500e+02  1.51894e-02 
 1.75000e+02  1.49085e-02 
 1.75500e+02  1.44932e-02 
 1.76000e+02  1.44850e-02 
 1.76500e+02  1.45362e-02 
 1.77000e+02  1.40559e-02 
 1.77500e+02  1.41029e-02 
 1.78000e+02  1.39494e-02 
 1.78500e+02  1.43740e-02 
 1.79000e+02  1.40938e-02 
 1.79500e+02  1.37970e-02 
 1.80000e+02  1.41877e-02 
 1.80500e+02  1.44084e-02 
 1.81000e+02  1.48742e-02 
 1.81500e+02  1.46451e-02 
 1.82000e+02  1.50139e-02 
 1.82500e+02  1.40364e-02 
 1.83000e+02  1.40241e-02 
 1.83500e+02  1.44612e-02 
 1.84000e+02  1.40233e-02 
 1.84500e+02  1.36834e-02 
 1.85000e+02  1.39072e-02 
 1.85500e+02  1.33502e-02 
 1.86000e+02  1.31741e-02 
 1.86500e+02  1.33469e-02 
 1.87000e+02  1.26318e-02 
 1.87500e+02  1.28057e-02 
 1.88000e+02  1.33112e-02 
 1.88500e+02  1.31231e-02 
 1.89000e+02  1.34919e-02 
 1.89500e+02  1.39393e-02 
 1.90000e+02  1.36922e-02 
 1.90500e+02  1.31133e-02 
 1.91000e+02  1.26403e-02 
 1.91500e+02  1.23594e-02 
 1.92000e+02  1.24106e-02 
 1.92500e+02  1.19930e-02 
 1.93000e+02  1.20754e-02 
 1.93500e+02  1.16819e-02 
 1.94000e+02  1.13098e-02 
 1.94500e+02  1.13083e-02 
 1.95000e+02  1.04359e-02 
 1.95500e+02  1.05605e-02 
 1.96000e+02  1.07337e-02 
 1.96500e+02  1.07162e-02 
 1.97000e+02  1.07118e-02 
 1.97500e+02  1.05854e-02 
 1.98000e+02  1.06655e-02 
 1.98500e+02  1.03995e-02 
 1.99000e+02  1.01318e-02 
 1.99500e+02  1.03674e-02 
 2.00000e+02  1.02622e-02 
 2.00500e+02  9.48098e-03 
 2.01000e+02  9.60845e-03 
 2.01500e+02  9.44148e-03 
 2.02000e+02  9.02546e-03 
 2.02500e+02  8.83068e-03 
 2.03000e+02  8.57938e-03 
 2.03500e+02  8.38786e-03 
 2.04000e+02  7.94593e-03 
 2.04500e+02  7.68155e-03 
 2.05000e+02  7.63149e-03 
 2.05500e+02  7.28593e-03 
 2.06000e+02  7.18730e-03 
 2.06500e+02  7.04860e-03 
 2.07000e+02  7.14266e-03 
 2.07500e+02  6.85302e-03 
 2.08000e+02  6.97916e-03 
 2.08500e+02  6.49471e-03 
 2.09000e+02  6.25175e-03 
 2.09500e+02  5.91258e-03 
 2.10000e+02  5.55313e-03 
 2.10500e+02  5.78261e-03 
 2.11000e+02  5.71032e-03 
 2.11500e+02  5.14787e-03 
 2.12000e+02  4.78459e-03 
 2.12500e+02  4.75443e-03 
 2.13000e+02  4.71898e-03 
 2.13500e+02  4.36854e-03 
 2.14000e+02  3.97727e-03 
 2.14500e+02  3.85134e-03 
 2.15000e+02  3.66415e-03 
 2.15500e+02  3.43989e-03 
 2.16000e+02  3.32109e-03 
 2.16500e+02  3.19008e-03 
 2.17000e+02  3.19369e-03 
 2.17500e+02  3.18362e-03 
 2.18000e+02  3.32703e-03 
 2.18500e+02  3.05882e-03 
 2.19000e+02  3.17987e-03 
 2.19500e+02  3.21328e-03 
 2.20000e+02  2.77493e-03 
 2.20500e+02  2.81198e-03 
 2.21000e+02  2.78308e-03 
 2.21500e+02  2.60570e-03 
 2.22000e+02  2.57367e-03 
 2.22500e+02  2.47328e-03 
 2.23000e+02  2.42916e-03 
 2.23500e+02  2.46901e-03 
 2.24000e+02  2.40567e-03 
 2.24500e+02  2.36363e-03 
 2.25000e+02  2.32478e-03 
 2.25500e+02  2.29299e-03 
 2.26000e+02  2.26181e-03 
 2.26500e+02  2.19657e-03 
 2.27000e+02  2.16871e-03 
 2.27500e+02  2.12834e-03 
 2.28000e+02  2.11182e-03 
 2.28500e+02  2.07729e-03 
 2.29000e+02  2.20017e-03 
 2.29500e+02  2.16622e-03 
 2.30000e+02  2.15465e-03 
 2.30500e+02  2.08136e-03 
 2.31000e+02  2.05083e-03 
 2.31500e+02  1.95473e-03 
 2.32000e+02  1.90781e-03 
 2.32500e+02  1.95171e-03 
 2.33000e+02  1.89818e-03 
 2.33500e+02  1.88827e-03 
 2.34000e+02  1.86640e-03 
 2.34500e+02  2.07728e-03 
 2.35000e+02  1.92184e-03 
 2.35500e+02  1.88282e-03 
 2.36000e+02  1.83013e-03 
 2.36500e+02  1.82112e-03 
 2.37000e+02  1.88818e-03 
 2.37500e+02  1.72785e-03 
 2.38000e+02  1.74406e-03 
 2.38500e+02  1.71029e-03 
 2.39000e+02  1.74970e-03 
 2.39500e+02  1.72120e-03 
 2.40000e+02  1.59670e-03 
 2.40500e+02  1.63653e-03 
 2.41000e+02  1.73203e-03 
 2.41500e+02  1.75156e-03 
 2.42000e+02  1.70473e-03 
 2.42500e+02  1.64626e-03 
 2.43000e+02  1.62184e-03 
 2.43500e+02  1.62166e-03 
 2.44000e+02  1.60663e-03 
 2.44500e+02  1.60197e-03 
 2.45000e+02  1.59182e-03 
 2.45500e+02  1.50781e-03 
 2.46000e+02  1.53446e-03 
 2.46500e+02  1.54114e-03 
 2.47000e+02  1.49245e-03 
 2.47500e+02  1.46179e-03 
 2.48000e+02  1.34006e-03 
 2.48500e+02  1.29338e-03 
 2.49000e+02  1.35144e-03 
 2.49500e+02  1.30566e-03 
 2.50000e+02  1.32636e-03 
 2.50500e+02  1.30734e-03 
 2.51000e+02  1.29099e-03 
 2.51500e+02  1.27277e-03 
 2.52000e+02  1.29123e-03 
 2.52500e+02  1.29788e-03 
 2.53000e+02  1.27237e-03 
 2.53500e+02  1.32964e-03 
 2.54000e+02  1.27250e-03 
 2.54500e+02  1.31550e-03 
 2.55000e+02  1.32850e-03 
 2.55500e+02  1.20225e-03 
 2.56000e+02  1.19652e-03 
 2.56500e+02  1.17175e-03 
 2.57000e+02  1.18396e-03 
 2.57500e+02  1.09474e-03 
 2.58000e+02  1.06778e-03 
 2.58500e+02  1.05960e-03 
 2.59000e+02  1.08075e-03 
 2.59500e+02  1.06559e-03 
 2.60000e+02  1.09346e-03 
 2.60500e+02  1.03184e-03 
 2.61000e+02  9.79072e-04 
 2.61500e+02  9.46656e-04 
 2.62000e+02  9.02888e-04 
 2.62500e+02  8.79144e-04 
 2.63000e+02  8.80600e-04 
 2.63500e+02  8.74848e-04 
 2.64000e+02  8.44384e-04 
 2.64500e+02  8.25056e-04 
 2.65000e+02  8.35104e-04 
 2.65500e+02  8.19896e-04 
 2.66000e+02  8.33256e-04 
 2.66500e+02  8.25304e-04 
 2.67000e+02  8.13648e-04 
 2.67500e+02  7.89056e-04 
 2.68000e+02  8.00208e-04 
 2.68500e+02  7.79096e-04 
 2.69000e+02  7.69712e-04 
 2.69500e+02  7.77968e-04 
 2.70000e+02  7.73416e-04 
 2.70500e+02  7.59264e-04 
 2.71000e+02  7.67352e-04 
 2.71500e+02  7.62808e-04 
 2.72000e+02  7.73488e-04 
 2.72500e+02  7.85552e-04 
 2.73000e+02  7.89592e-04 
 2.73500e+02  7.95176e-04 
 2.74000e+02  8.21792e-04 
 2.74500e+02  8.54520e-04 
 2.75000e+02  9.15480e-04 
 2.75500e+02  9.61960e-04 
 2.76000e+02  1.00692e-03 
 2.76500e+02  1.08276e-03 
 2.77000e+02  1.08519e-03 
 2.77500e+02  9.23360e-04 
 2.78000e+02  8.24296e-04 
 2.78500e+02  6.73840e-04 
 2.79000e+02  5.56352e-04 
 2.79500e+02  4.80456e-04 
 2.80000e+02  4.33432e-04 
 2.80500e+02  4.19720e-04 
 2.81000e+02  4.24008e-04 
 2.81500e+02  4.09248e-04 
 2.82000e+02  3.84896e-04 
 2.82500e+02  3.86792e-04 
 2.83000e+02  3.90264e-04 
 2.83500e+02  3.77424e-04 
 2.84000e+02  3.78744e-04 
 2.84500e+02  3.75792e-04 
 2.85000e+02  3.72992e-04 
 2.85500e+02  3.60552e-04 
 2.86000e+02  3.53480e-04 
 2.86500e+02  3.41992e-04 
 2.87000e+02  3.39016e-04 
 2.87500e+02  3.43392e-04 
 2.88000e+02  3.35880e-04 
 2.88500e+02  3.38352e-04 
 2.89000e+02  3.42328e-04 
 2.89500e+02  3.41664e-04 
 2.90000e+02  3.36720e-04 
 2.90500e+02  3.35720e-04 
 2.91000e+02  3.40384e-04 
 2.91500e+02  3.33432e-04 
 2.92000e+02  3.15960e-04 
 2.92500e+02  3.10024e-04 
 2.93000e+02  3.10512e-04 
 2.93500e+02  3.18184e-04 
 2.94000e+02  3.37896e-04 
 2.94500e+02  3.25648e-04 
 2.95000e+02  3.21288e-04 
 2.95500e+02  3.24272e-04 
 2.96000e+02  3.33136e-04 
 2.96500e+02  3.26024e-04 
 2.97000e+02  3.34224e-04 
 2.97500e+02  3.38840e-04 
 2.98000e+02  3.41840e-04 
 2.98500e+02  3.35352e-04 
 2.99000e+02  3.40312e-04 
 2.99500e+02  3.43456e-04 
 3.00000e+02  3.46424e-04 
 3.00500e+02  3.43256e-04 
 3.01000e+02  3.51216e-04 
 3.01500e+02  3.51264e-04 
 3.02000e+02  3.45032e-04 
 3.02500e+02  3.47120e-04 
 3.03000e+02  3.59448e-04 
 3.03500e+02  3.58944e-04 
 3.04000e+02  3.57856e-04 
 3.04500e+02  3.71184e-04 
 3.05000e+02  3.62016e-04 
 3.05500e+02  3.80552e-04 
 3.06000e+02  3.87080e-04 
 3.06500e+02  3.90792e-04 
 3.07000e+02  3.98504e-04 
 3.07500e+02  3.97128e-04 
 3.08000e+02  3.79776e-04 
 3.08500e+02  3.93560e-04 
 3.09000e+02  4.02312e-04 
 3.09500e+02  4.15872e-04 
 3.10000e+02  4.29320e-04 
 3.10500e+02  4.48224e-04 
 3.11000e+02  4.68352e-04 
 3.11500e+02  4.72136e-04 
 3.12000e+02  4.68984e-04 
 3.12500e+02  4.70192e-04 
 3.13000e+02  4.87768e-04 
 3.13500e+02  5.03840e-04 
 3.14000e+02  5.25616e-04 
 3.14500e+02  5.55768e-04 
 3.15000e+02  5.71216e-04 
 3.15500e+02  5.90056e-04 
 3.16000e+02  6.19096e-04 
 3.16500e+02  6.81320e-04 
 3.17000e+02  7.42992e-04 
 3.17500e+02  8.08456e-04 
 3.18000e+02  8.74384e-04 
 3.18500e+02  1.05470e-03 
 3.19000e+02  1.42905e-03 
 3.19500e+02  3.17157e-03 
