 0.00000e+00  9.11120e-05 
 5.00000e-01  9.69120e-05 
 1.00000e+00  7.35360e-05 
 1.50000e+00  6.23360e-05 
 2.00000e+00  5.44880e-05 
 2.50000e+00  5.06720e-05 
 3.00000e+00  4.50960e-05 
 3.50000e+00  4.15600e-05 
 4.00000e+00  4.00880e-05 
 4.50000e+00  3.71760e-05 
 5.00000e+00  3.53200e-05 
 5.50000e+00  3.58480e-05 
 6.00000e+00  3.48000e-05 
 6.50000e+00  3.34560e-05 
 7.00000e+00  3.33440e-05 
 7.50000e+00  3.40080e-05 
 8.00000e+00  3.16000e-05 
 8.50000e+00  3.45920e-05 
 9.00000e+00  3.40880e-05 
 9.50000e+00  3.32400e-05 
 1.00000e+01  3.34000e-05 
 1.05000e+01  3.30000e-05 
 1.10000e+01  3.36240e-05 
 1.15000e+01  3.41760e-05 
 1.20000e+01  3.29200e-05 
 1.25000e+01  3.08320e-05 
 1.30000e+01  3.16080e-05 
 1.35000e+01  3.12320e-05 
 1.40000e+01  3.20480e-05 
 1.45000e+01  3.18400e-05 
 1.50000e+01  3.14880e-05 
 1.55000e+01  3.33120e-05 
 1.60000e+01  3.45680e-05 
 1.65000e+01  3.19840e-05 
 1.70000e+01  3.36720e-05 
 1.75000e+01  3.47200e-05 
 1.80000e+01  3.61440e-05 
 1.85000e+01  3.72480e-05 
 1.90000e+01  3.57600e-05 
 1.95000e+01  3.56160e-05 
 2.00000e+01  3.65840e-05 
 2.05000e+01  3.74240e-05 
 2.10000e+01  4.00000e-05 
 2.15000e+01  4.26560e-05 
 2.20000e+01  4.24160e-05 
 2.25000e+01  4.53520e-05 
 2.30000e+01  4.25760e-05 
 2.35000e+01  4.12080e-05 
 2.40000e+01  5.11920e-05 
 2.45000e+01  4.66880e-05 
 2.50000e+01  4.80080e-05 
 2.55000e+01  4.28320e-05 
 2.60000e+01  4.54800e-05 
 2.65000e+01  4.94800e-05 
 2.70000e+01  5.15920e-05 
 2.75000e+01  4.93600e-05 
 2.80000e+01  4.87600e-05 
 2.85000e+01  5.06400e-05 
 2.90000e+01  5.52880e-05 
 2.95000e+01  5.33440e-05 
 3.00000e+01  5.42400e-05 
 3.05000e+01  5.68720e-05 
 3.10000e+01  6.25200e-05 
 3.15000e+01  5.89600e-05 
 3.20000e+01  5.91520e-05 
 3.25000e+01  6.75920e-05 
 3.30000e+01  6.67280e-05 
 3.35000e+01  6.82240e-05 
 3.40000e+01  6.57200e-05 
 3.45000e+01  6.76800e-05 
 3.50000e+01  7.34160e-05 
 3.55000e+01  7.01120e-05 
 3.60000e+01  7.22720e-05 
 3.65000e+01  8.85680e-05 
 3.70000e+01  1.00168e-04 
 3.75000e+01  1.07320e-04 
 3.80000e+01  1.30816e-04 
 3.85000e+01  1.57368e-04 
 3.90000e+01  1.54920e-04 
 3.95000e+01  1.57384e-04 
 4.00000e+01  1.60584e-04 
 4.05000e+01  1.64688e-04 
 4.10000e+01  1.61184e-04 
 4.15000e+01  1.55720e-04 
 4.20000e+01  1.52008e-04 
 4.25000e+01  1.47000e-04 
 4.30000e+01  1.64672e-04 
 4.35000e+01  1.72216e-04 
 4.40000e+01  1.66368e-04 
 4.45000e+01  1.50296e-04 
 4.50000e+01  1.53712e-04 
 4.55000e+01  1.59104e-04 
 4.60000e+01  1.65912e-04 
 4.65000e+01  1.78488e-04 
 4.70000e+01  1.90856e-04 
 4.75000e+01  1.96664e-04 
 4.80000e+01  2.03056e-04 
 4.85000e+01  2.22288e-04 
 4.90000e+01  1.98632e-04 
 4.95000e+01  1.97400e-04 
 5.00000e+01  2.04296e-04 
 5.05000e+01  2.05232e-04 
 5.10000e+01  2.27688e-04 
 5.15000e+01  2.45200e-04 
 5.20000e+01  2.64592e-04 
 5.25000e+01  2.67016e-04 
 5.30000e+01  3.07696e-04 
 5.35000e+01  2.92848e-04 
 5.40000e+01  3.13768e-04 
 5.45000e+01  3.36224e-04 
 5.50000e+01  3.42408e-04 
 5.55000e+01  3.46024e-04 
 5.60000e+01  3.39856e-04 
 5.65000e+01  3.50664e-04 
 5.70000e+01  3.63632e-04 
 5.75000e+01  3.81808e-04 
 5.80000e+01  3.71928e-04 
 5.85000e+01  3.64720e-04 
 5.90000e+01  3.66312e-04 
 5.95000e+01  3.80128e-04 
 6.00000e+01  4.26568e-04 
 6.05000e+01  4.53136e-04 
 6.10000e+01  4.47440e-04 
 6.15000e+01  4.36056e-04 
 6.20000e+01  4.46496e-04 
 6.25000e+01  4.53656e-04 
 6.30000e+01  4.79592e-04 
 6.35000e+01  4.88992e-04 
 6.40000e+01  5.20504e-04 
 6.45000e+01  5.14104e-04 
 6.50000e+01  4.87216e-04 
 6.55000e+01  5.43480e-04 
 6.60000e+01  5.33584e-04 
 6.65000e+01  5.31672e-04 
 6.70000e+01  5.26736e-04 
 6.75000e+01  5.60408e-04 
 6.80000e+01  5.17224e-04 
 6.85000e+01  5.23688e-04 
 6.90000e+01  6.15432e-04 
 6.95000e+01  5.68984e-04 
 7.00000e+01  5.87296e-04 
 7.05000e+01  5.65024e-04 
 7.10000e+01  5.47968e-04 
 7.15000e+01  5.55496e-04 
 7.20000e+01  5.90472e-04 
 7.25000e+01  6.43504e-04 
 7.30000e+01  6.12544e-04 
 7.35000e+01  6.45912e-04 
 7.40000e+01  6.12272e-04 
 7.45000e+01  6.54200e-04 
 7.50000e+01  6.52304e-04 
 7.55000e+01  6.05208e-04 
 7.60000e+01  6.26208e-04 
 7.65000e+01  6.60432e-04 
 7.70000e+01  7.11536e-04 
 7.75000e+01  7.15960e-04 
 7.80000e+01  7.67776e-04 
 7.85000e+01  8.03400e-04 
 7.90000e+01  8.34152e-04 
 7.95000e+01  9.12936e-04 
 8.00000e+01  8.83048e-04 
 8.05000e+01  9.07208e-04 
 8.10000e+01  9.13816e-04 
 8.15000e+01  9.09632e-04 
 8.20000e+01  9.47224e-04 
 8.25000e+01  9.54328e-04 
 8.30000e+01  1.01971e-03 
 8.35000e+01  1.01804e-03 
 8.40000e+01  1.07105e-03 
 8.45000e+01  1.03281e-03 
 8.50000e+01  1.03177e-03 
 8.55000e+01  1.05367e-03 
 8.60000e+01  1.16554e-03 
 8.65000e+01  1.13174e-03 
 8.70000e+01  1.08381e-03 
 8.75000e+01  1.03998e-03 
 8.80000e+01  1.13438e-03 
 8.85000e+01  1.10284e-03 
 8.90000e+01  1.14984e-03 
 8.95000e+01  1.17442e-03 
 9.00000e+01  1.25737e-03 
 9.05000e+01  1.28456e-03 
 9.10000e+01  1.23267e-03 
 9.15000e+01  1.20756e-03 
 9.20000e+01  1.19555e-03 
 9.25000e+01  1.25949e-03 
 9.30000e+01  1.25654e-03 
 9.35000e+01  1.21876e-03 
 9.40000e+01  1.29152e-03 
 9.45000e+01  1.39969e-03 
 9.50000e+01  1.48549e-03 
 9.55000e+01  1.60451e-03 
 9.60000e+01  1.50904e-03 
 9.65000e+01  1.65291e-03 
 9.70000e+01  1.58738e-03 
 9.75000e+01  1.69866e-03 
 9.80000e+01  1.75994e-03 
 9.85000e+01  1.91575e-03 
 9.90000e+01  2.13000e-03 
 9.95000e+01  2.26558e-03 
 1.00000e+02  2.19504e-03 
 1.00500e+02  2.29738e-03 
 1.01000e+02  2.35170e-03 
 1.01500e+02  2.50798e-03 
 1.02000e+02  2.80251e-03 
 1.02500e+02  3.03696e-03 
 1.03000e+02  3.10961e-03 
 1.03500e+02  3.09549e-03 
 1.04000e+02  3.24702e-03 
 1.04500e+02  3.22740e-03 
 1.05000e+02  3.51429e-03 
 1.05500e+02  3.96533e-03 
 1.06000e+02  4.21938e-03 
 1.06500e+02  4.20929e-03 
 1.07000e+02  4.37248e-03 
 1.07500e+02  4.54226e-03 
 1.08000e+02  4.65322e-03 
 1.08500e+02  4.92320e-03 
 1.09000e+02  5.33196e-03 
 1.09500e+02  5.73407e-03 
 1.10000e+02  5.84410e-03 
 1.10500e+02  6.06976e-03 
 1.11000e+02  6.21306e-03 
 1.11500e+02  6.14486e-03 
 1.12000e+02  6.52299e-03 
 1.12500e+02  6.61647e-03 
 1.13000e+02  6.93177e-03 
 1.13500e+02  6.75260e-03 
 1.14000e+02  6.88984e-03 
 1.14500e+02  7.24168e-03 
 1.15000e+02  7.61462e-03 
 1.15500e+02  7.71106e-03 
 1.16000e+02  8.21885e-03 
 1.16500e+02  8.05785e-03 
 1.17000e+02  8.08619e-03 
 1.17500e+02  8.53502e-03 
 1.18000e+02  8.59589e-03 
 1.18500e+02  8.80790e-03 
 1.19000e+02  9.02083e-03 
 1.19500e+02  8.85445e-03 
 1.20000e+02  9.03586e-03 
 1.20500e+02  9.14626e-03 
 1.21000e+02  9.13073e-03 
 1.21500e+02  9.40159e-03 
 1.22000e+02  9.73521e-03 
 1.22500e+02  9.97172e-03 
 1.23000e+02  9.95221e-03 
 1.23500e+02  9.66394e-03 
 1.24000e+02  9.73323e-03 
 1.24500e+02  9.78642e-03 
 1.25000e+02  9.54553e-03 
 1.25500e+02  9.56463e-03 
 1.26000e+02  9.65919e-03 
 1.26500e+02  1.02048e-02 
 1.27000e+02  1.03909e-02 
 1.27500e+02  1.04917e-02 
 1.28000e+02  1.08887e-02 
 1.28500e+02  1.07285e-02 
 1.29000e+02  1.14486e-02 
 1.29500e+02  1.18328e-02 
 1.30000e+02  1.15862e-02 
 1.30500e+02  1.16978e-02 
 1.31000e+02  1.20049e-02 
 1.31500e+02  1.14549e-02 
 1.32000e+02  1.18454e-02 
 1.32500e+02  1.23866e-02 
 1.33000e+02  1.23102e-02 
 1.33500e+02  1.26164e-02 
 1.34000e+02  1.25537e-02 
 1.34500e+02  1.28056e-02 
 1.35000e+02  1.28745e-02 
 1.35500e+02  1.28854e-02 
 1.36000e+02  1.29480e-02 
 1.36500e+02  1.34240e-02 
 1.37000e+02  1.33594e-02 
 1.37500e+02  1.41364e-02 
 1.38000e+02  1.42792e-02 
 1.38500e+02  1.36482e-02 
 1.39000e+02  1.36138e-02 
 1.39500e+02  1.34925e-02 
 1.40000e+02  1.38550e-02 
 1.40500e+02  1.36241e-02 
 1.41000e+02  1.39404e-02 
 1.41500e+02  1.40570e-02 
 1.42000e+02  1.43826e-02 
 1.42500e+02  1.37782e-02 
 1.43000e+02  1.46619e-02 
 1.43500e+02  1.45783e-02 
 1.44000e+02  1.46549e-02 
 1.44500e+02  1.44484e-02 
 1.45000e+02  1.42236e-02 
 1.45500e+02  1.44284e-02 
 1.46000e+02  1.43038e-02 
 1.46500e+02  1.42030e-02 
 1.47000e+02  1.39881e-02 
 1.47500e+02  1.40243e-02 
 1.48000e+02  1.43440e-02 
 1.48500e+02  1.43313e-02 
 1.49000e+02  1.43896e-02 
 1.49500e+02  1.41290e-02 
 1.50000e+02  1.40889e-02 
 1.50500e+02  1.45367e-02 
 1.51000e+02  1.48573e-02 
 1.51500e+02  1.50171e-02 
 1.52000e+02  1.57124e-02 
 1.52500e+02  1.55240e-02 
 1.53000e+02  1.56711e-02 
 1.53500e+02  1.52837e-02 
 1.54000e+02  1.54517e-02 
 1.54500e+02  1.55695e-02 
 1.55000e+02  1.54814e-02 
 1.55500e+02  1.55235e-02 
 1.56000e+02  1.48348e-02 
 1.56500e+02  1.46466e-02 
 1.57000e+02  1.46384e-02 
 1.57500e+02  1.47343e-02 
 1.58000e+02  1.49466e-02 
 1.58500e+02  1.48317e-02 
 1.59000e+02  1.46383e-02 
 1.59500e+02  1.46632e-02 
 1.60000e+02  1.51781e-02 
 1.60500e+02  1.51068e-02 
 1.61000e+02  1.48897e-02 
 1.61500e+02  1.48016e-02 
 1.62000e+02  1.52632e-02 
 1.62500e+02  1.52735e-02 
 1.63000e+02  1.49819e-02 
 1.63500e+02  1.51744e-02 
 1.64000e+02  1.54299e-02 
 1.64500e+02  1.47098e-02 
 1.65000e+02  1.48754e-02 
 1.65500e+02  1.52369e-02 
 1.66000e+02  1.50057e-02 
 1.66500e+02  1.52788e-02 
 1.67000e+02  1.46924e-02 
 1.67500e+02  1.55440e-02 
 1.68000e+02  1.54342e-02 
 1.68500e+02  1.56345e-02 
 1.69000e+02  1.53046e-02 
 1.69500e+02  1.50895e-02 
 1.70000e+02  1.51767e-02 
 1.70500e+02  1.49651e-02 
 1.71000e+02  1.47778e-02 
 1.71500e+02  1.50311e-02 
 1.72000e+02  1.56893e-02 
 1.72500e+02  1.50249e-02 
 1.73000e+02  1.50544e-02 
 1.73500e+02  1.54570e-02 
 1.74000e+02  1.56027e-02 
 1.74500e+02  1.51741e-02 
 1.75000e+02  1.46722e-02 
 1.75500e+02  1.46465e-02 
 1.76000e+02  1.47674e-02 
 1.76500e+02  1.43516e-02 
 1.77000e+02  1.50295e-02 
 1.77500e+02  1.47860e-02 
 1.78000e+02  1.51747e-02 
 1.78500e+02  1.53321e-02 
 1.79000e+02  1.56466e-02 
 1.79500e+02  1.55283e-02 
 1.80000e+02  1.49178e-02 
 1.80500e+02  1.52916e-02 
 1.81000e+02  1.52619e-02 
 1.81500e+02  1.47864e-02 
 1.82000e+02  1.42591e-02 
 1.82500e+02  1.46499e-02 
 1.83000e+02  1.42368e-02 
 1.83500e+02  1.40779e-02 
 1.84000e+02  1.36889e-02 
 1.84500e+02  1.36153e-02 
 1.85000e+02  1.36101e-02 
 1.85500e+02  1.34464e-02 
 1.86000e+02  1.33131e-02 
 1.86500e+02  1.36126e-02 
 1.87000e+02  1.35386e-02 
 1.87500e+02  1.34010e-02 
 1.88000e+02  1.32210e-02 
 1.88500e+02  1.32707e-02 
 1.89000e+02  1.34340e-02 
 1.89500e+02  1.29496e-02 
 1.90000e+02  1.32691e-02 
 1.90500e+02  1.31543e-02 
 1.91000e+02  1.26704e-02 
 1.91500e+02  1.24345e-02 
 1.92000e+02  1.25154e-02 
 1.92500e+02  1.22185e-02 
 1.93000e+02  1.17758e-02 
 1.93500e+02  1.17808e-02 
 1.94000e+02  1.14143e-02 
 1.94500e+02  1.08651e-02 
 1.95000e+02  1.08650e-02 
 1.95500e+02  1.05125e-02 
 1.96000e+02  1.05888e-02 
 1.96500e+02  1.07246e-02 
 1.97000e+02  1.01862e-02 
 1.97500e+02  9.77534e-03 
 1.98000e+02  9.98582e-03 
 1.98500e+02  1.03982e-02 
 1.99000e+02  1.04126e-02 
 1.99500e+02  9.92875e-03 
 2.00000e+02  9.81857e-03 
 2.00500e+02  1.00574e-02 
 2.01000e+02  9.80383e-03 
 2.01500e+02  9.40198e-03 
 2.02000e+02  9.31159e-03 
 2.02500e+02  8.74262e-03 
 2.03000e+02  8.51753e-03 
 2.03500e+02  8.57002e-03 
 2.04000e+02  8.43815e-03 
 2.04500e+02  8.40709e-03 
 2.05000e+02  8.30942e-03 
 2.05500e+02  8.56174e-03 
 2.06000e+02  8.23873e-03 
 2.06500e+02  7.81693e-03 
 2.07000e+02  7.79901e-03 
 2.07500e+02  7.50333e-03 
 2.08000e+02  6.99423e-03 
 2.08500e+02  6.82702e-03 
 2.09000e+02  6.61702e-03 
 2.09500e+02  6.49775e-03 
 2.10000e+02  6.41232e-03 
 2.10500e+02  5.95734e-03 
 2.11000e+02  5.64006e-03 
 2.11500e+02  5.09226e-03 
 2.12000e+02  4.96355e-03 
 2.12500e+02  4.71696e-03 
 2.13000e+02  4.48986e-03 
 2.13500e+02  4.33870e-03 
 2.14000e+02  3.97649e-03 
 2.14500e+02  3.98872e-03 
 2.15000e+02  3.75834e-03 
 2.15500e+02  3.61578e-03 
 2.16000e+02  3.73291e-03 
 2.16500e+02  3.44854e-03 
 2.17000e+02  3.37568e-03 
 2.17500e+02  3.29681e-03 
 2.18000e+02  3.16601e-03 
 2.18500e+02  3.02464e-03 
 2.19000e+02  2.98486e-03 
 2.19500e+02  2.84047e-03 
 2.20000e+02  2.76362e-03 
 2.20500e+02  2.65995e-03 
 2.21000e+02  2.77734e-03 
 2.21500e+02  2.71808e-03 
 2.22000e+02  2.62202e-03 
 2.22500e+02  2.60906e-03 
 2.23000e+02  2.53450e-03 
 2.23500e+02  2.47022e-03 
 2.24000e+02  2.27150e-03 
 2.24500e+02  2.35193e-03 
 2.25000e+02  2.26869e-03 
 2.25500e+02  2.19770e-03 
 2.26000e+02  2.18176e-03 
 2.26500e+02  2.18851e-03 
 2.27000e+02  2.21170e-03 
 2.27500e+02  2.18208e-03 
 2.28000e+02  2.03290e-03 
 2.28500e+02  1.99274e-03 
 2.29000e+02  1.98820e-03 
 2.29500e+02  2.07957e-03 
 2.30000e+02  2.06148e-03 
 2.30500e+02  1.96557e-03 
 2.31000e+02  1.99482e-03 
 2.31500e+02  2.04152e-03 
 2.32000e+02  1.98937e-03 
 2.32500e+02  1.99602e-03 
 2.33000e+02  2.03377e-03 
 2.33500e+02  1.91424e-03 
 2.34000e+02  1.81430e-03 
 2.34500e+02  1.79860e-03 
 2.35000e+02  1.81210e-03 
 2.35500e+02  1.80130e-03 
 2.36000e+02  1.83957e-03 
 2.36500e+02  1.81507e-03 
 2.37000e+02  1.86888e-03 
 2.37500e+02  1.84568e-03 
 2.38000e+02  1.78975e-03 
 2.38500e+02  1.67001e-03 
 2.39000e+02  1.67859e-03 
 2.39500e+02  1.57509e-03 
 2.40000e+02  1.61189e-03 
 2.40500e+02  1.59941e-03 
 2.41000e+02  1.48516e-03 
 2.41500e+02  1.55339e-03 
 2.42000e+02  1.50658e-03 
 2.42500e+02  1.42452e-03 
 2.43000e+02  1.49002e-03 
 2.43500e+02  1.53234e-03 
 2.44000e+02  1.48962e-03 
 2.44500e+02  1.52164e-03 
 2.45000e+02  1.49630e-03 
 2.45500e+02  1.41385e-03 
 2.46000e+02  1.47674e-03 
 2.46500e+02  1.37506e-03 
 2.47000e+02  1.40648e-03 
 2.47500e+02  1.38753e-03 
 2.48000e+02  1.38575e-03 
 2.48500e+02  1.34142e-03 
 2.49000e+02  1.36950e-03 
 2.49500e+02  1.34606e-03 
 2.50000e+02  1.35213e-03 
 2.50500e+02  1.33280e-03 
 2.51000e+02  1.31673e-03 
 2.51500e+02  1.23263e-03 
 2.52000e+02  1.30351e-03 
 2.52500e+02  1.33189e-03 
 2.53000e+02  1.33946e-03 
 2.53500e+02  1.29595e-03 
 2.54000e+02  1.28949e-03 
 2.54500e+02  1.22088e-03 
 2.55000e+02  1.24174e-03 
 2.55500e+02  1.21080e-03 
 2.56000e+02  1.17862e-03 
 2.56500e+02  1.20444e-03 
 2.57000e+02  1.14710e-03 
 2.57500e+02  1.09114e-03 
 2.58000e+02  1.09307e-03 
 2.58500e+02  1.05782e-03 
 2.59000e+02  1.06068e-03 
 2.59500e+02  1.04697e-03 
 2.60000e+02  1.02600e-03 
 2.60500e+02  9.86616e-04 
 2.61000e+02  1.02194e-03 
 2.61500e+02  9.36632e-04 
 2.62000e+02  9.25472e-04 
 2.62500e+02  9.28928e-04 
 2.63000e+02  8.81144e-04 
 2.63500e+02  8.81976e-04 
 2.64000e+02  8.56088e-04 
 2.64500e+02  8.34944e-04 
 2.65000e+02  8.19136e-04 
 2.65500e+02  7.81512e-04 
 2.66000e+02  7.84144e-04 
 2.66500e+02  7.81464e-04 
 2.67000e+02  7.66776e-04 
 2.67500e+02  7.71704e-04 
 2.68000e+02  7.35848e-04 
 2.68500e+02  7.62736e-04 
 2.69000e+02  7.82280e-04 
 2.69500e+02  7.86976e-04 
 2.70000e+02  7.70856e-04 
 2.70500e+02  7.81032e-04 
 2.71000e+02  7.76608e-04 
 2.71500e+02  8.00704e-04 
 2.72000e+02  8.05200e-04 
 2.72500e+02  7.88280e-04 
 2.73000e+02  7.86920e-04 
 2.73500e+02  7.82960e-04 
 2.74000e+02  8.29568e-04 
 2.74500e+02  8.45200e-04 
 2.75000e+02  8.69496e-04 
 2.75500e+02  9.17480e-04 
 2.76000e+02  1.01152e-03 
 2.76500e+02  1.04041e-03 
 2.77000e+02  1.01273e-03 
 2.77500e+02  9.56936e-04 
 2.78000e+02  8.20968e-04 
 2.78500e+02  7.22488e-04 
 2.79000e+02  5.76568e-04 
 2.79500e+02  5.10008e-04 
 2.80000e+02  4.68000e-04 
 2.80500e+02  4.39888e-04 
 2.81000e+02  4.09920e-04 
 2.81500e+02  3.97280e-04 
 2.82000e+02  3.78768e-04 
 2.82500e+02  3.76328e-04 
 2.83000e+02  3.80472e-04 
 2.83500e+02  3.93472e-04 
 2.84000e+02  3.79816e-04 
 2.84500e+02  3.77880e-04 
 2.85000e+02  3.71200e-04 
 2.85500e+02  3.59504e-04 
 2.86000e+02  3.55656e-04 
 2.86500e+02  3.49584e-04 
 2.87000e+02  3.42760e-04 
 2.87500e+02  3.26072e-04 
 2.88000e+02  3.38176e-04 
 2.88500e+02  3.23056e-04 
 2.89000e+02  3.22432e-04 
 2.89500e+02  3.39744e-04 
 2.90000e+02  3.50360e-04 
 2.90500e+02  3.47824e-04 
 2.91000e+02  3.40224e-04 
 2.91500e+02  3.49848e-04 
 2.92000e+02  3.44320e-04 
 2.92500e+02  3.38112e-04 
 2.93000e+02  3.43280e-04 
 2.93500e+02  3.44496e-04 
 2.94000e+02  3.51856e-04 
 2.94500e+02  3.41976e-04 
 2.95000e+02  3.45160e-04 
 2.95500e+02  3.48088e-04 
 2.96000e+02  3.48512e-04 
 2.96500e+02  3.41048e-04 
 2.97000e+02  3.32296e-04 
 2.97500e+02  3.24432e-04 
 2.98000e+02  3.27280e-04 
 2.98500e+02  3.34096e-04 
 2.99000e+02  3.42216e-04 
 2.99500e+02  3.55016e-04 
 3.00000e+02  3.61840e-04 
 3.00500e+02  3.70160e-04 
 3.01000e+02  3.69880e-04 
 3.01500e+02  3.61192e-04 
 3.02000e+02  3.55592e-04 
 3.02500e+02  3.54488e-04 
 3.03000e+02  3.64072e-04 
 3.03500e+02  3.63768e-04 
 3.04000e+02  3.59344e-04 
 3.04500e+02  3.67136e-04 
 3.05000e+02  3.66816e-04 
 3.05500e+02  3.77208e-04 
 3.06000e+02  3.89752e-04 
 3.06500e+02  3.84912e-04 
 3.07000e+02  3.89696e-04 
 3.07500e+02  3.91120e-04 
 3.08000e+02  3.94272e-04 
 3.08500e+02  3.92352e-04 
 3.09000e+02  4.06800e-04 
 3.09500e+02  4.15888e-04 
 3.10000e+02  4.35232e-04 
 3.10500e+02  4.49872e-04 
 3.11000e+02  4.53208e-04 
 3.11500e+02  4.60776e-04 
 3.12000e+02  4.69696e-04 
 3.12500e+02  4.84144e-04 
 3.13000e+02  4.96384e-04 
 3.13500e+02  5.12368e-04 
 3.14000e+02  5.39936e-04 
 3.14500e+02  5.64336e-04 
 3.15000e+02  5.75408e-04 
 3.15500e+02  5.91864e-04 
 3.16000e+02  6.26376e-04 
 3.16500e+02  6.80320e-04 
 3.17000e+02  7.46336e-04 
 3.17500e+02  8.10728e-04 
 3.18000e+02  8.84440e-04 
 3.18500e+02  1.06197e-03 
 3.19000e+02  1.43443e-03 
 3.19500e+02  3.18108e-03 
