 0.00000e+00  8.72687e-05 
 5.00000e-01  1.03196e-04 
 1.00000e+00  7.54291e-05 
 1.50000e+00  6.02297e-05 
 2.00000e+00  5.14940e-05 
 2.50000e+00  4.57983e-05 
 3.00000e+00  4.64302e-05 
 3.50000e+00  4.42303e-05 
 4.00000e+00  4.00065e-05 
 4.50000e+00  4.10064e-05 
 5.00000e+00  3.75986e-05 
 5.50000e+00  3.76706e-05 
 6.00000e+00  3.57826e-05 
 6.50000e+00  3.34387e-05 
 7.00000e+00  3.21428e-05 
 7.50000e+00  3.45667e-05 
 8.00000e+00  3.26228e-05 
 8.50000e+00  3.13828e-05 
 9.00000e+00  3.24068e-05 
 9.50000e+00  3.05908e-05 
 1.00000e+01  3.21028e-05 
 1.05000e+01  3.05748e-05 
 1.10000e+01  3.29907e-05 
 1.15000e+01  3.03828e-05 
 1.20000e+01  2.90069e-05 
 1.25000e+01  3.10148e-05 
 1.30000e+01  3.22148e-05 
 1.35000e+01  3.59666e-05 
 1.40000e+01  3.57026e-05 
 1.45000e+01  3.49187e-05 
 1.50000e+01  3.32867e-05 
 1.55000e+01  3.10068e-05 
 1.60000e+01  3.07508e-05 
 1.65000e+01  3.16948e-05 
 1.70000e+01  3.01429e-05 
 1.75000e+01  3.13828e-05 
 1.80000e+01  2.99189e-05 
 1.85000e+01  3.50467e-05 
 1.90000e+01  3.44387e-05 
 1.95000e+01  3.27988e-05 
 2.00000e+01  3.18868e-05 
 2.05000e+01  3.55426e-05 
 2.10000e+01  3.42787e-05 
 2.15000e+01  3.76546e-05 
 2.20000e+01  3.86945e-05 
 2.25000e+01  3.65586e-05 
 2.30000e+01  3.53427e-05 
 2.35000e+01  3.66626e-05 
 2.40000e+01  3.42707e-05 
 2.45000e+01  3.43667e-05 
 2.50000e+01  3.40787e-05 
 2.55000e+01  3.82065e-05 
 2.60000e+01  3.85185e-05 
 2.65000e+01  3.47107e-05 
 2.70000e+01  3.46947e-05 
 2.75000e+01  3.86465e-05 
 2.80000e+01  4.29344e-05 
 2.85000e+01  4.10944e-05 
 2.90000e+01  4.30864e-05 
 2.95000e+01  4.78382e-05 
 3.00000e+01  4.83422e-05 
 3.05000e+01  4.86142e-05 
 3.10000e+01  4.33664e-05 
 3.15000e+01  4.61502e-05 
 3.20000e+01  4.71502e-05 
 3.25000e+01  4.96381e-05 
 3.30000e+01  4.96141e-05 
 3.35000e+01  5.60619e-05 
 3.40000e+01  5.22060e-05 
 3.45000e+01  5.15740e-05 
 3.50000e+01  5.28940e-05 
 3.55000e+01  5.95257e-05 
 3.60000e+01  6.72774e-05 
 3.65000e+01  7.15653e-05 
 3.70000e+01  9.21885e-05 
 3.75000e+01  1.02452e-04 
 3.80000e+01  1.16220e-04 
 3.85000e+01  1.34411e-04 
 3.90000e+01  1.48586e-04 
 3.95000e+01  1.60890e-04 
 4.00000e+01  1.52194e-04 
 4.05000e+01  1.55650e-04 
 4.10000e+01  1.47930e-04 
 4.15000e+01  1.43075e-04 
 4.20000e+01  1.36003e-04 
 4.25000e+01  1.33667e-04 
 4.30000e+01  1.38563e-04 
 4.35000e+01  1.36699e-04 
 4.40000e+01  1.45122e-04 
 4.45000e+01  1.35155e-04 
 4.50000e+01  1.31499e-04 
 4.55000e+01  1.42539e-04 
 4.60000e+01  1.44643e-04 
 4.65000e+01  1.41475e-04 
 4.70000e+01  1.39371e-04 
 4.75000e+01  1.51458e-04 
 4.80000e+01  1.76089e-04 
 4.85000e+01  1.81625e-04 
 4.90000e+01  1.80889e-04 
 4.95000e+01  1.82129e-04 
 5.00000e+01  1.91257e-04 
 5.05000e+01  2.14952e-04 
 5.10000e+01  2.20696e-04 
 5.15000e+01  2.14168e-04 
 5.20000e+01  2.14408e-04 
 5.25000e+01  2.25647e-04 
 5.30000e+01  2.39751e-04 
 5.35000e+01  2.56430e-04 
 5.40000e+01  2.77525e-04 
 5.45000e+01  2.80917e-04 
 5.50000e+01  2.85381e-04 
 5.55000e+01  2.95309e-04 
 5.60000e+01  2.93189e-04 
 5.65000e+01  3.44683e-04 
 5.70000e+01  3.52571e-04 
 5.75000e+01  3.48035e-04 
 5.80000e+01  3.82393e-04 
 5.85000e+01  3.96873e-04 
 5.90000e+01  4.01345e-04 
 5.95000e+01  4.06377e-04 
 6.00000e+01  3.94097e-04 
 6.05000e+01  3.99761e-04 
 6.10000e+01  3.72850e-04 
 6.15000e+01  3.69506e-04 
 6.20000e+01  4.16416e-04 
 6.25000e+01  4.51943e-04 
 6.30000e+01  4.45695e-04 
 6.35000e+01  4.56423e-04 
 6.40000e+01  4.71486e-04 
 6.45000e+01  4.63798e-04 
 6.50000e+01  4.92637e-04 
 6.55000e+01  5.36036e-04 
 6.60000e+01  5.25660e-04 
 6.65000e+01  5.02957e-04 
 6.70000e+01  4.66886e-04 
 6.75000e+01  4.88805e-04 
 6.80000e+01  5.46419e-04 
 6.85000e+01  4.82062e-04 
 6.90000e+01  4.87541e-04 
 6.95000e+01  5.06797e-04 
 7.00000e+01  5.32100e-04 
 7.05000e+01  5.30412e-04 
 7.10000e+01  5.69410e-04 
 7.15000e+01  5.95929e-04 
 7.20000e+01  5.93393e-04 
 7.25000e+01  6.62055e-04 
 7.30000e+01  6.46087e-04 
 7.35000e+01  5.99825e-04 
 7.40000e+01  6.22480e-04 
 7.45000e+01  6.45703e-04 
 7.50000e+01  6.93302e-04 
 7.55000e+01  7.16037e-04 
 7.60000e+01  7.64779e-04 
 7.65000e+01  7.77426e-04 
 7.70000e+01  8.09753e-04 
 7.75000e+01  7.99610e-04 
 7.80000e+01  8.51072e-04 
 7.85000e+01  9.13653e-04 
 7.90000e+01  8.80503e-04 
 7.95000e+01  8.87222e-04 
 8.00000e+01  8.60527e-04 
 8.05000e+01  8.74655e-04 
 8.10000e+01  9.58956e-04 
 8.15000e+01  9.36588e-04 
 8.20000e+01  9.80187e-04 
 8.25000e+01  9.84131e-04 
 8.30000e+01  9.83275e-04 
 8.35000e+01  9.42876e-04 
 8.40000e+01  9.64259e-04 
 8.45000e+01  9.98298e-04 
 8.50000e+01  1.08286e-03 
 8.55000e+01  1.01946e-03 
 8.60000e+01  1.00914e-03 
 8.65000e+01  1.11447e-03 
 8.70000e+01  1.13682e-03 
 8.75000e+01  1.15374e-03 
 8.80000e+01  1.27462e-03 
 8.85000e+01  1.25081e-03 
 8.90000e+01  1.26435e-03 
 8.95000e+01  1.13430e-03 
 9.00000e+01  1.17195e-03 
 9.05000e+01  1.18161e-03 
 9.10000e+01  1.28335e-03 
 9.15000e+01  1.38058e-03 
 9.20000e+01  1.56696e-03 
 9.25000e+01  1.50631e-03 
 9.30000e+01  1.62591e-03 
 9.35000e+01  1.61234e-03 
 9.40000e+01  1.50610e-03 
 9.45000e+01  1.68334e-03 
 9.50000e+01  1.71636e-03 
 9.55000e+01  1.74137e-03 
 9.60000e+01  1.78175e-03 
 9.65000e+01  1.65537e-03 
 9.70000e+01  1.72494e-03 
 9.75000e+01  1.86657e-03 
 9.80000e+01  1.97457e-03 
 9.85000e+01  2.09091e-03 
 9.90000e+01  2.17564e-03 
 9.95000e+01  2.38901e-03 
 1.00000e+02  2.52914e-03 
 1.00500e+02  2.57065e-03 
 1.01000e+02  2.65096e-03 
 1.01500e+02  2.78108e-03 
 1.02000e+02  2.71934e-03 
 1.02500e+02  3.08341e-03 
 1.03000e+02  3.35583e-03 
 1.03500e+02  3.68680e-03 
 1.04000e+02  3.77034e-03 
 1.04500e+02  3.72051e-03 
 1.05000e+02  3.92803e-03 
 1.05500e+02  4.02732e-03 
 1.06000e+02  4.35979e-03 
 1.06500e+02  4.63700e-03 
 1.07000e+02  5.21547e-03 
 1.07500e+02  5.59927e-03 
 1.08000e+02  5.67454e-03 
 1.08500e+02  5.55563e-03 
 1.09000e+02  5.92022e-03 
 1.09500e+02  6.03696e-03 
 1.10000e+02  6.30992e-03 
 1.10500e+02  6.30603e-03 
 1.11000e+02  6.48319e-03 
 1.11500e+02  6.56902e-03 
 1.12000e+02  6.70915e-03 
 1.12500e+02  7.41053e-03 
 1.13000e+02  7.90844e-03 
 1.13500e+02  7.54399e-03 
 1.14000e+02  7.67059e-03 
 1.14500e+02  7.74668e-03 
 1.15000e+02  7.64983e-03 
 1.15500e+02  7.44840e-03 
 1.16000e+02  8.14791e-03 
 1.16500e+02  8.16472e-03 
 1.17000e+02  8.11165e-03 
 1.17500e+02  8.44906e-03 
 1.18000e+02  8.26551e-03 
 1.18500e+02  8.93972e-03 
 1.19000e+02  9.44975e-03 
 1.19500e+02  9.41662e-03 
 1.20000e+02  9.58481e-03 
 1.20500e+02  9.26486e-03 
 1.21000e+02  9.27887e-03 
 1.21500e+02  9.77991e-03 
 1.22000e+02  1.01284e-02 
 1.22500e+02  1.06616e-02 
 1.23000e+02  1.04674e-02 
 1.23500e+02  1.07121e-02 
 1.24000e+02  1.06414e-02 
 1.24500e+02  1.10886e-02 
 1.25000e+02  1.17468e-02 
 1.25500e+02  1.13326e-02 
 1.26000e+02  1.13582e-02 
 1.26500e+02  1.17150e-02 
 1.27000e+02  1.16000e-02 
 1.27500e+02  1.21708e-02 
 1.28000e+02  1.22189e-02 
 1.28500e+02  1.16142e-02 
 1.29000e+02  1.13782e-02 
 1.29500e+02  1.17547e-02 
 1.30000e+02  1.19809e-02 
 1.30500e+02  1.25682e-02 
 1.31000e+02  1.25715e-02 
 1.31500e+02  1.23589e-02 
 1.32000e+02  1.27764e-02 
 1.32500e+02  1.28592e-02 
 1.33000e+02  1.20690e-02 
 1.33500e+02  1.22944e-02 
 1.34000e+02  1.24176e-02 
 1.34500e+02  1.28772e-02 
 1.35000e+02  1.32445e-02 
 1.35500e+02  1.27170e-02 
 1.36000e+02  1.30743e-02 
 1.36500e+02  1.26103e-02 
 1.37000e+02  1.27875e-02 
 1.37500e+02  1.27989e-02 
 1.38000e+02  1.28264e-02 
 1.38500e+02  1.32379e-02 
 1.39000e+02  1.33855e-02 
 1.39500e+02  1.34545e-02 
 1.40000e+02  1.36107e-02 
 1.40500e+02  1.34692e-02 
 1.41000e+02  1.36563e-02 
 1.41500e+02  1.35433e-02 
 1.42000e+02  1.34749e-02 
 1.42500e+02  1.39040e-02 
 1.43000e+02  1.38877e-02 
 1.43500e+02  1.35606e-02 
 1.44000e+02  1.35109e-02 
 1.44500e+02  1.42197e-02 
 1.45000e+02  1.50235e-02 
 1.45500e+02  1.50707e-02 
 1.46000e+02  1.52446e-02 
 1.46500e+02  1.49601e-02 
 1.47000e+02  1.43187e-02 
 1.47500e+02  1.40866e-02 
 1.48000e+02  1.44130e-02 
 1.48500e+02  1.47498e-02 
 1.49000e+02  1.43966e-02 
 1.49500e+02  1.46034e-02 
 1.50000e+02  1.42408e-02 
 1.50500e+02  1.46536e-02 
 1.51000e+02  1.48900e-02 
 1.51500e+02  1.47173e-02 
 1.52000e+02  1.44890e-02 
 1.52500e+02  1.47764e-02 
 1.53000e+02  1.48063e-02 
 1.53500e+02  1.51572e-02 
 1.54000e+02  1.50796e-02 
 1.54500e+02  1.53297e-02 
 1.55000e+02  1.48935e-02 
 1.55500e+02  1.49371e-02 
 1.56000e+02  1.50905e-02 
 1.56500e+02  1.50064e-02 
 1.57000e+02  1.46464e-02 
 1.57500e+02  1.50498e-02 
 1.58000e+02  1.52139e-02 
 1.58500e+02  1.54133e-02 
 1.59000e+02  1.48994e-02 
 1.59500e+02  1.50897e-02 
 1.60000e+02  1.50583e-02 
 1.60500e+02  1.53752e-02 
 1.61000e+02  1.52112e-02 
 1.61500e+02  1.52106e-02 
 1.62000e+02  1.57540e-02 
 1.62500e+02  1.57800e-02 
 1.63000e+02  1.54790e-02 
 1.63500e+02  1.56609e-02 
 1.64000e+02  1.54418e-02 
 1.64500e+02  1.50937e-02 
 1.65000e+02  1.54301e-02 
 1.65500e+02  1.57967e-02 
 1.66000e+02  1.56652e-02 
 1.66500e+02  1.51089e-02 
 1.67000e+02  1.55089e-02 
 1.67500e+02  1.55941e-02 
 1.68000e+02  1.56933e-02 
 1.68500e+02  1.53020e-02 
 1.69000e+02  1.50608e-02 
 1.69500e+02  1.49446e-02 
 1.70000e+02  1.54973e-02 
 1.70500e+02  1.47892e-02 
 1.71000e+02  1.51981e-02 
 1.71500e+02  1.54682e-02 
 1.72000e+02  1.53941e-02 
 1.72500e+02  1.51919e-02 
 1.73000e+02  1.46147e-02 
 1.73500e+02  1.49653e-02 
 1.74000e+02  1.50266e-02 
 1.74500e+02  1.53894e-02 
 1.75000e+02  1.55889e-02 
 1.75500e+02  1.49433e-02 
 1.76000e+02  1.47583e-02 
 1.76500e+02  1.43995e-02 
 1.77000e+02  1.46278e-02 
 1.77500e+02  1.47842e-02 
 1.78000e+02  1.52308e-02 
 1.78500e+02  1.56412e-02 
 1.79000e+02  1.51621e-02 
 1.79500e+02  1.49814e-02 
 1.80000e+02  1.48088e-02 
 1.80500e+02  1.48497e-02 
 1.81000e+02  1.46721e-02 
 1.81500e+02  1.46354e-02 
 1.82000e+02  1.41521e-02 
 1.82500e+02  1.44678e-02 
 1.83000e+02  1.42204e-02 
 1.83500e+02  1.48477e-02 
 1.84000e+02  1.52138e-02 
 1.84500e+02  1.47449e-02 
 1.85000e+02  1.44142e-02 
 1.85500e+02  1.41310e-02 
 1.86000e+02  1.45470e-02 
 1.86500e+02  1.41997e-02 
 1.87000e+02  1.38211e-02 
 1.87500e+02  1.36996e-02 
 1.88000e+02  1.35328e-02 
 1.88500e+02  1.38305e-02 
 1.89000e+02  1.35693e-02 
 1.89500e+02  1.36898e-02 
 1.90000e+02  1.34527e-02 
 1.90500e+02  1.30664e-02 
 1.91000e+02  1.30656e-02 
 1.91500e+02  1.28679e-02 
 1.92000e+02  1.24507e-02 
 1.92500e+02  1.21251e-02 
 1.93000e+02  1.17171e-02 
 1.93500e+02  1.18164e-02 
 1.94000e+02  1.18768e-02 
 1.94500e+02  1.18566e-02 
 1.95000e+02  1.15735e-02 
 1.95500e+02  1.10794e-02 
 1.96000e+02  1.11264e-02 
 1.96500e+02  1.06564e-02 
 1.97000e+02  1.07012e-02 
 1.97500e+02  1.05700e-02 
 1.98000e+02  1.06391e-02 
 1.98500e+02  1.05758e-02 
 1.99000e+02  1.00739e-02 
 1.99500e+02  1.02146e-02 
 2.00000e+02  9.74698e-03 
 2.00500e+02  9.65771e-03 
 2.01000e+02  9.39882e-03 
 2.01500e+02  9.19070e-03 
 2.02000e+02  9.31814e-03 
 2.02500e+02  8.53184e-03 
 2.03000e+02  8.41757e-03 
 2.03500e+02  8.29722e-03 
 2.04000e+02  8.30751e-03 
 2.04500e+02  8.20246e-03 
 2.05000e+02  8.40432e-03 
 2.05500e+02  7.80288e-03 
 2.06000e+02  7.63250e-03 
 2.06500e+02  7.31985e-03 
 2.07000e+02  7.11934e-03 
 2.07500e+02  6.78209e-03 
 2.08000e+02  6.86162e-03 
 2.08500e+02  6.31462e-03 
 2.09000e+02  6.53100e-03 
 2.09500e+02  6.41112e-03 
 2.10000e+02  6.01040e-03 
 2.10500e+02  5.65821e-03 
 2.11000e+02  5.52956e-03 
 2.11500e+02  5.31723e-03 
 2.12000e+02  5.19677e-03 
 2.12500e+02  4.84381e-03 
 2.13000e+02  4.59993e-03 
 2.13500e+02  4.27901e-03 
 2.14000e+02  4.00782e-03 
 2.14500e+02  3.96920e-03 
 2.15000e+02  3.72597e-03 
 2.15500e+02  3.69844e-03 
 2.16000e+02  3.26700e-03 
 2.16500e+02  3.14076e-03 
 2.17000e+02  3.18187e-03 
 2.17500e+02  3.21713e-03 
 2.18000e+02  3.15442e-03 
 2.18500e+02  2.94449e-03 
 2.19000e+02  2.85154e-03 
 2.19500e+02  2.79438e-03 
 2.20000e+02  2.76869e-03 
 2.20500e+02  2.59392e-03 
 2.21000e+02  2.54950e-03 
 2.21500e+02  2.54813e-03 
 2.22000e+02  2.67522e-03 
 2.22500e+02  2.41896e-03 
 2.23000e+02  2.42577e-03 
 2.23500e+02  2.36730e-03 
 2.24000e+02  2.26163e-03 
 2.24500e+02  2.32962e-03 
 2.25000e+02  2.38526e-03 
 2.25500e+02  2.43611e-03 
 2.26000e+02  2.41013e-03 
 2.26500e+02  2.31372e-03 
 2.27000e+02  2.21252e-03 
 2.27500e+02  2.18077e-03 
 2.28000e+02  2.06138e-03 
 2.28500e+02  2.02087e-03 
 2.29000e+02  2.03873e-03 
 2.29500e+02  2.05911e-03 
 2.30000e+02  1.99903e-03 
 2.30500e+02  2.00191e-03 
 2.31000e+02  1.97642e-03 
 2.31500e+02  1.89045e-03 
 2.32000e+02  1.85274e-03 
 2.32500e+02  1.85331e-03 
 2.33000e+02  1.83436e-03 
 2.33500e+02  1.91013e-03 
 2.34000e+02  1.87903e-03 
 2.34500e+02  1.91561e-03 
 2.35000e+02  1.82836e-03 
 2.35500e+02  1.75817e-03 
 2.36000e+02  1.74357e-03 
 2.36500e+02  1.77848e-03 
 2.37000e+02  1.84184e-03 
 2.37500e+02  1.74287e-03 
 2.38000e+02  1.72977e-03 
 2.38500e+02  1.68858e-03 
 2.39000e+02  1.66100e-03 
 2.39500e+02  1.58968e-03 
 2.40000e+02  1.59465e-03 
 2.40500e+02  1.54153e-03 
 2.41000e+02  1.57028e-03 
 2.41500e+02  1.54763e-03 
 2.42000e+02  1.51801e-03 
 2.42500e+02  1.54872e-03 
 2.43000e+02  1.54374e-03 
 2.43500e+02  1.53814e-03 
 2.44000e+02  1.54340e-03 
 2.44500e+02  1.51442e-03 
 2.45000e+02  1.51071e-03 
 2.45500e+02  1.34546e-03 
 2.46000e+02  1.32051e-03 
 2.46500e+02  1.33801e-03 
 2.47000e+02  1.30309e-03 
 2.47500e+02  1.30238e-03 
 2.48000e+02  1.32828e-03 
 2.48500e+02  1.29648e-03 
 2.49000e+02  1.28874e-03 
 2.49500e+02  1.31467e-03 
 2.50000e+02  1.28969e-03 
 2.50500e+02  1.27315e-03 
 2.51000e+02  1.24973e-03 
 2.51500e+02  1.27114e-03 
 2.52000e+02  1.27018e-03 
 2.52500e+02  1.29171e-03 
 2.53000e+02  1.26354e-03 
 2.53500e+02  1.24755e-03 
 2.54000e+02  1.20480e-03 
 2.54500e+02  1.21436e-03 
 2.55000e+02  1.19237e-03 
 2.55500e+02  1.27426e-03 
 2.56000e+02  1.22863e-03 
 2.56500e+02  1.24047e-03 
 2.57000e+02  1.17578e-03 
 2.57500e+02  1.13404e-03 
 2.58000e+02  1.11980e-03 
 2.58500e+02  1.08690e-03 
 2.59000e+02  1.07158e-03 
 2.59500e+02  1.07838e-03 
 2.60000e+02  1.05513e-03 
 2.60500e+02  1.05146e-03 
 2.61000e+02  9.82915e-04 
 2.61500e+02  9.50660e-04 
 2.62000e+02  9.86235e-04 
 2.62500e+02  9.37244e-04 
 2.63000e+02  9.34524e-04 
 2.63500e+02  9.21557e-04 
 2.64000e+02  8.33112e-04 
 2.64500e+02  8.16345e-04 
 2.65000e+02  8.07465e-04 
 2.65500e+02  8.20129e-04 
 2.66000e+02  7.96498e-04 
 2.66500e+02  7.88634e-04 
 2.67000e+02  7.80946e-04 
 2.67500e+02  7.81354e-04 
 2.68000e+02  7.89706e-04 
 2.68500e+02  7.78618e-04 
 2.69000e+02  7.38940e-04 
 2.69500e+02  7.44460e-04 
 2.70000e+02  7.46948e-04 
 2.70500e+02  7.68459e-04 
 2.71000e+02  7.62875e-04 
 2.71500e+02  7.65675e-04 
 2.72000e+02  7.89778e-04 
 2.72500e+02  7.86370e-04 
 2.73000e+02  7.87234e-04 
 2.73500e+02  8.00402e-04 
 2.74000e+02  8.42160e-04 
 2.74500e+02  8.64183e-04 
 2.75000e+02  9.01774e-04 
 2.75500e+02  9.56876e-04 
 2.76000e+02  1.00193e-03 
 2.76500e+02  1.06609e-03 
 2.77000e+02  1.07278e-03 
 2.77500e+02  9.77667e-04 
 2.78000e+02  8.39568e-04 
 2.78500e+02  7.30692e-04 
 2.79000e+02  6.13921e-04 
 2.79500e+02  5.01765e-04 
 2.80000e+02  4.40111e-04 
 2.80500e+02  4.48479e-04 
 2.81000e+02  4.23456e-04 
 2.81500e+02  3.90401e-04 
 2.82000e+02  3.80610e-04 
 2.82500e+02  3.85977e-04 
 2.83000e+02  3.82177e-04 
 2.83500e+02  3.75146e-04 
 2.84000e+02  3.55322e-04 
 2.84500e+02  3.53035e-04 
 2.85000e+02  3.41195e-04 
 2.85500e+02  3.49411e-04 
 2.86000e+02  3.59290e-04 
 2.86500e+02  3.40627e-04 
 2.87000e+02  3.31539e-04 
 2.87500e+02  3.24660e-04 
 2.88000e+02  3.22860e-04 
 2.88500e+02  3.24092e-04 
 2.89000e+02  3.18884e-04 
 2.89500e+02  3.17692e-04 
 2.90000e+02  3.13908e-04 
 2.90500e+02  3.19916e-04 
 2.91000e+02  3.24916e-04 
 2.91500e+02  3.05164e-04 
 2.92000e+02  2.98613e-04 
 2.92500e+02  2.92693e-04 
 2.93000e+02  3.03468e-04 
 2.93500e+02  3.02261e-04 
 2.94000e+02  3.04484e-04 
 2.94500e+02  3.15724e-04 
 2.95000e+02  3.22268e-04 
 2.95500e+02  3.30539e-04 
 2.96000e+02  3.29427e-04 
 2.96500e+02  3.30147e-04 
 2.97000e+02  3.38803e-04 
 2.97500e+02  3.30707e-04 
 2.98000e+02  3.35187e-04 
 2.98500e+02  3.34771e-04 
 2.99000e+02  3.40179e-04 
 2.99500e+02  3.39931e-04 
 3.00000e+02  3.41099e-04 
 3.00500e+02  3.49371e-04 
 3.01000e+02  3.57122e-04 
 3.01500e+02  3.56402e-04 
 3.02000e+02  3.48251e-04 
 3.02500e+02  3.53307e-04 
 3.03000e+02  3.53555e-04 
 3.03500e+02  3.60778e-04 
 3.04000e+02  3.62354e-04 
 3.04500e+02  3.62290e-04 
 3.05000e+02  3.67178e-04 
 3.05500e+02  3.79034e-04 
 3.06000e+02  3.85873e-04 
 3.06500e+02  3.91537e-04 
 3.07000e+02  3.86121e-04 
 3.07500e+02  3.90753e-04 
 3.08000e+02  3.89201e-04 
 3.08500e+02  4.01697e-04 
 3.09000e+02  4.03057e-04 
 3.09500e+02  4.16056e-04 
 3.10000e+02  4.36367e-04 
 3.10500e+02  4.41055e-04 
 3.11000e+02  4.44951e-04 
 3.11500e+02  4.40903e-04 
 3.12000e+02  4.46375e-04 
 3.12500e+02  4.60103e-04 
 3.13000e+02  4.87445e-04 
 3.13500e+02  4.99341e-04 
 3.14000e+02  5.31884e-04 
 3.14500e+02  5.55755e-04 
 3.15000e+02  5.64987e-04 
 3.15500e+02  5.98889e-04 
 3.16000e+02  6.21496e-04 
 3.16500e+02  6.74374e-04 
 3.17000e+02  7.42204e-04 
 3.17500e+02  8.12969e-04 
 3.18000e+02  8.86550e-04 
 3.18500e+02  1.05800e-03 
 3.19000e+02  1.41516e-03 
 3.19500e+02  3.15151e-03 
