 0.00000e+00  0.00000e+00 
 5.00000e-01  3.29605e-02 
 1.00000e+00  6.56903e-02 
 1.50000e+00  9.81866e-02 
 2.00000e+00  1.30445e-01 
 2.50000e+00  1.62460e-01 
 3.00000e+00  1.94230e-01 
 3.50000e+00  2.25751e-01 
 4.00000e+00  2.57020e-01 
 4.50000e+00  2.88033e-01 
 5.00000e+00  3.18789e-01 
 5.50000e+00  3.49285e-01 
 6.00000e+00  3.79522e-01 
 6.50000e+00  4.09501e-01 
 7.00000e+00  4.39223e-01 
 7.50000e+00  4.68682e-01 
 8.00000e+00  4.97881e-01 
 8.50000e+00  5.26816e-01 
 9.00000e+00  5.55484e-01 
 9.50000e+00  5.83888e-01 
 1.00000e+01  6.12025e-01 
 1.05000e+01  6.39893e-01 
 1.10000e+01  6.67493e-01 
 1.15000e+01  6.94824e-01 
 1.20000e+01  7.21883e-01 
 1.25000e+01  7.48674e-01 
 1.30000e+01  7.75197e-01 
 1.35000e+01  8.01450e-01 
 1.40000e+01  8.27433e-01 
 1.45000e+01  8.53147e-01 
 1.50000e+01  8.78588e-01 
 1.55000e+01  9.03757e-01 
 1.60000e+01  9.28652e-01 
 1.65000e+01  9.53274e-01 
 1.70000e+01  9.77620e-01 
 1.75000e+01  1.00169e+00 
 1.80000e+01  1.02549e+00 
 1.85000e+01  1.04901e+00 
 1.90000e+01  1.07225e+00 
 1.95000e+01  1.09522e+00 
 2.00000e+01  1.11791e+00 
 2.05000e+01  1.14033e+00 
 2.10000e+01  1.16247e+00 
 2.15000e+01  1.18434e+00 
 2.20000e+01  1.20593e+00 
 2.25000e+01  1.22724e+00 
 2.30000e+01  1.24826e+00 
 2.35000e+01  1.26900e+00 
 2.40000e+01  1.28946e+00 
 2.45000e+01  1.30962e+00 
 2.50000e+01  1.32949e+00 
 2.55000e+01  1.34908e+00 
 2.60000e+01  1.36837e+00 
 2.65000e+01  1.38736e+00 
 2.70000e+01  1.40606e+00 
 2.75000e+01  1.42446e+00 
 2.80000e+01  1.44256e+00 
 2.85000e+01  1.46036e+00 
 2.90000e+01  1.47785e+00 
 2.95000e+01  1.49503e+00 
 3.00000e+01  1.51189e+00 
 3.05000e+01  1.52845e+00 
 3.10000e+01  1.54470e+00 
 3.15000e+01  1.56062e+00 
 3.20000e+01  1.57621e+00 
 3.25000e+01  1.59148e+00 
 3.30000e+01  1.60642e+00 
 3.35000e+01  1.62103e+00 
 3.40000e+01  1.63531e+00 
 3.45000e+01  1.64925e+00 
 3.50000e+01  1.66286e+00 
 3.55000e+01  1.67613e+00 
 3.60000e+01  1.68907e+00 
 3.65000e+01  1.70166e+00 
 3.70000e+01  1.71391e+00 
 3.75000e+01  1.72581e+00 
 3.80000e+01  1.73737e+00 
 3.85000e+01  1.74859e+00 
 3.90000e+01  1.75948e+00 
 3.95000e+01  1.77004e+00 
 4.00000e+01  1.78026e+00 
 4.05000e+01  1.79015e+00 
 4.10000e+01  1.79971e+00 
 4.15000e+01  1.80893e+00 
 4.20000e+01  1.81782e+00 
 4.25000e+01  1.82637e+00 
 4.30000e+01  1.83458e+00 
 4.35000e+01  1.84247e+00 
 4.40000e+01  1.85002e+00 
 4.45000e+01  1.85725e+00 
 4.50000e+01  1.86415e+00 
 4.55000e+01  1.87073e+00 
 4.60000e+01  1.87700e+00 
 4.65000e+01  1.88294e+00 
 4.70000e+01  1.88857e+00 
 4.75000e+01  1.89389e+00 
 4.80000e+01  1.89890e+00 
 4.85000e+01  1.90363e+00 
 4.90000e+01  1.90807e+00 
 4.95000e+01  1.91224e+00 
 5.00000e+01  1.91614e+00 
 5.05000e+01  1.91977e+00 
 5.10000e+01  1.92316e+00 
 5.15000e+01  1.92634e+00 
 5.20000e+01  1.92931e+00 
 5.25000e+01  1.93209e+00 
 5.30000e+01  1.93469e+00 
 5.35000e+01  1.93711e+00 
 5.40000e+01  1.93936e+00 
 5.45000e+01  1.94144e+00 
 5.50000e+01  1.94337e+00 
 5.55000e+01  1.94517e+00 
 5.60000e+01  1.94686e+00 
 5.65000e+01  1.94845e+00 
 5.70000e+01  1.94993e+00 
 5.75000e+01  1.95131e+00 
 5.80000e+01  1.95260e+00 
 5.85000e+01  1.95380e+00 
 5.90000e+01  1.95491e+00 
 5.95000e+01  1.95595e+00 
 6.00000e+01  1.95693e+00 
 6.05000e+01  1.95785e+00 
 6.10000e+01  1.95872e+00 
 6.15000e+01  1.95949e+00 
 6.20000e+01  1.96020e+00 
 6.25000e+01  1.96082e+00 
 6.30000e+01  1.96141e+00 
 6.35000e+01  1.96198e+00 
 6.40000e+01  1.96253e+00 
 6.45000e+01  1.96305e+00 
 6.50000e+01  1.96357e+00 
 6.55000e+01  1.96410e+00 
 6.60000e+01  1.96466e+00 
 6.65000e+01  1.96524e+00 
 6.70000e+01  1.96580e+00 
 6.75000e+01  1.96631e+00 
 6.80000e+01  1.96679e+00 
 6.85000e+01  1.96727e+00 
 6.90000e+01  1.96773e+00 
 6.95000e+01  1.96818e+00 
 7.00000e+01  1.96863e+00 
 7.05000e+01  1.96905e+00 
 7.10000e+01  1.96944e+00 
 7.15000e+01  1.96983e+00 
 7.20000e+01  1.97019e+00 
 7.25000e+01  1.97057e+00 
 7.30000e+01  1.97094e+00 
 7.35000e+01  1.97130e+00 
 7.40000e+01  1.97162e+00 
 7.45000e+01  1.97192e+00 
 7.50000e+01  1.97225e+00 
 7.55000e+01  1.97255e+00 
 7.60000e+01  1.97284e+00 
 7.65000e+01  1.97312e+00 
 7.70000e+01  1.97338e+00 
 7.75000e+01  1.97363e+00 
 7.80000e+01  1.97386e+00 
 7.85000e+01  1.97408e+00 
 7.90000e+01  1.97431e+00 
 7.95000e+01  1.97456e+00 
 8.00000e+01  1.97482e+00 
 8.05000e+01  1.97503e+00 
 8.10000e+01  1.97523e+00 
 8.15000e+01  1.97538e+00 
 8.20000e+01  1.97557e+00 
 8.25000e+01  1.97575e+00 
 8.30000e+01  1.97597e+00 
 8.35000e+01  1.97622e+00 
 8.40000e+01  1.97649e+00 
 8.45000e+01  1.97672e+00 
 8.50000e+01  1.97688e+00 
 8.55000e+01  1.97704e+00 
 8.60000e+01  1.97725e+00 
 8.65000e+01  1.97744e+00 
 8.70000e+01  1.97760e+00 
 8.75000e+01  1.97777e+00 
 8.80000e+01  1.97795e+00 
 8.85000e+01  1.97812e+00 
 8.90000e+01  1.97829e+00 
 8.95000e+01  1.97846e+00 
 9.00000e+01  1.97865e+00 
 9.05000e+01  1.97881e+00 
 9.10000e+01  1.97895e+00 
 9.15000e+01  1.97910e+00 
 9.20000e+01  1.97927e+00 
 9.25000e+01  1.97944e+00 
 9.30000e+01  1.97958e+00 
 9.35000e+01  1.97973e+00 
 9.40000e+01  1.97993e+00 
 9.45000e+01  1.98012e+00 
 9.50000e+01  1.98027e+00 
 9.55000e+01  1.98035e+00 
 9.60000e+01  1.98045e+00 
 9.65000e+01  1.98061e+00 
 9.70000e+01  1.98070e+00 
 9.75000e+01  1.98081e+00 
 9.80000e+01  1.98093e+00 
 9.85000e+01  1.98110e+00 
 9.90000e+01  1.98126e+00 
 9.95000e+01  1.98136e+00 
 1.00000e+02  1.98146e+00 
 1.00500e+02  1.98158e+00 
 1.01000e+02  1.98173e+00 
 1.01500e+02  1.98185e+00 
 1.02000e+02  1.98194e+00 
 1.02500e+02  1.98201e+00 
 1.03000e+02  1.98210e+00 
 1.03500e+02  1.98221e+00 
 1.04000e+02  1.98225e+00 
 1.04500e+02  1.98232e+00 
 1.05000e+02  1.98241e+00 
 1.05500e+02  1.98251e+00 
 1.06000e+02  1.98258e+00 
 1.06500e+02  1.98267e+00 
 1.07000e+02  1.98273e+00 
 1.07500e+02  1.98279e+00 
 1.08000e+02  1.98282e+00 
 1.08500e+02  1.98285e+00 
 1.09000e+02  1.98293e+00 
 1.09500e+02  1.98300e+00 
 1.10000e+02  1.98306e+00 
 1.10500e+02  1.98309e+00 
 1.11000e+02  1.98312e+00 
 1.11500e+02  1.98313e+00 
 1.12000e+02  1.98314e+00 
 1.12500e+02  1.98319e+00 
 1.13000e+02  1.98323e+00 
 1.13500e+02  1.98326e+00 
 1.14000e+02  1.98330e+00 
 1.14500e+02  1.98330e+00 
 1.15000e+02  1.98332e+00 
 1.15500e+02  1.98338e+00 
 1.16000e+02  1.98341e+00 
 1.16500e+02  1.98341e+00 
 1.17000e+02  1.98343e+00 
 1.17500e+02  1.98345e+00 
 1.18000e+02  1.98345e+00 
 1.18500e+02  1.98348e+00 
 1.19000e+02  1.98349e+00 
 1.19500e+02  1.98356e+00 
 1.20000e+02  1.98356e+00 
 1.20500e+02  1.98356e+00 
 1.21000e+02  1.98359e+00 
 1.21500e+02  1.98360e+00 
 1.22000e+02  1.98363e+00 
 1.22500e+02  1.98362e+00 
 1.23000e+02  1.98362e+00 
 1.23500e+02  1.98368e+00 
 1.24000e+02  1.98368e+00 
 1.24500e+02  1.98370e+00 
 1.25000e+02  1.98372e+00 
 1.25500e+02  1.98372e+00 
 1.26000e+02  1.98374e+00 
 1.26500e+02  1.98373e+00 
 1.27000e+02  1.98375e+00 
 1.27500e+02  1.98380e+00 
 1.28000e+02  1.98379e+00 
 1.28500e+02  1.98381e+00 
 1.29000e+02  1.98383e+00 
 1.29500e+02  1.98384e+00 
 1.30000e+02  1.98387e+00 
 1.30500e+02  1.98388e+00 
 1.31000e+02  1.98387e+00 
 1.31500e+02  1.98388e+00 
 1.32000e+02  1.98390e+00 
 1.32500e+02  1.98389e+00 
 1.33000e+02  1.98389e+00 
 1.33500e+02  1.98390e+00 
 1.34000e+02  1.98390e+00 
 1.34500e+02  1.98393e+00 
 1.35000e+02  1.98393e+00 
 1.35500e+02  1.98395e+00 
 1.36000e+02  1.98393e+00 
 1.36500e+02  1.98396e+00 
 1.37000e+02  1.98396e+00 
 1.37500e+02  1.98397e+00 
 1.38000e+02  1.98395e+00 
 1.38500e+02  1.98398e+00 
 1.39000e+02  1.98398e+00 
 1.39500e+02  1.98399e+00 
 1.40000e+02  1.98399e+00 
 1.40500e+02  1.98401e+00 
 1.41000e+02  1.98401e+00 
 1.41500e+02  1.98399e+00 
 1.42000e+02  1.98399e+00 
 1.42500e+02  1.98400e+00 
 1.43000e+02  1.98401e+00 
 1.43500e+02  1.98399e+00 
 1.44000e+02  1.98399e+00 
 1.44500e+02  1.98404e+00 
 1.45000e+02  1.98403e+00 
 1.45500e+02  1.98401e+00 
 1.46000e+02  1.98405e+00 
 1.46500e+02  1.98402e+00 
 1.47000e+02  1.98406e+00 
 1.47500e+02  1.98405e+00 
 1.48000e+02  1.98406e+00 
 1.48500e+02  1.98408e+00 
 1.49000e+02  1.98405e+00 
 1.49500e+02  1.98407e+00 
 1.50000e+02  1.98410e+00 
 1.50500e+02  1.98411e+00 
 1.51000e+02  1.98409e+00 
 1.51500e+02  1.98409e+00 
 1.52000e+02  1.98408e+00 
 1.52500e+02  1.98409e+00 
 1.53000e+02  1.98407e+00 
 1.53500e+02  1.98410e+00 
 1.54000e+02  1.98409e+00 
 1.54500e+02  1.98409e+00 
 1.55000e+02  1.98409e+00 
 1.55500e+02  1.98409e+00 
 1.56000e+02  1.98406e+00 
 1.56500e+02  1.98410e+00 
 1.57000e+02  1.98407e+00 
 1.57500e+02  1.98407e+00 
 1.58000e+02  1.98408e+00 
 1.58500e+02  1.98409e+00 
 1.59000e+02  1.98412e+00 
 1.59500e+02  1.98406e+00 
 1.60000e+02  1.98411e+00 
 1.60500e+02  1.98407e+00 
 1.61000e+02  1.98407e+00 
 1.61500e+02  1.98408e+00 
 1.62000e+02  1.98404e+00 
 1.62500e+02  1.98404e+00 
 1.63000e+02  1.98406e+00 
 1.63500e+02  1.98404e+00 
 1.64000e+02  1.98403e+00 
 1.64500e+02  1.98405e+00 
 1.65000e+02  1.98404e+00 
 1.65500e+02  1.98407e+00 
 1.66000e+02  1.98402e+00 
 1.66500e+02  1.98403e+00 
 1.67000e+02  1.98403e+00 
 1.67500e+02  1.98402e+00 
 1.68000e+02  1.98401e+00 
 1.68500e+02  1.98401e+00 
 1.69000e+02  1.98399e+00 
 1.69500e+02  1.98401e+00 
 1.70000e+02  1.98399e+00 
 1.70500e+02  1.98400e+00 
 1.71000e+02  1.98394e+00 
 1.71500e+02  1.98397e+00 
 1.72000e+02  1.98393e+00 
 1.72500e+02  1.98395e+00 
 1.73000e+02  1.98393e+00 
 1.73500e+02  1.98395e+00 
 1.74000e+02  1.98394e+00 
 1.74500e+02  1.98396e+00 
 1.75000e+02  1.98390e+00 
 1.75500e+02  1.98391e+00 
 1.76000e+02  1.98394e+00 
 1.76500e+02  1.98391e+00 
 1.77000e+02  1.98392e+00 
 1.77500e+02  1.98386e+00 
 1.78000e+02  1.98388e+00 
 1.78500e+02  1.98386e+00 
 1.79000e+02  1.98383e+00 
 1.79500e+02  1.98385e+00 
 1.80000e+02  1.98381e+00 
 1.80500e+02  1.98383e+00 
 1.81000e+02  1.98380e+00 
 1.81500e+02  1.98379e+00 
 1.82000e+02  1.98380e+00 
 1.82500e+02  1.98378e+00 
 1.83000e+02  1.98376e+00 
 1.83500e+02  1.98378e+00 
 1.84000e+02  1.98375e+00 
 1.84500e+02  1.98375e+00 
 1.85000e+02  1.98373e+00 
 1.85500e+02  1.98376e+00 
 1.86000e+02  1.98372e+00 
 1.86500e+02  1.98371e+00 
 1.87000e+02  1.98368e+00 
 1.87500e+02  1.98368e+00 
 1.88000e+02  1.98367e+00 
 1.88500e+02  1.98364e+00 
 1.89000e+02  1.98363e+00 
 1.89500e+02  1.98362e+00 
 1.90000e+02  1.98361e+00 
 1.90500e+02  1.98358e+00 
 1.91000e+02  1.98356e+00 
 1.91500e+02  1.98356e+00 
 1.92000e+02  1.98353e+00 
 1.92500e+02  1.98349e+00 
 1.93000e+02  1.98346e+00 
 1.93500e+02  1.98345e+00 
 1.94000e+02  1.98341e+00 
 1.94500e+02  1.98339e+00 
 1.95000e+02  1.98334e+00 
 1.95500e+02  1.98333e+00 
 1.96000e+02  1.98334e+00 
 1.96500e+02  1.98330e+00 
 1.97000e+02  1.98329e+00 
 1.97500e+02  1.98330e+00 
 1.98000e+02  1.98329e+00 
 1.98500e+02  1.98327e+00 
 1.99000e+02  1.98322e+00 
 1.99500e+02  1.98320e+00 
 2.00000e+02  1.98318e+00 
 2.00500e+02  1.98315e+00 
 2.01000e+02  1.98313e+00 
 2.01500e+02  1.98307e+00 
 2.02000e+02  1.98305e+00 
 2.02500e+02  1.98303e+00 
 2.03000e+02  1.98296e+00 
 2.03500e+02  1.98294e+00 
 2.04000e+02  1.98290e+00 
 2.04500e+02  1.98285e+00 
 2.05000e+02  1.98281e+00 
 2.05500e+02  1.98278e+00 
 2.06000e+02  1.98271e+00 
 2.06500e+02  1.98269e+00 
 2.07000e+02  1.98264e+00 
 2.07500e+02  1.98260e+00 
 2.08000e+02  1.98256e+00 
 2.08500e+02  1.98248e+00 
 2.09000e+02  1.98246e+00 
 2.09500e+02  1.98239e+00 
 2.10000e+02  1.98234e+00 
 2.10500e+02  1.98226e+00 
 2.11000e+02  1.98222e+00 
 2.11500e+02  1.98212e+00 
 2.12000e+02  1.98205e+00 
 2.12500e+02  1.98196e+00 
 2.13000e+02  1.98182e+00 
 2.13500e+02  1.98170e+00 
 2.14000e+02  1.98155e+00 
 2.14500e+02  1.98138e+00 
 2.15000e+02  1.98123e+00 
 2.15500e+02  1.98114e+00 
 2.16000e+02  1.98103e+00 
 2.16500e+02  1.98092e+00 
 2.17000e+02  1.98080e+00 
 2.17500e+02  1.98066e+00 
 2.18000e+02  1.98049e+00 
 2.18500e+02  1.98031e+00 
 2.19000e+02  1.98021e+00 
 2.19500e+02  1.98012e+00 
 2.20000e+02  1.97999e+00 
 2.20500e+02  1.97985e+00 
 2.21000e+02  1.97968e+00 
 2.21500e+02  1.97952e+00 
 2.22000e+02  1.97934e+00 
 2.22500e+02  1.97922e+00 
 2.23000e+02  1.97909e+00 
 2.23500e+02  1.97889e+00 
 2.24000e+02  1.97866e+00 
 2.24500e+02  1.97845e+00 
 2.25000e+02  1.97829e+00 
 2.25500e+02  1.97816e+00 
 2.26000e+02  1.97798e+00 
 2.26500e+02  1.97779e+00 
 2.27000e+02  1.97760e+00 
 2.27500e+02  1.97742e+00 
 2.28000e+02  1.97719e+00 
 2.28500e+02  1.97694e+00 
 2.29000e+02  1.97670e+00 
 2.29500e+02  1.97651e+00 
 2.30000e+02  1.97633e+00 
 2.30500e+02  1.97617e+00 
 2.31000e+02  1.97598e+00 
 2.31500e+02  1.97579e+00 
 2.32000e+02  1.97558e+00 
 2.32500e+02  1.97536e+00 
 2.33000e+02  1.97510e+00 
 2.33500e+02  1.97487e+00 
 2.34000e+02  1.97465e+00 
 2.34500e+02  1.97442e+00 
 2.35000e+02  1.97420e+00 
 2.35500e+02  1.97392e+00 
 2.36000e+02  1.97364e+00 
 2.36500e+02  1.97338e+00 
 2.37000e+02  1.97314e+00 
 2.37500e+02  1.97291e+00 
 2.38000e+02  1.97267e+00 
 2.38500e+02  1.97241e+00 
 2.39000e+02  1.97213e+00 
 2.39500e+02  1.97183e+00 
 2.40000e+02  1.97155e+00 
 2.40500e+02  1.97129e+00 
 2.41000e+02  1.97102e+00 
 2.41500e+02  1.97070e+00 
 2.42000e+02  1.97038e+00 
 2.42500e+02  1.97005e+00 
 2.43000e+02  1.96970e+00 
 2.43500e+02  1.96933e+00 
 2.44000e+02  1.96894e+00 
 2.44500e+02  1.96853e+00 
 2.45000e+02  1.96811e+00 
 2.45500e+02  1.96769e+00 
 2.46000e+02  1.96726e+00 
 2.46500e+02  1.96683e+00 
 2.47000e+02  1.96639e+00 
 2.47500e+02  1.96590e+00 
 2.48000e+02  1.96542e+00 
 2.48500e+02  1.96496e+00 
 2.49000e+02  1.96450e+00 
 2.49500e+02  1.96400e+00 
 2.50000e+02  1.96346e+00 
 2.50500e+02  1.96287e+00 
 2.51000e+02  1.96226e+00 
 2.51500e+02  1.96165e+00 
 2.52000e+02  1.96105e+00 
 2.52500e+02  1.96045e+00 
 2.53000e+02  1.95983e+00 
 2.53500e+02  1.95916e+00 
 2.54000e+02  1.95845e+00 
 2.54500e+02  1.95769e+00 
 2.55000e+02  1.95690e+00 
 2.55500e+02  1.95611e+00 
 2.56000e+02  1.95527e+00 
 2.56500e+02  1.95437e+00 
 2.57000e+02  1.95338e+00 
 2.57500e+02  1.95228e+00 
 2.58000e+02  1.95109e+00 
 2.58500e+02  1.94981e+00 
 2.59000e+02  1.94844e+00 
 2.59500e+02  1.94701e+00 
 2.60000e+02  1.94549e+00 
 2.60500e+02  1.94388e+00 
 2.61000e+02  1.94215e+00 
 2.61500e+02  1.94030e+00 
 2.62000e+02  1.93834e+00 
 2.62500e+02  1.93624e+00 
 2.63000e+02  1.93400e+00 
 2.63500e+02  1.93161e+00 
 2.64000e+02  1.92905e+00 
 2.64500e+02  1.92630e+00 
 2.65000e+02  1.92337e+00 
 2.65500e+02  1.92024e+00 
 2.66000e+02  1.91689e+00 
 2.66500e+02  1.91329e+00 
 2.67000e+02  1.90943e+00 
 2.67500e+02  1.90532e+00 
 2.68000e+02  1.90095e+00 
 2.68500e+02  1.89632e+00 
 2.69000e+02  1.89141e+00 
 2.69500e+02  1.88620e+00 
 2.70000e+02  1.88069e+00 
 2.70500e+02  1.87488e+00 
 2.71000e+02  1.86878e+00 
 2.71500e+02  1.86237e+00 
 2.72000e+02  1.85568e+00 
 2.72500e+02  1.84869e+00 
 2.73000e+02  1.84141e+00 
 2.73500e+02  1.83383e+00 
 2.74000e+02  1.82597e+00 
 2.74500e+02  1.81783e+00 
 2.75000e+02  1.80941e+00 
 2.75500e+02  1.80075e+00 
 2.76000e+02  1.79183e+00 
 2.76500e+02  1.78268e+00 
 2.77000e+02  1.77330e+00 
 2.77500e+02  1.76370e+00 
 2.78000e+02  1.75389e+00 
 2.78500e+02  1.74385e+00 
 2.79000e+02  1.73356e+00 
 2.79500e+02  1.72298e+00 
 2.80000e+02  1.71210e+00 
 2.80500e+02  1.70091e+00 
 2.81000e+02  1.68941e+00 
 2.81500e+02  1.67759e+00 
 2.82000e+02  1.66545e+00 
 2.82500e+02  1.65299e+00 
 2.83000e+02  1.64020e+00 
 2.83500e+02  1.62710e+00 
 2.84000e+02  1.61368e+00 
 2.84500e+02  1.59993e+00 
 2.85000e+02  1.58588e+00 
 2.85500e+02  1.57152e+00 
 2.86000e+02  1.55687e+00 
 2.86500e+02  1.54192e+00 
 2.87000e+02  1.52667e+00 
 2.87500e+02  1.51114e+00 
 2.88000e+02  1.49531e+00 
 2.88500e+02  1.47920e+00 
 2.89000e+02  1.46281e+00 
 2.89500e+02  1.44615e+00 
 2.90000e+02  1.42922e+00 
 2.90500e+02  1.41201e+00 
 2.91000e+02  1.39454e+00 
 2.91500e+02  1.37680e+00 
 2.92000e+02  1.35879e+00 
 2.92500e+02  1.34051e+00 
 2.93000e+02  1.32197e+00 
 2.93500e+02  1.30316e+00 
 2.94000e+02  1.28409e+00 
 2.94500e+02  1.26476e+00 
 2.95000e+02  1.24518e+00 
 2.95500e+02  1.22535e+00 
 2.96000e+02  1.20528e+00 
 2.96500e+02  1.18497e+00 
 2.97000e+02  1.16443e+00 
 2.97500e+02  1.14364e+00 
 2.98000e+02  1.12263e+00 
 2.98500e+02  1.10138e+00 
 2.99000e+02  1.07989e+00 
 2.99500e+02  1.05817e+00 
 3.00000e+02  1.03623e+00 
 3.00500e+02  1.01405e+00 
 3.01000e+02  9.91659e-01 
 3.01500e+02  9.69044e-01 
 3.02000e+02  9.46211e-01 
 3.02500e+02  9.23161e-01 
 3.03000e+02  8.99897e-01 
 3.03500e+02  8.76419e-01 
 3.04000e+02  8.52727e-01 
 3.04500e+02  8.28823e-01 
 3.05000e+02  8.04711e-01 
 3.05500e+02  7.80393e-01 
 3.06000e+02  7.55875e-01 
 3.06500e+02  7.31158e-01 
 3.07000e+02  7.06250e-01 
 3.07500e+02  6.81148e-01 
 3.08000e+02  6.55855e-01 
 3.08500e+02  6.30375e-01 
 3.09000e+02  6.04708e-01 
 3.09500e+02  5.78856e-01 
 3.10000e+02  5.52825e-01 
 3.10500e+02  5.26616e-01 
 3.11000e+02  5.00235e-01 
 3.11500e+02  4.73686e-01 
 3.12000e+02  4.46973e-01 
 3.12500e+02  4.20096e-01 
 3.13000e+02  3.93056e-01 
 3.13500e+02  3.65859e-01 
 3.14000e+02  3.38511e-01 
 3.14500e+02  3.11019e-01 
 3.15000e+02  2.83389e-01 
 3.15500e+02  2.55625e-01 
 3.16000e+02  2.27731e-01 
 3.16500e+02  1.99714e-01 
 3.17000e+02  1.71589e-01 
 3.17500e+02  1.43371e-01 
 3.18000e+02  1.15077e-01 
 3.18500e+02  8.67242e-02 
 3.19000e+02  5.83411e-02 
 3.19500e+02  2.99904e-02 
