 0.00000e+00  0.00000e+00 
 5.00000e-01  3.29663e-02 
 1.00000e+00  6.57069e-02 
 1.50000e+00  9.82163e-02 
 2.00000e+00  1.30488e-01 
 2.50000e+00  1.62517e-01 
 3.00000e+00  1.94300e-01 
 3.50000e+00  2.25834e-01 
 4.00000e+00  2.57118e-01 
 4.50000e+00  2.88149e-01 
 5.00000e+00  3.18927e-01 
 5.50000e+00  3.49448e-01 
 6.00000e+00  3.79710e-01 
 6.50000e+00  4.09716e-01 
 7.00000e+00  4.39464e-01 
 7.50000e+00  4.68952e-01 
 8.00000e+00  4.98179e-01 
 8.50000e+00  5.27144e-01 
 9.00000e+00  5.55845e-01 
 9.50000e+00  5.84281e-01 
 1.00000e+01  6.12451e-01 
 1.05000e+01  6.40357e-01 
 1.10000e+01  6.67996e-01 
 1.15000e+01  6.95367e-01 
 1.20000e+01  7.22470e-01 
 1.25000e+01  7.49305e-01 
 1.30000e+01  7.75869e-01 
 1.35000e+01  8.02160e-01 
 1.40000e+01  8.28178e-01 
 1.45000e+01  8.53923e-01 
 1.50000e+01  8.79394e-01 
 1.55000e+01  9.04593e-01 
 1.60000e+01  9.29519e-01 
 1.65000e+01  9.54172e-01 
 1.70000e+01  9.78551e-01 
 1.75000e+01  1.00266e+00 
 1.80000e+01  1.02649e+00 
 1.85000e+01  1.05005e+00 
 1.90000e+01  1.07334e+00 
 1.95000e+01  1.09634e+00 
 2.00000e+01  1.11908e+00 
 2.05000e+01  1.14153e+00 
 2.10000e+01  1.16371e+00 
 2.15000e+01  1.18562e+00 
 2.20000e+01  1.20724e+00 
 2.25000e+01  1.22858e+00 
 2.30000e+01  1.24964e+00 
 2.35000e+01  1.27041e+00 
 2.40000e+01  1.29090e+00 
 2.45000e+01  1.31110e+00 
 2.50000e+01  1.33100e+00 
 2.55000e+01  1.35061e+00 
 2.60000e+01  1.36992e+00 
 2.65000e+01  1.38894e+00 
 2.70000e+01  1.40766e+00 
 2.75000e+01  1.42609e+00 
 2.80000e+01  1.44422e+00 
 2.85000e+01  1.46204e+00 
 2.90000e+01  1.47956e+00 
 2.95000e+01  1.49677e+00 
 3.00000e+01  1.51366e+00 
 3.05000e+01  1.53024e+00 
 3.10000e+01  1.54650e+00 
 3.15000e+01  1.56245e+00 
 3.20000e+01  1.57807e+00 
 3.25000e+01  1.59337e+00 
 3.30000e+01  1.60834e+00 
 3.35000e+01  1.62299e+00 
 3.40000e+01  1.63730e+00 
 3.45000e+01  1.65129e+00 
 3.50000e+01  1.66493e+00 
 3.55000e+01  1.67824e+00 
 3.60000e+01  1.69120e+00 
 3.65000e+01  1.70382e+00 
 3.70000e+01  1.71609e+00 
 3.75000e+01  1.72801e+00 
 3.80000e+01  1.73959e+00 
 3.85000e+01  1.75084e+00 
 3.90000e+01  1.76175e+00 
 3.95000e+01  1.77233e+00 
 4.00000e+01  1.78258e+00 
 4.05000e+01  1.79250e+00 
 4.10000e+01  1.80210e+00 
 4.15000e+01  1.81136e+00 
 4.20000e+01  1.82028e+00 
 4.25000e+01  1.82885e+00 
 4.30000e+01  1.83708e+00 
 4.35000e+01  1.84496e+00 
 4.40000e+01  1.85250e+00 
 4.45000e+01  1.85970e+00 
 4.50000e+01  1.86655e+00 
 4.55000e+01  1.87308e+00 
 4.60000e+01  1.87928e+00 
 4.65000e+01  1.88516e+00 
 4.70000e+01  1.89072e+00 
 4.75000e+01  1.89596e+00 
 4.80000e+01  1.90090e+00 
 4.85000e+01  1.90555e+00 
 4.90000e+01  1.90991e+00 
 4.95000e+01  1.91400e+00 
 5.00000e+01  1.91782e+00 
 5.05000e+01  1.92139e+00 
 5.10000e+01  1.92473e+00 
 5.15000e+01  1.92783e+00 
 5.20000e+01  1.93071e+00 
 5.25000e+01  1.93340e+00 
 5.30000e+01  1.93590e+00 
 5.35000e+01  1.93825e+00 
 5.40000e+01  1.94043e+00 
 5.45000e+01  1.94244e+00 
 5.50000e+01  1.94429e+00 
 5.55000e+01  1.94601e+00 
 5.60000e+01  1.94760e+00 
 5.65000e+01  1.94907e+00 
 5.70000e+01  1.95043e+00 
 5.75000e+01  1.95169e+00 
 5.80000e+01  1.95288e+00 
 5.85000e+01  1.95403e+00 
 5.90000e+01  1.95513e+00 
 5.95000e+01  1.95617e+00 
 6.00000e+01  1.95713e+00 
 6.05000e+01  1.95804e+00 
 6.10000e+01  1.95891e+00 
 6.15000e+01  1.95972e+00 
 6.20000e+01  1.96045e+00 
 6.25000e+01  1.96115e+00 
 6.30000e+01  1.96179e+00 
 6.35000e+01  1.96236e+00 
 6.40000e+01  1.96287e+00 
 6.45000e+01  1.96336e+00 
 6.50000e+01  1.96383e+00 
 6.55000e+01  1.96432e+00 
 6.60000e+01  1.96482e+00 
 6.65000e+01  1.96534e+00 
 6.70000e+01  1.96585e+00 
 6.75000e+01  1.96636e+00 
 6.80000e+01  1.96686e+00 
 6.85000e+01  1.96734e+00 
 6.90000e+01  1.96782e+00 
 6.95000e+01  1.96830e+00 
 7.00000e+01  1.96873e+00 
 7.05000e+01  1.96912e+00 
 7.10000e+01  1.96951e+00 
 7.15000e+01  1.96988e+00 
 7.20000e+01  1.97020e+00 
 7.25000e+01  1.97053e+00 
 7.30000e+01  1.97087e+00 
 7.35000e+01  1.97121e+00 
 7.40000e+01  1.97153e+00 
 7.45000e+01  1.97181e+00 
 7.50000e+01  1.97213e+00 
 7.55000e+01  1.97245e+00 
 7.60000e+01  1.97275e+00 
 7.65000e+01  1.97305e+00 
 7.70000e+01  1.97331e+00 
 7.75000e+01  1.97358e+00 
 7.80000e+01  1.97383e+00 
 7.85000e+01  1.97409e+00 
 7.90000e+01  1.97434e+00 
 7.95000e+01  1.97462e+00 
 8.00000e+01  1.97493e+00 
 8.05000e+01  1.97522e+00 
 8.10000e+01  1.97547e+00 
 8.15000e+01  1.97570e+00 
 8.20000e+01  1.97589e+00 
 8.25000e+01  1.97608e+00 
 8.30000e+01  1.97632e+00 
 8.35000e+01  1.97658e+00 
 8.40000e+01  1.97682e+00 
 8.45000e+01  1.97707e+00 
 8.50000e+01  1.97728e+00 
 8.55000e+01  1.97746e+00 
 8.60000e+01  1.97761e+00 
 8.65000e+01  1.97775e+00 
 8.70000e+01  1.97790e+00 
 8.75000e+01  1.97805e+00 
 8.80000e+01  1.97824e+00 
 8.85000e+01  1.97844e+00 
 8.90000e+01  1.97860e+00 
 8.95000e+01  1.97877e+00 
 9.00000e+01  1.97895e+00 
 9.05000e+01  1.97913e+00 
 9.10000e+01  1.97928e+00 
 9.15000e+01  1.97945e+00 
 9.20000e+01  1.97963e+00 
 9.25000e+01  1.97982e+00 
 9.30000e+01  1.97998e+00 
 9.35000e+01  1.98016e+00 
 9.40000e+01  1.98032e+00 
 9.45000e+01  1.98045e+00 
 9.50000e+01  1.98054e+00 
 9.55000e+01  1.98066e+00 
 9.60000e+01  1.98080e+00 
 9.65000e+01  1.98093e+00 
 9.70000e+01  1.98107e+00 
 9.75000e+01  1.98122e+00 
 9.80000e+01  1.98138e+00 
 9.85000e+01  1.98150e+00 
 9.90000e+01  1.98158e+00 
 9.95000e+01  1.98167e+00 
 1.00000e+02  1.98178e+00 
 1.00500e+02  1.98190e+00 
 1.01000e+02  1.98203e+00 
 1.01500e+02  1.98217e+00 
 1.02000e+02  1.98228e+00 
 1.02500e+02  1.98235e+00 
 1.03000e+02  1.98244e+00 
 1.03500e+02  1.98255e+00 
 1.04000e+02  1.98265e+00 
 1.04500e+02  1.98272e+00 
 1.05000e+02  1.98279e+00 
 1.05500e+02  1.98288e+00 
 1.06000e+02  1.98295e+00 
 1.06500e+02  1.98298e+00 
 1.07000e+02  1.98300e+00 
 1.07500e+02  1.98305e+00 
 1.08000e+02  1.98310e+00 
 1.08500e+02  1.98317e+00 
 1.09000e+02  1.98324e+00 
 1.09500e+02  1.98325e+00 
 1.10000e+02  1.98330e+00 
 1.10500e+02  1.98334e+00 
 1.11000e+02  1.98337e+00 
 1.11500e+02  1.98339e+00 
 1.12000e+02  1.98344e+00 
 1.12500e+02  1.98347e+00 
 1.13000e+02  1.98348e+00 
 1.13500e+02  1.98350e+00 
 1.14000e+02  1.98355e+00 
 1.14500e+02  1.98359e+00 
 1.15000e+02  1.98364e+00 
 1.15500e+02  1.98366e+00 
 1.16000e+02  1.98365e+00 
 1.16500e+02  1.98369e+00 
 1.17000e+02  1.98374e+00 
 1.17500e+02  1.98376e+00 
 1.18000e+02  1.98377e+00 
 1.18500e+02  1.98378e+00 
 1.19000e+02  1.98380e+00 
 1.19500e+02  1.98382e+00 
 1.20000e+02  1.98386e+00 
 1.20500e+02  1.98389e+00 
 1.21000e+02  1.98387e+00 
 1.21500e+02  1.98394e+00 
 1.22000e+02  1.98394e+00 
 1.22500e+02  1.98394e+00 
 1.23000e+02  1.98395e+00 
 1.23500e+02  1.98397e+00 
 1.24000e+02  1.98399e+00 
 1.24500e+02  1.98398e+00 
 1.25000e+02  1.98399e+00 
 1.25500e+02  1.98402e+00 
 1.26000e+02  1.98404e+00 
 1.26500e+02  1.98403e+00 
 1.27000e+02  1.98404e+00 
 1.27500e+02  1.98404e+00 
 1.28000e+02  1.98406e+00 
 1.28500e+02  1.98405e+00 
 1.29000e+02  1.98406e+00 
 1.29500e+02  1.98406e+00 
 1.30000e+02  1.98409e+00 
 1.30500e+02  1.98412e+00 
 1.31000e+02  1.98410e+00 
 1.31500e+02  1.98414e+00 
 1.32000e+02  1.98413e+00 
 1.32500e+02  1.98414e+00 
 1.33000e+02  1.98414e+00 
 1.33500e+02  1.98417e+00 
 1.34000e+02  1.98416e+00 
 1.34500e+02  1.98419e+00 
 1.35000e+02  1.98416e+00 
 1.35500e+02  1.98418e+00 
 1.36000e+02  1.98418e+00 
 1.36500e+02  1.98418e+00 
 1.37000e+02  1.98420e+00 
 1.37500e+02  1.98418e+00 
 1.38000e+02  1.98419e+00 
 1.38500e+02  1.98417e+00 
 1.39000e+02  1.98423e+00 
 1.39500e+02  1.98423e+00 
 1.40000e+02  1.98424e+00 
 1.40500e+02  1.98423e+00 
 1.41000e+02  1.98423e+00 
 1.41500e+02  1.98424e+00 
 1.42000e+02  1.98423e+00 
 1.42500e+02  1.98422e+00 
 1.43000e+02  1.98423e+00 
 1.43500e+02  1.98422e+00 
 1.44000e+02  1.98424e+00 
 1.44500e+02  1.98422e+00 
 1.45000e+02  1.98425e+00 
 1.45500e+02  1.98421e+00 
 1.46000e+02  1.98426e+00 
 1.46500e+02  1.98424e+00 
 1.47000e+02  1.98423e+00 
 1.47500e+02  1.98426e+00 
 1.48000e+02  1.98426e+00 
 1.48500e+02  1.98423e+00 
 1.49000e+02  1.98425e+00 
 1.49500e+02  1.98424e+00 
 1.50000e+02  1.98423e+00 
 1.50500e+02  1.98422e+00 
 1.51000e+02  1.98422e+00 
 1.51500e+02  1.98424e+00 
 1.52000e+02  1.98420e+00 
 1.52500e+02  1.98424e+00 
 1.53000e+02  1.98423e+00 
 1.53500e+02  1.98424e+00 
 1.54000e+02  1.98423e+00 
 1.54500e+02  1.98428e+00 
 1.55000e+02  1.98425e+00 
 1.55500e+02  1.98423e+00 
 1.56000e+02  1.98424e+00 
 1.56500e+02  1.98421e+00 
 1.57000e+02  1.98425e+00 
 1.57500e+02  1.98423e+00 
 1.58000e+02  1.98423e+00 
 1.58500e+02  1.98423e+00 
 1.59000e+02  1.98424e+00 
 1.59500e+02  1.98423e+00 
 1.60000e+02  1.98425e+00 
 1.60500e+02  1.98424e+00 
 1.61000e+02  1.98425e+00 
 1.61500e+02  1.98426e+00 
 1.62000e+02  1.98422e+00 
 1.62500e+02  1.98423e+00 
 1.63000e+02  1.98424e+00 
 1.63500e+02  1.98422e+00 
 1.64000e+02  1.98423e+00 
 1.64500e+02  1.98421e+00 
 1.65000e+02  1.98421e+00 
 1.65500e+02  1.98422e+00 
 1.66000e+02  1.98420e+00 
 1.66500e+02  1.98420e+00 
 1.67000e+02  1.98419e+00 
 1.67500e+02  1.98415e+00 
 1.68000e+02  1.98418e+00 
 1.68500e+02  1.98418e+00 
 1.69000e+02  1.98416e+00 
 1.69500e+02  1.98417e+00 
 1.70000e+02  1.98418e+00 
 1.70500e+02  1.98418e+00 
 1.71000e+02  1.98418e+00 
 1.71500e+02  1.98416e+00 
 1.72000e+02  1.98416e+00 
 1.72500e+02  1.98413e+00 
 1.73000e+02  1.98414e+00 
 1.73500e+02  1.98409e+00 
 1.74000e+02  1.98411e+00 
 1.74500e+02  1.98411e+00 
 1.75000e+02  1.98409e+00 
 1.75500e+02  1.98409e+00 
 1.76000e+02  1.98406e+00 
 1.76500e+02  1.98406e+00 
 1.77000e+02  1.98408e+00 
 1.77500e+02  1.98406e+00 
 1.78000e+02  1.98405e+00 
 1.78500e+02  1.98407e+00 
 1.79000e+02  1.98402e+00 
 1.79500e+02  1.98404e+00 
 1.80000e+02  1.98402e+00 
 1.80500e+02  1.98400e+00 
 1.81000e+02  1.98402e+00 
 1.81500e+02  1.98400e+00 
 1.82000e+02  1.98401e+00 
 1.82500e+02  1.98399e+00 
 1.83000e+02  1.98400e+00 
 1.83500e+02  1.98397e+00 
 1.84000e+02  1.98397e+00 
 1.84500e+02  1.98393e+00 
 1.85000e+02  1.98392e+00 
 1.85500e+02  1.98392e+00 
 1.86000e+02  1.98390e+00 
 1.86500e+02  1.98386e+00 
 1.87000e+02  1.98388e+00 
 1.87500e+02  1.98386e+00 
 1.88000e+02  1.98382e+00 
 1.88500e+02  1.98382e+00 
 1.89000e+02  1.98381e+00 
 1.89500e+02  1.98379e+00 
 1.90000e+02  1.98380e+00 
 1.90500e+02  1.98376e+00 
 1.91000e+02  1.98376e+00 
 1.91500e+02  1.98374e+00 
 1.92000e+02  1.98373e+00 
 1.92500e+02  1.98372e+00 
 1.93000e+02  1.98370e+00 
 1.93500e+02  1.98371e+00 
 1.94000e+02  1.98364e+00 
 1.94500e+02  1.98361e+00 
 1.95000e+02  1.98357e+00 
 1.95500e+02  1.98358e+00 
 1.96000e+02  1.98354e+00 
 1.96500e+02  1.98351e+00 
 1.97000e+02  1.98348e+00 
 1.97500e+02  1.98343e+00 
 1.98000e+02  1.98344e+00 
 1.98500e+02  1.98344e+00 
 1.99000e+02  1.98339e+00 
 1.99500e+02  1.98336e+00 
 2.00000e+02  1.98331e+00 
 2.00500e+02  1.98331e+00 
 2.01000e+02  1.98328e+00 
 2.01500e+02  1.98326e+00 
 2.02000e+02  1.98320e+00 
 2.02500e+02  1.98315e+00 
 2.03000e+02  1.98313e+00 
 2.03500e+02  1.98307e+00 
 2.04000e+02  1.98298e+00 
 2.04500e+02  1.98296e+00 
 2.05000e+02  1.98294e+00 
 2.05500e+02  1.98289e+00 
 2.06000e+02  1.98283e+00 
 2.06500e+02  1.98278e+00 
 2.07000e+02  1.98274e+00 
 2.07500e+02  1.98267e+00 
 2.08000e+02  1.98265e+00 
 2.08500e+02  1.98260e+00 
 2.09000e+02  1.98253e+00 
 2.09500e+02  1.98244e+00 
 2.10000e+02  1.98239e+00 
 2.10500e+02  1.98230e+00 
 2.11000e+02  1.98221e+00 
 2.11500e+02  1.98213e+00 
 2.12000e+02  1.98205e+00 
 2.12500e+02  1.98195e+00 
 2.13000e+02  1.98188e+00 
 2.13500e+02  1.98178e+00 
 2.14000e+02  1.98163e+00 
 2.14500e+02  1.98149e+00 
 2.15000e+02  1.98133e+00 
 2.15500e+02  1.98120e+00 
 2.16000e+02  1.98112e+00 
 2.16500e+02  1.98102e+00 
 2.17000e+02  1.98089e+00 
 2.17500e+02  1.98078e+00 
 2.18000e+02  1.98065e+00 
 2.18500e+02  1.98054e+00 
 2.19000e+02  1.98042e+00 
 2.19500e+02  1.98028e+00 
 2.20000e+02  1.98016e+00 
 2.20500e+02  1.98003e+00 
 2.21000e+02  1.97989e+00 
 2.21500e+02  1.97974e+00 
 2.22000e+02  1.97957e+00 
 2.22500e+02  1.97942e+00 
 2.23000e+02  1.97926e+00 
 2.23500e+02  1.97911e+00 
 2.24000e+02  1.97892e+00 
 2.24500e+02  1.97875e+00 
 2.25000e+02  1.97855e+00 
 2.25500e+02  1.97839e+00 
 2.26000e+02  1.97825e+00 
 2.26500e+02  1.97807e+00 
 2.27000e+02  1.97787e+00 
 2.27500e+02  1.97769e+00 
 2.28000e+02  1.97751e+00 
 2.28500e+02  1.97727e+00 
 2.29000e+02  1.97707e+00 
 2.29500e+02  1.97688e+00 
 2.30000e+02  1.97668e+00 
 2.30500e+02  1.97647e+00 
 2.31000e+02  1.97628e+00 
 2.31500e+02  1.97613e+00 
 2.32000e+02  1.97596e+00 
 2.32500e+02  1.97578e+00 
 2.33000e+02  1.97555e+00 
 2.33500e+02  1.97526e+00 
 2.34000e+02  1.97498e+00 
 2.34500e+02  1.97470e+00 
 2.35000e+02  1.97443e+00 
 2.35500e+02  1.97419e+00 
 2.36000e+02  1.97397e+00 
 2.36500e+02  1.97376e+00 
 2.37000e+02  1.97355e+00 
 2.37500e+02  1.97330e+00 
 2.38000e+02  1.97299e+00 
 2.38500e+02  1.97269e+00 
 2.39000e+02  1.97240e+00 
 2.39500e+02  1.97208e+00 
 2.40000e+02  1.97175e+00 
 2.40500e+02  1.97144e+00 
 2.41000e+02  1.97116e+00 
 2.41500e+02  1.97086e+00 
 2.42000e+02  1.97054e+00 
 2.42500e+02  1.97020e+00 
 2.43000e+02  1.96988e+00 
 2.43500e+02  1.96955e+00 
 2.44000e+02  1.96920e+00 
 2.44500e+02  1.96882e+00 
 2.45000e+02  1.96842e+00 
 2.45500e+02  1.96800e+00 
 2.46000e+02  1.96753e+00 
 2.46500e+02  1.96706e+00 
 2.47000e+02  1.96661e+00 
 2.47500e+02  1.96615e+00 
 2.48000e+02  1.96571e+00 
 2.48500e+02  1.96524e+00 
 2.49000e+02  1.96476e+00 
 2.49500e+02  1.96426e+00 
 2.50000e+02  1.96372e+00 
 2.50500e+02  1.96318e+00 
 2.51000e+02  1.96265e+00 
 2.51500e+02  1.96211e+00 
 2.52000e+02  1.96153e+00 
 2.52500e+02  1.96091e+00 
 2.53000e+02  1.96025e+00 
 2.53500e+02  1.95955e+00 
 2.54000e+02  1.95880e+00 
 2.54500e+02  1.95803e+00 
 2.55000e+02  1.95724e+00 
 2.55500e+02  1.95643e+00 
 2.56000e+02  1.95555e+00 
 2.56500e+02  1.95457e+00 
 2.57000e+02  1.95353e+00 
 2.57500e+02  1.95240e+00 
 2.58000e+02  1.95119e+00 
 2.58500e+02  1.94988e+00 
 2.59000e+02  1.94848e+00 
 2.59500e+02  1.94699e+00 
 2.60000e+02  1.94542e+00 
 2.60500e+02  1.94377e+00 
 2.61000e+02  1.94202e+00 
 2.61500e+02  1.94017e+00 
 2.62000e+02  1.93821e+00 
 2.62500e+02  1.93613e+00 
 2.63000e+02  1.93390e+00 
 2.63500e+02  1.93148e+00 
 2.64000e+02  1.92887e+00 
 2.64500e+02  1.92606e+00 
 2.65000e+02  1.92305e+00 
 2.65500e+02  1.91983e+00 
 2.66000e+02  1.91640e+00 
 2.66500e+02  1.91273e+00 
 2.67000e+02  1.90883e+00 
 2.67500e+02  1.90467e+00 
 2.68000e+02  1.90024e+00 
 2.68500e+02  1.89555e+00 
 2.69000e+02  1.89057e+00 
 2.69500e+02  1.88531e+00 
 2.70000e+02  1.87975e+00 
 2.70500e+02  1.87390e+00 
 2.71000e+02  1.86775e+00 
 2.71500e+02  1.86129e+00 
 2.72000e+02  1.85453e+00 
 2.72500e+02  1.84746e+00 
 2.73000e+02  1.84009e+00 
 2.73500e+02  1.83242e+00 
 2.74000e+02  1.82447e+00 
 2.74500e+02  1.81623e+00 
 2.75000e+02  1.80771e+00 
 2.75500e+02  1.79894e+00 
 2.76000e+02  1.78991e+00 
 2.76500e+02  1.78066e+00 
 2.77000e+02  1.77120e+00 
 2.77500e+02  1.76152e+00 
 2.78000e+02  1.75164e+00 
 2.78500e+02  1.74152e+00 
 2.79000e+02  1.73116e+00 
 2.79500e+02  1.72051e+00 
 2.80000e+02  1.70955e+00 
 2.80500e+02  1.69828e+00 
 2.81000e+02  1.68668e+00 
 2.81500e+02  1.67476e+00 
 2.82000e+02  1.66252e+00 
 2.82500e+02  1.64995e+00 
 2.83000e+02  1.63708e+00 
 2.83500e+02  1.62387e+00 
 2.84000e+02  1.61035e+00 
 2.84500e+02  1.59652e+00 
 2.85000e+02  1.58238e+00 
 2.85500e+02  1.56793e+00 
 2.86000e+02  1.55319e+00 
 2.86500e+02  1.53814e+00 
 2.87000e+02  1.52281e+00 
 2.87500e+02  1.50718e+00 
 2.88000e+02  1.49127e+00 
 2.88500e+02  1.47507e+00 
 2.89000e+02  1.45859e+00 
 2.89500e+02  1.44183e+00 
 2.90000e+02  1.42480e+00 
 2.90500e+02  1.40750e+00 
 2.91000e+02  1.38993e+00 
 2.91500e+02  1.37208e+00 
 2.92000e+02  1.35398e+00 
 2.92500e+02  1.33560e+00 
 2.93000e+02  1.31697e+00 
 2.93500e+02  1.29808e+00 
 2.94000e+02  1.27893e+00 
 2.94500e+02  1.25954e+00 
 2.95000e+02  1.23990e+00 
 2.95500e+02  1.22001e+00 
 2.96000e+02  1.19988e+00 
 2.96500e+02  1.17951e+00 
 2.97000e+02  1.15890e+00 
 2.97500e+02  1.13806e+00 
 2.98000e+02  1.11697e+00 
 2.98500e+02  1.09565e+00 
 2.99000e+02  1.07411e+00 
 2.99500e+02  1.05233e+00 
 3.00000e+02  1.03033e+00 
 3.00500e+02  1.00810e+00 
 3.01000e+02  9.85650e-01 
 3.01500e+02  9.62992e-01 
 3.02000e+02  9.40124e-01 
 3.02500e+02  9.17050e-01 
 3.03000e+02  8.93770e-01 
 3.03500e+02  8.70286e-01 
 3.04000e+02  8.46601e-01 
 3.04500e+02  8.22715e-01 
 3.05000e+02  7.98625e-01 
 3.05500e+02  7.74338e-01 
 3.06000e+02  7.49853e-01 
 3.06500e+02  7.25170e-01 
 3.07000e+02  7.00294e-01 
 3.07500e+02  6.75224e-01 
 3.08000e+02  6.49964e-01 
 3.08500e+02  6.24515e-01 
 3.09000e+02  5.98882e-01 
 3.09500e+02  5.73067e-01 
 3.10000e+02  5.47073e-01 
 3.10500e+02  5.20902e-01 
 3.11000e+02  4.94562e-01 
 3.11500e+02  4.68057e-01 
 3.12000e+02  4.41389e-01 
 3.12500e+02  4.14559e-01 
 3.13000e+02  3.87569e-01 
 3.13500e+02  3.60421e-01 
 3.14000e+02  3.33123e-01 
 3.14500e+02  3.05684e-01 
 3.15000e+02  2.78111e-01 
 3.15500e+02  2.50408e-01 
 3.16000e+02  2.22581e-01 
 3.16500e+02  1.94633e-01 
 3.17000e+02  1.66578e-01 
 3.17500e+02  1.38433e-01 
 3.18000e+02  1.10215e-01 
 3.18500e+02  8.19428e-02 
 3.19000e+02  5.36451e-02 
 3.19500e+02  2.53873e-02 
