 0.00000e+00  0.00000e+00 
 5.00000e-01  3.33569e-02 
 1.00000e+00  6.64761e-02 
 1.50000e+00  9.93534e-02 
 2.00000e+00  1.31984e-01 
 2.50000e+00  1.64364e-01 
 3.00000e+00  1.96491e-01 
 3.50000e+00  2.28364e-01 
 4.00000e+00  2.59980e-01 
 4.50000e+00  2.91338e-01 
 5.00000e+00  3.22438e-01 
 5.50000e+00  3.53276e-01 
 6.00000e+00  3.83852e-01 
 6.50000e+00  4.14162e-01 
 7.00000e+00  4.44205e-01 
 7.50000e+00  4.73977e-01 
 8.00000e+00  5.03480e-01 
 8.50000e+00  5.32713e-01 
 9.00000e+00  5.61672e-01 
 9.50000e+00  5.90355e-01 
 1.00000e+01  6.18762e-01 
 1.05000e+01  6.46893e-01 
 1.10000e+01  6.74747e-01 
 1.15000e+01  7.02326e-01 
 1.20000e+01  7.29627e-01 
 1.25000e+01  7.56652e-01 
 1.30000e+01  7.83402e-01 
 1.35000e+01  8.09873e-01 
 1.40000e+01  8.36066e-01 
 1.45000e+01  8.61979e-01 
 1.50000e+01  8.87613e-01 
 1.55000e+01  9.12970e-01 
 1.60000e+01  9.38047e-01 
 1.65000e+01  9.62845e-01 
 1.70000e+01  9.87364e-01 
 1.75000e+01  1.01160e+00 
 1.80000e+01  1.03557e+00 
 1.85000e+01  1.05925e+00 
 1.90000e+01  1.08265e+00 
 1.95000e+01  1.10577e+00 
 2.00000e+01  1.12861e+00 
 2.05000e+01  1.15116e+00 
 2.10000e+01  1.17342e+00 
 2.15000e+01  1.19540e+00 
 2.20000e+01  1.21708e+00 
 2.25000e+01  1.23848e+00 
 2.30000e+01  1.25958e+00 
 2.35000e+01  1.28039e+00 
 2.40000e+01  1.30091e+00 
 2.45000e+01  1.32113e+00 
 2.50000e+01  1.34104e+00 
 2.55000e+01  1.36066e+00 
 2.60000e+01  1.37998e+00 
 2.65000e+01  1.39899e+00 
 2.70000e+01  1.41770e+00 
 2.75000e+01  1.43611e+00 
 2.80000e+01  1.45421e+00 
 2.85000e+01  1.47199e+00 
 2.90000e+01  1.48947e+00 
 2.95000e+01  1.50663e+00 
 3.00000e+01  1.52348e+00 
 3.05000e+01  1.54002e+00 
 3.10000e+01  1.55623e+00 
 3.15000e+01  1.57211e+00 
 3.20000e+01  1.58767e+00 
 3.25000e+01  1.60290e+00 
 3.30000e+01  1.61780e+00 
 3.35000e+01  1.63236e+00 
 3.40000e+01  1.64658e+00 
 3.45000e+01  1.66047e+00 
 3.50000e+01  1.67401e+00 
 3.55000e+01  1.68721e+00 
 3.60000e+01  1.70007e+00 
 3.65000e+01  1.71258e+00 
 3.70000e+01  1.72474e+00 
 3.75000e+01  1.73656e+00 
 3.80000e+01  1.74803e+00 
 3.85000e+01  1.75916e+00 
 3.90000e+01  1.76995e+00 
 3.95000e+01  1.78041e+00 
 4.00000e+01  1.79053e+00 
 4.05000e+01  1.80030e+00 
 4.10000e+01  1.80975e+00 
 4.15000e+01  1.81885e+00 
 4.20000e+01  1.82760e+00 
 4.25000e+01  1.83602e+00 
 4.30000e+01  1.84410e+00 
 4.35000e+01  1.85184e+00 
 4.40000e+01  1.85926e+00 
 4.45000e+01  1.86633e+00 
 4.50000e+01  1.87308e+00 
 4.55000e+01  1.87950e+00 
 4.60000e+01  1.88559e+00 
 4.65000e+01  1.89136e+00 
 4.70000e+01  1.89680e+00 
 4.75000e+01  1.90192e+00 
 4.80000e+01  1.90676e+00 
 4.85000e+01  1.91132e+00 
 4.90000e+01  1.91561e+00 
 4.95000e+01  1.91963e+00 
 5.00000e+01  1.92339e+00 
 5.05000e+01  1.92687e+00 
 5.10000e+01  1.93010e+00 
 5.15000e+01  1.93310e+00 
 5.20000e+01  1.93589e+00 
 5.25000e+01  1.93849e+00 
 5.30000e+01  1.94090e+00 
 5.35000e+01  1.94313e+00 
 5.40000e+01  1.94519e+00 
 5.45000e+01  1.94709e+00 
 5.50000e+01  1.94886e+00 
 5.55000e+01  1.95050e+00 
 5.60000e+01  1.95202e+00 
 5.65000e+01  1.95344e+00 
 5.70000e+01  1.95475e+00 
 5.75000e+01  1.95595e+00 
 5.80000e+01  1.95708e+00 
 5.85000e+01  1.95815e+00 
 5.90000e+01  1.95918e+00 
 5.95000e+01  1.96018e+00 
 6.00000e+01  1.96112e+00 
 6.05000e+01  1.96199e+00 
 6.10000e+01  1.96282e+00 
 6.15000e+01  1.96361e+00 
 6.20000e+01  1.96434e+00 
 6.25000e+01  1.96504e+00 
 6.30000e+01  1.96573e+00 
 6.35000e+01  1.96637e+00 
 6.40000e+01  1.96697e+00 
 6.45000e+01  1.96755e+00 
 6.50000e+01  1.96812e+00 
 6.55000e+01  1.96868e+00 
 6.60000e+01  1.96924e+00 
 6.65000e+01  1.96980e+00 
 6.70000e+01  1.97033e+00 
 6.75000e+01  1.97085e+00 
 6.80000e+01  1.97133e+00 
 6.85000e+01  1.97179e+00 
 6.90000e+01  1.97226e+00 
 6.95000e+01  1.97272e+00 
 7.00000e+01  1.97318e+00 
 7.05000e+01  1.97362e+00 
 7.10000e+01  1.97400e+00 
 7.15000e+01  1.97435e+00 
 7.20000e+01  1.97470e+00 
 7.25000e+01  1.97503e+00 
 7.30000e+01  1.97535e+00 
 7.35000e+01  1.97562e+00 
 7.40000e+01  1.97588e+00 
 7.45000e+01  1.97613e+00 
 7.50000e+01  1.97645e+00 
 7.55000e+01  1.97678e+00 
 7.60000e+01  1.97713e+00 
 7.65000e+01  1.97743e+00 
 7.70000e+01  1.97772e+00 
 7.75000e+01  1.97799e+00 
 7.80000e+01  1.97824e+00 
 7.85000e+01  1.97850e+00 
 7.90000e+01  1.97875e+00 
 7.95000e+01  1.97901e+00 
 8.00000e+01  1.97927e+00 
 8.05000e+01  1.97949e+00 
 8.10000e+01  1.97973e+00 
 8.15000e+01  1.97998e+00 
 8.20000e+01  1.98017e+00 
 8.25000e+01  1.98036e+00 
 8.30000e+01  1.98058e+00 
 8.35000e+01  1.98078e+00 
 8.40000e+01  1.98096e+00 
 8.45000e+01  1.98116e+00 
 8.50000e+01  1.98139e+00 
 8.55000e+01  1.98160e+00 
 8.60000e+01  1.98177e+00 
 8.65000e+01  1.98190e+00 
 8.70000e+01  1.98204e+00 
 8.75000e+01  1.98221e+00 
 8.80000e+01  1.98240e+00 
 8.85000e+01  1.98259e+00 
 8.90000e+01  1.98278e+00 
 8.95000e+01  1.98299e+00 
 9.00000e+01  1.98316e+00 
 9.05000e+01  1.98331e+00 
 9.10000e+01  1.98343e+00 
 9.15000e+01  1.98352e+00 
 9.20000e+01  1.98363e+00 
 9.25000e+01  1.98378e+00 
 9.30000e+01  1.98397e+00 
 9.35000e+01  1.98412e+00 
 9.40000e+01  1.98428e+00 
 9.45000e+01  1.98442e+00 
 9.50000e+01  1.98456e+00 
 9.55000e+01  1.98471e+00 
 9.60000e+01  1.98483e+00 
 9.65000e+01  1.98495e+00 
 9.70000e+01  1.98507e+00 
 9.75000e+01  1.98529e+00 
 9.80000e+01  1.98554e+00 
 9.85000e+01  1.98572e+00 
 9.90000e+01  1.98584e+00 
 9.95000e+01  1.98595e+00 
 1.00000e+02  1.98608e+00 
 1.00500e+02  1.98620e+00 
 1.01000e+02  1.98632e+00 
 1.01500e+02  1.98646e+00 
 1.02000e+02  1.98656e+00 
 1.02500e+02  1.98663e+00 
 1.03000e+02  1.98671e+00 
 1.03500e+02  1.98680e+00 
 1.04000e+02  1.98691e+00 
 1.04500e+02  1.98702e+00 
 1.05000e+02  1.98708e+00 
 1.05500e+02  1.98718e+00 
 1.06000e+02  1.98728e+00 
 1.06500e+02  1.98732e+00 
 1.07000e+02  1.98736e+00 
 1.07500e+02  1.98743e+00 
 1.08000e+02  1.98749e+00 
 1.08500e+02  1.98752e+00 
 1.09000e+02  1.98753e+00 
 1.09500e+02  1.98758e+00 
 1.10000e+02  1.98767e+00 
 1.10500e+02  1.98776e+00 
 1.11000e+02  1.98776e+00 
 1.11500e+02  1.98784e+00 
 1.12000e+02  1.98790e+00 
 1.12500e+02  1.98790e+00 
 1.13000e+02  1.98795e+00 
 1.13500e+02  1.98800e+00 
 1.14000e+02  1.98802e+00 
 1.14500e+02  1.98803e+00 
 1.15000e+02  1.98805e+00 
 1.15500e+02  1.98810e+00 
 1.16000e+02  1.98811e+00 
 1.16500e+02  1.98814e+00 
 1.17000e+02  1.98816e+00 
 1.17500e+02  1.98821e+00 
 1.18000e+02  1.98821e+00 
 1.18500e+02  1.98825e+00 
 1.19000e+02  1.98827e+00 
 1.19500e+02  1.98833e+00 
 1.20000e+02  1.98832e+00 
 1.20500e+02  1.98836e+00 
 1.21000e+02  1.98835e+00 
 1.21500e+02  1.98836e+00 
 1.22000e+02  1.98839e+00 
 1.22500e+02  1.98840e+00 
 1.23000e+02  1.98843e+00 
 1.23500e+02  1.98844e+00 
 1.24000e+02  1.98847e+00 
 1.24500e+02  1.98845e+00 
 1.25000e+02  1.98851e+00 
 1.25500e+02  1.98848e+00 
 1.26000e+02  1.98850e+00 
 1.26500e+02  1.98851e+00 
 1.27000e+02  1.98853e+00 
 1.27500e+02  1.98854e+00 
 1.28000e+02  1.98856e+00 
 1.28500e+02  1.98855e+00 
 1.29000e+02  1.98860e+00 
 1.29500e+02  1.98858e+00 
 1.30000e+02  1.98858e+00 
 1.30500e+02  1.98855e+00 
 1.31000e+02  1.98862e+00 
 1.31500e+02  1.98862e+00 
 1.32000e+02  1.98863e+00 
 1.32500e+02  1.98862e+00 
 1.33000e+02  1.98863e+00 
 1.33500e+02  1.98863e+00 
 1.34000e+02  1.98864e+00 
 1.34500e+02  1.98866e+00 
 1.35000e+02  1.98865e+00 
 1.35500e+02  1.98864e+00 
 1.36000e+02  1.98867e+00 
 1.36500e+02  1.98868e+00 
 1.37000e+02  1.98870e+00 
 1.37500e+02  1.98872e+00 
 1.38000e+02  1.98870e+00 
 1.38500e+02  1.98876e+00 
 1.39000e+02  1.98871e+00 
 1.39500e+02  1.98871e+00 
 1.40000e+02  1.98872e+00 
 1.40500e+02  1.98873e+00 
 1.41000e+02  1.98872e+00 
 1.41500e+02  1.98872e+00 
 1.42000e+02  1.98872e+00 
 1.42500e+02  1.98870e+00 
 1.43000e+02  1.98872e+00 
 1.43500e+02  1.98868e+00 
 1.44000e+02  1.98873e+00 
 1.44500e+02  1.98870e+00 
 1.45000e+02  1.98871e+00 
 1.45500e+02  1.98872e+00 
 1.46000e+02  1.98871e+00 
 1.46500e+02  1.98873e+00 
 1.47000e+02  1.98873e+00 
 1.47500e+02  1.98873e+00 
 1.48000e+02  1.98871e+00 
 1.48500e+02  1.98875e+00 
 1.49000e+02  1.98875e+00 
 1.49500e+02  1.98874e+00 
 1.50000e+02  1.98878e+00 
 1.50500e+02  1.98876e+00 
 1.51000e+02  1.98877e+00 
 1.51500e+02  1.98877e+00 
 1.52000e+02  1.98878e+00 
 1.52500e+02  1.98877e+00 
 1.53000e+02  1.98879e+00 
 1.53500e+02  1.98876e+00 
 1.54000e+02  1.98877e+00 
 1.54500e+02  1.98877e+00 
 1.55000e+02  1.98878e+00 
 1.55500e+02  1.98878e+00 
 1.56000e+02  1.98877e+00 
 1.56500e+02  1.98877e+00 
 1.57000e+02  1.98878e+00 
 1.57500e+02  1.98879e+00 
 1.58000e+02  1.98875e+00 
 1.58500e+02  1.98880e+00 
 1.59000e+02  1.98874e+00 
 1.59500e+02  1.98877e+00 
 1.60000e+02  1.98876e+00 
 1.60500e+02  1.98873e+00 
 1.61000e+02  1.98874e+00 
 1.61500e+02  1.98874e+00 
 1.62000e+02  1.98876e+00 
 1.62500e+02  1.98871e+00 
 1.63000e+02  1.98875e+00 
 1.63500e+02  1.98875e+00 
 1.64000e+02  1.98871e+00 
 1.64500e+02  1.98875e+00 
 1.65000e+02  1.98871e+00 
 1.65500e+02  1.98873e+00 
 1.66000e+02  1.98873e+00 
 1.66500e+02  1.98870e+00 
 1.67000e+02  1.98871e+00 
 1.67500e+02  1.98870e+00 
 1.68000e+02  1.98870e+00 
 1.68500e+02  1.98869e+00 
 1.69000e+02  1.98870e+00 
 1.69500e+02  1.98869e+00 
 1.70000e+02  1.98870e+00 
 1.70500e+02  1.98867e+00 
 1.71000e+02  1.98865e+00 
 1.71500e+02  1.98870e+00 
 1.72000e+02  1.98869e+00 
 1.72500e+02  1.98865e+00 
 1.73000e+02  1.98867e+00 
 1.73500e+02  1.98862e+00 
 1.74000e+02  1.98864e+00 
 1.74500e+02  1.98863e+00 
 1.75000e+02  1.98862e+00 
 1.75500e+02  1.98861e+00 
 1.76000e+02  1.98861e+00 
 1.76500e+02  1.98857e+00 
 1.77000e+02  1.98859e+00 
 1.77500e+02  1.98855e+00 
 1.78000e+02  1.98857e+00 
 1.78500e+02  1.98856e+00 
 1.79000e+02  1.98854e+00 
 1.79500e+02  1.98852e+00 
 1.80000e+02  1.98852e+00 
 1.80500e+02  1.98851e+00 
 1.81000e+02  1.98849e+00 
 1.81500e+02  1.98848e+00 
 1.82000e+02  1.98846e+00 
 1.82500e+02  1.98846e+00 
 1.83000e+02  1.98843e+00 
 1.83500e+02  1.98840e+00 
 1.84000e+02  1.98844e+00 
 1.84500e+02  1.98840e+00 
 1.85000e+02  1.98835e+00 
 1.85500e+02  1.98839e+00 
 1.86000e+02  1.98837e+00 
 1.86500e+02  1.98836e+00 
 1.87000e+02  1.98837e+00 
 1.87500e+02  1.98834e+00 
 1.88000e+02  1.98835e+00 
 1.88500e+02  1.98833e+00 
 1.89000e+02  1.98835e+00 
 1.89500e+02  1.98831e+00 
 1.90000e+02  1.98833e+00 
 1.90500e+02  1.98830e+00 
 1.91000e+02  1.98829e+00 
 1.91500e+02  1.98824e+00 
 1.92000e+02  1.98823e+00 
 1.92500e+02  1.98818e+00 
 1.93000e+02  1.98818e+00 
 1.93500e+02  1.98816e+00 
 1.94000e+02  1.98812e+00 
 1.94500e+02  1.98812e+00 
 1.95000e+02  1.98810e+00 
 1.95500e+02  1.98808e+00 
 1.96000e+02  1.98802e+00 
 1.96500e+02  1.98799e+00 
 1.97000e+02  1.98799e+00 
 1.97500e+02  1.98795e+00 
 1.98000e+02  1.98794e+00 
 1.98500e+02  1.98793e+00 
 1.99000e+02  1.98785e+00 
 1.99500e+02  1.98784e+00 
 2.00000e+02  1.98783e+00 
 2.00500e+02  1.98780e+00 
 2.01000e+02  1.98779e+00 
 2.01500e+02  1.98777e+00 
 2.02000e+02  1.98778e+00 
 2.02500e+02  1.98770e+00 
 2.03000e+02  1.98760e+00 
 2.03500e+02  1.98756e+00 
 2.04000e+02  1.98753e+00 
 2.04500e+02  1.98749e+00 
 2.05000e+02  1.98749e+00 
 2.05500e+02  1.98748e+00 
 2.06000e+02  1.98745e+00 
 2.06500e+02  1.98738e+00 
 2.07000e+02  1.98730e+00 
 2.07500e+02  1.98725e+00 
 2.08000e+02  1.98725e+00 
 2.08500e+02  1.98719e+00 
 2.09000e+02  1.98713e+00 
 2.09500e+02  1.98708e+00 
 2.10000e+02  1.98704e+00 
 2.10500e+02  1.98695e+00 
 2.11000e+02  1.98684e+00 
 2.11500e+02  1.98673e+00 
 2.12000e+02  1.98669e+00 
 2.12500e+02  1.98655e+00 
 2.13000e+02  1.98644e+00 
 2.13500e+02  1.98637e+00 
 2.14000e+02  1.98631e+00 
 2.14500e+02  1.98620e+00 
 2.15000e+02  1.98609e+00 
 2.15500e+02  1.98596e+00 
 2.16000e+02  1.98581e+00 
 2.16500e+02  1.98565e+00 
 2.17000e+02  1.98550e+00 
 2.17500e+02  1.98536e+00 
 2.18000e+02  1.98523e+00 
 2.18500e+02  1.98510e+00 
 2.19000e+02  1.98495e+00 
 2.19500e+02  1.98476e+00 
 2.20000e+02  1.98461e+00 
 2.20500e+02  1.98448e+00 
 2.21000e+02  1.98435e+00 
 2.21500e+02  1.98421e+00 
 2.22000e+02  1.98406e+00 
 2.22500e+02  1.98390e+00 
 2.23000e+02  1.98371e+00 
 2.23500e+02  1.98356e+00 
 2.24000e+02  1.98344e+00 
 2.24500e+02  1.98331e+00 
 2.25000e+02  1.98318e+00 
 2.25500e+02  1.98305e+00 
 2.26000e+02  1.98291e+00 
 2.26500e+02  1.98272e+00 
 2.27000e+02  1.98251e+00 
 2.27500e+02  1.98233e+00 
 2.28000e+02  1.98218e+00 
 2.28500e+02  1.98197e+00 
 2.29000e+02  1.98174e+00 
 2.29500e+02  1.98151e+00 
 2.30000e+02  1.98128e+00 
 2.30500e+02  1.98110e+00 
 2.31000e+02  1.98091e+00 
 2.31500e+02  1.98068e+00 
 2.32000e+02  1.98046e+00 
 2.32500e+02  1.98025e+00 
 2.33000e+02  1.98004e+00 
 2.33500e+02  1.97981e+00 
 2.34000e+02  1.97961e+00 
 2.34500e+02  1.97937e+00 
 2.35000e+02  1.97914e+00 
 2.35500e+02  1.97891e+00 
 2.36000e+02  1.97869e+00 
 2.36500e+02  1.97851e+00 
 2.37000e+02  1.97829e+00 
 2.37500e+02  1.97799e+00 
 2.38000e+02  1.97773e+00 
 2.38500e+02  1.97750e+00 
 2.39000e+02  1.97724e+00 
 2.39500e+02  1.97695e+00 
 2.40000e+02  1.97667e+00 
 2.40500e+02  1.97640e+00 
 2.41000e+02  1.97613e+00 
 2.41500e+02  1.97585e+00 
 2.42000e+02  1.97554e+00 
 2.42500e+02  1.97519e+00 
 2.43000e+02  1.97485e+00 
 2.43500e+02  1.97452e+00 
 2.44000e+02  1.97417e+00 
 2.44500e+02  1.97379e+00 
 2.45000e+02  1.97341e+00 
 2.45500e+02  1.97300e+00 
 2.46000e+02  1.97258e+00 
 2.46500e+02  1.97213e+00 
 2.47000e+02  1.97169e+00 
 2.47500e+02  1.97125e+00 
 2.48000e+02  1.97081e+00 
 2.48500e+02  1.97038e+00 
 2.49000e+02  1.96994e+00 
 2.49500e+02  1.96944e+00 
 2.50000e+02  1.96890e+00 
 2.50500e+02  1.96831e+00 
 2.51000e+02  1.96772e+00 
 2.51500e+02  1.96710e+00 
 2.52000e+02  1.96643e+00 
 2.52500e+02  1.96576e+00 
 2.53000e+02  1.96510e+00 
 2.53500e+02  1.96440e+00 
 2.54000e+02  1.96366e+00 
 2.54500e+02  1.96288e+00 
 2.55000e+02  1.96207e+00 
 2.55500e+02  1.96124e+00 
 2.56000e+02  1.96036e+00 
 2.56500e+02  1.95938e+00 
 2.57000e+02  1.95833e+00 
 2.57500e+02  1.95719e+00 
 2.58000e+02  1.95596e+00 
 2.58500e+02  1.95467e+00 
 2.59000e+02  1.95328e+00 
 2.59500e+02  1.95183e+00 
 2.60000e+02  1.95031e+00 
 2.60500e+02  1.94868e+00 
 2.61000e+02  1.94694e+00 
 2.61500e+02  1.94509e+00 
 2.62000e+02  1.94314e+00 
 2.62500e+02  1.94106e+00 
 2.63000e+02  1.93882e+00 
 2.63500e+02  1.93642e+00 
 2.64000e+02  1.93383e+00 
 2.64500e+02  1.93105e+00 
 2.65000e+02  1.92807e+00 
 2.65500e+02  1.92487e+00 
 2.66000e+02  1.92146e+00 
 2.66500e+02  1.91780e+00 
 2.67000e+02  1.91391e+00 
 2.67500e+02  1.90976e+00 
 2.68000e+02  1.90536e+00 
 2.68500e+02  1.90069e+00 
 2.69000e+02  1.89574e+00 
 2.69500e+02  1.89051e+00 
 2.70000e+02  1.88499e+00 
 2.70500e+02  1.87916e+00 
 2.71000e+02  1.87303e+00 
 2.71500e+02  1.86661e+00 
 2.72000e+02  1.85988e+00 
 2.72500e+02  1.85287e+00 
 2.73000e+02  1.84557e+00 
 2.73500e+02  1.83798e+00 
 2.74000e+02  1.83011e+00 
 2.74500e+02  1.82196e+00 
 2.75000e+02  1.81354e+00 
 2.75500e+02  1.80485e+00 
 2.76000e+02  1.79591e+00 
 2.76500e+02  1.78674e+00 
 2.77000e+02  1.77736e+00 
 2.77500e+02  1.76775e+00 
 2.78000e+02  1.75793e+00 
 2.78500e+02  1.74788e+00 
 2.79000e+02  1.73757e+00 
 2.79500e+02  1.72697e+00 
 2.80000e+02  1.71606e+00 
 2.80500e+02  1.70481e+00 
 2.81000e+02  1.69323e+00 
 2.81500e+02  1.68133e+00 
 2.82000e+02  1.66910e+00 
 2.82500e+02  1.65656e+00 
 2.83000e+02  1.64369e+00 
 2.83500e+02  1.63050e+00 
 2.84000e+02  1.61700e+00 
 2.84500e+02  1.60320e+00 
 2.85000e+02  1.58909e+00 
 2.85500e+02  1.57469e+00 
 2.86000e+02  1.55999e+00 
 2.86500e+02  1.54499e+00 
 2.87000e+02  1.52970e+00 
 2.87500e+02  1.51412e+00 
 2.88000e+02  1.49825e+00 
 2.88500e+02  1.48211e+00 
 2.89000e+02  1.46567e+00 
 2.89500e+02  1.44894e+00 
 2.90000e+02  1.43194e+00 
 2.90500e+02  1.41465e+00 
 2.91000e+02  1.39710e+00 
 2.91500e+02  1.37927e+00 
 2.92000e+02  1.36119e+00 
 2.92500e+02  1.34283e+00 
 2.93000e+02  1.32421e+00 
 2.93500e+02  1.30533e+00 
 2.94000e+02  1.28620e+00 
 2.94500e+02  1.26681e+00 
 2.95000e+02  1.24718e+00 
 2.95500e+02  1.22729e+00 
 2.96000e+02  1.20716e+00 
 2.96500e+02  1.18679e+00 
 2.97000e+02  1.16618e+00 
 2.97500e+02  1.14532e+00 
 2.98000e+02  1.12423e+00 
 2.98500e+02  1.10290e+00 
 2.99000e+02  1.08134e+00 
 2.99500e+02  1.05956e+00 
 3.00000e+02  1.03755e+00 
 3.00500e+02  1.01532e+00 
 3.01000e+02  9.92860e-01 
 3.01500e+02  9.70187e-01 
 3.02000e+02  9.47298e-01 
 3.02500e+02  9.24192e-01 
 3.03000e+02  9.00869e-01 
 3.03500e+02  8.77331e-01 
 3.04000e+02  8.53583e-01 
 3.04500e+02  8.29634e-01 
 3.05000e+02  8.05486e-01 
 3.05500e+02  7.81141e-01 
 3.06000e+02  7.56598e-01 
 3.06500e+02  7.31864e-01 
 3.07000e+02  7.06942e-01 
 3.07500e+02  6.81828e-01 
 3.08000e+02  6.56524e-01 
 3.08500e+02  6.31031e-01 
 3.09000e+02  6.05352e-01 
 3.09500e+02  5.79491e-01 
 3.10000e+02  5.53452e-01 
 3.10500e+02  5.27235e-01 
 3.11000e+02  5.00843e-01 
 3.11500e+02  4.74279e-01 
 3.12000e+02  4.47544e-01 
 3.12500e+02  4.20639e-01 
 3.13000e+02  3.93571e-01 
 3.13500e+02  3.66345e-01 
 3.14000e+02  3.38968e-01 
 3.14500e+02  3.11448e-01 
 3.15000e+02  2.83791e-01 
 3.15500e+02  2.56003e-01 
 3.16000e+02  2.28090e-01 
 3.16500e+02  2.00054e-01 
 3.17000e+02  1.71907e-01 
 3.17500e+02  1.43665e-01 
 3.18000e+02  1.15348e-01 
 3.18500e+02  8.69769e-02 
 3.19000e+02  5.85768e-02 
 3.19500e+02  3.02135e-02 
