 0.00000e+00  0.00000e+00 
 5.00000e-01  3.31419e-02 
 1.00000e+00  6.60534e-02 
 1.50000e+00  9.87300e-02 
 2.00000e+00  1.31167e-01 
 2.50000e+00  1.63364e-01 
 3.00000e+00  1.95314e-01 
 3.50000e+00  2.27015e-01 
 4.00000e+00  2.58466e-01 
 4.50000e+00  2.89664e-01 
 5.00000e+00  3.20605e-01 
 5.50000e+00  3.51290e-01 
 6.00000e+00  3.81714e-01 
 6.50000e+00  4.11877e-01 
 7.00000e+00  4.41777e-01 
 7.50000e+00  4.71411e-01 
 8.00000e+00  5.00780e-01 
 8.50000e+00  5.29879e-01 
 9.00000e+00  5.58708e-01 
 9.50000e+00  5.87267e-01 
 1.00000e+01  6.15558e-01 
 1.05000e+01  6.43578e-01 
 1.10000e+01  6.71328e-01 
 1.15000e+01  6.98805e-01 
 1.20000e+01  7.26008e-01 
 1.25000e+01  7.52936e-01 
 1.30000e+01  7.79587e-01 
 1.35000e+01  8.05959e-01 
 1.40000e+01  8.32056e-01 
 1.45000e+01  8.57877e-01 
 1.50000e+01  8.83424e-01 
 1.55000e+01  9.08697e-01 
 1.60000e+01  9.33695e-01 
 1.65000e+01  9.58417e-01 
 1.70000e+01  9.82862e-01 
 1.75000e+01  1.00703e+00 
 1.80000e+01  1.03092e+00 
 1.85000e+01  1.05453e+00 
 1.90000e+01  1.07786e+00 
 1.95000e+01  1.10091e+00 
 2.00000e+01  1.12368e+00 
 2.05000e+01  1.14617e+00 
 2.10000e+01  1.16838e+00 
 2.15000e+01  1.19030e+00 
 2.20000e+01  1.21195e+00 
 2.25000e+01  1.23331e+00 
 2.30000e+01  1.25438e+00 
 2.35000e+01  1.27517e+00 
 2.40000e+01  1.29567e+00 
 2.45000e+01  1.31588e+00 
 2.50000e+01  1.33580e+00 
 2.55000e+01  1.35542e+00 
 2.60000e+01  1.37475e+00 
 2.65000e+01  1.39377e+00 
 2.70000e+01  1.41250e+00 
 2.75000e+01  1.43093e+00 
 2.80000e+01  1.44906e+00 
 2.85000e+01  1.46689e+00 
 2.90000e+01  1.48441e+00 
 2.95000e+01  1.50162e+00 
 3.00000e+01  1.51852e+00 
 3.05000e+01  1.53511e+00 
 3.10000e+01  1.55138e+00 
 3.15000e+01  1.56733e+00 
 3.20000e+01  1.58297e+00 
 3.25000e+01  1.59828e+00 
 3.30000e+01  1.61326e+00 
 3.35000e+01  1.62792e+00 
 3.40000e+01  1.64224e+00 
 3.45000e+01  1.65623e+00 
 3.50000e+01  1.66989e+00 
 3.55000e+01  1.68320e+00 
 3.60000e+01  1.69618e+00 
 3.65000e+01  1.70880e+00 
 3.70000e+01  1.72109e+00 
 3.75000e+01  1.73303e+00 
 3.80000e+01  1.74462e+00 
 3.85000e+01  1.75588e+00 
 3.90000e+01  1.76678e+00 
 3.95000e+01  1.77735e+00 
 4.00000e+01  1.78759e+00 
 4.05000e+01  1.79750e+00 
 4.10000e+01  1.80708e+00 
 4.15000e+01  1.81634e+00 
 4.20000e+01  1.82526e+00 
 4.25000e+01  1.83384e+00 
 4.30000e+01  1.84210e+00 
 4.35000e+01  1.85002e+00 
 4.40000e+01  1.85761e+00 
 4.45000e+01  1.86487e+00 
 4.50000e+01  1.87181e+00 
 4.55000e+01  1.87841e+00 
 4.60000e+01  1.88470e+00 
 4.65000e+01  1.89067e+00 
 4.70000e+01  1.89633e+00 
 4.75000e+01  1.90166e+00 
 4.80000e+01  1.90668e+00 
 4.85000e+01  1.91141e+00 
 4.90000e+01  1.91585e+00 
 4.95000e+01  1.92001e+00 
 5.00000e+01  1.92389e+00 
 5.05000e+01  1.92751e+00 
 5.10000e+01  1.93089e+00 
 5.15000e+01  1.93406e+00 
 5.20000e+01  1.93700e+00 
 5.25000e+01  1.93974e+00 
 5.30000e+01  1.94230e+00 
 5.35000e+01  1.94467e+00 
 5.40000e+01  1.94688e+00 
 5.45000e+01  1.94894e+00 
 5.50000e+01  1.95084e+00 
 5.55000e+01  1.95259e+00 
 5.60000e+01  1.95420e+00 
 5.65000e+01  1.95570e+00 
 5.70000e+01  1.95707e+00 
 5.75000e+01  1.95832e+00 
 5.80000e+01  1.95951e+00 
 5.85000e+01  1.96065e+00 
 5.90000e+01  1.96171e+00 
 5.95000e+01  1.96269e+00 
 6.00000e+01  1.96364e+00 
 6.05000e+01  1.96454e+00 
 6.10000e+01  1.96540e+00 
 6.15000e+01  1.96619e+00 
 6.20000e+01  1.96693e+00 
 6.25000e+01  1.96762e+00 
 6.30000e+01  1.96828e+00 
 6.35000e+01  1.96889e+00 
 6.40000e+01  1.96942e+00 
 6.45000e+01  1.96994e+00 
 6.50000e+01  1.97042e+00 
 6.55000e+01  1.97089e+00 
 6.60000e+01  1.97138e+00 
 6.65000e+01  1.97189e+00 
 6.70000e+01  1.97239e+00 
 6.75000e+01  1.97288e+00 
 6.80000e+01  1.97338e+00 
 6.85000e+01  1.97389e+00 
 6.90000e+01  1.97440e+00 
 6.95000e+01  1.97487e+00 
 7.00000e+01  1.97531e+00 
 7.05000e+01  1.97574e+00 
 7.10000e+01  1.97616e+00 
 7.15000e+01  1.97659e+00 
 7.20000e+01  1.97698e+00 
 7.25000e+01  1.97733e+00 
 7.30000e+01  1.97765e+00 
 7.35000e+01  1.97800e+00 
 7.40000e+01  1.97835e+00 
 7.45000e+01  1.97869e+00 
 7.50000e+01  1.97903e+00 
 7.55000e+01  1.97939e+00 
 7.60000e+01  1.97974e+00 
 7.65000e+01  1.98007e+00 
 7.70000e+01  1.98035e+00 
 7.75000e+01  1.98061e+00 
 7.80000e+01  1.98086e+00 
 7.85000e+01  1.98109e+00 
 7.90000e+01  1.98135e+00 
 7.95000e+01  1.98162e+00 
 8.00000e+01  1.98191e+00 
 8.05000e+01  1.98215e+00 
 8.10000e+01  1.98234e+00 
 8.15000e+01  1.98250e+00 
 8.20000e+01  1.98265e+00 
 8.25000e+01  1.98286e+00 
 8.30000e+01  1.98307e+00 
 8.35000e+01  1.98322e+00 
 8.40000e+01  1.98339e+00 
 8.45000e+01  1.98357e+00 
 8.50000e+01  1.98376e+00 
 8.55000e+01  1.98397e+00 
 8.60000e+01  1.98413e+00 
 8.65000e+01  1.98427e+00 
 8.70000e+01  1.98444e+00 
 8.75000e+01  1.98463e+00 
 8.80000e+01  1.98484e+00 
 8.85000e+01  1.98503e+00 
 8.90000e+01  1.98521e+00 
 8.95000e+01  1.98541e+00 
 9.00000e+01  1.98562e+00 
 9.05000e+01  1.98578e+00 
 9.10000e+01  1.98593e+00 
 9.15000e+01  1.98611e+00 
 9.20000e+01  1.98628e+00 
 9.25000e+01  1.98646e+00 
 9.30000e+01  1.98664e+00 
 9.35000e+01  1.98680e+00 
 9.40000e+01  1.98694e+00 
 9.45000e+01  1.98708e+00 
 9.50000e+01  1.98720e+00 
 9.55000e+01  1.98732e+00 
 9.60000e+01  1.98744e+00 
 9.65000e+01  1.98756e+00 
 9.70000e+01  1.98770e+00 
 9.75000e+01  1.98787e+00 
 9.80000e+01  1.98805e+00 
 9.85000e+01  1.98818e+00 
 9.90000e+01  1.98831e+00 
 9.95000e+01  1.98846e+00 
 1.00000e+02  1.98853e+00 
 1.00500e+02  1.98857e+00 
 1.01000e+02  1.98869e+00 
 1.01500e+02  1.98881e+00 
 1.02000e+02  1.98893e+00 
 1.02500e+02  1.98905e+00 
 1.03000e+02  1.98916e+00 
 1.03500e+02  1.98921e+00 
 1.04000e+02  1.98929e+00 
 1.04500e+02  1.98935e+00 
 1.05000e+02  1.98942e+00 
 1.05500e+02  1.98951e+00 
 1.06000e+02  1.98955e+00 
 1.06500e+02  1.98957e+00 
 1.07000e+02  1.98962e+00 
 1.07500e+02  1.98968e+00 
 1.08000e+02  1.98973e+00 
 1.08500e+02  1.98974e+00 
 1.09000e+02  1.98983e+00 
 1.09500e+02  1.98990e+00 
 1.10000e+02  1.98990e+00 
 1.10500e+02  1.98993e+00 
 1.11000e+02  1.98998e+00 
 1.11500e+02  1.99003e+00 
 1.12000e+02  1.99002e+00 
 1.12500e+02  1.99005e+00 
 1.13000e+02  1.99011e+00 
 1.13500e+02  1.99012e+00 
 1.14000e+02  1.99016e+00 
 1.14500e+02  1.99017e+00 
 1.15000e+02  1.99020e+00 
 1.15500e+02  1.99023e+00 
 1.16000e+02  1.99026e+00 
 1.16500e+02  1.99028e+00 
 1.17000e+02  1.99029e+00 
 1.17500e+02  1.99033e+00 
 1.18000e+02  1.99035e+00 
 1.18500e+02  1.99035e+00 
 1.19000e+02  1.99038e+00 
 1.19500e+02  1.99040e+00 
 1.20000e+02  1.99043e+00 
 1.20500e+02  1.99047e+00 
 1.21000e+02  1.99048e+00 
 1.21500e+02  1.99048e+00 
 1.22000e+02  1.99049e+00 
 1.22500e+02  1.99051e+00 
 1.23000e+02  1.99054e+00 
 1.23500e+02  1.99057e+00 
 1.24000e+02  1.99059e+00 
 1.24500e+02  1.99059e+00 
 1.25000e+02  1.99064e+00 
 1.25500e+02  1.99062e+00 
 1.26000e+02  1.99065e+00 
 1.26500e+02  1.99066e+00 
 1.27000e+02  1.99067e+00 
 1.27500e+02  1.99068e+00 
 1.28000e+02  1.99068e+00 
 1.28500e+02  1.99071e+00 
 1.29000e+02  1.99072e+00 
 1.29500e+02  1.99072e+00 
 1.30000e+02  1.99073e+00 
 1.30500e+02  1.99076e+00 
 1.31000e+02  1.99075e+00 
 1.31500e+02  1.99076e+00 
 1.32000e+02  1.99074e+00 
 1.32500e+02  1.99076e+00 
 1.33000e+02  1.99080e+00 
 1.33500e+02  1.99082e+00 
 1.34000e+02  1.99078e+00 
 1.34500e+02  1.99083e+00 
 1.35000e+02  1.99081e+00 
 1.35500e+02  1.99082e+00 
 1.36000e+02  1.99085e+00 
 1.36500e+02  1.99084e+00 
 1.37000e+02  1.99085e+00 
 1.37500e+02  1.99084e+00 
 1.38000e+02  1.99085e+00 
 1.38500e+02  1.99087e+00 
 1.39000e+02  1.99088e+00 
 1.39500e+02  1.99087e+00 
 1.40000e+02  1.99087e+00 
 1.40500e+02  1.99088e+00 
 1.41000e+02  1.99090e+00 
 1.41500e+02  1.99088e+00 
 1.42000e+02  1.99086e+00 
 1.42500e+02  1.99089e+00 
 1.43000e+02  1.99090e+00 
 1.43500e+02  1.99090e+00 
 1.44000e+02  1.99090e+00 
 1.44500e+02  1.99090e+00 
 1.45000e+02  1.99092e+00 
 1.45500e+02  1.99091e+00 
 1.46000e+02  1.99090e+00 
 1.46500e+02  1.99094e+00 
 1.47000e+02  1.99091e+00 
 1.47500e+02  1.99092e+00 
 1.48000e+02  1.99092e+00 
 1.48500e+02  1.99094e+00 
 1.49000e+02  1.99095e+00 
 1.49500e+02  1.99093e+00 
 1.50000e+02  1.99094e+00 
 1.50500e+02  1.99094e+00 
 1.51000e+02  1.99095e+00 
 1.51500e+02  1.99094e+00 
 1.52000e+02  1.99093e+00 
 1.52500e+02  1.99097e+00 
 1.53000e+02  1.99095e+00 
 1.53500e+02  1.99095e+00 
 1.54000e+02  1.99096e+00 
 1.54500e+02  1.99094e+00 
 1.55000e+02  1.99094e+00 
 1.55500e+02  1.99093e+00 
 1.56000e+02  1.99094e+00 
 1.56500e+02  1.99093e+00 
 1.57000e+02  1.99094e+00 
 1.57500e+02  1.99092e+00 
 1.58000e+02  1.99091e+00 
 1.58500e+02  1.99092e+00 
 1.59000e+02  1.99092e+00 
 1.59500e+02  1.99088e+00 
 1.60000e+02  1.99089e+00 
 1.60500e+02  1.99089e+00 
 1.61000e+02  1.99091e+00 
 1.61500e+02  1.99089e+00 
 1.62000e+02  1.99087e+00 
 1.62500e+02  1.99087e+00 
 1.63000e+02  1.99085e+00 
 1.63500e+02  1.99086e+00 
 1.64000e+02  1.99086e+00 
 1.64500e+02  1.99088e+00 
 1.65000e+02  1.99086e+00 
 1.65500e+02  1.99086e+00 
 1.66000e+02  1.99085e+00 
 1.66500e+02  1.99084e+00 
 1.67000e+02  1.99081e+00 
 1.67500e+02  1.99084e+00 
 1.68000e+02  1.99084e+00 
 1.68500e+02  1.99083e+00 
 1.69000e+02  1.99082e+00 
 1.69500e+02  1.99087e+00 
 1.70000e+02  1.99084e+00 
 1.70500e+02  1.99081e+00 
 1.71000e+02  1.99079e+00 
 1.71500e+02  1.99083e+00 
 1.72000e+02  1.99080e+00 
 1.72500e+02  1.99079e+00 
 1.73000e+02  1.99081e+00 
 1.73500e+02  1.99079e+00 
 1.74000e+02  1.99078e+00 
 1.74500e+02  1.99078e+00 
 1.75000e+02  1.99075e+00 
 1.75500e+02  1.99073e+00 
 1.76000e+02  1.99074e+00 
 1.76500e+02  1.99074e+00 
 1.77000e+02  1.99074e+00 
 1.77500e+02  1.99074e+00 
 1.78000e+02  1.99070e+00 
 1.78500e+02  1.99072e+00 
 1.79000e+02  1.99068e+00 
 1.79500e+02  1.99065e+00 
 1.80000e+02  1.99066e+00 
 1.80500e+02  1.99064e+00 
 1.81000e+02  1.99065e+00 
 1.81500e+02  1.99064e+00 
 1.82000e+02  1.99060e+00 
 1.82500e+02  1.99058e+00 
 1.83000e+02  1.99056e+00 
 1.83500e+02  1.99056e+00 
 1.84000e+02  1.99051e+00 
 1.84500e+02  1.99053e+00 
 1.85000e+02  1.99049e+00 
 1.85500e+02  1.99048e+00 
 1.86000e+02  1.99049e+00 
 1.86500e+02  1.99047e+00 
 1.87000e+02  1.99046e+00 
 1.87500e+02  1.99044e+00 
 1.88000e+02  1.99042e+00 
 1.88500e+02  1.99039e+00 
 1.89000e+02  1.99043e+00 
 1.89500e+02  1.99039e+00 
 1.90000e+02  1.99040e+00 
 1.90500e+02  1.99033e+00 
 1.91000e+02  1.99032e+00 
 1.91500e+02  1.99033e+00 
 1.92000e+02  1.99029e+00 
 1.92500e+02  1.99031e+00 
 1.93000e+02  1.99026e+00 
 1.93500e+02  1.99026e+00 
 1.94000e+02  1.99025e+00 
 1.94500e+02  1.99019e+00 
 1.95000e+02  1.99018e+00 
 1.95500e+02  1.99016e+00 
 1.96000e+02  1.99013e+00 
 1.96500e+02  1.99007e+00 
 1.97000e+02  1.99005e+00 
 1.97500e+02  1.99007e+00 
 1.98000e+02  1.98999e+00 
 1.98500e+02  1.99000e+00 
 1.99000e+02  1.98996e+00 
 1.99500e+02  1.98992e+00 
 2.00000e+02  1.98988e+00 
 2.00500e+02  1.98983e+00 
 2.01000e+02  1.98982e+00 
 2.01500e+02  1.98980e+00 
 2.02000e+02  1.98975e+00 
 2.02500e+02  1.98973e+00 
 2.03000e+02  1.98971e+00 
 2.03500e+02  1.98963e+00 
 2.04000e+02  1.98960e+00 
 2.04500e+02  1.98952e+00 
 2.05000e+02  1.98948e+00 
 2.05500e+02  1.98942e+00 
 2.06000e+02  1.98940e+00 
 2.06500e+02  1.98935e+00 
 2.07000e+02  1.98928e+00 
 2.07500e+02  1.98926e+00 
 2.08000e+02  1.98924e+00 
 2.08500e+02  1.98922e+00 
 2.09000e+02  1.98914e+00 
 2.09500e+02  1.98911e+00 
 2.10000e+02  1.98904e+00 
 2.10500e+02  1.98896e+00 
 2.11000e+02  1.98890e+00 
 2.11500e+02  1.98885e+00 
 2.12000e+02  1.98879e+00 
 2.12500e+02  1.98872e+00 
 2.13000e+02  1.98860e+00 
 2.13500e+02  1.98845e+00 
 2.14000e+02  1.98833e+00 
 2.14500e+02  1.98825e+00 
 2.15000e+02  1.98812e+00 
 2.15500e+02  1.98803e+00 
 2.16000e+02  1.98793e+00 
 2.16500e+02  1.98779e+00 
 2.17000e+02  1.98763e+00 
 2.17500e+02  1.98750e+00 
 2.18000e+02  1.98739e+00 
 2.18500e+02  1.98724e+00 
 2.19000e+02  1.98709e+00 
 2.19500e+02  1.98693e+00 
 2.20000e+02  1.98682e+00 
 2.20500e+02  1.98665e+00 
 2.21000e+02  1.98648e+00 
 2.21500e+02  1.98632e+00 
 2.22000e+02  1.98612e+00 
 2.22500e+02  1.98595e+00 
 2.23000e+02  1.98582e+00 
 2.23500e+02  1.98569e+00 
 2.24000e+02  1.98558e+00 
 2.24500e+02  1.98548e+00 
 2.25000e+02  1.98531e+00 
 2.25500e+02  1.98514e+00 
 2.26000e+02  1.98497e+00 
 2.26500e+02  1.98478e+00 
 2.27000e+02  1.98458e+00 
 2.27500e+02  1.98438e+00 
 2.28000e+02  1.98415e+00 
 2.28500e+02  1.98396e+00 
 2.29000e+02  1.98378e+00 
 2.29500e+02  1.98361e+00 
 2.30000e+02  1.98340e+00 
 2.30500e+02  1.98313e+00 
 2.31000e+02  1.98285e+00 
 2.31500e+02  1.98258e+00 
 2.32000e+02  1.98236e+00 
 2.32500e+02  1.98219e+00 
 2.33000e+02  1.98201e+00 
 2.33500e+02  1.98179e+00 
 2.34000e+02  1.98152e+00 
 2.34500e+02  1.98128e+00 
 2.35000e+02  1.98106e+00 
 2.35500e+02  1.98081e+00 
 2.36000e+02  1.98057e+00 
 2.36500e+02  1.98032e+00 
 2.37000e+02  1.98009e+00 
 2.37500e+02  1.97983e+00 
 2.38000e+02  1.97958e+00 
 2.38500e+02  1.97931e+00 
 2.39000e+02  1.97900e+00 
 2.39500e+02  1.97867e+00 
 2.40000e+02  1.97833e+00 
 2.40500e+02  1.97800e+00 
 2.41000e+02  1.97770e+00 
 2.41500e+02  1.97739e+00 
 2.42000e+02  1.97708e+00 
 2.42500e+02  1.97678e+00 
 2.43000e+02  1.97645e+00 
 2.43500e+02  1.97607e+00 
 2.44000e+02  1.97563e+00 
 2.44500e+02  1.97521e+00 
 2.45000e+02  1.97481e+00 
 2.45500e+02  1.97441e+00 
 2.46000e+02  1.97402e+00 
 2.46500e+02  1.97360e+00 
 2.47000e+02  1.97317e+00 
 2.47500e+02  1.97271e+00 
 2.48000e+02  1.97226e+00 
 2.48500e+02  1.97179e+00 
 2.49000e+02  1.97130e+00 
 2.49500e+02  1.97077e+00 
 2.50000e+02  1.97022e+00 
 2.50500e+02  1.96965e+00 
 2.51000e+02  1.96906e+00 
 2.51500e+02  1.96845e+00 
 2.52000e+02  1.96784e+00 
 2.52500e+02  1.96722e+00 
 2.53000e+02  1.96657e+00 
 2.53500e+02  1.96590e+00 
 2.54000e+02  1.96514e+00 
 2.54500e+02  1.96429e+00 
 2.55000e+02  1.96342e+00 
 2.55500e+02  1.96254e+00 
 2.56000e+02  1.96161e+00 
 2.56500e+02  1.96059e+00 
 2.57000e+02  1.95950e+00 
 2.57500e+02  1.95835e+00 
 2.58000e+02  1.95712e+00 
 2.58500e+02  1.95583e+00 
 2.59000e+02  1.95444e+00 
 2.59500e+02  1.95298e+00 
 2.60000e+02  1.95141e+00 
 2.60500e+02  1.94974e+00 
 2.61000e+02  1.94795e+00 
 2.61500e+02  1.94603e+00 
 2.62000e+02  1.94400e+00 
 2.62500e+02  1.94182e+00 
 2.63000e+02  1.93948e+00 
 2.63500e+02  1.93695e+00 
 2.64000e+02  1.93423e+00 
 2.64500e+02  1.93131e+00 
 2.65000e+02  1.92820e+00 
 2.65500e+02  1.92487e+00 
 2.66000e+02  1.92129e+00 
 2.66500e+02  1.91747e+00 
 2.67000e+02  1.91339e+00 
 2.67500e+02  1.90906e+00 
 2.68000e+02  1.90448e+00 
 2.68500e+02  1.89963e+00 
 2.69000e+02  1.89451e+00 
 2.69500e+02  1.88911e+00 
 2.70000e+02  1.88342e+00 
 2.70500e+02  1.87745e+00 
 2.71000e+02  1.87118e+00 
 2.71500e+02  1.86462e+00 
 2.72000e+02  1.85778e+00 
 2.72500e+02  1.85064e+00 
 2.73000e+02  1.84322e+00 
 2.73500e+02  1.83550e+00 
 2.74000e+02  1.82750e+00 
 2.74500e+02  1.81922e+00 
 2.75000e+02  1.81067e+00 
 2.75500e+02  1.80186e+00 
 2.76000e+02  1.79281e+00 
 2.76500e+02  1.78354e+00 
 2.77000e+02  1.77408e+00 
 2.77500e+02  1.76440e+00 
 2.78000e+02  1.75449e+00 
 2.78500e+02  1.74435e+00 
 2.79000e+02  1.73394e+00 
 2.79500e+02  1.72322e+00 
 2.80000e+02  1.71218e+00 
 2.80500e+02  1.70082e+00 
 2.81000e+02  1.68915e+00 
 2.81500e+02  1.67716e+00 
 2.82000e+02  1.66486e+00 
 2.82500e+02  1.65224e+00 
 2.83000e+02  1.63931e+00 
 2.83500e+02  1.62606e+00 
 2.84000e+02  1.61250e+00 
 2.84500e+02  1.59862e+00 
 2.85000e+02  1.58445e+00 
 2.85500e+02  1.56997e+00 
 2.86000e+02  1.55521e+00 
 2.86500e+02  1.54015e+00 
 2.87000e+02  1.52481e+00 
 2.87500e+02  1.50918e+00 
 2.88000e+02  1.49328e+00 
 2.88500e+02  1.47710e+00 
 2.89000e+02  1.46065e+00 
 2.89500e+02  1.44391e+00 
 2.90000e+02  1.42690e+00 
 2.90500e+02  1.40962e+00 
 2.91000e+02  1.39208e+00 
 2.91500e+02  1.37427e+00 
 2.92000e+02  1.35620e+00 
 2.92500e+02  1.33787e+00 
 2.93000e+02  1.31928e+00 
 2.93500e+02  1.30044e+00 
 2.94000e+02  1.28134e+00 
 2.94500e+02  1.26200e+00 
 2.95000e+02  1.24241e+00 
 2.95500e+02  1.22257e+00 
 2.96000e+02  1.20251e+00 
 2.96500e+02  1.18220e+00 
 2.97000e+02  1.16166e+00 
 2.97500e+02  1.14088e+00 
 2.98000e+02  1.11987e+00 
 2.98500e+02  1.09862e+00 
 2.99000e+02  1.07714e+00 
 2.99500e+02  1.05543e+00 
 3.00000e+02  1.03350e+00 
 3.00500e+02  1.01134e+00 
 3.01000e+02  9.88966e-01 
 3.01500e+02  9.66379e-01 
 3.02000e+02  9.43581e-01 
 3.02500e+02  9.20572e-01 
 3.03000e+02  8.97351e-01 
 3.03500e+02  8.73917e-01 
 3.04000e+02  8.50272e-01 
 3.04500e+02  8.26418e-01 
 3.05000e+02  8.02359e-01 
 3.05500e+02  7.78098e-01 
 3.06000e+02  7.53640e-01 
 3.06500e+02  7.28987e-01 
 3.07000e+02  7.04138e-01 
 3.07500e+02  6.79096e-01 
 3.08000e+02  6.53863e-01 
 3.08500e+02  6.28443e-01 
 3.09000e+02  6.02842e-01 
 3.09500e+02  5.77063e-01 
 3.10000e+02  5.51108e-01 
 3.10500e+02  5.24979e-01 
 3.11000e+02  4.98683e-01 
 3.11500e+02  4.72226e-01 
 3.12000e+02  4.45606e-01 
 3.12500e+02  4.18828e-01 
 3.13000e+02  3.91890e-01 
 3.13500e+02  3.64798e-01 
 3.14000e+02  3.37560e-01 
 3.14500e+02  3.10184e-01 
 3.15000e+02  2.82678e-01 
 3.15500e+02  2.55042e-01 
 3.16000e+02  2.27281e-01 
 3.16500e+02  1.99402e-01 
 3.17000e+02  1.71415e-01 
 3.17500e+02  1.43335e-01 
 3.18000e+02  1.15178e-01 
 3.18500e+02  8.69614e-02 
 3.19000e+02  5.87139e-02 
 3.19500e+02  3.05047e-02 
