 0.00000e+00  0.00000e+00 
 5.00000e-01  3.28515e-02 
 1.00000e+00  6.54776e-02 
 1.50000e+00  9.78756e-02 
 2.00000e+00  1.30040e-01 
 2.50000e+00  1.61966e-01 
 3.00000e+00  1.93649e-01 
 3.50000e+00  2.25084e-01 
 4.00000e+00  2.56272e-01 
 4.50000e+00  2.87210e-01 
 5.00000e+00  3.17895e-01 
 5.50000e+00  3.48326e-01 
 6.00000e+00  3.78502e-01 
 6.50000e+00  4.08424e-01 
 7.00000e+00  4.38089e-01 
 7.50000e+00  4.67494e-01 
 8.00000e+00  4.96640e-01 
 8.50000e+00  5.25525e-01 
 9.00000e+00  5.54149e-01 
 9.50000e+00  5.82509e-01 
 1.00000e+01  6.10603e-01 
 1.05000e+01  6.38431e-01 
 1.10000e+01  6.65992e-01 
 1.15000e+01  6.93286e-01 
 1.20000e+01  7.20312e-01 
 1.25000e+01  7.47071e-01 
 1.30000e+01  7.73559e-01 
 1.35000e+01  7.99779e-01 
 1.40000e+01  8.25730e-01 
 1.45000e+01  8.51412e-01 
 1.50000e+01  8.76825e-01 
 1.55000e+01  9.01968e-01 
 1.60000e+01  9.26840e-01 
 1.65000e+01  9.51440e-01 
 1.70000e+01  9.75769e-01 
 1.75000e+01  9.99826e-01 
 1.80000e+01  1.02361e+00 
 1.85000e+01  1.04713e+00 
 1.90000e+01  1.07037e+00 
 1.95000e+01  1.09334e+00 
 2.00000e+01  1.11604e+00 
 2.05000e+01  1.13846e+00 
 2.10000e+01  1.16061e+00 
 2.15000e+01  1.18248e+00 
 2.20000e+01  1.20408e+00 
 2.25000e+01  1.22539e+00 
 2.30000e+01  1.24643e+00 
 2.35000e+01  1.26719e+00 
 2.40000e+01  1.28765e+00 
 2.45000e+01  1.30784e+00 
 2.50000e+01  1.32773e+00 
 2.55000e+01  1.34734e+00 
 2.60000e+01  1.36666e+00 
 2.65000e+01  1.38569e+00 
 2.70000e+01  1.40442e+00 
 2.75000e+01  1.42287e+00 
 2.80000e+01  1.44101e+00 
 2.85000e+01  1.45886e+00 
 2.90000e+01  1.47640e+00 
 2.95000e+01  1.49364e+00 
 3.00000e+01  1.51057e+00 
 3.05000e+01  1.52718e+00 
 3.10000e+01  1.54348e+00 
 3.15000e+01  1.55947e+00 
 3.20000e+01  1.57513e+00 
 3.25000e+01  1.59047e+00 
 3.30000e+01  1.60550e+00 
 3.35000e+01  1.62020e+00 
 3.40000e+01  1.63457e+00 
 3.45000e+01  1.64861e+00 
 3.50000e+01  1.66231e+00 
 3.55000e+01  1.67567e+00 
 3.60000e+01  1.68869e+00 
 3.65000e+01  1.70136e+00 
 3.70000e+01  1.71368e+00 
 3.75000e+01  1.72565e+00 
 3.80000e+01  1.73728e+00 
 3.85000e+01  1.74856e+00 
 3.90000e+01  1.75951e+00 
 3.95000e+01  1.77011e+00 
 4.00000e+01  1.78039e+00 
 4.05000e+01  1.79034e+00 
 4.10000e+01  1.79997e+00 
 4.15000e+01  1.80928e+00 
 4.20000e+01  1.81825e+00 
 4.25000e+01  1.82690e+00 
 4.30000e+01  1.83521e+00 
 4.35000e+01  1.84319e+00 
 4.40000e+01  1.85084e+00 
 4.45000e+01  1.85816e+00 
 4.50000e+01  1.86514e+00 
 4.55000e+01  1.87179e+00 
 4.60000e+01  1.87812e+00 
 4.65000e+01  1.88413e+00 
 4.70000e+01  1.88983e+00 
 4.75000e+01  1.89522e+00 
 4.80000e+01  1.90030e+00 
 4.85000e+01  1.90510e+00 
 4.90000e+01  1.90961e+00 
 4.95000e+01  1.91385e+00 
 5.00000e+01  1.91780e+00 
 5.05000e+01  1.92149e+00 
 5.10000e+01  1.92492e+00 
 5.15000e+01  1.92812e+00 
 5.20000e+01  1.93108e+00 
 5.25000e+01  1.93383e+00 
 5.30000e+01  1.93638e+00 
 5.35000e+01  1.93876e+00 
 5.40000e+01  1.94098e+00 
 5.45000e+01  1.94305e+00 
 5.50000e+01  1.94497e+00 
 5.55000e+01  1.94677e+00 
 5.60000e+01  1.94846e+00 
 5.65000e+01  1.95001e+00 
 5.70000e+01  1.95147e+00 
 5.75000e+01  1.95281e+00 
 5.80000e+01  1.95407e+00 
 5.85000e+01  1.95524e+00 
 5.90000e+01  1.95633e+00 
 5.95000e+01  1.95735e+00 
 6.00000e+01  1.95829e+00 
 6.05000e+01  1.95915e+00 
 6.10000e+01  1.95999e+00 
 6.15000e+01  1.96080e+00 
 6.20000e+01  1.96158e+00 
 6.25000e+01  1.96233e+00 
 6.30000e+01  1.96305e+00 
 6.35000e+01  1.96371e+00 
 6.40000e+01  1.96429e+00 
 6.45000e+01  1.96481e+00 
 6.50000e+01  1.96532e+00 
 6.55000e+01  1.96584e+00 
 6.60000e+01  1.96639e+00 
 6.65000e+01  1.96694e+00 
 6.70000e+01  1.96746e+00 
 6.75000e+01  1.96795e+00 
 6.80000e+01  1.96842e+00 
 6.85000e+01  1.96888e+00 
 6.90000e+01  1.96934e+00 
 6.95000e+01  1.96979e+00 
 7.00000e+01  1.97020e+00 
 7.05000e+01  1.97057e+00 
 7.10000e+01  1.97094e+00 
 7.15000e+01  1.97132e+00 
 7.20000e+01  1.97165e+00 
 7.25000e+01  1.97196e+00 
 7.30000e+01  1.97229e+00 
 7.35000e+01  1.97267e+00 
 7.40000e+01  1.97307e+00 
 7.45000e+01  1.97345e+00 
 7.50000e+01  1.97381e+00 
 7.55000e+01  1.97414e+00 
 7.60000e+01  1.97447e+00 
 7.65000e+01  1.97478e+00 
 7.70000e+01  1.97509e+00 
 7.75000e+01  1.97537e+00 
 7.80000e+01  1.97562e+00 
 7.85000e+01  1.97583e+00 
 7.90000e+01  1.97602e+00 
 7.95000e+01  1.97621e+00 
 8.00000e+01  1.97644e+00 
 8.05000e+01  1.97668e+00 
 8.10000e+01  1.97694e+00 
 8.15000e+01  1.97718e+00 
 8.20000e+01  1.97742e+00 
 8.25000e+01  1.97759e+00 
 8.30000e+01  1.97773e+00 
 8.35000e+01  1.97788e+00 
 8.40000e+01  1.97806e+00 
 8.45000e+01  1.97825e+00 
 8.50000e+01  1.97846e+00 
 8.55000e+01  1.97870e+00 
 8.60000e+01  1.97896e+00 
 8.65000e+01  1.97919e+00 
 8.70000e+01  1.97938e+00 
 8.75000e+01  1.97954e+00 
 8.80000e+01  1.97967e+00 
 8.85000e+01  1.97979e+00 
 8.90000e+01  1.97992e+00 
 8.95000e+01  1.98015e+00 
 9.00000e+01  1.98037e+00 
 9.05000e+01  1.98058e+00 
 9.10000e+01  1.98077e+00 
 9.15000e+01  1.98091e+00 
 9.20000e+01  1.98106e+00 
 9.25000e+01  1.98123e+00 
 9.30000e+01  1.98139e+00 
 9.35000e+01  1.98153e+00 
 9.40000e+01  1.98170e+00 
 9.45000e+01  1.98186e+00 
 9.50000e+01  1.98200e+00 
 9.55000e+01  1.98215e+00 
 9.60000e+01  1.98227e+00 
 9.65000e+01  1.98235e+00 
 9.70000e+01  1.98247e+00 
 9.75000e+01  1.98262e+00 
 9.80000e+01  1.98275e+00 
 9.85000e+01  1.98286e+00 
 9.90000e+01  1.98299e+00 
 9.95000e+01  1.98315e+00 
 1.00000e+02  1.98334e+00 
 1.00500e+02  1.98352e+00 
 1.01000e+02  1.98366e+00 
 1.01500e+02  1.98373e+00 
 1.02000e+02  1.98381e+00 
 1.02500e+02  1.98387e+00 
 1.03000e+02  1.98396e+00 
 1.03500e+02  1.98404e+00 
 1.04000e+02  1.98410e+00 
 1.04500e+02  1.98418e+00 
 1.05000e+02  1.98426e+00 
 1.05500e+02  1.98435e+00 
 1.06000e+02  1.98439e+00 
 1.06500e+02  1.98446e+00 
 1.07000e+02  1.98452e+00 
 1.07500e+02  1.98457e+00 
 1.08000e+02  1.98464e+00 
 1.08500e+02  1.98468e+00 
 1.09000e+02  1.98474e+00 
 1.09500e+02  1.98484e+00 
 1.10000e+02  1.98488e+00 
 1.10500e+02  1.98490e+00 
 1.11000e+02  1.98493e+00 
 1.11500e+02  1.98499e+00 
 1.12000e+02  1.98502e+00 
 1.12500e+02  1.98506e+00 
 1.13000e+02  1.98508e+00 
 1.13500e+02  1.98509e+00 
 1.14000e+02  1.98516e+00 
 1.14500e+02  1.98516e+00 
 1.15000e+02  1.98517e+00 
 1.15500e+02  1.98519e+00 
 1.16000e+02  1.98524e+00 
 1.16500e+02  1.98527e+00 
 1.17000e+02  1.98530e+00 
 1.17500e+02  1.98531e+00 
 1.18000e+02  1.98532e+00 
 1.18500e+02  1.98538e+00 
 1.19000e+02  1.98537e+00 
 1.19500e+02  1.98542e+00 
 1.20000e+02  1.98540e+00 
 1.20500e+02  1.98542e+00 
 1.21000e+02  1.98543e+00 
 1.21500e+02  1.98546e+00 
 1.22000e+02  1.98543e+00 
 1.22500e+02  1.98546e+00 
 1.23000e+02  1.98552e+00 
 1.23500e+02  1.98549e+00 
 1.24000e+02  1.98554e+00 
 1.24500e+02  1.98552e+00 
 1.25000e+02  1.98554e+00 
 1.25500e+02  1.98555e+00 
 1.26000e+02  1.98553e+00 
 1.26500e+02  1.98558e+00 
 1.27000e+02  1.98557e+00 
 1.27500e+02  1.98555e+00 
 1.28000e+02  1.98557e+00 
 1.28500e+02  1.98558e+00 
 1.29000e+02  1.98561e+00 
 1.29500e+02  1.98563e+00 
 1.30000e+02  1.98566e+00 
 1.30500e+02  1.98565e+00 
 1.31000e+02  1.98568e+00 
 1.31500e+02  1.98569e+00 
 1.32000e+02  1.98569e+00 
 1.32500e+02  1.98568e+00 
 1.33000e+02  1.98569e+00 
 1.33500e+02  1.98570e+00 
 1.34000e+02  1.98571e+00 
 1.34500e+02  1.98574e+00 
 1.35000e+02  1.98572e+00 
 1.35500e+02  1.98572e+00 
 1.36000e+02  1.98575e+00 
 1.36500e+02  1.98578e+00 
 1.37000e+02  1.98574e+00 
 1.37500e+02  1.98577e+00 
 1.38000e+02  1.98577e+00 
 1.38500e+02  1.98579e+00 
 1.39000e+02  1.98576e+00 
 1.39500e+02  1.98579e+00 
 1.40000e+02  1.98580e+00 
 1.40500e+02  1.98579e+00 
 1.41000e+02  1.98578e+00 
 1.41500e+02  1.98579e+00 
 1.42000e+02  1.98579e+00 
 1.42500e+02  1.98578e+00 
 1.43000e+02  1.98580e+00 
 1.43500e+02  1.98578e+00 
 1.44000e+02  1.98579e+00 
 1.44500e+02  1.98579e+00 
 1.45000e+02  1.98582e+00 
 1.45500e+02  1.98577e+00 
 1.46000e+02  1.98580e+00 
 1.46500e+02  1.98580e+00 
 1.47000e+02  1.98581e+00 
 1.47500e+02  1.98579e+00 
 1.48000e+02  1.98581e+00 
 1.48500e+02  1.98581e+00 
 1.49000e+02  1.98582e+00 
 1.49500e+02  1.98582e+00 
 1.50000e+02  1.98582e+00 
 1.50500e+02  1.98584e+00 
 1.51000e+02  1.98582e+00 
 1.51500e+02  1.98586e+00 
 1.52000e+02  1.98584e+00 
 1.52500e+02  1.98583e+00 
 1.53000e+02  1.98584e+00 
 1.53500e+02  1.98584e+00 
 1.54000e+02  1.98587e+00 
 1.54500e+02  1.98586e+00 
 1.55000e+02  1.98586e+00 
 1.55500e+02  1.98587e+00 
 1.56000e+02  1.98588e+00 
 1.56500e+02  1.98587e+00 
 1.57000e+02  1.98588e+00 
 1.57500e+02  1.98590e+00 
 1.58000e+02  1.98586e+00 
 1.58500e+02  1.98587e+00 
 1.59000e+02  1.98587e+00 
 1.59500e+02  1.98587e+00 
 1.60000e+02  1.98588e+00 
 1.60500e+02  1.98589e+00 
 1.61000e+02  1.98587e+00 
 1.61500e+02  1.98587e+00 
 1.62000e+02  1.98585e+00 
 1.62500e+02  1.98585e+00 
 1.63000e+02  1.98582e+00 
 1.63500e+02  1.98585e+00 
 1.64000e+02  1.98583e+00 
 1.64500e+02  1.98584e+00 
 1.65000e+02  1.98580e+00 
 1.65500e+02  1.98583e+00 
 1.66000e+02  1.98583e+00 
 1.66500e+02  1.98583e+00 
 1.67000e+02  1.98582e+00 
 1.67500e+02  1.98580e+00 
 1.68000e+02  1.98580e+00 
 1.68500e+02  1.98582e+00 
 1.69000e+02  1.98579e+00 
 1.69500e+02  1.98578e+00 
 1.70000e+02  1.98576e+00 
 1.70500e+02  1.98576e+00 
 1.71000e+02  1.98575e+00 
 1.71500e+02  1.98574e+00 
 1.72000e+02  1.98573e+00 
 1.72500e+02  1.98573e+00 
 1.73000e+02  1.98572e+00 
 1.73500e+02  1.98575e+00 
 1.74000e+02  1.98570e+00 
 1.74500e+02  1.98571e+00 
 1.75000e+02  1.98570e+00 
 1.75500e+02  1.98566e+00 
 1.76000e+02  1.98569e+00 
 1.76500e+02  1.98567e+00 
 1.77000e+02  1.98567e+00 
 1.77500e+02  1.98566e+00 
 1.78000e+02  1.98565e+00 
 1.78500e+02  1.98566e+00 
 1.79000e+02  1.98563e+00 
 1.79500e+02  1.98566e+00 
 1.80000e+02  1.98560e+00 
 1.80500e+02  1.98561e+00 
 1.81000e+02  1.98560e+00 
 1.81500e+02  1.98561e+00 
 1.82000e+02  1.98561e+00 
 1.82500e+02  1.98559e+00 
 1.83000e+02  1.98557e+00 
 1.83500e+02  1.98557e+00 
 1.84000e+02  1.98556e+00 
 1.84500e+02  1.98556e+00 
 1.85000e+02  1.98554e+00 
 1.85500e+02  1.98552e+00 
 1.86000e+02  1.98555e+00 
 1.86500e+02  1.98550e+00 
 1.87000e+02  1.98553e+00 
 1.87500e+02  1.98548e+00 
 1.88000e+02  1.98547e+00 
 1.88500e+02  1.98543e+00 
 1.89000e+02  1.98541e+00 
 1.89500e+02  1.98541e+00 
 1.90000e+02  1.98543e+00 
 1.90500e+02  1.98538e+00 
 1.91000e+02  1.98540e+00 
 1.91500e+02  1.98537e+00 
 1.92000e+02  1.98536e+00 
 1.92500e+02  1.98535e+00 
 1.93000e+02  1.98530e+00 
 1.93500e+02  1.98527e+00 
 1.94000e+02  1.98525e+00 
 1.94500e+02  1.98522e+00 
 1.95000e+02  1.98517e+00 
 1.95500e+02  1.98514e+00 
 1.96000e+02  1.98514e+00 
 1.96500e+02  1.98511e+00 
 1.97000e+02  1.98511e+00 
 1.97500e+02  1.98508e+00 
 1.98000e+02  1.98502e+00 
 1.98500e+02  1.98502e+00 
 1.99000e+02  1.98502e+00 
 1.99500e+02  1.98499e+00 
 2.00000e+02  1.98501e+00 
 2.00500e+02  1.98499e+00 
 2.01000e+02  1.98492e+00 
 2.01500e+02  1.98491e+00 
 2.02000e+02  1.98489e+00 
 2.02500e+02  1.98484e+00 
 2.03000e+02  1.98480e+00 
 2.03500e+02  1.98476e+00 
 2.04000e+02  1.98474e+00 
 2.04500e+02  1.98467e+00 
 2.05000e+02  1.98462e+00 
 2.05500e+02  1.98458e+00 
 2.06000e+02  1.98450e+00 
 2.06500e+02  1.98440e+00 
 2.07000e+02  1.98437e+00 
 2.07500e+02  1.98433e+00 
 2.08000e+02  1.98428e+00 
 2.08500e+02  1.98425e+00 
 2.09000e+02  1.98418e+00 
 2.09500e+02  1.98413e+00 
 2.10000e+02  1.98407e+00 
 2.10500e+02  1.98397e+00 
 2.11000e+02  1.98389e+00 
 2.11500e+02  1.98388e+00 
 2.12000e+02  1.98381e+00 
 2.12500e+02  1.98368e+00 
 2.13000e+02  1.98357e+00 
 2.13500e+02  1.98350e+00 
 2.14000e+02  1.98341e+00 
 2.14500e+02  1.98328e+00 
 2.15000e+02  1.98313e+00 
 2.15500e+02  1.98298e+00 
 2.16000e+02  1.98280e+00 
 2.16500e+02  1.98265e+00 
 2.17000e+02  1.98252e+00 
 2.17500e+02  1.98241e+00 
 2.18000e+02  1.98232e+00 
 2.18500e+02  1.98225e+00 
 2.19000e+02  1.98216e+00 
 2.19500e+02  1.98203e+00 
 2.20000e+02  1.98192e+00 
 2.20500e+02  1.98184e+00 
 2.21000e+02  1.98170e+00 
 2.21500e+02  1.98152e+00 
 2.22000e+02  1.98135e+00 
 2.22500e+02  1.98116e+00 
 2.23000e+02  1.98099e+00 
 2.23500e+02  1.98081e+00 
 2.24000e+02  1.98063e+00 
 2.24500e+02  1.98046e+00 
 2.25000e+02  1.98030e+00 
 2.25500e+02  1.98009e+00 
 2.26000e+02  1.97989e+00 
 2.26500e+02  1.97971e+00 
 2.27000e+02  1.97948e+00 
 2.27500e+02  1.97924e+00 
 2.28000e+02  1.97907e+00 
 2.28500e+02  1.97888e+00 
 2.29000e+02  1.97869e+00 
 2.29500e+02  1.97852e+00 
 2.30000e+02  1.97835e+00 
 2.30500e+02  1.97816e+00 
 2.31000e+02  1.97795e+00 
 2.31500e+02  1.97774e+00 
 2.32000e+02  1.97754e+00 
 2.32500e+02  1.97734e+00 
 2.33000e+02  1.97715e+00 
 2.33500e+02  1.97690e+00 
 2.34000e+02  1.97664e+00 
 2.34500e+02  1.97637e+00 
 2.35000e+02  1.97614e+00 
 2.35500e+02  1.97591e+00 
 2.36000e+02  1.97571e+00 
 2.36500e+02  1.97548e+00 
 2.37000e+02  1.97520e+00 
 2.37500e+02  1.97488e+00 
 2.38000e+02  1.97455e+00 
 2.38500e+02  1.97424e+00 
 2.39000e+02  1.97402e+00 
 2.39500e+02  1.97382e+00 
 2.40000e+02  1.97356e+00 
 2.40500e+02  1.97326e+00 
 2.41000e+02  1.97293e+00 
 2.41500e+02  1.97261e+00 
 2.42000e+02  1.97231e+00 
 2.42500e+02  1.97198e+00 
 2.43000e+02  1.97164e+00 
 2.43500e+02  1.97131e+00 
 2.44000e+02  1.97096e+00 
 2.44500e+02  1.97059e+00 
 2.45000e+02  1.97016e+00 
 2.45500e+02  1.96970e+00 
 2.46000e+02  1.96926e+00 
 2.46500e+02  1.96886e+00 
 2.47000e+02  1.96847e+00 
 2.47500e+02  1.96810e+00 
 2.48000e+02  1.96771e+00 
 2.48500e+02  1.96728e+00 
 2.49000e+02  1.96679e+00 
 2.49500e+02  1.96622e+00 
 2.50000e+02  1.96559e+00 
 2.50500e+02  1.96496e+00 
 2.51000e+02  1.96436e+00 
 2.51500e+02  1.96375e+00 
 2.52000e+02  1.96311e+00 
 2.52500e+02  1.96245e+00 
 2.53000e+02  1.96176e+00 
 2.53500e+02  1.96103e+00 
 2.54000e+02  1.96028e+00 
 2.54500e+02  1.95951e+00 
 2.55000e+02  1.95872e+00 
 2.55500e+02  1.95793e+00 
 2.56000e+02  1.95709e+00 
 2.56500e+02  1.95618e+00 
 2.57000e+02  1.95520e+00 
 2.57500e+02  1.95411e+00 
 2.58000e+02  1.95292e+00 
 2.58500e+02  1.95162e+00 
 2.59000e+02  1.95023e+00 
 2.59500e+02  1.94875e+00 
 2.60000e+02  1.94716e+00 
 2.60500e+02  1.94546e+00 
 2.61000e+02  1.94365e+00 
 2.61500e+02  1.94172e+00 
 2.62000e+02  1.93969e+00 
 2.62500e+02  1.93750e+00 
 2.63000e+02  1.93515e+00 
 2.63500e+02  1.93262e+00 
 2.64000e+02  1.92989e+00 
 2.64500e+02  1.92697e+00 
 2.65000e+02  1.92383e+00 
 2.65500e+02  1.92049e+00 
 2.66000e+02  1.91693e+00 
 2.66500e+02  1.91313e+00 
 2.67000e+02  1.90908e+00 
 2.67500e+02  1.90478e+00 
 2.68000e+02  1.90021e+00 
 2.68500e+02  1.89539e+00 
 2.69000e+02  1.89029e+00 
 2.69500e+02  1.88490e+00 
 2.70000e+02  1.87923e+00 
 2.70500e+02  1.87326e+00 
 2.71000e+02  1.86699e+00 
 2.71500e+02  1.86042e+00 
 2.72000e+02  1.85358e+00 
 2.72500e+02  1.84645e+00 
 2.73000e+02  1.83903e+00 
 2.73500e+02  1.83133e+00 
 2.74000e+02  1.82334e+00 
 2.74500e+02  1.81507e+00 
 2.75000e+02  1.80653e+00 
 2.75500e+02  1.79773e+00 
 2.76000e+02  1.78871e+00 
 2.76500e+02  1.77946e+00 
 2.77000e+02  1.77001e+00 
 2.77500e+02  1.76036e+00 
 2.78000e+02  1.75050e+00 
 2.78500e+02  1.74039e+00 
 2.79000e+02  1.73002e+00 
 2.79500e+02  1.71936e+00 
 2.80000e+02  1.70839e+00 
 2.80500e+02  1.69710e+00 
 2.81000e+02  1.68548e+00 
 2.81500e+02  1.67354e+00 
 2.82000e+02  1.66128e+00 
 2.82500e+02  1.64871e+00 
 2.83000e+02  1.63581e+00 
 2.83500e+02  1.62261e+00 
 2.84000e+02  1.60909e+00 
 2.84500e+02  1.59526e+00 
 2.85000e+02  1.58113e+00 
 2.85500e+02  1.56671e+00 
 2.86000e+02  1.55198e+00 
 2.86500e+02  1.53697e+00 
 2.87000e+02  1.52166e+00 
 2.87500e+02  1.50607e+00 
 2.88000e+02  1.49020e+00 
 2.88500e+02  1.47404e+00 
 2.89000e+02  1.45761e+00 
 2.89500e+02  1.44090e+00 
 2.90000e+02  1.42392e+00 
 2.90500e+02  1.40667e+00 
 2.91000e+02  1.38916e+00 
 2.91500e+02  1.37138e+00 
 2.92000e+02  1.35334e+00 
 2.92500e+02  1.33503e+00 
 2.93000e+02  1.31646e+00 
 2.93500e+02  1.29763e+00 
 2.94000e+02  1.27853e+00 
 2.94500e+02  1.25918e+00 
 2.95000e+02  1.23958e+00 
 2.95500e+02  1.21972e+00 
 2.96000e+02  1.19963e+00 
 2.96500e+02  1.17929e+00 
 2.97000e+02  1.15871e+00 
 2.97500e+02  1.13790e+00 
 2.98000e+02  1.11686e+00 
 2.98500e+02  1.09558e+00 
 2.99000e+02  1.07407e+00 
 2.99500e+02  1.05233e+00 
 3.00000e+02  1.03036e+00 
 3.00500e+02  1.00818e+00 
 3.01000e+02  9.85777e-01 
 3.01500e+02  9.63161e-01 
 3.02000e+02  9.40331e-01 
 3.02500e+02  9.17287e-01 
 3.03000e+02  8.94029e-01 
 3.03500e+02  8.70561e-01 
 3.04000e+02  8.46886e-01 
 3.04500e+02  8.23006e-01 
 3.05000e+02  7.98928e-01 
 3.05500e+02  7.74650e-01 
 3.06000e+02  7.50176e-01 
 3.06500e+02  7.25511e-01 
 3.07000e+02  7.00652e-01 
 3.07500e+02  6.75606e-01 
 3.08000e+02  6.50376e-01 
 3.08500e+02  6.24959e-01 
 3.09000e+02  5.99356e-01 
 3.09500e+02  5.73571e-01 
 3.10000e+02  5.47608e-01 
 3.10500e+02  5.21472e-01 
 3.11000e+02  4.95164e-01 
 3.11500e+02  4.68691e-01 
 3.12000e+02  4.42057e-01 
 3.12500e+02  4.15264e-01 
 3.13000e+02  3.88312e-01 
 3.13500e+02  3.61206e-01 
 3.14000e+02  3.33953e-01 
 3.14500e+02  3.06557e-01 
 3.15000e+02  2.79025e-01 
 3.15500e+02  2.51364e-01 
 3.16000e+02  2.23580e-01 
 3.16500e+02  1.95677e-01 
 3.17000e+02  1.67668e-01 
 3.17500e+02  1.39570e-01 
 3.18000e+02  1.11399e-01 
 3.18500e+02  8.31708e-02 
 3.19000e+02  5.49159e-02 
 3.19500e+02  2.67022e-02 
