 0.00000e+00  0.00000e+00 
 5.00000e-01  3.30066e-02 
 1.00000e+00  6.57782e-02 
 1.50000e+00  9.83110e-02 
 2.00000e+00  1.30602e-01 
 2.50000e+00  1.62648e-01 
 3.00000e+00  1.94445e-01 
 3.50000e+00  2.25991e-01 
 4.00000e+00  2.57284e-01 
 4.50000e+00  2.88321e-01 
 5.00000e+00  3.19102e-01 
 5.50000e+00  3.49627e-01 
 6.00000e+00  3.79896e-01 
 6.50000e+00  4.09907e-01 
 7.00000e+00  4.39658e-01 
 7.50000e+00  4.69148e-01 
 8.00000e+00  4.98372e-01 
 8.50000e+00  5.27334e-01 
 9.00000e+00  5.56030e-01 
 9.50000e+00  5.84460e-01 
 1.00000e+01  6.12621e-01 
 1.05000e+01  6.40512e-01 
 1.10000e+01  6.68132e-01 
 1.15000e+01  6.95479e-01 
 1.20000e+01  7.22554e-01 
 1.25000e+01  7.49355e-01 
 1.30000e+01  7.75884e-01 
 1.35000e+01  8.02140e-01 
 1.40000e+01  8.28123e-01 
 1.45000e+01  8.53832e-01 
 1.50000e+01  8.79271e-01 
 1.55000e+01  9.04438e-01 
 1.60000e+01  9.29330e-01 
 1.65000e+01  9.53949e-01 
 1.70000e+01  9.78294e-01 
 1.75000e+01  1.00237e+00 
 1.80000e+01  1.02616e+00 
 1.85000e+01  1.04968e+00 
 1.90000e+01  1.07292e+00 
 1.95000e+01  1.09588e+00 
 2.00000e+01  1.11856e+00 
 2.05000e+01  1.14097e+00 
 2.10000e+01  1.16310e+00 
 2.15000e+01  1.18495e+00 
 2.20000e+01  1.20652e+00 
 2.25000e+01  1.22781e+00 
 2.30000e+01  1.24881e+00 
 2.35000e+01  1.26952e+00 
 2.40000e+01  1.28995e+00 
 2.45000e+01  1.31009e+00 
 2.50000e+01  1.32994e+00 
 2.55000e+01  1.34949e+00 
 2.60000e+01  1.36875e+00 
 2.65000e+01  1.38772e+00 
 2.70000e+01  1.40638e+00 
 2.75000e+01  1.42475e+00 
 2.80000e+01  1.44282e+00 
 2.85000e+01  1.46058e+00 
 2.90000e+01  1.47803e+00 
 2.95000e+01  1.49516e+00 
 3.00000e+01  1.51198e+00 
 3.05000e+01  1.52849e+00 
 3.10000e+01  1.54469e+00 
 3.15000e+01  1.56056e+00 
 3.20000e+01  1.57611e+00 
 3.25000e+01  1.59134e+00 
 3.30000e+01  1.60624e+00 
 3.35000e+01  1.62081e+00 
 3.40000e+01  1.63505e+00 
 3.45000e+01  1.64896e+00 
 3.50000e+01  1.66254e+00 
 3.55000e+01  1.67578e+00 
 3.60000e+01  1.68868e+00 
 3.65000e+01  1.70125e+00 
 3.70000e+01  1.71346e+00 
 3.75000e+01  1.72533e+00 
 3.80000e+01  1.73686e+00 
 3.85000e+01  1.74805e+00 
 3.90000e+01  1.75890e+00 
 3.95000e+01  1.76942e+00 
 4.00000e+01  1.77962e+00 
 4.05000e+01  1.78948e+00 
 4.10000e+01  1.79901e+00 
 4.15000e+01  1.80821e+00 
 4.20000e+01  1.81707e+00 
 4.25000e+01  1.82560e+00 
 4.30000e+01  1.83379e+00 
 4.35000e+01  1.84165e+00 
 4.40000e+01  1.84918e+00 
 4.45000e+01  1.85638e+00 
 4.50000e+01  1.86324e+00 
 4.55000e+01  1.86978e+00 
 4.60000e+01  1.87599e+00 
 4.65000e+01  1.88190e+00 
 4.70000e+01  1.88749e+00 
 4.75000e+01  1.89278e+00 
 4.80000e+01  1.89776e+00 
 4.85000e+01  1.90246e+00 
 4.90000e+01  1.90688e+00 
 4.95000e+01  1.91103e+00 
 5.00000e+01  1.91491e+00 
 5.05000e+01  1.91853e+00 
 5.10000e+01  1.92192e+00 
 5.15000e+01  1.92507e+00 
 5.20000e+01  1.92799e+00 
 5.25000e+01  1.93070e+00 
 5.30000e+01  1.93322e+00 
 5.35000e+01  1.93556e+00 
 5.40000e+01  1.93774e+00 
 5.45000e+01  1.93975e+00 
 5.50000e+01  1.94162e+00 
 5.55000e+01  1.94334e+00 
 5.60000e+01  1.94494e+00 
 5.65000e+01  1.94646e+00 
 5.70000e+01  1.94787e+00 
 5.75000e+01  1.94920e+00 
 5.80000e+01  1.95043e+00 
 5.85000e+01  1.95160e+00 
 5.90000e+01  1.95269e+00 
 5.95000e+01  1.95374e+00 
 6.00000e+01  1.95474e+00 
 6.05000e+01  1.95567e+00 
 6.10000e+01  1.95654e+00 
 6.15000e+01  1.95736e+00 
 6.20000e+01  1.95812e+00 
 6.25000e+01  1.95885e+00 
 6.30000e+01  1.95953e+00 
 6.35000e+01  1.96017e+00 
 6.40000e+01  1.96075e+00 
 6.45000e+01  1.96129e+00 
 6.50000e+01  1.96181e+00 
 6.55000e+01  1.96234e+00 
 6.60000e+01  1.96289e+00 
 6.65000e+01  1.96345e+00 
 6.70000e+01  1.96397e+00 
 6.75000e+01  1.96450e+00 
 6.80000e+01  1.96499e+00 
 6.85000e+01  1.96552e+00 
 6.90000e+01  1.96605e+00 
 6.95000e+01  1.96658e+00 
 7.00000e+01  1.96708e+00 
 7.05000e+01  1.96751e+00 
 7.10000e+01  1.96791e+00 
 7.15000e+01  1.96829e+00 
 7.20000e+01  1.96866e+00 
 7.25000e+01  1.96901e+00 
 7.30000e+01  1.96936e+00 
 7.35000e+01  1.96974e+00 
 7.40000e+01  1.97013e+00 
 7.45000e+01  1.97051e+00 
 7.50000e+01  1.97082e+00 
 7.55000e+01  1.97108e+00 
 7.60000e+01  1.97130e+00 
 7.65000e+01  1.97154e+00 
 7.70000e+01  1.97181e+00 
 7.75000e+01  1.97208e+00 
 7.80000e+01  1.97235e+00 
 7.85000e+01  1.97262e+00 
 7.90000e+01  1.97286e+00 
 7.95000e+01  1.97315e+00 
 8.00000e+01  1.97342e+00 
 8.05000e+01  1.97366e+00 
 8.10000e+01  1.97391e+00 
 8.15000e+01  1.97415e+00 
 8.20000e+01  1.97439e+00 
 8.25000e+01  1.97457e+00 
 8.30000e+01  1.97476e+00 
 8.35000e+01  1.97497e+00 
 8.40000e+01  1.97519e+00 
 8.45000e+01  1.97540e+00 
 8.50000e+01  1.97563e+00 
 8.55000e+01  1.97586e+00 
 8.60000e+01  1.97609e+00 
 8.65000e+01  1.97630e+00 
 8.70000e+01  1.97649e+00 
 8.75000e+01  1.97666e+00 
 8.80000e+01  1.97688e+00 
 8.85000e+01  1.97709e+00 
 8.90000e+01  1.97727e+00 
 8.95000e+01  1.97746e+00 
 9.00000e+01  1.97766e+00 
 9.05000e+01  1.97786e+00 
 9.10000e+01  1.97803e+00 
 9.15000e+01  1.97816e+00 
 9.20000e+01  1.97831e+00 
 9.25000e+01  1.97845e+00 
 9.30000e+01  1.97859e+00 
 9.35000e+01  1.97873e+00 
 9.40000e+01  1.97887e+00 
 9.45000e+01  1.97898e+00 
 9.50000e+01  1.97906e+00 
 9.55000e+01  1.97918e+00 
 9.60000e+01  1.97932e+00 
 9.65000e+01  1.97950e+00 
 9.70000e+01  1.97966e+00 
 9.75000e+01  1.97978e+00 
 9.80000e+01  1.97986e+00 
 9.85000e+01  1.97993e+00 
 9.90000e+01  1.98001e+00 
 9.95000e+01  1.98015e+00 
 1.00000e+02  1.98026e+00 
 1.00500e+02  1.98037e+00 
 1.01000e+02  1.98048e+00 
 1.01500e+02  1.98062e+00 
 1.02000e+02  1.98076e+00 
 1.02500e+02  1.98088e+00 
 1.03000e+02  1.98095e+00 
 1.03500e+02  1.98106e+00 
 1.04000e+02  1.98114e+00 
 1.04500e+02  1.98120e+00 
 1.05000e+02  1.98131e+00 
 1.05500e+02  1.98139e+00 
 1.06000e+02  1.98147e+00 
 1.06500e+02  1.98152e+00 
 1.07000e+02  1.98157e+00 
 1.07500e+02  1.98163e+00 
 1.08000e+02  1.98168e+00 
 1.08500e+02  1.98174e+00 
 1.09000e+02  1.98181e+00 
 1.09500e+02  1.98188e+00 
 1.10000e+02  1.98194e+00 
 1.10500e+02  1.98199e+00 
 1.11000e+02  1.98200e+00 
 1.11500e+02  1.98203e+00 
 1.12000e+02  1.98208e+00 
 1.12500e+02  1.98211e+00 
 1.13000e+02  1.98212e+00 
 1.13500e+02  1.98217e+00 
 1.14000e+02  1.98216e+00 
 1.14500e+02  1.98225e+00 
 1.15000e+02  1.98224e+00 
 1.15500e+02  1.98226e+00 
 1.16000e+02  1.98229e+00 
 1.16500e+02  1.98231e+00 
 1.17000e+02  1.98237e+00 
 1.17500e+02  1.98236e+00 
 1.18000e+02  1.98237e+00 
 1.18500e+02  1.98246e+00 
 1.19000e+02  1.98244e+00 
 1.19500e+02  1.98248e+00 
 1.20000e+02  1.98250e+00 
 1.20500e+02  1.98250e+00 
 1.21000e+02  1.98252e+00 
 1.21500e+02  1.98252e+00 
 1.22000e+02  1.98256e+00 
 1.22500e+02  1.98254e+00 
 1.23000e+02  1.98258e+00 
 1.23500e+02  1.98257e+00 
 1.24000e+02  1.98256e+00 
 1.24500e+02  1.98262e+00 
 1.25000e+02  1.98259e+00 
 1.25500e+02  1.98261e+00 
 1.26000e+02  1.98265e+00 
 1.26500e+02  1.98262e+00 
 1.27000e+02  1.98266e+00 
 1.27500e+02  1.98271e+00 
 1.28000e+02  1.98270e+00 
 1.28500e+02  1.98269e+00 
 1.29000e+02  1.98273e+00 
 1.29500e+02  1.98272e+00 
 1.30000e+02  1.98275e+00 
 1.30500e+02  1.98275e+00 
 1.31000e+02  1.98277e+00 
 1.31500e+02  1.98275e+00 
 1.32000e+02  1.98277e+00 
 1.32500e+02  1.98278e+00 
 1.33000e+02  1.98279e+00 
 1.33500e+02  1.98280e+00 
 1.34000e+02  1.98281e+00 
 1.34500e+02  1.98283e+00 
 1.35000e+02  1.98284e+00 
 1.35500e+02  1.98284e+00 
 1.36000e+02  1.98283e+00 
 1.36500e+02  1.98284e+00 
 1.37000e+02  1.98283e+00 
 1.37500e+02  1.98284e+00 
 1.38000e+02  1.98284e+00 
 1.38500e+02  1.98288e+00 
 1.39000e+02  1.98283e+00 
 1.39500e+02  1.98290e+00 
 1.40000e+02  1.98289e+00 
 1.40500e+02  1.98290e+00 
 1.41000e+02  1.98289e+00 
 1.41500e+02  1.98290e+00 
 1.42000e+02  1.98289e+00 
 1.42500e+02  1.98291e+00 
 1.43000e+02  1.98290e+00 
 1.43500e+02  1.98291e+00 
 1.44000e+02  1.98292e+00 
 1.44500e+02  1.98292e+00 
 1.45000e+02  1.98291e+00 
 1.45500e+02  1.98290e+00 
 1.46000e+02  1.98288e+00 
 1.46500e+02  1.98290e+00 
 1.47000e+02  1.98287e+00 
 1.47500e+02  1.98291e+00 
 1.48000e+02  1.98290e+00 
 1.48500e+02  1.98291e+00 
 1.49000e+02  1.98290e+00 
 1.49500e+02  1.98286e+00 
 1.50000e+02  1.98289e+00 
 1.50500e+02  1.98290e+00 
 1.51000e+02  1.98290e+00 
 1.51500e+02  1.98291e+00 
 1.52000e+02  1.98291e+00 
 1.52500e+02  1.98290e+00 
 1.53000e+02  1.98292e+00 
 1.53500e+02  1.98291e+00 
 1.54000e+02  1.98292e+00 
 1.54500e+02  1.98289e+00 
 1.55000e+02  1.98292e+00 
 1.55500e+02  1.98293e+00 
 1.56000e+02  1.98289e+00 
 1.56500e+02  1.98292e+00 
 1.57000e+02  1.98288e+00 
 1.57500e+02  1.98290e+00 
 1.58000e+02  1.98291e+00 
 1.58500e+02  1.98290e+00 
 1.59000e+02  1.98289e+00 
 1.59500e+02  1.98289e+00 
 1.60000e+02  1.98289e+00 
 1.60500e+02  1.98287e+00 
 1.61000e+02  1.98286e+00 
 1.61500e+02  1.98286e+00 
 1.62000e+02  1.98284e+00 
 1.62500e+02  1.98287e+00 
 1.63000e+02  1.98285e+00 
 1.63500e+02  1.98287e+00 
 1.64000e+02  1.98289e+00 
 1.64500e+02  1.98284e+00 
 1.65000e+02  1.98286e+00 
 1.65500e+02  1.98287e+00 
 1.66000e+02  1.98286e+00 
 1.66500e+02  1.98288e+00 
 1.67000e+02  1.98288e+00 
 1.67500e+02  1.98291e+00 
 1.68000e+02  1.98290e+00 
 1.68500e+02  1.98286e+00 
 1.69000e+02  1.98286e+00 
 1.69500e+02  1.98284e+00 
 1.70000e+02  1.98287e+00 
 1.70500e+02  1.98285e+00 
 1.71000e+02  1.98283e+00 
 1.71500e+02  1.98284e+00 
 1.72000e+02  1.98282e+00 
 1.72500e+02  1.98284e+00 
 1.73000e+02  1.98279e+00 
 1.73500e+02  1.98279e+00 
 1.74000e+02  1.98281e+00 
 1.74500e+02  1.98279e+00 
 1.75000e+02  1.98278e+00 
 1.75500e+02  1.98277e+00 
 1.76000e+02  1.98278e+00 
 1.76500e+02  1.98278e+00 
 1.77000e+02  1.98277e+00 
 1.77500e+02  1.98278e+00 
 1.78000e+02  1.98273e+00 
 1.78500e+02  1.98274e+00 
 1.79000e+02  1.98272e+00 
 1.79500e+02  1.98271e+00 
 1.80000e+02  1.98267e+00 
 1.80500e+02  1.98266e+00 
 1.81000e+02  1.98267e+00 
 1.81500e+02  1.98268e+00 
 1.82000e+02  1.98261e+00 
 1.82500e+02  1.98265e+00 
 1.83000e+02  1.98261e+00 
 1.83500e+02  1.98258e+00 
 1.84000e+02  1.98256e+00 
 1.84500e+02  1.98259e+00 
 1.85000e+02  1.98256e+00 
 1.85500e+02  1.98256e+00 
 1.86000e+02  1.98255e+00 
 1.86500e+02  1.98253e+00 
 1.87000e+02  1.98250e+00 
 1.87500e+02  1.98251e+00 
 1.88000e+02  1.98248e+00 
 1.88500e+02  1.98246e+00 
 1.89000e+02  1.98246e+00 
 1.89500e+02  1.98246e+00 
 1.90000e+02  1.98245e+00 
 1.90500e+02  1.98244e+00 
 1.91000e+02  1.98242e+00 
 1.91500e+02  1.98243e+00 
 1.92000e+02  1.98241e+00 
 1.92500e+02  1.98236e+00 
 1.93000e+02  1.98238e+00 
 1.93500e+02  1.98232e+00 
 1.94000e+02  1.98231e+00 
 1.94500e+02  1.98227e+00 
 1.95000e+02  1.98230e+00 
 1.95500e+02  1.98222e+00 
 1.96000e+02  1.98219e+00 
 1.96500e+02  1.98218e+00 
 1.97000e+02  1.98214e+00 
 1.97500e+02  1.98211e+00 
 1.98000e+02  1.98206e+00 
 1.98500e+02  1.98208e+00 
 1.99000e+02  1.98206e+00 
 1.99500e+02  1.98204e+00 
 2.00000e+02  1.98201e+00 
 2.00500e+02  1.98199e+00 
 2.01000e+02  1.98198e+00 
 2.01500e+02  1.98197e+00 
 2.02000e+02  1.98191e+00 
 2.02500e+02  1.98187e+00 
 2.03000e+02  1.98185e+00 
 2.03500e+02  1.98182e+00 
 2.04000e+02  1.98178e+00 
 2.04500e+02  1.98176e+00 
 2.05000e+02  1.98172e+00 
 2.05500e+02  1.98164e+00 
 2.06000e+02  1.98160e+00 
 2.06500e+02  1.98158e+00 
 2.07000e+02  1.98149e+00 
 2.07500e+02  1.98147e+00 
 2.08000e+02  1.98142e+00 
 2.08500e+02  1.98141e+00 
 2.09000e+02  1.98133e+00 
 2.09500e+02  1.98124e+00 
 2.10000e+02  1.98119e+00 
 2.10500e+02  1.98111e+00 
 2.11000e+02  1.98106e+00 
 2.11500e+02  1.98099e+00 
 2.12000e+02  1.98089e+00 
 2.12500e+02  1.98078e+00 
 2.13000e+02  1.98071e+00 
 2.13500e+02  1.98064e+00 
 2.14000e+02  1.98051e+00 
 2.14500e+02  1.98041e+00 
 2.15000e+02  1.98031e+00 
 2.15500e+02  1.98017e+00 
 2.16000e+02  1.98003e+00 
 2.16500e+02  1.97992e+00 
 2.17000e+02  1.97978e+00 
 2.17500e+02  1.97965e+00 
 2.18000e+02  1.97950e+00 
 2.18500e+02  1.97936e+00 
 2.19000e+02  1.97923e+00 
 2.19500e+02  1.97915e+00 
 2.20000e+02  1.97903e+00 
 2.20500e+02  1.97886e+00 
 2.21000e+02  1.97867e+00 
 2.21500e+02  1.97847e+00 
 2.22000e+02  1.97830e+00 
 2.22500e+02  1.97814e+00 
 2.23000e+02  1.97795e+00 
 2.23500e+02  1.97774e+00 
 2.24000e+02  1.97757e+00 
 2.24500e+02  1.97742e+00 
 2.25000e+02  1.97732e+00 
 2.25500e+02  1.97719e+00 
 2.26000e+02  1.97705e+00 
 2.26500e+02  1.97688e+00 
 2.27000e+02  1.97664e+00 
 2.27500e+02  1.97640e+00 
 2.28000e+02  1.97614e+00 
 2.28500e+02  1.97586e+00 
 2.29000e+02  1.97563e+00 
 2.29500e+02  1.97543e+00 
 2.30000e+02  1.97522e+00 
 2.30500e+02  1.97504e+00 
 2.31000e+02  1.97486e+00 
 2.31500e+02  1.97465e+00 
 2.32000e+02  1.97440e+00 
 2.32500e+02  1.97412e+00 
 2.33000e+02  1.97387e+00 
 2.33500e+02  1.97362e+00 
 2.34000e+02  1.97343e+00 
 2.34500e+02  1.97325e+00 
 2.35000e+02  1.97305e+00 
 2.35500e+02  1.97278e+00 
 2.36000e+02  1.97250e+00 
 2.36500e+02  1.97223e+00 
 2.37000e+02  1.97197e+00 
 2.37500e+02  1.97170e+00 
 2.38000e+02  1.97142e+00 
 2.38500e+02  1.97117e+00 
 2.39000e+02  1.97092e+00 
 2.39500e+02  1.97068e+00 
 2.40000e+02  1.97040e+00 
 2.40500e+02  1.97010e+00 
 2.41000e+02  1.96981e+00 
 2.41500e+02  1.96953e+00 
 2.42000e+02  1.96924e+00 
 2.42500e+02  1.96893e+00 
 2.43000e+02  1.96860e+00 
 2.43500e+02  1.96826e+00 
 2.44000e+02  1.96792e+00 
 2.44500e+02  1.96757e+00 
 2.45000e+02  1.96717e+00 
 2.45500e+02  1.96676e+00 
 2.46000e+02  1.96635e+00 
 2.46500e+02  1.96592e+00 
 2.47000e+02  1.96550e+00 
 2.47500e+02  1.96506e+00 
 2.48000e+02  1.96461e+00 
 2.48500e+02  1.96409e+00 
 2.49000e+02  1.96354e+00 
 2.49500e+02  1.96297e+00 
 2.50000e+02  1.96238e+00 
 2.50500e+02  1.96175e+00 
 2.51000e+02  1.96109e+00 
 2.51500e+02  1.96043e+00 
 2.52000e+02  1.95978e+00 
 2.52500e+02  1.95912e+00 
 2.53000e+02  1.95844e+00 
 2.53500e+02  1.95774e+00 
 2.54000e+02  1.95699e+00 
 2.54500e+02  1.95625e+00 
 2.55000e+02  1.95549e+00 
 2.55500e+02  1.95471e+00 
 2.56000e+02  1.95390e+00 
 2.56500e+02  1.95301e+00 
 2.57000e+02  1.95204e+00 
 2.57500e+02  1.95100e+00 
 2.58000e+02  1.94988e+00 
 2.58500e+02  1.94868e+00 
 2.59000e+02  1.94742e+00 
 2.59500e+02  1.94606e+00 
 2.60000e+02  1.94460e+00 
 2.60500e+02  1.94302e+00 
 2.61000e+02  1.94130e+00 
 2.61500e+02  1.93945e+00 
 2.62000e+02  1.93746e+00 
 2.62500e+02  1.93533e+00 
 2.63000e+02  1.93308e+00 
 2.63500e+02  1.93067e+00 
 2.64000e+02  1.92810e+00 
 2.64500e+02  1.92536e+00 
 2.65000e+02  1.92240e+00 
 2.65500e+02  1.91923e+00 
 2.66000e+02  1.91583e+00 
 2.66500e+02  1.91220e+00 
 2.67000e+02  1.90832e+00 
 2.67500e+02  1.90418e+00 
 2.68000e+02  1.89979e+00 
 2.68500e+02  1.89514e+00 
 2.69000e+02  1.89021e+00 
 2.69500e+02  1.88500e+00 
 2.70000e+02  1.87950e+00 
 2.70500e+02  1.87370e+00 
 2.71000e+02  1.86761e+00 
 2.71500e+02  1.86123e+00 
 2.72000e+02  1.85455e+00 
 2.72500e+02  1.84758e+00 
 2.73000e+02  1.84031e+00 
 2.73500e+02  1.83274e+00 
 2.74000e+02  1.82487e+00 
 2.74500e+02  1.81673e+00 
 2.75000e+02  1.80831e+00 
 2.75500e+02  1.79962e+00 
 2.76000e+02  1.79070e+00 
 2.76500e+02  1.78155e+00 
 2.77000e+02  1.77219e+00 
 2.77500e+02  1.76262e+00 
 2.78000e+02  1.75284e+00 
 2.78500e+02  1.74283e+00 
 2.79000e+02  1.73258e+00 
 2.79500e+02  1.72204e+00 
 2.80000e+02  1.71120e+00 
 2.80500e+02  1.70003e+00 
 2.81000e+02  1.68855e+00 
 2.81500e+02  1.67673e+00 
 2.82000e+02  1.66459e+00 
 2.82500e+02  1.65212e+00 
 2.83000e+02  1.63934e+00 
 2.83500e+02  1.62623e+00 
 2.84000e+02  1.61281e+00 
 2.84500e+02  1.59907e+00 
 2.85000e+02  1.58503e+00 
 2.85500e+02  1.57068e+00 
 2.86000e+02  1.55602e+00 
 2.86500e+02  1.54107e+00 
 2.87000e+02  1.52583e+00 
 2.87500e+02  1.51028e+00 
 2.88000e+02  1.49445e+00 
 2.88500e+02  1.47833e+00 
 2.89000e+02  1.46193e+00 
 2.89500e+02  1.44526e+00 
 2.90000e+02  1.42830e+00 
 2.90500e+02  1.41107e+00 
 2.91000e+02  1.39356e+00 
 2.91500e+02  1.37578e+00 
 2.92000e+02  1.35774e+00 
 2.92500e+02  1.33942e+00 
 2.93000e+02  1.32084e+00 
 2.93500e+02  1.30201e+00 
 2.94000e+02  1.28291e+00 
 2.94500e+02  1.26356e+00 
 2.95000e+02  1.24396e+00 
 2.95500e+02  1.22411e+00 
 2.96000e+02  1.20401e+00 
 2.96500e+02  1.18367e+00 
 2.97000e+02  1.16309e+00 
 2.97500e+02  1.14227e+00 
 2.98000e+02  1.12121e+00 
 2.98500e+02  1.09992e+00 
 2.99000e+02  1.07839e+00 
 2.99500e+02  1.05662e+00 
 3.00000e+02  1.03461e+00 
 3.00500e+02  1.01238e+00 
 3.01000e+02  9.89923e-01 
 3.01500e+02  9.67245e-01 
 3.02000e+02  9.44347e-01 
 3.02500e+02  9.21233e-01 
 3.03000e+02  8.97907e-01 
 3.03500e+02  8.74368e-01 
 3.04000e+02  8.50622e-01 
 3.04500e+02  8.26671e-01 
 3.05000e+02  8.02515e-01 
 3.05500e+02  7.78158e-01 
 3.06000e+02  7.53604e-01 
 3.06500e+02  7.28856e-01 
 3.07000e+02  7.03916e-01 
 3.07500e+02  6.78787e-01 
 3.08000e+02  6.53467e-01 
 3.08500e+02  6.27958e-01 
 3.09000e+02  6.02264e-01 
 3.09500e+02  5.76386e-01 
 3.10000e+02  5.50326e-01 
 3.10500e+02  5.24091e-01 
 3.11000e+02  4.97683e-01 
 3.11500e+02  4.71107e-01 
 3.12000e+02  4.44364e-01 
 3.12500e+02  4.17457e-01 
 3.13000e+02  3.90388e-01 
 3.13500e+02  3.63162e-01 
 3.14000e+02  3.35784e-01 
 3.14500e+02  3.08263e-01 
 3.15000e+02  2.80603e-01 
 3.15500e+02  2.52811e-01 
 3.16000e+02  2.24894e-01 
 3.16500e+02  1.96860e-01 
 3.17000e+02  1.68724e-01 
 3.17500e+02  1.40498e-01 
 3.18000e+02  1.12200e-01 
 3.18500e+02  8.38472e-02 
 3.19000e+02  5.54641e-02 
 3.19500e+02  2.71174e-02 
