 0.00000e+00  2.21503e-05 
 5.00000e-01  2.21887e-05 
 1.00000e+00  2.38359e-05 
 1.50000e+00  2.52903e-05 
 2.00000e+00  2.65023e-05 
 2.50000e+00  2.78215e-05 
 3.00000e+00  2.94471e-05 
 3.50000e+00  3.07767e-05 
 4.00000e+00  3.19895e-05 
 4.50000e+00  3.30727e-05 
 5.00000e+00  3.43863e-05 
 5.50000e+00  3.55551e-05 
 6.00000e+00  3.64535e-05 
 6.50000e+00  3.79583e-05 
 7.00000e+00  3.90967e-05 
 7.50000e+00  3.98350e-05 
 8.00000e+00  4.16662e-05 
 8.50000e+00  4.23310e-05 
 9.00000e+00  4.34470e-05 
 9.50000e+00  4.44718e-05 
 1.00000e+01  4.58126e-05 
 1.05000e+01  4.73694e-05 
 1.10000e+01  4.87294e-05 
 1.15000e+01  5.03006e-05 
 1.20000e+01  5.18022e-05 
 1.25000e+01  5.25870e-05 
 1.30000e+01  5.46974e-05 
 1.35000e+01  5.54358e-05 
 1.40000e+01  5.71478e-05 
 1.45000e+01  5.89526e-05 
 1.50000e+01  5.99406e-05 
 1.55000e+01  6.18390e-05 
 1.60000e+01  6.35862e-05 
 1.65000e+01  6.49350e-05 
 1.70000e+01  6.67949e-05 
 1.75000e+01  6.81205e-05 
 1.80000e+01  7.03061e-05 
 1.85000e+01  7.23157e-05 
 1.90000e+01  7.36669e-05 
 1.95000e+01  7.54413e-05 
 2.00000e+01  7.69325e-05 
 2.05000e+01  7.93757e-05 
 2.10000e+01  8.18253e-05 
 2.15000e+01  8.43109e-05 
 2.20000e+01  8.73053e-05 
 2.25000e+01  8.91421e-05 
 2.30000e+01  9.27684e-05 
 2.35000e+01  9.51668e-05 
 2.40000e+01  9.76212e-05 
 2.45000e+01  1.01068e-04 
 2.50000e+01  1.03416e-04 
 2.55000e+01  1.07605e-04 
 2.60000e+01  1.11021e-04 
 2.65000e+01  1.14410e-04 
 2.70000e+01  1.18612e-04 
 2.75000e+01  1.23663e-04 
 2.80000e+01  1.28008e-04 
 2.85000e+01  1.33590e-04 
 2.90000e+01  1.39371e-04 
 2.95000e+01  1.45715e-04 
 3.00000e+01  1.52397e-04 
 3.05000e+01  1.58248e-04 
 3.10000e+01  1.66083e-04 
 3.15000e+01  1.74400e-04 
 3.20000e+01  1.83923e-04 
 3.25000e+01  1.93715e-04 
 3.30000e+01  2.04957e-04 
 3.35000e+01  2.16290e-04 
 3.40000e+01  2.28050e-04 
 3.45000e+01  2.39729e-04 
 3.50000e+01  2.53242e-04 
 3.55000e+01  2.68444e-04 
 3.60000e+01  2.81621e-04 
 3.65000e+01  2.96344e-04 
 3.70000e+01  3.14426e-04 
 3.75000e+01  3.30026e-04 
 3.80000e+01  3.45459e-04 
 3.85000e+01  3.61902e-04 
 3.90000e+01  3.80719e-04 
 3.95000e+01  3.99684e-04 
 4.00000e+01  4.15952e-04 
 4.05000e+01  4.37175e-04 
 4.10000e+01  4.56482e-04 
 4.15000e+01  4.74061e-04 
 4.20000e+01  4.95535e-04 
 4.25000e+01  5.15337e-04 
 4.30000e+01  5.38540e-04 
 4.35000e+01  5.63195e-04 
 4.40000e+01  5.85855e-04 
 4.45000e+01  6.11628e-04 
 4.50000e+01  6.34298e-04 
 4.55000e+01  6.60930e-04 
 4.60000e+01  6.86032e-04 
 4.65000e+01  7.18351e-04 
 4.70000e+01  7.44418e-04 
 4.75000e+01  7.76617e-04 
 4.80000e+01  8.05199e-04 
 4.85000e+01  8.38594e-04 
 4.90000e+01  8.71805e-04 
 4.95000e+01  9.05286e-04 
 5.00000e+01  9.45184e-04 
 5.05000e+01  9.84074e-04 
 5.10000e+01  1.02374e-03 
 5.15000e+01  1.06356e-03 
 5.20000e+01  1.11146e-03 
 5.25000e+01  1.15335e-03 
 5.30000e+01  1.20201e-03 
 5.35000e+01  1.25487e-03 
 5.40000e+01  1.31135e-03 
 5.45000e+01  1.36444e-03 
 5.50000e+01  1.42604e-03 
 5.55000e+01  1.49470e-03 
 5.60000e+01  1.55752e-03 
 5.65000e+01  1.63251e-03 
 5.70000e+01  1.71076e-03 
 5.75000e+01  1.78885e-03 
 5.80000e+01  1.87748e-03 
 5.85000e+01  1.96562e-03 
 5.90000e+01  2.05883e-03 
 5.95000e+01  2.15218e-03 
 6.00000e+01  2.25897e-03 
 6.05000e+01  2.36362e-03 
 6.10000e+01  2.47921e-03 
 6.15000e+01  2.59257e-03 
 6.20000e+01  2.70422e-03 
 6.25000e+01  2.82048e-03 
 6.30000e+01  2.94113e-03 
 6.35000e+01  3.06054e-03 
 6.40000e+01  3.18744e-03 
 6.45000e+01  3.31613e-03 
 6.50000e+01  3.43770e-03 
 6.55000e+01  3.56245e-03 
 6.60000e+01  3.69879e-03 
 6.65000e+01  3.82504e-03 
 6.70000e+01  3.94881e-03 
 6.75000e+01  4.07338e-03 
 6.80000e+01  4.20847e-03 
 6.85000e+01  4.33007e-03 
 6.90000e+01  4.46106e-03 
 6.95000e+01  4.58596e-03 
 7.00000e+01  4.69604e-03 
 7.05000e+01  4.81086e-03 
 7.10000e+01  4.92843e-03 
 7.15000e+01  5.03193e-03 
 7.20000e+01  5.14389e-03 
 7.25000e+01  5.24759e-03 
 7.30000e+01  5.35411e-03 
 7.35000e+01  5.46267e-03 
 7.40000e+01  5.55163e-03 
 7.45000e+01  5.65852e-03 
 7.50000e+01  5.75639e-03 
 7.55000e+01  5.84716e-03 
 7.60000e+01  5.94166e-03 
 7.65000e+01  6.02685e-03 
 7.70000e+01  6.11017e-03 
 7.75000e+01  6.19992e-03 
 7.80000e+01  6.29047e-03 
 7.85000e+01  6.38771e-03 
 7.90000e+01  6.47250e-03 
 7.95000e+01  6.55319e-03 
 8.00000e+01  6.63102e-03 
 8.05000e+01  6.71070e-03 
 8.10000e+01  6.77168e-03 
 8.15000e+01  6.82351e-03 
 8.20000e+01  6.87830e-03 
 8.25000e+01  6.94487e-03 
 8.30000e+01  7.01124e-03 
 8.35000e+01  7.05680e-03 
 8.40000e+01  7.11154e-03 
 8.45000e+01  7.16049e-03 
 8.50000e+01  7.20138e-03 
 8.55000e+01  7.26176e-03 
 8.60000e+01  7.31688e-03 
 8.65000e+01  7.37757e-03 
 8.70000e+01  7.43853e-03 
 8.75000e+01  7.49501e-03 
 8.80000e+01  7.55755e-03 
 8.85000e+01  7.60943e-03 
 8.90000e+01  7.65136e-03 
 8.95000e+01  7.70108e-03 
 9.00000e+01  7.74711e-03 
 9.05000e+01  7.79067e-03 
 9.10000e+01  7.83760e-03 
 9.15000e+01  7.88971e-03 
 9.20000e+01  7.92113e-03 
 9.25000e+01  7.96703e-03 
 9.30000e+01  8.00095e-03 
 9.35000e+01  8.03526e-03 
 9.40000e+01  8.06422e-03 
 9.45000e+01  8.10220e-03 
 9.50000e+01  8.14900e-03 
 9.55000e+01  8.18136e-03 
 9.60000e+01  8.22612e-03 
 9.65000e+01  8.26318e-03 
 9.70000e+01  8.29912e-03 
 9.75000e+01  8.33397e-03 
 9.80000e+01  8.35621e-03 
 9.85000e+01  8.39054e-03 
 9.90000e+01  8.40790e-03 
 9.95000e+01  8.44340e-03 
 1.00000e+02  8.49011e-03 
 1.00500e+02  8.54190e-03 
 1.01000e+02  8.57991e-03 
 1.01500e+02  8.62331e-03 
 1.02000e+02  8.65642e-03 
 1.02500e+02  8.68790e-03 
 1.03000e+02  8.72235e-03 
 1.03500e+02  8.73544e-03 
 1.04000e+02  8.77100e-03 
 1.04500e+02  8.80269e-03 
 1.05000e+02  8.83614e-03 
 1.05500e+02  8.86179e-03 
 1.06000e+02  8.88184e-03 
 1.06500e+02  8.91803e-03 
 1.07000e+02  8.94822e-03 
 1.07500e+02  8.96759e-03 
 1.08000e+02  8.99052e-03 
 1.08500e+02  9.01683e-03 
 1.09000e+02  9.04492e-03 
 1.09500e+02  9.07126e-03 
 1.10000e+02  9.10907e-03 
 1.10500e+02  9.12722e-03 
 1.11000e+02  9.14744e-03 
 1.11500e+02  9.14819e-03 
 1.12000e+02  9.17109e-03 
 1.12500e+02  9.19310e-03 
 1.13000e+02  9.21030e-03 
 1.13500e+02  9.22268e-03 
 1.14000e+02  9.24403e-03 
 1.14500e+02  9.25652e-03 
 1.15000e+02  9.26777e-03 
 1.15500e+02  9.29065e-03 
 1.16000e+02  9.32335e-03 
 1.16500e+02  9.34413e-03 
 1.17000e+02  9.36427e-03 
 1.17500e+02  9.38574e-03 
 1.18000e+02  9.40806e-03 
 1.18500e+02  9.41951e-03 
 1.19000e+02  9.44016e-03 
 1.19500e+02  9.45108e-03 
 1.20000e+02  9.46660e-03 
 1.20500e+02  9.47098e-03 
 1.21000e+02  9.48632e-03 
 1.21500e+02  9.49510e-03 
 1.22000e+02  9.51288e-03 
 1.22500e+02  9.51764e-03 
 1.23000e+02  9.53911e-03 
 1.23500e+02  9.54249e-03 
 1.24000e+02  9.55740e-03 
 1.24500e+02  9.54781e-03 
 1.25000e+02  9.57445e-03 
 1.25500e+02  9.58110e-03 
 1.26000e+02  9.58237e-03 
 1.26500e+02  9.58255e-03 
 1.27000e+02  9.59280e-03 
 1.27500e+02  9.59611e-03 
 1.28000e+02  9.60649e-03 
 1.28500e+02  9.61813e-03 
 1.29000e+02  9.62894e-03 
 1.29500e+02  9.64547e-03 
 1.30000e+02  9.64862e-03 
 1.30500e+02  9.65118e-03 
 1.31000e+02  9.64759e-03 
 1.31500e+02  9.66027e-03 
 1.32000e+02  9.66323e-03 
 1.32500e+02  9.66564e-03 
 1.33000e+02  9.66718e-03 
 1.33500e+02  9.67299e-03 
 1.34000e+02  9.67950e-03 
 1.34500e+02  9.67601e-03 
 1.35000e+02  9.67910e-03 
 1.35500e+02  9.68004e-03 
 1.36000e+02  9.67506e-03 
 1.36500e+02  9.67280e-03 
 1.37000e+02  9.67246e-03 
 1.37500e+02  9.67901e-03 
 1.38000e+02  9.66984e-03 
 1.38500e+02  9.68642e-03 
 1.39000e+02  9.67549e-03 
 1.39500e+02  9.67568e-03 
 1.40000e+02  9.69014e-03 
 1.40500e+02  9.68435e-03 
 1.41000e+02  9.68730e-03 
 1.41500e+02  9.70062e-03 
 1.42000e+02  9.69981e-03 
 1.42500e+02  9.69961e-03 
 1.43000e+02  9.69703e-03 
 1.43500e+02  9.70031e-03 
 1.44000e+02  9.71526e-03 
 1.44500e+02  9.70434e-03 
 1.45000e+02  9.70447e-03 
 1.45500e+02  9.71183e-03 
 1.46000e+02  9.72049e-03 
 1.46500e+02  9.71199e-03 
 1.47000e+02  9.72190e-03 
 1.47500e+02  9.71756e-03 
 1.48000e+02  9.71473e-03 
 1.48500e+02  9.71757e-03 
 1.49000e+02  9.71439e-03 
 1.49500e+02  9.71100e-03 
 1.50000e+02  9.71568e-03 
 1.50500e+02  9.71829e-03 
 1.51000e+02  9.72005e-03 
 1.51500e+02  9.73228e-03 
 1.52000e+02  9.74233e-03 
 1.52500e+02  9.73611e-03 
 1.53000e+02  9.74506e-03 
 1.53500e+02  9.74101e-03 
 1.54000e+02  9.74494e-03 
 1.54500e+02  9.74650e-03 
 1.55000e+02  9.72787e-03 
 1.55500e+02  9.72519e-03 
 1.56000e+02  9.72841e-03 
 1.56500e+02  9.72806e-03 
 1.57000e+02  9.72844e-03 
 1.57500e+02  9.72507e-03 
 1.58000e+02  9.70631e-03 
 1.58500e+02  9.71517e-03 
 1.59000e+02  9.71651e-03 
 1.59500e+02  9.70572e-03 
 1.60000e+02  9.71208e-03 
 1.60500e+02  9.72850e-03 
 1.61000e+02  9.71726e-03 
 1.61500e+02  9.71373e-03 
 1.62000e+02  9.71721e-03 
 1.62500e+02  9.71823e-03 
 1.63000e+02  9.72821e-03 
 1.63500e+02  9.72569e-03 
 1.64000e+02  9.72752e-03 
 1.64500e+02  9.72766e-03 
 1.65000e+02  9.73460e-03 
 1.65500e+02  9.73507e-03 
 1.66000e+02  9.73962e-03 
 1.66500e+02  9.74352e-03 
 1.67000e+02  9.75286e-03 
 1.67500e+02  9.73812e-03 
 1.68000e+02  9.71499e-03 
 1.68500e+02  9.72527e-03 
 1.69000e+02  9.72231e-03 
 1.69500e+02  9.72498e-03 
 1.70000e+02  9.72094e-03 
 1.70500e+02  9.72369e-03 
 1.71000e+02  9.71085e-03 
 1.71500e+02  9.69597e-03 
 1.72000e+02  9.69585e-03 
 1.72500e+02  9.70238e-03 
 1.73000e+02  9.69625e-03 
 1.73500e+02  9.68134e-03 
 1.74000e+02  9.69339e-03 
 1.74500e+02  9.69110e-03 
 1.75000e+02  9.69298e-03 
 1.75500e+02  9.69239e-03 
 1.76000e+02  9.70570e-03 
 1.76500e+02  9.70024e-03 
 1.77000e+02  9.69200e-03 
 1.77500e+02  9.69202e-03 
 1.78000e+02  9.70228e-03 
 1.78500e+02  9.68889e-03 
 1.79000e+02  9.69152e-03 
 1.79500e+02  9.69146e-03 
 1.80000e+02  9.69646e-03 
 1.80500e+02  9.69123e-03 
 1.81000e+02  9.67970e-03 
 1.81500e+02  9.67660e-03 
 1.82000e+02  9.67035e-03 
 1.82500e+02  9.67575e-03 
 1.83000e+02  9.66710e-03 
 1.83500e+02  9.66576e-03 
 1.84000e+02  9.65685e-03 
 1.84500e+02  9.65388e-03 
 1.85000e+02  9.65722e-03 
 1.85500e+02  9.65453e-03 
 1.86000e+02  9.64955e-03 
 1.86500e+02  9.64872e-03 
 1.87000e+02  9.64507e-03 
 1.87500e+02  9.64229e-03 
 1.88000e+02  9.64146e-03 
 1.88500e+02  9.62772e-03 
 1.89000e+02  9.63741e-03 
 1.89500e+02  9.63390e-03 
 1.90000e+02  9.64431e-03 
 1.90500e+02  9.63325e-03 
 1.91000e+02  9.62346e-03 
 1.91500e+02  9.62401e-03 
 1.92000e+02  9.62074e-03 
 1.92500e+02  9.60857e-03 
 1.93000e+02  9.60392e-03 
 1.93500e+02  9.59753e-03 
 1.94000e+02  9.58599e-03 
 1.94500e+02  9.57871e-03 
 1.95000e+02  9.56242e-03 
 1.95500e+02  9.55918e-03 
 1.96000e+02  9.55672e-03 
 1.96500e+02  9.54722e-03 
 1.97000e+02  9.53271e-03 
 1.97500e+02  9.52856e-03 
 1.98000e+02  9.51986e-03 
 1.98500e+02  9.50221e-03 
 1.99000e+02  9.49381e-03 
 1.99500e+02  9.47212e-03 
 2.00000e+02  9.47379e-03 
 2.00500e+02  9.46865e-03 
 2.01000e+02  9.45536e-03 
 2.01500e+02  9.43185e-03 
 2.02000e+02  9.40354e-03 
 2.02500e+02  9.37499e-03 
 2.03000e+02  9.35136e-03 
 2.03500e+02  9.34210e-03 
 2.04000e+02  9.34498e-03 
 2.04500e+02  9.33613e-03 
 2.05000e+02  9.32554e-03 
 2.05500e+02  9.30515e-03 
 2.06000e+02  9.28434e-03 
 2.06500e+02  9.26178e-03 
 2.07000e+02  9.22846e-03 
 2.07500e+02  9.21545e-03 
 2.08000e+02  9.19372e-03 
 2.08500e+02  9.17866e-03 
 2.09000e+02  9.15812e-03 
 2.09500e+02  9.13395e-03 
 2.10000e+02  9.12052e-03 
 2.10500e+02  9.11131e-03 
 2.11000e+02  9.07834e-03 
 2.11500e+02  9.05379e-03 
 2.12000e+02  9.01649e-03 
 2.12500e+02  8.97384e-03 
 2.13000e+02  8.94197e-03 
 2.13500e+02  8.91730e-03 
 2.14000e+02  8.88431e-03 
 2.14500e+02  8.86733e-03 
 2.15000e+02  8.84936e-03 
 2.15500e+02  8.80971e-03 
 2.16000e+02  8.78481e-03 
 2.16500e+02  8.76373e-03 
 2.17000e+02  8.72778e-03 
 2.17500e+02  8.68973e-03 
 2.18000e+02  8.65701e-03 
 2.18500e+02  8.64214e-03 
 2.19000e+02  8.61682e-03 
 2.19500e+02  8.58523e-03 
 2.20000e+02  8.56122e-03 
 2.20500e+02  8.52145e-03 
 2.21000e+02  8.48617e-03 
 2.21500e+02  8.44198e-03 
 2.22000e+02  8.40760e-03 
 2.22500e+02  8.36786e-03 
 2.23000e+02  8.33968e-03 
 2.23500e+02  8.30211e-03 
 2.24000e+02  8.28013e-03 
 2.24500e+02  8.24793e-03 
 2.25000e+02  8.20590e-03 
 2.25500e+02  8.16857e-03 
 2.26000e+02  8.12773e-03 
 2.26500e+02  8.07922e-03 
 2.27000e+02  8.04240e-03 
 2.27500e+02  8.00120e-03 
 2.28000e+02  7.95800e-03 
 2.28500e+02  7.91341e-03 
 2.29000e+02  7.86257e-03 
 2.29500e+02  7.81104e-03 
 2.30000e+02  7.74945e-03 
 2.30500e+02  7.70391e-03 
 2.31000e+02  7.64755e-03 
 2.31500e+02  7.58616e-03 
 2.32000e+02  7.54627e-03 
 2.32500e+02  7.50073e-03 
 2.33000e+02  7.43364e-03 
 2.33500e+02  7.38166e-03 
 2.34000e+02  7.34317e-03 
 2.34500e+02  7.29033e-03 
 2.35000e+02  7.23227e-03 
 2.35500e+02  7.15711e-03 
 2.36000e+02  7.09203e-03 
 2.36500e+02  7.02898e-03 
 2.37000e+02  6.96426e-03 
 2.37500e+02  6.89822e-03 
 2.38000e+02  6.83167e-03 
 2.38500e+02  6.76612e-03 
 2.39000e+02  6.68895e-03 
 2.39500e+02  6.61484e-03 
 2.40000e+02  6.54350e-03 
 2.40500e+02  6.45687e-03 
 2.41000e+02  6.38037e-03 
 2.41500e+02  6.29108e-03 
 2.42000e+02  6.21220e-03 
 2.42500e+02  6.13082e-03 
 2.43000e+02  6.05047e-03 
 2.43500e+02  5.95171e-03 
 2.44000e+02  5.85882e-03 
 2.44500e+02  5.76300e-03 
 2.45000e+02  5.65770e-03 
 2.45500e+02  5.57081e-03 
 2.46000e+02  5.47308e-03 
 2.46500e+02  5.36241e-03 
 2.47000e+02  5.25337e-03 
 2.47500e+02  5.13994e-03 
 2.48000e+02  5.03256e-03 
 2.48500e+02  4.91677e-03 
 2.49000e+02  4.80172e-03 
 2.49500e+02  4.66950e-03 
 2.50000e+02  4.54850e-03 
 2.50500e+02  4.41707e-03 
 2.51000e+02  4.28188e-03 
 2.51500e+02  4.14588e-03 
 2.52000e+02  4.01097e-03 
 2.52500e+02  3.88033e-03 
 2.53000e+02  3.74580e-03 
 2.53500e+02  3.60638e-03 
 2.54000e+02  3.47470e-03 
 2.54500e+02  3.34852e-03 
 2.55000e+02  3.21532e-03 
 2.55500e+02  3.08878e-03 
 2.56000e+02  2.96938e-03 
 2.56500e+02  2.84342e-03 
 2.57000e+02  2.72228e-03 
 2.57500e+02  2.60048e-03 
 2.58000e+02  2.48103e-03 
 2.58500e+02  2.37218e-03 
 2.59000e+02  2.26600e-03 
 2.59500e+02  2.16065e-03 
 2.60000e+02  2.05874e-03 
 2.60500e+02  1.96704e-03 
 2.61000e+02  1.87679e-03 
 2.61500e+02  1.78993e-03 
 2.62000e+02  1.71091e-03 
 2.62500e+02  1.63277e-03 
 2.63000e+02  1.56267e-03 
 2.63500e+02  1.49328e-03 
 2.64000e+02  1.43252e-03 
 2.64500e+02  1.37010e-03 
 2.65000e+02  1.31319e-03 
 2.65500e+02  1.26366e-03 
 2.66000e+02  1.21469e-03 
 2.66500e+02  1.16890e-03 
 2.67000e+02  1.11958e-03 
 2.67500e+02  1.07613e-03 
 2.68000e+02  1.03016e-03 
 2.68500e+02  9.84730e-04 
 2.69000e+02  9.49420e-04 
 2.69500e+02  9.12518e-04 
 2.70000e+02  8.76584e-04 
 2.70500e+02  8.45886e-04 
 2.71000e+02  8.11634e-04 
 2.71500e+02  7.84571e-04 
 2.72000e+02  7.54563e-04 
 2.72500e+02  7.23033e-04 
 2.73000e+02  6.95789e-04 
 2.73500e+02  6.67442e-04 
 2.74000e+02  6.41442e-04 
 2.74500e+02  6.16400e-04 
 2.75000e+02  5.93499e-04 
 2.75500e+02  5.73331e-04 
 2.76000e+02  5.50447e-04 
 2.76500e+02  5.30812e-04 
 2.77000e+02  5.05775e-04 
 2.77500e+02  4.84209e-04 
 2.78000e+02  4.62439e-04 
 2.78500e+02  4.42098e-04 
 2.79000e+02  4.24014e-04 
 2.79500e+02  4.06794e-04 
 2.80000e+02  3.91091e-04 
 2.80500e+02  3.71335e-04 
 2.81000e+02  3.54560e-04 
 2.81500e+02  3.37236e-04 
 2.82000e+02  3.21364e-04 
 2.82500e+02  3.06183e-04 
 2.83000e+02  2.92251e-04 
 2.83500e+02  2.76456e-04 
 2.84000e+02  2.60637e-04 
 2.84500e+02  2.48219e-04 
 2.85000e+02  2.34514e-04 
 2.85500e+02  2.22418e-04 
 2.86000e+02  2.11231e-04 
 2.86500e+02  2.00914e-04 
 2.87000e+02  1.92374e-04 
 2.87500e+02  1.81871e-04 
 2.88000e+02  1.73324e-04 
 2.88500e+02  1.64461e-04 
 2.89000e+02  1.57569e-04 
 2.89500e+02  1.51306e-04 
 2.90000e+02  1.43392e-04 
 2.90500e+02  1.37219e-04 
 2.91000e+02  1.32433e-04 
 2.91500e+02  1.27402e-04 
 2.92000e+02  1.21915e-04 
 2.92500e+02  1.17618e-04 
 2.93000e+02  1.13548e-04 
 2.93500e+02  1.09993e-04 
 2.94000e+02  1.07138e-04 
 2.94500e+02  1.02840e-04 
 2.95000e+02  1.00131e-04 
 2.95500e+02  9.72564e-05 
 2.96000e+02  9.40604e-05 
 2.96500e+02  9.19741e-05 
 2.97000e+02  8.89445e-05 
 2.97500e+02  8.63381e-05 
 2.98000e+02  8.38285e-05 
 2.98500e+02  8.11037e-05 
 2.99000e+02  7.91325e-05 
 2.99500e+02  7.67589e-05 
 3.00000e+02  7.49637e-05 
 3.00500e+02  7.33037e-05 
 3.01000e+02  7.19509e-05 
 3.01500e+02  6.88029e-05 
 3.02000e+02  6.75805e-05 
 3.02500e+02  6.65421e-05 
 3.03000e+02  6.52094e-05 
 3.03500e+02  6.30910e-05 
 3.04000e+02  6.13598e-05 
 3.04500e+02  5.94686e-05 
 3.05000e+02  5.80022e-05 
 3.05500e+02  5.65326e-05 
 3.06000e+02  5.49222e-05 
 3.06500e+02  5.40310e-05 
 3.07000e+02  5.30734e-05 
 3.07500e+02  5.11614e-05 
 3.08000e+02  5.04494e-05 
 3.08500e+02  4.90302e-05 
 3.09000e+02  4.79750e-05 
 3.09500e+02  4.57406e-05 
 3.10000e+02  4.47310e-05 
 3.10500e+02  4.38966e-05 
 3.11000e+02  4.29766e-05 
 3.11500e+02  4.21446e-05 
 3.12000e+02  4.12478e-05 
 3.12500e+02  3.94143e-05 
 3.13000e+02  3.85047e-05 
 3.13500e+02  3.71815e-05 
 3.14000e+02  3.63039e-05 
 3.14500e+02  3.47007e-05 
 3.15000e+02  3.40607e-05 
 3.15500e+02  3.27599e-05 
 3.16000e+02  3.15111e-05 
 3.16500e+02  3.02759e-05 
 3.17000e+02  2.86383e-05 
 3.17500e+02  2.74007e-05 
 3.18000e+02  2.56423e-05 
 3.18500e+02  2.42791e-05 
 3.19000e+02  2.27599e-05 
 3.19500e+02  2.25103e-05 
