 0.00000e+00  2.20800e-05 
 5.00000e-01  2.22560e-05 
 1.00000e+00  2.38280e-05 
 1.50000e+00  2.50672e-05 
 2.00000e+00  2.68392e-05 
 2.50000e+00  2.78112e-05 
 3.00000e+00  2.91152e-05 
 3.50000e+00  3.06328e-05 
 4.00000e+00  3.17048e-05 
 4.50000e+00  3.27216e-05 
 5.00000e+00  3.42512e-05 
 5.50000e+00  3.53744e-05 
 6.00000e+00  3.71392e-05 
 6.50000e+00  3.74336e-05 
 7.00000e+00  3.90168e-05 
 7.50000e+00  3.94736e-05 
 8.00000e+00  4.05400e-05 
 8.50000e+00  4.14368e-05 
 9.00000e+00  4.38136e-05 
 9.50000e+00  4.44832e-05 
 1.00000e+01  4.57728e-05 
 1.05000e+01  4.67928e-05 
 1.10000e+01  4.80888e-05 
 1.15000e+01  4.95112e-05 
 1.20000e+01  5.05856e-05 
 1.25000e+01  5.17664e-05 
 1.30000e+01  5.35616e-05 
 1.35000e+01  5.49904e-05 
 1.40000e+01  5.61800e-05 
 1.45000e+01  5.76176e-05 
 1.50000e+01  5.93144e-05 
 1.55000e+01  6.03384e-05 
 1.60000e+01  6.21256e-05 
 1.65000e+01  6.38704e-05 
 1.70000e+01  6.53704e-05 
 1.75000e+01  6.71952e-05 
 1.80000e+01  6.88912e-05 
 1.85000e+01  7.04344e-05 
 1.90000e+01  7.27584e-05 
 1.95000e+01  7.51056e-05 
 2.00000e+01  7.67496e-05 
 2.05000e+01  7.90544e-05 
 2.10000e+01  8.13072e-05 
 2.15000e+01  8.30376e-05 
 2.20000e+01  8.60584e-05 
 2.25000e+01  8.83280e-05 
 2.30000e+01  9.08088e-05 
 2.35000e+01  9.39232e-05 
 2.40000e+01  9.65576e-05 
 2.45000e+01  9.92064e-05 
 2.50000e+01  1.02393e-04 
 2.55000e+01  1.06027e-04 
 2.60000e+01  1.09350e-04 
 2.65000e+01  1.14572e-04 
 2.70000e+01  1.18749e-04 
 2.75000e+01  1.22675e-04 
 2.80000e+01  1.26952e-04 
 2.85000e+01  1.33394e-04 
 2.90000e+01  1.38581e-04 
 2.95000e+01  1.44604e-04 
 3.00000e+01  1.51027e-04 
 3.05000e+01  1.57292e-04 
 3.10000e+01  1.65190e-04 
 3.15000e+01  1.73869e-04 
 3.20000e+01  1.84113e-04 
 3.25000e+01  1.93714e-04 
 3.30000e+01  2.03470e-04 
 3.35000e+01  2.13445e-04 
 3.40000e+01  2.26376e-04 
 3.45000e+01  2.38816e-04 
 3.50000e+01  2.50927e-04 
 3.55000e+01  2.66252e-04 
 3.60000e+01  2.80228e-04 
 3.65000e+01  2.95446e-04 
 3.70000e+01  3.10213e-04 
 3.75000e+01  3.25984e-04 
 3.80000e+01  3.43433e-04 
 3.85000e+01  3.60914e-04 
 3.90000e+01  3.78259e-04 
 3.95000e+01  3.93515e-04 
 4.00000e+01  4.13378e-04 
 4.05000e+01  4.30040e-04 
 4.10000e+01  4.49370e-04 
 4.15000e+01  4.71926e-04 
 4.20000e+01  4.90720e-04 
 4.25000e+01  5.12310e-04 
 4.30000e+01  5.34626e-04 
 4.35000e+01  5.56617e-04 
 4.40000e+01  5.79394e-04 
 4.45000e+01  6.06671e-04 
 4.50000e+01  6.31406e-04 
 4.55000e+01  6.56530e-04 
 4.60000e+01  6.83137e-04 
 4.65000e+01  7.14099e-04 
 4.70000e+01  7.39665e-04 
 4.75000e+01  7.69667e-04 
 4.80000e+01  7.97258e-04 
 4.85000e+01  8.29638e-04 
 4.90000e+01  8.64241e-04 
 4.95000e+01  9.01906e-04 
 5.00000e+01  9.34377e-04 
 5.05000e+01  9.76530e-04 
 5.10000e+01  1.02060e-03 
 5.15000e+01  1.06102e-03 
 5.20000e+01  1.10254e-03 
 5.25000e+01  1.14926e-03 
 5.30000e+01  1.19759e-03 
 5.35000e+01  1.24690e-03 
 5.40000e+01  1.30300e-03 
 5.45000e+01  1.35712e-03 
 5.50000e+01  1.41461e-03 
 5.55000e+01  1.47862e-03 
 5.60000e+01  1.54230e-03 
 5.65000e+01  1.61254e-03 
 5.70000e+01  1.69043e-03 
 5.75000e+01  1.76686e-03 
 5.80000e+01  1.84941e-03 
 5.85000e+01  1.93824e-03 
 5.90000e+01  2.02987e-03 
 5.95000e+01  2.12711e-03 
 6.00000e+01  2.22394e-03 
 6.05000e+01  2.33522e-03 
 6.10000e+01  2.45003e-03 
 6.15000e+01  2.56638e-03 
 6.20000e+01  2.67840e-03 
 6.25000e+01  2.78796e-03 
 6.30000e+01  2.90656e-03 
 6.35000e+01  3.03058e-03 
 6.40000e+01  3.15477e-03 
 6.45000e+01  3.28454e-03 
 6.50000e+01  3.41295e-03 
 6.55000e+01  3.54107e-03 
 6.60000e+01  3.67297e-03 
 6.65000e+01  3.80850e-03 
 6.70000e+01  3.94129e-03 
 6.75000e+01  4.07318e-03 
 6.80000e+01  4.20194e-03 
 6.85000e+01  4.33652e-03 
 6.90000e+01  4.47277e-03 
 6.95000e+01  4.59518e-03 
 7.00000e+01  4.71591e-03 
 7.05000e+01  4.83956e-03 
 7.10000e+01  4.95837e-03 
 7.15000e+01  5.07204e-03 
 7.20000e+01  5.18026e-03 
 7.25000e+01  5.29244e-03 
 7.30000e+01  5.40640e-03 
 7.35000e+01  5.50972e-03 
 7.40000e+01  5.60281e-03 
 7.45000e+01  5.70401e-03 
 7.50000e+01  5.80753e-03 
 7.55000e+01  5.90550e-03 
 7.60000e+01  5.99637e-03 
 7.65000e+01  6.07143e-03 
 7.70000e+01  6.16903e-03 
 7.75000e+01  6.27686e-03 
 7.80000e+01  6.36118e-03 
 7.85000e+01  6.43784e-03 
 7.90000e+01  6.52388e-03 
 7.95000e+01  6.61531e-03 
 8.00000e+01  6.68603e-03 
 8.05000e+01  6.75539e-03 
 8.10000e+01  6.81085e-03 
 8.15000e+01  6.88798e-03 
 8.20000e+01  6.94898e-03 
 8.25000e+01  7.00796e-03 
 8.30000e+01  7.07879e-03 
 8.35000e+01  7.14705e-03 
 8.40000e+01  7.21441e-03 
 8.45000e+01  7.26965e-03 
 8.50000e+01  7.32763e-03 
 8.55000e+01  7.38313e-03 
 8.60000e+01  7.41879e-03 
 8.65000e+01  7.46817e-03 
 8.70000e+01  7.51228e-03 
 8.75000e+01  7.54682e-03 
 8.80000e+01  7.60617e-03 
 8.85000e+01  7.66017e-03 
 8.90000e+01  7.69599e-03 
 8.95000e+01  7.74751e-03 
 9.00000e+01  7.80392e-03 
 9.05000e+01  7.84325e-03 
 9.10000e+01  7.88042e-03 
 9.15000e+01  7.94210e-03 
 9.20000e+01  7.99078e-03 
 9.25000e+01  8.04508e-03 
 9.30000e+01  8.08878e-03 
 9.35000e+01  8.12852e-03 
 9.40000e+01  8.18337e-03 
 9.45000e+01  8.22702e-03 
 9.50000e+01  8.27101e-03 
 9.55000e+01  8.31346e-03 
 9.60000e+01  8.34755e-03 
 9.65000e+01  8.37765e-03 
 9.70000e+01  8.40784e-03 
 9.75000e+01  8.43408e-03 
 9.80000e+01  8.46945e-03 
 9.85000e+01  8.48977e-03 
 9.90000e+01  8.53261e-03 
 9.95000e+01  8.55427e-03 
 1.00000e+02  8.57171e-03 
 1.00500e+02  8.60149e-03 
 1.01000e+02  8.63165e-03 
 1.01500e+02  8.66676e-03 
 1.02000e+02  8.69535e-03 
 1.02500e+02  8.72437e-03 
 1.03000e+02  8.74824e-03 
 1.03500e+02  8.77701e-03 
 1.04000e+02  8.81503e-03 
 1.04500e+02  8.84647e-03 
 1.05000e+02  8.86584e-03 
 1.05500e+02  8.88996e-03 
 1.06000e+02  8.91936e-03 
 1.06500e+02  8.94605e-03 
 1.07000e+02  8.98080e-03 
 1.07500e+02  8.98600e-03 
 1.08000e+02  9.01054e-03 
 1.08500e+02  9.01999e-03 
 1.09000e+02  9.04406e-03 
 1.09500e+02  9.06579e-03 
 1.10000e+02  9.10143e-03 
 1.10500e+02  9.13321e-03 
 1.11000e+02  9.16504e-03 
 1.11500e+02  9.17901e-03 
 1.12000e+02  9.19832e-03 
 1.12500e+02  9.21396e-03 
 1.13000e+02  9.23326e-03 
 1.13500e+02  9.24293e-03 
 1.14000e+02  9.26722e-03 
 1.14500e+02  9.28444e-03 
 1.15000e+02  9.31433e-03 
 1.15500e+02  9.35184e-03 
 1.16000e+02  9.38329e-03 
 1.16500e+02  9.40667e-03 
 1.17000e+02  9.41467e-03 
 1.17500e+02  9.42433e-03 
 1.18000e+02  9.43893e-03 
 1.18500e+02  9.43355e-03 
 1.19000e+02  9.44586e-03 
 1.19500e+02  9.46066e-03 
 1.20000e+02  9.48464e-03 
 1.20500e+02  9.50614e-03 
 1.21000e+02  9.52588e-03 
 1.21500e+02  9.54924e-03 
 1.22000e+02  9.55738e-03 
 1.22500e+02  9.55385e-03 
 1.23000e+02  9.54941e-03 
 1.23500e+02  9.55931e-03 
 1.24000e+02  9.57442e-03 
 1.24500e+02  9.58213e-03 
 1.25000e+02  9.58738e-03 
 1.25500e+02  9.59388e-03 
 1.26000e+02  9.61610e-03 
 1.26500e+02  9.62124e-03 
 1.27000e+02  9.62364e-03 
 1.27500e+02  9.63592e-03 
 1.28000e+02  9.64145e-03 
 1.28500e+02  9.64111e-03 
 1.29000e+02  9.65266e-03 
 1.29500e+02  9.65279e-03 
 1.30000e+02  9.64958e-03 
 1.30500e+02  9.66928e-03 
 1.31000e+02  9.67740e-03 
 1.31500e+02  9.68403e-03 
 1.32000e+02  9.69721e-03 
 1.32500e+02  9.68630e-03 
 1.33000e+02  9.69179e-03 
 1.33500e+02  9.69278e-03 
 1.34000e+02  9.70590e-03 
 1.34500e+02  9.69672e-03 
 1.35000e+02  9.70177e-03 
 1.35500e+02  9.70228e-03 
 1.36000e+02  9.70056e-03 
 1.36500e+02  9.69922e-03 
 1.37000e+02  9.72215e-03 
 1.37500e+02  9.71107e-03 
 1.38000e+02  9.71665e-03 
 1.38500e+02  9.71522e-03 
 1.39000e+02  9.71239e-03 
 1.39500e+02  9.71694e-03 
 1.40000e+02  9.72487e-03 
 1.40500e+02  9.71052e-03 
 1.41000e+02  9.72041e-03 
 1.41500e+02  9.71412e-03 
 1.42000e+02  9.71564e-03 
 1.42500e+02  9.71651e-03 
 1.43000e+02  9.71573e-03 
 1.43500e+02  9.72186e-03 
 1.44000e+02  9.72387e-03 
 1.44500e+02  9.74437e-03 
 1.45000e+02  9.74563e-03 
 1.45500e+02  9.74179e-03 
 1.46000e+02  9.74256e-03 
 1.46500e+02  9.74817e-03 
 1.47000e+02  9.74427e-03 
 1.47500e+02  9.74482e-03 
 1.48000e+02  9.75609e-03 
 1.48500e+02  9.75442e-03 
 1.49000e+02  9.75092e-03 
 1.49500e+02  9.74729e-03 
 1.50000e+02  9.74813e-03 
 1.50500e+02  9.75050e-03 
 1.51000e+02  9.74596e-03 
 1.51500e+02  9.75096e-03 
 1.52000e+02  9.76015e-03 
 1.52500e+02  9.75722e-03 
 1.53000e+02  9.75465e-03 
 1.53500e+02  9.73703e-03 
 1.54000e+02  9.73749e-03 
 1.54500e+02  9.75098e-03 
 1.55000e+02  9.74705e-03 
 1.55500e+02  9.73803e-03 
 1.56000e+02  9.73576e-03 
 1.56500e+02  9.73785e-03 
 1.57000e+02  9.75123e-03 
 1.57500e+02  9.75644e-03 
 1.58000e+02  9.77124e-03 
 1.58500e+02  9.76344e-03 
 1.59000e+02  9.75387e-03 
 1.59500e+02  9.76373e-03 
 1.60000e+02  9.76621e-03 
 1.60500e+02  9.77134e-03 
 1.61000e+02  9.77537e-03 
 1.61500e+02  9.76911e-03 
 1.62000e+02  9.76460e-03 
 1.62500e+02  9.74402e-03 
 1.63000e+02  9.74468e-03 
 1.63500e+02  9.73301e-03 
 1.64000e+02  9.74246e-03 
 1.64500e+02  9.73544e-03 
 1.65000e+02  9.72892e-03 
 1.65500e+02  9.72196e-03 
 1.66000e+02  9.71837e-03 
 1.66500e+02  9.71415e-03 
 1.67000e+02  9.72797e-03 
 1.67500e+02  9.70857e-03 
 1.68000e+02  9.71761e-03 
 1.68500e+02  9.70546e-03 
 1.69000e+02  9.70984e-03 
 1.69500e+02  9.69434e-03 
 1.70000e+02  9.70303e-03 
 1.70500e+02  9.69070e-03 
 1.71000e+02  9.68965e-03 
 1.71500e+02  9.69722e-03 
 1.72000e+02  9.69859e-03 
 1.72500e+02  9.70079e-03 
 1.73000e+02  9.70616e-03 
 1.73500e+02  9.69996e-03 
 1.74000e+02  9.70326e-03 
 1.74500e+02  9.70686e-03 
 1.75000e+02  9.70154e-03 
 1.75500e+02  9.70060e-03 
 1.76000e+02  9.70453e-03 
 1.76500e+02  9.70929e-03 
 1.77000e+02  9.70077e-03 
 1.77500e+02  9.70239e-03 
 1.78000e+02  9.70535e-03 
 1.78500e+02  9.70895e-03 
 1.79000e+02  9.70590e-03 
 1.79500e+02  9.69918e-03 
 1.80000e+02  9.69757e-03 
 1.80500e+02  9.70636e-03 
 1.81000e+02  9.70426e-03 
 1.81500e+02  9.70424e-03 
 1.82000e+02  9.71292e-03 
 1.82500e+02  9.69326e-03 
 1.83000e+02  9.68811e-03 
 1.83500e+02  9.67408e-03 
 1.84000e+02  9.67435e-03 
 1.84500e+02  9.66700e-03 
 1.85000e+02  9.67136e-03 
 1.85500e+02  9.67805e-03 
 1.86000e+02  9.69225e-03 
 1.86500e+02  9.69160e-03 
 1.87000e+02  9.68036e-03 
 1.87500e+02  9.68107e-03 
 1.88000e+02  9.68628e-03 
 1.88500e+02  9.68463e-03 
 1.89000e+02  9.67025e-03 
 1.89500e+02  9.67394e-03 
 1.90000e+02  9.66836e-03 
 1.90500e+02  9.66384e-03 
 1.91000e+02  9.66369e-03 
 1.91500e+02  9.67286e-03 
 1.92000e+02  9.66270e-03 
 1.92500e+02  9.64761e-03 
 1.93000e+02  9.63901e-03 
 1.93500e+02  9.62259e-03 
 1.94000e+02  9.60882e-03 
 1.94500e+02  9.59166e-03 
 1.95000e+02  9.56906e-03 
 1.95500e+02  9.56129e-03 
 1.96000e+02  9.55545e-03 
 1.96500e+02  9.55093e-03 
 1.97000e+02  9.52685e-03 
 1.97500e+02  9.50035e-03 
 1.98000e+02  9.49713e-03 
 1.98500e+02  9.48219e-03 
 1.99000e+02  9.45866e-03 
 1.99500e+02  9.43848e-03 
 2.00000e+02  9.42454e-03 
 2.00500e+02  9.42060e-03 
 2.01000e+02  9.42076e-03 
 2.01500e+02  9.39752e-03 
 2.02000e+02  9.38614e-03 
 2.02500e+02  9.37039e-03 
 2.03000e+02  9.36512e-03 
 2.03500e+02  9.33992e-03 
 2.04000e+02  9.32070e-03 
 2.04500e+02  9.28872e-03 
 2.05000e+02  9.27016e-03 
 2.05500e+02  9.26028e-03 
 2.06000e+02  9.22894e-03 
 2.06500e+02  9.21739e-03 
 2.07000e+02  9.18925e-03 
 2.07500e+02  9.16883e-03 
 2.08000e+02  9.14892e-03 
 2.08500e+02  9.13215e-03 
 2.09000e+02  9.09708e-03 
 2.09500e+02  9.09066e-03 
 2.10000e+02  9.07559e-03 
 2.10500e+02  9.05252e-03 
 2.11000e+02  9.02532e-03 
 2.11500e+02  9.01471e-03 
 2.12000e+02  8.98482e-03 
 2.12500e+02  8.96416e-03 
 2.13000e+02  8.92432e-03 
 2.13500e+02  8.89297e-03 
 2.14000e+02  8.87091e-03 
 2.14500e+02  8.86033e-03 
 2.15000e+02  8.84701e-03 
 2.15500e+02  8.82220e-03 
 2.16000e+02  8.78525e-03 
 2.16500e+02  8.75690e-03 
 2.17000e+02  8.73122e-03 
 2.17500e+02  8.71796e-03 
 2.18000e+02  8.68486e-03 
 2.18500e+02  8.65283e-03 
 2.19000e+02  8.61555e-03 
 2.19500e+02  8.57809e-03 
 2.20000e+02  8.53890e-03 
 2.20500e+02  8.51478e-03 
 2.21000e+02  8.47637e-03 
 2.21500e+02  8.42987e-03 
 2.22000e+02  8.39332e-03 
 2.22500e+02  8.35913e-03 
 2.23000e+02  8.31932e-03 
 2.23500e+02  8.28626e-03 
 2.24000e+02  8.24831e-03 
 2.24500e+02  8.20000e-03 
 2.25000e+02  8.17077e-03 
 2.25500e+02  8.13840e-03 
 2.26000e+02  8.10604e-03 
 2.26500e+02  8.05265e-03 
 2.27000e+02  8.00157e-03 
 2.27500e+02  7.95118e-03 
 2.28000e+02  7.90585e-03 
 2.28500e+02  7.83789e-03 
 2.29000e+02  7.78646e-03 
 2.29500e+02  7.72437e-03 
 2.30000e+02  7.66734e-03 
 2.30500e+02  7.61425e-03 
 2.31000e+02  7.56095e-03 
 2.31500e+02  7.50882e-03 
 2.32000e+02  7.46359e-03 
 2.32500e+02  7.41868e-03 
 2.33000e+02  7.36998e-03 
 2.33500e+02  7.30685e-03 
 2.34000e+02  7.24472e-03 
 2.34500e+02  7.19307e-03 
 2.35000e+02  7.13493e-03 
 2.35500e+02  7.08702e-03 
 2.36000e+02  7.02936e-03 
 2.36500e+02  6.97989e-03 
 2.37000e+02  6.91454e-03 
 2.37500e+02  6.84998e-03 
 2.38000e+02  6.78601e-03 
 2.38500e+02  6.70947e-03 
 2.39000e+02  6.63888e-03 
 2.39500e+02  6.54568e-03 
 2.40000e+02  6.46640e-03 
 2.40500e+02  6.38527e-03 
 2.41000e+02  6.31513e-03 
 2.41500e+02  6.22744e-03 
 2.42000e+02  6.14706e-03 
 2.42500e+02  6.07149e-03 
 2.43000e+02  5.97753e-03 
 2.43500e+02  5.90110e-03 
 2.44000e+02  5.80578e-03 
 2.44500e+02  5.71442e-03 
 2.45000e+02  5.60727e-03 
 2.45500e+02  5.51517e-03 
 2.46000e+02  5.41612e-03 
 2.46500e+02  5.30834e-03 
 2.47000e+02  5.20035e-03 
 2.47500e+02  5.10760e-03 
 2.48000e+02  5.00324e-03 
 2.48500e+02  4.88972e-03 
 2.49000e+02  4.78475e-03 
 2.49500e+02  4.67265e-03 
 2.50000e+02  4.55152e-03 
 2.50500e+02  4.43423e-03 
 2.51000e+02  4.31679e-03 
 2.51500e+02  4.18877e-03 
 2.52000e+02  4.05585e-03 
 2.52500e+02  3.92746e-03 
 2.53000e+02  3.78823e-03 
 2.53500e+02  3.64915e-03 
 2.54000e+02  3.52435e-03 
 2.54500e+02  3.38614e-03 
 2.55000e+02  3.25790e-03 
 2.55500e+02  3.13424e-03 
 2.56000e+02  3.01678e-03 
 2.56500e+02  2.89309e-03 
 2.57000e+02  2.77542e-03 
 2.57500e+02  2.65735e-03 
 2.58000e+02  2.54725e-03 
 2.58500e+02  2.42786e-03 
 2.59000e+02  2.31455e-03 
 2.59500e+02  2.20424e-03 
 2.60000e+02  2.10148e-03 
 2.60500e+02  2.00442e-03 
 2.61000e+02  1.91264e-03 
 2.61500e+02  1.82217e-03 
 2.62000e+02  1.73993e-03 
 2.62500e+02  1.66153e-03 
 2.63000e+02  1.59028e-03 
 2.63500e+02  1.52499e-03 
 2.64000e+02  1.45860e-03 
 2.64500e+02  1.39911e-03 
 2.65000e+02  1.34330e-03 
 2.65500e+02  1.28951e-03 
 2.66000e+02  1.22986e-03 
 2.66500e+02  1.18595e-03 
 2.67000e+02  1.13545e-03 
 2.67500e+02  1.08798e-03 
 2.68000e+02  1.04519e-03 
 2.68500e+02  1.00596e-03 
 2.69000e+02  9.62283e-04 
 2.69500e+02  9.26458e-04 
 2.70000e+02  8.93710e-04 
 2.70500e+02  8.58004e-04 
 2.71000e+02  8.26490e-04 
 2.71500e+02  7.94240e-04 
 2.72000e+02  7.62730e-04 
 2.72500e+02  7.35015e-04 
 2.73000e+02  7.03522e-04 
 2.73500e+02  6.77324e-04 
 2.74000e+02  6.49629e-04 
 2.74500e+02  6.25321e-04 
 2.75000e+02  6.00999e-04 
 2.75500e+02  5.76023e-04 
 2.76000e+02  5.50874e-04 
 2.76500e+02  5.29980e-04 
 2.77000e+02  5.08321e-04 
 2.77500e+02  4.86346e-04 
 2.78000e+02  4.66492e-04 
 2.78500e+02  4.45626e-04 
 2.79000e+02  4.25659e-04 
 2.79500e+02  4.07300e-04 
 2.80000e+02  3.90858e-04 
 2.80500e+02  3.72054e-04 
 2.81000e+02  3.57345e-04 
 2.81500e+02  3.39070e-04 
 2.82000e+02  3.23465e-04 
 2.82500e+02  3.06807e-04 
 2.83000e+02  2.91274e-04 
 2.83500e+02  2.77054e-04 
 2.84000e+02  2.63379e-04 
 2.84500e+02  2.49989e-04 
 2.85000e+02  2.34896e-04 
 2.85500e+02  2.23295e-04 
 2.86000e+02  2.10384e-04 
 2.86500e+02  2.00937e-04 
 2.87000e+02  1.90788e-04 
 2.87500e+02  1.80522e-04 
 2.88000e+02  1.70308e-04 
 2.88500e+02  1.62886e-04 
 2.89000e+02  1.56620e-04 
 2.89500e+02  1.49929e-04 
 2.90000e+02  1.42305e-04 
 2.90500e+02  1.37331e-04 
 2.91000e+02  1.32190e-04 
 2.91500e+02  1.26314e-04 
 2.92000e+02  1.21254e-04 
 2.92500e+02  1.17420e-04 
 2.93000e+02  1.13662e-04 
 2.93500e+02  1.09821e-04 
 2.94000e+02  1.06339e-04 
 2.94500e+02  1.02924e-04 
 2.95000e+02  9.99240e-05 
 2.95500e+02  9.67472e-05 
 2.96000e+02  9.37896e-05 
 2.96500e+02  9.14728e-05 
 2.97000e+02  8.90856e-05 
 2.97500e+02  8.58272e-05 
 2.98000e+02  8.38760e-05 
 2.98500e+02  8.10800e-05 
 2.99000e+02  7.87776e-05 
 2.99500e+02  7.68024e-05 
 3.00000e+02  7.44640e-05 
 3.00500e+02  7.26184e-05 
 3.01000e+02  7.12032e-05 
 3.01500e+02  6.91864e-05 
 3.02000e+02  6.73184e-05 
 3.02500e+02  6.61248e-05 
 3.03000e+02  6.46640e-05 
 3.03500e+02  6.31376e-05 
 3.04000e+02  6.07568e-05 
 3.04500e+02  5.93016e-05 
 3.05000e+02  5.75104e-05 
 3.05500e+02  5.63024e-05 
 3.06000e+02  5.53344e-05 
 3.06500e+02  5.38952e-05 
 3.07000e+02  5.22960e-05 
 3.07500e+02  5.10616e-05 
 3.08000e+02  4.92728e-05 
 3.08500e+02  4.85352e-05 
 3.09000e+02  4.76472e-05 
 3.09500e+02  4.64976e-05 
 3.10000e+02  4.47912e-05 
 3.10500e+02  4.28808e-05 
 3.11000e+02  4.18352e-05 
 3.11500e+02  4.10288e-05 
 3.12000e+02  3.98976e-05 
 3.12500e+02  3.84432e-05 
 3.13000e+02  3.72608e-05 
 3.13500e+02  3.60592e-05 
 3.14000e+02  3.51560e-05 
 3.14500e+02  3.38792e-05 
 3.15000e+02  3.28008e-05 
 3.15500e+02  3.14544e-05 
 3.16000e+02  3.09184e-05 
 3.16500e+02  2.93008e-05 
 3.17000e+02  2.80432e-05 
 3.17500e+02  2.64448e-05 
 3.18000e+02  2.48464e-05 
 3.18500e+02  2.36880e-05 
 3.19000e+02  2.21376e-05 
 3.19500e+02  2.20696e-05 
