 0.00000e+00  2.20264e-05 
 5.00000e-01  2.22112e-05 
 1.00000e+00  2.34328e-05 
 1.50000e+00  2.47200e-05 
 2.00000e+00  2.62864e-05 
 2.50000e+00  2.78040e-05 
 3.00000e+00  2.86888e-05 
 3.50000e+00  3.00264e-05 
 4.00000e+00  3.08632e-05 
 4.50000e+00  3.21720e-05 
 5.00000e+00  3.34512e-05 
 5.50000e+00  3.46736e-05 
 6.00000e+00  3.57728e-05 
 6.50000e+00  3.69696e-05 
 7.00000e+00  3.77224e-05 
 7.50000e+00  3.86320e-05 
 8.00000e+00  4.03624e-05 
 8.50000e+00  4.17680e-05 
 9.00000e+00  4.27944e-05 
 9.50000e+00  4.41280e-05 
 1.00000e+01  4.46544e-05 
 1.05000e+01  4.62328e-05 
 1.10000e+01  4.73400e-05 
 1.15000e+01  4.91472e-05 
 1.20000e+01  5.00584e-05 
 1.25000e+01  5.05976e-05 
 1.30000e+01  5.17080e-05 
 1.35000e+01  5.39688e-05 
 1.40000e+01  5.49120e-05 
 1.45000e+01  5.62264e-05 
 1.50000e+01  5.80912e-05 
 1.55000e+01  5.90912e-05 
 1.60000e+01  6.11360e-05 
 1.65000e+01  6.20952e-05 
 1.70000e+01  6.34064e-05 
 1.75000e+01  6.51088e-05 
 1.80000e+01  6.67632e-05 
 1.85000e+01  6.87424e-05 
 1.90000e+01  7.07360e-05 
 1.95000e+01  7.24128e-05 
 2.00000e+01  7.48264e-05 
 2.05000e+01  7.70880e-05 
 2.10000e+01  7.92576e-05 
 2.15000e+01  8.08144e-05 
 2.20000e+01  8.33328e-05 
 2.25000e+01  8.56072e-05 
 2.30000e+01  8.82864e-05 
 2.35000e+01  9.09224e-05 
 2.40000e+01  9.44728e-05 
 2.45000e+01  9.68096e-05 
 2.50000e+01  1.00078e-04 
 2.55000e+01  1.02811e-04 
 2.60000e+01  1.06384e-04 
 2.65000e+01  1.11049e-04 
 2.70000e+01  1.14091e-04 
 2.75000e+01  1.18242e-04 
 2.80000e+01  1.22547e-04 
 2.85000e+01  1.27813e-04 
 2.90000e+01  1.34552e-04 
 2.95000e+01  1.40913e-04 
 3.00000e+01  1.47662e-04 
 3.05000e+01  1.55319e-04 
 3.10000e+01  1.62445e-04 
 3.15000e+01  1.72757e-04 
 3.20000e+01  1.81351e-04 
 3.25000e+01  1.91222e-04 
 3.30000e+01  2.02360e-04 
 3.35000e+01  2.12427e-04 
 3.40000e+01  2.23786e-04 
 3.45000e+01  2.34457e-04 
 3.50000e+01  2.48336e-04 
 3.55000e+01  2.62022e-04 
 3.60000e+01  2.77297e-04 
 3.65000e+01  2.90008e-04 
 3.70000e+01  3.06043e-04 
 3.75000e+01  3.20854e-04 
 3.80000e+01  3.37330e-04 
 3.85000e+01  3.56631e-04 
 3.90000e+01  3.70478e-04 
 3.95000e+01  3.87597e-04 
 4.00000e+01  4.08838e-04 
 4.05000e+01  4.29170e-04 
 4.10000e+01  4.47969e-04 
 4.15000e+01  4.68696e-04 
 4.20000e+01  4.89209e-04 
 4.25000e+01  5.07873e-04 
 4.30000e+01  5.27181e-04 
 4.35000e+01  5.46877e-04 
 4.40000e+01  5.73464e-04 
 4.45000e+01  5.96669e-04 
 4.50000e+01  6.21145e-04 
 4.55000e+01  6.49862e-04 
 4.60000e+01  6.72895e-04 
 4.65000e+01  6.99161e-04 
 4.70000e+01  7.29874e-04 
 4.75000e+01  7.61132e-04 
 4.80000e+01  7.88951e-04 
 4.85000e+01  8.23395e-04 
 4.90000e+01  8.54002e-04 
 4.95000e+01  8.85634e-04 
 5.00000e+01  9.23022e-04 
 5.05000e+01  9.61773e-04 
 5.10000e+01  1.00124e-03 
 5.15000e+01  1.04528e-03 
 5.20000e+01  1.08603e-03 
 5.25000e+01  1.13227e-03 
 5.30000e+01  1.17792e-03 
 5.35000e+01  1.23062e-03 
 5.40000e+01  1.28521e-03 
 5.45000e+01  1.33872e-03 
 5.50000e+01  1.40155e-03 
 5.55000e+01  1.46090e-03 
 5.60000e+01  1.52506e-03 
 5.65000e+01  1.59946e-03 
 5.70000e+01  1.66768e-03 
 5.75000e+01  1.74691e-03 
 5.80000e+01  1.82751e-03 
 5.85000e+01  1.91767e-03 
 5.90000e+01  2.00667e-03 
 5.95000e+01  2.10418e-03 
 6.00000e+01  2.20493e-03 
 6.05000e+01  2.31207e-03 
 6.10000e+01  2.42576e-03 
 6.15000e+01  2.53483e-03 
 6.20000e+01  2.64510e-03 
 6.25000e+01  2.76061e-03 
 6.30000e+01  2.88048e-03 
 6.35000e+01  3.00419e-03 
 6.40000e+01  3.12824e-03 
 6.45000e+01  3.25013e-03 
 6.50000e+01  3.38343e-03 
 6.55000e+01  3.51818e-03 
 6.60000e+01  3.64710e-03 
 6.65000e+01  3.77650e-03 
 6.70000e+01  3.90877e-03 
 6.75000e+01  4.04513e-03 
 6.80000e+01  4.18088e-03 
 6.85000e+01  4.31104e-03 
 6.90000e+01  4.44122e-03 
 6.95000e+01  4.56112e-03 
 7.00000e+01  4.67898e-03 
 7.05000e+01  4.80193e-03 
 7.10000e+01  4.92318e-03 
 7.15000e+01  5.04425e-03 
 7.20000e+01  5.16050e-03 
 7.25000e+01  5.26792e-03 
 7.30000e+01  5.37378e-03 
 7.35000e+01  5.47060e-03 
 7.40000e+01  5.58003e-03 
 7.45000e+01  5.69348e-03 
 7.50000e+01  5.79904e-03 
 7.55000e+01  5.89213e-03 
 7.60000e+01  5.98561e-03 
 7.65000e+01  6.07685e-03 
 7.70000e+01  6.16685e-03 
 7.75000e+01  6.24892e-03 
 7.80000e+01  6.32603e-03 
 7.85000e+01  6.42982e-03 
 7.90000e+01  6.51184e-03 
 7.95000e+01  6.57960e-03 
 8.00000e+01  6.66234e-03 
 8.05000e+01  6.73023e-03 
 8.10000e+01  6.79224e-03 
 8.15000e+01  6.85216e-03 
 8.20000e+01  6.91936e-03 
 8.25000e+01  6.98633e-03 
 8.30000e+01  7.03604e-03 
 8.35000e+01  7.10534e-03 
 8.40000e+01  7.15973e-03 
 8.45000e+01  7.23319e-03 
 8.50000e+01  7.29206e-03 
 8.55000e+01  7.35237e-03 
 8.60000e+01  7.41043e-03 
 8.65000e+01  7.47949e-03 
 8.70000e+01  7.53175e-03 
 8.75000e+01  7.59127e-03 
 8.80000e+01  7.63257e-03 
 8.85000e+01  7.67744e-03 
 8.90000e+01  7.71716e-03 
 8.95000e+01  7.75805e-03 
 9.00000e+01  7.80095e-03 
 9.05000e+01  7.84859e-03 
 9.10000e+01  7.89848e-03 
 9.15000e+01  7.94490e-03 
 9.20000e+01  7.98802e-03 
 9.25000e+01  8.03332e-03 
 9.30000e+01  8.07309e-03 
 9.35000e+01  8.11516e-03 
 9.40000e+01  8.14698e-03 
 9.45000e+01  8.19861e-03 
 9.50000e+01  8.22761e-03 
 9.55000e+01  8.26423e-03 
 9.60000e+01  8.31074e-03 
 9.65000e+01  8.35169e-03 
 9.70000e+01  8.37739e-03 
 9.75000e+01  8.41090e-03 
 9.80000e+01  8.43548e-03 
 9.85000e+01  8.47586e-03 
 9.90000e+01  8.51247e-03 
 9.95000e+01  8.54747e-03 
 1.00000e+02  8.58671e-03 
 1.00500e+02  8.61999e-03 
 1.01000e+02  8.64594e-03 
 1.01500e+02  8.68516e-03 
 1.02000e+02  8.69975e-03 
 1.02500e+02  8.72523e-03 
 1.03000e+02  8.75906e-03 
 1.03500e+02  8.78087e-03 
 1.04000e+02  8.80472e-03 
 1.04500e+02  8.83177e-03 
 1.05000e+02  8.85689e-03 
 1.05500e+02  8.91040e-03 
 1.06000e+02  8.93959e-03 
 1.06500e+02  8.95646e-03 
 1.07000e+02  8.98813e-03 
 1.07500e+02  9.01813e-03 
 1.08000e+02  9.04550e-03 
 1.08500e+02  9.07020e-03 
 1.09000e+02  9.09678e-03 
 1.09500e+02  9.11154e-03 
 1.10000e+02  9.15261e-03 
 1.10500e+02  9.18054e-03 
 1.11000e+02  9.19131e-03 
 1.11500e+02  9.21731e-03 
 1.12000e+02  9.22851e-03 
 1.12500e+02  9.22924e-03 
 1.13000e+02  9.23755e-03 
 1.13500e+02  9.24512e-03 
 1.14000e+02  9.26716e-03 
 1.14500e+02  9.28759e-03 
 1.15000e+02  9.30400e-03 
 1.15500e+02  9.31594e-03 
 1.16000e+02  9.33486e-03 
 1.16500e+02  9.35982e-03 
 1.17000e+02  9.38155e-03 
 1.17500e+02  9.40591e-03 
 1.18000e+02  9.41878e-03 
 1.18500e+02  9.44523e-03 
 1.19000e+02  9.46067e-03 
 1.19500e+02  9.48361e-03 
 1.20000e+02  9.50653e-03 
 1.20500e+02  9.51993e-03 
 1.21000e+02  9.52584e-03 
 1.21500e+02  9.53320e-03 
 1.22000e+02  9.54274e-03 
 1.22500e+02  9.55239e-03 
 1.23000e+02  9.55892e-03 
 1.23500e+02  9.56165e-03 
 1.24000e+02  9.56657e-03 
 1.24500e+02  9.57116e-03 
 1.25000e+02  9.57321e-03 
 1.25500e+02  9.57783e-03 
 1.26000e+02  9.58904e-03 
 1.26500e+02  9.59015e-03 
 1.27000e+02  9.59872e-03 
 1.27500e+02  9.62394e-03 
 1.28000e+02  9.63989e-03 
 1.28500e+02  9.64519e-03 
 1.29000e+02  9.65021e-03 
 1.29500e+02  9.65011e-03 
 1.30000e+02  9.65679e-03 
 1.30500e+02  9.66427e-03 
 1.31000e+02  9.66842e-03 
 1.31500e+02  9.67565e-03 
 1.32000e+02  9.68588e-03 
 1.32500e+02  9.68394e-03 
 1.33000e+02  9.67607e-03 
 1.33500e+02  9.66499e-03 
 1.34000e+02  9.67442e-03 
 1.34500e+02  9.68677e-03 
 1.35000e+02  9.69100e-03 
 1.35500e+02  9.68835e-03 
 1.36000e+02  9.70144e-03 
 1.36500e+02  9.69493e-03 
 1.37000e+02  9.69176e-03 
 1.37500e+02  9.67859e-03 
 1.38000e+02  9.68911e-03 
 1.38500e+02  9.69637e-03 
 1.39000e+02  9.69710e-03 
 1.39500e+02  9.69067e-03 
 1.40000e+02  9.69026e-03 
 1.40500e+02  9.68742e-03 
 1.41000e+02  9.69295e-03 
 1.41500e+02  9.68401e-03 
 1.42000e+02  9.69851e-03 
 1.42500e+02  9.71013e-03 
 1.43000e+02  9.71731e-03 
 1.43500e+02  9.70921e-03 
 1.44000e+02  9.72011e-03 
 1.44500e+02  9.71200e-03 
 1.45000e+02  9.71904e-03 
 1.45500e+02  9.71083e-03 
 1.46000e+02  9.71640e-03 
 1.46500e+02  9.72409e-03 
 1.47000e+02  9.73518e-03 
 1.47500e+02  9.72407e-03 
 1.48000e+02  9.71873e-03 
 1.48500e+02  9.72671e-03 
 1.49000e+02  9.72067e-03 
 1.49500e+02  9.72372e-03 
 1.50000e+02  9.72283e-03 
 1.50500e+02  9.73348e-03 
 1.51000e+02  9.73313e-03 
 1.51500e+02  9.74282e-03 
 1.52000e+02  9.75580e-03 
 1.52500e+02  9.75399e-03 
 1.53000e+02  9.75531e-03 
 1.53500e+02  9.74458e-03 
 1.54000e+02  9.74698e-03 
 1.54500e+02  9.74378e-03 
 1.55000e+02  9.73965e-03 
 1.55500e+02  9.73760e-03 
 1.56000e+02  9.73755e-03 
 1.56500e+02  9.73418e-03 
 1.57000e+02  9.73797e-03 
 1.57500e+02  9.74201e-03 
 1.58000e+02  9.73716e-03 
 1.58500e+02  9.72230e-03 
 1.59000e+02  9.73244e-03 
 1.59500e+02  9.72805e-03 
 1.60000e+02  9.72824e-03 
 1.60500e+02  9.72312e-03 
 1.61000e+02  9.73729e-03 
 1.61500e+02  9.74001e-03 
 1.62000e+02  9.73032e-03 
 1.62500e+02  9.74215e-03 
 1.63000e+02  9.72524e-03 
 1.63500e+02  9.72587e-03 
 1.64000e+02  9.72006e-03 
 1.64500e+02  9.70999e-03 
 1.65000e+02  9.71000e-03 
 1.65500e+02  9.70607e-03 
 1.66000e+02  9.70824e-03 
 1.66500e+02  9.69672e-03 
 1.67000e+02  9.68996e-03 
 1.67500e+02  9.68991e-03 
 1.68000e+02  9.68724e-03 
 1.68500e+02  9.69658e-03 
 1.69000e+02  9.70345e-03 
 1.69500e+02  9.70077e-03 
 1.70000e+02  9.71316e-03 
 1.70500e+02  9.70590e-03 
 1.71000e+02  9.71134e-03 
 1.71500e+02  9.71550e-03 
 1.72000e+02  9.70886e-03 
 1.72500e+02  9.71539e-03 
 1.73000e+02  9.72005e-03 
 1.73500e+02  9.71582e-03 
 1.74000e+02  9.72785e-03 
 1.74500e+02  9.72363e-03 
 1.75000e+02  9.73321e-03 
 1.75500e+02  9.73102e-03 
 1.76000e+02  9.73085e-03 
 1.76500e+02  9.72263e-03 
 1.77000e+02  9.71267e-03 
 1.77500e+02  9.71094e-03 
 1.78000e+02  9.69882e-03 
 1.78500e+02  9.69302e-03 
 1.79000e+02  9.68818e-03 
 1.79500e+02  9.68309e-03 
 1.80000e+02  9.67946e-03 
 1.80500e+02  9.67757e-03 
 1.81000e+02  9.66475e-03 
 1.81500e+02  9.66001e-03 
 1.82000e+02  9.64638e-03 
 1.82500e+02  9.65835e-03 
 1.83000e+02  9.65807e-03 
 1.83500e+02  9.66720e-03 
 1.84000e+02  9.67009e-03 
 1.84500e+02  9.67219e-03 
 1.85000e+02  9.66622e-03 
 1.85500e+02  9.65901e-03 
 1.86000e+02  9.65988e-03 
 1.86500e+02  9.65718e-03 
 1.87000e+02  9.64255e-03 
 1.87500e+02  9.65315e-03 
 1.88000e+02  9.66103e-03 
 1.88500e+02  9.64446e-03 
 1.89000e+02  9.63524e-03 
 1.89500e+02  9.63148e-03 
 1.90000e+02  9.62822e-03 
 1.90500e+02  9.63108e-03 
 1.91000e+02  9.62078e-03 
 1.91500e+02  9.62984e-03 
 1.92000e+02  9.62489e-03 
 1.92500e+02  9.60665e-03 
 1.93000e+02  9.59979e-03 
 1.93500e+02  9.59254e-03 
 1.94000e+02  9.58645e-03 
 1.94500e+02  9.58455e-03 
 1.95000e+02  9.58069e-03 
 1.95500e+02  9.56274e-03 
 1.96000e+02  9.56518e-03 
 1.96500e+02  9.55040e-03 
 1.97000e+02  9.55126e-03 
 1.97500e+02  9.54865e-03 
 1.98000e+02  9.54360e-03 
 1.98500e+02  9.52185e-03 
 1.99000e+02  9.52841e-03 
 1.99500e+02  9.50365e-03 
 2.00000e+02  9.49689e-03 
 2.00500e+02  9.49823e-03 
 2.01000e+02  9.47769e-03 
 2.01500e+02  9.45807e-03 
 2.02000e+02  9.42335e-03 
 2.02500e+02  9.42257e-03 
 2.03000e+02  9.39959e-03 
 2.03500e+02  9.36988e-03 
 2.04000e+02  9.36238e-03 
 2.04500e+02  9.36313e-03 
 2.05000e+02  9.34114e-03 
 2.05500e+02  9.31508e-03 
 2.06000e+02  9.27858e-03 
 2.06500e+02  9.25970e-03 
 2.07000e+02  9.23685e-03 
 2.07500e+02  9.21624e-03 
 2.08000e+02  9.20764e-03 
 2.08500e+02  9.16934e-03 
 2.09000e+02  9.14410e-03 
 2.09500e+02  9.12262e-03 
 2.10000e+02  9.11569e-03 
 2.10500e+02  9.08938e-03 
 2.11000e+02  9.06083e-03 
 2.11500e+02  9.01357e-03 
 2.12000e+02  8.99836e-03 
 2.12500e+02  8.97803e-03 
 2.13000e+02  8.94571e-03 
 2.13500e+02  8.90556e-03 
 2.14000e+02  8.86901e-03 
 2.14500e+02  8.83523e-03 
 2.15000e+02  8.81328e-03 
 2.15500e+02  8.79535e-03 
 2.16000e+02  8.76395e-03 
 2.16500e+02  8.73436e-03 
 2.17000e+02  8.69783e-03 
 2.17500e+02  8.67255e-03 
 2.18000e+02  8.65076e-03 
 2.18500e+02  8.61110e-03 
 2.19000e+02  8.59812e-03 
 2.19500e+02  8.58339e-03 
 2.20000e+02  8.53947e-03 
 2.20500e+02  8.50261e-03 
 2.21000e+02  8.47760e-03 
 2.21500e+02  8.43652e-03 
 2.22000e+02  8.41316e-03 
 2.22500e+02  8.38090e-03 
 2.23000e+02  8.34467e-03 
 2.23500e+02  8.31349e-03 
 2.24000e+02  8.27096e-03 
 2.24500e+02  8.23602e-03 
 2.25000e+02  8.21043e-03 
 2.25500e+02  8.17118e-03 
 2.26000e+02  8.12632e-03 
 2.26500e+02  8.08465e-03 
 2.27000e+02  8.04677e-03 
 2.27500e+02  8.00515e-03 
 2.28000e+02  7.96101e-03 
 2.28500e+02  7.93097e-03 
 2.29000e+02  7.87427e-03 
 2.29500e+02  7.82214e-03 
 2.30000e+02  7.77540e-03 
 2.30500e+02  7.71731e-03 
 2.31000e+02  7.65141e-03 
 2.31500e+02  7.59480e-03 
 2.32000e+02  7.55034e-03 
 2.32500e+02  7.48302e-03 
 2.33000e+02  7.41609e-03 
 2.33500e+02  7.37092e-03 
 2.34000e+02  7.31435e-03 
 2.34500e+02  7.25028e-03 
 2.35000e+02  7.18371e-03 
 2.35500e+02  7.11417e-03 
 2.36000e+02  7.03182e-03 
 2.36500e+02  6.97563e-03 
 2.37000e+02  6.90174e-03 
 2.37500e+02  6.84325e-03 
 2.38000e+02  6.77042e-03 
 2.38500e+02  6.70016e-03 
 2.39000e+02  6.62595e-03 
 2.39500e+02  6.55127e-03 
 2.40000e+02  6.48644e-03 
 2.40500e+02  6.41484e-03 
 2.41000e+02  6.34711e-03 
 2.41500e+02  6.26149e-03 
 2.42000e+02  6.18222e-03 
 2.42500e+02  6.09389e-03 
 2.43000e+02  6.01438e-03 
 2.43500e+02  5.91964e-03 
 2.44000e+02  5.83270e-03 
 2.44500e+02  5.74060e-03 
 2.45000e+02  5.65420e-03 
 2.45500e+02  5.55829e-03 
 2.46000e+02  5.45604e-03 
 2.46500e+02  5.36075e-03 
 2.47000e+02  5.24985e-03 
 2.47500e+02  5.14875e-03 
 2.48000e+02  5.04033e-03 
 2.48500e+02  4.92129e-03 
 2.49000e+02  4.80914e-03 
 2.49500e+02  4.69720e-03 
 2.50000e+02  4.57552e-03 
 2.50500e+02  4.44347e-03 
 2.51000e+02  4.32506e-03 
 2.51500e+02  4.18130e-03 
 2.52000e+02  4.05998e-03 
 2.52500e+02  3.92582e-03 
 2.53000e+02  3.80121e-03 
 2.53500e+02  3.66393e-03 
 2.54000e+02  3.53459e-03 
 2.54500e+02  3.39857e-03 
 2.55000e+02  3.27393e-03 
 2.55500e+02  3.14697e-03 
 2.56000e+02  3.02196e-03 
 2.56500e+02  2.89981e-03 
 2.57000e+02  2.78189e-03 
 2.57500e+02  2.66419e-03 
 2.58000e+02  2.54202e-03 
 2.58500e+02  2.43330e-03 
 2.59000e+02  2.31707e-03 
 2.59500e+02  2.21025e-03 
 2.60000e+02  2.10656e-03 
 2.60500e+02  2.00063e-03 
 2.61000e+02  1.91088e-03 
 2.61500e+02  1.82244e-03 
 2.62000e+02  1.73801e-03 
 2.62500e+02  1.66215e-03 
 2.63000e+02  1.58905e-03 
 2.63500e+02  1.51995e-03 
 2.64000e+02  1.45151e-03 
 2.64500e+02  1.38824e-03 
 2.65000e+02  1.32667e-03 
 2.65500e+02  1.27401e-03 
 2.66000e+02  1.22079e-03 
 2.66500e+02  1.17273e-03 
 2.67000e+02  1.12407e-03 
 2.67500e+02  1.07475e-03 
 2.68000e+02  1.03018e-03 
 2.68500e+02  9.91733e-04 
 2.69000e+02  9.49604e-04 
 2.69500e+02  9.14757e-04 
 2.70000e+02  8.77245e-04 
 2.70500e+02  8.43650e-04 
 2.71000e+02  8.07871e-04 
 2.71500e+02  7.77562e-04 
 2.72000e+02  7.46316e-04 
 2.72500e+02  7.16881e-04 
 2.73000e+02  6.85919e-04 
 2.73500e+02  6.60578e-04 
 2.74000e+02  6.34478e-04 
 2.74500e+02  6.08607e-04 
 2.75000e+02  5.84588e-04 
 2.75500e+02  5.60892e-04 
 2.76000e+02  5.36718e-04 
 2.76500e+02  5.17129e-04 
 2.77000e+02  4.94867e-04 
 2.77500e+02  4.73672e-04 
 2.78000e+02  4.51718e-04 
 2.78500e+02  4.34318e-04 
 2.79000e+02  4.13856e-04 
 2.79500e+02  3.97472e-04 
 2.80000e+02  3.81736e-04 
 2.80500e+02  3.62198e-04 
 2.81000e+02  3.46115e-04 
 2.81500e+02  3.28078e-04 
 2.82000e+02  3.14819e-04 
 2.82500e+02  2.98017e-04 
 2.83000e+02  2.83574e-04 
 2.83500e+02  2.70185e-04 
 2.84000e+02  2.56342e-04 
 2.84500e+02  2.42347e-04 
 2.85000e+02  2.29018e-04 
 2.85500e+02  2.17811e-04 
 2.86000e+02  2.07932e-04 
 2.86500e+02  1.96126e-04 
 2.87000e+02  1.86269e-04 
 2.87500e+02  1.76375e-04 
 2.88000e+02  1.67698e-04 
 2.88500e+02  1.59805e-04 
 2.89000e+02  1.53228e-04 
 2.89500e+02  1.45733e-04 
 2.90000e+02  1.40702e-04 
 2.90500e+02  1.34576e-04 
 2.91000e+02  1.29442e-04 
 2.91500e+02  1.23756e-04 
 2.92000e+02  1.18665e-04 
 2.92500e+02  1.14514e-04 
 2.93000e+02  1.10498e-04 
 2.93500e+02  1.06071e-04 
 2.94000e+02  1.02482e-04 
 2.94500e+02  1.00077e-04 
 2.95000e+02  9.68608e-05 
 2.95500e+02  9.42664e-05 
 2.96000e+02  9.10640e-05 
 2.96500e+02  8.89472e-05 
 2.97000e+02  8.58872e-05 
 2.97500e+02  8.41888e-05 
 2.98000e+02  8.09560e-05 
 2.98500e+02  7.94056e-05 
 2.99000e+02  7.74440e-05 
 2.99500e+02  7.50544e-05 
 3.00000e+02  7.27960e-05 
 3.00500e+02  7.15856e-05 
 3.01000e+02  6.95968e-05 
 3.01500e+02  6.66048e-05 
 3.02000e+02  6.52056e-05 
 3.02500e+02  6.41752e-05 
 3.03000e+02  6.22656e-05 
 3.03500e+02  6.07152e-05 
 3.04000e+02  5.89704e-05 
 3.04500e+02  5.75752e-05 
 3.05000e+02  5.61760e-05 
 3.05500e+02  5.51208e-05 
 3.06000e+02  5.39104e-05 
 3.06500e+02  5.15080e-05 
 3.07000e+02  5.03360e-05 
 3.07500e+02  4.91904e-05 
 3.08000e+02  4.82176e-05 
 3.08500e+02  4.71648e-05 
 3.09000e+02  4.58424e-05 
 3.09500e+02  4.49336e-05 
 3.10000e+02  4.35584e-05 
 3.10500e+02  4.23840e-05 
 3.11000e+02  4.10416e-05 
 3.11500e+02  4.00064e-05 
 3.12000e+02  3.89696e-05 
 3.12500e+02  3.79328e-05 
 3.13000e+02  3.69728e-05 
 3.13500e+02  3.57680e-05 
 3.14000e+02  3.46144e-05 
 3.14500e+02  3.35400e-05 
 3.15000e+02  3.22088e-05 
 3.15500e+02  3.11488e-05 
 3.16000e+02  3.00088e-05 
 3.16500e+02  2.86968e-05 
 3.17000e+02  2.70008e-05 
 3.17500e+02  2.62728e-05 
 3.18000e+02  2.52528e-05 
 3.18500e+02  2.35040e-05 
 3.19000e+02  2.18184e-05 
 3.19500e+02  2.20520e-05 
