 0.00000e+00  2.22296e-05 
 5.00000e-01  2.24512e-05 
 1.00000e+00  2.40528e-05 
 1.50000e+00  2.52648e-05 
 2.00000e+00  2.64440e-05 
 2.50000e+00  2.80760e-05 
 3.00000e+00  2.93784e-05 
 3.50000e+00  3.05120e-05 
 4.00000e+00  3.18128e-05 
 4.50000e+00  3.27328e-05 
 5.00000e+00  3.43096e-05 
 5.50000e+00  3.61568e-05 
 6.00000e+00  3.67424e-05 
 6.50000e+00  3.79376e-05 
 7.00000e+00  3.92392e-05 
 7.50000e+00  4.07744e-05 
 8.00000e+00  4.15704e-05 
 8.50000e+00  4.24624e-05 
 9.00000e+00  4.33216e-05 
 9.50000e+00  4.46128e-05 
 1.00000e+01  4.56224e-05 
 1.05000e+01  4.68512e-05 
 1.10000e+01  4.80360e-05 
 1.15000e+01  4.94376e-05 
 1.20000e+01  5.10768e-05 
 1.25000e+01  5.23352e-05 
 1.30000e+01  5.31672e-05 
 1.35000e+01  5.45064e-05 
 1.40000e+01  5.62792e-05 
 1.45000e+01  5.71440e-05 
 1.50000e+01  5.89800e-05 
 1.55000e+01  6.05192e-05 
 1.60000e+01  6.20704e-05 
 1.65000e+01  6.35392e-05 
 1.70000e+01  6.50568e-05 
 1.75000e+01  6.62848e-05 
 1.80000e+01  6.84184e-05 
 1.85000e+01  7.02680e-05 
 1.90000e+01  7.18040e-05 
 1.95000e+01  7.39456e-05 
 2.00000e+01  7.56576e-05 
 2.05000e+01  7.85192e-05 
 2.10000e+01  8.04256e-05 
 2.15000e+01  8.23312e-05 
 2.20000e+01  8.42856e-05 
 2.25000e+01  8.70456e-05 
 2.30000e+01  8.93168e-05 
 2.35000e+01  9.26720e-05 
 2.40000e+01  9.58760e-05 
 2.45000e+01  9.92448e-05 
 2.50000e+01  1.02217e-04 
 2.55000e+01  1.05594e-04 
 2.60000e+01  1.08424e-04 
 2.65000e+01  1.13164e-04 
 2.70000e+01  1.16036e-04 
 2.75000e+01  1.20815e-04 
 2.80000e+01  1.25635e-04 
 2.85000e+01  1.30247e-04 
 2.90000e+01  1.34593e-04 
 2.95000e+01  1.41157e-04 
 3.00000e+01  1.47864e-04 
 3.05000e+01  1.54008e-04 
 3.10000e+01  1.60825e-04 
 3.15000e+01  1.68225e-04 
 3.20000e+01  1.77595e-04 
 3.25000e+01  1.86990e-04 
 3.30000e+01  1.99456e-04 
 3.35000e+01  2.09023e-04 
 3.40000e+01  2.19778e-04 
 3.45000e+01  2.30786e-04 
 3.50000e+01  2.42506e-04 
 3.55000e+01  2.54518e-04 
 3.60000e+01  2.68286e-04 
 3.65000e+01  2.81589e-04 
 3.70000e+01  2.98515e-04 
 3.75000e+01  3.13724e-04 
 3.80000e+01  3.28922e-04 
 3.85000e+01  3.44963e-04 
 3.90000e+01  3.61062e-04 
 3.95000e+01  3.78634e-04 
 4.00000e+01  3.95982e-04 
 4.05000e+01  4.13718e-04 
 4.10000e+01  4.31582e-04 
 4.15000e+01  4.50467e-04 
 4.20000e+01  4.70482e-04 
 4.25000e+01  4.91878e-04 
 4.30000e+01  5.13875e-04 
 4.35000e+01  5.36272e-04 
 4.40000e+01  5.59806e-04 
 4.45000e+01  5.84122e-04 
 4.50000e+01  6.09375e-04 
 4.55000e+01  6.34756e-04 
 4.60000e+01  6.59467e-04 
 4.65000e+01  6.85371e-04 
 4.70000e+01  7.14454e-04 
 4.75000e+01  7.42630e-04 
 4.80000e+01  7.67430e-04 
 4.85000e+01  7.95499e-04 
 4.90000e+01  8.31575e-04 
 4.95000e+01  8.63785e-04 
 5.00000e+01  8.98182e-04 
 5.05000e+01  9.37799e-04 
 5.10000e+01  9.75983e-04 
 5.15000e+01  1.00768e-03 
 5.20000e+01  1.04930e-03 
 5.25000e+01  1.09958e-03 
 5.30000e+01  1.14318e-03 
 5.35000e+01  1.18751e-03 
 5.40000e+01  1.24484e-03 
 5.45000e+01  1.29414e-03 
 5.50000e+01  1.34807e-03 
 5.55000e+01  1.40415e-03 
 5.60000e+01  1.46403e-03 
 5.65000e+01  1.53092e-03 
 5.70000e+01  1.59980e-03 
 5.75000e+01  1.67360e-03 
 5.80000e+01  1.74715e-03 
 5.85000e+01  1.83275e-03 
 5.90000e+01  1.92081e-03 
 5.95000e+01  2.01219e-03 
 6.00000e+01  2.10943e-03 
 6.05000e+01  2.21079e-03 
 6.10000e+01  2.32010e-03 
 6.15000e+01  2.42682e-03 
 6.20000e+01  2.53877e-03 
 6.25000e+01  2.65409e-03 
 6.30000e+01  2.77369e-03 
 6.35000e+01  2.89206e-03 
 6.40000e+01  3.00762e-03 
 6.45000e+01  3.12099e-03 
 6.50000e+01  3.24922e-03 
 6.55000e+01  3.37867e-03 
 6.60000e+01  3.50281e-03 
 6.65000e+01  3.63692e-03 
 6.70000e+01  3.76300e-03 
 6.75000e+01  3.89940e-03 
 6.80000e+01  4.02268e-03 
 6.85000e+01  4.15770e-03 
 6.90000e+01  4.28875e-03 
 6.95000e+01  4.41399e-03 
 7.00000e+01  4.53299e-03 
 7.05000e+01  4.65483e-03 
 7.10000e+01  4.78137e-03 
 7.15000e+01  4.88874e-03 
 7.20000e+01  5.00019e-03 
 7.25000e+01  5.12214e-03 
 7.30000e+01  5.22889e-03 
 7.35000e+01  5.32321e-03 
 7.40000e+01  5.43223e-03 
 7.45000e+01  5.54624e-03 
 7.50000e+01  5.64435e-03 
 7.55000e+01  5.74667e-03 
 7.60000e+01  5.83465e-03 
 7.65000e+01  5.93940e-03 
 7.70000e+01  6.02926e-03 
 7.75000e+01  6.11534e-03 
 7.80000e+01  6.19827e-03 
 7.85000e+01  6.29403e-03 
 7.90000e+01  6.35963e-03 
 7.95000e+01  6.44154e-03 
 8.00000e+01  6.52093e-03 
 8.05000e+01  6.59054e-03 
 8.10000e+01  6.66815e-03 
 8.15000e+01  6.72970e-03 
 8.20000e+01  6.79658e-03 
 8.25000e+01  6.86045e-03 
 8.30000e+01  6.91783e-03 
 8.35000e+01  6.98581e-03 
 8.40000e+01  7.04543e-03 
 8.45000e+01  7.10845e-03 
 8.50000e+01  7.15906e-03 
 8.55000e+01  7.22097e-03 
 8.60000e+01  7.28132e-03 
 8.65000e+01  7.31927e-03 
 8.70000e+01  7.39041e-03 
 8.75000e+01  7.43632e-03 
 8.80000e+01  7.49590e-03 
 8.85000e+01  7.55467e-03 
 8.90000e+01  7.59321e-03 
 8.95000e+01  7.63694e-03 
 9.00000e+01  7.67741e-03 
 9.05000e+01  7.73181e-03 
 9.10000e+01  7.76561e-03 
 9.15000e+01  7.79850e-03 
 9.20000e+01  7.83649e-03 
 9.25000e+01  7.87693e-03 
 9.30000e+01  7.91032e-03 
 9.35000e+01  7.95327e-03 
 9.40000e+01  7.99607e-03 
 9.45000e+01  8.04018e-03 
 9.50000e+01  8.08308e-03 
 9.55000e+01  8.12362e-03 
 9.60000e+01  8.16656e-03 
 9.65000e+01  8.20228e-03 
 9.70000e+01  8.24272e-03 
 9.75000e+01  8.29185e-03 
 9.80000e+01  8.32815e-03 
 9.85000e+01  8.35002e-03 
 9.90000e+01  8.39059e-03 
 9.95000e+01  8.41814e-03 
 1.00000e+02  8.44910e-03 
 1.00500e+02  8.46562e-03 
 1.01000e+02  8.49167e-03 
 1.01500e+02  8.52226e-03 
 1.02000e+02  8.55418e-03 
 1.02500e+02  8.58483e-03 
 1.03000e+02  8.62079e-03 
 1.03500e+02  8.64938e-03 
 1.04000e+02  8.67577e-03 
 1.04500e+02  8.71257e-03 
 1.05000e+02  8.73894e-03 
 1.05500e+02  8.76140e-03 
 1.06000e+02  8.79149e-03 
 1.06500e+02  8.81931e-03 
 1.07000e+02  8.86169e-03 
 1.07500e+02  8.89102e-03 
 1.08000e+02  8.92595e-03 
 1.08500e+02  8.93781e-03 
 1.09000e+02  8.95851e-03 
 1.09500e+02  8.96526e-03 
 1.10000e+02  8.98729e-03 
 1.10500e+02  9.02492e-03 
 1.11000e+02  9.06124e-03 
 1.11500e+02  9.07577e-03 
 1.12000e+02  9.09384e-03 
 1.12500e+02  9.10445e-03 
 1.13000e+02  9.12381e-03 
 1.13500e+02  9.12606e-03 
 1.14000e+02  9.13326e-03 
 1.14500e+02  9.15872e-03 
 1.15000e+02  9.17332e-03 
 1.15500e+02  9.19746e-03 
 1.16000e+02  9.19951e-03 
 1.16500e+02  9.21707e-03 
 1.17000e+02  9.23246e-03 
 1.17500e+02  9.24632e-03 
 1.18000e+02  9.28164e-03 
 1.18500e+02  9.30365e-03 
 1.19000e+02  9.31626e-03 
 1.19500e+02  9.32434e-03 
 1.20000e+02  9.33793e-03 
 1.20500e+02  9.36343e-03 
 1.21000e+02  9.38550e-03 
 1.21500e+02  9.37875e-03 
 1.22000e+02  9.38060e-03 
 1.22500e+02  9.38501e-03 
 1.23000e+02  9.37626e-03 
 1.23500e+02  9.39174e-03 
 1.24000e+02  9.39344e-03 
 1.24500e+02  9.41216e-03 
 1.25000e+02  9.41703e-03 
 1.25500e+02  9.41801e-03 
 1.26000e+02  9.43183e-03 
 1.26500e+02  9.42410e-03 
 1.27000e+02  9.44091e-03 
 1.27500e+02  9.44431e-03 
 1.28000e+02  9.45858e-03 
 1.28500e+02  9.46579e-03 
 1.29000e+02  9.46683e-03 
 1.29500e+02  9.47175e-03 
 1.30000e+02  9.48499e-03 
 1.30500e+02  9.50447e-03 
 1.31000e+02  9.49793e-03 
 1.31500e+02  9.51633e-03 
 1.32000e+02  9.52673e-03 
 1.32500e+02  9.51832e-03 
 1.33000e+02  9.52566e-03 
 1.33500e+02  9.52645e-03 
 1.34000e+02  9.52798e-03 
 1.34500e+02  9.52782e-03 
 1.35000e+02  9.52760e-03 
 1.35500e+02  9.53448e-03 
 1.36000e+02  9.54289e-03 
 1.36500e+02  9.54919e-03 
 1.37000e+02  9.54577e-03 
 1.37500e+02  9.55445e-03 
 1.38000e+02  9.53616e-03 
 1.38500e+02  9.52670e-03 
 1.39000e+02  9.53535e-03 
 1.39500e+02  9.54280e-03 
 1.40000e+02  9.55360e-03 
 1.40500e+02  9.55954e-03 
 1.41000e+02  9.56111e-03 
 1.41500e+02  9.57066e-03 
 1.42000e+02  9.57468e-03 
 1.42500e+02  9.58534e-03 
 1.43000e+02  9.57929e-03 
 1.43500e+02  9.57988e-03 
 1.44000e+02  9.56858e-03 
 1.44500e+02  9.56850e-03 
 1.45000e+02  9.56357e-03 
 1.45500e+02  9.56586e-03 
 1.46000e+02  9.56691e-03 
 1.46500e+02  9.57050e-03 
 1.47000e+02  9.57002e-03 
 1.47500e+02  9.57522e-03 
 1.48000e+02  9.56508e-03 
 1.48500e+02  9.56306e-03 
 1.49000e+02  9.57676e-03 
 1.49500e+02  9.59614e-03 
 1.50000e+02  9.58582e-03 
 1.50500e+02  9.58120e-03 
 1.51000e+02  9.57823e-03 
 1.51500e+02  9.57372e-03 
 1.52000e+02  9.56488e-03 
 1.52500e+02  9.58082e-03 
 1.53000e+02  9.58156e-03 
 1.53500e+02  9.58028e-03 
 1.54000e+02  9.57919e-03 
 1.54500e+02  9.57998e-03 
 1.55000e+02  9.57220e-03 
 1.55500e+02  9.56682e-03 
 1.56000e+02  9.57283e-03 
 1.56500e+02  9.56648e-03 
 1.57000e+02  9.56611e-03 
 1.57500e+02  9.56540e-03 
 1.58000e+02  9.55478e-03 
 1.58500e+02  9.56316e-03 
 1.59000e+02  9.56149e-03 
 1.59500e+02  9.55385e-03 
 1.60000e+02  9.54219e-03 
 1.60500e+02  9.54490e-03 
 1.61000e+02  9.55293e-03 
 1.61500e+02  9.55652e-03 
 1.62000e+02  9.55452e-03 
 1.62500e+02  9.56022e-03 
 1.63000e+02  9.56029e-03 
 1.63500e+02  9.57178e-03 
 1.64000e+02  9.57970e-03 
 1.64500e+02  9.57143e-03 
 1.65000e+02  9.56542e-03 
 1.65500e+02  9.58635e-03 
 1.66000e+02  9.58752e-03 
 1.66500e+02  9.58461e-03 
 1.67000e+02  9.58964e-03 
 1.67500e+02  9.58866e-03 
 1.68000e+02  9.58808e-03 
 1.68500e+02  9.57579e-03 
 1.69000e+02  9.57214e-03 
 1.69500e+02  9.57237e-03 
 1.70000e+02  9.58135e-03 
 1.70500e+02  9.57713e-03 
 1.71000e+02  9.58792e-03 
 1.71500e+02  9.58189e-03 
 1.72000e+02  9.57352e-03 
 1.72500e+02  9.56570e-03 
 1.73000e+02  9.57085e-03 
 1.73500e+02  9.56804e-03 
 1.74000e+02  9.56320e-03 
 1.74500e+02  9.56858e-03 
 1.75000e+02  9.58080e-03 
 1.75500e+02  9.56968e-03 
 1.76000e+02  9.58056e-03 
 1.76500e+02  9.56901e-03 
 1.77000e+02  9.56940e-03 
 1.77500e+02  9.56149e-03 
 1.78000e+02  9.58016e-03 
 1.78500e+02  9.56940e-03 
 1.79000e+02  9.56808e-03 
 1.79500e+02  9.55772e-03 
 1.80000e+02  9.55222e-03 
 1.80500e+02  9.54900e-03 
 1.81000e+02  9.54737e-03 
 1.81500e+02  9.54798e-03 
 1.82000e+02  9.54077e-03 
 1.82500e+02  9.53069e-03 
 1.83000e+02  9.53699e-03 
 1.83500e+02  9.53383e-03 
 1.84000e+02  9.52520e-03 
 1.84500e+02  9.52756e-03 
 1.85000e+02  9.52251e-03 
 1.85500e+02  9.51857e-03 
 1.86000e+02  9.51427e-03 
 1.86500e+02  9.51963e-03 
 1.87000e+02  9.50274e-03 
 1.87500e+02  9.49511e-03 
 1.88000e+02  9.50113e-03 
 1.88500e+02  9.50223e-03 
 1.89000e+02  9.50433e-03 
 1.89500e+02  9.51461e-03 
 1.90000e+02  9.49868e-03 
 1.90500e+02  9.48393e-03 
 1.91000e+02  9.47873e-03 
 1.91500e+02  9.48396e-03 
 1.92000e+02  9.46502e-03 
 1.92500e+02  9.47315e-03 
 1.93000e+02  9.47214e-03 
 1.93500e+02  9.46954e-03 
 1.94000e+02  9.47159e-03 
 1.94500e+02  9.46181e-03 
 1.95000e+02  9.44547e-03 
 1.95500e+02  9.44026e-03 
 1.96000e+02  9.44486e-03 
 1.96500e+02  9.44121e-03 
 1.97000e+02  9.43154e-03 
 1.97500e+02  9.40539e-03 
 1.98000e+02  9.39731e-03 
 1.98500e+02  9.38251e-03 
 1.99000e+02  9.36261e-03 
 1.99500e+02  9.35815e-03 
 2.00000e+02  9.34269e-03 
 2.00500e+02  9.32879e-03 
 2.01000e+02  9.31013e-03 
 2.01500e+02  9.29796e-03 
 2.02000e+02  9.27215e-03 
 2.02500e+02  9.26292e-03 
 2.03000e+02  9.24972e-03 
 2.03500e+02  9.22428e-03 
 2.04000e+02  9.19849e-03 
 2.04500e+02  9.19700e-03 
 2.05000e+02  9.17845e-03 
 2.05500e+02  9.15078e-03 
 2.06000e+02  9.12062e-03 
 2.06500e+02  9.10257e-03 
 2.07000e+02  9.07798e-03 
 2.07500e+02  9.04606e-03 
 2.08000e+02  9.03239e-03 
 2.08500e+02  9.00734e-03 
 2.09000e+02  8.98741e-03 
 2.09500e+02  8.96573e-03 
 2.10000e+02  8.94261e-03 
 2.10500e+02  8.91906e-03 
 2.11000e+02  8.89275e-03 
 2.11500e+02  8.87938e-03 
 2.12000e+02  8.85938e-03 
 2.12500e+02  8.82113e-03 
 2.13000e+02  8.80368e-03 
 2.13500e+02  8.78044e-03 
 2.14000e+02  8.76511e-03 
 2.14500e+02  8.74717e-03 
 2.15000e+02  8.71375e-03 
 2.15500e+02  8.69802e-03 
 2.16000e+02  8.64924e-03 
 2.16500e+02  8.62813e-03 
 2.17000e+02  8.59178e-03 
 2.17500e+02  8.56460e-03 
 2.18000e+02  8.52992e-03 
 2.18500e+02  8.50168e-03 
 2.19000e+02  8.47606e-03 
 2.19500e+02  8.46312e-03 
 2.20000e+02  8.42331e-03 
 2.20500e+02  8.38740e-03 
 2.21000e+02  8.36479e-03 
 2.21500e+02  8.33632e-03 
 2.22000e+02  8.29026e-03 
 2.22500e+02  8.24308e-03 
 2.23000e+02  8.20559e-03 
 2.23500e+02  8.16418e-03 
 2.24000e+02  8.12549e-03 
 2.24500e+02  8.08374e-03 
 2.25000e+02  8.05757e-03 
 2.25500e+02  8.02807e-03 
 2.26000e+02  7.99908e-03 
 2.26500e+02  7.97401e-03 
 2.27000e+02  7.93234e-03 
 2.27500e+02  7.89623e-03 
 2.28000e+02  7.85101e-03 
 2.28500e+02  7.80390e-03 
 2.29000e+02  7.75736e-03 
 2.29500e+02  7.70991e-03 
 2.30000e+02  7.65349e-03 
 2.30500e+02  7.60792e-03 
 2.31000e+02  7.54887e-03 
 2.31500e+02  7.50861e-03 
 2.32000e+02  7.45546e-03 
 2.32500e+02  7.39656e-03 
 2.33000e+02  7.34330e-03 
 2.33500e+02  7.28997e-03 
 2.34000e+02  7.23203e-03 
 2.34500e+02  7.17488e-03 
 2.35000e+02  7.11874e-03 
 2.35500e+02  7.05389e-03 
 2.36000e+02  6.99382e-03 
 2.36500e+02  6.93395e-03 
 2.37000e+02  6.87334e-03 
 2.37500e+02  6.80234e-03 
 2.38000e+02  6.72788e-03 
 2.38500e+02  6.66825e-03 
 2.39000e+02  6.60027e-03 
 2.39500e+02  6.53094e-03 
 2.40000e+02  6.47708e-03 
 2.40500e+02  6.39969e-03 
 2.41000e+02  6.31540e-03 
 2.41500e+02  6.23135e-03 
 2.42000e+02  6.14712e-03 
 2.42500e+02  6.06402e-03 
 2.43000e+02  5.97217e-03 
 2.43500e+02  5.88150e-03 
 2.44000e+02  5.79077e-03 
 2.44500e+02  5.69739e-03 
 2.45000e+02  5.60621e-03 
 2.45500e+02  5.52080e-03 
 2.46000e+02  5.42441e-03 
 2.46500e+02  5.33546e-03 
 2.47000e+02  5.22804e-03 
 2.47500e+02  5.12077e-03 
 2.48000e+02  5.01859e-03 
 2.48500e+02  4.90072e-03 
 2.49000e+02  4.78769e-03 
 2.49500e+02  4.66463e-03 
 2.50000e+02  4.53853e-03 
 2.50500e+02  4.41268e-03 
 2.51000e+02  4.27843e-03 
 2.51500e+02  4.15813e-03 
 2.52000e+02  4.01826e-03 
 2.52500e+02  3.88845e-03 
 2.53000e+02  3.75595e-03 
 2.53500e+02  3.62589e-03 
 2.54000e+02  3.49005e-03 
 2.54500e+02  3.36052e-03 
 2.55000e+02  3.24140e-03 
 2.55500e+02  3.11344e-03 
 2.56000e+02  2.99355e-03 
 2.56500e+02  2.87586e-03 
 2.57000e+02  2.75503e-03 
 2.57500e+02  2.62802e-03 
 2.58000e+02  2.51356e-03 
 2.58500e+02  2.40658e-03 
 2.59000e+02  2.29794e-03 
 2.59500e+02  2.19520e-03 
 2.60000e+02  2.09354e-03 
 2.60500e+02  1.99304e-03 
 2.61000e+02  1.90009e-03 
 2.61500e+02  1.81205e-03 
 2.62000e+02  1.72783e-03 
 2.62500e+02  1.65415e-03 
 2.63000e+02  1.58706e-03 
 2.63500e+02  1.51704e-03 
 2.64000e+02  1.44784e-03 
 2.64500e+02  1.38412e-03 
 2.65000e+02  1.32876e-03 
 2.65500e+02  1.27152e-03 
 2.66000e+02  1.21873e-03 
 2.66500e+02  1.16981e-03 
 2.67000e+02  1.12304e-03 
 2.67500e+02  1.07895e-03 
 2.68000e+02  1.03408e-03 
 2.68500e+02  9.95046e-04 
 2.69000e+02  9.59602e-04 
 2.69500e+02  9.23189e-04 
 2.70000e+02  8.82014e-04 
 2.70500e+02  8.45188e-04 
 2.71000e+02  8.15563e-04 
 2.71500e+02  7.88322e-04 
 2.72000e+02  7.55983e-04 
 2.72500e+02  7.25586e-04 
 2.73000e+02  6.98941e-04 
 2.73500e+02  6.70422e-04 
 2.74000e+02  6.42915e-04 
 2.74500e+02  6.18060e-04 
 2.75000e+02  5.96600e-04 
 2.75500e+02  5.71502e-04 
 2.76000e+02  5.45751e-04 
 2.76500e+02  5.23110e-04 
 2.77000e+02  5.02989e-04 
 2.77500e+02  4.83761e-04 
 2.78000e+02  4.64135e-04 
 2.78500e+02  4.42808e-04 
 2.79000e+02  4.22632e-04 
 2.79500e+02  4.02596e-04 
 2.80000e+02  3.85335e-04 
 2.80500e+02  3.65883e-04 
 2.81000e+02  3.47552e-04 
 2.81500e+02  3.31049e-04 
 2.82000e+02  3.15875e-04 
 2.82500e+02  2.99432e-04 
 2.83000e+02  2.84251e-04 
 2.83500e+02  2.70176e-04 
 2.84000e+02  2.57528e-04 
 2.84500e+02  2.43806e-04 
 2.85000e+02  2.30998e-04 
 2.85500e+02  2.18258e-04 
 2.86000e+02  2.08302e-04 
 2.86500e+02  1.95853e-04 
 2.87000e+02  1.86656e-04 
 2.87500e+02  1.78086e-04 
 2.88000e+02  1.69639e-04 
 2.88500e+02  1.62420e-04 
 2.89000e+02  1.54309e-04 
 2.89500e+02  1.47425e-04 
 2.90000e+02  1.41282e-04 
 2.90500e+02  1.35037e-04 
 2.91000e+02  1.30141e-04 
 2.91500e+02  1.25106e-04 
 2.92000e+02  1.20312e-04 
 2.92500e+02  1.14664e-04 
 2.93000e+02  1.11075e-04 
 2.93500e+02  1.07718e-04 
 2.94000e+02  1.03217e-04 
 2.94500e+02  1.00551e-04 
 2.95000e+02  9.76832e-05 
 2.95500e+02  9.53752e-05 
 2.96000e+02  9.29960e-05 
 2.96500e+02  9.02608e-05 
 2.97000e+02  8.74944e-05 
 2.97500e+02  8.45864e-05 
 2.98000e+02  8.22840e-05 
 2.98500e+02  8.01344e-05 
 2.99000e+02  7.83464e-05 
 2.99500e+02  7.64688e-05 
 3.00000e+02  7.44832e-05 
 3.00500e+02  7.29696e-05 
 3.01000e+02  6.97544e-05 
 3.01500e+02  6.83936e-05 
 3.02000e+02  6.68656e-05 
 3.02500e+02  6.49752e-05 
 3.03000e+02  6.33480e-05 
 3.03500e+02  6.17472e-05 
 3.04000e+02  6.07776e-05 
 3.04500e+02  5.93608e-05 
 3.05000e+02  5.76768e-05 
 3.05500e+02  5.54048e-05 
 3.06000e+02  5.38904e-05 
 3.06500e+02  5.30128e-05 
 3.07000e+02  5.13240e-05 
 3.07500e+02  4.97328e-05 
 3.08000e+02  4.87000e-05 
 3.08500e+02  4.79080e-05 
 3.09000e+02  4.68512e-05 
 3.09500e+02  4.53800e-05 
 3.10000e+02  4.38560e-05 
 3.10500e+02  4.28184e-05 
 3.11000e+02  4.19152e-05 
 3.11500e+02  4.06120e-05 
 3.12000e+02  3.94840e-05 
 3.12500e+02  3.84808e-05 
 3.13000e+02  3.72232e-05 
 3.13500e+02  3.58344e-05 
 3.14000e+02  3.47056e-05 
 3.14500e+02  3.35544e-05 
 3.15000e+02  3.22800e-05 
 3.15500e+02  3.12600e-05 
 3.16000e+02  2.99000e-05 
 3.16500e+02  2.87992e-05 
 3.17000e+02  2.75304e-05 
 3.17500e+02  2.66128e-05 
 3.18000e+02  2.52744e-05 
 3.18500e+02  2.36128e-05 
 3.19000e+02  2.19712e-05 
 3.19500e+02  2.14624e-05 
