 0.00000e+00  2.24536e-05 
 5.00000e-01  2.31008e-05 
 1.00000e+00  2.44624e-05 
 1.50000e+00  2.56184e-05 
 2.00000e+00  2.72904e-05 
 2.50000e+00  2.85736e-05 
 3.00000e+00  2.98656e-05 
 3.50000e+00  3.09056e-05 
 4.00000e+00  3.18608e-05 
 4.50000e+00  3.28432e-05 
 5.00000e+00  3.45416e-05 
 5.50000e+00  3.59912e-05 
 6.00000e+00  3.69664e-05 
 6.50000e+00  3.77504e-05 
 7.00000e+00  3.91304e-05 
 7.50000e+00  4.03192e-05 
 8.00000e+00  4.17464e-05 
 8.50000e+00  4.27664e-05 
 9.00000e+00  4.39104e-05 
 9.50000e+00  4.48056e-05 
 1.00000e+01  4.63320e-05 
 1.05000e+01  4.71856e-05 
 1.10000e+01  4.85768e-05 
 1.15000e+01  4.96928e-05 
 1.20000e+01  5.15096e-05 
 1.25000e+01  5.25000e-05 
 1.30000e+01  5.44896e-05 
 1.35000e+01  5.56296e-05 
 1.40000e+01  5.69768e-05 
 1.45000e+01  5.82568e-05 
 1.50000e+01  5.99976e-05 
 1.55000e+01  6.18568e-05 
 1.60000e+01  6.32800e-05 
 1.65000e+01  6.51256e-05 
 1.70000e+01  6.67848e-05 
 1.75000e+01  6.81128e-05 
 1.80000e+01  6.96816e-05 
 1.85000e+01  7.12944e-05 
 1.90000e+01  7.39024e-05 
 1.95000e+01  7.61752e-05 
 2.00000e+01  7.80192e-05 
 2.05000e+01  7.97008e-05 
 2.10000e+01  8.24128e-05 
 2.15000e+01  8.45680e-05 
 2.20000e+01  8.73920e-05 
 2.25000e+01  8.94936e-05 
 2.30000e+01  9.21344e-05 
 2.35000e+01  9.49656e-05 
 2.40000e+01  9.70648e-05 
 2.45000e+01  1.00577e-04 
 2.50000e+01  1.03802e-04 
 2.55000e+01  1.06795e-04 
 2.60000e+01  1.09856e-04 
 2.65000e+01  1.13623e-04 
 2.70000e+01  1.17886e-04 
 2.75000e+01  1.22028e-04 
 2.80000e+01  1.26070e-04 
 2.85000e+01  1.31292e-04 
 2.90000e+01  1.37558e-04 
 2.95000e+01  1.43577e-04 
 3.00000e+01  1.49553e-04 
 3.05000e+01  1.56166e-04 
 3.10000e+01  1.64577e-04 
 3.15000e+01  1.72882e-04 
 3.20000e+01  1.82890e-04 
 3.25000e+01  1.91770e-04 
 3.30000e+01  2.01790e-04 
 3.35000e+01  2.12765e-04 
 3.40000e+01  2.24420e-04 
 3.45000e+01  2.37037e-04 
 3.50000e+01  2.50835e-04 
 3.55000e+01  2.63114e-04 
 3.60000e+01  2.78890e-04 
 3.65000e+01  2.94579e-04 
 3.70000e+01  3.08843e-04 
 3.75000e+01  3.22967e-04 
 3.80000e+01  3.40862e-04 
 3.85000e+01  3.58890e-04 
 3.90000e+01  3.78151e-04 
 3.95000e+01  3.93295e-04 
 4.00000e+01  4.09067e-04 
 4.05000e+01  4.29577e-04 
 4.10000e+01  4.48900e-04 
 4.15000e+01  4.70393e-04 
 4.20000e+01  4.90574e-04 
 4.25000e+01  5.08932e-04 
 4.30000e+01  5.33262e-04 
 4.35000e+01  5.54240e-04 
 4.40000e+01  5.75902e-04 
 4.45000e+01  6.02358e-04 
 4.50000e+01  6.28711e-04 
 4.55000e+01  6.56022e-04 
 4.60000e+01  6.82783e-04 
 4.65000e+01  7.10490e-04 
 4.70000e+01  7.34690e-04 
 4.75000e+01  7.65207e-04 
 4.80000e+01  7.92915e-04 
 4.85000e+01  8.25005e-04 
 4.90000e+01  8.61548e-04 
 4.95000e+01  8.97070e-04 
 5.00000e+01  9.30858e-04 
 5.05000e+01  9.68329e-04 
 5.10000e+01  1.00736e-03 
 5.15000e+01  1.04871e-03 
 5.20000e+01  1.09206e-03 
 5.25000e+01  1.13821e-03 
 5.30000e+01  1.18427e-03 
 5.35000e+01  1.23740e-03 
 5.40000e+01  1.28778e-03 
 5.45000e+01  1.33744e-03 
 5.50000e+01  1.39931e-03 
 5.55000e+01  1.45882e-03 
 5.60000e+01  1.51842e-03 
 5.65000e+01  1.59201e-03 
 5.70000e+01  1.66340e-03 
 5.75000e+01  1.74090e-03 
 5.80000e+01  1.82289e-03 
 5.85000e+01  1.91034e-03 
 5.90000e+01  1.99843e-03 
 5.95000e+01  2.09712e-03 
 6.00000e+01  2.19918e-03 
 6.05000e+01  2.30205e-03 
 6.10000e+01  2.41698e-03 
 6.15000e+01  2.52971e-03 
 6.20000e+01  2.64127e-03 
 6.25000e+01  2.76402e-03 
 6.30000e+01  2.88132e-03 
 6.35000e+01  3.00079e-03 
 6.40000e+01  3.12374e-03 
 6.45000e+01  3.24674e-03 
 6.50000e+01  3.37594e-03 
 6.55000e+01  3.51024e-03 
 6.60000e+01  3.64344e-03 
 6.65000e+01  3.77098e-03 
 6.70000e+01  3.90040e-03 
 6.75000e+01  4.04356e-03 
 6.80000e+01  4.17795e-03 
 6.85000e+01  4.31825e-03 
 6.90000e+01  4.43741e-03 
 6.95000e+01  4.57539e-03 
 7.00000e+01  4.70125e-03 
 7.05000e+01  4.82260e-03 
 7.10000e+01  4.94832e-03 
 7.15000e+01  5.05982e-03 
 7.20000e+01  5.17488e-03 
 7.25000e+01  5.27574e-03 
 7.30000e+01  5.38830e-03 
 7.35000e+01  5.49772e-03 
 7.40000e+01  5.59370e-03 
 7.45000e+01  5.69700e-03 
 7.50000e+01  5.79286e-03 
 7.55000e+01  5.89705e-03 
 7.60000e+01  5.98424e-03 
 7.65000e+01  6.06199e-03 
 7.70000e+01  6.15481e-03 
 7.75000e+01  6.24427e-03 
 7.80000e+01  6.32516e-03 
 7.85000e+01  6.40500e-03 
 7.90000e+01  6.48841e-03 
 7.95000e+01  6.55993e-03 
 8.00000e+01  6.65274e-03 
 8.05000e+01  6.73421e-03 
 8.10000e+01  6.81465e-03 
 8.15000e+01  6.88046e-03 
 8.20000e+01  6.94686e-03 
 8.25000e+01  7.01353e-03 
 8.30000e+01  7.08434e-03 
 8.35000e+01  7.15312e-03 
 8.40000e+01  7.22139e-03 
 8.45000e+01  7.28765e-03 
 8.50000e+01  7.34915e-03 
 8.55000e+01  7.41493e-03 
 8.60000e+01  7.47744e-03 
 8.65000e+01  7.53067e-03 
 8.70000e+01  7.58316e-03 
 8.75000e+01  7.63070e-03 
 8.80000e+01  7.67528e-03 
 8.85000e+01  7.71582e-03 
 8.90000e+01  7.76919e-03 
 8.95000e+01  7.79552e-03 
 9.00000e+01  7.84103e-03 
 9.05000e+01  7.88212e-03 
 9.10000e+01  7.90983e-03 
 9.15000e+01  7.95607e-03 
 9.20000e+01  7.99953e-03 
 9.25000e+01  8.04817e-03 
 9.30000e+01  8.10001e-03 
 9.35000e+01  8.13856e-03 
 9.40000e+01  8.17913e-03 
 9.45000e+01  8.22651e-03 
 9.50000e+01  8.26577e-03 
 9.55000e+01  8.30281e-03 
 9.60000e+01  8.33383e-03 
 9.65000e+01  8.36943e-03 
 9.70000e+01  8.41639e-03 
 9.75000e+01  8.44727e-03 
 9.80000e+01  8.48946e-03 
 9.85000e+01  8.52008e-03 
 9.90000e+01  8.55693e-03 
 9.95000e+01  8.58136e-03 
 1.00000e+02  8.60450e-03 
 1.00500e+02  8.64047e-03 
 1.01000e+02  8.67871e-03 
 1.01500e+02  8.70727e-03 
 1.02000e+02  8.73976e-03 
 1.02500e+02  8.78338e-03 
 1.03000e+02  8.80656e-03 
 1.03500e+02  8.84543e-03 
 1.04000e+02  8.87824e-03 
 1.04500e+02  8.91209e-03 
 1.05000e+02  8.93761e-03 
 1.05500e+02  8.97253e-03 
 1.06000e+02  9.00088e-03 
 1.06500e+02  9.02225e-03 
 1.07000e+02  9.04561e-03 
 1.07500e+02  9.06245e-03 
 1.08000e+02  9.08676e-03 
 1.08500e+02  9.10599e-03 
 1.09000e+02  9.11996e-03 
 1.09500e+02  9.14302e-03 
 1.10000e+02  9.16262e-03 
 1.10500e+02  9.18608e-03 
 1.11000e+02  9.21307e-03 
 1.11500e+02  9.22992e-03 
 1.12000e+02  9.23621e-03 
 1.12500e+02  9.25126e-03 
 1.13000e+02  9.27658e-03 
 1.13500e+02  9.30750e-03 
 1.14000e+02  9.33862e-03 
 1.14500e+02  9.34979e-03 
 1.15000e+02  9.36639e-03 
 1.15500e+02  9.40101e-03 
 1.16000e+02  9.41934e-03 
 1.16500e+02  9.42757e-03 
 1.17000e+02  9.43722e-03 
 1.17500e+02  9.46866e-03 
 1.18000e+02  9.48440e-03 
 1.18500e+02  9.51657e-03 
 1.19000e+02  9.54529e-03 
 1.19500e+02  9.54002e-03 
 1.20000e+02  9.55301e-03 
 1.20500e+02  9.57542e-03 
 1.21000e+02  9.58559e-03 
 1.21500e+02  9.58860e-03 
 1.22000e+02  9.60445e-03 
 1.22500e+02  9.62106e-03 
 1.23000e+02  9.61986e-03 
 1.23500e+02  9.62516e-03 
 1.24000e+02  9.64231e-03 
 1.24500e+02  9.63502e-03 
 1.25000e+02  9.65659e-03 
 1.25500e+02  9.65354e-03 
 1.26000e+02  9.67810e-03 
 1.26500e+02  9.66318e-03 
 1.27000e+02  9.66257e-03 
 1.27500e+02  9.66696e-03 
 1.28000e+02  9.67442e-03 
 1.28500e+02  9.68703e-03 
 1.29000e+02  9.68971e-03 
 1.29500e+02  9.70218e-03 
 1.30000e+02  9.69917e-03 
 1.30500e+02  9.70186e-03 
 1.31000e+02  9.69875e-03 
 1.31500e+02  9.70600e-03 
 1.32000e+02  9.71931e-03 
 1.32500e+02  9.72608e-03 
 1.33000e+02  9.72113e-03 
 1.33500e+02  9.72716e-03 
 1.34000e+02  9.74228e-03 
 1.34500e+02  9.75052e-03 
 1.35000e+02  9.74302e-03 
 1.35500e+02  9.73947e-03 
 1.36000e+02  9.74484e-03 
 1.36500e+02  9.76549e-03 
 1.37000e+02  9.76853e-03 
 1.37500e+02  9.76923e-03 
 1.38000e+02  9.76416e-03 
 1.38500e+02  9.76789e-03 
 1.39000e+02  9.77630e-03 
 1.39500e+02  9.80242e-03 
 1.40000e+02  9.80267e-03 
 1.40500e+02  9.78140e-03 
 1.41000e+02  9.78422e-03 
 1.41500e+02  9.79074e-03 
 1.42000e+02  9.80405e-03 
 1.42500e+02  9.79242e-03 
 1.43000e+02  9.79333e-03 
 1.43500e+02  9.78343e-03 
 1.44000e+02  9.78373e-03 
 1.44500e+02  9.78405e-03 
 1.45000e+02  9.78069e-03 
 1.45500e+02  9.79410e-03 
 1.46000e+02  9.79543e-03 
 1.46500e+02  9.79705e-03 
 1.47000e+02  9.79318e-03 
 1.47500e+02  9.77804e-03 
 1.48000e+02  9.78855e-03 
 1.48500e+02  9.78899e-03 
 1.49000e+02  9.77823e-03 
 1.49500e+02  9.78745e-03 
 1.50000e+02  9.78146e-03 
 1.50500e+02  9.79574e-03 
 1.51000e+02  9.78747e-03 
 1.51500e+02  9.80091e-03 
 1.52000e+02  9.79679e-03 
 1.52500e+02  9.79189e-03 
 1.53000e+02  9.80479e-03 
 1.53500e+02  9.81137e-03 
 1.54000e+02  9.80347e-03 
 1.54500e+02  9.80670e-03 
 1.55000e+02  9.79682e-03 
 1.55500e+02  9.80197e-03 
 1.56000e+02  9.81275e-03 
 1.56500e+02  9.81354e-03 
 1.57000e+02  9.81374e-03 
 1.57500e+02  9.81651e-03 
 1.58000e+02  9.80376e-03 
 1.58500e+02  9.81061e-03 
 1.59000e+02  9.81036e-03 
 1.59500e+02  9.80344e-03 
 1.60000e+02  9.81474e-03 
 1.60500e+02  9.81602e-03 
 1.61000e+02  9.82067e-03 
 1.61500e+02  9.82785e-03 
 1.62000e+02  9.82662e-03 
 1.62500e+02  9.81815e-03 
 1.63000e+02  9.81511e-03 
 1.63500e+02  9.80897e-03 
 1.64000e+02  9.79692e-03 
 1.64500e+02  9.80041e-03 
 1.65000e+02  9.81114e-03 
 1.65500e+02  9.81250e-03 
 1.66000e+02  9.81566e-03 
 1.66500e+02  9.81718e-03 
 1.67000e+02  9.81015e-03 
 1.67500e+02  9.79951e-03 
 1.68000e+02  9.80555e-03 
 1.68500e+02  9.80010e-03 
 1.69000e+02  9.80117e-03 
 1.69500e+02  9.80263e-03 
 1.70000e+02  9.79153e-03 
 1.70500e+02  9.78530e-03 
 1.71000e+02  9.79119e-03 
 1.71500e+02  9.79826e-03 
 1.72000e+02  9.80068e-03 
 1.72500e+02  9.81191e-03 
 1.73000e+02  9.79896e-03 
 1.73500e+02  9.79819e-03 
 1.74000e+02  9.78352e-03 
 1.74500e+02  9.78829e-03 
 1.75000e+02  9.78762e-03 
 1.75500e+02  9.76744e-03 
 1.76000e+02  9.75774e-03 
 1.76500e+02  9.75178e-03 
 1.77000e+02  9.76242e-03 
 1.77500e+02  9.76432e-03 
 1.78000e+02  9.75424e-03 
 1.78500e+02  9.74931e-03 
 1.79000e+02  9.74754e-03 
 1.79500e+02  9.73660e-03 
 1.80000e+02  9.74919e-03 
 1.80500e+02  9.73820e-03 
 1.81000e+02  9.75685e-03 
 1.81500e+02  9.75667e-03 
 1.82000e+02  9.75762e-03 
 1.82500e+02  9.76280e-03 
 1.83000e+02  9.76847e-03 
 1.83500e+02  9.75878e-03 
 1.84000e+02  9.75195e-03 
 1.84500e+02  9.74404e-03 
 1.85000e+02  9.74766e-03 
 1.85500e+02  9.75488e-03 
 1.86000e+02  9.73901e-03 
 1.86500e+02  9.74340e-03 
 1.87000e+02  9.72251e-03 
 1.87500e+02  9.72625e-03 
 1.88000e+02  9.73833e-03 
 1.88500e+02  9.72442e-03 
 1.89000e+02  9.71614e-03 
 1.89500e+02  9.70821e-03 
 1.90000e+02  9.71667e-03 
 1.90500e+02  9.70169e-03 
 1.91000e+02  9.70286e-03 
 1.91500e+02  9.68276e-03 
 1.92000e+02  9.68627e-03 
 1.92500e+02  9.68595e-03 
 1.93000e+02  9.68394e-03 
 1.93500e+02  9.66779e-03 
 1.94000e+02  9.65790e-03 
 1.94500e+02  9.64985e-03 
 1.95000e+02  9.63694e-03 
 1.95500e+02  9.61636e-03 
 1.96000e+02  9.62137e-03 
 1.96500e+02  9.60591e-03 
 1.97000e+02  9.59379e-03 
 1.97500e+02  9.57386e-03 
 1.98000e+02  9.56023e-03 
 1.98500e+02  9.54633e-03 
 1.99000e+02  9.52778e-03 
 1.99500e+02  9.52264e-03 
 2.00000e+02  9.51939e-03 
 2.00500e+02  9.51394e-03 
 2.01000e+02  9.48570e-03 
 2.01500e+02  9.45234e-03 
 2.02000e+02  9.45325e-03 
 2.02500e+02  9.44626e-03 
 2.03000e+02  9.42965e-03 
 2.03500e+02  9.41781e-03 
 2.04000e+02  9.39827e-03 
 2.04500e+02  9.37278e-03 
 2.05000e+02  9.35152e-03 
 2.05500e+02  9.33629e-03 
 2.06000e+02  9.31407e-03 
 2.06500e+02  9.28745e-03 
 2.07000e+02  9.26268e-03 
 2.07500e+02  9.24221e-03 
 2.08000e+02  9.22972e-03 
 2.08500e+02  9.21453e-03 
 2.09000e+02  9.19231e-03 
 2.09500e+02  9.17434e-03 
 2.10000e+02  9.14653e-03 
 2.10500e+02  9.12523e-03 
 2.11000e+02  9.09100e-03 
 2.11500e+02  9.06699e-03 
 2.12000e+02  9.03670e-03 
 2.12500e+02  9.01216e-03 
 2.13000e+02  8.99299e-03 
 2.13500e+02  8.95451e-03 
 2.14000e+02  8.92919e-03 
 2.14500e+02  8.89019e-03 
 2.15000e+02  8.86906e-03 
 2.15500e+02  8.84681e-03 
 2.16000e+02  8.80596e-03 
 2.16500e+02  8.77997e-03 
 2.17000e+02  8.75319e-03 
 2.17500e+02  8.74084e-03 
 2.18000e+02  8.70457e-03 
 2.18500e+02  8.68055e-03 
 2.19000e+02  8.64410e-03 
 2.19500e+02  8.61636e-03 
 2.20000e+02  8.58917e-03 
 2.20500e+02  8.55027e-03 
 2.21000e+02  8.51725e-03 
 2.21500e+02  8.47696e-03 
 2.22000e+02  8.42939e-03 
 2.22500e+02  8.39940e-03 
 2.23000e+02  8.37146e-03 
 2.23500e+02  8.32328e-03 
 2.24000e+02  8.28535e-03 
 2.24500e+02  8.25809e-03 
 2.25000e+02  8.22299e-03 
 2.25500e+02  8.18376e-03 
 2.26000e+02  8.13369e-03 
 2.26500e+02  8.09264e-03 
 2.27000e+02  8.04778e-03 
 2.27500e+02  7.99679e-03 
 2.28000e+02  7.94514e-03 
 2.28500e+02  7.89178e-03 
 2.29000e+02  7.83806e-03 
 2.29500e+02  7.78470e-03 
 2.30000e+02  7.72035e-03 
 2.30500e+02  7.66955e-03 
 2.31000e+02  7.61538e-03 
 2.31500e+02  7.55082e-03 
 2.32000e+02  7.51202e-03 
 2.32500e+02  7.45394e-03 
 2.33000e+02  7.38924e-03 
 2.33500e+02  7.33441e-03 
 2.34000e+02  7.28185e-03 
 2.34500e+02  7.22351e-03 
 2.35000e+02  7.16142e-03 
 2.35500e+02  7.11216e-03 
 2.36000e+02  7.04788e-03 
 2.36500e+02  6.98094e-03 
 2.37000e+02  6.91478e-03 
 2.37500e+02  6.84183e-03 
 2.38000e+02  6.78151e-03 
 2.38500e+02  6.72742e-03 
 2.39000e+02  6.66107e-03 
 2.39500e+02  6.58248e-03 
 2.40000e+02  6.51868e-03 
 2.40500e+02  6.44767e-03 
 2.41000e+02  6.36906e-03 
 2.41500e+02  6.29648e-03 
 2.42000e+02  6.21867e-03 
 2.42500e+02  6.11992e-03 
 2.43000e+02  6.04070e-03 
 2.43500e+02  5.94769e-03 
 2.44000e+02  5.84896e-03 
 2.44500e+02  5.75043e-03 
 2.45000e+02  5.65353e-03 
 2.45500e+02  5.54788e-03 
 2.46000e+02  5.44600e-03 
 2.46500e+02  5.35764e-03 
 2.47000e+02  5.24971e-03 
 2.47500e+02  5.13690e-03 
 2.48000e+02  5.02297e-03 
 2.48500e+02  4.92270e-03 
 2.49000e+02  4.80436e-03 
 2.49500e+02  4.67763e-03 
 2.50000e+02  4.55699e-03 
 2.50500e+02  4.44629e-03 
 2.51000e+02  4.30673e-03 
 2.51500e+02  4.18352e-03 
 2.52000e+02  4.05440e-03 
 2.52500e+02  3.92164e-03 
 2.53000e+02  3.78915e-03 
 2.53500e+02  3.65474e-03 
 2.54000e+02  3.52357e-03 
 2.54500e+02  3.39271e-03 
 2.55000e+02  3.26563e-03 
 2.55500e+02  3.14491e-03 
 2.56000e+02  3.02086e-03 
 2.56500e+02  2.89662e-03 
 2.57000e+02  2.77779e-03 
 2.57500e+02  2.66423e-03 
 2.58000e+02  2.54873e-03 
 2.58500e+02  2.43370e-03 
 2.59000e+02  2.32665e-03 
 2.59500e+02  2.21568e-03 
 2.60000e+02  2.11520e-03 
 2.60500e+02  2.01596e-03 
 2.61000e+02  1.92813e-03 
 2.61500e+02  1.84079e-03 
 2.62000e+02  1.76049e-03 
 2.62500e+02  1.67793e-03 
 2.63000e+02  1.60541e-03 
 2.63500e+02  1.53727e-03 
 2.64000e+02  1.47354e-03 
 2.64500e+02  1.40462e-03 
 2.65000e+02  1.34747e-03 
 2.65500e+02  1.28990e-03 
 2.66000e+02  1.23220e-03 
 2.66500e+02  1.18521e-03 
 2.67000e+02  1.13941e-03 
 2.67500e+02  1.09589e-03 
 2.68000e+02  1.05237e-03 
 2.68500e+02  1.01206e-03 
 2.69000e+02  9.70441e-04 
 2.69500e+02  9.29768e-04 
 2.70000e+02  8.93975e-04 
 2.70500e+02  8.59609e-04 
 2.71000e+02  8.26720e-04 
 2.71500e+02  7.94703e-04 
 2.72000e+02  7.61459e-04 
 2.72500e+02  7.32326e-04 
 2.73000e+02  7.02542e-04 
 2.73500e+02  6.77851e-04 
 2.74000e+02  6.49603e-04 
 2.74500e+02  6.24550e-04 
 2.75000e+02  5.99854e-04 
 2.75500e+02  5.76690e-04 
 2.76000e+02  5.53366e-04 
 2.76500e+02  5.31098e-04 
 2.77000e+02  5.05995e-04 
 2.77500e+02  4.85712e-04 
 2.78000e+02  4.63806e-04 
 2.78500e+02  4.43835e-04 
 2.79000e+02  4.26562e-04 
 2.79500e+02  4.08036e-04 
 2.80000e+02  3.91312e-04 
 2.80500e+02  3.72897e-04 
 2.81000e+02  3.56026e-04 
 2.81500e+02  3.40574e-04 
 2.82000e+02  3.25934e-04 
 2.82500e+02  3.07146e-04 
 2.83000e+02  2.91557e-04 
 2.83500e+02  2.77422e-04 
 2.84000e+02  2.62562e-04 
 2.84500e+02  2.50060e-04 
 2.85000e+02  2.36485e-04 
 2.85500e+02  2.24109e-04 
 2.86000e+02  2.12019e-04 
 2.86500e+02  2.00796e-04 
 2.87000e+02  1.91275e-04 
 2.87500e+02  1.80726e-04 
 2.88000e+02  1.72174e-04 
 2.88500e+02  1.64505e-04 
 2.89000e+02  1.56578e-04 
 2.89500e+02  1.49897e-04 
 2.90000e+02  1.43997e-04 
 2.90500e+02  1.38262e-04 
 2.91000e+02  1.32099e-04 
 2.91500e+02  1.26982e-04 
 2.92000e+02  1.22250e-04 
 2.92500e+02  1.17848e-04 
 2.93000e+02  1.14458e-04 
 2.93500e+02  1.11253e-04 
 2.94000e+02  1.07923e-04 
 2.94500e+02  1.03378e-04 
 2.95000e+02  1.00065e-04 
 2.95500e+02  9.81968e-05 
 2.96000e+02  9.54808e-05 
 2.96500e+02  9.29632e-05 
 2.97000e+02  9.04904e-05 
 2.97500e+02  8.82240e-05 
 2.98000e+02  8.58432e-05 
 2.98500e+02  8.29464e-05 
 2.99000e+02  8.05808e-05 
 2.99500e+02  7.81976e-05 
 3.00000e+02  7.68400e-05 
 3.00500e+02  7.47984e-05 
 3.01000e+02  7.28384e-05 
 3.01500e+02  7.06800e-05 
 3.02000e+02  6.86240e-05 
 3.02500e+02  6.71240e-05 
 3.03000e+02  6.52984e-05 
 3.03500e+02  6.37352e-05 
 3.04000e+02  6.17544e-05 
 3.04500e+02  5.99728e-05 
 3.05000e+02  5.82288e-05 
 3.05500e+02  5.70360e-05 
 3.06000e+02  5.56544e-05 
 3.06500e+02  5.39656e-05 
 3.07000e+02  5.24584e-05 
 3.07500e+02  5.18600e-05 
 3.08000e+02  5.01288e-05 
 3.08500e+02  4.93744e-05 
 3.09000e+02  4.84776e-05 
 3.09500e+02  4.67840e-05 
 3.10000e+02  4.57272e-05 
 3.10500e+02  4.49248e-05 
 3.11000e+02  4.30600e-05 
 3.11500e+02  4.20632e-05 
 3.12000e+02  4.07344e-05 
 3.12500e+02  3.99384e-05 
 3.13000e+02  3.85704e-05 
 3.13500e+02  3.73936e-05 
 3.14000e+02  3.59536e-05 
 3.14500e+02  3.48904e-05 
 3.15000e+02  3.34536e-05 
 3.15500e+02  3.23008e-05 
 3.16000e+02  3.08768e-05 
 3.16500e+02  2.93112e-05 
 3.17000e+02  2.80216e-05 
 3.17500e+02  2.71008e-05 
 3.18000e+02  2.52408e-05 
 3.18500e+02  2.32736e-05 
 3.19000e+02  2.24264e-05 
 3.19500e+02  2.23128e-05 
