 0.00000e+00  2.18192e-05 
 5.00000e-01  2.24824e-05 
 1.00000e+00  2.43536e-05 
 1.50000e+00  2.56072e-05 
 2.00000e+00  2.71096e-05 
 2.50000e+00  2.80440e-05 
 3.00000e+00  2.91624e-05 
 3.50000e+00  3.02040e-05 
 4.00000e+00  3.14304e-05 
 4.50000e+00  3.31400e-05 
 5.00000e+00  3.44792e-05 
 5.50000e+00  3.56312e-05 
 6.00000e+00  3.65640e-05 
 6.50000e+00  3.77288e-05 
 7.00000e+00  3.91088e-05 
 7.50000e+00  4.03224e-05 
 8.00000e+00  4.09352e-05 
 8.50000e+00  4.22792e-05 
 9.00000e+00  4.35136e-05 
 9.50000e+00  4.47712e-05 
 1.00000e+01  4.58680e-05 
 1.05000e+01  4.73376e-05 
 1.10000e+01  4.81032e-05 
 1.15000e+01  4.94744e-05 
 1.20000e+01  5.09848e-05 
 1.25000e+01  5.24800e-05 
 1.30000e+01  5.36224e-05 
 1.35000e+01  5.49416e-05 
 1.40000e+01  5.64520e-05 
 1.45000e+01  5.81488e-05 
 1.50000e+01  5.92296e-05 
 1.55000e+01  6.02728e-05 
 1.60000e+01  6.25912e-05 
 1.65000e+01  6.41288e-05 
 1.70000e+01  6.52304e-05 
 1.75000e+01  6.65208e-05 
 1.80000e+01  6.88416e-05 
 1.85000e+01  7.12632e-05 
 1.90000e+01  7.26408e-05 
 1.95000e+01  7.48416e-05 
 2.00000e+01  7.66656e-05 
 2.05000e+01  7.97160e-05 
 2.10000e+01  8.11752e-05 
 2.15000e+01  8.30256e-05 
 2.20000e+01  8.52408e-05 
 2.25000e+01  8.82432e-05 
 2.30000e+01  9.15968e-05 
 2.35000e+01  9.36320e-05 
 2.40000e+01  9.69488e-05 
 2.45000e+01  9.96984e-05 
 2.50000e+01  1.02434e-04 
 2.55000e+01  1.04861e-04 
 2.60000e+01  1.08186e-04 
 2.65000e+01  1.12815e-04 
 2.70000e+01  1.15838e-04 
 2.75000e+01  1.20800e-04 
 2.80000e+01  1.25459e-04 
 2.85000e+01  1.30379e-04 
 2.90000e+01  1.35946e-04 
 2.95000e+01  1.42193e-04 
 3.00000e+01  1.48250e-04 
 3.05000e+01  1.54871e-04 
 3.10000e+01  1.62948e-04 
 3.15000e+01  1.71566e-04 
 3.20000e+01  1.79199e-04 
 3.25000e+01  1.88666e-04 
 3.30000e+01  1.97181e-04 
 3.35000e+01  2.07710e-04 
 3.40000e+01  2.19062e-04 
 3.45000e+01  2.32250e-04 
 3.50000e+01  2.44274e-04 
 3.55000e+01  2.56373e-04 
 3.60000e+01  2.71196e-04 
 3.65000e+01  2.88150e-04 
 3.70000e+01  3.03069e-04 
 3.75000e+01  3.19832e-04 
 3.80000e+01  3.36371e-04 
 3.85000e+01  3.51369e-04 
 3.90000e+01  3.67362e-04 
 3.95000e+01  3.84802e-04 
 4.00000e+01  4.02073e-04 
 4.05000e+01  4.23869e-04 
 4.10000e+01  4.41830e-04 
 4.15000e+01  4.60395e-04 
 4.20000e+01  4.80174e-04 
 4.25000e+01  4.98731e-04 
 4.30000e+01  5.22513e-04 
 4.35000e+01  5.45007e-04 
 4.40000e+01  5.67874e-04 
 4.45000e+01  5.89938e-04 
 4.50000e+01  6.12976e-04 
 4.55000e+01  6.40141e-04 
 4.60000e+01  6.66293e-04 
 4.65000e+01  6.94342e-04 
 4.70000e+01  7.19974e-04 
 4.75000e+01  7.49238e-04 
 4.80000e+01  7.79806e-04 
 4.85000e+01  8.11356e-04 
 4.90000e+01  8.42576e-04 
 4.95000e+01  8.79267e-04 
 5.00000e+01  9.14446e-04 
 5.05000e+01  9.50230e-04 
 5.10000e+01  9.88173e-04 
 5.15000e+01  1.02890e-03 
 5.20000e+01  1.07042e-03 
 5.25000e+01  1.11538e-03 
 5.30000e+01  1.16556e-03 
 5.35000e+01  1.21827e-03 
 5.40000e+01  1.26898e-03 
 5.45000e+01  1.32360e-03 
 5.50000e+01  1.38209e-03 
 5.55000e+01  1.44023e-03 
 5.60000e+01  1.50568e-03 
 5.65000e+01  1.57064e-03 
 5.70000e+01  1.63843e-03 
 5.75000e+01  1.71547e-03 
 5.80000e+01  1.79561e-03 
 5.85000e+01  1.87818e-03 
 5.90000e+01  1.96805e-03 
 5.95000e+01  2.06392e-03 
 6.00000e+01  2.16260e-03 
 6.05000e+01  2.26526e-03 
 6.10000e+01  2.37493e-03 
 6.15000e+01  2.49169e-03 
 6.20000e+01  2.60007e-03 
 6.25000e+01  2.70624e-03 
 6.30000e+01  2.82435e-03 
 6.35000e+01  2.94833e-03 
 6.40000e+01  3.06535e-03 
 6.45000e+01  3.19268e-03 
 6.50000e+01  3.31515e-03 
 6.55000e+01  3.43683e-03 
 6.60000e+01  3.56616e-03 
 6.65000e+01  3.69980e-03 
 6.70000e+01  3.82613e-03 
 6.75000e+01  3.93947e-03 
 6.80000e+01  4.07058e-03 
 6.85000e+01  4.19555e-03 
 6.90000e+01  4.32305e-03 
 6.95000e+01  4.44600e-03 
 7.00000e+01  4.56990e-03 
 7.05000e+01  4.67844e-03 
 7.10000e+01  4.79129e-03 
 7.15000e+01  4.90030e-03 
 7.20000e+01  5.01274e-03 
 7.25000e+01  5.12329e-03 
 7.30000e+01  5.22382e-03 
 7.35000e+01  5.32845e-03 
 7.40000e+01  5.42054e-03 
 7.45000e+01  5.51681e-03 
 7.50000e+01  5.61489e-03 
 7.55000e+01  5.70609e-03 
 7.60000e+01  5.79566e-03 
 7.65000e+01  5.88639e-03 
 7.70000e+01  5.96919e-03 
 7.75000e+01  6.05790e-03 
 7.80000e+01  6.14508e-03 
 7.85000e+01  6.21459e-03 
 7.90000e+01  6.29180e-03 
 7.95000e+01  6.37054e-03 
 8.00000e+01  6.44765e-03 
 8.05000e+01  6.51776e-03 
 8.10000e+01  6.59809e-03 
 8.15000e+01  6.67495e-03 
 8.20000e+01  6.73004e-03 
 8.25000e+01  6.79565e-03 
 8.30000e+01  6.85703e-03 
 8.35000e+01  6.92327e-03 
 8.40000e+01  6.99170e-03 
 8.45000e+01  7.05357e-03 
 8.50000e+01  7.11072e-03 
 8.55000e+01  7.17024e-03 
 8.60000e+01  7.21987e-03 
 8.65000e+01  7.27177e-03 
 8.70000e+01  7.34059e-03 
 8.75000e+01  7.39576e-03 
 8.80000e+01  7.45065e-03 
 8.85000e+01  7.49395e-03 
 8.90000e+01  7.55770e-03 
 8.95000e+01  7.59739e-03 
 9.00000e+01  7.62791e-03 
 9.05000e+01  7.67797e-03 
 9.10000e+01  7.71791e-03 
 9.15000e+01  7.76436e-03 
 9.20000e+01  7.81826e-03 
 9.25000e+01  7.86568e-03 
 9.30000e+01  7.91757e-03 
 9.35000e+01  7.96603e-03 
 9.40000e+01  8.00579e-03 
 9.45000e+01  8.03853e-03 
 9.50000e+01  8.08025e-03 
 9.55000e+01  8.10618e-03 
 9.60000e+01  8.15631e-03 
 9.65000e+01  8.19123e-03 
 9.70000e+01  8.22596e-03 
 9.75000e+01  8.27033e-03 
 9.80000e+01  8.29781e-03 
 9.85000e+01  8.33317e-03 
 9.90000e+01  8.37134e-03 
 9.95000e+01  8.41268e-03 
 1.00000e+02  8.44875e-03 
 1.00500e+02  8.47623e-03 
 1.01000e+02  8.50485e-03 
 1.01500e+02  8.53877e-03 
 1.02000e+02  8.57144e-03 
 1.02500e+02  8.60053e-03 
 1.03000e+02  8.63188e-03 
 1.03500e+02  8.66230e-03 
 1.04000e+02  8.68945e-03 
 1.04500e+02  8.69943e-03 
 1.05000e+02  8.73829e-03 
 1.05500e+02  8.75580e-03 
 1.06000e+02  8.77591e-03 
 1.06500e+02  8.81246e-03 
 1.07000e+02  8.85334e-03 
 1.07500e+02  8.87168e-03 
 1.08000e+02  8.89240e-03 
 1.08500e+02  8.92144e-03 
 1.09000e+02  8.92880e-03 
 1.09500e+02  8.93245e-03 
 1.10000e+02  8.96203e-03 
 1.10500e+02  8.97910e-03 
 1.11000e+02  9.00589e-03 
 1.11500e+02  9.03091e-03 
 1.12000e+02  9.04796e-03 
 1.12500e+02  9.06735e-03 
 1.13000e+02  9.09042e-03 
 1.13500e+02  9.10156e-03 
 1.14000e+02  9.13489e-03 
 1.14500e+02  9.15626e-03 
 1.15000e+02  9.17606e-03 
 1.15500e+02  9.18897e-03 
 1.16000e+02  9.20151e-03 
 1.16500e+02  9.21663e-03 
 1.17000e+02  9.22999e-03 
 1.17500e+02  9.25745e-03 
 1.18000e+02  9.29724e-03 
 1.18500e+02  9.31904e-03 
 1.19000e+02  9.33335e-03 
 1.19500e+02  9.33695e-03 
 1.20000e+02  9.35081e-03 
 1.20500e+02  9.36221e-03 
 1.21000e+02  9.37983e-03 
 1.21500e+02  9.39164e-03 
 1.22000e+02  9.39548e-03 
 1.22500e+02  9.40412e-03 
 1.23000e+02  9.40744e-03 
 1.23500e+02  9.41718e-03 
 1.24000e+02  9.42004e-03 
 1.24500e+02  9.43148e-03 
 1.25000e+02  9.44027e-03 
 1.25500e+02  9.44462e-03 
 1.26000e+02  9.44150e-03 
 1.26500e+02  9.45503e-03 
 1.27000e+02  9.46686e-03 
 1.27500e+02  9.45637e-03 
 1.28000e+02  9.45957e-03 
 1.28500e+02  9.46246e-03 
 1.29000e+02  9.46584e-03 
 1.29500e+02  9.46435e-03 
 1.30000e+02  9.47180e-03 
 1.30500e+02  9.46033e-03 
 1.31000e+02  9.45580e-03 
 1.31500e+02  9.46870e-03 
 1.32000e+02  9.46999e-03 
 1.32500e+02  9.47669e-03 
 1.33000e+02  9.46714e-03 
 1.33500e+02  9.47550e-03 
 1.34000e+02  9.48785e-03 
 1.34500e+02  9.47739e-03 
 1.35000e+02  9.48516e-03 
 1.35500e+02  9.50506e-03 
 1.36000e+02  9.50659e-03 
 1.36500e+02  9.50623e-03 
 1.37000e+02  9.50916e-03 
 1.37500e+02  9.51671e-03 
 1.38000e+02  9.52128e-03 
 1.38500e+02  9.52038e-03 
 1.39000e+02  9.51640e-03 
 1.39500e+02  9.50536e-03 
 1.40000e+02  9.50081e-03 
 1.40500e+02  9.50571e-03 
 1.41000e+02  9.51415e-03 
 1.41500e+02  9.50980e-03 
 1.42000e+02  9.50474e-03 
 1.42500e+02  9.51962e-03 
 1.43000e+02  9.52048e-03 
 1.43500e+02  9.52598e-03 
 1.44000e+02  9.52222e-03 
 1.44500e+02  9.51514e-03 
 1.45000e+02  9.53071e-03 
 1.45500e+02  9.54840e-03 
 1.46000e+02  9.54581e-03 
 1.46500e+02  9.53931e-03 
 1.47000e+02  9.53723e-03 
 1.47500e+02  9.54002e-03 
 1.48000e+02  9.53413e-03 
 1.48500e+02  9.52801e-03 
 1.49000e+02  9.54421e-03 
 1.49500e+02  9.54566e-03 
 1.50000e+02  9.55192e-03 
 1.50500e+02  9.56364e-03 
 1.51000e+02  9.56232e-03 
 1.51500e+02  9.56579e-03 
 1.52000e+02  9.56140e-03 
 1.52500e+02  9.55740e-03 
 1.53000e+02  9.55238e-03 
 1.53500e+02  9.56118e-03 
 1.54000e+02  9.55888e-03 
 1.54500e+02  9.55411e-03 
 1.55000e+02  9.55316e-03 
 1.55500e+02  9.55299e-03 
 1.56000e+02  9.54158e-03 
 1.56500e+02  9.54117e-03 
 1.57000e+02  9.54919e-03 
 1.57500e+02  9.56168e-03 
 1.58000e+02  9.55815e-03 
 1.58500e+02  9.56778e-03 
 1.59000e+02  9.55265e-03 
 1.59500e+02  9.55743e-03 
 1.60000e+02  9.56257e-03 
 1.60500e+02  9.55649e-03 
 1.61000e+02  9.56537e-03 
 1.61500e+02  9.56506e-03 
 1.62000e+02  9.55623e-03 
 1.62500e+02  9.57188e-03 
 1.63000e+02  9.56030e-03 
 1.63500e+02  9.55635e-03 
 1.64000e+02  9.55344e-03 
 1.64500e+02  9.54040e-03 
 1.65000e+02  9.55436e-03 
 1.65500e+02  9.56342e-03 
 1.66000e+02  9.56428e-03 
 1.66500e+02  9.54617e-03 
 1.67000e+02  9.55038e-03 
 1.67500e+02  9.55397e-03 
 1.68000e+02  9.56287e-03 
 1.68500e+02  9.54792e-03 
 1.69000e+02  9.53562e-03 
 1.69500e+02  9.53812e-03 
 1.70000e+02  9.54001e-03 
 1.70500e+02  9.55028e-03 
 1.71000e+02  9.54599e-03 
 1.71500e+02  9.54483e-03 
 1.72000e+02  9.55742e-03 
 1.72500e+02  9.54735e-03 
 1.73000e+02  9.53637e-03 
 1.73500e+02  9.53266e-03 
 1.74000e+02  9.54356e-03 
 1.74500e+02  9.54325e-03 
 1.75000e+02  9.54270e-03 
 1.75500e+02  9.53302e-03 
 1.76000e+02  9.52969e-03 
 1.76500e+02  9.53528e-03 
 1.77000e+02  9.53384e-03 
 1.77500e+02  9.52178e-03 
 1.78000e+02  9.52968e-03 
 1.78500e+02  9.52168e-03 
 1.79000e+02  9.51212e-03 
 1.79500e+02  9.51065e-03 
 1.80000e+02  9.51354e-03 
 1.80500e+02  9.50994e-03 
 1.81000e+02  9.51248e-03 
 1.81500e+02  9.50139e-03 
 1.82000e+02  9.51944e-03 
 1.82500e+02  9.51040e-03 
 1.83000e+02  9.51786e-03 
 1.83500e+02  9.51478e-03 
 1.84000e+02  9.51985e-03 
 1.84500e+02  9.53354e-03 
 1.85000e+02  9.51324e-03 
 1.85500e+02  9.50223e-03 
 1.86000e+02  9.50750e-03 
 1.86500e+02  9.50049e-03 
 1.87000e+02  9.49090e-03 
 1.87500e+02  9.47675e-03 
 1.88000e+02  9.48204e-03 
 1.88500e+02  9.48045e-03 
 1.89000e+02  9.47038e-03 
 1.89500e+02  9.45868e-03 
 1.90000e+02  9.46227e-03 
 1.90500e+02  9.45912e-03 
 1.91000e+02  9.44581e-03 
 1.91500e+02  9.42577e-03 
 1.92000e+02  9.42936e-03 
 1.92500e+02  9.42178e-03 
 1.93000e+02  9.40838e-03 
 1.93500e+02  9.40581e-03 
 1.94000e+02  9.40821e-03 
 1.94500e+02  9.40390e-03 
 1.95000e+02  9.38955e-03 
 1.95500e+02  9.38471e-03 
 1.96000e+02  9.38392e-03 
 1.96500e+02  9.36364e-03 
 1.97000e+02  9.36610e-03 
 1.97500e+02  9.36947e-03 
 1.98000e+02  9.35946e-03 
 1.98500e+02  9.34486e-03 
 1.99000e+02  9.33091e-03 
 1.99500e+02  9.30819e-03 
 2.00000e+02  9.29366e-03 
 2.00500e+02  9.28066e-03 
 2.01000e+02  9.26984e-03 
 2.01500e+02  9.25764e-03 
 2.02000e+02  9.25384e-03 
 2.02500e+02  9.24169e-03 
 2.03000e+02  9.22582e-03 
 2.03500e+02  9.20678e-03 
 2.04000e+02  9.19448e-03 
 2.04500e+02  9.17291e-03 
 2.05000e+02  9.15508e-03 
 2.05500e+02  9.13409e-03 
 2.06000e+02  9.11391e-03 
 2.06500e+02  9.07690e-03 
 2.07000e+02  9.04885e-03 
 2.07500e+02  9.05194e-03 
 2.08000e+02  9.03028e-03 
 2.08500e+02  9.00035e-03 
 2.09000e+02  8.98549e-03 
 2.09500e+02  8.97091e-03 
 2.10000e+02  8.95146e-03 
 2.10500e+02  8.93716e-03 
 2.11000e+02  8.92521e-03 
 2.11500e+02  8.90050e-03 
 2.12000e+02  8.87208e-03 
 2.12500e+02  8.84688e-03 
 2.13000e+02  8.83001e-03 
 2.13500e+02  8.80766e-03 
 2.14000e+02  8.77876e-03 
 2.14500e+02  8.76023e-03 
 2.15000e+02  8.73972e-03 
 2.15500e+02  8.72026e-03 
 2.16000e+02  8.67998e-03 
 2.16500e+02  8.65442e-03 
 2.17000e+02  8.62797e-03 
 2.17500e+02  8.60167e-03 
 2.18000e+02  8.57756e-03 
 2.18500e+02  8.54718e-03 
 2.19000e+02  8.52854e-03 
 2.19500e+02  8.48014e-03 
 2.20000e+02  8.44339e-03 
 2.20500e+02  8.41470e-03 
 2.21000e+02  8.38045e-03 
 2.21500e+02  8.34150e-03 
 2.22000e+02  8.30660e-03 
 2.22500e+02  8.25913e-03 
 2.23000e+02  8.22708e-03 
 2.23500e+02  8.20899e-03 
 2.24000e+02  8.18200e-03 
 2.24500e+02  8.13776e-03 
 2.25000e+02  8.11210e-03 
 2.25500e+02  8.07190e-03 
 2.26000e+02  8.02046e-03 
 2.26500e+02  7.97736e-03 
 2.27000e+02  7.92285e-03 
 2.27500e+02  7.87529e-03 
 2.28000e+02  7.82760e-03 
 2.28500e+02  7.76820e-03 
 2.29000e+02  7.73073e-03 
 2.29500e+02  7.68118e-03 
 2.30000e+02  7.62948e-03 
 2.30500e+02  7.58242e-03 
 2.31000e+02  7.53625e-03 
 2.31500e+02  7.49003e-03 
 2.32000e+02  7.43950e-03 
 2.32500e+02  7.38236e-03 
 2.33000e+02  7.33055e-03 
 2.33500e+02  7.27429e-03 
 2.34000e+02  7.22328e-03 
 2.34500e+02  7.15696e-03 
 2.35000e+02  7.09523e-03 
 2.35500e+02  7.02671e-03 
 2.36000e+02  6.95232e-03 
 2.36500e+02  6.88855e-03 
 2.37000e+02  6.81948e-03 
 2.37500e+02  6.75942e-03 
 2.38000e+02  6.70259e-03 
 2.38500e+02  6.63679e-03 
 2.39000e+02  6.55805e-03 
 2.39500e+02  6.48769e-03 
 2.40000e+02  6.42289e-03 
 2.40500e+02  6.34997e-03 
 2.41000e+02  6.25665e-03 
 2.41500e+02  6.18525e-03 
 2.42000e+02  6.09726e-03 
 2.42500e+02  6.00158e-03 
 2.43000e+02  5.92836e-03 
 2.43500e+02  5.84998e-03 
 2.44000e+02  5.74983e-03 
 2.44500e+02  5.66262e-03 
 2.45000e+02  5.57738e-03 
 2.45500e+02  5.47542e-03 
 2.46000e+02  5.39090e-03 
 2.46500e+02  5.28535e-03 
 2.47000e+02  5.18802e-03 
 2.47500e+02  5.08041e-03 
 2.48000e+02  4.97582e-03 
 2.48500e+02  4.85977e-03 
 2.49000e+02  4.74940e-03 
 2.49500e+02  4.63818e-03 
 2.50000e+02  4.50403e-03 
 2.50500e+02  4.38346e-03 
 2.51000e+02  4.25056e-03 
 2.51500e+02  4.11761e-03 
 2.52000e+02  3.99418e-03 
 2.52500e+02  3.86967e-03 
 2.53000e+02  3.74693e-03 
 2.53500e+02  3.61877e-03 
 2.54000e+02  3.48705e-03 
 2.54500e+02  3.36227e-03 
 2.55000e+02  3.23862e-03 
 2.55500e+02  3.10777e-03 
 2.56000e+02  2.98766e-03 
 2.56500e+02  2.86621e-03 
 2.57000e+02  2.74265e-03 
 2.57500e+02  2.63039e-03 
 2.58000e+02  2.51427e-03 
 2.58500e+02  2.39925e-03 
 2.59000e+02  2.29081e-03 
 2.59500e+02  2.18535e-03 
 2.60000e+02  2.08555e-03 
 2.60500e+02  1.99068e-03 
 2.61000e+02  1.90237e-03 
 2.61500e+02  1.81717e-03 
 2.62000e+02  1.73651e-03 
 2.62500e+02  1.66193e-03 
 2.63000e+02  1.58608e-03 
 2.63500e+02  1.52191e-03 
 2.64000e+02  1.45800e-03 
 2.64500e+02  1.39177e-03 
 2.65000e+02  1.33551e-03 
 2.65500e+02  1.27616e-03 
 2.66000e+02  1.22487e-03 
 2.66500e+02  1.17510e-03 
 2.67000e+02  1.12380e-03 
 2.67500e+02  1.08144e-03 
 2.68000e+02  1.03875e-03 
 2.68500e+02  9.99187e-04 
 2.69000e+02  9.58531e-04 
 2.69500e+02  9.23566e-04 
 2.70000e+02  8.88494e-04 
 2.70500e+02  8.52205e-04 
 2.71000e+02  8.19183e-04 
 2.71500e+02  7.86381e-04 
 2.72000e+02  7.56498e-04 
 2.72500e+02  7.30281e-04 
 2.73000e+02  6.99160e-04 
 2.73500e+02  6.70485e-04 
 2.74000e+02  6.46433e-04 
 2.74500e+02  6.20686e-04 
 2.75000e+02  5.96618e-04 
 2.75500e+02  5.72906e-04 
 2.76000e+02  5.48727e-04 
 2.76500e+02  5.25377e-04 
 2.77000e+02  5.04402e-04 
 2.77500e+02  4.82090e-04 
 2.78000e+02  4.64622e-04 
 2.78500e+02  4.47622e-04 
 2.79000e+02  4.27240e-04 
 2.79500e+02  4.07659e-04 
 2.80000e+02  3.88250e-04 
 2.80500e+02  3.71435e-04 
 2.81000e+02  3.54197e-04 
 2.81500e+02  3.35706e-04 
 2.82000e+02  3.21166e-04 
 2.82500e+02  3.04944e-04 
 2.83000e+02  2.90270e-04 
 2.83500e+02  2.75442e-04 
 2.84000e+02  2.60627e-04 
 2.84500e+02  2.48174e-04 
 2.85000e+02  2.34778e-04 
 2.85500e+02  2.24063e-04 
 2.86000e+02  2.11837e-04 
 2.86500e+02  2.00486e-04 
 2.87000e+02  1.90856e-04 
 2.87500e+02  1.81546e-04 
 2.88000e+02  1.71733e-04 
 2.88500e+02  1.64439e-04 
 2.89000e+02  1.56675e-04 
 2.89500e+02  1.49982e-04 
 2.90000e+02  1.43450e-04 
 2.90500e+02  1.36791e-04 
 2.91000e+02  1.31091e-04 
 2.91500e+02  1.25847e-04 
 2.92000e+02  1.21443e-04 
 2.92500e+02  1.17169e-04 
 2.93000e+02  1.12982e-04 
 2.93500e+02  1.08215e-04 
 2.94000e+02  1.05483e-04 
 2.94500e+02  1.02429e-04 
 2.95000e+02  9.90776e-05 
 2.95500e+02  9.60296e-05 
 2.96000e+02  9.25248e-05 
 2.96500e+02  9.02184e-05 
 2.97000e+02  8.79304e-05 
 2.97500e+02  8.55088e-05 
 2.98000e+02  8.29824e-05 
 2.98500e+02  8.05632e-05 
 2.99000e+02  7.80592e-05 
 2.99500e+02  7.66224e-05 
 3.00000e+02  7.43192e-05 
 3.00500e+02  7.26240e-05 
 3.01000e+02  7.08856e-05 
 3.01500e+02  6.91168e-05 
 3.02000e+02  6.66208e-05 
 3.02500e+02  6.52120e-05 
 3.03000e+02  6.34576e-05 
 3.03500e+02  6.23376e-05 
 3.04000e+02  6.05080e-05 
 3.04500e+02  5.93952e-05 
 3.05000e+02  5.81432e-05 
 3.05500e+02  5.63712e-05 
 3.06000e+02  5.51104e-05 
 3.06500e+02  5.38280e-05 
 3.07000e+02  5.22864e-05 
 3.07500e+02  5.13632e-05 
 3.08000e+02  5.01576e-05 
 3.08500e+02  4.89976e-05 
 3.09000e+02  4.75736e-05 
 3.09500e+02  4.60808e-05 
 3.10000e+02  4.49040e-05 
 3.10500e+02  4.36808e-05 
 3.11000e+02  4.25320e-05 
 3.11500e+02  4.13752e-05 
 3.12000e+02  3.97872e-05 
 3.12500e+02  3.90640e-05 
 3.13000e+02  3.73232e-05 
 3.13500e+02  3.63344e-05 
 3.14000e+02  3.53632e-05 
 3.14500e+02  3.39600e-05 
 3.15000e+02  3.26872e-05 
 3.15500e+02  3.13184e-05 
 3.16000e+02  3.05584e-05 
 3.16500e+02  2.87088e-05 
 3.17000e+02  2.74848e-05 
 3.17500e+02  2.64760e-05 
 3.18000e+02  2.52752e-05 
 3.18500e+02  2.36696e-05 
 3.19000e+02  2.24128e-05 
 3.19500e+02  2.24504e-05 
