 0.00000e+00  2.18776e-05 
 5.00000e-01  2.17720e-05 
 1.00000e+00  2.30560e-05 
 1.50000e+00  2.50656e-05 
 2.00000e+00  2.58800e-05 
 2.50000e+00  2.69744e-05 
 3.00000e+00  2.84048e-05 
 3.50000e+00  2.95232e-05 
 4.00000e+00  3.10784e-05 
 4.50000e+00  3.23656e-05 
 5.00000e+00  3.36976e-05 
 5.50000e+00  3.46408e-05 
 6.00000e+00  3.55568e-05 
 6.50000e+00  3.65832e-05 
 7.00000e+00  3.81312e-05 
 7.50000e+00  3.92216e-05 
 8.00000e+00  4.04472e-05 
 8.50000e+00  4.14880e-05 
 9.00000e+00  4.24848e-05 
 9.50000e+00  4.40824e-05 
 1.00000e+01  4.51528e-05 
 1.05000e+01  4.63552e-05 
 1.10000e+01  4.73752e-05 
 1.15000e+01  4.83792e-05 
 1.20000e+01  4.96440e-05 
 1.25000e+01  5.12736e-05 
 1.30000e+01  5.27448e-05 
 1.35000e+01  5.38696e-05 
 1.40000e+01  5.54280e-05 
 1.45000e+01  5.73216e-05 
 1.50000e+01  5.88496e-05 
 1.55000e+01  6.03408e-05 
 1.60000e+01  6.14440e-05 
 1.65000e+01  6.31704e-05 
 1.70000e+01  6.56120e-05 
 1.75000e+01  6.65552e-05 
 1.80000e+01  6.79272e-05 
 1.85000e+01  6.97584e-05 
 1.90000e+01  7.22288e-05 
 1.95000e+01  7.36664e-05 
 2.00000e+01  7.60376e-05 
 2.05000e+01  7.82808e-05 
 2.10000e+01  8.01520e-05 
 2.15000e+01  8.26992e-05 
 2.20000e+01  8.44024e-05 
 2.25000e+01  8.68232e-05 
 2.30000e+01  8.96424e-05 
 2.35000e+01  9.26552e-05 
 2.40000e+01  9.59712e-05 
 2.45000e+01  9.77040e-05 
 2.50000e+01  1.01259e-04 
 2.55000e+01  1.04275e-04 
 2.60000e+01  1.07901e-04 
 2.65000e+01  1.12887e-04 
 2.70000e+01  1.17073e-04 
 2.75000e+01  1.21946e-04 
 2.80000e+01  1.26373e-04 
 2.85000e+01  1.31504e-04 
 2.90000e+01  1.36530e-04 
 2.95000e+01  1.42448e-04 
 3.00000e+01  1.49978e-04 
 3.05000e+01  1.56994e-04 
 3.10000e+01  1.65243e-04 
 3.15000e+01  1.74555e-04 
 3.20000e+01  1.84504e-04 
 3.25000e+01  1.93938e-04 
 3.30000e+01  2.04192e-04 
 3.35000e+01  2.13963e-04 
 3.40000e+01  2.28042e-04 
 3.45000e+01  2.40842e-04 
 3.50000e+01  2.54779e-04 
 3.55000e+01  2.68149e-04 
 3.60000e+01  2.82288e-04 
 3.65000e+01  2.94326e-04 
 3.70000e+01  3.09916e-04 
 3.75000e+01  3.27580e-04 
 3.80000e+01  3.42598e-04 
 3.85000e+01  3.60271e-04 
 3.90000e+01  3.77363e-04 
 3.95000e+01  3.95954e-04 
 4.00000e+01  4.12336e-04 
 4.05000e+01  4.33286e-04 
 4.10000e+01  4.53700e-04 
 4.15000e+01  4.73518e-04 
 4.20000e+01  4.93005e-04 
 4.25000e+01  5.15801e-04 
 4.30000e+01  5.39292e-04 
 4.35000e+01  5.62526e-04 
 4.40000e+01  5.87654e-04 
 4.45000e+01  6.11654e-04 
 4.50000e+01  6.37438e-04 
 4.55000e+01  6.65218e-04 
 4.60000e+01  6.88386e-04 
 4.65000e+01  7.17369e-04 
 4.70000e+01  7.46651e-04 
 4.75000e+01  7.78948e-04 
 4.80000e+01  8.09324e-04 
 4.85000e+01  8.41041e-04 
 4.90000e+01  8.76497e-04 
 4.95000e+01  9.15674e-04 
 5.00000e+01  9.52545e-04 
 5.05000e+01  9.89995e-04 
 5.10000e+01  1.02807e-03 
 5.15000e+01  1.06877e-03 
 5.20000e+01  1.11258e-03 
 5.25000e+01  1.15725e-03 
 5.30000e+01  1.20433e-03 
 5.35000e+01  1.25780e-03 
 5.40000e+01  1.31454e-03 
 5.45000e+01  1.37080e-03 
 5.50000e+01  1.42471e-03 
 5.55000e+01  1.48658e-03 
 5.60000e+01  1.55579e-03 
 5.65000e+01  1.63346e-03 
 5.70000e+01  1.70078e-03 
 5.75000e+01  1.78194e-03 
 5.80000e+01  1.87057e-03 
 5.85000e+01  1.96024e-03 
 5.90000e+01  2.05476e-03 
 5.95000e+01  2.15642e-03 
 6.00000e+01  2.25821e-03 
 6.05000e+01  2.36191e-03 
 6.10000e+01  2.47129e-03 
 6.15000e+01  2.58835e-03 
 6.20000e+01  2.70561e-03 
 6.25000e+01  2.81742e-03 
 6.30000e+01  2.93650e-03 
 6.35000e+01  3.05681e-03 
 6.40000e+01  3.18134e-03 
 6.45000e+01  3.31411e-03 
 6.50000e+01  3.44021e-03 
 6.55000e+01  3.56852e-03 
 6.60000e+01  3.70351e-03 
 6.65000e+01  3.83789e-03 
 6.70000e+01  3.97259e-03 
 6.75000e+01  4.09493e-03 
 6.80000e+01  4.22798e-03 
 6.85000e+01  4.35869e-03 
 6.90000e+01  4.47628e-03 
 6.95000e+01  4.60804e-03 
 7.00000e+01  4.71510e-03 
 7.05000e+01  4.82656e-03 
 7.10000e+01  4.92920e-03 
 7.15000e+01  5.04206e-03 
 7.20000e+01  5.13959e-03 
 7.25000e+01  5.24074e-03 
 7.30000e+01  5.34408e-03 
 7.35000e+01  5.44674e-03 
 7.40000e+01  5.53510e-03 
 7.45000e+01  5.64817e-03 
 7.50000e+01  5.75077e-03 
 7.55000e+01  5.84396e-03 
 7.60000e+01  5.93451e-03 
 7.65000e+01  6.03414e-03 
 7.70000e+01  6.11760e-03 
 7.75000e+01  6.19296e-03 
 7.80000e+01  6.27379e-03 
 7.85000e+01  6.35069e-03 
 7.90000e+01  6.43487e-03 
 7.95000e+01  6.51051e-03 
 8.00000e+01  6.58681e-03 
 8.05000e+01  6.66656e-03 
 8.10000e+01  6.73786e-03 
 8.15000e+01  6.80005e-03 
 8.20000e+01  6.85888e-03 
 8.25000e+01  6.91266e-03 
 8.30000e+01  6.97221e-03 
 8.35000e+01  7.03095e-03 
 8.40000e+01  7.09102e-03 
 8.45000e+01  7.14537e-03 
 8.50000e+01  7.20910e-03 
 8.55000e+01  7.26983e-03 
 8.60000e+01  7.33373e-03 
 8.65000e+01  7.38475e-03 
 8.70000e+01  7.43512e-03 
 8.75000e+01  7.48699e-03 
 8.80000e+01  7.54223e-03 
 8.85000e+01  7.59402e-03 
 8.90000e+01  7.65855e-03 
 8.95000e+01  7.70261e-03 
 9.00000e+01  7.74774e-03 
 9.05000e+01  7.79096e-03 
 9.10000e+01  7.85258e-03 
 9.15000e+01  7.90226e-03 
 9.20000e+01  7.94149e-03 
 9.25000e+01  7.97936e-03 
 9.30000e+01  8.01566e-03 
 9.35000e+01  8.05753e-03 
 9.40000e+01  8.11204e-03 
 9.45000e+01  8.14269e-03 
 9.50000e+01  8.17107e-03 
 9.55000e+01  8.19548e-03 
 9.60000e+01  8.22828e-03 
 9.65000e+01  8.26667e-03 
 9.70000e+01  8.31120e-03 
 9.75000e+01  8.35109e-03 
 9.80000e+01  8.39721e-03 
 9.85000e+01  8.43814e-03 
 9.90000e+01  8.46629e-03 
 9.95000e+01  8.49622e-03 
 1.00000e+02  8.51409e-03 
 1.00500e+02  8.55081e-03 
 1.01000e+02  8.58273e-03 
 1.01500e+02  8.61306e-03 
 1.02000e+02  8.63960e-03 
 1.02500e+02  8.66243e-03 
 1.03000e+02  8.69236e-03 
 1.03500e+02  8.72088e-03 
 1.04000e+02  8.75283e-03 
 1.04500e+02  8.78878e-03 
 1.05000e+02  8.79700e-03 
 1.05500e+02  8.81695e-03 
 1.06000e+02  8.85799e-03 
 1.06500e+02  8.88829e-03 
 1.07000e+02  8.91587e-03 
 1.07500e+02  8.92495e-03 
 1.08000e+02  8.93377e-03 
 1.08500e+02  8.94251e-03 
 1.09000e+02  8.96487e-03 
 1.09500e+02  8.99855e-03 
 1.10000e+02  9.03256e-03 
 1.10500e+02  9.06434e-03 
 1.11000e+02  9.09171e-03 
 1.11500e+02  9.10641e-03 
 1.12000e+02  9.13000e-03 
 1.12500e+02  9.16374e-03 
 1.13000e+02  9.16131e-03 
 1.13500e+02  9.16967e-03 
 1.14000e+02  9.17379e-03 
 1.14500e+02  9.19371e-03 
 1.15000e+02  9.21857e-03 
 1.15500e+02  9.24018e-03 
 1.16000e+02  9.25876e-03 
 1.16500e+02  9.27725e-03 
 1.17000e+02  9.30148e-03 
 1.17500e+02  9.30978e-03 
 1.18000e+02  9.33589e-03 
 1.18500e+02  9.34386e-03 
 1.19000e+02  9.36676e-03 
 1.19500e+02  9.37508e-03 
 1.20000e+02  9.37503e-03 
 1.20500e+02  9.39060e-03 
 1.21000e+02  9.40844e-03 
 1.21500e+02  9.41204e-03 
 1.22000e+02  9.43016e-03 
 1.22500e+02  9.45397e-03 
 1.23000e+02  9.46746e-03 
 1.23500e+02  9.47034e-03 
 1.24000e+02  9.47547e-03 
 1.24500e+02  9.48051e-03 
 1.25000e+02  9.47916e-03 
 1.25500e+02  9.49791e-03 
 1.26000e+02  9.51211e-03 
 1.26500e+02  9.52909e-03 
 1.27000e+02  9.53223e-03 
 1.27500e+02  9.52836e-03 
 1.28000e+02  9.53543e-03 
 1.28500e+02  9.54175e-03 
 1.29000e+02  9.54389e-03 
 1.29500e+02  9.53930e-03 
 1.30000e+02  9.55460e-03 
 1.30500e+02  9.55907e-03 
 1.31000e+02  9.55737e-03 
 1.31500e+02  9.57116e-03 
 1.32000e+02  9.58325e-03 
 1.32500e+02  9.57500e-03 
 1.33000e+02  9.58802e-03 
 1.33500e+02  9.59023e-03 
 1.34000e+02  9.59089e-03 
 1.34500e+02  9.59228e-03 
 1.35000e+02  9.60107e-03 
 1.35500e+02  9.59494e-03 
 1.36000e+02  9.60425e-03 
 1.36500e+02  9.60266e-03 
 1.37000e+02  9.60215e-03 
 1.37500e+02  9.61406e-03 
 1.38000e+02  9.62219e-03 
 1.38500e+02  9.62593e-03 
 1.39000e+02  9.62658e-03 
 1.39500e+02  9.62382e-03 
 1.40000e+02  9.62747e-03 
 1.40500e+02  9.63121e-03 
 1.41000e+02  9.64250e-03 
 1.41500e+02  9.62766e-03 
 1.42000e+02  9.61925e-03 
 1.42500e+02  9.62472e-03 
 1.43000e+02  9.61099e-03 
 1.43500e+02  9.60808e-03 
 1.44000e+02  9.62578e-03 
 1.44500e+02  9.62491e-03 
 1.45000e+02  9.62060e-03 
 1.45500e+02  9.62329e-03 
 1.46000e+02  9.62862e-03 
 1.46500e+02  9.62858e-03 
 1.47000e+02  9.61864e-03 
 1.47500e+02  9.62324e-03 
 1.48000e+02  9.62962e-03 
 1.48500e+02  9.62704e-03 
 1.49000e+02  9.62588e-03 
 1.49500e+02  9.62925e-03 
 1.50000e+02  9.62721e-03 
 1.50500e+02  9.64149e-03 
 1.51000e+02  9.64171e-03 
 1.51500e+02  9.64020e-03 
 1.52000e+02  9.64279e-03 
 1.52500e+02  9.64626e-03 
 1.53000e+02  9.64111e-03 
 1.53500e+02  9.64244e-03 
 1.54000e+02  9.63421e-03 
 1.54500e+02  9.63891e-03 
 1.55000e+02  9.64978e-03 
 1.55500e+02  9.64499e-03 
 1.56000e+02  9.63505e-03 
 1.56500e+02  9.64400e-03 
 1.57000e+02  9.65764e-03 
 1.57500e+02  9.64310e-03 
 1.58000e+02  9.65228e-03 
 1.58500e+02  9.65560e-03 
 1.59000e+02  9.65208e-03 
 1.59500e+02  9.65129e-03 
 1.60000e+02  9.64892e-03 
 1.60500e+02  9.65024e-03 
 1.61000e+02  9.63933e-03 
 1.61500e+02  9.63226e-03 
 1.62000e+02  9.65376e-03 
 1.62500e+02  9.64396e-03 
 1.63000e+02  9.62875e-03 
 1.63500e+02  9.64560e-03 
 1.64000e+02  9.64173e-03 
 1.64500e+02  9.63508e-03 
 1.65000e+02  9.63091e-03 
 1.65500e+02  9.62996e-03 
 1.66000e+02  9.63407e-03 
 1.66500e+02  9.62291e-03 
 1.67000e+02  9.62096e-03 
 1.67500e+02  9.62804e-03 
 1.68000e+02  9.62106e-03 
 1.68500e+02  9.62120e-03 
 1.69000e+02  9.60445e-03 
 1.69500e+02  9.61132e-03 
 1.70000e+02  9.62115e-03 
 1.70500e+02  9.62180e-03 
 1.71000e+02  9.61454e-03 
 1.71500e+02  9.61604e-03 
 1.72000e+02  9.61075e-03 
 1.72500e+02  9.60052e-03 
 1.73000e+02  9.60955e-03 
 1.73500e+02  9.60629e-03 
 1.74000e+02  9.60838e-03 
 1.74500e+02  9.60652e-03 
 1.75000e+02  9.59702e-03 
 1.75500e+02  9.59497e-03 
 1.76000e+02  9.60106e-03 
 1.76500e+02  9.60559e-03 
 1.77000e+02  9.58954e-03 
 1.77500e+02  9.59339e-03 
 1.78000e+02  9.60320e-03 
 1.78500e+02  9.60238e-03 
 1.79000e+02  9.59886e-03 
 1.79500e+02  9.59048e-03 
 1.80000e+02  9.58818e-03 
 1.80500e+02  9.59314e-03 
 1.81000e+02  9.58974e-03 
 1.81500e+02  9.59518e-03 
 1.82000e+02  9.59447e-03 
 1.82500e+02  9.59971e-03 
 1.83000e+02  9.59641e-03 
 1.83500e+02  9.59970e-03 
 1.84000e+02  9.58521e-03 
 1.84500e+02  9.58171e-03 
 1.85000e+02  9.58479e-03 
 1.85500e+02  9.59042e-03 
 1.86000e+02  9.58349e-03 
 1.86500e+02  9.56894e-03 
 1.87000e+02  9.56023e-03 
 1.87500e+02  9.56824e-03 
 1.88000e+02  9.57200e-03 
 1.88500e+02  9.56348e-03 
 1.89000e+02  9.55922e-03 
 1.89500e+02  9.55210e-03 
 1.90000e+02  9.54620e-03 
 1.90500e+02  9.54625e-03 
 1.91000e+02  9.54966e-03 
 1.91500e+02  9.55068e-03 
 1.92000e+02  9.55076e-03 
 1.92500e+02  9.54647e-03 
 1.93000e+02  9.53730e-03 
 1.93500e+02  9.52971e-03 
 1.94000e+02  9.52350e-03 
 1.94500e+02  9.51449e-03 
 1.95000e+02  9.50499e-03 
 1.95500e+02  9.49276e-03 
 1.96000e+02  9.47004e-03 
 1.96500e+02  9.44744e-03 
 1.97000e+02  9.43625e-03 
 1.97500e+02  9.43703e-03 
 1.98000e+02  9.43792e-03 
 1.98500e+02  9.42559e-03 
 1.99000e+02  9.41598e-03 
 1.99500e+02  9.39772e-03 
 2.00000e+02  9.38621e-03 
 2.00500e+02  9.38783e-03 
 2.01000e+02  9.37377e-03 
 2.01500e+02  9.34441e-03 
 2.02000e+02  9.32657e-03 
 2.02500e+02  9.30578e-03 
 2.03000e+02  9.26434e-03 
 2.03500e+02  9.25573e-03 
 2.04000e+02  9.22700e-03 
 2.04500e+02  9.20917e-03 
 2.05000e+02  9.19242e-03 
 2.05500e+02  9.17416e-03 
 2.06000e+02  9.15606e-03 
 2.06500e+02  9.14104e-03 
 2.07000e+02  9.12649e-03 
 2.07500e+02  9.11724e-03 
 2.08000e+02  9.09032e-03 
 2.08500e+02  9.06233e-03 
 2.09000e+02  9.04655e-03 
 2.09500e+02  9.02439e-03 
 2.10000e+02  9.00615e-03 
 2.10500e+02  8.99326e-03 
 2.11000e+02  8.97857e-03 
 2.11500e+02  8.95042e-03 
 2.12000e+02  8.92638e-03 
 2.12500e+02  8.88264e-03 
 2.13000e+02  8.85932e-03 
 2.13500e+02  8.84465e-03 
 2.14000e+02  8.81683e-03 
 2.14500e+02  8.78850e-03 
 2.15000e+02  8.76287e-03 
 2.15500e+02  8.74039e-03 
 2.16000e+02  8.71616e-03 
 2.16500e+02  8.70163e-03 
 2.17000e+02  8.65438e-03 
 2.17500e+02  8.62309e-03 
 2.18000e+02  8.58823e-03 
 2.18500e+02  8.56982e-03 
 2.19000e+02  8.54320e-03 
 2.19500e+02  8.52285e-03 
 2.20000e+02  8.48744e-03 
 2.20500e+02  8.46214e-03 
 2.21000e+02  8.43267e-03 
 2.21500e+02  8.40509e-03 
 2.22000e+02  8.36538e-03 
 2.22500e+02  8.33101e-03 
 2.23000e+02  8.28463e-03 
 2.23500e+02  8.24250e-03 
 2.24000e+02  8.21026e-03 
 2.24500e+02  8.16385e-03 
 2.25000e+02  8.12623e-03 
 2.25500e+02  8.09346e-03 
 2.26000e+02  8.05369e-03 
 2.26500e+02  8.01209e-03 
 2.27000e+02  7.95926e-03 
 2.27500e+02  7.91481e-03 
 2.28000e+02  7.86266e-03 
 2.28500e+02  7.81451e-03 
 2.29000e+02  7.75380e-03 
 2.29500e+02  7.70524e-03 
 2.30000e+02  7.64503e-03 
 2.30500e+02  7.59050e-03 
 2.31000e+02  7.52151e-03 
 2.31500e+02  7.46905e-03 
 2.32000e+02  7.41316e-03 
 2.32500e+02  7.36722e-03 
 2.33000e+02  7.31084e-03 
 2.33500e+02  7.25697e-03 
 2.34000e+02  7.20213e-03 
 2.34500e+02  7.14020e-03 
 2.35000e+02  7.08076e-03 
 2.35500e+02  7.01780e-03 
 2.36000e+02  6.95702e-03 
 2.36500e+02  6.88724e-03 
 2.37000e+02  6.82425e-03 
 2.37500e+02  6.76532e-03 
 2.38000e+02  6.68683e-03 
 2.38500e+02  6.62545e-03 
 2.39000e+02  6.54736e-03 
 2.39500e+02  6.48074e-03 
 2.40000e+02  6.40802e-03 
 2.40500e+02  6.34032e-03 
 2.41000e+02  6.25545e-03 
 2.41500e+02  6.15453e-03 
 2.42000e+02  6.07080e-03 
 2.42500e+02  5.98743e-03 
 2.43000e+02  5.89475e-03 
 2.43500e+02  5.80702e-03 
 2.44000e+02  5.71859e-03 
 2.44500e+02  5.62870e-03 
 2.45000e+02  5.53768e-03 
 2.45500e+02  5.44265e-03 
 2.46000e+02  5.35629e-03 
 2.46500e+02  5.26070e-03 
 2.47000e+02  5.15470e-03 
 2.47500e+02  5.06609e-03 
 2.48000e+02  4.95731e-03 
 2.48500e+02  4.84495e-03 
 2.49000e+02  4.75020e-03 
 2.49500e+02  4.64104e-03 
 2.50000e+02  4.53110e-03 
 2.50500e+02  4.40910e-03 
 2.51000e+02  4.28515e-03 
 2.51500e+02  4.16841e-03 
 2.52000e+02  4.04117e-03 
 2.52500e+02  3.91970e-03 
 2.53000e+02  3.79284e-03 
 2.53500e+02  3.66090e-03 
 2.54000e+02  3.54114e-03 
 2.54500e+02  3.41621e-03 
 2.55000e+02  3.28747e-03 
 2.55500e+02  3.16463e-03 
 2.56000e+02  3.04649e-03 
 2.56500e+02  2.92189e-03 
 2.57000e+02  2.80058e-03 
 2.57500e+02  2.67777e-03 
 2.58000e+02  2.56835e-03 
 2.58500e+02  2.45874e-03 
 2.59000e+02  2.34205e-03 
 2.59500e+02  2.24276e-03 
 2.60000e+02  2.12730e-03 
 2.60500e+02  2.03001e-03 
 2.61000e+02  1.94242e-03 
 2.61500e+02  1.85740e-03 
 2.62000e+02  1.76824e-03 
 2.62500e+02  1.69075e-03 
 2.63000e+02  1.61198e-03 
 2.63500e+02  1.53844e-03 
 2.64000e+02  1.48048e-03 
 2.64500e+02  1.41922e-03 
 2.65000e+02  1.35787e-03 
 2.65500e+02  1.29909e-03 
 2.66000e+02  1.24279e-03 
 2.66500e+02  1.19570e-03 
 2.67000e+02  1.14565e-03 
 2.67500e+02  1.10043e-03 
 2.68000e+02  1.05689e-03 
 2.68500e+02  1.01237e-03 
 2.69000e+02  9.77725e-04 
 2.69500e+02  9.37095e-04 
 2.70000e+02  9.03175e-04 
 2.70500e+02  8.66054e-04 
 2.71000e+02  8.30632e-04 
 2.71500e+02  7.99462e-04 
 2.72000e+02  7.69382e-04 
 2.72500e+02  7.42763e-04 
 2.73000e+02  7.12730e-04 
 2.73500e+02  6.83496e-04 
 2.74000e+02  6.58024e-04 
 2.74500e+02  6.30072e-04 
 2.75000e+02  6.08276e-04 
 2.75500e+02  5.82165e-04 
 2.76000e+02  5.60666e-04 
 2.76500e+02  5.38267e-04 
 2.77000e+02  5.14111e-04 
 2.77500e+02  4.94160e-04 
 2.78000e+02  4.74849e-04 
 2.78500e+02  4.55659e-04 
 2.79000e+02  4.39131e-04 
 2.79500e+02  4.19352e-04 
 2.80000e+02  4.00598e-04 
 2.80500e+02  3.81278e-04 
 2.81000e+02  3.62542e-04 
 2.81500e+02  3.46470e-04 
 2.82000e+02  3.29662e-04 
 2.82500e+02  3.13313e-04 
 2.83000e+02  2.97379e-04 
 2.83500e+02  2.81819e-04 
 2.84000e+02  2.67959e-04 
 2.84500e+02  2.54038e-04 
 2.85000e+02  2.41136e-04 
 2.85500e+02  2.28269e-04 
 2.86000e+02  2.15839e-04 
 2.86500e+02  2.04290e-04 
 2.87000e+02  1.94095e-04 
 2.87500e+02  1.84781e-04 
 2.88000e+02  1.76178e-04 
 2.88500e+02  1.66216e-04 
 2.89000e+02  1.57787e-04 
 2.89500e+02  1.50154e-04 
 2.90000e+02  1.43960e-04 
 2.90500e+02  1.37556e-04 
 2.91000e+02  1.31429e-04 
 2.91500e+02  1.26644e-04 
 2.92000e+02  1.20403e-04 
 2.92500e+02  1.16540e-04 
 2.93000e+02  1.13137e-04 
 2.93500e+02  1.08667e-04 
 2.94000e+02  1.05155e-04 
 2.94500e+02  1.01629e-04 
 2.95000e+02  9.90936e-05 
 2.95500e+02  9.53568e-05 
 2.96000e+02  9.26200e-05 
 2.96500e+02  8.91368e-05 
 2.97000e+02  8.69968e-05 
 2.97500e+02  8.50112e-05 
 2.98000e+02  8.26952e-05 
 2.98500e+02  8.00720e-05 
 2.99000e+02  7.77960e-05 
 2.99500e+02  7.56664e-05 
 3.00000e+02  7.41272e-05 
 3.00500e+02  7.10544e-05 
 3.01000e+02  6.95584e-05 
 3.01500e+02  6.79168e-05 
 3.02000e+02  6.58552e-05 
 3.02500e+02  6.45880e-05 
 3.03000e+02  6.24680e-05 
 3.03500e+02  6.13264e-05 
 3.04000e+02  5.96664e-05 
 3.04500e+02  5.85032e-05 
 3.05000e+02  5.66104e-05 
 3.05500e+02  5.50104e-05 
 3.06000e+02  5.38280e-05 
 3.06500e+02  5.26672e-05 
 3.07000e+02  5.10440e-05 
 3.07500e+02  4.94248e-05 
 3.08000e+02  4.86216e-05 
 3.08500e+02  4.72448e-05 
 3.09000e+02  4.56392e-05 
 3.09500e+02  4.45680e-05 
 3.10000e+02  4.41384e-05 
 3.10500e+02  4.29752e-05 
 3.11000e+02  4.15672e-05 
 3.11500e+02  4.10288e-05 
 3.12000e+02  3.93032e-05 
 3.12500e+02  3.77392e-05 
 3.13000e+02  3.66080e-05 
 3.13500e+02  3.55928e-05 
 3.14000e+02  3.49840e-05 
 3.14500e+02  3.35480e-05 
 3.15000e+02  3.24344e-05 
 3.15500e+02  3.09408e-05 
 3.16000e+02  2.99336e-05 
 3.16500e+02  2.85464e-05 
 3.17000e+02  2.75344e-05 
 3.17500e+02  2.62560e-05 
 3.18000e+02  2.45608e-05 
 3.18500e+02  2.32864e-05 
 3.19000e+02  2.17416e-05 
 3.19500e+02  2.16728e-05 
