 0.00000e+00  2.19088e-05 
 5.00000e-01  2.22240e-05 
 1.00000e+00  2.38792e-05 
 1.50000e+00  2.56072e-05 
 2.00000e+00  2.72152e-05 
 2.50000e+00  2.84240e-05 
 3.00000e+00  2.96160e-05 
 3.50000e+00  3.10424e-05 
 4.00000e+00  3.16824e-05 
 4.50000e+00  3.28360e-05 
 5.00000e+00  3.42504e-05 
 5.50000e+00  3.54424e-05 
 6.00000e+00  3.65240e-05 
 6.50000e+00  3.80784e-05 
 7.00000e+00  3.91536e-05 
 7.50000e+00  4.07040e-05 
 8.00000e+00  4.13656e-05 
 8.50000e+00  4.28592e-05 
 9.00000e+00  4.38592e-05 
 9.50000e+00  4.49600e-05 
 1.00000e+01  4.59656e-05 
 1.05000e+01  4.66976e-05 
 1.10000e+01  4.80600e-05 
 1.15000e+01  4.94848e-05 
 1.20000e+01  5.09000e-05 
 1.25000e+01  5.24600e-05 
 1.30000e+01  5.40424e-05 
 1.35000e+01  5.59040e-05 
 1.40000e+01  5.69672e-05 
 1.45000e+01  5.82944e-05 
 1.50000e+01  5.99392e-05 
 1.55000e+01  6.20568e-05 
 1.60000e+01  6.37248e-05 
 1.65000e+01  6.47480e-05 
 1.70000e+01  6.66280e-05 
 1.75000e+01  6.74432e-05 
 1.80000e+01  6.96856e-05 
 1.85000e+01  7.11536e-05 
 1.90000e+01  7.33408e-05 
 1.95000e+01  7.49248e-05 
 2.00000e+01  7.76352e-05 
 2.05000e+01  7.91792e-05 
 2.10000e+01  8.16552e-05 
 2.15000e+01  8.36424e-05 
 2.20000e+01  8.62320e-05 
 2.25000e+01  8.91624e-05 
 2.30000e+01  9.12976e-05 
 2.35000e+01  9.34128e-05 
 2.40000e+01  9.73608e-05 
 2.45000e+01  9.97160e-05 
 2.50000e+01  1.02925e-04 
 2.55000e+01  1.06118e-04 
 2.60000e+01  1.09332e-04 
 2.65000e+01  1.13506e-04 
 2.70000e+01  1.18030e-04 
 2.75000e+01  1.22486e-04 
 2.80000e+01  1.26378e-04 
 2.85000e+01  1.32196e-04 
 2.90000e+01  1.37536e-04 
 2.95000e+01  1.43982e-04 
 3.00000e+01  1.50742e-04 
 3.05000e+01  1.55988e-04 
 3.10000e+01  1.63656e-04 
 3.15000e+01  1.72707e-04 
 3.20000e+01  1.79575e-04 
 3.25000e+01  1.89343e-04 
 3.30000e+01  1.99802e-04 
 3.35000e+01  2.10467e-04 
 3.40000e+01  2.22986e-04 
 3.45000e+01  2.34541e-04 
 3.50000e+01  2.45773e-04 
 3.55000e+01  2.60143e-04 
 3.60000e+01  2.72258e-04 
 3.65000e+01  2.87200e-04 
 3.70000e+01  3.02118e-04 
 3.75000e+01  3.17570e-04 
 3.80000e+01  3.34248e-04 
 3.85000e+01  3.49316e-04 
 3.90000e+01  3.68426e-04 
 3.95000e+01  3.87330e-04 
 4.00000e+01  4.05101e-04 
 4.05000e+01  4.24035e-04 
 4.10000e+01  4.42786e-04 
 4.15000e+01  4.61322e-04 
 4.20000e+01  4.83630e-04 
 4.25000e+01  5.02701e-04 
 4.30000e+01  5.21411e-04 
 4.35000e+01  5.46696e-04 
 4.40000e+01  5.66699e-04 
 4.45000e+01  5.91487e-04 
 4.50000e+01  6.16116e-04 
 4.55000e+01  6.41071e-04 
 4.60000e+01  6.65333e-04 
 4.65000e+01  6.96073e-04 
 4.70000e+01  7.20536e-04 
 4.75000e+01  7.48654e-04 
 4.80000e+01  7.81314e-04 
 4.85000e+01  8.14173e-04 
 4.90000e+01  8.46351e-04 
 4.95000e+01  8.82790e-04 
 5.00000e+01  9.18264e-04 
 5.05000e+01  9.53326e-04 
 5.10000e+01  9.93353e-04 
 5.15000e+01  1.03695e-03 
 5.20000e+01  1.08273e-03 
 5.25000e+01  1.12784e-03 
 5.30000e+01  1.17323e-03 
 5.35000e+01  1.22411e-03 
 5.40000e+01  1.27764e-03 
 5.45000e+01  1.32909e-03 
 5.50000e+01  1.39050e-03 
 5.55000e+01  1.45249e-03 
 5.60000e+01  1.51915e-03 
 5.65000e+01  1.58437e-03 
 5.70000e+01  1.65963e-03 
 5.75000e+01  1.73277e-03 
 5.80000e+01  1.80976e-03 
 5.85000e+01  1.90038e-03 
 5.90000e+01  1.97963e-03 
 5.95000e+01  2.07760e-03 
 6.00000e+01  2.18146e-03 
 6.05000e+01  2.28704e-03 
 6.10000e+01  2.39452e-03 
 6.15000e+01  2.51242e-03 
 6.20000e+01  2.62192e-03 
 6.25000e+01  2.74070e-03 
 6.30000e+01  2.85622e-03 
 6.35000e+01  2.97758e-03 
 6.40000e+01  3.09462e-03 
 6.45000e+01  3.22132e-03 
 6.50000e+01  3.34323e-03 
 6.55000e+01  3.47461e-03 
 6.60000e+01  3.59722e-03 
 6.65000e+01  3.72516e-03 
 6.70000e+01  3.85688e-03 
 6.75000e+01  3.99050e-03 
 6.80000e+01  4.12238e-03 
 6.85000e+01  4.25684e-03 
 6.90000e+01  4.38612e-03 
 6.95000e+01  4.51642e-03 
 7.00000e+01  4.63418e-03 
 7.05000e+01  4.76317e-03 
 7.10000e+01  4.88719e-03 
 7.15000e+01  5.00046e-03 
 7.20000e+01  5.11076e-03 
 7.25000e+01  5.21701e-03 
 7.30000e+01  5.32759e-03 
 7.35000e+01  5.44668e-03 
 7.40000e+01  5.55241e-03 
 7.45000e+01  5.65681e-03 
 7.50000e+01  5.76564e-03 
 7.55000e+01  5.86431e-03 
 7.60000e+01  5.95074e-03 
 7.65000e+01  6.04732e-03 
 7.70000e+01  6.12201e-03 
 7.75000e+01  6.21012e-03 
 7.80000e+01  6.30074e-03 
 7.85000e+01  6.37262e-03 
 7.90000e+01  6.45925e-03 
 7.95000e+01  6.53956e-03 
 8.00000e+01  6.60956e-03 
 8.05000e+01  6.66745e-03 
 8.10000e+01  6.72728e-03 
 8.15000e+01  6.79383e-03 
 8.20000e+01  6.85205e-03 
 8.25000e+01  6.91389e-03 
 8.30000e+01  6.98349e-03 
 8.35000e+01  7.04410e-03 
 8.40000e+01  7.11539e-03 
 8.45000e+01  7.17679e-03 
 8.50000e+01  7.23652e-03 
 8.55000e+01  7.30326e-03 
 8.60000e+01  7.37094e-03 
 8.65000e+01  7.41974e-03 
 8.70000e+01  7.47997e-03 
 8.75000e+01  7.53915e-03 
 8.80000e+01  7.59354e-03 
 8.85000e+01  7.65002e-03 
 8.90000e+01  7.69356e-03 
 8.95000e+01  7.73035e-03 
 9.00000e+01  7.77706e-03 
 9.05000e+01  7.80938e-03 
 9.10000e+01  7.84713e-03 
 9.15000e+01  7.89504e-03 
 9.20000e+01  7.93440e-03 
 9.25000e+01  7.98999e-03 
 9.30000e+01  8.03028e-03 
 9.35000e+01  8.09038e-03 
 9.40000e+01  8.13100e-03 
 9.45000e+01  8.16057e-03 
 9.50000e+01  8.18696e-03 
 9.55000e+01  8.23358e-03 
 9.60000e+01  8.28094e-03 
 9.65000e+01  8.30829e-03 
 9.70000e+01  8.33794e-03 
 9.75000e+01  8.37546e-03 
 9.80000e+01  8.40304e-03 
 9.85000e+01  8.44587e-03 
 9.90000e+01  8.48141e-03 
 9.95000e+01  8.52819e-03 
 1.00000e+02  8.56688e-03 
 1.00500e+02  8.60289e-03 
 1.01000e+02  8.62821e-03 
 1.01500e+02  8.65042e-03 
 1.02000e+02  8.68159e-03 
 1.02500e+02  8.70070e-03 
 1.03000e+02  8.72644e-03 
 1.03500e+02  8.75819e-03 
 1.04000e+02  8.79524e-03 
 1.04500e+02  8.81522e-03 
 1.05000e+02  8.84937e-03 
 1.05500e+02  8.89190e-03 
 1.06000e+02  8.93069e-03 
 1.06500e+02  8.95250e-03 
 1.07000e+02  8.98418e-03 
 1.07500e+02  9.01015e-03 
 1.08000e+02  9.02652e-03 
 1.08500e+02  9.03356e-03 
 1.09000e+02  9.06242e-03 
 1.09500e+02  9.05763e-03 
 1.10000e+02  9.08439e-03 
 1.10500e+02  9.10433e-03 
 1.11000e+02  9.11237e-03 
 1.11500e+02  9.12717e-03 
 1.12000e+02  9.15376e-03 
 1.12500e+02  9.18255e-03 
 1.13000e+02  9.19807e-03 
 1.13500e+02  9.23467e-03 
 1.14000e+02  9.26461e-03 
 1.14500e+02  9.28410e-03 
 1.15000e+02  9.31401e-03 
 1.15500e+02  9.33449e-03 
 1.16000e+02  9.33556e-03 
 1.16500e+02  9.35491e-03 
 1.17000e+02  9.36578e-03 
 1.17500e+02  9.38480e-03 
 1.18000e+02  9.40869e-03 
 1.18500e+02  9.41266e-03 
 1.19000e+02  9.42076e-03 
 1.19500e+02  9.42122e-03 
 1.20000e+02  9.44270e-03 
 1.20500e+02  9.45130e-03 
 1.21000e+02  9.45849e-03 
 1.21500e+02  9.47193e-03 
 1.22000e+02  9.48629e-03 
 1.22500e+02  9.50702e-03 
 1.23000e+02  9.50467e-03 
 1.23500e+02  9.50824e-03 
 1.24000e+02  9.51344e-03 
 1.24500e+02  9.52149e-03 
 1.25000e+02  9.52664e-03 
 1.25500e+02  9.52792e-03 
 1.26000e+02  9.54141e-03 
 1.26500e+02  9.55827e-03 
 1.27000e+02  9.56463e-03 
 1.27500e+02  9.57657e-03 
 1.28000e+02  9.57942e-03 
 1.28500e+02  9.57583e-03 
 1.29000e+02  9.57682e-03 
 1.29500e+02  9.57532e-03 
 1.30000e+02  9.58349e-03 
 1.30500e+02  9.59282e-03 
 1.31000e+02  9.60299e-03 
 1.31500e+02  9.60256e-03 
 1.32000e+02  9.61554e-03 
 1.32500e+02  9.62680e-03 
 1.33000e+02  9.63789e-03 
 1.33500e+02  9.62631e-03 
 1.34000e+02  9.63823e-03 
 1.34500e+02  9.63583e-03 
 1.35000e+02  9.62765e-03 
 1.35500e+02  9.63807e-03 
 1.36000e+02  9.66270e-03 
 1.36500e+02  9.65756e-03 
 1.37000e+02  9.66847e-03 
 1.37500e+02  9.66009e-03 
 1.38000e+02  9.64578e-03 
 1.38500e+02  9.64102e-03 
 1.39000e+02  9.64909e-03 
 1.39500e+02  9.65507e-03 
 1.40000e+02  9.64857e-03 
 1.40500e+02  9.64776e-03 
 1.41000e+02  9.64702e-03 
 1.41500e+02  9.66004e-03 
 1.42000e+02  9.65460e-03 
 1.42500e+02  9.64813e-03 
 1.43000e+02  9.65837e-03 
 1.43500e+02  9.66512e-03 
 1.44000e+02  9.66083e-03 
 1.44500e+02  9.66603e-03 
 1.45000e+02  9.66484e-03 
 1.45500e+02  9.66727e-03 
 1.46000e+02  9.67527e-03 
 1.46500e+02  9.66762e-03 
 1.47000e+02  9.68403e-03 
 1.47500e+02  9.68370e-03 
 1.48000e+02  9.69084e-03 
 1.48500e+02  9.70402e-03 
 1.49000e+02  9.70622e-03 
 1.49500e+02  9.70066e-03 
 1.50000e+02  9.69442e-03 
 1.50500e+02  9.69731e-03 
 1.51000e+02  9.70791e-03 
 1.51500e+02  9.70662e-03 
 1.52000e+02  9.70680e-03 
 1.52500e+02  9.70908e-03 
 1.53000e+02  9.70827e-03 
 1.53500e+02  9.70800e-03 
 1.54000e+02  9.70280e-03 
 1.54500e+02  9.68774e-03 
 1.55000e+02  9.68391e-03 
 1.55500e+02  9.70440e-03 
 1.56000e+02  9.70527e-03 
 1.56500e+02  9.68721e-03 
 1.57000e+02  9.70400e-03 
 1.57500e+02  9.69912e-03 
 1.58000e+02  9.69572e-03 
 1.58500e+02  9.68913e-03 
 1.59000e+02  9.70047e-03 
 1.59500e+02  9.70246e-03 
 1.60000e+02  9.69886e-03 
 1.60500e+02  9.70301e-03 
 1.61000e+02  9.71097e-03 
 1.61500e+02  9.71259e-03 
 1.62000e+02  9.71007e-03 
 1.62500e+02  9.71430e-03 
 1.63000e+02  9.70429e-03 
 1.63500e+02  9.69252e-03 
 1.64000e+02  9.69691e-03 
 1.64500e+02  9.69984e-03 
 1.65000e+02  9.69485e-03 
 1.65500e+02  9.68525e-03 
 1.66000e+02  9.69046e-03 
 1.66500e+02  9.68060e-03 
 1.67000e+02  9.68865e-03 
 1.67500e+02  9.69390e-03 
 1.68000e+02  9.68406e-03 
 1.68500e+02  9.68482e-03 
 1.69000e+02  9.68897e-03 
 1.69500e+02  9.68912e-03 
 1.70000e+02  9.69458e-03 
 1.70500e+02  9.68585e-03 
 1.71000e+02  9.66744e-03 
 1.71500e+02  9.68079e-03 
 1.72000e+02  9.67008e-03 
 1.72500e+02  9.65695e-03 
 1.73000e+02  9.65968e-03 
 1.73500e+02  9.65085e-03 
 1.74000e+02  9.64888e-03 
 1.74500e+02  9.65504e-03 
 1.75000e+02  9.66661e-03 
 1.75500e+02  9.66628e-03 
 1.76000e+02  9.67650e-03 
 1.76500e+02  9.67437e-03 
 1.77000e+02  9.67616e-03 
 1.77500e+02  9.66726e-03 
 1.78000e+02  9.66616e-03 
 1.78500e+02  9.66156e-03 
 1.79000e+02  9.66251e-03 
 1.79500e+02  9.65534e-03 
 1.80000e+02  9.64391e-03 
 1.80500e+02  9.64138e-03 
 1.81000e+02  9.64840e-03 
 1.81500e+02  9.65274e-03 
 1.82000e+02  9.65402e-03 
 1.82500e+02  9.64858e-03 
 1.83000e+02  9.63514e-03 
 1.83500e+02  9.63881e-03 
 1.84000e+02  9.64436e-03 
 1.84500e+02  9.63913e-03 
 1.85000e+02  9.62958e-03 
 1.85500e+02  9.61371e-03 
 1.86000e+02  9.60847e-03 
 1.86500e+02  9.61070e-03 
 1.87000e+02  9.60028e-03 
 1.87500e+02  9.61111e-03 
 1.88000e+02  9.60023e-03 
 1.88500e+02  9.60567e-03 
 1.89000e+02  9.57690e-03 
 1.89500e+02  9.57272e-03 
 1.90000e+02  9.57189e-03 
 1.90500e+02  9.57655e-03 
 1.91000e+02  9.58699e-03 
 1.91500e+02  9.57861e-03 
 1.92000e+02  9.56425e-03 
 1.92500e+02  9.55150e-03 
 1.93000e+02  9.54775e-03 
 1.93500e+02  9.54722e-03 
 1.94000e+02  9.54052e-03 
 1.94500e+02  9.52204e-03 
 1.95000e+02  9.51164e-03 
 1.95500e+02  9.50087e-03 
 1.96000e+02  9.48754e-03 
 1.96500e+02  9.47376e-03 
 1.97000e+02  9.47815e-03 
 1.97500e+02  9.46016e-03 
 1.98000e+02  9.44244e-03 
 1.98500e+02  9.43822e-03 
 1.99000e+02  9.42850e-03 
 1.99500e+02  9.40989e-03 
 2.00000e+02  9.39179e-03 
 2.00500e+02  9.38405e-03 
 2.01000e+02  9.36736e-03 
 2.01500e+02  9.34648e-03 
 2.02000e+02  9.33961e-03 
 2.02500e+02  9.33464e-03 
 2.03000e+02  9.31866e-03 
 2.03500e+02  9.28819e-03 
 2.04000e+02  9.27085e-03 
 2.04500e+02  9.23371e-03 
 2.05000e+02  9.21122e-03 
 2.05500e+02  9.19259e-03 
 2.06000e+02  9.16306e-03 
 2.06500e+02  9.13959e-03 
 2.07000e+02  9.12340e-03 
 2.07500e+02  9.10621e-03 
 2.08000e+02  9.10025e-03 
 2.08500e+02  9.08389e-03 
 2.09000e+02  9.06222e-03 
 2.09500e+02  9.04121e-03 
 2.10000e+02  9.02903e-03 
 2.10500e+02  9.01986e-03 
 2.11000e+02  8.99863e-03 
 2.11500e+02  8.97024e-03 
 2.12000e+02  8.95566e-03 
 2.12500e+02  8.92587e-03 
 2.13000e+02  8.89786e-03 
 2.13500e+02  8.86744e-03 
 2.14000e+02  8.84605e-03 
 2.14500e+02  8.83045e-03 
 2.15000e+02  8.79833e-03 
 2.15500e+02  8.78047e-03 
 2.16000e+02  8.74831e-03 
 2.16500e+02  8.71079e-03 
 2.17000e+02  8.68074e-03 
 2.17500e+02  8.65523e-03 
 2.18000e+02  8.62213e-03 
 2.18500e+02  8.60852e-03 
 2.19000e+02  8.59302e-03 
 2.19500e+02  8.55678e-03 
 2.20000e+02  8.52913e-03 
 2.20500e+02  8.48989e-03 
 2.21000e+02  8.46028e-03 
 2.21500e+02  8.41984e-03 
 2.22000e+02  8.39251e-03 
 2.22500e+02  8.36449e-03 
 2.23000e+02  8.33741e-03 
 2.23500e+02  8.29595e-03 
 2.24000e+02  8.25569e-03 
 2.24500e+02  8.21919e-03 
 2.25000e+02  8.17503e-03 
 2.25500e+02  8.12207e-03 
 2.26000e+02  8.08813e-03 
 2.26500e+02  8.03421e-03 
 2.27000e+02  7.98466e-03 
 2.27500e+02  7.92758e-03 
 2.28000e+02  7.88371e-03 
 2.28500e+02  7.83654e-03 
 2.29000e+02  7.79148e-03 
 2.29500e+02  7.74820e-03 
 2.30000e+02  7.69890e-03 
 2.30500e+02  7.64558e-03 
 2.31000e+02  7.59114e-03 
 2.31500e+02  7.53281e-03 
 2.32000e+02  7.47497e-03 
 2.32500e+02  7.41354e-03 
 2.33000e+02  7.33824e-03 
 2.33500e+02  7.28192e-03 
 2.34000e+02  7.21815e-03 
 2.34500e+02  7.16431e-03 
 2.35000e+02  7.11444e-03 
 2.35500e+02  7.05007e-03 
 2.36000e+02  6.98822e-03 
 2.36500e+02  6.92914e-03 
 2.37000e+02  6.86806e-03 
 2.37500e+02  6.78774e-03 
 2.38000e+02  6.71800e-03 
 2.38500e+02  6.64576e-03 
 2.39000e+02  6.57199e-03 
 2.39500e+02  6.49463e-03 
 2.40000e+02  6.41971e-03 
 2.40500e+02  6.34429e-03 
 2.41000e+02  6.26773e-03 
 2.41500e+02  6.18623e-03 
 2.42000e+02  6.08087e-03 
 2.42500e+02  6.00521e-03 
 2.43000e+02  5.91946e-03 
 2.43500e+02  5.83582e-03 
 2.44000e+02  5.75003e-03 
 2.44500e+02  5.65498e-03 
 2.45000e+02  5.56992e-03 
 2.45500e+02  5.47932e-03 
 2.46000e+02  5.38963e-03 
 2.46500e+02  5.28339e-03 
 2.47000e+02  5.18374e-03 
 2.47500e+02  5.07792e-03 
 2.48000e+02  4.98743e-03 
 2.48500e+02  4.87923e-03 
 2.49000e+02  4.75361e-03 
 2.49500e+02  4.63086e-03 
 2.50000e+02  4.51236e-03 
 2.50500e+02  4.39697e-03 
 2.51000e+02  4.27503e-03 
 2.51500e+02  4.15165e-03 
 2.52000e+02  4.01751e-03 
 2.52500e+02  3.89318e-03 
 2.53000e+02  3.76435e-03 
 2.53500e+02  3.63138e-03 
 2.54000e+02  3.50574e-03 
 2.54500e+02  3.37826e-03 
 2.55000e+02  3.25100e-03 
 2.55500e+02  3.12820e-03 
 2.56000e+02  3.00781e-03 
 2.56500e+02  2.89126e-03 
 2.57000e+02  2.76653e-03 
 2.57500e+02  2.65285e-03 
 2.58000e+02  2.53367e-03 
 2.58500e+02  2.41923e-03 
 2.59000e+02  2.31039e-03 
 2.59500e+02  2.21044e-03 
 2.60000e+02  2.10067e-03 
 2.60500e+02  2.00646e-03 
 2.61000e+02  1.91672e-03 
 2.61500e+02  1.82736e-03 
 2.62000e+02  1.75036e-03 
 2.62500e+02  1.67516e-03 
 2.63000e+02  1.59923e-03 
 2.63500e+02  1.52980e-03 
 2.64000e+02  1.46810e-03 
 2.64500e+02  1.40252e-03 
 2.65000e+02  1.33749e-03 
 2.65500e+02  1.28400e-03 
 2.66000e+02  1.22965e-03 
 2.66500e+02  1.17978e-03 
 2.67000e+02  1.13318e-03 
 2.67500e+02  1.08796e-03 
 2.68000e+02  1.04245e-03 
 2.68500e+02  1.00387e-03 
 2.69000e+02  9.63198e-04 
 2.69500e+02  9.25350e-04 
 2.70000e+02  8.87686e-04 
 2.70500e+02  8.53549e-04 
 2.71000e+02  8.22667e-04 
 2.71500e+02  7.89056e-04 
 2.72000e+02  7.60198e-04 
 2.72500e+02  7.31890e-04 
 2.73000e+02  7.04184e-04 
 2.73500e+02  6.74238e-04 
 2.74000e+02  6.49243e-04 
 2.74500e+02  6.26324e-04 
 2.75000e+02  5.99628e-04 
 2.75500e+02  5.73315e-04 
 2.76000e+02  5.51670e-04 
 2.76500e+02  5.29738e-04 
 2.77000e+02  5.07805e-04 
 2.77500e+02  4.86948e-04 
 2.78000e+02  4.65890e-04 
 2.78500e+02  4.44170e-04 
 2.79000e+02  4.25922e-04 
 2.79500e+02  4.08696e-04 
 2.80000e+02  3.88650e-04 
 2.80500e+02  3.69253e-04 
 2.81000e+02  3.53137e-04 
 2.81500e+02  3.36069e-04 
 2.82000e+02  3.22302e-04 
 2.82500e+02  3.04345e-04 
 2.83000e+02  2.89248e-04 
 2.83500e+02  2.73270e-04 
 2.84000e+02  2.59942e-04 
 2.84500e+02  2.47205e-04 
 2.85000e+02  2.35619e-04 
 2.85500e+02  2.22162e-04 
 2.86000e+02  2.11138e-04 
 2.86500e+02  2.01650e-04 
 2.87000e+02  1.91213e-04 
 2.87500e+02  1.81226e-04 
 2.88000e+02  1.72334e-04 
 2.88500e+02  1.62999e-04 
 2.89000e+02  1.54886e-04 
 2.89500e+02  1.49908e-04 
 2.90000e+02  1.42406e-04 
 2.90500e+02  1.37402e-04 
 2.91000e+02  1.32327e-04 
 2.91500e+02  1.27110e-04 
 2.92000e+02  1.22653e-04 
 2.92500e+02  1.18144e-04 
 2.93000e+02  1.14132e-04 
 2.93500e+02  1.09542e-04 
 2.94000e+02  1.06374e-04 
 2.94500e+02  1.03290e-04 
 2.95000e+02  1.00117e-04 
 2.95500e+02  9.62248e-05 
 2.96000e+02  9.29496e-05 
 2.96500e+02  9.05664e-05 
 2.97000e+02  8.83392e-05 
 2.97500e+02  8.61408e-05 
 2.98000e+02  8.34560e-05 
 2.98500e+02  8.12424e-05 
 2.99000e+02  7.91176e-05 
 2.99500e+02  7.68616e-05 
 3.00000e+02  7.50480e-05 
 3.00500e+02  7.29944e-05 
 3.01000e+02  7.15536e-05 
 3.01500e+02  6.94824e-05 
 3.02000e+02  6.79448e-05 
 3.02500e+02  6.63160e-05 
 3.03000e+02  6.39992e-05 
 3.03500e+02  6.23672e-05 
 3.04000e+02  6.11472e-05 
 3.04500e+02  5.98776e-05 
 3.05000e+02  5.86864e-05 
 3.05500e+02  5.74736e-05 
 3.06000e+02  5.59352e-05 
 3.06500e+02  5.39344e-05 
 3.07000e+02  5.27024e-05 
 3.07500e+02  5.13432e-05 
 3.08000e+02  4.99824e-05 
 3.08500e+02  4.85920e-05 
 3.09000e+02  4.76152e-05 
 3.09500e+02  4.62584e-05 
 3.10000e+02  4.50080e-05 
 3.10500e+02  4.41744e-05 
 3.11000e+02  4.28096e-05 
 3.11500e+02  4.13816e-05 
 3.12000e+02  4.02792e-05 
 3.12500e+02  3.91456e-05 
 3.13000e+02  3.79688e-05 
 3.13500e+02  3.66128e-05 
 3.14000e+02  3.48496e-05 
 3.14500e+02  3.38728e-05 
 3.15000e+02  3.25952e-05 
 3.15500e+02  3.15760e-05 
 3.16000e+02  3.07720e-05 
 3.16500e+02  2.93496e-05 
 3.17000e+02  2.81640e-05 
 3.17500e+02  2.69720e-05 
 3.18000e+02  2.52320e-05 
 3.18500e+02  2.39808e-05 
 3.19000e+02  2.22288e-05 
 3.19500e+02  2.19608e-05 
