 0.00000e+00  2.21200e-05 
 5.00000e-01  2.25688e-05 
 1.00000e+00  2.39840e-05 
 1.50000e+00  2.53512e-05 
 2.00000e+00  2.67064e-05 
 2.50000e+00  2.79432e-05 
 3.00000e+00  2.94872e-05 
 3.50000e+00  3.09712e-05 
 4.00000e+00  3.17016e-05 
 4.50000e+00  3.31768e-05 
 5.00000e+00  3.43632e-05 
 5.50000e+00  3.54344e-05 
 6.00000e+00  3.68448e-05 
 6.50000e+00  3.74576e-05 
 7.00000e+00  3.86672e-05 
 7.50000e+00  4.00800e-05 
 8.00000e+00  4.15696e-05 
 8.50000e+00  4.29112e-05 
 9.00000e+00  4.39848e-05 
 9.50000e+00  4.54824e-05 
 1.00000e+01  4.64608e-05 
 1.05000e+01  4.75272e-05 
 1.10000e+01  4.87712e-05 
 1.15000e+01  4.97904e-05 
 1.20000e+01  5.17288e-05 
 1.25000e+01  5.26776e-05 
 1.30000e+01  5.44872e-05 
 1.35000e+01  5.54960e-05 
 1.40000e+01  5.64760e-05 
 1.45000e+01  5.80320e-05 
 1.50000e+01  5.93528e-05 
 1.55000e+01  6.14384e-05 
 1.60000e+01  6.29232e-05 
 1.65000e+01  6.45528e-05 
 1.70000e+01  6.61064e-05 
 1.75000e+01  6.76160e-05 
 1.80000e+01  6.94536e-05 
 1.85000e+01  7.14816e-05 
 1.90000e+01  7.31128e-05 
 1.95000e+01  7.51792e-05 
 2.00000e+01  7.72032e-05 
 2.05000e+01  7.97384e-05 
 2.10000e+01  8.20648e-05 
 2.15000e+01  8.34344e-05 
 2.20000e+01  8.63704e-05 
 2.25000e+01  8.92584e-05 
 2.30000e+01  9.21208e-05 
 2.35000e+01  9.39288e-05 
 2.40000e+01  9.68960e-05 
 2.45000e+01  1.00062e-04 
 2.50000e+01  1.03495e-04 
 2.55000e+01  1.06709e-04 
 2.60000e+01  1.10471e-04 
 2.65000e+01  1.14122e-04 
 2.70000e+01  1.18206e-04 
 2.75000e+01  1.22128e-04 
 2.80000e+01  1.27752e-04 
 2.85000e+01  1.33192e-04 
 2.90000e+01  1.38479e-04 
 2.95000e+01  1.44935e-04 
 3.00000e+01  1.51300e-04 
 3.05000e+01  1.58094e-04 
 3.10000e+01  1.66429e-04 
 3.15000e+01  1.74092e-04 
 3.20000e+01  1.84973e-04 
 3.25000e+01  1.94760e-04 
 3.30000e+01  2.05030e-04 
 3.35000e+01  2.16040e-04 
 3.40000e+01  2.28217e-04 
 3.45000e+01  2.40130e-04 
 3.50000e+01  2.51439e-04 
 3.55000e+01  2.65528e-04 
 3.60000e+01  2.79578e-04 
 3.65000e+01  2.95281e-04 
 3.70000e+01  3.11362e-04 
 3.75000e+01  3.26813e-04 
 3.80000e+01  3.41856e-04 
 3.85000e+01  3.57615e-04 
 3.90000e+01  3.76580e-04 
 3.95000e+01  3.95598e-04 
 4.00000e+01  4.12650e-04 
 4.05000e+01  4.34270e-04 
 4.10000e+01  4.54725e-04 
 4.15000e+01  4.72203e-04 
 4.20000e+01  4.93167e-04 
 4.25000e+01  5.13386e-04 
 4.30000e+01  5.34116e-04 
 4.35000e+01  5.57292e-04 
 4.40000e+01  5.79485e-04 
 4.45000e+01  6.02613e-04 
 4.50000e+01  6.28645e-04 
 4.55000e+01  6.55531e-04 
 4.60000e+01  6.82662e-04 
 4.65000e+01  7.07114e-04 
 4.70000e+01  7.33724e-04 
 4.75000e+01  7.64452e-04 
 4.80000e+01  7.94350e-04 
 4.85000e+01  8.25766e-04 
 4.90000e+01  8.56406e-04 
 4.95000e+01  8.91552e-04 
 5.00000e+01  9.28140e-04 
 5.05000e+01  9.64781e-04 
 5.10000e+01  1.00725e-03 
 5.15000e+01  1.04896e-03 
 5.20000e+01  1.09428e-03 
 5.25000e+01  1.14062e-03 
 5.30000e+01  1.18732e-03 
 5.35000e+01  1.23857e-03 
 5.40000e+01  1.28820e-03 
 5.45000e+01  1.34186e-03 
 5.50000e+01  1.40590e-03 
 5.55000e+01  1.47072e-03 
 5.60000e+01  1.53384e-03 
 5.65000e+01  1.60432e-03 
 5.70000e+01  1.67657e-03 
 5.75000e+01  1.75304e-03 
 5.80000e+01  1.83360e-03 
 5.85000e+01  1.91841e-03 
 5.90000e+01  2.01465e-03 
 5.95000e+01  2.11569e-03 
 6.00000e+01  2.21415e-03 
 6.05000e+01  2.31684e-03 
 6.10000e+01  2.43011e-03 
 6.15000e+01  2.53901e-03 
 6.20000e+01  2.64363e-03 
 6.25000e+01  2.75903e-03 
 6.30000e+01  2.87588e-03 
 6.35000e+01  2.99800e-03 
 6.40000e+01  3.13237e-03 
 6.45000e+01  3.24351e-03 
 6.50000e+01  3.37859e-03 
 6.55000e+01  3.51324e-03 
 6.60000e+01  3.63914e-03 
 6.65000e+01  3.77494e-03 
 6.70000e+01  3.90264e-03 
 6.75000e+01  4.03161e-03 
 6.80000e+01  4.16423e-03 
 6.85000e+01  4.28203e-03 
 6.90000e+01  4.41444e-03 
 6.95000e+01  4.53288e-03 
 7.00000e+01  4.65993e-03 
 7.05000e+01  4.77167e-03 
 7.10000e+01  4.88730e-03 
 7.15000e+01  4.99490e-03 
 7.20000e+01  5.09926e-03 
 7.25000e+01  5.20959e-03 
 7.30000e+01  5.30325e-03 
 7.35000e+01  5.41103e-03 
 7.40000e+01  5.50432e-03 
 7.45000e+01  5.59669e-03 
 7.50000e+01  5.68205e-03 
 7.55000e+01  5.76441e-03 
 7.60000e+01  5.85290e-03 
 7.65000e+01  5.92350e-03 
 7.70000e+01  6.00514e-03 
 7.75000e+01  6.08754e-03 
 7.80000e+01  6.17269e-03 
 7.85000e+01  6.23925e-03 
 7.90000e+01  6.33670e-03 
 7.95000e+01  6.41512e-03 
 8.00000e+01  6.48719e-03 
 8.05000e+01  6.56901e-03 
 8.10000e+01  6.63739e-03 
 8.15000e+01  6.70660e-03 
 8.20000e+01  6.77716e-03 
 8.25000e+01  6.83525e-03 
 8.30000e+01  6.90431e-03 
 8.35000e+01  6.96393e-03 
 8.40000e+01  7.02650e-03 
 8.45000e+01  7.09100e-03 
 8.50000e+01  7.15718e-03 
 8.55000e+01  7.21455e-03 
 8.60000e+01  7.26013e-03 
 8.65000e+01  7.33354e-03 
 8.70000e+01  7.39244e-03 
 8.75000e+01  7.44904e-03 
 8.80000e+01  7.50778e-03 
 8.85000e+01  7.56129e-03 
 8.90000e+01  7.62203e-03 
 8.95000e+01  7.67508e-03 
 9.00000e+01  7.72038e-03 
 9.05000e+01  7.77618e-03 
 9.10000e+01  7.80911e-03 
 9.15000e+01  7.85125e-03 
 9.20000e+01  7.88973e-03 
 9.25000e+01  7.93115e-03 
 9.30000e+01  7.96841e-03 
 9.35000e+01  8.00026e-03 
 9.40000e+01  8.02361e-03 
 9.45000e+01  8.06105e-03 
 9.50000e+01  8.08620e-03 
 9.55000e+01  8.12686e-03 
 9.60000e+01  8.16205e-03 
 9.65000e+01  8.19656e-03 
 9.70000e+01  8.23409e-03 
 9.75000e+01  8.27184e-03 
 9.80000e+01  8.30402e-03 
 9.85000e+01  8.33536e-03 
 9.90000e+01  8.37698e-03 
 9.95000e+01  8.41264e-03 
 1.00000e+02  8.44249e-03 
 1.00500e+02  8.46820e-03 
 1.01000e+02  8.48439e-03 
 1.01500e+02  8.52028e-03 
 1.02000e+02  8.53918e-03 
 1.02500e+02  8.56455e-03 
 1.03000e+02  8.57786e-03 
 1.03500e+02  8.58919e-03 
 1.04000e+02  8.62136e-03 
 1.04500e+02  8.65552e-03 
 1.05000e+02  8.70243e-03 
 1.05500e+02  8.72614e-03 
 1.06000e+02  8.75125e-03 
 1.06500e+02  8.77723e-03 
 1.07000e+02  8.79857e-03 
 1.07500e+02  8.82992e-03 
 1.08000e+02  8.85692e-03 
 1.08500e+02  8.87566e-03 
 1.09000e+02  8.89817e-03 
 1.09500e+02  8.92809e-03 
 1.10000e+02  8.94417e-03 
 1.10500e+02  8.96077e-03 
 1.11000e+02  8.97184e-03 
 1.11500e+02  8.99120e-03 
 1.12000e+02  9.01931e-03 
 1.12500e+02  9.02939e-03 
 1.13000e+02  9.05818e-03 
 1.13500e+02  9.08818e-03 
 1.14000e+02  9.10125e-03 
 1.14500e+02  9.11713e-03 
 1.15000e+02  9.12982e-03 
 1.15500e+02  9.14088e-03 
 1.16000e+02  9.16490e-03 
 1.16500e+02  9.18791e-03 
 1.17000e+02  9.21584e-03 
 1.17500e+02  9.22331e-03 
 1.18000e+02  9.24963e-03 
 1.18500e+02  9.28756e-03 
 1.19000e+02  9.30707e-03 
 1.19500e+02  9.32956e-03 
 1.20000e+02  9.34235e-03 
 1.20500e+02  9.36494e-03 
 1.21000e+02  9.37588e-03 
 1.21500e+02  9.37667e-03 
 1.22000e+02  9.38318e-03 
 1.22500e+02  9.40520e-03 
 1.23000e+02  9.41249e-03 
 1.23500e+02  9.41815e-03 
 1.24000e+02  9.42034e-03 
 1.24500e+02  9.42687e-03 
 1.25000e+02  9.43949e-03 
 1.25500e+02  9.44168e-03 
 1.26000e+02  9.45825e-03 
 1.26500e+02  9.46239e-03 
 1.27000e+02  9.46498e-03 
 1.27500e+02  9.47608e-03 
 1.28000e+02  9.47783e-03 
 1.28500e+02  9.47323e-03 
 1.29000e+02  9.47329e-03 
 1.29500e+02  9.47714e-03 
 1.30000e+02  9.49174e-03 
 1.30500e+02  9.49740e-03 
 1.31000e+02  9.50150e-03 
 1.31500e+02  9.50993e-03 
 1.32000e+02  9.52278e-03 
 1.32500e+02  9.52625e-03 
 1.33000e+02  9.52851e-03 
 1.33500e+02  9.52687e-03 
 1.34000e+02  9.53609e-03 
 1.34500e+02  9.52801e-03 
 1.35000e+02  9.52982e-03 
 1.35500e+02  9.53584e-03 
 1.36000e+02  9.53289e-03 
 1.36500e+02  9.53024e-03 
 1.37000e+02  9.53187e-03 
 1.37500e+02  9.52285e-03 
 1.38000e+02  9.52492e-03 
 1.38500e+02  9.52848e-03 
 1.39000e+02  9.54134e-03 
 1.39500e+02  9.53620e-03 
 1.40000e+02  9.54076e-03 
 1.40500e+02  9.54393e-03 
 1.41000e+02  9.53979e-03 
 1.41500e+02  9.52474e-03 
 1.42000e+02  9.51857e-03 
 1.42500e+02  9.52877e-03 
 1.43000e+02  9.52665e-03 
 1.43500e+02  9.52930e-03 
 1.44000e+02  9.53594e-03 
 1.44500e+02  9.53570e-03 
 1.45000e+02  9.53453e-03 
 1.45500e+02  9.53956e-03 
 1.46000e+02  9.53580e-03 
 1.46500e+02  9.55194e-03 
 1.47000e+02  9.55391e-03 
 1.47500e+02  9.55020e-03 
 1.48000e+02  9.55513e-03 
 1.48500e+02  9.55360e-03 
 1.49000e+02  9.54738e-03 
 1.49500e+02  9.54909e-03 
 1.50000e+02  9.55464e-03 
 1.50500e+02  9.55129e-03 
 1.51000e+02  9.55150e-03 
 1.51500e+02  9.54801e-03 
 1.52000e+02  9.55553e-03 
 1.52500e+02  9.56156e-03 
 1.53000e+02  9.56245e-03 
 1.53500e+02  9.54838e-03 
 1.54000e+02  9.54817e-03 
 1.54500e+02  9.55950e-03 
 1.55000e+02  9.56150e-03 
 1.55500e+02  9.55742e-03 
 1.56000e+02  9.56680e-03 
 1.56500e+02  9.57628e-03 
 1.57000e+02  9.56643e-03 
 1.57500e+02  9.56435e-03 
 1.58000e+02  9.55648e-03 
 1.58500e+02  9.56103e-03 
 1.59000e+02  9.55590e-03 
 1.59500e+02  9.55398e-03 
 1.60000e+02  9.56307e-03 
 1.60500e+02  9.56230e-03 
 1.61000e+02  9.56182e-03 
 1.61500e+02  9.56387e-03 
 1.62000e+02  9.57018e-03 
 1.62500e+02  9.57681e-03 
 1.63000e+02  9.57917e-03 
 1.63500e+02  9.57042e-03 
 1.64000e+02  9.55497e-03 
 1.64500e+02  9.56970e-03 
 1.65000e+02  9.55847e-03 
 1.65500e+02  9.56199e-03 
 1.66000e+02  9.56523e-03 
 1.66500e+02  9.57720e-03 
 1.67000e+02  9.57021e-03 
 1.67500e+02  9.58176e-03 
 1.68000e+02  9.57303e-03 
 1.68500e+02  9.57592e-03 
 1.69000e+02  9.56710e-03 
 1.69500e+02  9.55640e-03 
 1.70000e+02  9.54816e-03 
 1.70500e+02  9.55810e-03 
 1.71000e+02  9.55486e-03 
 1.71500e+02  9.54677e-03 
 1.72000e+02  9.55724e-03 
 1.72500e+02  9.55041e-03 
 1.73000e+02  9.54929e-03 
 1.73500e+02  9.54507e-03 
 1.74000e+02  9.55019e-03 
 1.74500e+02  9.54052e-03 
 1.75000e+02  9.53133e-03 
 1.75500e+02  9.54839e-03 
 1.76000e+02  9.54527e-03 
 1.76500e+02  9.54204e-03 
 1.77000e+02  9.54372e-03 
 1.77500e+02  9.53783e-03 
 1.78000e+02  9.52795e-03 
 1.78500e+02  9.53949e-03 
 1.79000e+02  9.53739e-03 
 1.79500e+02  9.52593e-03 
 1.80000e+02  9.53679e-03 
 1.80500e+02  9.53181e-03 
 1.81000e+02  9.53698e-03 
 1.81500e+02  9.52709e-03 
 1.82000e+02  9.53592e-03 
 1.82500e+02  9.52650e-03 
 1.83000e+02  9.51434e-03 
 1.83500e+02  9.51498e-03 
 1.84000e+02  9.51506e-03 
 1.84500e+02  9.50545e-03 
 1.85000e+02  9.51384e-03 
 1.85500e+02  9.50354e-03 
 1.86000e+02  9.48336e-03 
 1.86500e+02  9.47794e-03 
 1.87000e+02  9.49009e-03 
 1.87500e+02  9.47228e-03 
 1.88000e+02  9.47455e-03 
 1.88500e+02  9.46751e-03 
 1.89000e+02  9.47392e-03 
 1.89500e+02  9.48600e-03 
 1.90000e+02  9.47043e-03 
 1.90500e+02  9.46986e-03 
 1.91000e+02  9.48930e-03 
 1.91500e+02  9.50052e-03 
 1.92000e+02  9.50539e-03 
 1.92500e+02  9.49660e-03 
 1.93000e+02  9.47272e-03 
 1.93500e+02  9.46016e-03 
 1.94000e+02  9.45687e-03 
 1.94500e+02  9.44603e-03 
 1.95000e+02  9.42903e-03 
 1.95500e+02  9.41609e-03 
 1.96000e+02  9.40600e-03 
 1.96500e+02  9.40077e-03 
 1.97000e+02  9.39135e-03 
 1.97500e+02  9.37914e-03 
 1.98000e+02  9.36402e-03 
 1.98500e+02  9.34176e-03 
 1.99000e+02  9.33133e-03 
 1.99500e+02  9.32961e-03 
 2.00000e+02  9.30405e-03 
 2.00500e+02  9.29687e-03 
 2.01000e+02  9.27828e-03 
 2.01500e+02  9.26148e-03 
 2.02000e+02  9.25751e-03 
 2.02500e+02  9.24524e-03 
 2.03000e+02  9.22860e-03 
 2.03500e+02  9.22213e-03 
 2.04000e+02  9.20456e-03 
 2.04500e+02  9.17123e-03 
 2.05000e+02  9.14861e-03 
 2.05500e+02  9.13338e-03 
 2.06000e+02  9.12303e-03 
 2.06500e+02  9.09950e-03 
 2.07000e+02  9.07879e-03 
 2.07500e+02  9.05875e-03 
 2.08000e+02  9.04661e-03 
 2.08500e+02  9.02739e-03 
 2.09000e+02  9.01148e-03 
 2.09500e+02  8.99423e-03 
 2.10000e+02  8.98037e-03 
 2.10500e+02  8.96456e-03 
 2.11000e+02  8.93627e-03 
 2.11500e+02  8.93029e-03 
 2.12000e+02  8.89943e-03 
 2.12500e+02  8.85613e-03 
 2.13000e+02  8.82747e-03 
 2.13500e+02  8.80783e-03 
 2.14000e+02  8.77402e-03 
 2.14500e+02  8.74957e-03 
 2.15000e+02  8.72370e-03 
 2.15500e+02  8.70284e-03 
 2.16000e+02  8.67551e-03 
 2.16500e+02  8.65486e-03 
 2.17000e+02  8.62892e-03 
 2.17500e+02  8.59293e-03 
 2.18000e+02  8.55480e-03 
 2.18500e+02  8.53313e-03 
 2.19000e+02  8.50566e-03 
 2.19500e+02  8.47696e-03 
 2.20000e+02  8.45546e-03 
 2.20500e+02  8.42238e-03 
 2.21000e+02  8.39567e-03 
 2.21500e+02  8.35587e-03 
 2.22000e+02  8.31581e-03 
 2.22500e+02  8.27845e-03 
 2.23000e+02  8.23377e-03 
 2.23500e+02  8.20970e-03 
 2.24000e+02  8.16652e-03 
 2.24500e+02  8.13780e-03 
 2.25000e+02  8.09907e-03 
 2.25500e+02  8.05382e-03 
 2.26000e+02  8.01319e-03 
 2.26500e+02  7.95288e-03 
 2.27000e+02  7.91899e-03 
 2.27500e+02  7.86530e-03 
 2.28000e+02  7.81727e-03 
 2.28500e+02  7.78763e-03 
 2.29000e+02  7.74745e-03 
 2.29500e+02  7.69879e-03 
 2.30000e+02  7.64379e-03 
 2.30500e+02  7.60096e-03 
 2.31000e+02  7.54442e-03 
 2.31500e+02  7.50337e-03 
 2.32000e+02  7.46051e-03 
 2.32500e+02  7.41684e-03 
 2.33000e+02  7.37180e-03 
 2.33500e+02  7.31067e-03 
 2.34000e+02  7.26131e-03 
 2.34500e+02  7.19799e-03 
 2.35000e+02  7.13601e-03 
 2.35500e+02  7.07915e-03 
 2.36000e+02  7.02830e-03 
 2.36500e+02  6.98792e-03 
 2.37000e+02  6.92941e-03 
 2.37500e+02  6.86548e-03 
 2.38000e+02  6.80935e-03 
 2.38500e+02  6.73356e-03 
 2.39000e+02  6.66535e-03 
 2.39500e+02  6.59602e-03 
 2.40000e+02  6.51793e-03 
 2.40500e+02  6.43336e-03 
 2.41000e+02  6.35612e-03 
 2.41500e+02  6.26334e-03 
 2.42000e+02  6.17319e-03 
 2.42500e+02  6.08039e-03 
 2.43000e+02  5.98866e-03 
 2.43500e+02  5.88502e-03 
 2.44000e+02  5.79150e-03 
 2.44500e+02  5.69517e-03 
 2.45000e+02  5.58809e-03 
 2.45500e+02  5.48881e-03 
 2.46000e+02  5.38691e-03 
 2.46500e+02  5.29136e-03 
 2.47000e+02  5.19129e-03 
 2.47500e+02  5.08306e-03 
 2.48000e+02  4.97539e-03 
 2.48500e+02  4.86118e-03 
 2.49000e+02  4.74996e-03 
 2.49500e+02  4.63210e-03 
 2.50000e+02  4.51665e-03 
 2.50500e+02  4.39386e-03 
 2.51000e+02  4.26662e-03 
 2.51500e+02  4.14110e-03 
 2.52000e+02  4.01350e-03 
 2.52500e+02  3.88456e-03 
 2.53000e+02  3.75422e-03 
 2.53500e+02  3.62383e-03 
 2.54000e+02  3.49352e-03 
 2.54500e+02  3.36683e-03 
 2.55000e+02  3.23660e-03 
 2.55500e+02  3.11391e-03 
 2.56000e+02  2.99385e-03 
 2.56500e+02  2.87936e-03 
 2.57000e+02  2.75897e-03 
 2.57500e+02  2.65096e-03 
 2.58000e+02  2.52612e-03 
 2.58500e+02  2.42494e-03 
 2.59000e+02  2.31106e-03 
 2.59500e+02  2.20536e-03 
 2.60000e+02  2.10153e-03 
 2.60500e+02  2.00626e-03 
 2.61000e+02  1.91014e-03 
 2.61500e+02  1.82519e-03 
 2.62000e+02  1.74361e-03 
 2.62500e+02  1.66815e-03 
 2.63000e+02  1.59659e-03 
 2.63500e+02  1.52449e-03 
 2.64000e+02  1.45601e-03 
 2.64500e+02  1.39984e-03 
 2.65000e+02  1.34797e-03 
 2.65500e+02  1.29211e-03 
 2.66000e+02  1.23739e-03 
 2.66500e+02  1.18268e-03 
 2.67000e+02  1.14029e-03 
 2.67500e+02  1.10181e-03 
 2.68000e+02  1.05279e-03 
 2.68500e+02  1.01206e-03 
 2.69000e+02  9.72266e-04 
 2.69500e+02  9.33946e-04 
 2.70000e+02  8.98232e-04 
 2.70500e+02  8.62372e-04 
 2.71000e+02  8.30966e-04 
 2.71500e+02  7.96973e-04 
 2.72000e+02  7.66458e-04 
 2.72500e+02  7.37420e-04 
 2.73000e+02  7.04417e-04 
 2.73500e+02  6.78821e-04 
 2.74000e+02  6.51357e-04 
 2.74500e+02  6.25684e-04 
 2.75000e+02  6.03494e-04 
 2.75500e+02  5.82932e-04 
 2.76000e+02  5.57577e-04 
 2.76500e+02  5.33445e-04 
 2.77000e+02  5.12000e-04 
 2.77500e+02  4.92037e-04 
 2.78000e+02  4.70965e-04 
 2.78500e+02  4.55354e-04 
 2.79000e+02  4.35936e-04 
 2.79500e+02  4.12648e-04 
 2.80000e+02  3.94390e-04 
 2.80500e+02  3.77334e-04 
 2.81000e+02  3.60991e-04 
 2.81500e+02  3.42977e-04 
 2.82000e+02  3.28086e-04 
 2.82500e+02  3.12629e-04 
 2.83000e+02  2.94378e-04 
 2.83500e+02  2.79550e-04 
 2.84000e+02  2.63826e-04 
 2.84500e+02  2.51245e-04 
 2.85000e+02  2.38166e-04 
 2.85500e+02  2.27195e-04 
 2.86000e+02  2.15081e-04 
 2.86500e+02  2.04690e-04 
 2.87000e+02  1.92454e-04 
 2.87500e+02  1.82332e-04 
 2.88000e+02  1.73778e-04 
 2.88500e+02  1.65715e-04 
 2.89000e+02  1.58146e-04 
 2.89500e+02  1.49779e-04 
 2.90000e+02  1.42836e-04 
 2.90500e+02  1.36867e-04 
 2.91000e+02  1.32278e-04 
 2.91500e+02  1.27597e-04 
 2.92000e+02  1.22379e-04 
 2.92500e+02  1.17130e-04 
 2.93000e+02  1.13398e-04 
 2.93500e+02  1.09994e-04 
 2.94000e+02  1.06402e-04 
 2.94500e+02  1.03516e-04 
 2.95000e+02  9.99696e-05 
 2.95500e+02  9.67880e-05 
 2.96000e+02  9.42776e-05 
 2.96500e+02  9.04016e-05 
 2.97000e+02  8.79968e-05 
 2.97500e+02  8.52704e-05 
 2.98000e+02  8.30376e-05 
 2.98500e+02  8.10624e-05 
 2.99000e+02  7.89624e-05 
 2.99500e+02  7.65416e-05 
 3.00000e+02  7.39072e-05 
 3.00500e+02  7.30032e-05 
 3.01000e+02  7.13168e-05 
 3.01500e+02  6.91928e-05 
 3.02000e+02  6.85552e-05 
 3.02500e+02  6.62520e-05 
 3.03000e+02  6.48992e-05 
 3.03500e+02  6.35752e-05 
 3.04000e+02  6.18544e-05 
 3.04500e+02  5.98432e-05 
 3.05000e+02  5.83088e-05 
 3.05500e+02  5.65272e-05 
 3.06000e+02  5.57920e-05 
 3.06500e+02  5.44208e-05 
 3.07000e+02  5.26392e-05 
 3.07500e+02  5.15544e-05 
 3.08000e+02  5.05368e-05 
 3.08500e+02  4.88256e-05 
 3.09000e+02  4.77088e-05 
 3.09500e+02  4.65360e-05 
 3.10000e+02  4.53480e-05 
 3.10500e+02  4.43152e-05 
 3.11000e+02  4.31352e-05 
 3.11500e+02  4.21040e-05 
 3.12000e+02  4.09824e-05 
 3.12500e+02  3.97528e-05 
 3.13000e+02  3.82888e-05 
 3.13500e+02  3.71368e-05 
 3.14000e+02  3.60800e-05 
 3.14500e+02  3.46464e-05 
 3.15000e+02  3.36264e-05 
 3.15500e+02  3.25688e-05 
 3.16000e+02  3.13888e-05 
 3.16500e+02  2.97400e-05 
 3.17000e+02  2.85936e-05 
 3.17500e+02  2.72496e-05 
 3.18000e+02  2.52880e-05 
 3.18500e+02  2.42184e-05 
 3.19000e+02  2.26696e-05 
 3.19500e+02  2.22408e-05 
