 0.00000e+00  6.89416e-04 
 5.00000e-01  6.96544e-04 
 1.00000e+00  6.98760e-04 
 1.50000e+00  7.06528e-04 
 2.00000e+00  7.09752e-04 
 2.50000e+00  7.14648e-04 
 3.00000e+00  7.12408e-04 
 3.50000e+00  7.17960e-04 
 4.00000e+00  7.24256e-04 
 4.50000e+00  7.32032e-04 
 5.00000e+00  7.40264e-04 
 5.50000e+00  7.41016e-04 
 6.00000e+00  7.46200e-04 
 6.50000e+00  7.56192e-04 
 7.00000e+00  7.59016e-04 
 7.50000e+00  7.61464e-04 
 8.00000e+00  7.73584e-04 
 8.50000e+00  7.74416e-04 
 9.00000e+00  7.79288e-04 
 9.50000e+00  7.86976e-04 
 1.00000e+01  7.90536e-04 
 1.05000e+01  7.91096e-04 
 1.10000e+01  8.02744e-04 
 1.15000e+01  8.09592e-04 
 1.20000e+01  8.21624e-04 
 1.25000e+01  8.24400e-04 
 1.30000e+01  8.32696e-04 
 1.35000e+01  8.40080e-04 
 1.40000e+01  8.46448e-04 
 1.45000e+01  8.57112e-04 
 1.50000e+01  8.61752e-04 
 1.55000e+01  8.67240e-04 
 1.60000e+01  8.81208e-04 
 1.65000e+01  8.87608e-04 
 1.70000e+01  8.92432e-04 
 1.75000e+01  8.98248e-04 
 1.80000e+01  9.07392e-04 
 1.85000e+01  9.09736e-04 
 1.90000e+01  9.14576e-04 
 1.95000e+01  9.23824e-04 
 2.00000e+01  9.30896e-04 
 2.05000e+01  9.42456e-04 
 2.10000e+01  9.53560e-04 
 2.15000e+01  9.60888e-04 
 2.20000e+01  9.70232e-04 
 2.25000e+01  9.74360e-04 
 2.30000e+01  9.83088e-04 
 2.35000e+01  9.92096e-04 
 2.40000e+01  1.00251e-03 
 2.45000e+01  1.00951e-03 
 2.50000e+01  1.01526e-03 
 2.55000e+01  1.03042e-03 
 2.60000e+01  1.04295e-03 
 2.65000e+01  1.05018e-03 
 2.70000e+01  1.06134e-03 
 2.75000e+01  1.07654e-03 
 2.80000e+01  1.09066e-03 
 2.85000e+01  1.09918e-03 
 2.90000e+01  1.12090e-03 
 2.95000e+01  1.12746e-03 
 3.00000e+01  1.13831e-03 
 3.05000e+01  1.15207e-03 
 3.10000e+01  1.16713e-03 
 3.15000e+01  1.17506e-03 
 3.20000e+01  1.19100e-03 
 3.25000e+01  1.20703e-03 
 3.30000e+01  1.22805e-03 
 3.35000e+01  1.23159e-03 
 3.40000e+01  1.24646e-03 
 3.45000e+01  1.26246e-03 
 3.50000e+01  1.28293e-03 
 3.55000e+01  1.31714e-03 
 3.60000e+01  1.32558e-03 
 3.65000e+01  1.33394e-03 
 3.70000e+01  1.34535e-03 
 3.75000e+01  1.35808e-03 
 3.80000e+01  1.37838e-03 
 3.85000e+01  1.39560e-03 
 3.90000e+01  1.42237e-03 
 3.95000e+01  1.44375e-03 
 4.00000e+01  1.46150e-03 
 4.05000e+01  1.49009e-03 
 4.10000e+01  1.49944e-03 
 4.15000e+01  1.52605e-03 
 4.20000e+01  1.55798e-03 
 4.25000e+01  1.57971e-03 
 4.30000e+01  1.59416e-03 
 4.35000e+01  1.62111e-03 
 4.40000e+01  1.65558e-03 
 4.45000e+01  1.68247e-03 
 4.50000e+01  1.70714e-03 
 4.55000e+01  1.73341e-03 
 4.60000e+01  1.76999e-03 
 4.65000e+01  1.80950e-03 
 4.70000e+01  1.83216e-03 
 4.75000e+01  1.84942e-03 
 4.80000e+01  1.87784e-03 
 4.85000e+01  1.91865e-03 
 4.90000e+01  1.95618e-03 
 4.95000e+01  1.99852e-03 
 5.00000e+01  2.03422e-03 
 5.05000e+01  2.06352e-03 
 5.10000e+01  2.11265e-03 
 5.15000e+01  2.15958e-03 
 5.20000e+01  2.18218e-03 
 5.25000e+01  2.22789e-03 
 5.30000e+01  2.29298e-03 
 5.35000e+01  2.36444e-03 
 5.40000e+01  2.36267e-03 
 5.45000e+01  2.42909e-03 
 5.50000e+01  2.46587e-03 
 5.55000e+01  2.53946e-03 
 5.60000e+01  2.59604e-03 
 5.65000e+01  2.66429e-03 
 5.70000e+01  2.71649e-03 
 5.75000e+01  2.79399e-03 
 5.80000e+01  2.87590e-03 
 5.85000e+01  2.91474e-03 
 5.90000e+01  2.99694e-03 
 5.95000e+01  3.06488e-03 
 6.00000e+01  3.15242e-03 
 6.05000e+01  3.21156e-03 
 6.10000e+01  3.31013e-03 
 6.15000e+01  3.38416e-03 
 6.20000e+01  3.43325e-03 
 6.25000e+01  3.53766e-03 
 6.30000e+01  3.60577e-03 
 6.35000e+01  3.72656e-03 
 6.40000e+01  3.76527e-03 
 6.45000e+01  3.84059e-03 
 6.50000e+01  3.95974e-03 
 6.55000e+01  4.05430e-03 
 6.60000e+01  4.15250e-03 
 6.65000e+01  4.25778e-03 
 6.70000e+01  4.39775e-03 
 6.75000e+01  4.51382e-03 
 6.80000e+01  4.58642e-03 
 6.85000e+01  4.68242e-03 
 6.90000e+01  4.77375e-03 
 6.95000e+01  4.82154e-03 
 7.00000e+01  4.94210e-03 
 7.05000e+01  4.99609e-03 
 7.10000e+01  5.13202e-03 
 7.15000e+01  5.28168e-03 
 7.20000e+01  5.38782e-03 
 7.25000e+01  5.57354e-03 
 7.30000e+01  5.61115e-03 
 7.35000e+01  5.72213e-03 
 7.40000e+01  5.70594e-03 
 7.45000e+01  5.81497e-03 
 7.50000e+01  5.92006e-03 
 7.55000e+01  5.96434e-03 
 7.60000e+01  6.13477e-03 
 7.65000e+01  6.28485e-03 
 7.70000e+01  6.33746e-03 
 7.75000e+01  6.31690e-03 
 7.80000e+01  6.41470e-03 
 7.85000e+01  6.54618e-03 
 7.90000e+01  6.63201e-03 
 7.95000e+01  6.81994e-03 
 8.00000e+01  6.81074e-03 
 8.05000e+01  6.87652e-03 
 8.10000e+01  6.97807e-03 
 8.15000e+01  6.95238e-03 
 8.20000e+01  6.98268e-03 
 8.25000e+01  7.05133e-03 
 8.30000e+01  7.13337e-03 
 8.35000e+01  7.15891e-03 
 8.40000e+01  7.36502e-03 
 8.45000e+01  7.38662e-03 
 8.50000e+01  7.52476e-03 
 8.55000e+01  7.48340e-03 
 8.60000e+01  7.55750e-03 
 8.65000e+01  7.45237e-03 
 8.70000e+01  7.62810e-03 
 8.75000e+01  7.73308e-03 
 8.80000e+01  7.93190e-03 
 8.85000e+01  7.81914e-03 
 8.90000e+01  8.00192e-03 
 8.95000e+01  8.11261e-03 
 9.00000e+01  8.14746e-03 
 9.05000e+01  8.01187e-03 
 9.10000e+01  7.93405e-03 
 9.15000e+01  8.08857e-03 
 9.20000e+01  8.07638e-03 
 9.25000e+01  8.11401e-03 
 9.30000e+01  8.26027e-03 
 9.35000e+01  8.25389e-03 
 9.40000e+01  8.34279e-03 
 9.45000e+01  8.32072e-03 
 9.50000e+01  8.35476e-03 
 9.55000e+01  8.34480e-03 
 9.60000e+01  8.51280e-03 
 9.65000e+01  8.52549e-03 
 9.70000e+01  8.62618e-03 
 9.75000e+01  8.82686e-03 
 9.80000e+01  8.77974e-03 
 9.85000e+01  8.76497e-03 
 9.90000e+01  8.87156e-03 
 9.95000e+01  8.88770e-03 
 1.00000e+02  8.81830e-03 
 1.00500e+02  8.88526e-03 
 1.01000e+02  8.95298e-03 
 1.01500e+02  8.92821e-03 
 1.02000e+02  9.11805e-03 
 1.02500e+02  9.19489e-03 
 1.03000e+02  9.19112e-03 
 1.03500e+02  9.31747e-03 
 1.04000e+02  9.33481e-03 
 1.04500e+02  9.55350e-03 
 1.05000e+02  9.29997e-03 
 1.05500e+02  9.15386e-03 
 1.06000e+02  9.27876e-03 
 1.06500e+02  9.30783e-03 
 1.07000e+02  9.63015e-03 
 1.07500e+02  9.80185e-03 
 1.08000e+02  9.71800e-03 
 1.08500e+02  9.75360e-03 
 1.09000e+02  9.66398e-03 
 1.09500e+02  9.67448e-03 
 1.10000e+02  9.77284e-03 
 1.10500e+02  9.87881e-03 
 1.11000e+02  1.01606e-02 
 1.11500e+02  1.02491e-02 
 1.12000e+02  1.00342e-02 
 1.12500e+02  9.80400e-03 
 1.13000e+02  1.00018e-02 
 1.13500e+02  1.00943e-02 
 1.14000e+02  1.02731e-02 
 1.14500e+02  1.03541e-02 
 1.15000e+02  1.04390e-02 
 1.15500e+02  1.05326e-02 
 1.16000e+02  1.05186e-02 
 1.16500e+02  1.08273e-02 
 1.17000e+02  1.08238e-02 
 1.17500e+02  1.09372e-02 
 1.18000e+02  1.10840e-02 
 1.18500e+02  1.10485e-02 
 1.19000e+02  1.12192e-02 
 1.19500e+02  1.12747e-02 
 1.20000e+02  1.12285e-02 
 1.20500e+02  1.18062e-02 
 1.21000e+02  1.21070e-02 
 1.21500e+02  1.19835e-02 
 1.22000e+02  1.20546e-02 
 1.22500e+02  1.23567e-02 
 1.23000e+02  1.22831e-02 
 1.23500e+02  1.23823e-02 
 1.24000e+02  1.26104e-02 
 1.24500e+02  1.27584e-02 
 1.25000e+02  1.34174e-02 
 1.25500e+02  1.34759e-02 
 1.26000e+02  1.35712e-02 
 1.26500e+02  1.39488e-02 
 1.27000e+02  1.32367e-02 
 1.27500e+02  1.38074e-02 
 1.28000e+02  1.41255e-02 
 1.28500e+02  1.41420e-02 
 1.29000e+02  1.44179e-02 
 1.29500e+02  1.46909e-02 
 1.30000e+02  1.48634e-02 
 1.30500e+02  1.55767e-02 
 1.31000e+02  1.55479e-02 
 1.31500e+02  1.54404e-02 
 1.32000e+02  1.56322e-02 
 1.32500e+02  1.55163e-02 
 1.33000e+02  1.56124e-02 
 1.33500e+02  1.58427e-02 
 1.34000e+02  1.61579e-02 
 1.34500e+02  1.62234e-02 
 1.35000e+02  1.67230e-02 
 1.35500e+02  1.63669e-02 
 1.36000e+02  1.70544e-02 
 1.36500e+02  1.73620e-02 
 1.37000e+02  1.74291e-02 
 1.37500e+02  1.83637e-02 
 1.38000e+02  1.78319e-02 
 1.38500e+02  1.84602e-02 
 1.39000e+02  1.85123e-02 
 1.39500e+02  1.84415e-02 
 1.40000e+02  1.80586e-02 
 1.40500e+02  1.80186e-02 
 1.41000e+02  1.84515e-02 
 1.41500e+02  1.84182e-02 
 1.42000e+02  1.84789e-02 
 1.42500e+02  1.87092e-02 
 1.43000e+02  1.90232e-02 
 1.43500e+02  1.91121e-02 
 1.44000e+02  1.93708e-02 
 1.44500e+02  1.87874e-02 
 1.45000e+02  1.90012e-02 
 1.45500e+02  1.91820e-02 
 1.46000e+02  1.88639e-02 
 1.46500e+02  1.93316e-02 
 1.47000e+02  1.91193e-02 
 1.47500e+02  1.96682e-02 
 1.48000e+02  1.98983e-02 
 1.48500e+02  1.95809e-02 
 1.49000e+02  1.97723e-02 
 1.49500e+02  2.01144e-02 
 1.50000e+02  2.01103e-02 
 1.50500e+02  1.98284e-02 
 1.51000e+02  2.05942e-02 
 1.51500e+02  2.01885e-02 
 1.52000e+02  1.99883e-02 
 1.52500e+02  2.04457e-02 
 1.53000e+02  2.03332e-02 
 1.53500e+02  2.03106e-02 
 1.54000e+02  2.03664e-02 
 1.54500e+02  2.05071e-02 
 1.55000e+02  2.01408e-02 
 1.55500e+02  2.02761e-02 
 1.56000e+02  2.03383e-02 
 1.56500e+02  2.03095e-02 
 1.57000e+02  2.11201e-02 
 1.57500e+02  2.04301e-02 
 1.58000e+02  2.06952e-02 
 1.58500e+02  2.10802e-02 
 1.59000e+02  2.07970e-02 
 1.59500e+02  2.11016e-02 
 1.60000e+02  2.09438e-02 
 1.60500e+02  2.04400e-02 
 1.61000e+02  2.06815e-02 
 1.61500e+02  2.02257e-02 
 1.62000e+02  2.06515e-02 
 1.62500e+02  2.05428e-02 
 1.63000e+02  2.05830e-02 
 1.63500e+02  2.02032e-02 
 1.64000e+02  2.01530e-02 
 1.64500e+02  2.02019e-02 
 1.65000e+02  2.03350e-02 
 1.65500e+02  2.03738e-02 
 1.66000e+02  2.00458e-02 
 1.66500e+02  2.00349e-02 
 1.67000e+02  2.04884e-02 
 1.67500e+02  2.02842e-02 
 1.68000e+02  2.02597e-02 
 1.68500e+02  2.01169e-02 
 1.69000e+02  1.93322e-02 
 1.69500e+02  1.96584e-02 
 1.70000e+02  1.95422e-02 
 1.70500e+02  2.01416e-02 
 1.71000e+02  2.01115e-02 
 1.71500e+02  1.94726e-02 
 1.72000e+02  1.90574e-02 
 1.72500e+02  1.92955e-02 
 1.73000e+02  1.97553e-02 
 1.73500e+02  1.95327e-02 
 1.74000e+02  1.89426e-02 
 1.74500e+02  1.91949e-02 
 1.75000e+02  1.97118e-02 
 1.75500e+02  1.87910e-02 
 1.76000e+02  1.89837e-02 
 1.76500e+02  1.87692e-02 
 1.77000e+02  1.87512e-02 
 1.77500e+02  1.92019e-02 
 1.78000e+02  1.86005e-02 
 1.78500e+02  1.92139e-02 
 1.79000e+02  1.91337e-02 
 1.79500e+02  1.78516e-02 
 1.80000e+02  1.79525e-02 
 1.80500e+02  1.82840e-02 
 1.81000e+02  1.83117e-02 
 1.81500e+02  1.83774e-02 
 1.82000e+02  1.78339e-02 
 1.82500e+02  1.70810e-02 
 1.83000e+02  1.70646e-02 
 1.83500e+02  1.67453e-02 
 1.84000e+02  1.66913e-02 
 1.84500e+02  1.65722e-02 
 1.85000e+02  1.64934e-02 
 1.85500e+02  1.61690e-02 
 1.86000e+02  1.67500e-02 
 1.86500e+02  1.59161e-02 
 1.87000e+02  1.60772e-02 
 1.87500e+02  1.55310e-02 
 1.88000e+02  1.57145e-02 
 1.88500e+02  1.58030e-02 
 1.89000e+02  1.54235e-02 
 1.89500e+02  1.54573e-02 
 1.90000e+02  1.55697e-02 
 1.90500e+02  1.49721e-02 
 1.91000e+02  1.47996e-02 
 1.91500e+02  1.44942e-02 
 1.92000e+02  1.42138e-02 
 1.92500e+02  1.41260e-02 
 1.93000e+02  1.42374e-02 
 1.93500e+02  1.38146e-02 
 1.94000e+02  1.36716e-02 
 1.94500e+02  1.38086e-02 
 1.95000e+02  1.36477e-02 
 1.95500e+02  1.27106e-02 
 1.96000e+02  1.26114e-02 
 1.96500e+02  1.30801e-02 
 1.97000e+02  1.24447e-02 
 1.97500e+02  1.20938e-02 
 1.98000e+02  1.21013e-02 
 1.98500e+02  1.18291e-02 
 1.99000e+02  1.15573e-02 
 1.99500e+02  1.17442e-02 
 2.00000e+02  1.16553e-02 
 2.00500e+02  1.12139e-02 
 2.01000e+02  1.11111e-02 
 2.01500e+02  1.12691e-02 
 2.02000e+02  1.09251e-02 
 2.02500e+02  1.08444e-02 
 2.03000e+02  1.07056e-02 
 2.03500e+02  1.05389e-02 
 2.04000e+02  1.04790e-02 
 2.04500e+02  1.03656e-02 
 2.05000e+02  1.04341e-02 
 2.05500e+02  1.02890e-02 
 2.06000e+02  1.01388e-02 
 2.06500e+02  1.02427e-02 
 2.07000e+02  9.95996e-03 
 2.07500e+02  9.71312e-03 
 2.08000e+02  9.71857e-03 
 2.08500e+02  9.69250e-03 
 2.09000e+02  9.90623e-03 
 2.09500e+02  9.90162e-03 
 2.10000e+02  9.69588e-03 
 2.10500e+02  9.70342e-03 
 2.11000e+02  9.66678e-03 
 2.11500e+02  9.49002e-03 
 2.12000e+02  9.33630e-03 
 2.12500e+02  9.49162e-03 
 2.13000e+02  9.29925e-03 
 2.13500e+02  9.31976e-03 
 2.14000e+02  9.47962e-03 
 2.14500e+02  9.33945e-03 
 2.15000e+02  9.22669e-03 
 2.15500e+02  9.26782e-03 
 2.16000e+02  9.20567e-03 
 2.16500e+02  8.98168e-03 
 2.17000e+02  9.05425e-03 
 2.17500e+02  8.90019e-03 
 2.18000e+02  8.87380e-03 
 2.18500e+02  8.85742e-03 
 2.19000e+02  8.95310e-03 
 2.19500e+02  8.97139e-03 
 2.20000e+02  8.66351e-03 
 2.20500e+02  8.68265e-03 
 2.21000e+02  8.77435e-03 
 2.21500e+02  8.91638e-03 
 2.22000e+02  8.63089e-03 
 2.22500e+02  8.46942e-03 
 2.23000e+02  8.48394e-03 
 2.23500e+02  8.54097e-03 
 2.24000e+02  8.41566e-03 
 2.24500e+02  8.42757e-03 
 2.25000e+02  8.21022e-03 
 2.25500e+02  8.39365e-03 
 2.26000e+02  8.41807e-03 
 2.26500e+02  8.35306e-03 
 2.27000e+02  8.35712e-03 
 2.27500e+02  8.32443e-03 
 2.28000e+02  8.35445e-03 
 2.28500e+02  8.17266e-03 
 2.29000e+02  8.11885e-03 
 2.29500e+02  8.03337e-03 
 2.30000e+02  7.95688e-03 
 2.30500e+02  7.94360e-03 
 2.31000e+02  7.83386e-03 
 2.31500e+02  7.69733e-03 
 2.32000e+02  7.73356e-03 
 2.32500e+02  7.68992e-03 
 2.33000e+02  7.49530e-03 
 2.33500e+02  7.48034e-03 
 2.34000e+02  7.59709e-03 
 2.34500e+02  7.52242e-03 
 2.35000e+02  7.45160e-03 
 2.35500e+02  7.21782e-03 
 2.36000e+02  7.23374e-03 
 2.36500e+02  7.11693e-03 
 2.37000e+02  7.14678e-03 
 2.37500e+02  6.95790e-03 
 2.38000e+02  6.81465e-03 
 2.38500e+02  6.80232e-03 
 2.39000e+02  6.81469e-03 
 2.39500e+02  6.82071e-03 
 2.40000e+02  6.68030e-03 
 2.40500e+02  6.65909e-03 
 2.41000e+02  6.60567e-03 
 2.41500e+02  6.52027e-03 
 2.42000e+02  6.38546e-03 
 2.42500e+02  6.25324e-03 
 2.43000e+02  6.14623e-03 
 2.43500e+02  6.11720e-03 
 2.44000e+02  5.98112e-03 
 2.44500e+02  5.89414e-03 
 2.45000e+02  5.91524e-03 
 2.45500e+02  5.76878e-03 
 2.46000e+02  5.78162e-03 
 2.46500e+02  5.71102e-03 
 2.47000e+02  5.56950e-03 
 2.47500e+02  5.55702e-03 
 2.48000e+02  5.44033e-03 
 2.48500e+02  5.35426e-03 
 2.49000e+02  5.19467e-03 
 2.49500e+02  5.15729e-03 
 2.50000e+02  5.01656e-03 
 2.50500e+02  4.91443e-03 
 2.51000e+02  4.80346e-03 
 2.51500e+02  4.67238e-03 
 2.52000e+02  4.55021e-03 
 2.52500e+02  4.46974e-03 
 2.53000e+02  4.36372e-03 
 2.53500e+02  4.26327e-03 
 2.54000e+02  4.13110e-03 
 2.54500e+02  4.02346e-03 
 2.55000e+02  3.97066e-03 
 2.55500e+02  3.91389e-03 
 2.56000e+02  3.83294e-03 
 2.56500e+02  3.73517e-03 
 2.57000e+02  3.64681e-03 
 2.57500e+02  3.56574e-03 
 2.58000e+02  3.45795e-03 
 2.58500e+02  3.36822e-03 
 2.59000e+02  3.29890e-03 
 2.59500e+02  3.24288e-03 
 2.60000e+02  3.16378e-03 
 2.60500e+02  3.07538e-03 
 2.61000e+02  2.98896e-03 
 2.61500e+02  2.91284e-03 
 2.62000e+02  2.84563e-03 
 2.62500e+02  2.75891e-03 
 2.63000e+02  2.72592e-03 
 2.63500e+02  2.68142e-03 
 2.64000e+02  2.59286e-03 
 2.64500e+02  2.52583e-03 
 2.65000e+02  2.44250e-03 
 2.65500e+02  2.40500e-03 
 2.66000e+02  2.37546e-03 
 2.66500e+02  2.31370e-03 
 2.67000e+02  2.25714e-03 
 2.67500e+02  2.21334e-03 
 2.68000e+02  2.17794e-03 
 2.68500e+02  2.14043e-03 
 2.69000e+02  2.11134e-03 
 2.69500e+02  2.07624e-03 
 2.70000e+02  2.03675e-03 
 2.70500e+02  2.01078e-03 
 2.71000e+02  1.97182e-03 
 2.71500e+02  1.94366e-03 
 2.72000e+02  1.91025e-03 
 2.72500e+02  1.87170e-03 
 2.73000e+02  1.82927e-03 
 2.73500e+02  1.79955e-03 
 2.74000e+02  1.76258e-03 
 2.74500e+02  1.72378e-03 
 2.75000e+02  1.69427e-03 
 2.75500e+02  1.66668e-03 
 2.76000e+02  1.64587e-03 
 2.76500e+02  1.61756e-03 
 2.77000e+02  1.60103e-03 
 2.77500e+02  1.58183e-03 
 2.78000e+02  1.54367e-03 
 2.78500e+02  1.51842e-03 
 2.79000e+02  1.49655e-03 
 2.79500e+02  1.48007e-03 
 2.80000e+02  1.45940e-03 
 2.80500e+02  1.43279e-03 
 2.81000e+02  1.41344e-03 
 2.81500e+02  1.40135e-03 
 2.82000e+02  1.36679e-03 
 2.82500e+02  1.35962e-03 
 2.83000e+02  1.34303e-03 
 2.83500e+02  1.32443e-03 
 2.84000e+02  1.30374e-03 
 2.84500e+02  1.29092e-03 
 2.85000e+02  1.27318e-03 
 2.85500e+02  1.26037e-03 
 2.86000e+02  1.24365e-03 
 2.86500e+02  1.22992e-03 
 2.87000e+02  1.22023e-03 
 2.87500e+02  1.20157e-03 
 2.88000e+02  1.18712e-03 
 2.88500e+02  1.17574e-03 
 2.89000e+02  1.15806e-03 
 2.89500e+02  1.14758e-03 
 2.90000e+02  1.13686e-03 
 2.90500e+02  1.13528e-03 
 2.91000e+02  1.12734e-03 
 2.91500e+02  1.11054e-03 
 2.92000e+02  1.09311e-03 
 2.92500e+02  1.07709e-03 
 2.93000e+02  1.07509e-03 
 2.93500e+02  1.05954e-03 
 2.94000e+02  1.04534e-03 
 2.94500e+02  1.03228e-03 
 2.95000e+02  1.02657e-03 
 2.95500e+02  1.01461e-03 
 2.96000e+02  1.00595e-03 
 2.96500e+02  9.89904e-04 
 2.97000e+02  9.84856e-04 
 2.97500e+02  9.78840e-04 
 2.98000e+02  9.59752e-04 
 2.98500e+02  9.50240e-04 
 2.99000e+02  9.55200e-04 
 2.99500e+02  9.42104e-04 
 3.00000e+02  9.31584e-04 
 3.00500e+02  9.20992e-04 
 3.01000e+02  9.19512e-04 
 3.01500e+02  9.12608e-04 
 3.02000e+02  8.98320e-04 
 3.02500e+02  8.90960e-04 
 3.03000e+02  8.85912e-04 
 3.03500e+02  8.79800e-04 
 3.04000e+02  8.65496e-04 
 3.04500e+02  8.65616e-04 
 3.05000e+02  8.55024e-04 
 3.05500e+02  8.48376e-04 
 3.06000e+02  8.40712e-04 
 3.06500e+02  8.29920e-04 
 3.07000e+02  8.24064e-04 
 3.07500e+02  8.14776e-04 
 3.08000e+02  8.09016e-04 
 3.08500e+02  8.00280e-04 
 3.09000e+02  7.95448e-04 
 3.09500e+02  7.87504e-04 
 3.10000e+02  7.85112e-04 
 3.10500e+02  7.81144e-04 
 3.11000e+02  7.74080e-04 
 3.11500e+02  7.69256e-04 
 3.12000e+02  7.64168e-04 
 3.12500e+02  7.62704e-04 
 3.13000e+02  7.49704e-04 
 3.13500e+02  7.45408e-04 
 3.14000e+02  7.41288e-04 
 3.14500e+02  7.35424e-04 
 3.15000e+02  7.28056e-04 
 3.15500e+02  7.25664e-04 
 3.16000e+02  7.19344e-04 
 3.16500e+02  7.14264e-04 
 3.17000e+02  7.07720e-04 
 3.17500e+02  7.07104e-04 
 3.18000e+02  7.02816e-04 
 3.18500e+02  6.93408e-04 
 3.19000e+02  6.95864e-04 
 3.19500e+02  6.84936e-04 
