 0.00000e+00  6.98664e-04 
 5.00000e-01  6.98072e-04 
 1.00000e+00  7.05256e-04 
 1.50000e+00  7.10240e-04 
 2.00000e+00  7.14120e-04 
 2.50000e+00  7.19400e-04 
 3.00000e+00  7.27360e-04 
 3.50000e+00  7.30008e-04 
 4.00000e+00  7.30408e-04 
 4.50000e+00  7.25552e-04 
 5.00000e+00  7.33280e-04 
 5.50000e+00  7.39216e-04 
 6.00000e+00  7.53528e-04 
 6.50000e+00  7.51832e-04 
 7.00000e+00  7.57728e-04 
 7.50000e+00  7.66472e-04 
 8.00000e+00  7.72808e-04 
 8.50000e+00  7.78944e-04 
 9.00000e+00  7.82168e-04 
 9.50000e+00  7.88520e-04 
 1.00000e+01  7.95664e-04 
 1.05000e+01  8.05776e-04 
 1.10000e+01  8.13568e-04 
 1.15000e+01  8.14616e-04 
 1.20000e+01  8.21768e-04 
 1.25000e+01  8.32232e-04 
 1.30000e+01  8.37080e-04 
 1.35000e+01  8.45432e-04 
 1.40000e+01  8.53104e-04 
 1.45000e+01  8.60456e-04 
 1.50000e+01  8.71952e-04 
 1.55000e+01  8.73936e-04 
 1.60000e+01  8.78120e-04 
 1.65000e+01  8.92008e-04 
 1.70000e+01  9.02088e-04 
 1.75000e+01  9.07128e-04 
 1.80000e+01  9.15032e-04 
 1.85000e+01  9.31032e-04 
 1.90000e+01  9.43320e-04 
 1.95000e+01  9.48040e-04 
 2.00000e+01  9.44168e-04 
 2.05000e+01  9.52608e-04 
 2.10000e+01  9.57352e-04 
 2.15000e+01  9.64896e-04 
 2.20000e+01  9.71688e-04 
 2.25000e+01  9.82048e-04 
 2.30000e+01  9.97056e-04 
 2.35000e+01  1.00725e-03 
 2.40000e+01  1.01871e-03 
 2.45000e+01  1.02174e-03 
 2.50000e+01  1.03468e-03 
 2.55000e+01  1.04961e-03 
 2.60000e+01  1.05071e-03 
 2.65000e+01  1.06334e-03 
 2.70000e+01  1.07296e-03 
 2.75000e+01  1.08384e-03 
 2.80000e+01  1.09658e-03 
 2.85000e+01  1.10938e-03 
 2.90000e+01  1.11418e-03 
 2.95000e+01  1.13177e-03 
 3.00000e+01  1.14058e-03 
 3.05000e+01  1.16237e-03 
 3.10000e+01  1.18218e-03 
 3.15000e+01  1.19268e-03 
 3.20000e+01  1.20726e-03 
 3.25000e+01  1.22130e-03 
 3.30000e+01  1.23034e-03 
 3.35000e+01  1.24332e-03 
 3.40000e+01  1.27133e-03 
 3.45000e+01  1.28875e-03 
 3.50000e+01  1.29726e-03 
 3.55000e+01  1.30857e-03 
 3.60000e+01  1.33149e-03 
 3.65000e+01  1.34671e-03 
 3.70000e+01  1.36759e-03 
 3.75000e+01  1.37995e-03 
 3.80000e+01  1.39386e-03 
 3.85000e+01  1.42563e-03 
 3.90000e+01  1.44234e-03 
 3.95000e+01  1.47006e-03 
 4.00000e+01  1.48418e-03 
 4.05000e+01  1.49863e-03 
 4.10000e+01  1.52324e-03 
 4.15000e+01  1.53921e-03 
 4.20000e+01  1.57416e-03 
 4.25000e+01  1.59802e-03 
 4.30000e+01  1.62367e-03 
 4.35000e+01  1.65242e-03 
 4.40000e+01  1.68742e-03 
 4.45000e+01  1.71066e-03 
 4.50000e+01  1.73029e-03 
 4.55000e+01  1.75039e-03 
 4.60000e+01  1.77003e-03 
 4.65000e+01  1.81326e-03 
 4.70000e+01  1.82967e-03 
 4.75000e+01  1.85711e-03 
 4.80000e+01  1.89440e-03 
 4.85000e+01  1.94445e-03 
 4.90000e+01  1.96708e-03 
 4.95000e+01  2.01739e-03 
 5.00000e+01  2.04864e-03 
 5.05000e+01  2.08186e-03 
 5.10000e+01  2.13719e-03 
 5.15000e+01  2.19565e-03 
 5.20000e+01  2.22886e-03 
 5.25000e+01  2.28096e-03 
 5.30000e+01  2.33033e-03 
 5.35000e+01  2.38672e-03 
 5.40000e+01  2.42698e-03 
 5.45000e+01  2.48319e-03 
 5.50000e+01  2.53052e-03 
 5.55000e+01  2.61282e-03 
 5.60000e+01  2.66950e-03 
 5.65000e+01  2.74546e-03 
 5.70000e+01  2.80643e-03 
 5.75000e+01  2.86331e-03 
 5.80000e+01  2.95782e-03 
 5.85000e+01  3.00202e-03 
 5.90000e+01  3.07482e-03 
 5.95000e+01  3.13626e-03 
 6.00000e+01  3.25324e-03 
 6.05000e+01  3.32163e-03 
 6.10000e+01  3.37326e-03 
 6.15000e+01  3.43315e-03 
 6.20000e+01  3.53858e-03 
 6.25000e+01  3.62087e-03 
 6.30000e+01  3.72037e-03 
 6.35000e+01  3.76976e-03 
 6.40000e+01  3.87835e-03 
 6.45000e+01  3.97566e-03 
 6.50000e+01  4.03919e-03 
 6.55000e+01  4.15766e-03 
 6.60000e+01  4.27781e-03 
 6.65000e+01  4.34119e-03 
 6.70000e+01  4.47482e-03 
 6.75000e+01  4.53084e-03 
 6.80000e+01  4.68990e-03 
 6.85000e+01  4.74755e-03 
 6.90000e+01  4.91027e-03 
 6.95000e+01  4.96697e-03 
 7.00000e+01  5.04574e-03 
 7.05000e+01  5.12351e-03 
 7.10000e+01  5.29794e-03 
 7.15000e+01  5.39908e-03 
 7.20000e+01  5.41762e-03 
 7.25000e+01  5.51714e-03 
 7.30000e+01  5.63213e-03 
 7.35000e+01  5.77789e-03 
 7.40000e+01  5.84481e-03 
 7.45000e+01  6.01739e-03 
 7.50000e+01  6.16917e-03 
 7.55000e+01  6.29557e-03 
 7.60000e+01  6.30658e-03 
 7.65000e+01  6.33978e-03 
 7.70000e+01  6.38902e-03 
 7.75000e+01  6.53558e-03 
 7.80000e+01  6.56882e-03 
 7.85000e+01  6.62821e-03 
 7.90000e+01  6.68305e-03 
 7.95000e+01  6.89912e-03 
 8.00000e+01  6.81784e-03 
 8.05000e+01  6.98719e-03 
 8.10000e+01  7.02103e-03 
 8.15000e+01  7.06349e-03 
 8.20000e+01  7.05047e-03 
 8.25000e+01  7.01673e-03 
 8.30000e+01  7.18274e-03 
 8.35000e+01  7.43201e-03 
 8.40000e+01  7.46066e-03 
 8.45000e+01  7.46806e-03 
 8.50000e+01  7.47115e-03 
 8.55000e+01  7.47034e-03 
 8.60000e+01  7.65926e-03 
 8.65000e+01  7.65681e-03 
 8.70000e+01  7.73258e-03 
 8.75000e+01  7.88627e-03 
 8.80000e+01  7.98102e-03 
 8.85000e+01  8.01635e-03 
 8.90000e+01  8.09026e-03 
 8.95000e+01  8.10106e-03 
 9.00000e+01  8.12487e-03 
 9.05000e+01  8.01777e-03 
 9.10000e+01  8.09738e-03 
 9.15000e+01  8.25005e-03 
 9.20000e+01  8.25058e-03 
 9.25000e+01  8.27524e-03 
 9.30000e+01  8.42305e-03 
 9.35000e+01  8.53722e-03 
 9.40000e+01  8.49987e-03 
 9.45000e+01  8.55035e-03 
 9.50000e+01  8.51254e-03 
 9.55000e+01  8.60701e-03 
 9.60000e+01  8.59690e-03 
 9.65000e+01  8.70935e-03 
 9.70000e+01  8.64126e-03 
 9.75000e+01  8.76841e-03 
 9.80000e+01  8.67852e-03 
 9.85000e+01  8.69542e-03 
 9.90000e+01  9.01118e-03 
 9.95000e+01  9.19083e-03 
 1.00000e+02  9.11538e-03 
 1.00500e+02  9.12340e-03 
 1.01000e+02  9.16009e-03 
 1.01500e+02  9.09279e-03 
 1.02000e+02  9.01862e-03 
 1.02500e+02  9.13328e-03 
 1.03000e+02  9.08822e-03 
 1.03500e+02  8.99187e-03 
 1.04000e+02  9.23437e-03 
 1.04500e+02  9.42342e-03 
 1.05000e+02  9.49947e-03 
 1.05500e+02  9.46967e-03 
 1.06000e+02  9.48054e-03 
 1.06500e+02  9.68101e-03 
 1.07000e+02  9.69506e-03 
 1.07500e+02  1.00519e-02 
 1.08000e+02  9.79007e-03 
 1.08500e+02  9.92603e-03 
 1.09000e+02  9.79102e-03 
 1.09500e+02  9.80635e-03 
 1.10000e+02  9.95646e-03 
 1.10500e+02  9.96021e-03 
 1.11000e+02  9.99359e-03 
 1.11500e+02  1.01317e-02 
 1.12000e+02  1.01123e-02 
 1.12500e+02  1.00800e-02 
 1.13000e+02  1.00701e-02 
 1.13500e+02  1.02233e-02 
 1.14000e+02  1.03471e-02 
 1.14500e+02  1.05703e-02 
 1.15000e+02  1.07004e-02 
 1.15500e+02  1.09087e-02 
 1.16000e+02  1.07844e-02 
 1.16500e+02  1.08649e-02 
 1.17000e+02  1.09742e-02 
 1.17500e+02  1.10985e-02 
 1.18000e+02  1.12997e-02 
 1.18500e+02  1.14965e-02 
 1.19000e+02  1.16498e-02 
 1.19500e+02  1.16035e-02 
 1.20000e+02  1.17504e-02 
 1.20500e+02  1.21556e-02 
 1.21000e+02  1.20163e-02 
 1.21500e+02  1.20583e-02 
 1.22000e+02  1.23324e-02 
 1.22500e+02  1.24962e-02 
 1.23000e+02  1.25336e-02 
 1.23500e+02  1.25444e-02 
 1.24000e+02  1.27905e-02 
 1.24500e+02  1.27502e-02 
 1.25000e+02  1.30289e-02 
 1.25500e+02  1.27555e-02 
 1.26000e+02  1.32883e-02 
 1.26500e+02  1.36286e-02 
 1.27000e+02  1.41200e-02 
 1.27500e+02  1.43001e-02 
 1.28000e+02  1.48269e-02 
 1.28500e+02  1.42733e-02 
 1.29000e+02  1.46615e-02 
 1.29500e+02  1.47842e-02 
 1.30000e+02  1.49897e-02 
 1.30500e+02  1.48365e-02 
 1.31000e+02  1.55988e-02 
 1.31500e+02  1.53808e-02 
 1.32000e+02  1.55460e-02 
 1.32500e+02  1.59816e-02 
 1.33000e+02  1.59917e-02 
 1.33500e+02  1.63148e-02 
 1.34000e+02  1.68617e-02 
 1.34500e+02  1.68332e-02 
 1.35000e+02  1.64835e-02 
 1.35500e+02  1.69595e-02 
 1.36000e+02  1.73158e-02 
 1.36500e+02  1.72111e-02 
 1.37000e+02  1.81220e-02 
 1.37500e+02  1.80705e-02 
 1.38000e+02  1.80951e-02 
 1.38500e+02  1.76178e-02 
 1.39000e+02  1.70072e-02 
 1.39500e+02  1.73652e-02 
 1.40000e+02  1.85080e-02 
 1.40500e+02  1.80966e-02 
 1.41000e+02  1.82054e-02 
 1.41500e+02  1.94103e-02 
 1.42000e+02  1.84645e-02 
 1.42500e+02  1.94088e-02 
 1.43000e+02  1.88963e-02 
 1.43500e+02  1.97566e-02 
 1.44000e+02  1.92065e-02 
 1.44500e+02  2.00068e-02 
 1.45000e+02  1.94980e-02 
 1.45500e+02  1.99371e-02 
 1.46000e+02  2.00744e-02 
 1.46500e+02  1.97640e-02 
 1.47000e+02  2.01438e-02 
 1.47500e+02  1.93068e-02 
 1.48000e+02  1.94506e-02 
 1.48500e+02  1.97170e-02 
 1.49000e+02  1.96186e-02 
 1.49500e+02  1.96832e-02 
 1.50000e+02  2.05782e-02 
 1.50500e+02  2.05034e-02 
 1.51000e+02  2.02795e-02 
 1.51500e+02  2.05091e-02 
 1.52000e+02  2.01572e-02 
 1.52500e+02  2.00175e-02 
 1.53000e+02  2.02735e-02 
 1.53500e+02  2.02275e-02 
 1.54000e+02  2.03541e-02 
 1.54500e+02  2.02544e-02 
 1.55000e+02  2.06740e-02 
 1.55500e+02  2.06151e-02 
 1.56000e+02  1.99948e-02 
 1.56500e+02  2.02570e-02 
 1.57000e+02  2.04888e-02 
 1.57500e+02  2.03440e-02 
 1.58000e+02  2.00456e-02 
 1.58500e+02  2.00792e-02 
 1.59000e+02  1.98103e-02 
 1.59500e+02  2.03004e-02 
 1.60000e+02  2.03368e-02 
 1.60500e+02  2.03231e-02 
 1.61000e+02  2.03078e-02 
 1.61500e+02  2.05318e-02 
 1.62000e+02  2.00892e-02 
 1.62500e+02  2.01619e-02 
 1.63000e+02  1.97140e-02 
 1.63500e+02  2.01028e-02 
 1.64000e+02  2.02119e-02 
 1.64500e+02  2.02761e-02 
 1.65000e+02  1.97132e-02 
 1.65500e+02  1.99254e-02 
 1.66000e+02  1.99399e-02 
 1.66500e+02  1.99817e-02 
 1.67000e+02  2.02005e-02 
 1.67500e+02  2.05265e-02 
 1.68000e+02  2.00791e-02 
 1.68500e+02  2.01782e-02 
 1.69000e+02  1.96439e-02 
 1.69500e+02  2.00052e-02 
 1.70000e+02  1.95222e-02 
 1.70500e+02  1.93258e-02 
 1.71000e+02  1.93117e-02 
 1.71500e+02  1.98896e-02 
 1.72000e+02  1.96319e-02 
 1.72500e+02  1.95104e-02 
 1.73000e+02  1.93756e-02 
 1.73500e+02  1.94554e-02 
 1.74000e+02  1.92330e-02 
 1.74500e+02  1.94728e-02 
 1.75000e+02  1.94811e-02 
 1.75500e+02  1.89900e-02 
 1.76000e+02  1.91710e-02 
 1.76500e+02  1.88314e-02 
 1.77000e+02  1.88791e-02 
 1.77500e+02  1.92977e-02 
 1.78000e+02  1.89834e-02 
 1.78500e+02  1.92984e-02 
 1.79000e+02  1.85239e-02 
 1.79500e+02  1.85645e-02 
 1.80000e+02  1.81636e-02 
 1.80500e+02  1.80819e-02 
 1.81000e+02  1.92274e-02 
 1.81500e+02  1.89850e-02 
 1.82000e+02  1.82513e-02 
 1.82500e+02  1.83056e-02 
 1.83000e+02  1.81714e-02 
 1.83500e+02  1.75251e-02 
 1.84000e+02  1.73190e-02 
 1.84500e+02  1.74466e-02 
 1.85000e+02  1.69130e-02 
 1.85500e+02  1.69967e-02 
 1.86000e+02  1.69262e-02 
 1.86500e+02  1.66347e-02 
 1.87000e+02  1.70428e-02 
 1.87500e+02  1.69249e-02 
 1.88000e+02  1.64451e-02 
 1.88500e+02  1.63219e-02 
 1.89000e+02  1.60912e-02 
 1.89500e+02  1.57472e-02 
 1.90000e+02  1.57422e-02 
 1.90500e+02  1.54229e-02 
 1.91000e+02  1.51196e-02 
 1.91500e+02  1.48642e-02 
 1.92000e+02  1.44114e-02 
 1.92500e+02  1.40399e-02 
 1.93000e+02  1.43745e-02 
 1.93500e+02  1.40469e-02 
 1.94000e+02  1.40678e-02 
 1.94500e+02  1.33494e-02 
 1.95000e+02  1.31036e-02 
 1.95500e+02  1.26167e-02 
 1.96000e+02  1.27932e-02 
 1.96500e+02  1.28861e-02 
 1.97000e+02  1.28548e-02 
 1.97500e+02  1.22614e-02 
 1.98000e+02  1.22152e-02 
 1.98500e+02  1.19408e-02 
 1.99000e+02  1.16906e-02 
 1.99500e+02  1.15575e-02 
 2.00000e+02  1.15861e-02 
 2.00500e+02  1.13655e-02 
 2.01000e+02  1.13419e-02 
 2.01500e+02  1.09402e-02 
 2.02000e+02  1.11026e-02 
 2.02500e+02  1.10671e-02 
 2.03000e+02  1.11175e-02 
 2.03500e+02  1.08839e-02 
 2.04000e+02  1.04819e-02 
 2.04500e+02  1.05080e-02 
 2.05000e+02  1.04319e-02 
 2.05500e+02  1.05133e-02 
 2.06000e+02  1.03339e-02 
 2.06500e+02  1.01021e-02 
 2.07000e+02  9.96388e-03 
 2.07500e+02  9.95660e-03 
 2.08000e+02  9.96065e-03 
 2.08500e+02  9.94153e-03 
 2.09000e+02  9.79435e-03 
 2.09500e+02  9.82717e-03 
 2.10000e+02  9.78741e-03 
 2.10500e+02  9.71944e-03 
 2.11000e+02  9.59212e-03 
 2.11500e+02  9.68107e-03 
 2.12000e+02  9.71921e-03 
 2.12500e+02  9.59734e-03 
 2.13000e+02  9.48527e-03 
 2.13500e+02  9.38655e-03 
 2.14000e+02  9.26731e-03 
 2.14500e+02  9.51911e-03 
 2.15000e+02  9.53586e-03 
 2.15500e+02  9.43839e-03 
 2.16000e+02  9.23445e-03 
 2.16500e+02  9.08279e-03 
 2.17000e+02  9.07708e-03 
 2.17500e+02  9.13730e-03 
 2.18000e+02  9.12621e-03 
 2.18500e+02  9.23015e-03 
 2.19000e+02  9.14327e-03 
 2.19500e+02  9.04998e-03 
 2.20000e+02  9.22394e-03 
 2.20500e+02  9.03617e-03 
 2.21000e+02  8.78882e-03 
 2.21500e+02  8.81755e-03 
 2.22000e+02  8.77446e-03 
 2.22500e+02  8.68646e-03 
 2.23000e+02  8.83198e-03 
 2.23500e+02  8.83396e-03 
 2.24000e+02  8.78095e-03 
 2.24500e+02  8.61938e-03 
 2.25000e+02  8.58813e-03 
 2.25500e+02  8.52061e-03 
 2.26000e+02  8.52501e-03 
 2.26500e+02  8.46861e-03 
 2.27000e+02  8.19398e-03 
 2.27500e+02  8.26050e-03 
 2.28000e+02  8.18895e-03 
 2.28500e+02  8.35269e-03 
 2.29000e+02  8.18687e-03 
 2.29500e+02  8.12455e-03 
 2.30000e+02  8.03641e-03 
 2.30500e+02  8.01740e-03 
 2.31000e+02  8.00869e-03 
 2.31500e+02  7.77468e-03 
 2.32000e+02  7.72342e-03 
 2.32500e+02  7.68092e-03 
 2.33000e+02  7.51278e-03 
 2.33500e+02  7.34505e-03 
 2.34000e+02  7.26730e-03 
 2.34500e+02  7.38061e-03 
 2.35000e+02  7.46602e-03 
 2.35500e+02  7.31097e-03 
 2.36000e+02  7.21050e-03 
 2.36500e+02  7.25639e-03 
 2.37000e+02  7.26703e-03 
 2.37500e+02  7.07019e-03 
 2.38000e+02  6.89716e-03 
 2.38500e+02  6.84985e-03 
 2.39000e+02  6.70965e-03 
 2.39500e+02  6.72577e-03 
 2.40000e+02  6.68330e-03 
 2.40500e+02  6.59819e-03 
 2.41000e+02  6.51003e-03 
 2.41500e+02  6.34848e-03 
 2.42000e+02  6.22902e-03 
 2.42500e+02  6.16964e-03 
 2.43000e+02  6.08304e-03 
 2.43500e+02  5.99084e-03 
 2.44000e+02  6.01230e-03 
 2.44500e+02  5.89984e-03 
 2.45000e+02  5.86635e-03 
 2.45500e+02  5.86682e-03 
 2.46000e+02  5.74700e-03 
 2.46500e+02  5.60583e-03 
 2.47000e+02  5.50292e-03 
 2.47500e+02  5.45618e-03 
 2.48000e+02  5.33885e-03 
 2.48500e+02  5.29253e-03 
 2.49000e+02  5.17636e-03 
 2.49500e+02  5.13164e-03 
 2.50000e+02  5.00716e-03 
 2.50500e+02  4.87991e-03 
 2.51000e+02  4.77748e-03 
 2.51500e+02  4.70126e-03 
 2.52000e+02  4.63070e-03 
 2.52500e+02  4.47903e-03 
 2.53000e+02  4.37957e-03 
 2.53500e+02  4.30764e-03 
 2.54000e+02  4.20675e-03 
 2.54500e+02  4.10186e-03 
 2.55000e+02  4.01678e-03 
 2.55500e+02  3.94781e-03 
 2.56000e+02  3.83488e-03 
 2.56500e+02  3.74000e-03 
 2.57000e+02  3.66459e-03 
 2.57500e+02  3.58823e-03 
 2.58000e+02  3.51324e-03 
 2.58500e+02  3.41962e-03 
 2.59000e+02  3.33739e-03 
 2.59500e+02  3.25514e-03 
 2.60000e+02  3.15310e-03 
 2.60500e+02  3.06110e-03 
 2.61000e+02  2.99164e-03 
 2.61500e+02  2.90185e-03 
 2.62000e+02  2.86366e-03 
 2.62500e+02  2.79890e-03 
 2.63000e+02  2.73654e-03 
 2.63500e+02  2.69115e-03 
 2.64000e+02  2.61757e-03 
 2.64500e+02  2.56070e-03 
 2.65000e+02  2.47424e-03 
 2.65500e+02  2.43254e-03 
 2.66000e+02  2.35654e-03 
 2.66500e+02  2.31284e-03 
 2.67000e+02  2.27234e-03 
 2.67500e+02  2.22113e-03 
 2.68000e+02  2.19125e-03 
 2.68500e+02  2.15179e-03 
 2.69000e+02  2.12731e-03 
 2.69500e+02  2.10125e-03 
 2.70000e+02  2.05146e-03 
 2.70500e+02  1.99917e-03 
 2.71000e+02  1.96848e-03 
 2.71500e+02  1.93283e-03 
 2.72000e+02  1.90327e-03 
 2.72500e+02  1.85980e-03 
 2.73000e+02  1.84274e-03 
 2.73500e+02  1.80983e-03 
 2.74000e+02  1.77767e-03 
 2.74500e+02  1.73237e-03 
 2.75000e+02  1.69416e-03 
 2.75500e+02  1.68275e-03 
 2.76000e+02  1.64897e-03 
 2.76500e+02  1.62190e-03 
 2.77000e+02  1.60237e-03 
 2.77500e+02  1.58158e-03 
 2.78000e+02  1.55286e-03 
 2.78500e+02  1.53062e-03 
 2.79000e+02  1.51788e-03 
 2.79500e+02  1.49351e-03 
 2.80000e+02  1.46698e-03 
 2.80500e+02  1.44458e-03 
 2.81000e+02  1.42658e-03 
 2.81500e+02  1.41521e-03 
 2.82000e+02  1.39577e-03 
 2.82500e+02  1.37685e-03 
 2.83000e+02  1.36610e-03 
 2.83500e+02  1.35434e-03 
 2.84000e+02  1.32212e-03 
 2.84500e+02  1.30351e-03 
 2.85000e+02  1.28470e-03 
 2.85500e+02  1.27310e-03 
 2.86000e+02  1.25262e-03 
 2.86500e+02  1.23368e-03 
 2.87000e+02  1.22316e-03 
 2.87500e+02  1.20839e-03 
 2.88000e+02  1.18775e-03 
 2.88500e+02  1.17670e-03 
 2.89000e+02  1.15995e-03 
 2.89500e+02  1.15148e-03 
 2.90000e+02  1.13671e-03 
 2.90500e+02  1.12174e-03 
 2.91000e+02  1.10744e-03 
 2.91500e+02  1.10245e-03 
 2.92000e+02  1.09962e-03 
 2.92500e+02  1.08025e-03 
 2.93000e+02  1.07161e-03 
 2.93500e+02  1.05759e-03 
 2.94000e+02  1.04048e-03 
 2.94500e+02  1.03918e-03 
 2.95000e+02  1.02941e-03 
 2.95500e+02  1.01302e-03 
 2.96000e+02  1.00890e-03 
 2.96500e+02  9.96808e-04 
 2.97000e+02  9.79768e-04 
 2.97500e+02  9.70952e-04 
 2.98000e+02  9.55352e-04 
 2.98500e+02  9.48832e-04 
 2.99000e+02  9.47944e-04 
 2.99500e+02  9.41992e-04 
 3.00000e+02  9.32408e-04 
 3.00500e+02  9.16264e-04 
 3.01000e+02  9.04992e-04 
 3.01500e+02  9.00696e-04 
 3.02000e+02  8.95776e-04 
 3.02500e+02  8.86648e-04 
 3.03000e+02  8.81136e-04 
 3.03500e+02  8.66464e-04 
 3.04000e+02  8.62560e-04 
 3.04500e+02  8.58032e-04 
 3.05000e+02  8.54280e-04 
 3.05500e+02  8.49488e-04 
 3.06000e+02  8.50384e-04 
 3.06500e+02  8.41000e-04 
 3.07000e+02  8.29616e-04 
 3.07500e+02  8.19880e-04 
 3.08000e+02  8.15864e-04 
 3.08500e+02  8.06504e-04 
 3.09000e+02  8.00376e-04 
 3.09500e+02  7.92688e-04 
 3.10000e+02  7.85048e-04 
 3.10500e+02  7.80664e-04 
 3.11000e+02  7.79096e-04 
 3.11500e+02  7.72768e-04 
 3.12000e+02  7.66672e-04 
 3.12500e+02  7.58368e-04 
 3.13000e+02  7.53616e-04 
 3.13500e+02  7.52680e-04 
 3.14000e+02  7.44824e-04 
 3.14500e+02  7.37568e-04 
 3.15000e+02  7.32488e-04 
 3.15500e+02  7.30288e-04 
 3.16000e+02  7.25520e-04 
 3.16500e+02  7.21800e-04 
 3.17000e+02  7.11184e-04 
 3.17500e+02  7.10984e-04 
 3.18000e+02  7.06088e-04 
 3.18500e+02  6.99872e-04 
 3.19000e+02  6.94184e-04 
 3.19500e+02  6.91480e-04 
