 0.00000e+00  7.03072e-04 
 5.00000e-01  7.10360e-04 
 1.00000e+00  7.18232e-04 
 1.50000e+00  7.16464e-04 
 2.00000e+00  7.22640e-04 
 2.50000e+00  7.24608e-04 
 3.00000e+00  7.29832e-04 
 3.50000e+00  7.31736e-04 
 4.00000e+00  7.41520e-04 
 4.50000e+00  7.46328e-04 
 5.00000e+00  7.53616e-04 
 5.50000e+00  7.57256e-04 
 6.00000e+00  7.61312e-04 
 6.50000e+00  7.65608e-04 
 7.00000e+00  7.70032e-04 
 7.50000e+00  7.78096e-04 
 8.00000e+00  7.82136e-04 
 8.50000e+00  7.87312e-04 
 9.00000e+00  7.96648e-04 
 9.50000e+00  8.01640e-04 
 1.00000e+01  8.08664e-04 
 1.05000e+01  8.08792e-04 
 1.10000e+01  8.15488e-04 
 1.15000e+01  8.19392e-04 
 1.20000e+01  8.23904e-04 
 1.25000e+01  8.33480e-04 
 1.30000e+01  8.43280e-04 
 1.35000e+01  8.53560e-04 
 1.40000e+01  8.55680e-04 
 1.45000e+01  8.60768e-04 
 1.50000e+01  8.74920e-04 
 1.55000e+01  8.76096e-04 
 1.60000e+01  8.83760e-04 
 1.65000e+01  8.91656e-04 
 1.70000e+01  9.04864e-04 
 1.75000e+01  9.08952e-04 
 1.80000e+01  9.17944e-04 
 1.85000e+01  9.27616e-04 
 1.90000e+01  9.31824e-04 
 1.95000e+01  9.42440e-04 
 2.00000e+01  9.47360e-04 
 2.05000e+01  9.63576e-04 
 2.10000e+01  9.65424e-04 
 2.15000e+01  9.82072e-04 
 2.20000e+01  9.98656e-04 
 2.25000e+01  1.00284e-03 
 2.30000e+01  1.01986e-03 
 2.35000e+01  1.02342e-03 
 2.40000e+01  1.04186e-03 
 2.45000e+01  1.04535e-03 
 2.50000e+01  1.04599e-03 
 2.55000e+01  1.05681e-03 
 2.60000e+01  1.06334e-03 
 2.65000e+01  1.08138e-03 
 2.70000e+01  1.09101e-03 
 2.75000e+01  1.10700e-03 
 2.80000e+01  1.10987e-03 
 2.85000e+01  1.12028e-03 
 2.90000e+01  1.13294e-03 
 2.95000e+01  1.15995e-03 
 3.00000e+01  1.15792e-03 
 3.05000e+01  1.17292e-03 
 3.10000e+01  1.18676e-03 
 3.15000e+01  1.20864e-03 
 3.20000e+01  1.22255e-03 
 3.25000e+01  1.22926e-03 
 3.30000e+01  1.23750e-03 
 3.35000e+01  1.26558e-03 
 3.40000e+01  1.28079e-03 
 3.45000e+01  1.29721e-03 
 3.50000e+01  1.31642e-03 
 3.55000e+01  1.32645e-03 
 3.60000e+01  1.34602e-03 
 3.65000e+01  1.36063e-03 
 3.70000e+01  1.37562e-03 
 3.75000e+01  1.38738e-03 
 3.80000e+01  1.39626e-03 
 3.85000e+01  1.42178e-03 
 3.90000e+01  1.44859e-03 
 3.95000e+01  1.47438e-03 
 4.00000e+01  1.49335e-03 
 4.05000e+01  1.50910e-03 
 4.10000e+01  1.53467e-03 
 4.15000e+01  1.56086e-03 
 4.20000e+01  1.58855e-03 
 4.25000e+01  1.61059e-03 
 4.30000e+01  1.64977e-03 
 4.35000e+01  1.66470e-03 
 4.40000e+01  1.70259e-03 
 4.45000e+01  1.71495e-03 
 4.50000e+01  1.73646e-03 
 4.55000e+01  1.76621e-03 
 4.60000e+01  1.80169e-03 
 4.65000e+01  1.82644e-03 
 4.70000e+01  1.85462e-03 
 4.75000e+01  1.89627e-03 
 4.80000e+01  1.93280e-03 
 4.85000e+01  1.95956e-03 
 4.90000e+01  2.01737e-03 
 4.95000e+01  2.04060e-03 
 5.00000e+01  2.09003e-03 
 5.05000e+01  2.11387e-03 
 5.10000e+01  2.16486e-03 
 5.15000e+01  2.21342e-03 
 5.20000e+01  2.25053e-03 
 5.25000e+01  2.30083e-03 
 5.30000e+01  2.32304e-03 
 5.35000e+01  2.38573e-03 
 5.40000e+01  2.46034e-03 
 5.45000e+01  2.48243e-03 
 5.50000e+01  2.56194e-03 
 5.55000e+01  2.61479e-03 
 5.60000e+01  2.66224e-03 
 5.65000e+01  2.72630e-03 
 5.70000e+01  2.80064e-03 
 5.75000e+01  2.82842e-03 
 5.80000e+01  2.89892e-03 
 5.85000e+01  2.96454e-03 
 5.90000e+01  3.05578e-03 
 5.95000e+01  3.13832e-03 
 6.00000e+01  3.19962e-03 
 6.05000e+01  3.26804e-03 
 6.10000e+01  3.34735e-03 
 6.15000e+01  3.45956e-03 
 6.20000e+01  3.52230e-03 
 6.25000e+01  3.62738e-03 
 6.30000e+01  3.72632e-03 
 6.35000e+01  3.80973e-03 
 6.40000e+01  3.87418e-03 
 6.45000e+01  3.97199e-03 
 6.50000e+01  4.07743e-03 
 6.55000e+01  4.20422e-03 
 6.60000e+01  4.32252e-03 
 6.65000e+01  4.42455e-03 
 6.70000e+01  4.49591e-03 
 6.75000e+01  4.58926e-03 
 6.80000e+01  4.70609e-03 
 6.85000e+01  4.78834e-03 
 6.90000e+01  4.90702e-03 
 6.95000e+01  5.00702e-03 
 7.00000e+01  5.17099e-03 
 7.05000e+01  5.20366e-03 
 7.10000e+01  5.38281e-03 
 7.15000e+01  5.45518e-03 
 7.20000e+01  5.53654e-03 
 7.25000e+01  5.59074e-03 
 7.30000e+01  5.66695e-03 
 7.35000e+01  5.78849e-03 
 7.40000e+01  5.83550e-03 
 7.45000e+01  5.99652e-03 
 7.50000e+01  6.05354e-03 
 7.55000e+01  6.15718e-03 
 7.60000e+01  6.25929e-03 
 7.65000e+01  6.31088e-03 
 7.70000e+01  6.39580e-03 
 7.75000e+01  6.40754e-03 
 7.80000e+01  6.50172e-03 
 7.85000e+01  6.54292e-03 
 7.90000e+01  6.75942e-03 
 7.95000e+01  6.87856e-03 
 8.00000e+01  6.75646e-03 
 8.05000e+01  6.94872e-03 
 8.10000e+01  7.00589e-03 
 8.15000e+01  7.20679e-03 
 8.20000e+01  7.25945e-03 
 8.25000e+01  7.19330e-03 
 8.30000e+01  7.36070e-03 
 8.35000e+01  7.34922e-03 
 8.40000e+01  7.48129e-03 
 8.45000e+01  7.48926e-03 
 8.50000e+01  7.53687e-03 
 8.55000e+01  7.64254e-03 
 8.60000e+01  7.80474e-03 
 8.65000e+01  7.76999e-03 
 8.70000e+01  7.80331e-03 
 8.75000e+01  7.96960e-03 
 8.80000e+01  8.08232e-03 
 8.85000e+01  8.10008e-03 
 8.90000e+01  8.11646e-03 
 8.95000e+01  7.95283e-03 
 9.00000e+01  8.16793e-03 
 9.05000e+01  8.13531e-03 
 9.10000e+01  8.09485e-03 
 9.15000e+01  8.09342e-03 
 9.20000e+01  8.24017e-03 
 9.25000e+01  8.27454e-03 
 9.30000e+01  8.49598e-03 
 9.35000e+01  8.59220e-03 
 9.40000e+01  8.55896e-03 
 9.45000e+01  8.51183e-03 
 9.50000e+01  8.53444e-03 
 9.55000e+01  8.47681e-03 
 9.60000e+01  8.60596e-03 
 9.65000e+01  8.72832e-03 
 9.70000e+01  8.70172e-03 
 9.75000e+01  8.78455e-03 
 9.80000e+01  9.05494e-03 
 9.85000e+01  8.83906e-03 
 9.90000e+01  8.79911e-03 
 9.95000e+01  9.09756e-03 
 1.00000e+02  8.97455e-03 
 1.00500e+02  8.87734e-03 
 1.01000e+02  8.92161e-03 
 1.01500e+02  9.17557e-03 
 1.02000e+02  9.21662e-03 
 1.02500e+02  9.18218e-03 
 1.03000e+02  9.26839e-03 
 1.03500e+02  9.38286e-03 
 1.04000e+02  9.25333e-03 
 1.04500e+02  9.36048e-03 
 1.05000e+02  9.28842e-03 
 1.05500e+02  9.53512e-03 
 1.06000e+02  9.45630e-03 
 1.06500e+02  9.51400e-03 
 1.07000e+02  9.50873e-03 
 1.07500e+02  9.71010e-03 
 1.08000e+02  9.67414e-03 
 1.08500e+02  9.65598e-03 
 1.09000e+02  9.63108e-03 
 1.09500e+02  9.79770e-03 
 1.10000e+02  9.76413e-03 
 1.10500e+02  1.00040e-02 
 1.11000e+02  1.00659e-02 
 1.11500e+02  1.00266e-02 
 1.12000e+02  9.81413e-03 
 1.12500e+02  9.89819e-03 
 1.13000e+02  1.01180e-02 
 1.13500e+02  1.02628e-02 
 1.14000e+02  1.03429e-02 
 1.14500e+02  1.02515e-02 
 1.15000e+02  1.08134e-02 
 1.15500e+02  1.06123e-02 
 1.16000e+02  1.08232e-02 
 1.16500e+02  1.07237e-02 
 1.17000e+02  1.06294e-02 
 1.17500e+02  1.06875e-02 
 1.18000e+02  1.06385e-02 
 1.18500e+02  1.10878e-02 
 1.19000e+02  1.14779e-02 
 1.19500e+02  1.14823e-02 
 1.20000e+02  1.16074e-02 
 1.20500e+02  1.17889e-02 
 1.21000e+02  1.17520e-02 
 1.21500e+02  1.18715e-02 
 1.22000e+02  1.22824e-02 
 1.22500e+02  1.27134e-02 
 1.23000e+02  1.26591e-02 
 1.23500e+02  1.27371e-02 
 1.24000e+02  1.30609e-02 
 1.24500e+02  1.30774e-02 
 1.25000e+02  1.31326e-02 
 1.25500e+02  1.34827e-02 
 1.26000e+02  1.37928e-02 
 1.26500e+02  1.36192e-02 
 1.27000e+02  1.40461e-02 
 1.27500e+02  1.41544e-02 
 1.28000e+02  1.41487e-02 
 1.28500e+02  1.42310e-02 
 1.29000e+02  1.48236e-02 
 1.29500e+02  1.47462e-02 
 1.30000e+02  1.55225e-02 
 1.30500e+02  1.53525e-02 
 1.31000e+02  1.57216e-02 
 1.31500e+02  1.63354e-02 
 1.32000e+02  1.63837e-02 
 1.32500e+02  1.54878e-02 
 1.33000e+02  1.55242e-02 
 1.33500e+02  1.63929e-02 
 1.34000e+02  1.67764e-02 
 1.34500e+02  1.65678e-02 
 1.35000e+02  1.69954e-02 
 1.35500e+02  1.68862e-02 
 1.36000e+02  1.71259e-02 
 1.36500e+02  1.69980e-02 
 1.37000e+02  1.71528e-02 
 1.37500e+02  1.74317e-02 
 1.38000e+02  1.78295e-02 
 1.38500e+02  1.80318e-02 
 1.39000e+02  1.80750e-02 
 1.39500e+02  1.84327e-02 
 1.40000e+02  1.83394e-02 
 1.40500e+02  1.86337e-02 
 1.41000e+02  1.89492e-02 
 1.41500e+02  1.97727e-02 
 1.42000e+02  1.88943e-02 
 1.42500e+02  1.98700e-02 
 1.43000e+02  1.97505e-02 
 1.43500e+02  2.03070e-02 
 1.44000e+02  1.99691e-02 
 1.44500e+02  1.98924e-02 
 1.45000e+02  1.93975e-02 
 1.45500e+02  1.95517e-02 
 1.46000e+02  1.94946e-02 
 1.46500e+02  2.00063e-02 
 1.47000e+02  1.98821e-02 
 1.47500e+02  1.96965e-02 
 1.48000e+02  1.95584e-02 
 1.48500e+02  2.02239e-02 
 1.49000e+02  2.01264e-02 
 1.49500e+02  1.97501e-02 
 1.50000e+02  2.00272e-02 
 1.50500e+02  2.05293e-02 
 1.51000e+02  2.04989e-02 
 1.51500e+02  2.02166e-02 
 1.52000e+02  2.00402e-02 
 1.52500e+02  2.03144e-02 
 1.53000e+02  2.01421e-02 
 1.53500e+02  2.05338e-02 
 1.54000e+02  2.02382e-02 
 1.54500e+02  2.02090e-02 
 1.55000e+02  2.02751e-02 
 1.55500e+02  2.05924e-02 
 1.56000e+02  2.07520e-02 
 1.56500e+02  2.02890e-02 
 1.57000e+02  2.06518e-02 
 1.57500e+02  2.00720e-02 
 1.58000e+02  2.06448e-02 
 1.58500e+02  2.05597e-02 
 1.59000e+02  2.06798e-02 
 1.59500e+02  2.03894e-02 
 1.60000e+02  2.04610e-02 
 1.60500e+02  2.04775e-02 
 1.61000e+02  1.97516e-02 
 1.61500e+02  2.01721e-02 
 1.62000e+02  2.08000e-02 
 1.62500e+02  2.00653e-02 
 1.63000e+02  2.04329e-02 
 1.63500e+02  2.03794e-02 
 1.64000e+02  2.06428e-02 
 1.64500e+02  2.05112e-02 
 1.65000e+02  1.96762e-02 
 1.65500e+02  2.03921e-02 
 1.66000e+02  2.00129e-02 
 1.66500e+02  1.98125e-02 
 1.67000e+02  2.01923e-02 
 1.67500e+02  2.07669e-02 
 1.68000e+02  2.00904e-02 
 1.68500e+02  2.00381e-02 
 1.69000e+02  2.03549e-02 
 1.69500e+02  1.99326e-02 
 1.70000e+02  2.02800e-02 
 1.70500e+02  2.01994e-02 
 1.71000e+02  1.99772e-02 
 1.71500e+02  2.02080e-02 
 1.72000e+02  2.04433e-02 
 1.72500e+02  2.03077e-02 
 1.73000e+02  2.02712e-02 
 1.73500e+02  1.91719e-02 
 1.74000e+02  1.92772e-02 
 1.74500e+02  1.89887e-02 
 1.75000e+02  1.86182e-02 
 1.75500e+02  1.91690e-02 
 1.76000e+02  1.91047e-02 
 1.76500e+02  1.86403e-02 
 1.77000e+02  1.91990e-02 
 1.77500e+02  1.90506e-02 
 1.78000e+02  1.87797e-02 
 1.78500e+02  1.86143e-02 
 1.79000e+02  1.85257e-02 
 1.79500e+02  1.86414e-02 
 1.80000e+02  1.83404e-02 
 1.80500e+02  1.90360e-02 
 1.81000e+02  1.86646e-02 
 1.81500e+02  1.82866e-02 
 1.82000e+02  1.79572e-02 
 1.82500e+02  1.75680e-02 
 1.83000e+02  1.79087e-02 
 1.83500e+02  1.73365e-02 
 1.84000e+02  1.77988e-02 
 1.84500e+02  1.70264e-02 
 1.85000e+02  1.69068e-02 
 1.85500e+02  1.67976e-02 
 1.86000e+02  1.69904e-02 
 1.86500e+02  1.70605e-02 
 1.87000e+02  1.67328e-02 
 1.87500e+02  1.66737e-02 
 1.88000e+02  1.61489e-02 
 1.88500e+02  1.63572e-02 
 1.89000e+02  1.58690e-02 
 1.89500e+02  1.60504e-02 
 1.90000e+02  1.59644e-02 
 1.90500e+02  1.60371e-02 
 1.91000e+02  1.58716e-02 
 1.91500e+02  1.58560e-02 
 1.92000e+02  1.56623e-02 
 1.92500e+02  1.46500e-02 
 1.93000e+02  1.47066e-02 
 1.93500e+02  1.43484e-02 
 1.94000e+02  1.41208e-02 
 1.94500e+02  1.36804e-02 
 1.95000e+02  1.35181e-02 
 1.95500e+02  1.35138e-02 
 1.96000e+02  1.34583e-02 
 1.96500e+02  1.32952e-02 
 1.97000e+02  1.30451e-02 
 1.97500e+02  1.27364e-02 
 1.98000e+02  1.25897e-02 
 1.98500e+02  1.21633e-02 
 1.99000e+02  1.21820e-02 
 1.99500e+02  1.20198e-02 
 2.00000e+02  1.20212e-02 
 2.00500e+02  1.16505e-02 
 2.01000e+02  1.18204e-02 
 2.01500e+02  1.14930e-02 
 2.02000e+02  1.10052e-02 
 2.02500e+02  1.08609e-02 
 2.03000e+02  1.10649e-02 
 2.03500e+02  1.10020e-02 
 2.04000e+02  1.07855e-02 
 2.04500e+02  1.08116e-02 
 2.05000e+02  1.07082e-02 
 2.05500e+02  1.04546e-02 
 2.06000e+02  1.02078e-02 
 2.06500e+02  1.04736e-02 
 2.07000e+02  1.00383e-02 
 2.07500e+02  1.01129e-02 
 2.08000e+02  1.00727e-02 
 2.08500e+02  1.04048e-02 
 2.09000e+02  1.01360e-02 
 2.09500e+02  1.00032e-02 
 2.10000e+02  9.88953e-03 
 2.10500e+02  9.89189e-03 
 2.11000e+02  9.88778e-03 
 2.11500e+02  9.60717e-03 
 2.12000e+02  9.72826e-03 
 2.12500e+02  9.54846e-03 
 2.13000e+02  9.49541e-03 
 2.13500e+02  9.64009e-03 
 2.14000e+02  9.32265e-03 
 2.14500e+02  9.26402e-03 
 2.15000e+02  9.56139e-03 
 2.15500e+02  9.32251e-03 
 2.16000e+02  9.51989e-03 
 2.16500e+02  9.35884e-03 
 2.17000e+02  8.99931e-03 
 2.17500e+02  9.20756e-03 
 2.18000e+02  9.26204e-03 
 2.18500e+02  9.24674e-03 
 2.19000e+02  9.03182e-03 
 2.19500e+02  8.96870e-03 
 2.20000e+02  9.05554e-03 
 2.20500e+02  9.11578e-03 
 2.21000e+02  9.00578e-03 
 2.21500e+02  8.80372e-03 
 2.22000e+02  8.68084e-03 
 2.22500e+02  8.88930e-03 
 2.23000e+02  8.87833e-03 
 2.23500e+02  8.72504e-03 
 2.24000e+02  8.54475e-03 
 2.24500e+02  8.57670e-03 
 2.25000e+02  8.55934e-03 
 2.25500e+02  8.45958e-03 
 2.26000e+02  8.62800e-03 
 2.26500e+02  8.56907e-03 
 2.27000e+02  8.26426e-03 
 2.27500e+02  8.36145e-03 
 2.28000e+02  8.24483e-03 
 2.28500e+02  8.35303e-03 
 2.29000e+02  8.32266e-03 
 2.29500e+02  8.05223e-03 
 2.30000e+02  7.95996e-03 
 2.30500e+02  7.80242e-03 
 2.31000e+02  7.73960e-03 
 2.31500e+02  7.65904e-03 
 2.32000e+02  7.78026e-03 
 2.32500e+02  7.63522e-03 
 2.33000e+02  7.54996e-03 
 2.33500e+02  7.43856e-03 
 2.34000e+02  7.55144e-03 
 2.34500e+02  7.40478e-03 
 2.35000e+02  7.46742e-03 
 2.35500e+02  7.23984e-03 
 2.36000e+02  7.26059e-03 
 2.36500e+02  7.26002e-03 
 2.37000e+02  7.20953e-03 
 2.37500e+02  7.04226e-03 
 2.38000e+02  6.85042e-03 
 2.38500e+02  6.92906e-03 
 2.39000e+02  6.81279e-03 
 2.39500e+02  6.83503e-03 
 2.40000e+02  6.80245e-03 
 2.40500e+02  6.79021e-03 
 2.41000e+02  6.68909e-03 
 2.41500e+02  6.63474e-03 
 2.42000e+02  6.49383e-03 
 2.42500e+02  6.37955e-03 
 2.43000e+02  6.26643e-03 
 2.43500e+02  6.24478e-03 
 2.44000e+02  6.16928e-03 
 2.44500e+02  5.92227e-03 
 2.45000e+02  5.83706e-03 
 2.45500e+02  5.81064e-03 
 2.46000e+02  5.77740e-03 
 2.46500e+02  5.68354e-03 
 2.47000e+02  5.58095e-03 
 2.47500e+02  5.48504e-03 
 2.48000e+02  5.38172e-03 
 2.48500e+02  5.34708e-03 
 2.49000e+02  5.21322e-03 
 2.49500e+02  5.12888e-03 
 2.50000e+02  5.01033e-03 
 2.50500e+02  4.84938e-03 
 2.51000e+02  4.75588e-03 
 2.51500e+02  4.67280e-03 
 2.52000e+02  4.63145e-03 
 2.52500e+02  4.50445e-03 
 2.53000e+02  4.38926e-03 
 2.53500e+02  4.34274e-03 
 2.54000e+02  4.20418e-03 
 2.54500e+02  4.10785e-03 
 2.55000e+02  4.01626e-03 
 2.55500e+02  3.92254e-03 
 2.56000e+02  3.86470e-03 
 2.56500e+02  3.75854e-03 
 2.57000e+02  3.68071e-03 
 2.57500e+02  3.60004e-03 
 2.58000e+02  3.51387e-03 
 2.58500e+02  3.39897e-03 
 2.59000e+02  3.32943e-03 
 2.59500e+02  3.22554e-03 
 2.60000e+02  3.16611e-03 
 2.60500e+02  3.07867e-03 
 2.61000e+02  3.01190e-03 
 2.61500e+02  2.93183e-03 
 2.62000e+02  2.86970e-03 
 2.62500e+02  2.78402e-03 
 2.63000e+02  2.74942e-03 
 2.63500e+02  2.68166e-03 
 2.64000e+02  2.60472e-03 
 2.64500e+02  2.55480e-03 
 2.65000e+02  2.50003e-03 
 2.65500e+02  2.45525e-03 
 2.66000e+02  2.38163e-03 
 2.66500e+02  2.33702e-03 
 2.67000e+02  2.30688e-03 
 2.67500e+02  2.25262e-03 
 2.68000e+02  2.21655e-03 
 2.68500e+02  2.16324e-03 
 2.69000e+02  2.10851e-03 
 2.69500e+02  2.09134e-03 
 2.70000e+02  2.06497e-03 
 2.70500e+02  2.01930e-03 
 2.71000e+02  1.97195e-03 
 2.71500e+02  1.92216e-03 
 2.72000e+02  1.88565e-03 
 2.72500e+02  1.86716e-03 
 2.73000e+02  1.82976e-03 
 2.73500e+02  1.79409e-03 
 2.74000e+02  1.76129e-03 
 2.74500e+02  1.74036e-03 
 2.75000e+02  1.71346e-03 
 2.75500e+02  1.68929e-03 
 2.76000e+02  1.65562e-03 
 2.76500e+02  1.63236e-03 
 2.77000e+02  1.59894e-03 
 2.77500e+02  1.57713e-03 
 2.78000e+02  1.54310e-03 
 2.78500e+02  1.52678e-03 
 2.79000e+02  1.49626e-03 
 2.79500e+02  1.47538e-03 
 2.80000e+02  1.45293e-03 
 2.80500e+02  1.42744e-03 
 2.81000e+02  1.41952e-03 
 2.81500e+02  1.40007e-03 
 2.82000e+02  1.38028e-03 
 2.82500e+02  1.37414e-03 
 2.83000e+02  1.35386e-03 
 2.83500e+02  1.34086e-03 
 2.84000e+02  1.31586e-03 
 2.84500e+02  1.30099e-03 
 2.85000e+02  1.28626e-03 
 2.85500e+02  1.27395e-03 
 2.86000e+02  1.26053e-03 
 2.86500e+02  1.23400e-03 
 2.87000e+02  1.23580e-03 
 2.87500e+02  1.22443e-03 
 2.88000e+02  1.21781e-03 
 2.88500e+02  1.19281e-03 
 2.89000e+02  1.17777e-03 
 2.89500e+02  1.16871e-03 
 2.90000e+02  1.15801e-03 
 2.90500e+02  1.14515e-03 
 2.91000e+02  1.12765e-03 
 2.91500e+02  1.11273e-03 
 2.92000e+02  1.10459e-03 
 2.92500e+02  1.09351e-03 
 2.93000e+02  1.08504e-03 
 2.93500e+02  1.06968e-03 
 2.94000e+02  1.05486e-03 
 2.94500e+02  1.04963e-03 
 2.95000e+02  1.03586e-03 
 2.95500e+02  1.02325e-03 
 2.96000e+02  1.01331e-03 
 2.96500e+02  1.00231e-03 
 2.97000e+02  9.95864e-04 
 2.97500e+02  9.83624e-04 
 2.98000e+02  9.78184e-04 
 2.98500e+02  9.72984e-04 
 2.99000e+02  9.68664e-04 
 2.99500e+02  9.59480e-04 
 3.00000e+02  9.45384e-04 
 3.00500e+02  9.34920e-04 
 3.01000e+02  9.23472e-04 
 3.01500e+02  9.14576e-04 
 3.02000e+02  9.10800e-04 
 3.02500e+02  9.02600e-04 
 3.03000e+02  8.93752e-04 
 3.03500e+02  8.83192e-04 
 3.04000e+02  8.72568e-04 
 3.04500e+02  8.63952e-04 
 3.05000e+02  8.62168e-04 
 3.05500e+02  8.54608e-04 
 3.06000e+02  8.52920e-04 
 3.06500e+02  8.42200e-04 
 3.07000e+02  8.34520e-04 
 3.07500e+02  8.33328e-04 
 3.08000e+02  8.19048e-04 
 3.08500e+02  8.18664e-04 
 3.09000e+02  8.13384e-04 
 3.09500e+02  8.02304e-04 
 3.10000e+02  8.01320e-04 
 3.10500e+02  7.92872e-04 
 3.11000e+02  7.81016e-04 
 3.11500e+02  7.73464e-04 
 3.12000e+02  7.65672e-04 
 3.12500e+02  7.65520e-04 
 3.13000e+02  7.60992e-04 
 3.13500e+02  7.55440e-04 
 3.14000e+02  7.47440e-04 
 3.14500e+02  7.43920e-04 
 3.15000e+02  7.42200e-04 
 3.15500e+02  7.36064e-04 
 3.16000e+02  7.28888e-04 
 3.16500e+02  7.29128e-04 
 3.17000e+02  7.23712e-04 
 3.17500e+02  7.20328e-04 
 3.18000e+02  7.15512e-04 
 3.18500e+02  7.10448e-04 
 3.19000e+02  7.01304e-04 
 3.19500e+02  6.91664e-04 
