 0.00000e+00  6.95696e-04 
 5.00000e-01  6.95456e-04 
 1.00000e+00  6.99808e-04 
 1.50000e+00  7.02360e-04 
 2.00000e+00  7.12424e-04 
 2.50000e+00  7.20256e-04 
 3.00000e+00  7.23592e-04 
 3.50000e+00  7.30448e-04 
 4.00000e+00  7.33368e-04 
 4.50000e+00  7.38056e-04 
 5.00000e+00  7.41064e-04 
 5.50000e+00  7.45368e-04 
 6.00000e+00  7.48840e-04 
 6.50000e+00  7.54160e-04 
 7.00000e+00  7.55368e-04 
 7.50000e+00  7.63360e-04 
 8.00000e+00  7.67032e-04 
 8.50000e+00  7.72120e-04 
 9.00000e+00  7.76784e-04 
 9.50000e+00  7.86704e-04 
 1.00000e+01  7.99648e-04 
 1.05000e+01  8.01512e-04 
 1.10000e+01  8.15760e-04 
 1.15000e+01  8.22104e-04 
 1.20000e+01  8.27064e-04 
 1.25000e+01  8.24808e-04 
 1.30000e+01  8.33280e-04 
 1.35000e+01  8.42608e-04 
 1.40000e+01  8.48256e-04 
 1.45000e+01  8.59096e-04 
 1.50000e+01  8.68576e-04 
 1.55000e+01  8.79848e-04 
 1.60000e+01  8.83000e-04 
 1.65000e+01  8.89000e-04 
 1.70000e+01  9.02376e-04 
 1.75000e+01  9.05120e-04 
 1.80000e+01  9.12600e-04 
 1.85000e+01  9.19032e-04 
 1.90000e+01  9.23864e-04 
 1.95000e+01  9.31120e-04 
 2.00000e+01  9.44080e-04 
 2.05000e+01  9.57864e-04 
 2.10000e+01  9.67328e-04 
 2.15000e+01  9.74800e-04 
 2.20000e+01  9.82080e-04 
 2.25000e+01  9.94528e-04 
 2.30000e+01  1.00135e-03 
 2.35000e+01  1.01106e-03 
 2.40000e+01  1.01913e-03 
 2.45000e+01  1.03431e-03 
 2.50000e+01  1.04592e-03 
 2.55000e+01  1.05257e-03 
 2.60000e+01  1.05871e-03 
 2.65000e+01  1.07482e-03 
 2.70000e+01  1.07669e-03 
 2.75000e+01  1.10126e-03 
 2.80000e+01  1.11270e-03 
 2.85000e+01  1.13035e-03 
 2.90000e+01  1.14526e-03 
 2.95000e+01  1.15353e-03 
 3.00000e+01  1.16039e-03 
 3.05000e+01  1.17890e-03 
 3.10000e+01  1.19614e-03 
 3.15000e+01  1.20562e-03 
 3.20000e+01  1.22302e-03 
 3.25000e+01  1.23621e-03 
 3.30000e+01  1.25222e-03 
 3.35000e+01  1.26090e-03 
 3.40000e+01  1.27088e-03 
 3.45000e+01  1.29366e-03 
 3.50000e+01  1.30761e-03 
 3.55000e+01  1.33093e-03 
 3.60000e+01  1.34035e-03 
 3.65000e+01  1.36474e-03 
 3.70000e+01  1.38841e-03 
 3.75000e+01  1.40811e-03 
 3.80000e+01  1.43169e-03 
 3.85000e+01  1.43667e-03 
 3.90000e+01  1.45902e-03 
 3.95000e+01  1.46714e-03 
 4.00000e+01  1.48634e-03 
 4.05000e+01  1.51809e-03 
 4.10000e+01  1.53749e-03 
 4.15000e+01  1.56636e-03 
 4.20000e+01  1.59254e-03 
 4.25000e+01  1.61370e-03 
 4.30000e+01  1.63538e-03 
 4.35000e+01  1.66886e-03 
 4.40000e+01  1.70832e-03 
 4.45000e+01  1.73402e-03 
 4.50000e+01  1.76318e-03 
 4.55000e+01  1.79075e-03 
 4.60000e+01  1.83514e-03 
 4.65000e+01  1.85582e-03 
 4.70000e+01  1.90082e-03 
 4.75000e+01  1.90825e-03 
 4.80000e+01  1.95542e-03 
 4.85000e+01  1.99927e-03 
 4.90000e+01  2.03734e-03 
 4.95000e+01  2.06796e-03 
 5.00000e+01  2.11213e-03 
 5.05000e+01  2.13485e-03 
 5.10000e+01  2.17689e-03 
 5.15000e+01  2.21773e-03 
 5.20000e+01  2.28323e-03 
 5.25000e+01  2.32586e-03 
 5.30000e+01  2.37282e-03 
 5.35000e+01  2.43064e-03 
 5.40000e+01  2.47692e-03 
 5.45000e+01  2.54204e-03 
 5.50000e+01  2.62733e-03 
 5.55000e+01  2.67450e-03 
 5.60000e+01  2.71219e-03 
 5.65000e+01  2.76834e-03 
 5.70000e+01  2.83853e-03 
 5.75000e+01  2.88218e-03 
 5.80000e+01  2.98042e-03 
 5.85000e+01  3.05256e-03 
 5.90000e+01  3.12964e-03 
 5.95000e+01  3.19914e-03 
 6.00000e+01  3.27941e-03 
 6.05000e+01  3.35331e-03 
 6.10000e+01  3.43519e-03 
 6.15000e+01  3.51547e-03 
 6.20000e+01  3.58168e-03 
 6.25000e+01  3.64498e-03 
 6.30000e+01  3.77014e-03 
 6.35000e+01  3.87850e-03 
 6.40000e+01  3.96584e-03 
 6.45000e+01  4.03077e-03 
 6.50000e+01  4.09471e-03 
 6.55000e+01  4.22620e-03 
 6.60000e+01  4.38155e-03 
 6.65000e+01  4.49337e-03 
 6.70000e+01  4.56013e-03 
 6.75000e+01  4.64710e-03 
 6.80000e+01  4.78223e-03 
 6.85000e+01  4.93506e-03 
 6.90000e+01  5.01838e-03 
 6.95000e+01  5.08755e-03 
 7.00000e+01  5.26423e-03 
 7.05000e+01  5.29506e-03 
 7.10000e+01  5.39282e-03 
 7.15000e+01  5.41122e-03 
 7.20000e+01  5.43914e-03 
 7.25000e+01  5.54568e-03 
 7.30000e+01  5.58593e-03 
 7.35000e+01  5.72625e-03 
 7.40000e+01  5.87625e-03 
 7.45000e+01  5.94363e-03 
 7.50000e+01  6.00853e-03 
 7.55000e+01  6.11973e-03 
 7.60000e+01  6.19676e-03 
 7.65000e+01  6.28720e-03 
 7.70000e+01  6.48054e-03 
 7.75000e+01  6.53553e-03 
 7.80000e+01  6.48862e-03 
 7.85000e+01  6.55250e-03 
 7.90000e+01  6.67030e-03 
 7.95000e+01  6.84264e-03 
 8.00000e+01  6.88018e-03 
 8.05000e+01  6.96226e-03 
 8.10000e+01  7.08811e-03 
 8.15000e+01  7.14247e-03 
 8.20000e+01  7.14306e-03 
 8.25000e+01  7.00871e-03 
 8.30000e+01  7.05237e-03 
 8.35000e+01  7.22451e-03 
 8.40000e+01  7.26698e-03 
 8.45000e+01  7.46929e-03 
 8.50000e+01  7.52880e-03 
 8.55000e+01  7.55174e-03 
 8.60000e+01  7.60967e-03 
 8.65000e+01  7.74116e-03 
 8.70000e+01  7.64338e-03 
 8.75000e+01  7.74802e-03 
 8.80000e+01  7.71288e-03 
 8.85000e+01  7.87398e-03 
 8.90000e+01  7.90606e-03 
 8.95000e+01  8.07065e-03 
 9.00000e+01  8.22338e-03 
 9.05000e+01  7.97166e-03 
 9.10000e+01  8.10852e-03 
 9.15000e+01  8.23490e-03 
 9.20000e+01  8.17853e-03 
 9.25000e+01  8.17153e-03 
 9.30000e+01  8.25119e-03 
 9.35000e+01  8.57553e-03 
 9.40000e+01  8.55077e-03 
 9.45000e+01  8.51959e-03 
 9.50000e+01  8.64918e-03 
 9.55000e+01  8.43912e-03 
 9.60000e+01  8.51001e-03 
 9.65000e+01  8.62578e-03 
 9.70000e+01  8.69679e-03 
 9.75000e+01  8.58773e-03 
 9.80000e+01  8.91314e-03 
 9.85000e+01  8.89344e-03 
 9.90000e+01  8.90574e-03 
 9.95000e+01  8.98744e-03 
 1.00000e+02  9.07211e-03 
 1.00500e+02  8.94449e-03 
 1.01000e+02  9.02148e-03 
 1.01500e+02  9.01790e-03 
 1.02000e+02  9.02285e-03 
 1.02500e+02  9.31222e-03 
 1.03000e+02  9.28914e-03 
 1.03500e+02  9.17390e-03 
 1.04000e+02  9.25346e-03 
 1.04500e+02  9.22279e-03 
 1.05000e+02  9.42696e-03 
 1.05500e+02  9.34607e-03 
 1.06000e+02  9.41752e-03 
 1.06500e+02  9.40758e-03 
 1.07000e+02  9.77483e-03 
 1.07500e+02  9.63266e-03 
 1.08000e+02  9.48298e-03 
 1.08500e+02  9.34960e-03 
 1.09000e+02  9.49479e-03 
 1.09500e+02  9.60697e-03 
 1.10000e+02  9.56972e-03 
 1.10500e+02  9.71782e-03 
 1.11000e+02  9.88627e-03 
 1.11500e+02  9.88504e-03 
 1.12000e+02  9.91750e-03 
 1.12500e+02  1.00834e-02 
 1.13000e+02  1.00316e-02 
 1.13500e+02  1.02491e-02 
 1.14000e+02  9.87150e-03 
 1.14500e+02  1.00592e-02 
 1.15000e+02  1.02234e-02 
 1.15500e+02  1.02865e-02 
 1.16000e+02  1.04784e-02 
 1.16500e+02  1.06270e-02 
 1.17000e+02  1.09811e-02 
 1.17500e+02  1.10692e-02 
 1.18000e+02  1.09342e-02 
 1.18500e+02  1.11458e-02 
 1.19000e+02  1.15633e-02 
 1.19500e+02  1.15170e-02 
 1.20000e+02  1.13692e-02 
 1.20500e+02  1.14945e-02 
 1.21000e+02  1.17518e-02 
 1.21500e+02  1.19607e-02 
 1.22000e+02  1.20705e-02 
 1.22500e+02  1.22204e-02 
 1.23000e+02  1.26233e-02 
 1.23500e+02  1.26892e-02 
 1.24000e+02  1.26787e-02 
 1.24500e+02  1.30546e-02 
 1.25000e+02  1.32428e-02 
 1.25500e+02  1.35697e-02 
 1.26000e+02  1.37999e-02 
 1.26500e+02  1.40565e-02 
 1.27000e+02  1.41983e-02 
 1.27500e+02  1.40661e-02 
 1.28000e+02  1.42786e-02 
 1.28500e+02  1.47826e-02 
 1.29000e+02  1.48105e-02 
 1.29500e+02  1.50024e-02 
 1.30000e+02  1.53255e-02 
 1.30500e+02  1.52337e-02 
 1.31000e+02  1.51268e-02 
 1.31500e+02  1.57229e-02 
 1.32000e+02  1.58428e-02 
 1.32500e+02  1.57421e-02 
 1.33000e+02  1.59826e-02 
 1.33500e+02  1.65307e-02 
 1.34000e+02  1.65437e-02 
 1.34500e+02  1.70750e-02 
 1.35000e+02  1.70435e-02 
 1.35500e+02  1.72123e-02 
 1.36000e+02  1.79108e-02 
 1.36500e+02  1.76179e-02 
 1.37000e+02  1.75028e-02 
 1.37500e+02  1.75316e-02 
 1.38000e+02  1.78356e-02 
 1.38500e+02  1.75513e-02 
 1.39000e+02  1.76559e-02 
 1.39500e+02  1.84308e-02 
 1.40000e+02  1.85257e-02 
 1.40500e+02  1.88539e-02 
 1.41000e+02  1.89703e-02 
 1.41500e+02  1.87953e-02 
 1.42000e+02  1.89328e-02 
 1.42500e+02  1.91902e-02 
 1.43000e+02  1.89399e-02 
 1.43500e+02  1.87346e-02 
 1.44000e+02  1.88934e-02 
 1.44500e+02  1.86104e-02 
 1.45000e+02  1.96198e-02 
 1.45500e+02  1.90595e-02 
 1.46000e+02  1.93446e-02 
 1.46500e+02  1.95158e-02 
 1.47000e+02  1.94637e-02 
 1.47500e+02  1.98390e-02 
 1.48000e+02  1.98105e-02 
 1.48500e+02  1.96403e-02 
 1.49000e+02  1.95270e-02 
 1.49500e+02  1.96749e-02 
 1.50000e+02  1.99390e-02 
 1.50500e+02  2.02663e-02 
 1.51000e+02  2.02541e-02 
 1.51500e+02  2.05294e-02 
 1.52000e+02  2.01415e-02 
 1.52500e+02  2.03743e-02 
 1.53000e+02  2.05951e-02 
 1.53500e+02  2.05334e-02 
 1.54000e+02  2.05018e-02 
 1.54500e+02  2.08425e-02 
 1.55000e+02  2.10347e-02 
 1.55500e+02  2.07170e-02 
 1.56000e+02  2.06737e-02 
 1.56500e+02  2.03158e-02 
 1.57000e+02  2.06892e-02 
 1.57500e+02  2.06544e-02 
 1.58000e+02  2.02216e-02 
 1.58500e+02  2.06404e-02 
 1.59000e+02  2.01708e-02 
 1.59500e+02  1.97606e-02 
 1.60000e+02  2.06841e-02 
 1.60500e+02  2.03912e-02 
 1.61000e+02  2.05769e-02 
 1.61500e+02  2.01765e-02 
 1.62000e+02  2.02101e-02 
 1.62500e+02  2.02925e-02 
 1.63000e+02  2.07287e-02 
 1.63500e+02  2.04313e-02 
 1.64000e+02  2.02692e-02 
 1.64500e+02  2.01031e-02 
 1.65000e+02  2.00521e-02 
 1.65500e+02  2.02146e-02 
 1.66000e+02  2.09525e-02 
 1.66500e+02  2.05133e-02 
 1.67000e+02  2.05678e-02 
 1.67500e+02  2.04001e-02 
 1.68000e+02  2.01466e-02 
 1.68500e+02  2.03029e-02 
 1.69000e+02  2.02010e-02 
 1.69500e+02  1.99764e-02 
 1.70000e+02  1.99055e-02 
 1.70500e+02  1.93428e-02 
 1.71000e+02  1.96697e-02 
 1.71500e+02  1.99310e-02 
 1.72000e+02  1.95305e-02 
 1.72500e+02  1.96605e-02 
 1.73000e+02  1.97575e-02 
 1.73500e+02  1.91142e-02 
 1.74000e+02  1.89819e-02 
 1.74500e+02  1.89458e-02 
 1.75000e+02  1.91946e-02 
 1.75500e+02  1.84466e-02 
 1.76000e+02  1.90120e-02 
 1.76500e+02  1.93406e-02 
 1.77000e+02  1.87655e-02 
 1.77500e+02  1.87210e-02 
 1.78000e+02  1.89244e-02 
 1.78500e+02  1.87052e-02 
 1.79000e+02  1.84338e-02 
 1.79500e+02  1.80926e-02 
 1.80000e+02  1.84969e-02 
 1.80500e+02  1.78467e-02 
 1.81000e+02  1.79324e-02 
 1.81500e+02  1.80020e-02 
 1.82000e+02  1.79991e-02 
 1.82500e+02  1.81990e-02 
 1.83000e+02  1.84942e-02 
 1.83500e+02  1.79721e-02 
 1.84000e+02  1.75522e-02 
 1.84500e+02  1.73358e-02 
 1.85000e+02  1.74696e-02 
 1.85500e+02  1.68696e-02 
 1.86000e+02  1.66393e-02 
 1.86500e+02  1.61402e-02 
 1.87000e+02  1.56831e-02 
 1.87500e+02  1.58621e-02 
 1.88000e+02  1.59694e-02 
 1.88500e+02  1.55035e-02 
 1.89000e+02  1.54627e-02 
 1.89500e+02  1.53935e-02 
 1.90000e+02  1.56037e-02 
 1.90500e+02  1.56403e-02 
 1.91000e+02  1.53097e-02 
 1.91500e+02  1.46160e-02 
 1.92000e+02  1.44690e-02 
 1.92500e+02  1.45856e-02 
 1.93000e+02  1.39795e-02 
 1.93500e+02  1.42211e-02 
 1.94000e+02  1.41977e-02 
 1.94500e+02  1.37575e-02 
 1.95000e+02  1.33468e-02 
 1.95500e+02  1.28785e-02 
 1.96000e+02  1.29634e-02 
 1.96500e+02  1.27448e-02 
 1.97000e+02  1.25808e-02 
 1.97500e+02  1.24310e-02 
 1.98000e+02  1.25254e-02 
 1.98500e+02  1.24451e-02 
 1.99000e+02  1.19199e-02 
 1.99500e+02  1.14745e-02 
 2.00000e+02  1.13698e-02 
 2.00500e+02  1.14819e-02 
 2.01000e+02  1.13778e-02 
 2.01500e+02  1.09879e-02 
 2.02000e+02  1.09126e-02 
 2.02500e+02  1.09081e-02 
 2.03000e+02  1.06780e-02 
 2.03500e+02  1.01571e-02 
 2.04000e+02  1.03709e-02 
 2.04500e+02  1.02866e-02 
 2.05000e+02  1.02378e-02 
 2.05500e+02  1.01894e-02 
 2.06000e+02  1.01175e-02 
 2.06500e+02  1.00917e-02 
 2.07000e+02  1.01654e-02 
 2.07500e+02  1.00485e-02 
 2.08000e+02  1.01401e-02 
 2.08500e+02  9.71548e-03 
 2.09000e+02  9.68130e-03 
 2.09500e+02  9.73491e-03 
 2.10000e+02  9.77191e-03 
 2.10500e+02  9.75535e-03 
 2.11000e+02  9.77374e-03 
 2.11500e+02  9.76926e-03 
 2.12000e+02  9.47211e-03 
 2.12500e+02  9.52312e-03 
 2.13000e+02  9.29957e-03 
 2.13500e+02  9.32659e-03 
 2.14000e+02  9.40661e-03 
 2.14500e+02  9.11116e-03 
 2.15000e+02  9.12282e-03 
 2.15500e+02  9.29095e-03 
 2.16000e+02  9.22298e-03 
 2.16500e+02  9.22588e-03 
 2.17000e+02  8.99476e-03 
 2.17500e+02  8.82624e-03 
 2.18000e+02  9.04858e-03 
 2.18500e+02  9.00213e-03 
 2.19000e+02  8.94513e-03 
 2.19500e+02  8.87842e-03 
 2.20000e+02  8.72470e-03 
 2.20500e+02  8.84934e-03 
 2.21000e+02  8.77051e-03 
 2.21500e+02  8.61933e-03 
 2.22000e+02  8.77774e-03 
 2.22500e+02  8.74133e-03 
 2.23000e+02  8.63988e-03 
 2.23500e+02  8.65336e-03 
 2.24000e+02  8.42285e-03 
 2.24500e+02  8.37653e-03 
 2.25000e+02  8.29034e-03 
 2.25500e+02  8.37227e-03 
 2.26000e+02  8.43794e-03 
 2.26500e+02  8.48851e-03 
 2.27000e+02  8.47195e-03 
 2.27500e+02  8.22043e-03 
 2.28000e+02  8.08659e-03 
 2.28500e+02  8.17332e-03 
 2.29000e+02  8.02881e-03 
 2.29500e+02  8.10770e-03 
 2.30000e+02  7.85194e-03 
 2.30500e+02  7.73018e-03 
 2.31000e+02  7.82424e-03 
 2.31500e+02  7.72750e-03 
 2.32000e+02  7.59378e-03 
 2.32500e+02  7.65137e-03 
 2.33000e+02  7.55261e-03 
 2.33500e+02  7.51782e-03 
 2.34000e+02  7.43419e-03 
 2.34500e+02  7.38524e-03 
 2.35000e+02  7.43638e-03 
 2.35500e+02  7.31770e-03 
 2.36000e+02  7.14005e-03 
 2.36500e+02  7.06204e-03 
 2.37000e+02  7.07513e-03 
 2.37500e+02  7.07707e-03 
 2.38000e+02  6.95498e-03 
 2.38500e+02  6.91318e-03 
 2.39000e+02  6.76713e-03 
 2.39500e+02  6.70596e-03 
 2.40000e+02  6.74601e-03 
 2.40500e+02  6.63284e-03 
 2.41000e+02  6.50663e-03 
 2.41500e+02  6.41218e-03 
 2.42000e+02  6.35188e-03 
 2.42500e+02  6.21834e-03 
 2.43000e+02  6.07325e-03 
 2.43500e+02  6.02429e-03 
 2.44000e+02  5.93131e-03 
 2.44500e+02  5.84729e-03 
 2.45000e+02  5.80571e-03 
 2.45500e+02  5.69700e-03 
 2.46000e+02  5.63325e-03 
 2.46500e+02  5.58885e-03 
 2.47000e+02  5.47905e-03 
 2.47500e+02  5.31328e-03 
 2.48000e+02  5.26691e-03 
 2.48500e+02  5.23371e-03 
 2.49000e+02  5.18466e-03 
 2.49500e+02  5.03936e-03 
 2.50000e+02  5.02113e-03 
 2.50500e+02  4.91053e-03 
 2.51000e+02  4.82503e-03 
 2.51500e+02  4.67850e-03 
 2.52000e+02  4.67286e-03 
 2.52500e+02  4.52798e-03 
 2.53000e+02  4.42530e-03 
 2.53500e+02  4.33012e-03 
 2.54000e+02  4.27883e-03 
 2.54500e+02  4.13979e-03 
 2.55000e+02  4.06336e-03 
 2.55500e+02  3.96256e-03 
 2.56000e+02  3.88373e-03 
 2.56500e+02  3.80449e-03 
 2.57000e+02  3.65450e-03 
 2.57500e+02  3.59186e-03 
 2.58000e+02  3.48522e-03 
 2.58500e+02  3.41466e-03 
 2.59000e+02  3.33156e-03 
 2.59500e+02  3.24720e-03 
 2.60000e+02  3.16831e-03 
 2.60500e+02  3.08029e-03 
 2.61000e+02  3.00954e-03 
 2.61500e+02  2.92889e-03 
 2.62000e+02  2.88548e-03 
 2.62500e+02  2.83770e-03 
 2.63000e+02  2.77354e-03 
 2.63500e+02  2.68258e-03 
 2.64000e+02  2.61358e-03 
 2.64500e+02  2.57206e-03 
 2.65000e+02  2.52740e-03 
 2.65500e+02  2.48317e-03 
 2.66000e+02  2.41924e-03 
 2.66500e+02  2.36071e-03 
 2.67000e+02  2.30824e-03 
 2.67500e+02  2.26664e-03 
 2.68000e+02  2.20877e-03 
 2.68500e+02  2.16038e-03 
 2.69000e+02  2.12601e-03 
 2.69500e+02  2.07804e-03 
 2.70000e+02  2.04539e-03 
 2.70500e+02  2.00426e-03 
 2.71000e+02  1.96770e-03 
 2.71500e+02  1.93393e-03 
 2.72000e+02  1.90218e-03 
 2.72500e+02  1.86922e-03 
 2.73000e+02  1.84435e-03 
 2.73500e+02  1.81293e-03 
 2.74000e+02  1.79174e-03 
 2.74500e+02  1.75838e-03 
 2.75000e+02  1.72145e-03 
 2.75500e+02  1.68639e-03 
 2.76000e+02  1.66023e-03 
 2.76500e+02  1.64890e-03 
 2.77000e+02  1.61994e-03 
 2.77500e+02  1.57767e-03 
 2.78000e+02  1.55273e-03 
 2.78500e+02  1.53766e-03 
 2.79000e+02  1.51159e-03 
 2.79500e+02  1.48898e-03 
 2.80000e+02  1.46394e-03 
 2.80500e+02  1.44598e-03 
 2.81000e+02  1.42818e-03 
 2.81500e+02  1.40702e-03 
 2.82000e+02  1.38862e-03 
 2.82500e+02  1.37860e-03 
 2.83000e+02  1.36172e-03 
 2.83500e+02  1.34636e-03 
 2.84000e+02  1.32157e-03 
 2.84500e+02  1.29967e-03 
 2.85000e+02  1.28966e-03 
 2.85500e+02  1.27331e-03 
 2.86000e+02  1.26299e-03 
 2.86500e+02  1.23748e-03 
 2.87000e+02  1.22483e-03 
 2.87500e+02  1.20709e-03 
 2.88000e+02  1.19735e-03 
 2.88500e+02  1.17411e-03 
 2.89000e+02  1.15674e-03 
 2.89500e+02  1.14788e-03 
 2.90000e+02  1.13672e-03 
 2.90500e+02  1.12745e-03 
 2.91000e+02  1.11012e-03 
 2.91500e+02  1.11157e-03 
 2.92000e+02  1.10169e-03 
 2.92500e+02  1.09045e-03 
 2.93000e+02  1.08400e-03 
 2.93500e+02  1.06265e-03 
 2.94000e+02  1.05506e-03 
 2.94500e+02  1.03915e-03 
 2.95000e+02  1.03713e-03 
 2.95500e+02  1.02181e-03 
 2.96000e+02  1.01359e-03 
 2.96500e+02  1.00387e-03 
 2.97000e+02  9.89848e-04 
 2.97500e+02  9.81400e-04 
 2.98000e+02  9.65928e-04 
 2.98500e+02  9.68144e-04 
 2.99000e+02  9.63664e-04 
 2.99500e+02  9.53544e-04 
 3.00000e+02  9.46608e-04 
 3.00500e+02  9.33848e-04 
 3.01000e+02  9.23624e-04 
 3.01500e+02  9.16944e-04 
 3.02000e+02  9.02952e-04 
 3.02500e+02  8.94296e-04 
 3.03000e+02  8.93488e-04 
 3.03500e+02  8.84224e-04 
 3.04000e+02  8.76480e-04 
 3.04500e+02  8.69672e-04 
 3.05000e+02  8.64760e-04 
 3.05500e+02  8.55144e-04 
 3.06000e+02  8.49472e-04 
 3.06500e+02  8.38192e-04 
 3.07000e+02  8.35912e-04 
 3.07500e+02  8.32752e-04 
 3.08000e+02  8.24952e-04 
 3.08500e+02  8.20264e-04 
 3.09000e+02  8.14976e-04 
 3.09500e+02  8.08288e-04 
 3.10000e+02  7.98576e-04 
 3.10500e+02  7.97864e-04 
 3.11000e+02  7.86560e-04 
 3.11500e+02  7.86168e-04 
 3.12000e+02  7.79712e-04 
 3.12500e+02  7.72752e-04 
 3.13000e+02  7.62928e-04 
 3.13500e+02  7.61040e-04 
 3.14000e+02  7.47384e-04 
 3.14500e+02  7.48408e-04 
 3.15000e+02  7.38680e-04 
 3.15500e+02  7.35320e-04 
 3.16000e+02  7.31488e-04 
 3.16500e+02  7.22984e-04 
 3.17000e+02  7.15112e-04 
 3.17500e+02  7.13600e-04 
 3.18000e+02  7.06680e-04 
 3.18500e+02  7.03552e-04 
 3.19000e+02  7.07800e-04 
 3.19500e+02  7.01416e-04 
