 0.00000e+00  7.00352e-04 
 5.00000e-01  7.02880e-04 
 1.00000e+00  7.07936e-04 
 1.50000e+00  7.14096e-04 
 2.00000e+00  7.20424e-04 
 2.50000e+00  7.28064e-04 
 3.00000e+00  7.28056e-04 
 3.50000e+00  7.31096e-04 
 4.00000e+00  7.38640e-04 
 4.50000e+00  7.41328e-04 
 5.00000e+00  7.44424e-04 
 5.50000e+00  7.51192e-04 
 6.00000e+00  7.59176e-04 
 6.50000e+00  7.64496e-04 
 7.00000e+00  7.77672e-04 
 7.50000e+00  7.77912e-04 
 8.00000e+00  7.78688e-04 
 8.50000e+00  7.89016e-04 
 9.00000e+00  7.98776e-04 
 9.50000e+00  8.03728e-04 
 1.00000e+01  8.07072e-04 
 1.05000e+01  8.14760e-04 
 1.10000e+01  8.20624e-04 
 1.15000e+01  8.31184e-04 
 1.20000e+01  8.34400e-04 
 1.25000e+01  8.42496e-04 
 1.30000e+01  8.53032e-04 
 1.35000e+01  8.54448e-04 
 1.40000e+01  8.56568e-04 
 1.45000e+01  8.60544e-04 
 1.50000e+01  8.70944e-04 
 1.55000e+01  8.82792e-04 
 1.60000e+01  8.88392e-04 
 1.65000e+01  8.92448e-04 
 1.70000e+01  9.01904e-04 
 1.75000e+01  9.06384e-04 
 1.80000e+01  9.13032e-04 
 1.85000e+01  9.24520e-04 
 1.90000e+01  9.32976e-04 
 1.95000e+01  9.35560e-04 
 2.00000e+01  9.50056e-04 
 2.05000e+01  9.62696e-04 
 2.10000e+01  9.70160e-04 
 2.15000e+01  9.79048e-04 
 2.20000e+01  9.84360e-04 
 2.25000e+01  9.91768e-04 
 2.30000e+01  1.00146e-03 
 2.35000e+01  1.01717e-03 
 2.40000e+01  1.02557e-03 
 2.45000e+01  1.03802e-03 
 2.50000e+01  1.03710e-03 
 2.55000e+01  1.05638e-03 
 2.60000e+01  1.06036e-03 
 2.65000e+01  1.07261e-03 
 2.70000e+01  1.08546e-03 
 2.75000e+01  1.10314e-03 
 2.80000e+01  1.10425e-03 
 2.85000e+01  1.12229e-03 
 2.90000e+01  1.13606e-03 
 2.95000e+01  1.14006e-03 
 3.00000e+01  1.16143e-03 
 3.05000e+01  1.17343e-03 
 3.10000e+01  1.19996e-03 
 3.15000e+01  1.20666e-03 
 3.20000e+01  1.22732e-03 
 3.25000e+01  1.22995e-03 
 3.30000e+01  1.24608e-03 
 3.35000e+01  1.26990e-03 
 3.40000e+01  1.27962e-03 
 3.45000e+01  1.29587e-03 
 3.50000e+01  1.30573e-03 
 3.55000e+01  1.32422e-03 
 3.60000e+01  1.34378e-03 
 3.65000e+01  1.36349e-03 
 3.70000e+01  1.37626e-03 
 3.75000e+01  1.40327e-03 
 3.80000e+01  1.41862e-03 
 3.85000e+01  1.43353e-03 
 3.90000e+01  1.44502e-03 
 3.95000e+01  1.47581e-03 
 4.00000e+01  1.49047e-03 
 4.05000e+01  1.51907e-03 
 4.10000e+01  1.53575e-03 
 4.15000e+01  1.55793e-03 
 4.20000e+01  1.57958e-03 
 4.25000e+01  1.59290e-03 
 4.30000e+01  1.63061e-03 
 4.35000e+01  1.65207e-03 
 4.40000e+01  1.68146e-03 
 4.45000e+01  1.71864e-03 
 4.50000e+01  1.74444e-03 
 4.55000e+01  1.77822e-03 
 4.60000e+01  1.80762e-03 
 4.65000e+01  1.84170e-03 
 4.70000e+01  1.87594e-03 
 4.75000e+01  1.89862e-03 
 4.80000e+01  1.92874e-03 
 4.85000e+01  1.96762e-03 
 4.90000e+01  2.00492e-03 
 4.95000e+01  2.07203e-03 
 5.00000e+01  2.11554e-03 
 5.05000e+01  2.14385e-03 
 5.10000e+01  2.17443e-03 
 5.15000e+01  2.22176e-03 
 5.20000e+01  2.25574e-03 
 5.25000e+01  2.30402e-03 
 5.30000e+01  2.36546e-03 
 5.35000e+01  2.40480e-03 
 5.40000e+01  2.46042e-03 
 5.45000e+01  2.50996e-03 
 5.50000e+01  2.57185e-03 
 5.55000e+01  2.62916e-03 
 5.60000e+01  2.70138e-03 
 5.65000e+01  2.78005e-03 
 5.70000e+01  2.80527e-03 
 5.75000e+01  2.87672e-03 
 5.80000e+01  2.97883e-03 
 5.85000e+01  3.00615e-03 
 5.90000e+01  3.10095e-03 
 5.95000e+01  3.15047e-03 
 6.00000e+01  3.22526e-03 
 6.05000e+01  3.28598e-03 
 6.10000e+01  3.38581e-03 
 6.15000e+01  3.45010e-03 
 6.20000e+01  3.55261e-03 
 6.25000e+01  3.63607e-03 
 6.30000e+01  3.71984e-03 
 6.35000e+01  3.83659e-03 
 6.40000e+01  3.93484e-03 
 6.45000e+01  3.99966e-03 
 6.50000e+01  4.09613e-03 
 6.55000e+01  4.19590e-03 
 6.60000e+01  4.34222e-03 
 6.65000e+01  4.44130e-03 
 6.70000e+01  4.52989e-03 
 6.75000e+01  4.58316e-03 
 6.80000e+01  4.75127e-03 
 6.85000e+01  4.82474e-03 
 6.90000e+01  4.97462e-03 
 6.95000e+01  5.04784e-03 
 7.00000e+01  5.16650e-03 
 7.05000e+01  5.23822e-03 
 7.10000e+01  5.37058e-03 
 7.15000e+01  5.43307e-03 
 7.20000e+01  5.49761e-03 
 7.25000e+01  5.65140e-03 
 7.30000e+01  5.76542e-03 
 7.35000e+01  5.82924e-03 
 7.40000e+01  5.91447e-03 
 7.45000e+01  5.97262e-03 
 7.50000e+01  6.02770e-03 
 7.55000e+01  6.21731e-03 
 7.60000e+01  6.21233e-03 
 7.65000e+01  6.27191e-03 
 7.70000e+01  6.44124e-03 
 7.75000e+01  6.50354e-03 
 7.80000e+01  6.55551e-03 
 7.85000e+01  6.71794e-03 
 7.90000e+01  6.80524e-03 
 7.95000e+01  7.09782e-03 
 8.00000e+01  6.96448e-03 
 8.05000e+01  6.94602e-03 
 8.10000e+01  6.92341e-03 
 8.15000e+01  7.09194e-03 
 8.20000e+01  7.11550e-03 
 8.25000e+01  7.24238e-03 
 8.30000e+01  7.37718e-03 
 8.35000e+01  7.38109e-03 
 8.40000e+01  7.51710e-03 
 8.45000e+01  7.49498e-03 
 8.50000e+01  7.54763e-03 
 8.55000e+01  7.77772e-03 
 8.60000e+01  7.70937e-03 
 8.65000e+01  7.64978e-03 
 8.70000e+01  7.61154e-03 
 8.75000e+01  7.70534e-03 
 8.80000e+01  7.82987e-03 
 8.85000e+01  7.93026e-03 
 8.90000e+01  7.93610e-03 
 8.95000e+01  7.99890e-03 
 9.00000e+01  8.02417e-03 
 9.05000e+01  8.05655e-03 
 9.10000e+01  8.07050e-03 
 9.15000e+01  8.36792e-03 
 9.20000e+01  8.25821e-03 
 9.25000e+01  8.25442e-03 
 9.30000e+01  8.30791e-03 
 9.35000e+01  8.49537e-03 
 9.40000e+01  8.47406e-03 
 9.45000e+01  8.55311e-03 
 9.50000e+01  8.72722e-03 
 9.55000e+01  8.80086e-03 
 9.60000e+01  8.97765e-03 
 9.65000e+01  8.79193e-03 
 9.70000e+01  8.67814e-03 
 9.75000e+01  8.64565e-03 
 9.80000e+01  8.81975e-03 
 9.85000e+01  8.86965e-03 
 9.90000e+01  8.83981e-03 
 9.95000e+01  8.99092e-03 
 1.00000e+02  8.93694e-03 
 1.00500e+02  9.09152e-03 
 1.01000e+02  9.06937e-03 
 1.01500e+02  8.94979e-03 
 1.02000e+02  9.04032e-03 
 1.02500e+02  9.13692e-03 
 1.03000e+02  9.25530e-03 
 1.03500e+02  9.26708e-03 
 1.04000e+02  9.31650e-03 
 1.04500e+02  9.44554e-03 
 1.05000e+02  9.32497e-03 
 1.05500e+02  9.30814e-03 
 1.06000e+02  9.44625e-03 
 1.06500e+02  9.60714e-03 
 1.07000e+02  9.55466e-03 
 1.07500e+02  9.71491e-03 
 1.08000e+02  9.71564e-03 
 1.08500e+02  9.49001e-03 
 1.09000e+02  9.65790e-03 
 1.09500e+02  9.66080e-03 
 1.10000e+02  9.66080e-03 
 1.10500e+02  9.83883e-03 
 1.11000e+02  1.00804e-02 
 1.11500e+02  1.02374e-02 
 1.12000e+02  9.86801e-03 
 1.12500e+02  1.00841e-02 
 1.13000e+02  1.02003e-02 
 1.13500e+02  1.00008e-02 
 1.14000e+02  9.98000e-03 
 1.14500e+02  1.01606e-02 
 1.15000e+02  1.00861e-02 
 1.15500e+02  1.05470e-02 
 1.16000e+02  1.08702e-02 
 1.16500e+02  1.11969e-02 
 1.17000e+02  1.11782e-02 
 1.17500e+02  1.11954e-02 
 1.18000e+02  1.10116e-02 
 1.18500e+02  1.11996e-02 
 1.19000e+02  1.15972e-02 
 1.19500e+02  1.15520e-02 
 1.20000e+02  1.18623e-02 
 1.20500e+02  1.20094e-02 
 1.21000e+02  1.24669e-02 
 1.21500e+02  1.28345e-02 
 1.22000e+02  1.28646e-02 
 1.22500e+02  1.26724e-02 
 1.23000e+02  1.29137e-02 
 1.23500e+02  1.29246e-02 
 1.24000e+02  1.31678e-02 
 1.24500e+02  1.33943e-02 
 1.25000e+02  1.36180e-02 
 1.25500e+02  1.38274e-02 
 1.26000e+02  1.42359e-02 
 1.26500e+02  1.43470e-02 
 1.27000e+02  1.44777e-02 
 1.27500e+02  1.48911e-02 
 1.28000e+02  1.49401e-02 
 1.28500e+02  1.51512e-02 
 1.29000e+02  1.52439e-02 
 1.29500e+02  1.52609e-02 
 1.30000e+02  1.55128e-02 
 1.30500e+02  1.57532e-02 
 1.31000e+02  1.62157e-02 
 1.31500e+02  1.62531e-02 
 1.32000e+02  1.65383e-02 
 1.32500e+02  1.67214e-02 
 1.33000e+02  1.69958e-02 
 1.33500e+02  1.67854e-02 
 1.34000e+02  1.65444e-02 
 1.34500e+02  1.75037e-02 
 1.35000e+02  1.71214e-02 
 1.35500e+02  1.69214e-02 
 1.36000e+02  1.73563e-02 
 1.36500e+02  1.73723e-02 
 1.37000e+02  1.75566e-02 
 1.37500e+02  1.77826e-02 
 1.38000e+02  1.74762e-02 
 1.38500e+02  1.79777e-02 
 1.39000e+02  1.73247e-02 
 1.39500e+02  1.83799e-02 
 1.40000e+02  1.78880e-02 
 1.40500e+02  1.79213e-02 
 1.41000e+02  1.84109e-02 
 1.41500e+02  1.87151e-02 
 1.42000e+02  1.84796e-02 
 1.42500e+02  1.87407e-02 
 1.43000e+02  1.90568e-02 
 1.43500e+02  1.90152e-02 
 1.44000e+02  1.87353e-02 
 1.44500e+02  1.91478e-02 
 1.45000e+02  1.90502e-02 
 1.45500e+02  1.97891e-02 
 1.46000e+02  1.97536e-02 
 1.46500e+02  1.96902e-02 
 1.47000e+02  1.96871e-02 
 1.47500e+02  1.96800e-02 
 1.48000e+02  2.00851e-02 
 1.48500e+02  1.95474e-02 
 1.49000e+02  2.00236e-02 
 1.49500e+02  2.01049e-02 
 1.50000e+02  1.94307e-02 
 1.50500e+02  2.04224e-02 
 1.51000e+02  2.02555e-02 
 1.51500e+02  2.09236e-02 
 1.52000e+02  2.07179e-02 
 1.52500e+02  2.06567e-02 
 1.53000e+02  2.03983e-02 
 1.53500e+02  2.01323e-02 
 1.54000e+02  2.04619e-02 
 1.54500e+02  1.99964e-02 
 1.55000e+02  2.02424e-02 
 1.55500e+02  2.01030e-02 
 1.56000e+02  1.99321e-02 
 1.56500e+02  1.96934e-02 
 1.57000e+02  1.98259e-02 
 1.57500e+02  1.97961e-02 
 1.58000e+02  1.97013e-02 
 1.58500e+02  1.96806e-02 
 1.59000e+02  1.98491e-02 
 1.59500e+02  1.99940e-02 
 1.60000e+02  1.98305e-02 
 1.60500e+02  2.01836e-02 
 1.61000e+02  2.04574e-02 
 1.61500e+02  2.01478e-02 
 1.62000e+02  2.06048e-02 
 1.62500e+02  2.04742e-02 
 1.63000e+02  2.04968e-02 
 1.63500e+02  2.07918e-02 
 1.64000e+02  2.08467e-02 
 1.64500e+02  2.03845e-02 
 1.65000e+02  2.02360e-02 
 1.65500e+02  2.02170e-02 
 1.66000e+02  2.06807e-02 
 1.66500e+02  2.06080e-02 
 1.67000e+02  2.05015e-02 
 1.67500e+02  1.99004e-02 
 1.68000e+02  2.01886e-02 
 1.68500e+02  2.01740e-02 
 1.69000e+02  1.94833e-02 
 1.69500e+02  1.98027e-02 
 1.70000e+02  2.00922e-02 
 1.70500e+02  1.99336e-02 
 1.71000e+02  1.99339e-02 
 1.71500e+02  1.98579e-02 
 1.72000e+02  1.94217e-02 
 1.72500e+02  1.93752e-02 
 1.73000e+02  1.93640e-02 
 1.73500e+02  1.93589e-02 
 1.74000e+02  1.94426e-02 
 1.74500e+02  1.87667e-02 
 1.75000e+02  1.86480e-02 
 1.75500e+02  1.85686e-02 
 1.76000e+02  1.88057e-02 
 1.76500e+02  1.87457e-02 
 1.77000e+02  1.89705e-02 
 1.77500e+02  1.90673e-02 
 1.78000e+02  1.89642e-02 
 1.78500e+02  1.89724e-02 
 1.79000e+02  1.91042e-02 
 1.79500e+02  1.83035e-02 
 1.80000e+02  1.81313e-02 
 1.80500e+02  1.83148e-02 
 1.81000e+02  1.83205e-02 
 1.81500e+02  1.88257e-02 
 1.82000e+02  1.79242e-02 
 1.82500e+02  1.77718e-02 
 1.83000e+02  1.75756e-02 
 1.83500e+02  1.77255e-02 
 1.84000e+02  1.76566e-02 
 1.84500e+02  1.72583e-02 
 1.85000e+02  1.70255e-02 
 1.85500e+02  1.68443e-02 
 1.86000e+02  1.69791e-02 
 1.86500e+02  1.65072e-02 
 1.87000e+02  1.63542e-02 
 1.87500e+02  1.68791e-02 
 1.88000e+02  1.68391e-02 
 1.88500e+02  1.65003e-02 
 1.89000e+02  1.59954e-02 
 1.89500e+02  1.59743e-02 
 1.90000e+02  1.55384e-02 
 1.90500e+02  1.57804e-02 
 1.91000e+02  1.53696e-02 
 1.91500e+02  1.51511e-02 
 1.92000e+02  1.43613e-02 
 1.92500e+02  1.43100e-02 
 1.93000e+02  1.38353e-02 
 1.93500e+02  1.36995e-02 
 1.94000e+02  1.34893e-02 
 1.94500e+02  1.29512e-02 
 1.95000e+02  1.27341e-02 
 1.95500e+02  1.28948e-02 
 1.96000e+02  1.26712e-02 
 1.96500e+02  1.24753e-02 
 1.97000e+02  1.22326e-02 
 1.97500e+02  1.20211e-02 
 1.98000e+02  1.18021e-02 
 1.98500e+02  1.19198e-02 
 1.99000e+02  1.17698e-02 
 1.99500e+02  1.14765e-02 
 2.00000e+02  1.12070e-02 
 2.00500e+02  1.13512e-02 
 2.01000e+02  1.14422e-02 
 2.01500e+02  1.14292e-02 
 2.02000e+02  1.11975e-02 
 2.02500e+02  1.10589e-02 
 2.03000e+02  1.11003e-02 
 2.03500e+02  1.11255e-02 
 2.04000e+02  1.04972e-02 
 2.04500e+02  1.04749e-02 
 2.05000e+02  1.05624e-02 
 2.05500e+02  1.06605e-02 
 2.06000e+02  1.05257e-02 
 2.06500e+02  1.02900e-02 
 2.07000e+02  1.01868e-02 
 2.07500e+02  9.94922e-03 
 2.08000e+02  9.92335e-03 
 2.08500e+02  1.01357e-02 
 2.09000e+02  1.00134e-02 
 2.09500e+02  9.92732e-03 
 2.10000e+02  9.71051e-03 
 2.10500e+02  9.93317e-03 
 2.11000e+02  9.61278e-03 
 2.11500e+02  9.70434e-03 
 2.12000e+02  9.67696e-03 
 2.12500e+02  9.59376e-03 
 2.13000e+02  9.53677e-03 
 2.13500e+02  9.45740e-03 
 2.14000e+02  9.47312e-03 
 2.14500e+02  9.26325e-03 
 2.15000e+02  9.69318e-03 
 2.15500e+02  9.39602e-03 
 2.16000e+02  9.19125e-03 
 2.16500e+02  9.15680e-03 
 2.17000e+02  9.10468e-03 
 2.17500e+02  9.22877e-03 
 2.18000e+02  9.37218e-03 
 2.18500e+02  9.15586e-03 
 2.19000e+02  9.20905e-03 
 2.19500e+02  9.12885e-03 
 2.20000e+02  8.94846e-03 
 2.20500e+02  8.99944e-03 
 2.21000e+02  8.93176e-03 
 2.21500e+02  8.70767e-03 
 2.22000e+02  8.72368e-03 
 2.22500e+02  8.78566e-03 
 2.23000e+02  8.82841e-03 
 2.23500e+02  8.72563e-03 
 2.24000e+02  8.72986e-03 
 2.24500e+02  8.53600e-03 
 2.25000e+02  8.38914e-03 
 2.25500e+02  8.39509e-03 
 2.26000e+02  8.64527e-03 
 2.26500e+02  8.49644e-03 
 2.27000e+02  8.37550e-03 
 2.27500e+02  8.44928e-03 
 2.28000e+02  8.29779e-03 
 2.28500e+02  8.07373e-03 
 2.29000e+02  8.05352e-03 
 2.29500e+02  7.99759e-03 
 2.30000e+02  7.87740e-03 
 2.30500e+02  7.80761e-03 
 2.31000e+02  7.65634e-03 
 2.31500e+02  7.81639e-03 
 2.32000e+02  7.76258e-03 
 2.32500e+02  7.81176e-03 
 2.33000e+02  7.59306e-03 
 2.33500e+02  7.52642e-03 
 2.34000e+02  7.37468e-03 
 2.34500e+02  7.46002e-03 
 2.35000e+02  7.49330e-03 
 2.35500e+02  7.30238e-03 
 2.36000e+02  7.15597e-03 
 2.36500e+02  7.26573e-03 
 2.37000e+02  7.24628e-03 
 2.37500e+02  7.14622e-03 
 2.38000e+02  7.13890e-03 
 2.38500e+02  7.02518e-03 
 2.39000e+02  6.89696e-03 
 2.39500e+02  6.89691e-03 
 2.40000e+02  6.65142e-03 
 2.40500e+02  6.55458e-03 
 2.41000e+02  6.54007e-03 
 2.41500e+02  6.44509e-03 
 2.42000e+02  6.38797e-03 
 2.42500e+02  6.39247e-03 
 2.43000e+02  6.22643e-03 
 2.43500e+02  6.30798e-03 
 2.44000e+02  6.21831e-03 
 2.44500e+02  6.05197e-03 
 2.45000e+02  5.86613e-03 
 2.45500e+02  5.81503e-03 
 2.46000e+02  5.75752e-03 
 2.46500e+02  5.68730e-03 
 2.47000e+02  5.49981e-03 
 2.47500e+02  5.41289e-03 
 2.48000e+02  5.30778e-03 
 2.48500e+02  5.23370e-03 
 2.49000e+02  5.20731e-03 
 2.49500e+02  5.14482e-03 
 2.50000e+02  5.06844e-03 
 2.50500e+02  4.91902e-03 
 2.51000e+02  4.88493e-03 
 2.51500e+02  4.78573e-03 
 2.52000e+02  4.67029e-03 
 2.52500e+02  4.52497e-03 
 2.53000e+02  4.41435e-03 
 2.53500e+02  4.28446e-03 
 2.54000e+02  4.15902e-03 
 2.54500e+02  4.07640e-03 
 2.55000e+02  3.97755e-03 
 2.55500e+02  3.92022e-03 
 2.56000e+02  3.84850e-03 
 2.56500e+02  3.73915e-03 
 2.57000e+02  3.68094e-03 
 2.57500e+02  3.60847e-03 
 2.58000e+02  3.52606e-03 
 2.58500e+02  3.40402e-03 
 2.59000e+02  3.29223e-03 
 2.59500e+02  3.24990e-03 
 2.60000e+02  3.17247e-03 
 2.60500e+02  3.06789e-03 
 2.61000e+02  2.96419e-03 
 2.61500e+02  2.89807e-03 
 2.62000e+02  2.83297e-03 
 2.62500e+02  2.75262e-03 
 2.63000e+02  2.72465e-03 
 2.63500e+02  2.67628e-03 
 2.64000e+02  2.60442e-03 
 2.64500e+02  2.52621e-03 
 2.65000e+02  2.47678e-03 
 2.65500e+02  2.42456e-03 
 2.66000e+02  2.38954e-03 
 2.66500e+02  2.34182e-03 
 2.67000e+02  2.28409e-03 
 2.67500e+02  2.22822e-03 
 2.68000e+02  2.19357e-03 
 2.68500e+02  2.14955e-03 
 2.69000e+02  2.11308e-03 
 2.69500e+02  2.05195e-03 
 2.70000e+02  2.02226e-03 
 2.70500e+02  1.98924e-03 
 2.71000e+02  1.94394e-03 
 2.71500e+02  1.91810e-03 
 2.72000e+02  1.88278e-03 
 2.72500e+02  1.86753e-03 
 2.73000e+02  1.83473e-03 
 2.73500e+02  1.79840e-03 
 2.74000e+02  1.77358e-03 
 2.74500e+02  1.73907e-03 
 2.75000e+02  1.71275e-03 
 2.75500e+02  1.68372e-03 
 2.76000e+02  1.64677e-03 
 2.76500e+02  1.62378e-03 
 2.77000e+02  1.59960e-03 
 2.77500e+02  1.57146e-03 
 2.78000e+02  1.55749e-03 
 2.78500e+02  1.52693e-03 
 2.79000e+02  1.51302e-03 
 2.79500e+02  1.48690e-03 
 2.80000e+02  1.46677e-03 
 2.80500e+02  1.43889e-03 
 2.81000e+02  1.42144e-03 
 2.81500e+02  1.40494e-03 
 2.82000e+02  1.39850e-03 
 2.82500e+02  1.38287e-03 
 2.83000e+02  1.35307e-03 
 2.83500e+02  1.33738e-03 
 2.84000e+02  1.31682e-03 
 2.84500e+02  1.30654e-03 
 2.85000e+02  1.28242e-03 
 2.85500e+02  1.26293e-03 
 2.86000e+02  1.24479e-03 
 2.86500e+02  1.23003e-03 
 2.87000e+02  1.21814e-03 
 2.87500e+02  1.19458e-03 
 2.88000e+02  1.18676e-03 
 2.88500e+02  1.17097e-03 
 2.89000e+02  1.16538e-03 
 2.89500e+02  1.15450e-03 
 2.90000e+02  1.14491e-03 
 2.90500e+02  1.12414e-03 
 2.91000e+02  1.11195e-03 
 2.91500e+02  1.09626e-03 
 2.92000e+02  1.09270e-03 
 2.92500e+02  1.07407e-03 
 2.93000e+02  1.06456e-03 
 2.93500e+02  1.05759e-03 
 2.94000e+02  1.04867e-03 
 2.94500e+02  1.04396e-03 
 2.95000e+02  1.02684e-03 
 2.95500e+02  1.01623e-03 
 2.96000e+02  1.00426e-03 
 2.96500e+02  9.88344e-04 
 2.97000e+02  9.78584e-04 
 2.97500e+02  9.73496e-04 
 2.98000e+02  9.66896e-04 
 2.98500e+02  9.61504e-04 
 2.99000e+02  9.53688e-04 
 2.99500e+02  9.38056e-04 
 3.00000e+02  9.30424e-04 
 3.00500e+02  9.17840e-04 
 3.01000e+02  9.11088e-04 
 3.01500e+02  8.98208e-04 
 3.02000e+02  8.93392e-04 
 3.02500e+02  8.93200e-04 
 3.03000e+02  8.85080e-04 
 3.03500e+02  8.75120e-04 
 3.04000e+02  8.71096e-04 
 3.04500e+02  8.62688e-04 
 3.05000e+02  8.55040e-04 
 3.05500e+02  8.48264e-04 
 3.06000e+02  8.36408e-04 
 3.06500e+02  8.26656e-04 
 3.07000e+02  8.27264e-04 
 3.07500e+02  8.21832e-04 
 3.08000e+02  8.12896e-04 
 3.08500e+02  8.08624e-04 
 3.09000e+02  7.98360e-04 
 3.09500e+02  7.92016e-04 
 3.10000e+02  7.87016e-04 
 3.10500e+02  7.86216e-04 
 3.11000e+02  7.76944e-04 
 3.11500e+02  7.74704e-04 
 3.12000e+02  7.76360e-04 
 3.12500e+02  7.72296e-04 
 3.13000e+02  7.62360e-04 
 3.13500e+02  7.56504e-04 
 3.14000e+02  7.50592e-04 
 3.14500e+02  7.43720e-04 
 3.15000e+02  7.42416e-04 
 3.15500e+02  7.34792e-04 
 3.16000e+02  7.27912e-04 
 3.16500e+02  7.20816e-04 
 3.17000e+02  7.16912e-04 
 3.17500e+02  7.09376e-04 
 3.18000e+02  7.08912e-04 
 3.18500e+02  7.00736e-04 
 3.19000e+02  6.92304e-04 
 3.19500e+02  6.91304e-04 
