 0.00000e+00  6.93600e-04 
 5.00000e-01  6.99128e-04 
 1.00000e+00  7.03976e-04 
 1.50000e+00  7.08320e-04 
 2.00000e+00  7.11520e-04 
 2.50000e+00  7.20048e-04 
 3.00000e+00  7.23520e-04 
 3.50000e+00  7.29696e-04 
 4.00000e+00  7.33752e-04 
 4.50000e+00  7.43152e-04 
 5.00000e+00  7.45120e-04 
 5.50000e+00  7.51816e-04 
 6.00000e+00  7.56216e-04 
 6.50000e+00  7.65144e-04 
 7.00000e+00  7.72000e-04 
 7.50000e+00  7.78512e-04 
 8.00000e+00  7.80272e-04 
 8.50000e+00  7.84936e-04 
 9.00000e+00  8.00464e-04 
 9.50000e+00  8.01984e-04 
 1.00000e+01  8.04456e-04 
 1.05000e+01  8.12144e-04 
 1.10000e+01  8.21136e-04 
 1.15000e+01  8.21216e-04 
 1.20000e+01  8.31456e-04 
 1.25000e+01  8.35728e-04 
 1.30000e+01  8.37600e-04 
 1.35000e+01  8.44960e-04 
 1.40000e+01  8.59112e-04 
 1.45000e+01  8.60896e-04 
 1.50000e+01  8.68928e-04 
 1.55000e+01  8.74480e-04 
 1.60000e+01  8.86024e-04 
 1.65000e+01  8.82024e-04 
 1.70000e+01  8.89264e-04 
 1.75000e+01  8.91840e-04 
 1.80000e+01  9.08544e-04 
 1.85000e+01  9.21072e-04 
 1.90000e+01  9.25256e-04 
 1.95000e+01  9.31848e-04 
 2.00000e+01  9.39960e-04 
 2.05000e+01  9.40192e-04 
 2.10000e+01  9.52624e-04 
 2.15000e+01  9.62640e-04 
 2.20000e+01  9.76176e-04 
 2.25000e+01  9.81952e-04 
 2.30000e+01  9.93344e-04 
 2.35000e+01  1.00899e-03 
 2.40000e+01  1.01414e-03 
 2.45000e+01  1.02251e-03 
 2.50000e+01  1.02861e-03 
 2.55000e+01  1.03441e-03 
 2.60000e+01  1.04730e-03 
 2.65000e+01  1.05520e-03 
 2.70000e+01  1.06575e-03 
 2.75000e+01  1.07342e-03 
 2.80000e+01  1.08918e-03 
 2.85000e+01  1.09718e-03 
 2.90000e+01  1.11049e-03 
 2.95000e+01  1.12668e-03 
 3.00000e+01  1.14342e-03 
 3.05000e+01  1.15562e-03 
 3.10000e+01  1.16852e-03 
 3.15000e+01  1.18706e-03 
 3.20000e+01  1.19139e-03 
 3.25000e+01  1.20986e-03 
 3.30000e+01  1.23702e-03 
 3.35000e+01  1.24425e-03 
 3.40000e+01  1.24434e-03 
 3.45000e+01  1.26292e-03 
 3.50000e+01  1.28386e-03 
 3.55000e+01  1.30222e-03 
 3.60000e+01  1.32454e-03 
 3.65000e+01  1.33894e-03 
 3.70000e+01  1.35634e-03 
 3.75000e+01  1.37904e-03 
 3.80000e+01  1.39401e-03 
 3.85000e+01  1.41397e-03 
 3.90000e+01  1.43794e-03 
 3.95000e+01  1.44981e-03 
 4.00000e+01  1.47126e-03 
 4.05000e+01  1.48638e-03 
 4.10000e+01  1.51037e-03 
 4.15000e+01  1.53722e-03 
 4.20000e+01  1.57631e-03 
 4.25000e+01  1.60164e-03 
 4.30000e+01  1.62242e-03 
 4.35000e+01  1.64190e-03 
 4.40000e+01  1.66957e-03 
 4.45000e+01  1.68816e-03 
 4.50000e+01  1.71836e-03 
 4.55000e+01  1.74167e-03 
 4.60000e+01  1.79397e-03 
 4.65000e+01  1.82108e-03 
 4.70000e+01  1.84602e-03 
 4.75000e+01  1.88642e-03 
 4.80000e+01  1.91263e-03 
 4.85000e+01  1.95166e-03 
 4.90000e+01  1.97698e-03 
 4.95000e+01  2.01416e-03 
 5.00000e+01  2.06150e-03 
 5.05000e+01  2.09632e-03 
 5.10000e+01  2.12991e-03 
 5.15000e+01  2.16406e-03 
 5.20000e+01  2.19325e-03 
 5.25000e+01  2.25027e-03 
 5.30000e+01  2.30502e-03 
 5.35000e+01  2.37458e-03 
 5.40000e+01  2.41665e-03 
 5.45000e+01  2.45378e-03 
 5.50000e+01  2.51998e-03 
 5.55000e+01  2.56394e-03 
 5.60000e+01  2.62829e-03 
 5.65000e+01  2.71441e-03 
 5.70000e+01  2.76716e-03 
 5.75000e+01  2.82591e-03 
 5.80000e+01  2.89562e-03 
 5.85000e+01  2.96824e-03 
 5.90000e+01  3.07134e-03 
 5.95000e+01  3.10556e-03 
 6.00000e+01  3.21442e-03 
 6.05000e+01  3.29992e-03 
 6.10000e+01  3.34862e-03 
 6.15000e+01  3.42343e-03 
 6.20000e+01  3.49444e-03 
 6.25000e+01  3.59606e-03 
 6.30000e+01  3.70396e-03 
 6.35000e+01  3.79657e-03 
 6.40000e+01  3.85225e-03 
 6.45000e+01  3.91218e-03 
 6.50000e+01  4.00731e-03 
 6.55000e+01  4.16063e-03 
 6.60000e+01  4.26666e-03 
 6.65000e+01  4.34698e-03 
 6.70000e+01  4.43261e-03 
 6.75000e+01  4.45212e-03 
 6.80000e+01  4.57484e-03 
 6.85000e+01  4.67984e-03 
 6.90000e+01  4.83906e-03 
 6.95000e+01  4.93914e-03 
 7.00000e+01  5.04674e-03 
 7.05000e+01  5.08287e-03 
 7.10000e+01  5.22919e-03 
 7.15000e+01  5.29958e-03 
 7.20000e+01  5.39495e-03 
 7.25000e+01  5.55000e-03 
 7.30000e+01  5.68861e-03 
 7.35000e+01  5.71359e-03 
 7.40000e+01  5.68130e-03 
 7.45000e+01  5.74844e-03 
 7.50000e+01  5.90117e-03 
 7.55000e+01  6.05276e-03 
 7.60000e+01  6.07493e-03 
 7.65000e+01  6.20984e-03 
 7.70000e+01  6.20093e-03 
 7.75000e+01  6.29566e-03 
 7.80000e+01  6.36171e-03 
 7.85000e+01  6.41934e-03 
 7.90000e+01  6.53056e-03 
 7.95000e+01  6.59917e-03 
 8.00000e+01  6.76276e-03 
 8.05000e+01  6.79711e-03 
 8.10000e+01  6.85707e-03 
 8.15000e+01  6.94806e-03 
 8.20000e+01  6.98183e-03 
 8.25000e+01  6.95994e-03 
 8.30000e+01  7.16774e-03 
 8.35000e+01  7.22662e-03 
 8.40000e+01  7.23090e-03 
 8.45000e+01  7.34994e-03 
 8.50000e+01  7.33165e-03 
 8.55000e+01  7.34329e-03 
 8.60000e+01  7.38227e-03 
 8.65000e+01  7.40935e-03 
 8.70000e+01  7.67742e-03 
 8.75000e+01  7.82682e-03 
 8.80000e+01  7.98899e-03 
 8.85000e+01  7.85445e-03 
 8.90000e+01  7.96230e-03 
 8.95000e+01  8.03090e-03 
 9.00000e+01  7.82250e-03 
 9.05000e+01  7.89774e-03 
 9.10000e+01  7.97255e-03 
 9.15000e+01  8.11357e-03 
 9.20000e+01  8.19092e-03 
 9.25000e+01  8.18317e-03 
 9.30000e+01  8.33414e-03 
 9.35000e+01  8.38475e-03 
 9.40000e+01  8.54539e-03 
 9.45000e+01  8.34564e-03 
 9.50000e+01  8.51004e-03 
 9.55000e+01  8.39902e-03 
 9.60000e+01  8.55953e-03 
 9.65000e+01  8.42141e-03 
 9.70000e+01  8.57844e-03 
 9.75000e+01  8.71872e-03 
 9.80000e+01  8.66589e-03 
 9.85000e+01  8.72947e-03 
 9.90000e+01  8.88006e-03 
 9.95000e+01  8.81716e-03 
 1.00000e+02  8.89386e-03 
 1.00500e+02  8.97013e-03 
 1.01000e+02  9.01025e-03 
 1.01500e+02  9.23634e-03 
 1.02000e+02  9.11563e-03 
 1.02500e+02  9.17511e-03 
 1.03000e+02  9.25164e-03 
 1.03500e+02  9.09750e-03 
 1.04000e+02  9.19951e-03 
 1.04500e+02  9.28717e-03 
 1.05000e+02  9.32810e-03 
 1.05500e+02  9.14928e-03 
 1.06000e+02  9.29380e-03 
 1.06500e+02  9.48326e-03 
 1.07000e+02  9.83222e-03 
 1.07500e+02  9.82323e-03 
 1.08000e+02  9.59920e-03 
 1.08500e+02  9.64962e-03 
 1.09000e+02  9.68336e-03 
 1.09500e+02  9.77906e-03 
 1.10000e+02  9.64067e-03 
 1.10500e+02  9.76481e-03 
 1.11000e+02  9.82140e-03 
 1.11500e+02  1.00361e-02 
 1.12000e+02  9.97466e-03 
 1.12500e+02  9.83608e-03 
 1.13000e+02  1.00176e-02 
 1.13500e+02  1.03418e-02 
 1.14000e+02  1.02992e-02 
 1.14500e+02  1.06107e-02 
 1.15000e+02  1.07330e-02 
 1.15500e+02  1.07013e-02 
 1.16000e+02  1.09496e-02 
 1.16500e+02  1.09773e-02 
 1.17000e+02  1.12100e-02 
 1.17500e+02  1.12219e-02 
 1.18000e+02  1.15642e-02 
 1.18500e+02  1.15676e-02 
 1.19000e+02  1.18827e-02 
 1.19500e+02  1.20825e-02 
 1.20000e+02  1.22893e-02 
 1.20500e+02  1.21452e-02 
 1.21000e+02  1.21430e-02 
 1.21500e+02  1.22776e-02 
 1.22000e+02  1.24765e-02 
 1.22500e+02  1.29009e-02 
 1.23000e+02  1.28544e-02 
 1.23500e+02  1.32669e-02 
 1.24000e+02  1.28572e-02 
 1.24500e+02  1.28838e-02 
 1.25000e+02  1.33702e-02 
 1.25500e+02  1.36736e-02 
 1.26000e+02  1.35818e-02 
 1.26500e+02  1.43091e-02 
 1.27000e+02  1.44352e-02 
 1.27500e+02  1.47755e-02 
 1.28000e+02  1.48007e-02 
 1.28500e+02  1.53454e-02 
 1.29000e+02  1.53132e-02 
 1.29500e+02  1.54134e-02 
 1.30000e+02  1.53384e-02 
 1.30500e+02  1.59723e-02 
 1.31000e+02  1.59677e-02 
 1.31500e+02  1.57402e-02 
 1.32000e+02  1.61567e-02 
 1.32500e+02  1.62971e-02 
 1.33000e+02  1.65723e-02 
 1.33500e+02  1.64092e-02 
 1.34000e+02  1.65013e-02 
 1.34500e+02  1.61276e-02 
 1.35000e+02  1.66889e-02 
 1.35500e+02  1.68915e-02 
 1.36000e+02  1.69699e-02 
 1.36500e+02  1.74740e-02 
 1.37000e+02  1.80558e-02 
 1.37500e+02  1.80953e-02 
 1.38000e+02  1.78854e-02 
 1.38500e+02  1.79314e-02 
 1.39000e+02  1.78571e-02 
 1.39500e+02  1.82285e-02 
 1.40000e+02  1.83028e-02 
 1.40500e+02  1.78446e-02 
 1.41000e+02  1.79939e-02 
 1.41500e+02  1.80110e-02 
 1.42000e+02  1.81149e-02 
 1.42500e+02  1.86196e-02 
 1.43000e+02  1.84944e-02 
 1.43500e+02  1.93571e-02 
 1.44000e+02  1.90797e-02 
 1.44500e+02  1.87230e-02 
 1.45000e+02  1.86578e-02 
 1.45500e+02  1.96273e-02 
 1.46000e+02  1.92330e-02 
 1.46500e+02  1.93882e-02 
 1.47000e+02  1.92084e-02 
 1.47500e+02  1.89039e-02 
 1.48000e+02  1.97468e-02 
 1.48500e+02  1.93018e-02 
 1.49000e+02  1.94643e-02 
 1.49500e+02  1.97356e-02 
 1.50000e+02  1.93861e-02 
 1.50500e+02  1.94230e-02 
 1.51000e+02  2.00544e-02 
 1.51500e+02  1.93235e-02 
 1.52000e+02  1.97200e-02 
 1.52500e+02  1.98711e-02 
 1.53000e+02  2.00910e-02 
 1.53500e+02  1.94029e-02 
 1.54000e+02  1.97966e-02 
 1.54500e+02  2.00459e-02 
 1.55000e+02  1.96493e-02 
 1.55500e+02  2.00664e-02 
 1.56000e+02  2.04706e-02 
 1.56500e+02  2.05299e-02 
 1.57000e+02  2.07054e-02 
 1.57500e+02  2.00719e-02 
 1.58000e+02  2.00853e-02 
 1.58500e+02  2.06636e-02 
 1.59000e+02  1.98647e-02 
 1.59500e+02  2.00988e-02 
 1.60000e+02  1.96919e-02 
 1.60500e+02  1.97860e-02 
 1.61000e+02  1.98758e-02 
 1.61500e+02  1.99014e-02 
 1.62000e+02  1.99122e-02 
 1.62500e+02  1.93514e-02 
 1.63000e+02  1.99501e-02 
 1.63500e+02  1.94406e-02 
 1.64000e+02  2.07827e-02 
 1.64500e+02  2.05483e-02 
 1.65000e+02  2.06844e-02 
 1.65500e+02  2.06231e-02 
 1.66000e+02  2.03682e-02 
 1.66500e+02  2.05079e-02 
 1.67000e+02  1.97910e-02 
 1.67500e+02  1.98642e-02 
 1.68000e+02  2.06105e-02 
 1.68500e+02  2.02478e-02 
 1.69000e+02  2.03735e-02 
 1.69500e+02  1.95526e-02 
 1.70000e+02  1.93329e-02 
 1.70500e+02  1.98089e-02 
 1.71000e+02  1.94214e-02 
 1.71500e+02  1.96379e-02 
 1.72000e+02  1.93929e-02 
 1.72500e+02  1.95498e-02 
 1.73000e+02  1.94844e-02 
 1.73500e+02  1.95699e-02 
 1.74000e+02  1.98551e-02 
 1.74500e+02  1.97750e-02 
 1.75000e+02  1.95346e-02 
 1.75500e+02  1.92314e-02 
 1.76000e+02  1.92315e-02 
 1.76500e+02  1.93914e-02 
 1.77000e+02  1.88466e-02 
 1.77500e+02  1.89402e-02 
 1.78000e+02  1.86324e-02 
 1.78500e+02  1.85762e-02 
 1.79000e+02  1.84007e-02 
 1.79500e+02  1.85267e-02 
 1.80000e+02  1.84090e-02 
 1.80500e+02  1.84730e-02 
 1.81000e+02  1.80104e-02 
 1.81500e+02  1.84276e-02 
 1.82000e+02  1.75499e-02 
 1.82500e+02  1.72189e-02 
 1.83000e+02  1.71647e-02 
 1.83500e+02  1.74934e-02 
 1.84000e+02  1.73244e-02 
 1.84500e+02  1.66965e-02 
 1.85000e+02  1.70675e-02 
 1.85500e+02  1.65934e-02 
 1.86000e+02  1.63876e-02 
 1.86500e+02  1.64611e-02 
 1.87000e+02  1.63935e-02 
 1.87500e+02  1.60185e-02 
 1.88000e+02  1.62297e-02 
 1.88500e+02  1.57098e-02 
 1.89000e+02  1.59090e-02 
 1.89500e+02  1.56082e-02 
 1.90000e+02  1.53924e-02 
 1.90500e+02  1.54583e-02 
 1.91000e+02  1.51231e-02 
 1.91500e+02  1.42721e-02 
 1.92000e+02  1.42271e-02 
 1.92500e+02  1.41111e-02 
 1.93000e+02  1.36866e-02 
 1.93500e+02  1.34365e-02 
 1.94000e+02  1.33828e-02 
 1.94500e+02  1.33301e-02 
 1.95000e+02  1.30554e-02 
 1.95500e+02  1.27525e-02 
 1.96000e+02  1.23356e-02 
 1.96500e+02  1.24179e-02 
 1.97000e+02  1.23052e-02 
 1.97500e+02  1.24251e-02 
 1.98000e+02  1.19270e-02 
 1.98500e+02  1.14436e-02 
 1.99000e+02  1.17321e-02 
 1.99500e+02  1.15073e-02 
 2.00000e+02  1.11590e-02 
 2.00500e+02  1.09413e-02 
 2.01000e+02  1.09535e-02 
 2.01500e+02  1.09618e-02 
 2.02000e+02  1.08305e-02 
 2.02500e+02  1.06982e-02 
 2.03000e+02  1.05483e-02 
 2.03500e+02  1.06607e-02 
 2.04000e+02  1.06667e-02 
 2.04500e+02  1.04111e-02 
 2.05000e+02  1.02948e-02 
 2.05500e+02  1.02978e-02 
 2.06000e+02  1.01784e-02 
 2.06500e+02  9.93129e-03 
 2.07000e+02  9.68191e-03 
 2.07500e+02  9.84371e-03 
 2.08000e+02  9.81149e-03 
 2.08500e+02  9.87922e-03 
 2.09000e+02  9.61591e-03 
 2.09500e+02  9.79037e-03 
 2.10000e+02  9.93741e-03 
 2.10500e+02  9.69052e-03 
 2.11000e+02  9.66085e-03 
 2.11500e+02  9.57997e-03 
 2.12000e+02  9.47454e-03 
 2.12500e+02  9.33794e-03 
 2.13000e+02  9.24594e-03 
 2.13500e+02  9.34898e-03 
 2.14000e+02  9.44700e-03 
 2.14500e+02  9.37552e-03 
 2.15000e+02  9.64252e-03 
 2.15500e+02  9.30742e-03 
 2.16000e+02  9.25637e-03 
 2.16500e+02  9.11056e-03 
 2.17000e+02  9.00097e-03 
 2.17500e+02  9.03418e-03 
 2.18000e+02  9.11180e-03 
 2.18500e+02  9.09554e-03 
 2.19000e+02  9.11843e-03 
 2.19500e+02  8.93085e-03 
 2.20000e+02  8.88927e-03 
 2.20500e+02  8.69010e-03 
 2.21000e+02  8.63467e-03 
 2.21500e+02  8.83842e-03 
 2.22000e+02  8.54504e-03 
 2.22500e+02  8.49420e-03 
 2.23000e+02  8.45426e-03 
 2.23500e+02  8.68908e-03 
 2.24000e+02  8.39266e-03 
 2.24500e+02  8.40547e-03 
 2.25000e+02  8.47278e-03 
 2.25500e+02  8.50441e-03 
 2.26000e+02  8.40478e-03 
 2.26500e+02  8.25407e-03 
 2.27000e+02  8.09161e-03 
 2.27500e+02  8.17502e-03 
 2.28000e+02  8.11932e-03 
 2.28500e+02  7.95954e-03 
 2.29000e+02  8.02043e-03 
 2.29500e+02  7.94008e-03 
 2.30000e+02  7.85287e-03 
 2.30500e+02  7.90233e-03 
 2.31000e+02  7.74106e-03 
 2.31500e+02  7.77812e-03 
 2.32000e+02  7.85916e-03 
 2.32500e+02  7.79951e-03 
 2.33000e+02  7.61333e-03 
 2.33500e+02  7.51300e-03 
 2.34000e+02  7.52942e-03 
 2.34500e+02  7.40107e-03 
 2.35000e+02  7.41574e-03 
 2.35500e+02  7.16637e-03 
 2.36000e+02  7.16993e-03 
 2.36500e+02  6.99788e-03 
 2.37000e+02  7.01277e-03 
 2.37500e+02  7.00158e-03 
 2.38000e+02  6.97795e-03 
 2.38500e+02  6.93539e-03 
 2.39000e+02  6.74154e-03 
 2.39500e+02  6.77414e-03 
 2.40000e+02  6.65377e-03 
 2.40500e+02  6.63633e-03 
 2.41000e+02  6.51297e-03 
 2.41500e+02  6.42500e-03 
 2.42000e+02  6.31811e-03 
 2.42500e+02  6.22674e-03 
 2.43000e+02  6.07822e-03 
 2.43500e+02  5.96575e-03 
 2.44000e+02  6.02976e-03 
 2.44500e+02  5.90110e-03 
 2.45000e+02  5.95190e-03 
 2.45500e+02  5.85707e-03 
 2.46000e+02  5.84879e-03 
 2.46500e+02  5.64973e-03 
 2.47000e+02  5.49960e-03 
 2.47500e+02  5.37734e-03 
 2.48000e+02  5.26938e-03 
 2.48500e+02  5.27597e-03 
 2.49000e+02  5.23084e-03 
 2.49500e+02  5.12987e-03 
 2.50000e+02  4.96402e-03 
 2.50500e+02  4.80560e-03 
 2.51000e+02  4.72783e-03 
 2.51500e+02  4.66454e-03 
 2.52000e+02  4.61850e-03 
 2.52500e+02  4.50473e-03 
 2.53000e+02  4.39906e-03 
 2.53500e+02  4.32233e-03 
 2.54000e+02  4.20292e-03 
 2.54500e+02  4.09466e-03 
 2.55000e+02  3.98586e-03 
 2.55500e+02  3.91551e-03 
 2.56000e+02  3.78466e-03 
 2.56500e+02  3.68838e-03 
 2.57000e+02  3.60858e-03 
 2.57500e+02  3.53670e-03 
 2.58000e+02  3.44492e-03 
 2.58500e+02  3.37674e-03 
 2.59000e+02  3.26389e-03 
 2.59500e+02  3.17475e-03 
 2.60000e+02  3.12814e-03 
 2.60500e+02  3.07773e-03 
 2.61000e+02  2.97854e-03 
 2.61500e+02  2.89622e-03 
 2.62000e+02  2.84278e-03 
 2.62500e+02  2.77739e-03 
 2.63000e+02  2.73326e-03 
 2.63500e+02  2.67389e-03 
 2.64000e+02  2.61657e-03 
 2.64500e+02  2.53417e-03 
 2.65000e+02  2.46018e-03 
 2.65500e+02  2.41029e-03 
 2.66000e+02  2.36251e-03 
 2.66500e+02  2.30912e-03 
 2.67000e+02  2.26949e-03 
 2.67500e+02  2.24461e-03 
 2.68000e+02  2.18008e-03 
 2.68500e+02  2.13864e-03 
 2.69000e+02  2.10570e-03 
 2.69500e+02  2.06282e-03 
 2.70000e+02  2.04083e-03 
 2.70500e+02  1.98652e-03 
 2.71000e+02  1.94992e-03 
 2.71500e+02  1.91164e-03 
 2.72000e+02  1.86692e-03 
 2.72500e+02  1.86446e-03 
 2.73000e+02  1.82922e-03 
 2.73500e+02  1.79529e-03 
 2.74000e+02  1.76567e-03 
 2.74500e+02  1.73037e-03 
 2.75000e+02  1.69918e-03 
 2.75500e+02  1.66530e-03 
 2.76000e+02  1.65100e-03 
 2.76500e+02  1.62497e-03 
 2.77000e+02  1.59107e-03 
 2.77500e+02  1.56638e-03 
 2.78000e+02  1.54387e-03 
 2.78500e+02  1.52074e-03 
 2.79000e+02  1.50184e-03 
 2.79500e+02  1.48206e-03 
 2.80000e+02  1.46762e-03 
 2.80500e+02  1.44840e-03 
 2.81000e+02  1.42299e-03 
 2.81500e+02  1.40711e-03 
 2.82000e+02  1.38430e-03 
 2.82500e+02  1.38370e-03 
 2.83000e+02  1.35976e-03 
 2.83500e+02  1.35069e-03 
 2.84000e+02  1.33325e-03 
 2.84500e+02  1.32297e-03 
 2.85000e+02  1.29766e-03 
 2.85500e+02  1.27968e-03 
 2.86000e+02  1.26708e-03 
 2.86500e+02  1.24731e-03 
 2.87000e+02  1.22829e-03 
 2.87500e+02  1.21813e-03 
 2.88000e+02  1.19966e-03 
 2.88500e+02  1.18222e-03 
 2.89000e+02  1.17425e-03 
 2.89500e+02  1.16119e-03 
 2.90000e+02  1.15305e-03 
 2.90500e+02  1.13570e-03 
 2.91000e+02  1.12466e-03 
 2.91500e+02  1.11336e-03 
 2.92000e+02  1.10068e-03 
 2.92500e+02  1.08874e-03 
 2.93000e+02  1.07244e-03 
 2.93500e+02  1.06342e-03 
 2.94000e+02  1.05652e-03 
 2.94500e+02  1.04570e-03 
 2.95000e+02  1.03483e-03 
 2.95500e+02  1.02287e-03 
 2.96000e+02  1.01912e-03 
 2.96500e+02  9.99360e-04 
 2.97000e+02  9.93752e-04 
 2.97500e+02  9.81920e-04 
 2.98000e+02  9.75552e-04 
 2.98500e+02  9.68888e-04 
 2.99000e+02  9.65120e-04 
 2.99500e+02  9.48904e-04 
 3.00000e+02  9.41904e-04 
 3.00500e+02  9.31000e-04 
 3.01000e+02  9.20872e-04 
 3.01500e+02  9.11128e-04 
 3.02000e+02  9.03208e-04 
 3.02500e+02  8.98280e-04 
 3.03000e+02  8.91448e-04 
 3.03500e+02  8.86536e-04 
 3.04000e+02  8.70744e-04 
 3.04500e+02  8.66264e-04 
 3.05000e+02  8.64800e-04 
 3.05500e+02  8.56216e-04 
 3.06000e+02  8.51472e-04 
 3.06500e+02  8.43408e-04 
 3.07000e+02  8.38800e-04 
 3.07500e+02  8.35432e-04 
 3.08000e+02  8.22504e-04 
 3.08500e+02  8.23512e-04 
 3.09000e+02  8.22672e-04 
 3.09500e+02  8.08240e-04 
 3.10000e+02  7.96696e-04 
 3.10500e+02  7.92768e-04 
 3.11000e+02  7.86424e-04 
 3.11500e+02  7.78712e-04 
 3.12000e+02  7.73352e-04 
 3.12500e+02  7.69144e-04 
 3.13000e+02  7.69048e-04 
 3.13500e+02  7.68816e-04 
 3.14000e+02  7.53176e-04 
 3.14500e+02  7.45104e-04 
 3.15000e+02  7.47376e-04 
 3.15500e+02  7.37296e-04 
 3.16000e+02  7.31208e-04 
 3.16500e+02  7.28648e-04 
 3.17000e+02  7.19048e-04 
 3.17500e+02  7.18176e-04 
 3.18000e+02  7.14480e-04 
 3.18500e+02  7.11064e-04 
 3.19000e+02  7.03144e-04 
 3.19500e+02  6.99216e-04 
