 0.00000e+00  6.91440e-04 
 5.00000e-01  6.97368e-04 
 1.00000e+00  7.00360e-04 
 1.50000e+00  7.01848e-04 
 2.00000e+00  7.09616e-04 
 2.50000e+00  7.15376e-04 
 3.00000e+00  7.24432e-04 
 3.50000e+00  7.23400e-04 
 4.00000e+00  7.30576e-04 
 4.50000e+00  7.36000e-04 
 5.00000e+00  7.39960e-04 
 5.50000e+00  7.45408e-04 
 6.00000e+00  7.43080e-04 
 6.50000e+00  7.53136e-04 
 7.00000e+00  7.63368e-04 
 7.50000e+00  7.65112e-04 
 8.00000e+00  7.72776e-04 
 8.50000e+00  7.79952e-04 
 9.00000e+00  7.84056e-04 
 9.50000e+00  7.92096e-04 
 1.00000e+01  7.94048e-04 
 1.05000e+01  8.05744e-04 
 1.10000e+01  8.06896e-04 
 1.15000e+01  8.12784e-04 
 1.20000e+01  8.20616e-04 
 1.25000e+01  8.24864e-04 
 1.30000e+01  8.34880e-04 
 1.35000e+01  8.44672e-04 
 1.40000e+01  8.47760e-04 
 1.45000e+01  8.54568e-04 
 1.50000e+01  8.59768e-04 
 1.55000e+01  8.63064e-04 
 1.60000e+01  8.77824e-04 
 1.65000e+01  8.85352e-04 
 1.70000e+01  8.89272e-04 
 1.75000e+01  8.99712e-04 
 1.80000e+01  9.12096e-04 
 1.85000e+01  9.21376e-04 
 1.90000e+01  9.31512e-04 
 1.95000e+01  9.31672e-04 
 2.00000e+01  9.42664e-04 
 2.05000e+01  9.52592e-04 
 2.10000e+01  9.64840e-04 
 2.15000e+01  9.66432e-04 
 2.20000e+01  9.74696e-04 
 2.25000e+01  9.87208e-04 
 2.30000e+01  9.99056e-04 
 2.35000e+01  1.00569e-03 
 2.40000e+01  1.01709e-03 
 2.45000e+01  1.03143e-03 
 2.50000e+01  1.04199e-03 
 2.55000e+01  1.05246e-03 
 2.60000e+01  1.06639e-03 
 2.65000e+01  1.06581e-03 
 2.70000e+01  1.07535e-03 
 2.75000e+01  1.08901e-03 
 2.80000e+01  1.10101e-03 
 2.85000e+01  1.12358e-03 
 2.90000e+01  1.14233e-03 
 2.95000e+01  1.14547e-03 
 3.00000e+01  1.15182e-03 
 3.05000e+01  1.16154e-03 
 3.10000e+01  1.18343e-03 
 3.15000e+01  1.19293e-03 
 3.20000e+01  1.20496e-03 
 3.25000e+01  1.21423e-03 
 3.30000e+01  1.23034e-03 
 3.35000e+01  1.24698e-03 
 3.40000e+01  1.26258e-03 
 3.45000e+01  1.28379e-03 
 3.50000e+01  1.29599e-03 
 3.55000e+01  1.31476e-03 
 3.60000e+01  1.33254e-03 
 3.65000e+01  1.36101e-03 
 3.70000e+01  1.37779e-03 
 3.75000e+01  1.39994e-03 
 3.80000e+01  1.41829e-03 
 3.85000e+01  1.44065e-03 
 3.90000e+01  1.44627e-03 
 3.95000e+01  1.46351e-03 
 4.00000e+01  1.47951e-03 
 4.05000e+01  1.50940e-03 
 4.10000e+01  1.53837e-03 
 4.15000e+01  1.54634e-03 
 4.20000e+01  1.58226e-03 
 4.25000e+01  1.60086e-03 
 4.30000e+01  1.62293e-03 
 4.35000e+01  1.64605e-03 
 4.40000e+01  1.68479e-03 
 4.45000e+01  1.71726e-03 
 4.50000e+01  1.72688e-03 
 4.55000e+01  1.77020e-03 
 4.60000e+01  1.78442e-03 
 4.65000e+01  1.79762e-03 
 4.70000e+01  1.83555e-03 
 4.75000e+01  1.87258e-03 
 4.80000e+01  1.90276e-03 
 4.85000e+01  1.93844e-03 
 4.90000e+01  1.98832e-03 
 4.95000e+01  2.02003e-03 
 5.00000e+01  2.07875e-03 
 5.05000e+01  2.10458e-03 
 5.10000e+01  2.15560e-03 
 5.15000e+01  2.20783e-03 
 5.20000e+01  2.23933e-03 
 5.25000e+01  2.27083e-03 
 5.30000e+01  2.34430e-03 
 5.35000e+01  2.38741e-03 
 5.40000e+01  2.44460e-03 
 5.45000e+01  2.49087e-03 
 5.50000e+01  2.54490e-03 
 5.55000e+01  2.60816e-03 
 5.60000e+01  2.66664e-03 
 5.65000e+01  2.74857e-03 
 5.70000e+01  2.83406e-03 
 5.75000e+01  2.86238e-03 
 5.80000e+01  2.93204e-03 
 5.85000e+01  2.96494e-03 
 5.90000e+01  3.04994e-03 
 5.95000e+01  3.14072e-03 
 6.00000e+01  3.23221e-03 
 6.05000e+01  3.31570e-03 
 6.10000e+01  3.37878e-03 
 6.15000e+01  3.43498e-03 
 6.20000e+01  3.52533e-03 
 6.25000e+01  3.63542e-03 
 6.30000e+01  3.74746e-03 
 6.35000e+01  3.85035e-03 
 6.40000e+01  3.92142e-03 
 6.45000e+01  3.94852e-03 
 6.50000e+01  4.06822e-03 
 6.55000e+01  4.20762e-03 
 6.60000e+01  4.33466e-03 
 6.65000e+01  4.41130e-03 
 6.70000e+01  4.46352e-03 
 6.75000e+01  4.57491e-03 
 6.80000e+01  4.71693e-03 
 6.85000e+01  4.78690e-03 
 6.90000e+01  4.99480e-03 
 6.95000e+01  4.99440e-03 
 7.00000e+01  5.11590e-03 
 7.05000e+01  5.19500e-03 
 7.10000e+01  5.29650e-03 
 7.15000e+01  5.38296e-03 
 7.20000e+01  5.50198e-03 
 7.25000e+01  5.60098e-03 
 7.30000e+01  5.61362e-03 
 7.35000e+01  5.75986e-03 
 7.40000e+01  5.85748e-03 
 7.45000e+01  5.98704e-03 
 7.50000e+01  6.07521e-03 
 7.55000e+01  6.23646e-03 
 7.60000e+01  6.20197e-03 
 7.65000e+01  6.38541e-03 
 7.70000e+01  6.43431e-03 
 7.75000e+01  6.49092e-03 
 7.80000e+01  6.56278e-03 
 7.85000e+01  6.62952e-03 
 7.90000e+01  6.78207e-03 
 7.95000e+01  6.89262e-03 
 8.00000e+01  6.93659e-03 
 8.05000e+01  6.98251e-03 
 8.10000e+01  7.09312e-03 
 8.15000e+01  7.13262e-03 
 8.20000e+01  7.21636e-03 
 8.25000e+01  7.20110e-03 
 8.30000e+01  7.29410e-03 
 8.35000e+01  7.23450e-03 
 8.40000e+01  7.36435e-03 
 8.45000e+01  7.46910e-03 
 8.50000e+01  7.56278e-03 
 8.55000e+01  7.61107e-03 
 8.60000e+01  7.70206e-03 
 8.65000e+01  7.86854e-03 
 8.70000e+01  7.77347e-03 
 8.75000e+01  7.87558e-03 
 8.80000e+01  7.89170e-03 
 8.85000e+01  8.01794e-03 
 8.90000e+01  8.03533e-03 
 8.95000e+01  8.04478e-03 
 9.00000e+01  8.25991e-03 
 9.05000e+01  8.29364e-03 
 9.10000e+01  8.05054e-03 
 9.15000e+01  8.26756e-03 
 9.20000e+01  8.40371e-03 
 9.25000e+01  8.36576e-03 
 9.30000e+01  8.45392e-03 
 9.35000e+01  8.52198e-03 
 9.40000e+01  8.47305e-03 
 9.45000e+01  8.70163e-03 
 9.50000e+01  8.43630e-03 
 9.55000e+01  8.58528e-03 
 9.60000e+01  8.64748e-03 
 9.65000e+01  8.90545e-03 
 9.70000e+01  8.88266e-03 
 9.75000e+01  8.87590e-03 
 9.80000e+01  8.89582e-03 
 9.85000e+01  8.77528e-03 
 9.90000e+01  8.97390e-03 
 9.95000e+01  8.90442e-03 
 1.00000e+02  9.03627e-03 
 1.00500e+02  8.94301e-03 
 1.01000e+02  9.14269e-03 
 1.01500e+02  9.30573e-03 
 1.02000e+02  9.31903e-03 
 1.02500e+02  9.17254e-03 
 1.03000e+02  9.19032e-03 
 1.03500e+02  9.12284e-03 
 1.04000e+02  9.06726e-03 
 1.04500e+02  9.28422e-03 
 1.05000e+02  9.22267e-03 
 1.05500e+02  9.51323e-03 
 1.06000e+02  9.75158e-03 
 1.06500e+02  9.50218e-03 
 1.07000e+02  9.54907e-03 
 1.07500e+02  9.89118e-03 
 1.08000e+02  9.76079e-03 
 1.08500e+02  9.82140e-03 
 1.09000e+02  9.96334e-03 
 1.09500e+02  9.86646e-03 
 1.10000e+02  1.01195e-02 
 1.10500e+02  1.00870e-02 
 1.11000e+02  1.00746e-02 
 1.11500e+02  1.01617e-02 
 1.12000e+02  1.03439e-02 
 1.12500e+02  1.02254e-02 
 1.13000e+02  1.02995e-02 
 1.13500e+02  1.00940e-02 
 1.14000e+02  1.02513e-02 
 1.14500e+02  1.06398e-02 
 1.15000e+02  1.06316e-02 
 1.15500e+02  1.06461e-02 
 1.16000e+02  1.09172e-02 
 1.16500e+02  1.10564e-02 
 1.17000e+02  1.13939e-02 
 1.17500e+02  1.12242e-02 
 1.18000e+02  1.12243e-02 
 1.18500e+02  1.17108e-02 
 1.19000e+02  1.16192e-02 
 1.19500e+02  1.18232e-02 
 1.20000e+02  1.18036e-02 
 1.20500e+02  1.20106e-02 
 1.21000e+02  1.20456e-02 
 1.21500e+02  1.21728e-02 
 1.22000e+02  1.22407e-02 
 1.22500e+02  1.23440e-02 
 1.23000e+02  1.27520e-02 
 1.23500e+02  1.27162e-02 
 1.24000e+02  1.26987e-02 
 1.24500e+02  1.30006e-02 
 1.25000e+02  1.32763e-02 
 1.25500e+02  1.31275e-02 
 1.26000e+02  1.30198e-02 
 1.26500e+02  1.34595e-02 
 1.27000e+02  1.35064e-02 
 1.27500e+02  1.39822e-02 
 1.28000e+02  1.38714e-02 
 1.28500e+02  1.40154e-02 
 1.29000e+02  1.42246e-02 
 1.29500e+02  1.46286e-02 
 1.30000e+02  1.50474e-02 
 1.30500e+02  1.49153e-02 
 1.31000e+02  1.51806e-02 
 1.31500e+02  1.55283e-02 
 1.32000e+02  1.57726e-02 
 1.32500e+02  1.60053e-02 
 1.33000e+02  1.62453e-02 
 1.33500e+02  1.63789e-02 
 1.34000e+02  1.64786e-02 
 1.34500e+02  1.64112e-02 
 1.35000e+02  1.71361e-02 
 1.35500e+02  1.73074e-02 
 1.36000e+02  1.70122e-02 
 1.36500e+02  1.71654e-02 
 1.37000e+02  1.72199e-02 
 1.37500e+02  1.74707e-02 
 1.38000e+02  1.78034e-02 
 1.38500e+02  1.81368e-02 
 1.39000e+02  1.82459e-02 
 1.39500e+02  1.83084e-02 
 1.40000e+02  1.83288e-02 
 1.40500e+02  1.85749e-02 
 1.41000e+02  1.82557e-02 
 1.41500e+02  1.82251e-02 
 1.42000e+02  1.82789e-02 
 1.42500e+02  1.88247e-02 
 1.43000e+02  1.89940e-02 
 1.43500e+02  1.87766e-02 
 1.44000e+02  1.88155e-02 
 1.44500e+02  1.89710e-02 
 1.45000e+02  1.94318e-02 
 1.45500e+02  1.96904e-02 
 1.46000e+02  1.95622e-02 
 1.46500e+02  1.97531e-02 
 1.47000e+02  2.01152e-02 
 1.47500e+02  1.91534e-02 
 1.48000e+02  1.97829e-02 
 1.48500e+02  1.98142e-02 
 1.49000e+02  2.03249e-02 
 1.49500e+02  1.98361e-02 
 1.50000e+02  2.04801e-02 
 1.50500e+02  2.07594e-02 
 1.51000e+02  2.01742e-02 
 1.51500e+02  2.12841e-02 
 1.52000e+02  2.11527e-02 
 1.52500e+02  2.07693e-02 
 1.53000e+02  2.06252e-02 
 1.53500e+02  2.05308e-02 
 1.54000e+02  2.07212e-02 
 1.54500e+02  2.10115e-02 
 1.55000e+02  2.08164e-02 
 1.55500e+02  2.11508e-02 
 1.56000e+02  2.04503e-02 
 1.56500e+02  2.04405e-02 
 1.57000e+02  2.05758e-02 
 1.57500e+02  2.08237e-02 
 1.58000e+02  2.09763e-02 
 1.58500e+02  2.07064e-02 
 1.59000e+02  2.08866e-02 
 1.59500e+02  2.04099e-02 
 1.60000e+02  2.01564e-02 
 1.60500e+02  2.06671e-02 
 1.61000e+02  2.09435e-02 
 1.61500e+02  2.17690e-02 
 1.62000e+02  2.08502e-02 
 1.62500e+02  2.07016e-02 
 1.63000e+02  2.03838e-02 
 1.63500e+02  2.01635e-02 
 1.64000e+02  2.00253e-02 
 1.64500e+02  1.97647e-02 
 1.65000e+02  2.06416e-02 
 1.65500e+02  1.98121e-02 
 1.66000e+02  2.00914e-02 
 1.66500e+02  2.02614e-02 
 1.67000e+02  2.01386e-02 
 1.67500e+02  2.02924e-02 
 1.68000e+02  2.04024e-02 
 1.68500e+02  2.00186e-02 
 1.69000e+02  1.98728e-02 
 1.69500e+02  1.94306e-02 
 1.70000e+02  1.95850e-02 
 1.70500e+02  1.97330e-02 
 1.71000e+02  2.01851e-02 
 1.71500e+02  1.97916e-02 
 1.72000e+02  1.95642e-02 
 1.72500e+02  1.93701e-02 
 1.73000e+02  1.91737e-02 
 1.73500e+02  1.93457e-02 
 1.74000e+02  1.95264e-02 
 1.74500e+02  1.97447e-02 
 1.75000e+02  1.96284e-02 
 1.75500e+02  1.91251e-02 
 1.76000e+02  1.94068e-02 
 1.76500e+02  1.89346e-02 
 1.77000e+02  1.88048e-02 
 1.77500e+02  1.94530e-02 
 1.78000e+02  1.89259e-02 
 1.78500e+02  1.83633e-02 
 1.79000e+02  1.86261e-02 
 1.79500e+02  1.78209e-02 
 1.80000e+02  1.80578e-02 
 1.80500e+02  1.73530e-02 
 1.81000e+02  1.77563e-02 
 1.81500e+02  1.76081e-02 
 1.82000e+02  1.75146e-02 
 1.82500e+02  1.80374e-02 
 1.83000e+02  1.78697e-02 
 1.83500e+02  1.73559e-02 
 1.84000e+02  1.76668e-02 
 1.84500e+02  1.75109e-02 
 1.85000e+02  1.75415e-02 
 1.85500e+02  1.70764e-02 
 1.86000e+02  1.67624e-02 
 1.86500e+02  1.71864e-02 
 1.87000e+02  1.72634e-02 
 1.87500e+02  1.68815e-02 
 1.88000e+02  1.62884e-02 
 1.88500e+02  1.63342e-02 
 1.89000e+02  1.56000e-02 
 1.89500e+02  1.55405e-02 
 1.90000e+02  1.53476e-02 
 1.90500e+02  1.49709e-02 
 1.91000e+02  1.47411e-02 
 1.91500e+02  1.47564e-02 
 1.92000e+02  1.45361e-02 
 1.92500e+02  1.40662e-02 
 1.93000e+02  1.38930e-02 
 1.93500e+02  1.33583e-02 
 1.94000e+02  1.33902e-02 
 1.94500e+02  1.33845e-02 
 1.95000e+02  1.35212e-02 
 1.95500e+02  1.28219e-02 
 1.96000e+02  1.27062e-02 
 1.96500e+02  1.26381e-02 
 1.97000e+02  1.24689e-02 
 1.97500e+02  1.23946e-02 
 1.98000e+02  1.22499e-02 
 1.98500e+02  1.19292e-02 
 1.99000e+02  1.19326e-02 
 1.99500e+02  1.17304e-02 
 2.00000e+02  1.19039e-02 
 2.00500e+02  1.18826e-02 
 2.01000e+02  1.16652e-02 
 2.01500e+02  1.15711e-02 
 2.02000e+02  1.09206e-02 
 2.02500e+02  1.08537e-02 
 2.03000e+02  1.07378e-02 
 2.03500e+02  1.07628e-02 
 2.04000e+02  1.07656e-02 
 2.04500e+02  1.04950e-02 
 2.05000e+02  1.04472e-02 
 2.05500e+02  1.02467e-02 
 2.06000e+02  1.03450e-02 
 2.06500e+02  1.01989e-02 
 2.07000e+02  1.02179e-02 
 2.07500e+02  1.02042e-02 
 2.08000e+02  1.01321e-02 
 2.08500e+02  1.00136e-02 
 2.09000e+02  9.92313e-03 
 2.09500e+02  9.65151e-03 
 2.10000e+02  9.61221e-03 
 2.10500e+02  9.59550e-03 
 2.11000e+02  9.48270e-03 
 2.11500e+02  9.64567e-03 
 2.12000e+02  9.52442e-03 
 2.12500e+02  9.41048e-03 
 2.13000e+02  9.45482e-03 
 2.13500e+02  9.43411e-03 
 2.14000e+02  9.17102e-03 
 2.14500e+02  9.17586e-03 
 2.15000e+02  9.28846e-03 
 2.15500e+02  9.26488e-03 
 2.16000e+02  9.03990e-03 
 2.16500e+02  9.09378e-03 
 2.17000e+02  9.08069e-03 
 2.17500e+02  8.87696e-03 
 2.18000e+02  8.91119e-03 
 2.18500e+02  9.13514e-03 
 2.19000e+02  9.06214e-03 
 2.19500e+02  9.17522e-03 
 2.20000e+02  8.81915e-03 
 2.20500e+02  8.81944e-03 
 2.21000e+02  8.89711e-03 
 2.21500e+02  8.70920e-03 
 2.22000e+02  8.67891e-03 
 2.22500e+02  8.68758e-03 
 2.23000e+02  8.64489e-03 
 2.23500e+02  8.63513e-03 
 2.24000e+02  8.50908e-03 
 2.24500e+02  8.67849e-03 
 2.25000e+02  8.50202e-03 
 2.25500e+02  8.58276e-03 
 2.26000e+02  8.45130e-03 
 2.26500e+02  8.26269e-03 
 2.27000e+02  8.29862e-03 
 2.27500e+02  8.37914e-03 
 2.28000e+02  8.21604e-03 
 2.28500e+02  8.23654e-03 
 2.29000e+02  8.15522e-03 
 2.29500e+02  8.02030e-03 
 2.30000e+02  8.05878e-03 
 2.30500e+02  7.94041e-03 
 2.31000e+02  7.89638e-03 
 2.31500e+02  7.76440e-03 
 2.32000e+02  7.70036e-03 
 2.32500e+02  7.68147e-03 
 2.33000e+02  7.62922e-03 
 2.33500e+02  7.63410e-03 
 2.34000e+02  7.47837e-03 
 2.34500e+02  7.50078e-03 
 2.35000e+02  7.57239e-03 
 2.35500e+02  7.33035e-03 
 2.36000e+02  7.16791e-03 
 2.36500e+02  7.00525e-03 
 2.37000e+02  7.14780e-03 
 2.37500e+02  6.93098e-03 
 2.38000e+02  6.97136e-03 
 2.38500e+02  6.82323e-03 
 2.39000e+02  6.81366e-03 
 2.39500e+02  6.84141e-03 
 2.40000e+02  6.79620e-03 
 2.40500e+02  6.59401e-03 
 2.41000e+02  6.56630e-03 
 2.41500e+02  6.43476e-03 
 2.42000e+02  6.37566e-03 
 2.42500e+02  6.26832e-03 
 2.43000e+02  6.28007e-03 
 2.43500e+02  6.21760e-03 
 2.44000e+02  6.14636e-03 
 2.44500e+02  6.03171e-03 
 2.45000e+02  6.00302e-03 
 2.45500e+02  5.82532e-03 
 2.46000e+02  5.79441e-03 
 2.46500e+02  5.64572e-03 
 2.47000e+02  5.55229e-03 
 2.47500e+02  5.49729e-03 
 2.48000e+02  5.35468e-03 
 2.48500e+02  5.29628e-03 
 2.49000e+02  5.24186e-03 
 2.49500e+02  5.15102e-03 
 2.50000e+02  4.95559e-03 
 2.50500e+02  4.88534e-03 
 2.51000e+02  4.81523e-03 
 2.51500e+02  4.70847e-03 
 2.52000e+02  4.59201e-03 
 2.52500e+02  4.54882e-03 
 2.53000e+02  4.43448e-03 
 2.53500e+02  4.32945e-03 
 2.54000e+02  4.30303e-03 
 2.54500e+02  4.12013e-03 
 2.55000e+02  4.03557e-03 
 2.55500e+02  3.98192e-03 
 2.56000e+02  3.89918e-03 
 2.56500e+02  3.78806e-03 
 2.57000e+02  3.67475e-03 
 2.57500e+02  3.57400e-03 
 2.58000e+02  3.46100e-03 
 2.58500e+02  3.41504e-03 
 2.59000e+02  3.34048e-03 
 2.59500e+02  3.23975e-03 
 2.60000e+02  3.18241e-03 
 2.60500e+02  3.10128e-03 
 2.61000e+02  3.01885e-03 
 2.61500e+02  2.92915e-03 
 2.62000e+02  2.84486e-03 
 2.62500e+02  2.78719e-03 
 2.63000e+02  2.72978e-03 
 2.63500e+02  2.67684e-03 
 2.64000e+02  2.61087e-03 
 2.64500e+02  2.55766e-03 
 2.65000e+02  2.49402e-03 
 2.65500e+02  2.43657e-03 
 2.66000e+02  2.38721e-03 
 2.66500e+02  2.33609e-03 
 2.67000e+02  2.29323e-03 
 2.67500e+02  2.22936e-03 
 2.68000e+02  2.19059e-03 
 2.68500e+02  2.13663e-03 
 2.69000e+02  2.10542e-03 
 2.69500e+02  2.05372e-03 
 2.70000e+02  2.00786e-03 
 2.70500e+02  1.97067e-03 
 2.71000e+02  1.94793e-03 
 2.71500e+02  1.91644e-03 
 2.72000e+02  1.87581e-03 
 2.72500e+02  1.84190e-03 
 2.73000e+02  1.81038e-03 
 2.73500e+02  1.77683e-03 
 2.74000e+02  1.74782e-03 
 2.74500e+02  1.70750e-03 
 2.75000e+02  1.68751e-03 
 2.75500e+02  1.65679e-03 
 2.76000e+02  1.63056e-03 
 2.76500e+02  1.60087e-03 
 2.77000e+02  1.56496e-03 
 2.77500e+02  1.53462e-03 
 2.78000e+02  1.51854e-03 
 2.78500e+02  1.49595e-03 
 2.79000e+02  1.47504e-03 
 2.79500e+02  1.45906e-03 
 2.80000e+02  1.43280e-03 
 2.80500e+02  1.40782e-03 
 2.81000e+02  1.39298e-03 
 2.81500e+02  1.37330e-03 
 2.82000e+02  1.36004e-03 
 2.82500e+02  1.33675e-03 
 2.83000e+02  1.33086e-03 
 2.83500e+02  1.31047e-03 
 2.84000e+02  1.28378e-03 
 2.84500e+02  1.27251e-03 
 2.85000e+02  1.26357e-03 
 2.85500e+02  1.24765e-03 
 2.86000e+02  1.22567e-03 
 2.86500e+02  1.21424e-03 
 2.87000e+02  1.20733e-03 
 2.87500e+02  1.18951e-03 
 2.88000e+02  1.17322e-03 
 2.88500e+02  1.16367e-03 
 2.89000e+02  1.15881e-03 
 2.89500e+02  1.13533e-03 
 2.90000e+02  1.12766e-03 
 2.90500e+02  1.11519e-03 
 2.91000e+02  1.10647e-03 
 2.91500e+02  1.09835e-03 
 2.92000e+02  1.08330e-03 
 2.92500e+02  1.06503e-03 
 2.93000e+02  1.05313e-03 
 2.93500e+02  1.04578e-03 
 2.94000e+02  1.04377e-03 
 2.94500e+02  1.03091e-03 
 2.95000e+02  1.02159e-03 
 2.95500e+02  1.00798e-03 
 2.96000e+02  9.99912e-04 
 2.96500e+02  9.83616e-04 
 2.97000e+02  9.74952e-04 
 2.97500e+02  9.66256e-04 
 2.98000e+02  9.57192e-04 
 2.98500e+02  9.45080e-04 
 2.99000e+02  9.35320e-04 
 2.99500e+02  9.27448e-04 
 3.00000e+02  9.17320e-04 
 3.00500e+02  9.14456e-04 
 3.01000e+02  9.12640e-04 
 3.01500e+02  8.98960e-04 
 3.02000e+02  8.94904e-04 
 3.02500e+02  8.88624e-04 
 3.03000e+02  8.91440e-04 
 3.03500e+02  8.72832e-04 
 3.04000e+02  8.65720e-04 
 3.04500e+02  8.63752e-04 
 3.05000e+02  8.58744e-04 
 3.05500e+02  8.52984e-04 
 3.06000e+02  8.43032e-04 
 3.06500e+02  8.36624e-04 
 3.07000e+02  8.30888e-04 
 3.07500e+02  8.20912e-04 
 3.08000e+02  8.11552e-04 
 3.08500e+02  8.03592e-04 
 3.09000e+02  7.93080e-04 
 3.09500e+02  7.89040e-04 
 3.10000e+02  7.81096e-04 
 3.10500e+02  7.73544e-04 
 3.11000e+02  7.77472e-04 
 3.11500e+02  7.69400e-04 
 3.12000e+02  7.64864e-04 
 3.12500e+02  7.52376e-04 
 3.13000e+02  7.53328e-04 
 3.13500e+02  7.47896e-04 
 3.14000e+02  7.42344e-04 
 3.14500e+02  7.36312e-04 
 3.15000e+02  7.30624e-04 
 3.15500e+02  7.25008e-04 
 3.16000e+02  7.18760e-04 
 3.16500e+02  7.14960e-04 
 3.17000e+02  7.05408e-04 
 3.17500e+02  6.99424e-04 
 3.18000e+02  6.93928e-04 
 3.18500e+02  6.89544e-04 
 3.19000e+02  6.87696e-04 
 3.19500e+02  6.85048e-04 
