 0.00000e+00  6.91344e-04 
 5.00000e-01  6.96160e-04 
 1.00000e+00  6.99632e-04 
 1.50000e+00  7.10824e-04 
 2.00000e+00  7.13968e-04 
 2.50000e+00  7.19296e-04 
 3.00000e+00  7.26352e-04 
 3.50000e+00  7.33992e-04 
 4.00000e+00  7.36352e-04 
 4.50000e+00  7.37848e-04 
 5.00000e+00  7.50288e-04 
 5.50000e+00  7.52912e-04 
 6.00000e+00  7.61928e-04 
 6.50000e+00  7.66248e-04 
 7.00000e+00  7.72424e-04 
 7.50000e+00  7.69688e-04 
 8.00000e+00  7.82576e-04 
 8.50000e+00  7.86088e-04 
 9.00000e+00  7.95008e-04 
 9.50000e+00  7.99288e-04 
 1.00000e+01  7.97360e-04 
 1.05000e+01  8.07768e-04 
 1.10000e+01  8.14992e-04 
 1.15000e+01  8.25856e-04 
 1.20000e+01  8.26208e-04 
 1.25000e+01  8.39904e-04 
 1.30000e+01  8.45752e-04 
 1.35000e+01  8.49448e-04 
 1.40000e+01  8.55520e-04 
 1.45000e+01  8.69208e-04 
 1.50000e+01  8.71792e-04 
 1.55000e+01  8.78312e-04 
 1.60000e+01  8.84336e-04 
 1.65000e+01  8.95952e-04 
 1.70000e+01  8.94312e-04 
 1.75000e+01  9.02536e-04 
 1.80000e+01  9.19328e-04 
 1.85000e+01  9.20072e-04 
 1.90000e+01  9.31064e-04 
 1.95000e+01  9.39976e-04 
 2.00000e+01  9.54888e-04 
 2.05000e+01  9.60152e-04 
 2.10000e+01  9.78392e-04 
 2.15000e+01  9.82056e-04 
 2.20000e+01  9.91176e-04 
 2.25000e+01  9.93792e-04 
 2.30000e+01  1.00150e-03 
 2.35000e+01  1.01999e-03 
 2.40000e+01  1.03174e-03 
 2.45000e+01  1.03677e-03 
 2.50000e+01  1.03910e-03 
 2.55000e+01  1.05907e-03 
 2.60000e+01  1.06623e-03 
 2.65000e+01  1.07074e-03 
 2.70000e+01  1.07886e-03 
 2.75000e+01  1.08866e-03 
 2.80000e+01  1.10363e-03 
 2.85000e+01  1.12009e-03 
 2.90000e+01  1.12760e-03 
 2.95000e+01  1.15082e-03 
 3.00000e+01  1.15237e-03 
 3.05000e+01  1.17206e-03 
 3.10000e+01  1.18606e-03 
 3.15000e+01  1.19415e-03 
 3.20000e+01  1.21262e-03 
 3.25000e+01  1.22130e-03 
 3.30000e+01  1.23578e-03 
 3.35000e+01  1.25987e-03 
 3.40000e+01  1.28741e-03 
 3.45000e+01  1.29387e-03 
 3.50000e+01  1.30712e-03 
 3.55000e+01  1.32374e-03 
 3.60000e+01  1.32912e-03 
 3.65000e+01  1.35166e-03 
 3.70000e+01  1.37193e-03 
 3.75000e+01  1.38846e-03 
 3.80000e+01  1.41054e-03 
 3.85000e+01  1.43549e-03 
 3.90000e+01  1.45897e-03 
 3.95000e+01  1.48123e-03 
 4.00000e+01  1.49317e-03 
 4.05000e+01  1.51635e-03 
 4.10000e+01  1.54430e-03 
 4.15000e+01  1.57149e-03 
 4.20000e+01  1.58629e-03 
 4.25000e+01  1.60432e-03 
 4.30000e+01  1.62600e-03 
 4.35000e+01  1.65771e-03 
 4.40000e+01  1.68934e-03 
 4.45000e+01  1.72122e-03 
 4.50000e+01  1.74556e-03 
 4.55000e+01  1.76305e-03 
 4.60000e+01  1.80302e-03 
 4.65000e+01  1.84024e-03 
 4.70000e+01  1.85532e-03 
 4.75000e+01  1.88827e-03 
 4.80000e+01  1.90998e-03 
 4.85000e+01  1.95485e-03 
 4.90000e+01  1.98893e-03 
 4.95000e+01  2.04134e-03 
 5.00000e+01  2.07700e-03 
 5.05000e+01  2.11234e-03 
 5.10000e+01  2.15263e-03 
 5.15000e+01  2.19552e-03 
 5.20000e+01  2.23941e-03 
 5.25000e+01  2.27998e-03 
 5.30000e+01  2.34815e-03 
 5.35000e+01  2.40254e-03 
 5.40000e+01  2.44690e-03 
 5.45000e+01  2.52270e-03 
 5.50000e+01  2.57474e-03 
 5.55000e+01  2.61848e-03 
 5.60000e+01  2.65191e-03 
 5.65000e+01  2.73441e-03 
 5.70000e+01  2.78491e-03 
 5.75000e+01  2.85494e-03 
 5.80000e+01  2.95819e-03 
 5.85000e+01  3.02303e-03 
 5.90000e+01  3.09677e-03 
 5.95000e+01  3.18487e-03 
 6.00000e+01  3.25336e-03 
 6.05000e+01  3.30056e-03 
 6.10000e+01  3.37198e-03 
 6.15000e+01  3.48110e-03 
 6.20000e+01  3.55989e-03 
 6.25000e+01  3.65026e-03 
 6.30000e+01  3.75442e-03 
 6.35000e+01  3.82151e-03 
 6.40000e+01  3.88736e-03 
 6.45000e+01  3.96507e-03 
 6.50000e+01  4.07640e-03 
 6.55000e+01  4.19579e-03 
 6.60000e+01  4.30658e-03 
 6.65000e+01  4.41161e-03 
 6.70000e+01  4.52741e-03 
 6.75000e+01  4.62599e-03 
 6.80000e+01  4.69416e-03 
 6.85000e+01  4.82139e-03 
 6.90000e+01  4.92690e-03 
 6.95000e+01  4.98065e-03 
 7.00000e+01  5.15286e-03 
 7.05000e+01  5.23056e-03 
 7.10000e+01  5.24683e-03 
 7.15000e+01  5.35799e-03 
 7.20000e+01  5.52000e-03 
 7.25000e+01  5.61371e-03 
 7.30000e+01  5.70100e-03 
 7.35000e+01  5.83758e-03 
 7.40000e+01  5.87382e-03 
 7.45000e+01  5.96770e-03 
 7.50000e+01  5.99546e-03 
 7.55000e+01  6.04502e-03 
 7.60000e+01  6.17202e-03 
 7.65000e+01  6.22544e-03 
 7.70000e+01  6.29192e-03 
 7.75000e+01  6.30203e-03 
 7.80000e+01  6.20638e-03 
 7.85000e+01  6.32853e-03 
 7.90000e+01  6.56422e-03 
 7.95000e+01  6.77093e-03 
 8.00000e+01  6.75638e-03 
 8.05000e+01  6.95856e-03 
 8.10000e+01  7.10934e-03 
 8.15000e+01  7.12727e-03 
 8.20000e+01  7.02141e-03 
 8.25000e+01  6.99197e-03 
 8.30000e+01  7.13702e-03 
 8.35000e+01  7.26148e-03 
 8.40000e+01  7.32344e-03 
 8.45000e+01  7.29438e-03 
 8.50000e+01  7.34331e-03 
 8.55000e+01  7.43962e-03 
 8.60000e+01  7.43248e-03 
 8.65000e+01  7.66233e-03 
 8.70000e+01  7.68781e-03 
 8.75000e+01  7.71825e-03 
 8.80000e+01  7.78649e-03 
 8.85000e+01  7.90477e-03 
 8.90000e+01  7.83050e-03 
 8.95000e+01  8.02545e-03 
 9.00000e+01  8.18607e-03 
 9.05000e+01  8.11037e-03 
 9.10000e+01  8.19788e-03 
 9.15000e+01  8.27470e-03 
 9.20000e+01  8.25097e-03 
 9.25000e+01  8.29830e-03 
 9.30000e+01  8.39132e-03 
 9.35000e+01  8.34814e-03 
 9.40000e+01  8.22781e-03 
 9.45000e+01  8.42939e-03 
 9.50000e+01  8.54956e-03 
 9.55000e+01  8.57294e-03 
 9.60000e+01  8.51685e-03 
 9.65000e+01  8.67011e-03 
 9.70000e+01  8.70573e-03 
 9.75000e+01  8.61806e-03 
 9.80000e+01  8.73821e-03 
 9.85000e+01  8.65308e-03 
 9.90000e+01  8.85140e-03 
 9.95000e+01  9.10111e-03 
 1.00000e+02  8.82424e-03 
 1.00500e+02  9.07227e-03 
 1.01000e+02  8.98921e-03 
 1.01500e+02  8.99123e-03 
 1.02000e+02  8.91615e-03 
 1.02500e+02  9.12495e-03 
 1.03000e+02  9.10528e-03 
 1.03500e+02  9.18230e-03 
 1.04000e+02  8.98568e-03 
 1.04500e+02  9.23172e-03 
 1.05000e+02  9.35424e-03 
 1.05500e+02  9.25015e-03 
 1.06000e+02  9.47125e-03 
 1.06500e+02  9.44566e-03 
 1.07000e+02  9.64403e-03 
 1.07500e+02  9.40054e-03 
 1.08000e+02  9.60911e-03 
 1.08500e+02  9.60231e-03 
 1.09000e+02  9.90988e-03 
 1.09500e+02  9.62202e-03 
 1.10000e+02  9.72427e-03 
 1.10500e+02  9.68526e-03 
 1.11000e+02  9.86660e-03 
 1.11500e+02  9.96547e-03 
 1.12000e+02  9.94869e-03 
 1.12500e+02  9.90839e-03 
 1.13000e+02  1.00371e-02 
 1.13500e+02  1.02725e-02 
 1.14000e+02  1.03475e-02 
 1.14500e+02  1.05839e-02 
 1.15000e+02  1.05476e-02 
 1.15500e+02  1.02141e-02 
 1.16000e+02  1.06279e-02 
 1.16500e+02  1.06602e-02 
 1.17000e+02  1.05501e-02 
 1.17500e+02  1.08868e-02 
 1.18000e+02  1.07947e-02 
 1.18500e+02  1.08886e-02 
 1.19000e+02  1.13431e-02 
 1.19500e+02  1.17068e-02 
 1.20000e+02  1.16490e-02 
 1.20500e+02  1.22404e-02 
 1.21000e+02  1.18372e-02 
 1.21500e+02  1.20094e-02 
 1.22000e+02  1.25809e-02 
 1.22500e+02  1.30202e-02 
 1.23000e+02  1.33738e-02 
 1.23500e+02  1.33047e-02 
 1.24000e+02  1.33123e-02 
 1.24500e+02  1.35492e-02 
 1.25000e+02  1.37054e-02 
 1.25500e+02  1.38286e-02 
 1.26000e+02  1.37682e-02 
 1.26500e+02  1.44114e-02 
 1.27000e+02  1.44185e-02 
 1.27500e+02  1.47257e-02 
 1.28000e+02  1.45587e-02 
 1.28500e+02  1.46215e-02 
 1.29000e+02  1.44988e-02 
 1.29500e+02  1.50223e-02 
 1.30000e+02  1.50665e-02 
 1.30500e+02  1.57730e-02 
 1.31000e+02  1.54149e-02 
 1.31500e+02  1.58600e-02 
 1.32000e+02  1.59697e-02 
 1.32500e+02  1.68269e-02 
 1.33000e+02  1.69101e-02 
 1.33500e+02  1.69305e-02 
 1.34000e+02  1.72916e-02 
 1.34500e+02  1.77087e-02 
 1.35000e+02  1.73782e-02 
 1.35500e+02  1.80674e-02 
 1.36000e+02  1.75383e-02 
 1.36500e+02  1.78978e-02 
 1.37000e+02  1.79199e-02 
 1.37500e+02  1.81246e-02 
 1.38000e+02  1.78557e-02 
 1.38500e+02  1.76812e-02 
 1.39000e+02  1.79962e-02 
 1.39500e+02  1.83686e-02 
 1.40000e+02  1.85219e-02 
 1.40500e+02  1.91427e-02 
 1.41000e+02  1.86376e-02 
 1.41500e+02  1.85527e-02 
 1.42000e+02  1.90509e-02 
 1.42500e+02  1.96359e-02 
 1.43000e+02  1.97645e-02 
 1.43500e+02  1.96134e-02 
 1.44000e+02  1.92821e-02 
 1.44500e+02  1.97832e-02 
 1.45000e+02  1.94262e-02 
 1.45500e+02  1.99874e-02 
 1.46000e+02  1.98835e-02 
 1.46500e+02  1.95851e-02 
 1.47000e+02  1.95170e-02 
 1.47500e+02  2.00122e-02 
 1.48000e+02  2.01348e-02 
 1.48500e+02  1.93244e-02 
 1.49000e+02  1.96862e-02 
 1.49500e+02  1.97114e-02 
 1.50000e+02  1.98029e-02 
 1.50500e+02  2.03862e-02 
 1.51000e+02  2.00948e-02 
 1.51500e+02  1.92377e-02 
 1.52000e+02  1.98651e-02 
 1.52500e+02  1.99277e-02 
 1.53000e+02  1.96362e-02 
 1.53500e+02  1.96974e-02 
 1.54000e+02  2.03312e-02 
 1.54500e+02  2.01632e-02 
 1.55000e+02  2.02936e-02 
 1.55500e+02  2.01624e-02 
 1.56000e+02  2.01143e-02 
 1.56500e+02  2.00519e-02 
 1.57000e+02  2.05227e-02 
 1.57500e+02  2.01904e-02 
 1.58000e+02  1.99870e-02 
 1.58500e+02  2.01673e-02 
 1.59000e+02  2.00949e-02 
 1.59500e+02  2.03973e-02 
 1.60000e+02  2.03409e-02 
 1.60500e+02  1.99996e-02 
 1.61000e+02  1.99963e-02 
 1.61500e+02  2.00368e-02 
 1.62000e+02  1.98756e-02 
 1.62500e+02  1.96616e-02 
 1.63000e+02  2.05360e-02 
 1.63500e+02  1.93820e-02 
 1.64000e+02  1.94593e-02 
 1.64500e+02  1.91343e-02 
 1.65000e+02  1.94073e-02 
 1.65500e+02  1.93775e-02 
 1.66000e+02  1.97924e-02 
 1.66500e+02  1.98066e-02 
 1.67000e+02  1.92886e-02 
 1.67500e+02  1.93283e-02 
 1.68000e+02  1.93163e-02 
 1.68500e+02  1.94365e-02 
 1.69000e+02  1.92680e-02 
 1.69500e+02  1.96275e-02 
 1.70000e+02  1.93556e-02 
 1.70500e+02  1.98178e-02 
 1.71000e+02  1.95658e-02 
 1.71500e+02  1.98498e-02 
 1.72000e+02  1.93334e-02 
 1.72500e+02  1.96788e-02 
 1.73000e+02  1.95145e-02 
 1.73500e+02  1.97126e-02 
 1.74000e+02  1.90630e-02 
 1.74500e+02  1.89420e-02 
 1.75000e+02  1.85396e-02 
 1.75500e+02  1.90075e-02 
 1.76000e+02  1.87346e-02 
 1.76500e+02  1.90030e-02 
 1.77000e+02  1.83221e-02 
 1.77500e+02  1.89896e-02 
 1.78000e+02  1.85475e-02 
 1.78500e+02  1.86388e-02 
 1.79000e+02  1.85523e-02 
 1.79500e+02  1.82568e-02 
 1.80000e+02  1.82118e-02 
 1.80500e+02  1.83467e-02 
 1.81000e+02  1.84907e-02 
 1.81500e+02  1.83274e-02 
 1.82000e+02  1.76783e-02 
 1.82500e+02  1.77565e-02 
 1.83000e+02  1.74212e-02 
 1.83500e+02  1.73632e-02 
 1.84000e+02  1.70182e-02 
 1.84500e+02  1.73472e-02 
 1.85000e+02  1.72287e-02 
 1.85500e+02  1.69264e-02 
 1.86000e+02  1.61131e-02 
 1.86500e+02  1.62879e-02 
 1.87000e+02  1.63844e-02 
 1.87500e+02  1.57880e-02 
 1.88000e+02  1.59181e-02 
 1.88500e+02  1.58049e-02 
 1.89000e+02  1.55513e-02 
 1.89500e+02  1.57219e-02 
 1.90000e+02  1.55468e-02 
 1.90500e+02  1.55166e-02 
 1.91000e+02  1.52571e-02 
 1.91500e+02  1.49107e-02 
 1.92000e+02  1.46301e-02 
 1.92500e+02  1.42046e-02 
 1.93000e+02  1.40412e-02 
 1.93500e+02  1.40058e-02 
 1.94000e+02  1.34901e-02 
 1.94500e+02  1.31183e-02 
 1.95000e+02  1.29797e-02 
 1.95500e+02  1.26005e-02 
 1.96000e+02  1.28699e-02 
 1.96500e+02  1.25859e-02 
 1.97000e+02  1.26111e-02 
 1.97500e+02  1.20413e-02 
 1.98000e+02  1.23518e-02 
 1.98500e+02  1.23622e-02 
 1.99000e+02  1.17625e-02 
 1.99500e+02  1.13896e-02 
 2.00000e+02  1.14147e-02 
 2.00500e+02  1.15397e-02 
 2.01000e+02  1.13237e-02 
 2.01500e+02  1.10087e-02 
 2.02000e+02  1.07138e-02 
 2.02500e+02  1.07188e-02 
 2.03000e+02  1.05387e-02 
 2.03500e+02  1.06374e-02 
 2.04000e+02  1.05018e-02 
 2.04500e+02  1.03931e-02 
 2.05000e+02  1.02103e-02 
 2.05500e+02  1.00210e-02 
 2.06000e+02  1.01014e-02 
 2.06500e+02  9.99498e-03 
 2.07000e+02  1.00584e-02 
 2.07500e+02  9.77887e-03 
 2.08000e+02  9.88106e-03 
 2.08500e+02  1.00259e-02 
 2.09000e+02  9.68310e-03 
 2.09500e+02  9.68659e-03 
 2.10000e+02  9.78307e-03 
 2.10500e+02  9.74762e-03 
 2.11000e+02  9.64998e-03 
 2.11500e+02  9.72450e-03 
 2.12000e+02  9.61702e-03 
 2.12500e+02  9.37510e-03 
 2.13000e+02  9.29424e-03 
 2.13500e+02  9.34994e-03 
 2.14000e+02  9.50747e-03 
 2.14500e+02  9.59657e-03 
 2.15000e+02  9.34363e-03 
 2.15500e+02  9.17790e-03 
 2.16000e+02  9.43906e-03 
 2.16500e+02  9.27202e-03 
 2.17000e+02  9.22070e-03 
 2.17500e+02  8.98011e-03 
 2.18000e+02  9.03356e-03 
 2.18500e+02  8.84712e-03 
 2.19000e+02  8.94211e-03 
 2.19500e+02  8.87738e-03 
 2.20000e+02  9.00404e-03 
 2.20500e+02  8.95493e-03 
 2.21000e+02  8.92790e-03 
 2.21500e+02  8.78242e-03 
 2.22000e+02  8.56009e-03 
 2.22500e+02  8.64490e-03 
 2.23000e+02  8.64866e-03 
 2.23500e+02  8.54785e-03 
 2.24000e+02  8.51226e-03 
 2.24500e+02  8.66936e-03 
 2.25000e+02  8.52322e-03 
 2.25500e+02  8.51668e-03 
 2.26000e+02  8.40128e-03 
 2.26500e+02  8.30841e-03 
 2.27000e+02  8.15767e-03 
 2.27500e+02  8.09669e-03 
 2.28000e+02  8.07031e-03 
 2.28500e+02  7.98727e-03 
 2.29000e+02  8.18406e-03 
 2.29500e+02  7.98410e-03 
 2.30000e+02  8.01662e-03 
 2.30500e+02  7.85241e-03 
 2.31000e+02  7.82254e-03 
 2.31500e+02  7.80011e-03 
 2.32000e+02  7.72370e-03 
 2.32500e+02  7.83646e-03 
 2.33000e+02  7.68313e-03 
 2.33500e+02  7.65562e-03 
 2.34000e+02  7.51482e-03 
 2.34500e+02  7.55042e-03 
 2.35000e+02  7.33902e-03 
 2.35500e+02  7.22154e-03 
 2.36000e+02  7.30590e-03 
 2.36500e+02  7.18811e-03 
 2.37000e+02  7.18602e-03 
 2.37500e+02  7.20542e-03 
 2.38000e+02  7.17094e-03 
 2.38500e+02  7.16615e-03 
 2.39000e+02  7.09577e-03 
 2.39500e+02  6.96678e-03 
 2.40000e+02  6.80821e-03 
 2.40500e+02  6.66854e-03 
 2.41000e+02  6.55954e-03 
 2.41500e+02  6.61798e-03 
 2.42000e+02  6.50810e-03 
 2.42500e+02  6.39104e-03 
 2.43000e+02  6.22471e-03 
 2.43500e+02  6.25086e-03 
 2.44000e+02  6.15869e-03 
 2.44500e+02  5.93914e-03 
 2.45000e+02  5.87440e-03 
 2.45500e+02  5.74485e-03 
 2.46000e+02  5.66921e-03 
 2.46500e+02  5.58354e-03 
 2.47000e+02  5.56234e-03 
 2.47500e+02  5.44702e-03 
 2.48000e+02  5.33062e-03 
 2.48500e+02  5.27984e-03 
 2.49000e+02  5.11902e-03 
 2.49500e+02  5.07048e-03 
 2.50000e+02  4.96443e-03 
 2.50500e+02  4.88974e-03 
 2.51000e+02  4.76281e-03 
 2.51500e+02  4.72967e-03 
 2.52000e+02  4.62778e-03 
 2.52500e+02  4.47739e-03 
 2.53000e+02  4.37030e-03 
 2.53500e+02  4.28134e-03 
 2.54000e+02  4.19954e-03 
 2.54500e+02  4.11366e-03 
 2.55000e+02  3.98308e-03 
 2.55500e+02  3.88385e-03 
 2.56000e+02  3.77176e-03 
 2.56500e+02  3.68773e-03 
 2.57000e+02  3.62418e-03 
 2.57500e+02  3.54130e-03 
 2.58000e+02  3.49194e-03 
 2.58500e+02  3.40330e-03 
 2.59000e+02  3.33594e-03 
 2.59500e+02  3.24014e-03 
 2.60000e+02  3.14542e-03 
 2.60500e+02  3.05878e-03 
 2.61000e+02  2.99152e-03 
 2.61500e+02  2.92573e-03 
 2.62000e+02  2.85553e-03 
 2.62500e+02  2.80536e-03 
 2.63000e+02  2.73421e-03 
 2.63500e+02  2.68759e-03 
 2.64000e+02  2.60022e-03 
 2.64500e+02  2.54589e-03 
 2.65000e+02  2.47270e-03 
 2.65500e+02  2.43096e-03 
 2.66000e+02  2.37186e-03 
 2.66500e+02  2.33034e-03 
 2.67000e+02  2.27569e-03 
 2.67500e+02  2.24873e-03 
 2.68000e+02  2.22476e-03 
 2.68500e+02  2.16890e-03 
 2.69000e+02  2.15498e-03 
 2.69500e+02  2.11738e-03 
 2.70000e+02  2.05622e-03 
 2.70500e+02  2.00311e-03 
 2.71000e+02  1.97050e-03 
 2.71500e+02  1.94859e-03 
 2.72000e+02  1.89932e-03 
 2.72500e+02  1.86023e-03 
 2.73000e+02  1.83305e-03 
 2.73500e+02  1.79833e-03 
 2.74000e+02  1.77182e-03 
 2.74500e+02  1.74903e-03 
 2.75000e+02  1.71213e-03 
 2.75500e+02  1.68492e-03 
 2.76000e+02  1.65862e-03 
 2.76500e+02  1.63497e-03 
 2.77000e+02  1.60521e-03 
 2.77500e+02  1.58659e-03 
 2.78000e+02  1.54900e-03 
 2.78500e+02  1.53047e-03 
 2.79000e+02  1.51450e-03 
 2.79500e+02  1.49252e-03 
 2.80000e+02  1.47886e-03 
 2.80500e+02  1.44555e-03 
 2.81000e+02  1.42262e-03 
 2.81500e+02  1.41358e-03 
 2.82000e+02  1.40060e-03 
 2.82500e+02  1.39384e-03 
 2.83000e+02  1.37343e-03 
 2.83500e+02  1.35413e-03 
 2.84000e+02  1.32958e-03 
 2.84500e+02  1.30474e-03 
 2.85000e+02  1.28975e-03 
 2.85500e+02  1.27360e-03 
 2.86000e+02  1.26046e-03 
 2.86500e+02  1.23878e-03 
 2.87000e+02  1.22214e-03 
 2.87500e+02  1.21295e-03 
 2.88000e+02  1.19937e-03 
 2.88500e+02  1.18042e-03 
 2.89000e+02  1.16486e-03 
 2.89500e+02  1.15255e-03 
 2.90000e+02  1.14294e-03 
 2.90500e+02  1.12370e-03 
 2.91000e+02  1.10575e-03 
 2.91500e+02  1.09946e-03 
 2.92000e+02  1.09212e-03 
 2.92500e+02  1.08670e-03 
 2.93000e+02  1.07670e-03 
 2.93500e+02  1.05998e-03 
 2.94000e+02  1.04794e-03 
 2.94500e+02  1.03662e-03 
 2.95000e+02  1.02094e-03 
 2.95500e+02  1.01582e-03 
 2.96000e+02  1.01219e-03 
 2.96500e+02  1.00772e-03 
 2.97000e+02  1.00134e-03 
 2.97500e+02  9.95688e-04 
 2.98000e+02  9.82576e-04 
 2.98500e+02  9.75608e-04 
 2.99000e+02  9.64304e-04 
 2.99500e+02  9.47880e-04 
 3.00000e+02  9.39456e-04 
 3.00500e+02  9.26872e-04 
 3.01000e+02  9.23320e-04 
 3.01500e+02  9.10848e-04 
 3.02000e+02  9.06016e-04 
 3.02500e+02  8.97248e-04 
 3.03000e+02  8.85136e-04 
 3.03500e+02  8.79928e-04 
 3.04000e+02  8.77992e-04 
 3.04500e+02  8.64784e-04 
 3.05000e+02  8.59816e-04 
 3.05500e+02  8.61976e-04 
 3.06000e+02  8.57536e-04 
 3.06500e+02  8.47608e-04 
 3.07000e+02  8.46392e-04 
 3.07500e+02  8.36000e-04 
 3.08000e+02  8.30800e-04 
 3.08500e+02  8.20520e-04 
 3.09000e+02  8.13160e-04 
 3.09500e+02  8.04464e-04 
 3.10000e+02  7.98328e-04 
 3.10500e+02  7.94088e-04 
 3.11000e+02  7.86984e-04 
 3.11500e+02  7.78728e-04 
 3.12000e+02  7.73640e-04 
 3.12500e+02  7.61672e-04 
 3.13000e+02  7.57464e-04 
 3.13500e+02  7.54920e-04 
 3.14000e+02  7.54832e-04 
 3.14500e+02  7.45464e-04 
 3.15000e+02  7.44696e-04 
 3.15500e+02  7.34784e-04 
 3.16000e+02  7.34272e-04 
 3.16500e+02  7.28768e-04 
 3.17000e+02  7.24680e-04 
 3.17500e+02  7.17560e-04 
 3.18000e+02  7.10752e-04 
 3.18500e+02  7.03352e-04 
 3.19000e+02  7.10792e-04 
 3.19500e+02  7.04792e-04 
