 0.00000e+00  0.00000e+00 
 5.00000e-01  0.00000e+00 
 1.00000e+00  0.00000e+00 
 1.50000e+00  0.00000e+00 
 2.00000e+00  0.00000e+00 
 2.50000e+00  0.00000e+00 
 3.00000e+00  0.00000e+00 
 3.50000e+00  0.00000e+00 
 4.00000e+00  0.00000e+00 
 4.50000e+00  0.00000e+00 
 5.00000e+00  0.00000e+00 
 5.50000e+00  0.00000e+00 
 6.00000e+00  0.00000e+00 
 6.50000e+00  0.00000e+00 
 7.00000e+00  0.00000e+00 
 7.50000e+00  0.00000e+00 
 8.00000e+00  0.00000e+00 
 8.50000e+00  0.00000e+00 
 9.00000e+00  0.00000e+00 
 9.50000e+00  0.00000e+00 
 1.00000e+01  0.00000e+00 
 1.05000e+01  0.00000e+00 
 1.10000e+01  0.00000e+00 
 1.15000e+01  0.00000e+00 
 1.20000e+01  0.00000e+00 
 1.25000e+01  0.00000e+00 
 1.30000e+01  0.00000e+00 
 1.35000e+01  0.00000e+00 
 1.40000e+01  0.00000e+00 
 1.45000e+01  0.00000e+00 
 1.50000e+01  0.00000e+00 
 1.55000e+01  0.00000e+00 
 1.60000e+01  0.00000e+00 
 1.65000e+01  0.00000e+00 
 1.70000e+01  9.36000e-07 
 1.75000e+01  1.09600e-06 
 1.80000e+01  7.60000e-07 
 1.85000e+01  5.36000e-07 
 1.90000e+01  4.88000e-07 
 1.95000e+01  4.56000e-07 
 2.00000e+01  4.00000e-07 
 2.05000e+01  3.52000e-07 
 2.10000e+01  4.40000e-07 
 2.15000e+01  7.12000e-07 
 2.20000e+01  5.92000e-07 
 2.25000e+01  5.44000e-07 
 2.30000e+01  5.20000e-07 
 2.35000e+01  4.56000e-07 
 2.40000e+01  4.32000e-07 
 2.45000e+01  4.24000e-07 
 2.50000e+01  4.08000e-07 
 2.55000e+01  4.00000e-07 
 2.60000e+01  3.92000e-07 
 2.65000e+01  3.60000e-07 
 2.70000e+01  3.52000e-07 
 2.75000e+01  3.44000e-07 
 2.80000e+01  3.36000e-07 
 2.85000e+01  3.28000e-07 
 2.90000e+01  3.20000e-07 
 2.95000e+01  3.20000e-07 
 3.00000e+01  3.12000e-07 
 3.05000e+01  3.04000e-07 
 3.10000e+01  3.04000e-07 
 3.15000e+01  2.80000e-07 
 3.20000e+01  2.88000e-07 
 3.25000e+01  2.80000e-07 
 3.30000e+01  2.80000e-07 
 3.35000e+01  2.80000e-07 
 3.40000e+01  2.72000e-07 
 3.45000e+01  2.72000e-07 
 3.50000e+01  2.64000e-07 
 3.55000e+01  2.56000e-07 
 3.60000e+01  2.64000e-07 
 3.65000e+01  1.78400e-06 
 3.70000e+01  1.47200e-06 
 3.75000e+01  1.10400e-06 
 3.80000e+01  9.12000e-07 
 3.85000e+01  8.24000e-07 
 3.90000e+01  7.68000e-07 
 3.95000e+01  7.20000e-07 
 4.00000e+01  1.31200e-06 
 4.05000e+01  2.72000e-06 
 4.10000e+01  2.40000e-06 
 4.15000e+01  1.82400e-06 
 4.20000e+01  2.67200e-06 
 4.25000e+01  2.03200e-06 
 4.30000e+01  1.79200e-06 
 4.35000e+01  1.66400e-06 
 4.40000e+01  1.52800e-06 
 4.45000e+01  1.47200e-06 
 4.50000e+01  3.92000e-06 
 4.55000e+01  2.47200e-06 
 4.60000e+01  2.59200e-06 
 4.65000e+01  4.42400e-06 
 4.70000e+01  3.04000e-06 
 4.75000e+01  4.76000e-06 
 4.80000e+01  3.51200e-06 
 4.85000e+01  3.01600e-06 
 4.90000e+01  2.82400e-06 
 4.95000e+01  2.54400e-06 
 5.00000e+01  2.48000e-06 
 5.05000e+01  4.21600e-06 
 5.10000e+01  4.44800e-06 
 5.15000e+01  6.07200e-06 
 5.20000e+01  4.44800e-06 
 5.25000e+01  7.00000e-06 
 5.30000e+01  5.09600e-06 
 5.35000e+01  4.54400e-06 
 5.40000e+01  7.13600e-06 
 5.45000e+01  5.92000e-06 
 5.50000e+01  1.08960e-05 
 5.55000e+01  8.66400e-06 
 5.60000e+01  9.11200e-06 
 5.65000e+01  1.22560e-05 
 5.70000e+01  1.55040e-05 
 5.75000e+01  1.54480e-05 
 5.80000e+01  1.21200e-05 
 5.85000e+01  1.08080e-05 
 5.90000e+01  9.96800e-06 
 5.95000e+01  1.92480e-05 
 6.00000e+01  1.75520e-05 
 6.05000e+01  1.45280e-05 
 6.10000e+01  1.97120e-05 
 6.15000e+01  2.17200e-05 
 6.20000e+01  2.34880e-05 
 6.25000e+01  3.13520e-05 
 6.30000e+01  2.97520e-05 
 6.35000e+01  2.45680e-05 
 6.40000e+01  3.04320e-05 
 6.45000e+01  2.66960e-05 
 6.50000e+01  3.16320e-05 
 6.55000e+01  2.79920e-05 
 6.60000e+01  2.88960e-05 
 6.65000e+01  2.74960e-05 
 6.70000e+01  3.08480e-05 
 6.75000e+01  3.57200e-05 
 6.80000e+01  4.57360e-05 
 6.85000e+01  4.16320e-05 
 6.90000e+01  4.27680e-05 
 6.95000e+01  3.63760e-05 
 7.00000e+01  6.31600e-05 
 7.05000e+01  4.83120e-05 
 7.10000e+01  7.24000e-05 
 7.15000e+01  7.30960e-05 
 7.20000e+01  7.79840e-05 
 7.25000e+01  8.42640e-05 
 7.30000e+01  8.12080e-05 
 7.35000e+01  7.81680e-05 
 7.40000e+01  7.72400e-05 
 7.45000e+01  7.17120e-05 
 7.50000e+01  1.01496e-04 
 7.55000e+01  1.01400e-04 
 7.60000e+01  9.97600e-05 
 7.65000e+01  9.33680e-05 
 7.70000e+01  1.14960e-04 
 7.75000e+01  1.38920e-04 
 7.80000e+01  1.17384e-04 
 7.85000e+01  1.31360e-04 
 7.90000e+01  1.24144e-04 
 7.95000e+01  1.26424e-04 
 8.00000e+01  1.31040e-04 
 8.05000e+01  1.58952e-04 
 8.10000e+01  1.61312e-04 
 8.15000e+01  1.86080e-04 
 8.20000e+01  2.08272e-04 
 8.25000e+01  2.01448e-04 
 8.30000e+01  1.88344e-04 
 8.35000e+01  2.23984e-04 
 8.40000e+01  2.42368e-04 
 8.45000e+01  2.12152e-04 
 8.50000e+01  1.99992e-04 
 8.55000e+01  2.02624e-04 
 8.60000e+01  2.32856e-04 
 8.65000e+01  2.24840e-04 
 8.70000e+01  2.37528e-04 
 8.75000e+01  2.40120e-04 
 8.80000e+01  2.26248e-04 
 8.85000e+01  2.61080e-04 
 8.90000e+01  2.66952e-04 
 8.95000e+01  2.50808e-04 
 9.00000e+01  3.13680e-04 
 9.05000e+01  3.39664e-04 
 9.10000e+01  3.17368e-04 
 9.15000e+01  3.01568e-04 
 9.20000e+01  2.89296e-04 
 9.25000e+01  3.24368e-04 
 9.30000e+01  3.38600e-04 
 9.35000e+01  3.78968e-04 
 9.40000e+01  3.67328e-04 
 9.45000e+01  3.59680e-04 
 9.50000e+01  3.28536e-04 
 9.55000e+01  3.28008e-04 
 9.60000e+01  3.50480e-04 
 9.65000e+01  3.46264e-04 
 9.70000e+01  3.69176e-04 
 9.75000e+01  4.42088e-04 
 9.80000e+01  4.53224e-04 
 9.85000e+01  5.08688e-04 
 9.90000e+01  4.66728e-04 
 9.95000e+01  3.83344e-04 
 1.00000e+02  3.55960e-04 
 1.00500e+02  3.66240e-04 
 1.01000e+02  3.89080e-04 
 1.01500e+02  4.44912e-04 
 1.02000e+02  4.79352e-04 
 1.02500e+02  4.30280e-04 
 1.03000e+02  4.13912e-04 
 1.03500e+02  4.08600e-04 
 1.04000e+02  4.21616e-04 
 1.04500e+02  4.34304e-04 
 1.05000e+02  4.48584e-04 
 1.05500e+02  5.28688e-04 
 1.06000e+02  5.38168e-04 
 1.06500e+02  5.27704e-04 
 1.07000e+02  6.95208e-04 
 1.07500e+02  7.03496e-04 
 1.08000e+02  6.81288e-04 
 1.08500e+02  7.82992e-04 
 1.09000e+02  7.59456e-04 
 1.09500e+02  7.24560e-04 
 1.10000e+02  7.73640e-04 
 1.10500e+02  8.64992e-04 
 1.11000e+02  8.19448e-04 
 1.11500e+02  8.50936e-04 
 1.12000e+02  9.07448e-04 
 1.12500e+02  9.19088e-04 
 1.13000e+02  8.96536e-04 
 1.13500e+02  1.08206e-03 
 1.14000e+02  1.18984e-03 
 1.14500e+02  1.12346e-03 
 1.15000e+02  1.28396e-03 
 1.15500e+02  1.39359e-03 
 1.16000e+02  1.40858e-03 
 1.16500e+02  1.54081e-03 
 1.17000e+02  1.75351e-03 
 1.17500e+02  1.82302e-03 
 1.18000e+02  1.88850e-03 
 1.18500e+02  2.03751e-03 
 1.19000e+02  2.11250e-03 
 1.19500e+02  2.34342e-03 
 1.20000e+02  2.19243e-03 
 1.20500e+02  2.25375e-03 
 1.21000e+02  2.39131e-03 
 1.21500e+02  2.53398e-03 
 1.22000e+02  2.65307e-03 
 1.22500e+02  2.71060e-03 
 1.23000e+02  2.86222e-03 
 1.23500e+02  3.00700e-03 
 1.24000e+02  3.08454e-03 
 1.24500e+02  3.11022e-03 
 1.25000e+02  3.40663e-03 
 1.25500e+02  3.42934e-03 
 1.26000e+02  3.42749e-03 
 1.26500e+02  3.76087e-03 
 1.27000e+02  3.78968e-03 
 1.27500e+02  4.07468e-03 
 1.28000e+02  4.02845e-03 
 1.28500e+02  4.23838e-03 
 1.29000e+02  4.33379e-03 
 1.29500e+02  4.83133e-03 
 1.30000e+02  5.07814e-03 
 1.30500e+02  5.21012e-03 
 1.31000e+02  5.15948e-03 
 1.31500e+02  5.61070e-03 
 1.32000e+02  5.95539e-03 
 1.32500e+02  6.23130e-03 
 1.33000e+02  6.27067e-03 
 1.33500e+02  6.46777e-03 
 1.34000e+02  6.67715e-03 
 1.34500e+02  6.74049e-03 
 1.35000e+02  7.01420e-03 
 1.35500e+02  7.22765e-03 
 1.36000e+02  7.28742e-03 
 1.36500e+02  7.10639e-03 
 1.37000e+02  7.19250e-03 
 1.37500e+02  7.90864e-03 
 1.38000e+02  7.76915e-03 
 1.38500e+02  8.18967e-03 
 1.39000e+02  8.26228e-03 
 1.39500e+02  8.45181e-03 
 1.40000e+02  8.41048e-03 
 1.40500e+02  8.53939e-03 
 1.41000e+02  8.30553e-03 
 1.41500e+02  8.39210e-03 
 1.42000e+02  8.49052e-03 
 1.42500e+02  8.63716e-03 
 1.43000e+02  9.00573e-03 
 1.43500e+02  9.01014e-03 
 1.44000e+02  8.89467e-03 
 1.44500e+02  8.94036e-03 
 1.45000e+02  9.70721e-03 
 1.45500e+02  9.51071e-03 
 1.46000e+02  9.80642e-03 
 1.46500e+02  9.79622e-03 
 1.47000e+02  9.98982e-03 
 1.47500e+02  9.30568e-03 
 1.48000e+02  9.74299e-03 
 1.48500e+02  1.01236e-02 
 1.49000e+02  9.92354e-03 
 1.49500e+02  1.02203e-02 
 1.50000e+02  1.04187e-02 
 1.50500e+02  1.01911e-02 
 1.51000e+02  1.05396e-02 
 1.51500e+02  1.09147e-02 
 1.52000e+02  1.10951e-02 
 1.52500e+02  1.08085e-02 
 1.53000e+02  1.02779e-02 
 1.53500e+02  1.05442e-02 
 1.54000e+02  1.09240e-02 
 1.54500e+02  1.05671e-02 
 1.55000e+02  1.09315e-02 
 1.55500e+02  1.08615e-02 
 1.56000e+02  1.05077e-02 
 1.56500e+02  1.04829e-02 
 1.57000e+02  1.05544e-02 
 1.57500e+02  1.07860e-02 
 1.58000e+02  1.10164e-02 
 1.58500e+02  1.08854e-02 
 1.59000e+02  1.05141e-02 
 1.59500e+02  1.06072e-02 
 1.60000e+02  1.00944e-02 
 1.60500e+02  1.05292e-02 
 1.61000e+02  1.08887e-02 
 1.61500e+02  1.13551e-02 
 1.62000e+02  1.08982e-02 
 1.62500e+02  1.04783e-02 
 1.63000e+02  1.06757e-02 
 1.63500e+02  9.98870e-03 
 1.64000e+02  9.84603e-03 
 1.64500e+02  1.02051e-02 
 1.65000e+02  1.03562e-02 
 1.65500e+02  1.01770e-02 
 1.66000e+02  1.00767e-02 
 1.66500e+02  1.00596e-02 
 1.67000e+02  1.03097e-02 
 1.67500e+02  1.04574e-02 
 1.68000e+02  1.02427e-02 
 1.68500e+02  1.01016e-02 
 1.69000e+02  9.78370e-03 
 1.69500e+02  9.72714e-03 
 1.70000e+02  9.65504e-03 
 1.70500e+02  9.70590e-03 
 1.71000e+02  9.99414e-03 
 1.71500e+02  1.01188e-02 
 1.72000e+02  9.54036e-03 
 1.72500e+02  9.25119e-03 
 1.73000e+02  9.32767e-03 
 1.73500e+02  9.59181e-03 
 1.74000e+02  9.22096e-03 
 1.74500e+02  9.63973e-03 
 1.75000e+02  9.39422e-03 
 1.75500e+02  9.49454e-03 
 1.76000e+02  8.88230e-03 
 1.76500e+02  9.06203e-03 
 1.77000e+02  9.04167e-03 
 1.77500e+02  9.39607e-03 
 1.78000e+02  9.00411e-03 
 1.78500e+02  8.38868e-03 
 1.79000e+02  8.45883e-03 
 1.79500e+02  8.17293e-03 
 1.80000e+02  7.89819e-03 
 1.80500e+02  7.69938e-03 
 1.81000e+02  7.73510e-03 
 1.81500e+02  7.62275e-03 
 1.82000e+02  7.78417e-03 
 1.82500e+02  8.06591e-03 
 1.83000e+02  7.86313e-03 
 1.83500e+02  7.66167e-03 
 1.84000e+02  7.73448e-03 
 1.84500e+02  7.73058e-03 
 1.85000e+02  7.56034e-03 
 1.85500e+02  7.08247e-03 
 1.86000e+02  7.09522e-03 
 1.86500e+02  7.35849e-03 
 1.87000e+02  7.23214e-03 
 1.87500e+02  6.74090e-03 
 1.88000e+02  6.58624e-03 
 1.88500e+02  6.23596e-03 
 1.89000e+02  5.77696e-03 
 1.89500e+02  5.70685e-03 
 1.90000e+02  5.41408e-03 
 1.90500e+02  5.20325e-03 
 1.91000e+02  4.98269e-03 
 1.91500e+02  5.10679e-03 
 1.92000e+02  4.56701e-03 
 1.92500e+02  4.29211e-03 
 1.93000e+02  4.15038e-03 
 1.93500e+02  3.83790e-03 
 1.94000e+02  3.78886e-03 
 1.94500e+02  3.78028e-03 
 1.95000e+02  3.58226e-03 
 1.95500e+02  3.32149e-03 
 1.96000e+02  3.18797e-03 
 1.96500e+02  2.90592e-03 
 1.97000e+02  3.06279e-03 
 1.97500e+02  2.62785e-03 
 1.98000e+02  2.49750e-03 
 1.98500e+02  2.42541e-03 
 1.99000e+02  2.55793e-03 
 1.99500e+02  2.22859e-03 
 2.00000e+02  2.18511e-03 
 2.00500e+02  2.24082e-03 
 2.01000e+02  1.98981e-03 
 2.01500e+02  1.74578e-03 
 2.02000e+02  1.69890e-03 
 2.02500e+02  1.58348e-03 
 2.03000e+02  1.39954e-03 
 2.03500e+02  1.33374e-03 
 2.04000e+02  1.22496e-03 
 2.04500e+02  1.06477e-03 
 2.05000e+02  1.02195e-03 
 2.05500e+02  9.78544e-04 
 2.06000e+02  1.05008e-03 
 2.06500e+02  9.99928e-04 
 2.07000e+02  8.75392e-04 
 2.07500e+02  8.82224e-04 
 2.08000e+02  8.60240e-04 
 2.08500e+02  7.25584e-04 
 2.09000e+02  7.16240e-04 
 2.09500e+02  6.15456e-04 
 2.10000e+02  5.45184e-04 
 2.10500e+02  4.63016e-04 
 2.11000e+02  4.94848e-04 
 2.11500e+02  4.86544e-04 
 2.12000e+02  4.42216e-04 
 2.12500e+02  4.47912e-04 
 2.13000e+02  4.10072e-04 
 2.13500e+02  4.01048e-04 
 2.14000e+02  4.06952e-04 
 2.14500e+02  5.09168e-04 
 2.15000e+02  4.15352e-04 
 2.15500e+02  3.44848e-04 
 2.16000e+02  3.43376e-04 
 2.16500e+02  3.49128e-04 
 2.17000e+02  3.81536e-04 
 2.17500e+02  3.68728e-04 
 2.18000e+02  3.72976e-04 
 2.18500e+02  3.59816e-04 
 2.19000e+02  3.44424e-04 
 2.19500e+02  3.28920e-04 
 2.20000e+02  3.40400e-04 
 2.20500e+02  3.27056e-04 
 2.21000e+02  3.54904e-04 
 2.21500e+02  3.12712e-04 
 2.22000e+02  3.17416e-04 
 2.22500e+02  3.18960e-04 
 2.23000e+02  3.13064e-04 
 2.23500e+02  2.80408e-04 
 2.24000e+02  2.60824e-04 
 2.24500e+02  2.70016e-04 
 2.25000e+02  3.07696e-04 
 2.25500e+02  2.70392e-04 
 2.26000e+02  2.45000e-04 
 2.26500e+02  2.38880e-04 
 2.27000e+02  2.13896e-04 
 2.27500e+02  2.46120e-04 
 2.28000e+02  2.02056e-04 
 2.28500e+02  1.94336e-04 
 2.29000e+02  2.02680e-04 
 2.29500e+02  2.14536e-04 
 2.30000e+02  1.78872e-04 
 2.30500e+02  1.72304e-04 
 2.31000e+02  1.54192e-04 
 2.31500e+02  1.69096e-04 
 2.32000e+02  1.71496e-04 
 2.32500e+02  1.56912e-04 
 2.33000e+02  1.61560e-04 
 2.33500e+02  1.66896e-04 
 2.34000e+02  1.53792e-04 
 2.34500e+02  1.61032e-04 
 2.35000e+02  1.95680e-04 
 2.35500e+02  1.57152e-04 
 2.36000e+02  1.40992e-04 
 2.36500e+02  1.28040e-04 
 2.37000e+02  1.17448e-04 
 2.37500e+02  1.23296e-04 
 2.38000e+02  1.14768e-04 
 2.38500e+02  1.14168e-04 
 2.39000e+02  1.16712e-04 
 2.39500e+02  1.23632e-04 
 2.40000e+02  1.10864e-04 
 2.40500e+02  1.19256e-04 
 2.41000e+02  1.30968e-04 
 2.41500e+02  1.15912e-04 
 2.42000e+02  1.18528e-04 
 2.42500e+02  1.04688e-04 
 2.43000e+02  1.03816e-04 
 2.43500e+02  1.10320e-04 
 2.44000e+02  1.00400e-04 
 2.44500e+02  1.04184e-04 
 2.45000e+02  9.47600e-05 
 2.45500e+02  7.01120e-05 
 2.46000e+02  5.59840e-05 
 2.46500e+02  6.04800e-05 
 2.47000e+02  6.76560e-05 
 2.47500e+02  7.59600e-05 
 2.48000e+02  5.62640e-05 
 2.48500e+02  4.54320e-05 
 2.49000e+02  3.75680e-05 
 2.49500e+02  4.21920e-05 
 2.50000e+02  4.50400e-05 
 2.50500e+02  4.63520e-05 
 2.51000e+02  3.45680e-05 
 2.51500e+02  3.26640e-05 
 2.52000e+02  3.87360e-05 
 2.52500e+02  3.46080e-05 
 2.53000e+02  3.66640e-05 
 2.53500e+02  3.83280e-05 
 2.54000e+02  3.77040e-05 
 2.54500e+02  4.01840e-05 
 2.55000e+02  3.03040e-05 
 2.55500e+02  3.32800e-05 
 2.56000e+02  2.56080e-05 
 2.56500e+02  2.19440e-05 
 2.57000e+02  2.96640e-05 
 2.57500e+02  2.07760e-05 
 2.58000e+02  1.44320e-05 
 2.58500e+02  1.67680e-05 
 2.59000e+02  1.39280e-05 
 2.59500e+02  1.28880e-05 
 2.60000e+02  9.84000e-06 
 2.60500e+02  9.91200e-06 
 2.61000e+02  1.07200e-05 
 2.61500e+02  1.10160e-05 
 2.62000e+02  1.16240e-05 
 2.62500e+02  9.40000e-06 
 2.63000e+02  1.01280e-05 
 2.63500e+02  1.14720e-05 
 2.64000e+02  1.46160e-05 
 2.64500e+02  1.14880e-05 
 2.65000e+02  9.84800e-06 
 2.65500e+02  9.84000e-06 
 2.66000e+02  9.13600e-06 
 2.66500e+02  1.14880e-05 
 2.67000e+02  1.56800e-05 
 2.67500e+02  9.03200e-06 
 2.68000e+02  5.08000e-06 
 2.68500e+02  8.36000e-06 
 2.69000e+02  2.49600e-06 
 2.69500e+02  2.56800e-06 
 2.70000e+02  2.68800e-06 
 2.70500e+02  2.82400e-06 
 2.71000e+02  2.88800e-06 
 2.71500e+02  3.17600e-06 
 2.72000e+02  3.37600e-06 
 2.72500e+02  3.88800e-06 
 2.73000e+02  5.36800e-06 
 2.73500e+02  4.69600e-06 
 2.74000e+02  2.08000e-06 
 2.74500e+02  2.27200e-06 
 2.75000e+02  2.39200e-06 
 2.75500e+02  3.38400e-06 
 2.76000e+02  2.26400e-06 
 2.76500e+02  2.58400e-06 
 2.77000e+02  3.97600e-06 
 2.77500e+02  1.78400e-06 
 2.78000e+02  2.22400e-06 
 2.78500e+02  2.71200e-06 
 2.79000e+02  1.03200e-06 
 2.79500e+02  1.04800e-06 
 2.80000e+02  1.09600e-06 
 2.80500e+02  1.21600e-06 
 2.81000e+02  1.33600e-06 
 2.81500e+02  1.55200e-06 
 2.82000e+02  2.96000e-06 
 2.82500e+02  6.32000e-07 
 2.83000e+02  6.56000e-07 
 2.83500e+02  6.64000e-07 
 2.84000e+02  7.12000e-07 
 2.84500e+02  6.96000e-07 
 2.85000e+02  6.16000e-07 
 2.85500e+02  6.24000e-07 
 2.86000e+02  6.32000e-07 
 2.86500e+02  6.96000e-07 
 2.87000e+02  7.76000e-07 
 2.87500e+02  8.16000e-07 
 2.88000e+02  1.03200e-06 
 2.88500e+02  1.37600e-06 
 2.89000e+02  1.69600e-06 
 2.89500e+02  3.00000e-06 
 2.90000e+02  2.21600e-06 
 2.90500e+02  1.80800e-06 
 2.91000e+02  2.32000e-07 
 2.91500e+02  2.40000e-07 
 2.92000e+02  2.48000e-07 
 2.92500e+02  2.64000e-07 
 2.93000e+02  2.80000e-07 
 2.93500e+02  2.80000e-07 
 2.94000e+02  2.80000e-07 
 2.94500e+02  3.04000e-07 
 2.95000e+02  3.28000e-07 
 2.95500e+02  3.60000e-07 
 2.96000e+02  3.76000e-07 
 2.96500e+02  4.08000e-07 
 2.97000e+02  5.04000e-07 
 2.97500e+02  5.92000e-07 
 2.98000e+02  1.58400e-06 
 2.98500e+02  1.84000e-07 
 2.99000e+02  2.00000e-07 
 2.99500e+02  2.00000e-07 
 3.00000e+02  2.32000e-07 
 3.00500e+02  2.80000e-07 
 3.01000e+02  2.40000e-08 
 3.01500e+02  0.00000e+00 
 3.02000e+02  0.00000e+00 
 3.02500e+02  0.00000e+00 
 3.03000e+02  0.00000e+00 
 3.03500e+02  0.00000e+00 
 3.04000e+02  0.00000e+00 
 3.04500e+02  0.00000e+00 
 3.05000e+02  0.00000e+00 
 3.05500e+02  0.00000e+00 
 3.06000e+02  0.00000e+00 
 3.06500e+02  0.00000e+00 
 3.07000e+02  0.00000e+00 
 3.07500e+02  0.00000e+00 
 3.08000e+02  0.00000e+00 
 3.08500e+02  0.00000e+00 
 3.09000e+02  0.00000e+00 
 3.09500e+02  0.00000e+00 
 3.10000e+02  0.00000e+00 
 3.10500e+02  0.00000e+00 
 3.11000e+02  0.00000e+00 
 3.11500e+02  0.00000e+00 
 3.12000e+02  0.00000e+00 
 3.12500e+02  0.00000e+00 
 3.13000e+02  0.00000e+00 
 3.13500e+02  0.00000e+00 
 3.14000e+02  0.00000e+00 
 3.14500e+02  0.00000e+00 
 3.15000e+02  0.00000e+00 
 3.15500e+02  0.00000e+00 
 3.16000e+02  0.00000e+00 
 3.16500e+02  0.00000e+00 
 3.17000e+02  0.00000e+00 
 3.17500e+02  0.00000e+00 
 3.18000e+02  0.00000e+00 
 3.18500e+02  0.00000e+00 
 3.19000e+02  0.00000e+00 
 3.19500e+02  0.00000e+00 
