 0.00000e+00  0.00000e+00 
 5.00000e-01  0.00000e+00 
 1.00000e+00  0.00000e+00 
 1.50000e+00  0.00000e+00 
 2.00000e+00  0.00000e+00 
 2.50000e+00  0.00000e+00 
 3.00000e+00  0.00000e+00 
 3.50000e+00  0.00000e+00 
 4.00000e+00  0.00000e+00 
 4.50000e+00  0.00000e+00 
 5.00000e+00  0.00000e+00 
 5.50000e+00  0.00000e+00 
 6.00000e+00  7.20000e-08 
 6.50000e+00  4.64000e-07 
 7.00000e+00  2.96000e-07 
 7.50000e+00  2.64000e-07 
 8.00000e+00  2.24000e-07 
 8.50000e+00  1.84000e-07 
 9.00000e+00  1.76000e-07 
 9.50000e+00  1.68000e-07 
 1.00000e+01  1.52000e-07 
 1.05000e+01  1.52000e-07 
 1.10000e+01  1.36000e-07 
 1.15000e+01  1.28000e-07 
 1.20000e+01  1.28000e-07 
 1.25000e+01  1.20000e-07 
 1.30000e+01  1.20000e-07 
 1.35000e+01  1.12000e-07 
 1.40000e+01  1.20000e-07 
 1.45000e+01  1.04000e-07 
 1.50000e+01  1.04000e-07 
 1.55000e+01  1.04000e-07 
 1.60000e+01  9.60000e-08 
 1.65000e+01  9.60000e-08 
 1.70000e+01  9.60000e-08 
 1.75000e+01  8.80000e-08 
 1.80000e+01  9.60000e-08 
 1.85000e+01  9.60000e-08 
 1.90000e+01  8.80000e-08 
 1.95000e+01  8.80000e-08 
 2.00000e+01  8.00000e-08 
 2.05000e+01  8.80000e-08 
 2.10000e+01  8.00000e-08 
 2.15000e+01  8.00000e-08 
 2.20000e+01  8.00000e-08 
 2.25000e+01  8.00000e-08 
 2.30000e+01  8.00000e-08 
 2.35000e+01  8.00000e-08 
 2.40000e+01  8.00000e-08 
 2.45000e+01  7.20000e-08 
 2.50000e+01  8.00000e-08 
 2.55000e+01  7.20000e-08 
 2.60000e+01  7.20000e-08 
 2.65000e+01  7.20000e-08 
 2.70000e+01  7.20000e-08 
 2.75000e+01  7.20000e-08 
 2.80000e+01  6.40000e-08 
 2.85000e+01  7.20000e-08 
 2.90000e+01  7.20000e-08 
 2.95000e+01  6.40000e-08 
 3.00000e+01  7.20000e-08 
 3.05000e+01  7.20000e-08 
 3.10000e+01  6.40000e-08 
 3.15000e+01  6.40000e-08 
 3.20000e+01  7.20000e-08 
 3.25000e+01  6.40000e-08 
 3.30000e+01  6.40000e-08 
 3.35000e+01  6.40000e-08 
 3.40000e+01  6.40000e-08 
 3.45000e+01  6.40000e-08 
 3.50000e+01  5.60000e-08 
 3.55000e+01  6.40000e-08 
 3.60000e+01  6.40000e-08 
 3.65000e+01  6.40000e-08 
 3.70000e+01  6.40000e-08 
 3.75000e+01  6.40000e-08 
 3.80000e+01  1.72000e-06 
 3.85000e+01  7.36000e-07 
 3.90000e+01  2.43200e-06 
 3.95000e+01  1.55200e-06 
 4.00000e+01  1.16000e-06 
 4.05000e+01  1.01600e-06 
 4.10000e+01  9.12000e-07 
 4.15000e+01  8.16000e-07 
 4.20000e+01  7.60000e-07 
 4.25000e+01  7.28000e-07 
 4.30000e+01  6.88000e-07 
 4.35000e+01  6.64000e-07 
 4.40000e+01  6.16000e-07 
 4.45000e+01  5.92000e-07 
 4.50000e+01  5.92000e-07 
 4.55000e+01  5.76000e-07 
 4.60000e+01  5.44000e-07 
 4.65000e+01  5.44000e-07 
 4.70000e+01  4.80000e-06 
 4.75000e+01  3.24000e-06 
 4.80000e+01  2.48000e-06 
 4.85000e+01  2.09600e-06 
 4.90000e+01  1.92000e-06 
 4.95000e+01  1.73600e-06 
 5.00000e+01  1.63200e-06 
 5.05000e+01  1.53600e-06 
 5.10000e+01  1.48000e-06 
 5.15000e+01  6.21600e-06 
 5.20000e+01  4.46400e-06 
 5.25000e+01  3.01600e-06 
 5.30000e+01  2.66400e-06 
 5.35000e+01  2.43200e-06 
 5.40000e+01  2.30400e-06 
 5.45000e+01  2.23200e-06 
 5.50000e+01  2.09600e-06 
 5.55000e+01  2.13600e-06 
 5.60000e+01  3.00000e-06 
 5.65000e+01  7.43200e-06 
 5.70000e+01  9.46400e-06 
 5.75000e+01  9.76800e-06 
 5.80000e+01  7.53600e-06 
 5.85000e+01  1.34320e-05 
 5.90000e+01  1.12480e-05 
 5.95000e+01  9.31200e-06 
 6.00000e+01  1.04640e-05 
 6.05000e+01  1.35440e-05 
 6.10000e+01  1.55600e-05 
 6.15000e+01  1.60560e-05 
 6.20000e+01  1.34320e-05 
 6.25000e+01  1.87360e-05 
 6.30000e+01  2.54640e-05 
 6.35000e+01  1.86240e-05 
 6.40000e+01  2.05680e-05 
 6.45000e+01  3.26960e-05 
 6.50000e+01  2.50400e-05 
 6.55000e+01  2.95200e-05 
 6.60000e+01  3.49600e-05 
 6.65000e+01  4.44480e-05 
 6.70000e+01  4.97840e-05 
 6.75000e+01  5.23200e-05 
 6.80000e+01  4.81760e-05 
 6.85000e+01  5.28560e-05 
 6.90000e+01  6.02080e-05 
 6.95000e+01  5.14720e-05 
 7.00000e+01  6.02080e-05 
 7.05000e+01  4.85920e-05 
 7.10000e+01  6.83760e-05 
 7.15000e+01  6.99040e-05 
 7.20000e+01  8.59520e-05 
 7.25000e+01  8.26400e-05 
 7.30000e+01  7.46800e-05 
 7.35000e+01  8.79280e-05 
 7.40000e+01  9.03520e-05 
 7.45000e+01  8.33840e-05 
 7.50000e+01  1.09848e-04 
 7.55000e+01  1.14856e-04 
 7.60000e+01  1.24064e-04 
 7.65000e+01  1.16984e-04 
 7.70000e+01  1.27832e-04 
 7.75000e+01  1.15192e-04 
 7.80000e+01  1.54216e-04 
 7.85000e+01  1.38848e-04 
 7.90000e+01  1.23224e-04 
 7.95000e+01  1.25792e-04 
 8.00000e+01  1.23688e-04 
 8.05000e+01  1.29936e-04 
 8.10000e+01  1.34904e-04 
 8.15000e+01  1.22040e-04 
 8.20000e+01  1.37496e-04 
 8.25000e+01  1.65792e-04 
 8.30000e+01  1.45768e-04 
 8.35000e+01  1.41528e-04 
 8.40000e+01  1.71952e-04 
 8.45000e+01  2.05168e-04 
 8.50000e+01  2.19376e-04 
 8.55000e+01  1.98864e-04 
 8.60000e+01  1.69288e-04 
 8.65000e+01  1.80640e-04 
 8.70000e+01  1.84504e-04 
 8.75000e+01  1.88496e-04 
 8.80000e+01  1.81752e-04 
 8.85000e+01  2.82808e-04 
 8.90000e+01  2.37832e-04 
 8.95000e+01  2.08952e-04 
 9.00000e+01  2.09336e-04 
 9.05000e+01  2.17640e-04 
 9.10000e+01  2.45072e-04 
 9.15000e+01  2.43056e-04 
 9.20000e+01  2.55328e-04 
 9.25000e+01  2.50152e-04 
 9.30000e+01  2.58616e-04 
 9.35000e+01  3.12640e-04 
 9.40000e+01  2.98024e-04 
 9.45000e+01  2.84304e-04 
 9.50000e+01  2.96800e-04 
 9.55000e+01  3.30704e-04 
 9.60000e+01  3.38080e-04 
 9.65000e+01  3.48816e-04 
 9.70000e+01  3.52616e-04 
 9.75000e+01  3.50840e-04 
 9.80000e+01  3.18304e-04 
 9.85000e+01  3.61600e-04 
 9.90000e+01  3.84360e-04 
 9.95000e+01  3.91632e-04 
 1.00000e+02  3.36848e-04 
 1.00500e+02  3.74000e-04 
 1.01000e+02  3.88984e-04 
 1.01500e+02  3.61488e-04 
 1.02000e+02  3.62808e-04 
 1.02500e+02  4.07520e-04 
 1.03000e+02  4.42064e-04 
 1.03500e+02  4.21176e-04 
 1.04000e+02  5.05200e-04 
 1.04500e+02  5.28392e-04 
 1.05000e+02  4.99088e-04 
 1.05500e+02  4.72400e-04 
 1.06000e+02  5.01376e-04 
 1.06500e+02  5.53944e-04 
 1.07000e+02  5.83800e-04 
 1.07500e+02  5.89472e-04 
 1.08000e+02  5.94704e-04 
 1.08500e+02  6.48520e-04 
 1.09000e+02  6.38648e-04 
 1.09500e+02  6.46200e-04 
 1.10000e+02  6.66536e-04 
 1.10500e+02  6.34008e-04 
 1.11000e+02  7.72480e-04 
 1.11500e+02  7.42352e-04 
 1.12000e+02  7.09200e-04 
 1.12500e+02  7.54288e-04 
 1.13000e+02  8.36808e-04 
 1.13500e+02  8.79392e-04 
 1.14000e+02  8.61192e-04 
 1.14500e+02  8.93488e-04 
 1.15000e+02  9.65144e-04 
 1.15500e+02  1.19893e-03 
 1.16000e+02  1.27954e-03 
 1.16500e+02  1.38742e-03 
 1.17000e+02  1.66134e-03 
 1.17500e+02  1.67726e-03 
 1.18000e+02  1.74886e-03 
 1.18500e+02  1.87856e-03 
 1.19000e+02  1.97776e-03 
 1.19500e+02  2.02426e-03 
 1.20000e+02  2.36089e-03 
 1.20500e+02  2.57150e-03 
 1.21000e+02  2.64138e-03 
 1.21500e+02  2.93211e-03 
 1.22000e+02  3.24749e-03 
 1.22500e+02  3.20593e-03 
 1.23000e+02  3.25383e-03 
 1.23500e+02  3.37293e-03 
 1.24000e+02  3.43921e-03 
 1.24500e+02  3.70344e-03 
 1.25000e+02  3.82068e-03 
 1.25500e+02  4.31176e-03 
 1.26000e+02  4.37694e-03 
 1.26500e+02  4.59915e-03 
 1.27000e+02  4.69475e-03 
 1.27500e+02  5.06428e-03 
 1.28000e+02  5.11512e-03 
 1.28500e+02  5.24802e-03 
 1.29000e+02  5.49510e-03 
 1.29500e+02  5.47132e-03 
 1.30000e+02  5.76653e-03 
 1.30500e+02  6.02750e-03 
 1.31000e+02  6.24162e-03 
 1.31500e+02  6.29105e-03 
 1.32000e+02  6.58374e-03 
 1.32500e+02  6.94527e-03 
 1.33000e+02  6.82886e-03 
 1.33500e+02  6.97555e-03 
 1.34000e+02  6.86638e-03 
 1.34500e+02  7.36830e-03 
 1.35000e+02  7.16577e-03 
 1.35500e+02  7.10417e-03 
 1.36000e+02  7.18787e-03 
 1.36500e+02  7.42767e-03 
 1.37000e+02  7.50657e-03 
 1.37500e+02  7.90007e-03 
 1.38000e+02  7.56057e-03 
 1.38500e+02  7.69779e-03 
 1.39000e+02  7.80017e-03 
 1.39500e+02  8.02951e-03 
 1.40000e+02  8.07946e-03 
 1.40500e+02  8.18214e-03 
 1.41000e+02  8.45098e-03 
 1.41500e+02  8.50042e-03 
 1.42000e+02  8.70566e-03 
 1.42500e+02  8.97628e-03 
 1.43000e+02  8.92556e-03 
 1.43500e+02  8.98034e-03 
 1.44000e+02  8.92179e-03 
 1.44500e+02  9.13742e-03 
 1.45000e+02  9.09149e-03 
 1.45500e+02  9.46082e-03 
 1.46000e+02  9.49628e-03 
 1.46500e+02  1.00168e-02 
 1.47000e+02  9.65401e-03 
 1.47500e+02  9.55434e-03 
 1.48000e+02  9.73000e-03 
 1.48500e+02  9.97082e-03 
 1.49000e+02  9.57211e-03 
 1.49500e+02  9.91289e-03 
 1.50000e+02  9.88271e-03 
 1.50500e+02  1.01729e-02 
 1.51000e+02  1.03697e-02 
 1.51500e+02  1.06583e-02 
 1.52000e+02  1.10784e-02 
 1.52500e+02  1.03788e-02 
 1.53000e+02  1.04621e-02 
 1.53500e+02  1.03999e-02 
 1.54000e+02  1.01375e-02 
 1.54500e+02  1.01860e-02 
 1.55000e+02  1.01752e-02 
 1.55500e+02  1.01916e-02 
 1.56000e+02  9.87204e-03 
 1.56500e+02  9.71811e-03 
 1.57000e+02  9.74341e-03 
 1.57500e+02  9.74178e-03 
 1.58000e+02  9.55788e-03 
 1.58500e+02  9.77839e-03 
 1.59000e+02  9.81297e-03 
 1.59500e+02  9.72882e-03 
 1.60000e+02  9.91851e-03 
 1.60500e+02  1.01704e-02 
 1.61000e+02  1.04221e-02 
 1.61500e+02  1.01571e-02 
 1.62000e+02  1.05877e-02 
 1.62500e+02  1.05534e-02 
 1.63000e+02  1.05480e-02 
 1.63500e+02  1.09819e-02 
 1.64000e+02  1.07547e-02 
 1.64500e+02  1.05582e-02 
 1.65000e+02  9.94457e-03 
 1.65500e+02  1.04936e-02 
 1.66000e+02  1.05715e-02 
 1.66500e+02  1.05574e-02 
 1.67000e+02  1.04836e-02 
 1.67500e+02  1.01307e-02 
 1.68000e+02  1.00209e-02 
 1.68500e+02  1.01672e-02 
 1.69000e+02  9.67562e-03 
 1.69500e+02  9.54450e-03 
 1.70000e+02  1.03462e-02 
 1.70500e+02  9.78938e-03 
 1.71000e+02  1.00796e-02 
 1.71500e+02  9.73160e-03 
 1.72000e+02  9.46673e-03 
 1.72500e+02  9.51452e-03 
 1.73000e+02  9.22639e-03 
 1.73500e+02  9.57703e-03 
 1.74000e+02  9.32505e-03 
 1.74500e+02  8.67316e-03 
 1.75000e+02  8.77731e-03 
 1.75500e+02  8.50290e-03 
 1.76000e+02  8.80044e-03 
 1.76500e+02  8.70098e-03 
 1.77000e+02  9.00804e-03 
 1.77500e+02  9.06446e-03 
 1.78000e+02  8.99128e-03 
 1.78500e+02  9.19330e-03 
 1.79000e+02  8.76186e-03 
 1.79500e+02  8.40460e-03 
 1.80000e+02  8.35336e-03 
 1.80500e+02  8.37157e-03 
 1.81000e+02  8.39990e-03 
 1.81500e+02  8.55522e-03 
 1.82000e+02  8.14175e-03 
 1.82500e+02  7.65685e-03 
 1.83000e+02  7.58702e-03 
 1.83500e+02  7.60107e-03 
 1.84000e+02  7.79847e-03 
 1.84500e+02  7.21906e-03 
 1.85000e+02  7.06242e-03 
 1.85500e+02  6.92656e-03 
 1.86000e+02  6.75412e-03 
 1.86500e+02  6.59039e-03 
 1.87000e+02  6.46640e-03 
 1.87500e+02  6.74636e-03 
 1.88000e+02  6.93810e-03 
 1.88500e+02  6.48215e-03 
 1.89000e+02  6.15322e-03 
 1.89500e+02  5.97870e-03 
 1.90000e+02  5.80004e-03 
 1.90500e+02  5.78479e-03 
 1.91000e+02  5.56479e-03 
 1.91500e+02  5.14299e-03 
 1.92000e+02  4.69803e-03 
 1.92500e+02  4.28013e-03 
 1.93000e+02  4.17014e-03 
 1.93500e+02  3.92029e-03 
 1.94000e+02  3.61848e-03 
 1.94500e+02  3.40140e-03 
 1.95000e+02  3.41057e-03 
 1.95500e+02  3.07457e-03 
 1.96000e+02  2.90778e-03 
 1.96500e+02  2.73869e-03 
 1.97000e+02  2.63137e-03 
 1.97500e+02  2.44202e-03 
 1.98000e+02  2.36010e-03 
 1.98500e+02  2.28514e-03 
 1.99000e+02  2.18374e-03 
 1.99500e+02  2.13078e-03 
 2.00000e+02  1.94172e-03 
 2.00500e+02  1.83995e-03 
 2.01000e+02  1.85486e-03 
 2.01500e+02  2.00107e-03 
 2.02000e+02  1.76437e-03 
 2.02500e+02  1.68207e-03 
 2.03000e+02  1.58525e-03 
 2.03500e+02  1.52740e-03 
 2.04000e+02  1.33871e-03 
 2.04500e+02  1.22247e-03 
 2.05000e+02  1.30154e-03 
 2.05500e+02  1.24534e-03 
 2.06000e+02  1.16002e-03 
 2.06500e+02  9.69712e-04 
 2.07000e+02  9.12736e-04 
 2.07500e+02  9.16392e-04 
 2.08000e+02  8.49176e-04 
 2.08500e+02  8.44648e-04 
 2.09000e+02  8.23944e-04 
 2.09500e+02  9.14016e-04 
 2.10000e+02  7.91712e-04 
 2.10500e+02  6.36712e-04 
 2.11000e+02  6.33840e-04 
 2.11500e+02  5.80248e-04 
 2.12000e+02  5.70936e-04 
 2.12500e+02  5.86392e-04 
 2.13000e+02  5.84424e-04 
 2.13500e+02  6.22944e-04 
 2.14000e+02  6.44312e-04 
 2.14500e+02  5.44512e-04 
 2.15000e+02  5.13272e-04 
 2.15500e+02  4.68568e-04 
 2.16000e+02  4.55496e-04 
 2.16500e+02  4.71016e-04 
 2.17000e+02  4.49960e-04 
 2.17500e+02  4.65408e-04 
 2.18000e+02  4.54704e-04 
 2.18500e+02  4.94000e-04 
 2.19000e+02  4.36488e-04 
 2.19500e+02  4.14640e-04 
 2.20000e+02  4.56464e-04 
 2.20500e+02  3.93448e-04 
 2.21000e+02  4.03616e-04 
 2.21500e+02  4.10800e-04 
 2.22000e+02  4.52184e-04 
 2.22500e+02  3.65072e-04 
 2.23000e+02  3.95152e-04 
 2.23500e+02  4.02472e-04 
 2.24000e+02  3.36216e-04 
 2.24500e+02  3.73632e-04 
 2.25000e+02  3.16088e-04 
 2.25500e+02  3.19904e-04 
 2.26000e+02  3.37576e-04 
 2.26500e+02  2.97144e-04 
 2.27000e+02  3.00616e-04 
 2.27500e+02  2.99096e-04 
 2.28000e+02  2.49464e-04 
 2.28500e+02  2.62592e-04 
 2.29000e+02  2.86944e-04 
 2.29500e+02  2.29032e-04 
 2.30000e+02  2.33312e-04 
 2.30500e+02  2.47760e-04 
 2.31000e+02  2.45256e-04 
 2.31500e+02  2.07392e-04 
 2.32000e+02  2.09480e-04 
 2.32500e+02  2.30776e-04 
 2.33000e+02  1.77184e-04 
 2.33500e+02  2.03336e-04 
 2.34000e+02  1.82536e-04 
 2.34500e+02  2.07920e-04 
 2.35000e+02  1.91296e-04 
 2.35500e+02  2.12904e-04 
 2.36000e+02  2.30384e-04 
 2.36500e+02  1.91384e-04 
 2.37000e+02  1.99904e-04 
 2.37500e+02  1.88224e-04 
 2.38000e+02  1.66888e-04 
 2.38500e+02  1.65872e-04 
 2.39000e+02  1.39720e-04 
 2.39500e+02  1.51112e-04 
 2.40000e+02  1.48608e-04 
 2.40500e+02  1.45728e-04 
 2.41000e+02  1.45896e-04 
 2.41500e+02  1.58200e-04 
 2.42000e+02  1.83192e-04 
 2.42500e+02  1.84768e-04 
 2.43000e+02  1.66552e-04 
 2.43500e+02  1.77608e-04 
 2.44000e+02  1.68816e-04 
 2.44500e+02  1.34864e-04 
 2.45000e+02  1.34920e-04 
 2.45500e+02  9.38800e-05 
 2.46000e+02  9.78720e-05 
 2.46500e+02  9.13440e-05 
 2.47000e+02  8.06080e-05 
 2.47500e+02  8.75280e-05 
 2.48000e+02  7.84880e-05 
 2.48500e+02  8.07760e-05 
 2.49000e+02  7.53680e-05 
 2.49500e+02  8.02960e-05 
 2.50000e+02  5.41760e-05 
 2.50500e+02  5.51600e-05 
 2.51000e+02  3.80640e-05 
 2.51500e+02  3.01680e-05 
 2.52000e+02  3.22160e-05 
 2.52500e+02  2.72240e-05 
 2.53000e+02  3.07600e-05 
 2.53500e+02  3.09120e-05 
 2.54000e+02  2.88000e-05 
 2.54500e+02  2.99360e-05 
 2.55000e+02  3.43440e-05 
 2.55500e+02  3.10800e-05 
 2.56000e+02  2.31200e-05 
 2.56500e+02  2.10240e-05 
 2.57000e+02  2.72080e-05 
 2.57500e+02  2.52400e-05 
 2.58000e+02  1.74320e-05 
 2.58500e+02  1.82320e-05 
 2.59000e+02  1.14480e-05 
 2.59500e+02  8.34400e-06 
 2.60000e+02  9.24800e-06 
 2.60500e+02  1.14240e-05 
 2.61000e+02  8.04800e-06 
 2.61500e+02  9.32000e-06 
 2.62000e+02  7.05600e-06 
 2.62500e+02  7.43200e-06 
 2.63000e+02  9.25600e-06 
 2.63500e+02  6.51200e-06 
 2.64000e+02  7.51200e-06 
 2.64500e+02  1.11600e-05 
 2.65000e+02  6.81600e-06 
 2.65500e+02  4.05600e-06 
 2.66000e+02  2.61600e-06 
 2.66500e+02  1.59200e-06 
 2.67000e+02  1.66400e-06 
 2.67500e+02  1.84000e-06 
 2.68000e+02  1.94400e-06 
 2.68500e+02  2.31200e-06 
 2.69000e+02  2.87200e-06 
 2.69500e+02  3.01600e-06 
 2.70000e+02  8.48000e-07 
 2.70500e+02  8.80000e-07 
 2.71000e+02  9.28000e-07 
 2.71500e+02  9.68000e-07 
 2.72000e+02  7.20000e-07 
 2.72500e+02  7.76000e-07 
 2.73000e+02  8.56000e-07 
 2.73500e+02  1.04000e-06 
 2.74000e+02  1.28800e-06 
 2.74500e+02  2.52800e-06 
 2.75000e+02  1.36000e-07 
 2.75500e+02  1.36000e-07 
 2.76000e+02  1.44000e-07 
 2.76500e+02  1.44000e-07 
 2.77000e+02  1.44000e-07 
 2.77500e+02  1.52000e-07 
 2.78000e+02  1.60000e-07 
 2.78500e+02  1.68000e-07 
 2.79000e+02  1.68000e-07 
 2.79500e+02  1.68000e-07 
 2.80000e+02  1.76000e-07 
 2.80500e+02  2.00000e-07 
 2.81000e+02  2.08000e-07 
 2.81500e+02  2.16000e-07 
 2.82000e+02  2.16000e-07 
 2.82500e+02  2.64000e-07 
 2.83000e+02  2.88000e-07 
 2.83500e+02  3.04000e-07 
 2.84000e+02  4.08000e-07 
 2.84500e+02  5.36000e-07 
 2.85000e+02  1.40800e-06 
 2.85500e+02  3.60000e-07 
 2.86000e+02  5.52000e-07 
 2.86500e+02  9.76000e-07 
 2.87000e+02  0.00000e+00 
 2.87500e+02  0.00000e+00 
 2.88000e+02  0.00000e+00 
 2.88500e+02  0.00000e+00 
 2.89000e+02  0.00000e+00 
 2.89500e+02  0.00000e+00 
 2.90000e+02  0.00000e+00 
 2.90500e+02  0.00000e+00 
 2.91000e+02  0.00000e+00 
 2.91500e+02  0.00000e+00 
 2.92000e+02  0.00000e+00 
 2.92500e+02  0.00000e+00 
 2.93000e+02  0.00000e+00 
 2.93500e+02  0.00000e+00 
 2.94000e+02  0.00000e+00 
 2.94500e+02  0.00000e+00 
 2.95000e+02  0.00000e+00 
 2.95500e+02  0.00000e+00 
 2.96000e+02  0.00000e+00 
 2.96500e+02  0.00000e+00 
 2.97000e+02  0.00000e+00 
 2.97500e+02  0.00000e+00 
 2.98000e+02  0.00000e+00 
 2.98500e+02  0.00000e+00 
 2.99000e+02  0.00000e+00 
 2.99500e+02  0.00000e+00 
 3.00000e+02  0.00000e+00 
 3.00500e+02  0.00000e+00 
 3.01000e+02  0.00000e+00 
 3.01500e+02  0.00000e+00 
 3.02000e+02  0.00000e+00 
 3.02500e+02  0.00000e+00 
 3.03000e+02  0.00000e+00 
 3.03500e+02  0.00000e+00 
 3.04000e+02  0.00000e+00 
 3.04500e+02  0.00000e+00 
 3.05000e+02  0.00000e+00 
 3.05500e+02  0.00000e+00 
 3.06000e+02  0.00000e+00 
 3.06500e+02  0.00000e+00 
 3.07000e+02  0.00000e+00 
 3.07500e+02  0.00000e+00 
 3.08000e+02  0.00000e+00 
 3.08500e+02  0.00000e+00 
 3.09000e+02  0.00000e+00 
 3.09500e+02  0.00000e+00 
 3.10000e+02  0.00000e+00 
 3.10500e+02  0.00000e+00 
 3.11000e+02  0.00000e+00 
 3.11500e+02  0.00000e+00 
 3.12000e+02  0.00000e+00 
 3.12500e+02  0.00000e+00 
 3.13000e+02  0.00000e+00 
 3.13500e+02  0.00000e+00 
 3.14000e+02  0.00000e+00 
 3.14500e+02  0.00000e+00 
 3.15000e+02  0.00000e+00 
 3.15500e+02  0.00000e+00 
 3.16000e+02  0.00000e+00 
 3.16500e+02  0.00000e+00 
 3.17000e+02  0.00000e+00 
 3.17500e+02  0.00000e+00 
 3.18000e+02  0.00000e+00 
 3.18500e+02  0.00000e+00 
 3.19000e+02  0.00000e+00 
 3.19500e+02  0.00000e+00 
