 0.00000e+00  0.00000e+00 
 5.00000e-01  0.00000e+00 
 1.00000e+00  0.00000e+00 
 1.50000e+00  0.00000e+00 
 2.00000e+00  0.00000e+00 
 2.50000e+00  0.00000e+00 
 3.00000e+00  0.00000e+00 
 3.50000e+00  0.00000e+00 
 4.00000e+00  0.00000e+00 
 4.50000e+00  0.00000e+00 
 5.00000e+00  0.00000e+00 
 5.50000e+00  0.00000e+00 
 6.00000e+00  0.00000e+00 
 6.50000e+00  0.00000e+00 
 7.00000e+00  1.21600e-06 
 7.50000e+00  3.60000e-07 
 8.00000e+00  2.72000e-07 
 8.50000e+00  2.40000e-07 
 9.00000e+00  2.08000e-07 
 9.50000e+00  1.84000e-07 
 1.00000e+01  1.68000e-07 
 1.05000e+01  1.52000e-07 
 1.10000e+01  7.20000e-07 
 1.15000e+01  7.92000e-07 
 1.20000e+01  6.80000e-07 
 1.25000e+01  5.68000e-07 
 1.30000e+01  5.04000e-07 
 1.35000e+01  4.88000e-07 
 1.40000e+01  4.64000e-07 
 1.45000e+01  4.40000e-07 
 1.50000e+01  4.08000e-07 
 1.55000e+01  3.92000e-07 
 1.60000e+01  3.68000e-07 
 1.65000e+01  3.68000e-07 
 1.70000e+01  3.52000e-07 
 1.75000e+01  3.36000e-07 
 1.80000e+01  3.28000e-07 
 1.85000e+01  3.20000e-07 
 1.90000e+01  3.04000e-07 
 1.95000e+01  3.12000e-07 
 2.00000e+01  2.96000e-07 
 2.05000e+01  2.96000e-07 
 2.10000e+01  2.88000e-07 
 2.15000e+01  2.72000e-07 
 2.20000e+01  2.72000e-07 
 2.25000e+01  2.72000e-07 
 2.30000e+01  3.84000e-07 
 2.35000e+01  8.64000e-07 
 2.40000e+01  6.16000e-07 
 2.45000e+01  5.52000e-07 
 2.50000e+01  4.96000e-07 
 2.55000e+01  4.72000e-07 
 2.60000e+01  4.48000e-07 
 2.65000e+01  4.40000e-07 
 2.70000e+01  4.16000e-07 
 2.75000e+01  3.92000e-07 
 2.80000e+01  3.92000e-07 
 2.85000e+01  3.84000e-07 
 2.90000e+01  3.76000e-07 
 2.95000e+01  3.52000e-07 
 3.00000e+01  3.68000e-07 
 3.05000e+01  3.44000e-07 
 3.10000e+01  3.36000e-07 
 3.15000e+01  3.44000e-07 
 3.20000e+01  3.36000e-07 
 3.25000e+01  3.28000e-07 
 3.30000e+01  3.28000e-07 
 3.35000e+01  3.20000e-07 
 3.40000e+01  3.20000e-07 
 3.45000e+01  3.04000e-07 
 3.50000e+01  3.12000e-07 
 3.55000e+01  3.12000e-07 
 3.60000e+01  2.88000e-07 
 3.65000e+01  2.96000e-07 
 3.70000e+01  3.12000e-07 
 3.75000e+01  2.88000e-07 
 3.80000e+01  2.96000e-07 
 3.85000e+01  2.88000e-07 
 3.90000e+01  2.88000e-07 
 3.95000e+01  2.88000e-07 
 4.00000e+01  2.80000e-07 
 4.05000e+01  2.72000e-07 
 4.10000e+01  2.16000e-06 
 4.15000e+01  3.64800e-06 
 4.20000e+01  2.28800e-06 
 4.25000e+01  1.80000e-06 
 4.30000e+01  1.76800e-06 
 4.35000e+01  2.22400e-06 
 4.40000e+01  3.32800e-06 
 4.45000e+01  3.98400e-06 
 4.50000e+01  5.22400e-06 
 4.55000e+01  5.38400e-06 
 4.60000e+01  5.22400e-06 
 4.65000e+01  3.93600e-06 
 4.70000e+01  3.48800e-06 
 4.75000e+01  3.24000e-06 
 4.80000e+01  2.80800e-06 
 4.85000e+01  2.57600e-06 
 4.90000e+01  2.50400e-06 
 4.95000e+01  2.39200e-06 
 5.00000e+01  5.21600e-06 
 5.05000e+01  5.23200e-06 
 5.10000e+01  4.79200e-06 
 5.15000e+01  5.34400e-06 
 5.20000e+01  1.08160e-05 
 5.25000e+01  7.24000e-06 
 5.30000e+01  9.25600e-06 
 5.35000e+01  6.80000e-06 
 5.40000e+01  6.10400e-06 
 5.45000e+01  5.62400e-06 
 5.50000e+01  9.29600e-06 
 5.55000e+01  1.81120e-05 
 5.60000e+01  1.75760e-05 
 5.65000e+01  1.59280e-05 
 5.70000e+01  1.57440e-05 
 5.75000e+01  1.23520e-05 
 5.80000e+01  1.40640e-05 
 5.85000e+01  1.55840e-05 
 5.90000e+01  1.24400e-05 
 5.95000e+01  1.43040e-05 
 6.00000e+01  1.59200e-05 
 6.05000e+01  1.30560e-05 
 6.10000e+01  2.19120e-05 
 6.15000e+01  1.77440e-05 
 6.20000e+01  1.61760e-05 
 6.25000e+01  2.25680e-05 
 6.30000e+01  3.07920e-05 
 6.35000e+01  4.71600e-05 
 6.40000e+01  3.88800e-05 
 6.45000e+01  3.15840e-05 
 6.50000e+01  3.70880e-05 
 6.55000e+01  5.08480e-05 
 6.60000e+01  5.99360e-05 
 6.65000e+01  5.88240e-05 
 6.70000e+01  5.50080e-05 
 6.75000e+01  7.25760e-05 
 6.80000e+01  5.81280e-05 
 6.85000e+01  5.04960e-05 
 6.90000e+01  5.62720e-05 
 6.95000e+01  5.14400e-05 
 7.00000e+01  4.90960e-05 
 7.05000e+01  5.80560e-05 
 7.10000e+01  7.37120e-05 
 7.15000e+01  7.20080e-05 
 7.20000e+01  7.30480e-05 
 7.25000e+01  1.06232e-04 
 7.30000e+01  1.03016e-04 
 7.35000e+01  9.44400e-05 
 7.40000e+01  1.15328e-04 
 7.45000e+01  1.16184e-04 
 7.50000e+01  1.21960e-04 
 7.55000e+01  1.20464e-04 
 7.60000e+01  1.28488e-04 
 7.65000e+01  1.48496e-04 
 7.70000e+01  1.42512e-04 
 7.75000e+01  1.38512e-04 
 7.80000e+01  1.22736e-04 
 7.85000e+01  1.19320e-04 
 7.90000e+01  1.34088e-04 
 7.95000e+01  1.62040e-04 
 8.00000e+01  2.31304e-04 
 8.05000e+01  1.86288e-04 
 8.10000e+01  2.21184e-04 
 8.15000e+01  1.92128e-04 
 8.20000e+01  1.75072e-04 
 8.25000e+01  1.86752e-04 
 8.30000e+01  1.86848e-04 
 8.35000e+01  2.25096e-04 
 8.40000e+01  2.57672e-04 
 8.45000e+01  2.54576e-04 
 8.50000e+01  2.34584e-04 
 8.55000e+01  2.12792e-04 
 8.60000e+01  2.03320e-04 
 8.65000e+01  2.15192e-04 
 8.70000e+01  2.29392e-04 
 8.75000e+01  2.57184e-04 
 8.80000e+01  2.64872e-04 
 8.85000e+01  2.85016e-04 
 8.90000e+01  2.97848e-04 
 8.95000e+01  2.70000e-04 
 9.00000e+01  3.04656e-04 
 9.05000e+01  2.85744e-04 
 9.10000e+01  2.88192e-04 
 9.15000e+01  3.17144e-04 
 9.20000e+01  3.29000e-04 
 9.25000e+01  3.06256e-04 
 9.30000e+01  3.00192e-04 
 9.35000e+01  3.00304e-04 
 9.40000e+01  3.51984e-04 
 9.45000e+01  3.17960e-04 
 9.50000e+01  3.35864e-04 
 9.55000e+01  3.64792e-04 
 9.60000e+01  3.18544e-04 
 9.65000e+01  3.36224e-04 
 9.70000e+01  3.88848e-04 
 9.75000e+01  3.67272e-04 
 9.80000e+01  3.51192e-04 
 9.85000e+01  3.41328e-04 
 9.90000e+01  4.51680e-04 
 9.95000e+01  4.49592e-04 
 1.00000e+02  4.44640e-04 
 1.00500e+02  4.21032e-04 
 1.01000e+02  3.78544e-04 
 1.01500e+02  3.70592e-04 
 1.02000e+02  3.97816e-04 
 1.02500e+02  4.60968e-04 
 1.03000e+02  4.62280e-04 
 1.03500e+02  4.54792e-04 
 1.04000e+02  4.37752e-04 
 1.04500e+02  5.23920e-04 
 1.05000e+02  5.52056e-04 
 1.05500e+02  5.51584e-04 
 1.06000e+02  5.42024e-04 
 1.06500e+02  6.51896e-04 
 1.07000e+02  7.02200e-04 
 1.07500e+02  6.79528e-04 
 1.08000e+02  7.43400e-04 
 1.08500e+02  8.48952e-04 
 1.09000e+02  8.03880e-04 
 1.09500e+02  8.01136e-04 
 1.10000e+02  8.41952e-04 
 1.10500e+02  8.13032e-04 
 1.11000e+02  8.52424e-04 
 1.11500e+02  9.19128e-04 
 1.12000e+02  9.11680e-04 
 1.12500e+02  1.02763e-03 
 1.13000e+02  1.01070e-03 
 1.13500e+02  9.53808e-04 
 1.14000e+02  1.06086e-03 
 1.14500e+02  1.08947e-03 
 1.15000e+02  1.23430e-03 
 1.15500e+02  1.40450e-03 
 1.16000e+02  1.47661e-03 
 1.16500e+02  1.43483e-03 
 1.17000e+02  1.49614e-03 
 1.17500e+02  1.78589e-03 
 1.18000e+02  1.73190e-03 
 1.18500e+02  2.08239e-03 
 1.19000e+02  2.18058e-03 
 1.19500e+02  2.14067e-03 
 1.20000e+02  2.22779e-03 
 1.20500e+02  2.39710e-03 
 1.21000e+02  2.64687e-03 
 1.21500e+02  2.50422e-03 
 1.22000e+02  2.70403e-03 
 1.22500e+02  2.92955e-03 
 1.23000e+02  2.99770e-03 
 1.23500e+02  3.01506e-03 
 1.24000e+02  3.02718e-03 
 1.24500e+02  3.21605e-03 
 1.25000e+02  3.38746e-03 
 1.25500e+02  3.30773e-03 
 1.26000e+02  3.50479e-03 
 1.26500e+02  4.07801e-03 
 1.27000e+02  4.19826e-03 
 1.27500e+02  4.68325e-03 
 1.28000e+02  4.88972e-03 
 1.28500e+02  4.88433e-03 
 1.29000e+02  4.93311e-03 
 1.29500e+02  5.02525e-03 
 1.30000e+02  5.28474e-03 
 1.30500e+02  5.28163e-03 
 1.31000e+02  5.71490e-03 
 1.31500e+02  5.62870e-03 
 1.32000e+02  5.62494e-03 
 1.32500e+02  6.15097e-03 
 1.33000e+02  6.22753e-03 
 1.33500e+02  6.40332e-03 
 1.34000e+02  6.62042e-03 
 1.34500e+02  7.06438e-03 
 1.35000e+02  6.85363e-03 
 1.35500e+02  7.10724e-03 
 1.36000e+02  7.13819e-03 
 1.36500e+02  7.66679e-03 
 1.37000e+02  8.07940e-03 
 1.37500e+02  8.41022e-03 
 1.38000e+02  8.00550e-03 
 1.38500e+02  7.91355e-03 
 1.39000e+02  7.37911e-03 
 1.39500e+02  7.64514e-03 
 1.40000e+02  8.19295e-03 
 1.40500e+02  8.28087e-03 
 1.41000e+02  8.68913e-03 
 1.41500e+02  9.15542e-03 
 1.42000e+02  8.95198e-03 
 1.42500e+02  9.13442e-03 
 1.43000e+02  9.50912e-03 
 1.43500e+02  9.57022e-03 
 1.44000e+02  9.48311e-03 
 1.44500e+02  9.79753e-03 
 1.45000e+02  9.70801e-03 
 1.45500e+02  1.00745e-02 
 1.46000e+02  9.96222e-03 
 1.46500e+02  1.00925e-02 
 1.47000e+02  9.89341e-03 
 1.47500e+02  9.67287e-03 
 1.48000e+02  9.58212e-03 
 1.48500e+02  9.68467e-03 
 1.49000e+02  9.78146e-03 
 1.49500e+02  9.91596e-03 
 1.50000e+02  1.04320e-02 
 1.50500e+02  1.03974e-02 
 1.51000e+02  1.05087e-02 
 1.51500e+02  1.03931e-02 
 1.52000e+02  1.02528e-02 
 1.52500e+02  9.86096e-03 
 1.53000e+02  1.03156e-02 
 1.53500e+02  1.02464e-02 
 1.54000e+02  1.02912e-02 
 1.54500e+02  1.03434e-02 
 1.55000e+02  1.07956e-02 
 1.55500e+02  1.03850e-02 
 1.56000e+02  9.89786e-03 
 1.56500e+02  1.01130e-02 
 1.57000e+02  1.04319e-02 
 1.57500e+02  1.05950e-02 
 1.58000e+02  9.99632e-03 
 1.58500e+02  9.82107e-03 
 1.59000e+02  1.01920e-02 
 1.59500e+02  1.02210e-02 
 1.60000e+02  1.01830e-02 
 1.60500e+02  1.02245e-02 
 1.61000e+02  1.06230e-02 
 1.61500e+02  1.01010e-02 
 1.62000e+02  1.00484e-02 
 1.62500e+02  1.00514e-02 
 1.63000e+02  9.89507e-03 
 1.63500e+02  9.84120e-03 
 1.64000e+02  1.04332e-02 
 1.64500e+02  9.77850e-03 
 1.65000e+02  9.98844e-03 
 1.65500e+02  1.01168e-02 
 1.66000e+02  9.79507e-03 
 1.66500e+02  9.82968e-03 
 1.67000e+02  1.04092e-02 
 1.67500e+02  1.04518e-02 
 1.68000e+02  1.01451e-02 
 1.68500e+02  9.82121e-03 
 1.69000e+02  9.91527e-03 
 1.69500e+02  9.59885e-03 
 1.70000e+02  9.38539e-03 
 1.70500e+02  9.17014e-03 
 1.71000e+02  9.51958e-03 
 1.71500e+02  9.67612e-03 
 1.72000e+02  9.66111e-03 
 1.72500e+02  9.50535e-03 
 1.73000e+02  9.41232e-03 
 1.73500e+02  9.36554e-03 
 1.74000e+02  9.32618e-03 
 1.74500e+02  9.61614e-03 
 1.75000e+02  9.46590e-03 
 1.75500e+02  8.93755e-03 
 1.76000e+02  9.02567e-03 
 1.76500e+02  8.95046e-03 
 1.77000e+02  8.98672e-03 
 1.77500e+02  9.40403e-03 
 1.78000e+02  8.99318e-03 
 1.78500e+02  9.12858e-03 
 1.79000e+02  8.92667e-03 
 1.79500e+02  8.41862e-03 
 1.80000e+02  8.37314e-03 
 1.80500e+02  8.37812e-03 
 1.81000e+02  9.19146e-03 
 1.81500e+02  8.86194e-03 
 1.82000e+02  8.51126e-03 
 1.82500e+02  8.45933e-03 
 1.83000e+02  8.19990e-03 
 1.83500e+02  7.77282e-03 
 1.84000e+02  7.35910e-03 
 1.84500e+02  7.38875e-03 
 1.85000e+02  7.14354e-03 
 1.85500e+02  7.20975e-03 
 1.86000e+02  6.96746e-03 
 1.86500e+02  7.19395e-03 
 1.87000e+02  6.95490e-03 
 1.87500e+02  7.17697e-03 
 1.88000e+02  6.56558e-03 
 1.88500e+02  6.58321e-03 
 1.89000e+02  6.28992e-03 
 1.89500e+02  6.12381e-03 
 1.90000e+02  5.86973e-03 
 1.90500e+02  5.69146e-03 
 1.91000e+02  5.33744e-03 
 1.91500e+02  4.96935e-03 
 1.92000e+02  4.67332e-03 
 1.92500e+02  4.77225e-03 
 1.93000e+02  4.51998e-03 
 1.93500e+02  4.47703e-03 
 1.94000e+02  4.15167e-03 
 1.94500e+02  3.69329e-03 
 1.95000e+02  3.41963e-03 
 1.95500e+02  3.30514e-03 
 1.96000e+02  3.32814e-03 
 1.96500e+02  3.30162e-03 
 1.97000e+02  3.06289e-03 
 1.97500e+02  2.71904e-03 
 1.98000e+02  2.78080e-03 
 1.98500e+02  2.49178e-03 
 1.99000e+02  2.13451e-03 
 1.99500e+02  2.17292e-03 
 2.00000e+02  2.06002e-03 
 2.00500e+02  1.81490e-03 
 2.01000e+02  1.91300e-03 
 2.01500e+02  1.89026e-03 
 2.02000e+02  1.65858e-03 
 2.02500e+02  1.57447e-03 
 2.03000e+02  1.50590e-03 
 2.03500e+02  1.43681e-03 
 2.04000e+02  1.29508e-03 
 2.04500e+02  1.28441e-03 
 2.05000e+02  1.19952e-03 
 2.05500e+02  1.24310e-03 
 2.06000e+02  1.05157e-03 
 2.06500e+02  1.01110e-03 
 2.07000e+02  9.73912e-04 
 2.07500e+02  7.79160e-04 
 2.08000e+02  7.88672e-04 
 2.08500e+02  7.26120e-04 
 2.09000e+02  7.99064e-04 
 2.09500e+02  7.88816e-04 
 2.10000e+02  7.09752e-04 
 2.10500e+02  6.76416e-04 
 2.11000e+02  5.83152e-04 
 2.11500e+02  6.24368e-04 
 2.12000e+02  6.41176e-04 
 2.12500e+02  6.38656e-04 
 2.13000e+02  6.02712e-04 
 2.13500e+02  5.66080e-04 
 2.14000e+02  5.72472e-04 
 2.14500e+02  5.36288e-04 
 2.15000e+02  4.79712e-04 
 2.15500e+02  5.00896e-04 
 2.16000e+02  4.82248e-04 
 2.16500e+02  4.92688e-04 
 2.17000e+02  4.53176e-04 
 2.17500e+02  4.65320e-04 
 2.18000e+02  4.65880e-04 
 2.18500e+02  4.87464e-04 
 2.19000e+02  5.21192e-04 
 2.19500e+02  4.87344e-04 
 2.20000e+02  4.36416e-04 
 2.20500e+02  4.94304e-04 
 2.21000e+02  4.32536e-04 
 2.21500e+02  3.91088e-04 
 2.22000e+02  4.21536e-04 
 2.22500e+02  3.90104e-04 
 2.23000e+02  4.23472e-04 
 2.23500e+02  3.78184e-04 
 2.24000e+02  3.77368e-04 
 2.24500e+02  3.59800e-04 
 2.25000e+02  3.51752e-04 
 2.25500e+02  3.54336e-04 
 2.26000e+02  3.56824e-04 
 2.26500e+02  3.56224e-04 
 2.27000e+02  4.08048e-04 
 2.27500e+02  2.94992e-04 
 2.28000e+02  3.08816e-04 
 2.28500e+02  3.36856e-04 
 2.29000e+02  3.22064e-04 
 2.29500e+02  3.70960e-04 
 2.30000e+02  3.22352e-04 
 2.30500e+02  2.98688e-04 
 2.31000e+02  2.46216e-04 
 2.31500e+02  2.29560e-04 
 2.32000e+02  1.99176e-04 
 2.32500e+02  2.19416e-04 
 2.33000e+02  1.86576e-04 
 2.33500e+02  1.74024e-04 
 2.34000e+02  1.69032e-04 
 2.34500e+02  1.77728e-04 
 2.35000e+02  1.98792e-04 
 2.35500e+02  1.64496e-04 
 2.36000e+02  1.65384e-04 
 2.36500e+02  1.73520e-04 
 2.37000e+02  1.74664e-04 
 2.37500e+02  1.58856e-04 
 2.38000e+02  1.67656e-04 
 2.38500e+02  1.54368e-04 
 2.39000e+02  1.33136e-04 
 2.39500e+02  1.02608e-04 
 2.40000e+02  1.03880e-04 
 2.40500e+02  1.01176e-04 
 2.41000e+02  1.04592e-04 
 2.41500e+02  1.05856e-04 
 2.42000e+02  1.12320e-04 
 2.42500e+02  1.45352e-04 
 2.43000e+02  1.22888e-04 
 2.43500e+02  7.94480e-05 
 2.44000e+02  7.68560e-05 
 2.44500e+02  8.28320e-05 
 2.45000e+02  8.99040e-05 
 2.45500e+02  9.28880e-05 
 2.46000e+02  8.55120e-05 
 2.46500e+02  7.15200e-05 
 2.47000e+02  8.88960e-05 
 2.47500e+02  8.22880e-05 
 2.48000e+02  8.64400e-05 
 2.48500e+02  8.16800e-05 
 2.49000e+02  9.28320e-05 
 2.49500e+02  7.20960e-05 
 2.50000e+02  7.70000e-05 
 2.50500e+02  7.60880e-05 
 2.51000e+02  5.67040e-05 
 2.51500e+02  5.42000e-05 
 2.52000e+02  5.03920e-05 
 2.52500e+02  5.80320e-05 
 2.53000e+02  4.86720e-05 
 2.53500e+02  4.46800e-05 
 2.54000e+02  4.64800e-05 
 2.54500e+02  4.36880e-05 
 2.55000e+02  3.63120e-05 
 2.55500e+02  4.00480e-05 
 2.56000e+02  2.84080e-05 
 2.56500e+02  3.14000e-05 
 2.57000e+02  2.93440e-05 
 2.57500e+02  2.12640e-05 
 2.58000e+02  2.47520e-05 
 2.58500e+02  2.44080e-05 
 2.59000e+02  2.54000e-05 
 2.59500e+02  1.73520e-05 
 2.60000e+02  2.05280e-05 
 2.60500e+02  1.96320e-05 
 2.61000e+02  2.39440e-05 
 2.61500e+02  2.22640e-05 
 2.62000e+02  1.96160e-05 
 2.62500e+02  1.70080e-05 
 2.63000e+02  1.37600e-05 
 2.63500e+02  7.50400e-06 
 2.64000e+02  6.43200e-06 
 2.64500e+02  7.13600e-06 
 2.65000e+02  8.47200e-06 
 2.65500e+02  6.16000e-06 
 2.66000e+02  7.98400e-06 
 2.66500e+02  6.39200e-06 
 2.67000e+02  7.90400e-06 
 2.67500e+02  8.23200e-06 
 2.68000e+02  4.76000e-06 
 2.68500e+02  5.35200e-06 
 2.69000e+02  6.57600e-06 
 2.69500e+02  5.08800e-06 
 2.70000e+02  3.93600e-06 
 2.70500e+02  4.29600e-06 
 2.71000e+02  6.02400e-06 
 2.71500e+02  3.34400e-06 
 2.72000e+02  3.50400e-06 
 2.72500e+02  3.76800e-06 
 2.73000e+02  3.95200e-06 
 2.73500e+02  4.36000e-06 
 2.74000e+02  4.95200e-06 
 2.74500e+02  6.34400e-06 
 2.75000e+02  7.13600e-06 
 2.75500e+02  5.84800e-06 
 2.76000e+02  2.94400e-06 
 2.76500e+02  2.16800e-06 
 2.77000e+02  2.64800e-06 
 2.77500e+02  2.37600e-06 
 2.78000e+02  2.48000e-06 
 2.78500e+02  3.03200e-06 
 2.79000e+02  1.28800e-06 
 2.79500e+02  1.92800e-06 
 2.80000e+02  1.58400e-06 
 2.80500e+02  4.00000e-07 
 2.81000e+02  4.08000e-07 
 2.81500e+02  4.16000e-07 
 2.82000e+02  4.24000e-07 
 2.82500e+02  4.08000e-07 
 2.83000e+02  4.16000e-07 
 2.83500e+02  4.24000e-07 
 2.84000e+02  4.40000e-07 
 2.84500e+02  4.40000e-07 
 2.85000e+02  4.40000e-07 
 2.85500e+02  4.40000e-07 
 2.86000e+02  4.56000e-07 
 2.86500e+02  4.56000e-07 
 2.87000e+02  4.48000e-07 
 2.87500e+02  4.64000e-07 
 2.88000e+02  4.56000e-07 
 2.88500e+02  4.88000e-07 
 2.89000e+02  4.48000e-07 
 2.89500e+02  5.04000e-07 
 2.90000e+02  4.88000e-07 
 2.90500e+02  4.96000e-07 
 2.91000e+02  5.12000e-07 
 2.91500e+02  5.12000e-07 
 2.92000e+02  5.12000e-07 
 2.92500e+02  5.52000e-07 
 2.93000e+02  5.36000e-07 
 2.93500e+02  5.68000e-07 
 2.94000e+02  5.44000e-07 
 2.94500e+02  5.84000e-07 
 2.95000e+02  5.84000e-07 
 2.95500e+02  6.08000e-07 
 2.96000e+02  6.48000e-07 
 2.96500e+02  6.56000e-07 
 2.97000e+02  4.56000e-07 
 2.97500e+02  4.64000e-07 
 2.98000e+02  4.64000e-07 
 2.98500e+02  4.88000e-07 
 2.99000e+02  4.72000e-07 
 2.99500e+02  5.04000e-07 
 3.00000e+02  4.96000e-07 
 3.00500e+02  5.28000e-07 
 3.01000e+02  5.28000e-07 
 3.01500e+02  5.52000e-07 
 3.02000e+02  5.68000e-07 
 3.02500e+02  5.84000e-07 
 3.03000e+02  6.08000e-07 
 3.03500e+02  6.32000e-07 
 3.04000e+02  6.56000e-07 
 3.04500e+02  6.88000e-07 
 3.05000e+02  7.12000e-07 
 3.05500e+02  7.60000e-07 
 3.06000e+02  8.00000e-07 
 3.06500e+02  8.72000e-07 
 3.07000e+02  9.92000e-07 
 3.07500e+02  1.11200e-06 
 3.08000e+02  1.32000e-06 
 3.08500e+02  2.27200e-06 
 3.09000e+02  1.36000e-06 
 3.09500e+02  1.82400e-06 
 3.10000e+02  5.60000e-07 
 3.10500e+02  6.00000e-07 
 3.11000e+02  6.56000e-07 
 3.11500e+02  8.48000e-07 
 3.12000e+02  1.10400e-06 
 3.12500e+02  1.40000e-06 
 3.13000e+02  2.88000e-07 
 3.13500e+02  3.36000e-07 
 3.14000e+02  4.40000e-07 
 3.14500e+02  0.00000e+00 
 3.15000e+02  0.00000e+00 
 3.15500e+02  0.00000e+00 
 3.16000e+02  0.00000e+00 
 3.16500e+02  0.00000e+00 
 3.17000e+02  0.00000e+00 
 3.17500e+02  0.00000e+00 
 3.18000e+02  0.00000e+00 
 3.18500e+02  0.00000e+00 
 3.19000e+02  0.00000e+00 
 3.19500e+02  0.00000e+00 
