 0.00000e+00  0.00000e+00 
 5.00000e-01  0.00000e+00 
 1.00000e+00  0.00000e+00 
 1.50000e+00  0.00000e+00 
 2.00000e+00  0.00000e+00 
 2.50000e+00  0.00000e+00 
 3.00000e+00  0.00000e+00 
 3.50000e+00  0.00000e+00 
 4.00000e+00  0.00000e+00 
 4.50000e+00  0.00000e+00 
 5.00000e+00  0.00000e+00 
 5.50000e+00  0.00000e+00 
 6.00000e+00  0.00000e+00 
 6.50000e+00  0.00000e+00 
 7.00000e+00  0.00000e+00 
 7.50000e+00  0.00000e+00 
 8.00000e+00  0.00000e+00 
 8.50000e+00  0.00000e+00 
 9.00000e+00  0.00000e+00 
 9.50000e+00  0.00000e+00 
 1.00000e+01  0.00000e+00 
 1.05000e+01  0.00000e+00 
 1.10000e+01  0.00000e+00 
 1.15000e+01  0.00000e+00 
 1.20000e+01  0.00000e+00 
 1.25000e+01  0.00000e+00 
 1.30000e+01  0.00000e+00 
 1.35000e+01  0.00000e+00 
 1.40000e+01  0.00000e+00 
 1.45000e+01  0.00000e+00 
 1.50000e+01  0.00000e+00 
 1.55000e+01  0.00000e+00 
 1.60000e+01  0.00000e+00 
 1.65000e+01  0.00000e+00 
 1.70000e+01  0.00000e+00 
 1.75000e+01  0.00000e+00 
 1.80000e+01  0.00000e+00 
 1.85000e+01  0.00000e+00 
 1.90000e+01  0.00000e+00 
 1.95000e+01  0.00000e+00 
 2.00000e+01  0.00000e+00 
 2.05000e+01  0.00000e+00 
 2.10000e+01  0.00000e+00 
 2.15000e+01  0.00000e+00 
 2.20000e+01  0.00000e+00 
 2.25000e+01  0.00000e+00 
 2.30000e+01  3.12000e-07 
 2.35000e+01  2.48000e-07 
 2.40000e+01  2.24000e-07 
 2.45000e+01  2.16000e-07 
 2.50000e+01  2.00000e-07 
 2.55000e+01  1.84000e-07 
 2.60000e+01  1.29600e-06 
 2.65000e+01  1.33600e-06 
 2.70000e+01  9.20000e-07 
 2.75000e+01  7.52000e-07 
 2.80000e+01  6.72000e-07 
 2.85000e+01  6.00000e-07 
 2.90000e+01  5.44000e-07 
 2.95000e+01  5.28000e-07 
 3.00000e+01  4.80000e-07 
 3.05000e+01  4.80000e-07 
 3.10000e+01  4.48000e-07 
 3.15000e+01  4.24000e-07 
 3.20000e+01  5.60000e-07 
 3.25000e+01  6.00000e-07 
 3.30000e+01  5.76000e-07 
 3.35000e+01  5.60000e-07 
 3.40000e+01  1.48000e-06 
 3.45000e+01  1.08800e-06 
 3.50000e+01  8.80000e-07 
 3.55000e+01  8.40000e-07 
 3.60000e+01  7.36000e-07 
 3.65000e+01  7.28000e-07 
 3.70000e+01  3.64000e-06 
 3.75000e+01  3.08800e-06 
 3.80000e+01  1.97600e-06 
 3.85000e+01  1.68000e-06 
 3.90000e+01  1.52800e-06 
 3.95000e+01  1.44800e-06 
 4.00000e+01  1.31200e-06 
 4.05000e+01  3.72800e-06 
 4.10000e+01  5.30400e-06 
 4.15000e+01  3.52000e-06 
 4.20000e+01  2.96800e-06 
 4.25000e+01  2.66400e-06 
 4.30000e+01  2.32000e-06 
 4.35000e+01  2.08800e-06 
 4.40000e+01  1.96800e-06 
 4.45000e+01  1.87200e-06 
 4.50000e+01  6.32000e-06 
 4.55000e+01  3.48800e-06 
 4.60000e+01  3.00800e-06 
 4.65000e+01  2.72800e-06 
 4.70000e+01  2.58400e-06 
 4.75000e+01  3.44000e-06 
 4.80000e+01  2.96000e-06 
 4.85000e+01  2.76000e-06 
 4.90000e+01  2.57600e-06 
 4.95000e+01  3.16800e-06 
 5.00000e+01  6.85600e-06 
 5.05000e+01  5.61600e-06 
 5.10000e+01  7.43200e-06 
 5.15000e+01  5.97600e-06 
 5.20000e+01  9.50400e-06 
 5.25000e+01  9.46400e-06 
 5.30000e+01  1.04080e-05 
 5.35000e+01  1.09120e-05 
 5.40000e+01  1.08880e-05 
 5.45000e+01  1.23520e-05 
 5.50000e+01  1.06560e-05 
 5.55000e+01  1.29280e-05 
 5.60000e+01  1.20560e-05 
 5.65000e+01  1.31280e-05 
 5.70000e+01  1.41760e-05 
 5.75000e+01  1.51600e-05 
 5.80000e+01  1.21520e-05 
 5.85000e+01  1.13280e-05 
 5.90000e+01  1.35120e-05 
 5.95000e+01  1.86640e-05 
 6.00000e+01  1.78720e-05 
 6.05000e+01  1.62320e-05 
 6.10000e+01  1.85760e-05 
 6.15000e+01  2.05200e-05 
 6.20000e+01  2.26800e-05 
 6.25000e+01  2.45520e-05 
 6.30000e+01  2.73440e-05 
 6.35000e+01  2.45440e-05 
 6.40000e+01  2.45600e-05 
 6.45000e+01  2.77200e-05 
 6.50000e+01  2.46560e-05 
 6.55000e+01  2.51680e-05 
 6.60000e+01  2.66480e-05 
 6.65000e+01  3.04000e-05 
 6.70000e+01  3.44000e-05 
 6.75000e+01  3.25120e-05 
 6.80000e+01  2.94080e-05 
 6.85000e+01  4.60800e-05 
 6.90000e+01  4.81360e-05 
 6.95000e+01  4.76240e-05 
 7.00000e+01  5.50080e-05 
 7.05000e+01  7.10640e-05 
 7.10000e+01  8.95280e-05 
 7.15000e+01  9.42720e-05 
 7.20000e+01  1.09944e-04 
 7.25000e+01  1.08008e-04 
 7.30000e+01  9.51840e-05 
 7.35000e+01  9.28880e-05 
 7.40000e+01  1.11448e-04 
 7.45000e+01  1.13880e-04 
 7.50000e+01  1.04528e-04 
 7.55000e+01  1.06112e-04 
 7.60000e+01  1.04656e-04 
 7.65000e+01  1.41104e-04 
 7.70000e+01  1.23288e-04 
 7.75000e+01  1.33032e-04 
 7.80000e+01  1.53288e-04 
 7.85000e+01  1.69704e-04 
 7.90000e+01  1.54488e-04 
 7.95000e+01  1.50936e-04 
 8.00000e+01  1.52776e-04 
 8.05000e+01  1.48576e-04 
 8.10000e+01  1.53432e-04 
 8.15000e+01  1.64904e-04 
 8.20000e+01  1.94264e-04 
 8.25000e+01  1.62800e-04 
 8.30000e+01  1.79688e-04 
 8.35000e+01  2.32688e-04 
 8.40000e+01  2.47328e-04 
 8.45000e+01  2.83936e-04 
 8.50000e+01  2.36096e-04 
 8.55000e+01  2.70784e-04 
 8.60000e+01  2.73976e-04 
 8.65000e+01  2.51560e-04 
 8.70000e+01  2.58808e-04 
 8.75000e+01  2.57576e-04 
 8.80000e+01  2.55552e-04 
 8.85000e+01  2.37568e-04 
 8.90000e+01  2.75312e-04 
 8.95000e+01  3.60032e-04 
 9.00000e+01  3.80336e-04 
 9.05000e+01  3.81624e-04 
 9.10000e+01  3.95712e-04 
 9.15000e+01  3.75832e-04 
 9.20000e+01  3.92232e-04 
 9.25000e+01  3.75304e-04 
 9.30000e+01  3.36616e-04 
 9.35000e+01  3.60096e-04 
 9.40000e+01  4.16672e-04 
 9.45000e+01  3.78432e-04 
 9.50000e+01  4.07736e-04 
 9.55000e+01  4.10912e-04 
 9.60000e+01  4.01128e-04 
 9.65000e+01  3.71952e-04 
 9.70000e+01  4.63848e-04 
 9.75000e+01  4.51776e-04 
 9.80000e+01  3.76808e-04 
 9.85000e+01  3.75416e-04 
 9.90000e+01  3.74112e-04 
 9.95000e+01  3.98536e-04 
 1.00000e+02  3.89640e-04 
 1.00500e+02  4.51384e-04 
 1.01000e+02  4.85672e-04 
 1.01500e+02  5.28304e-04 
 1.02000e+02  4.25576e-04 
 1.02500e+02  4.83688e-04 
 1.03000e+02  5.15080e-04 
 1.03500e+02  5.08648e-04 
 1.04000e+02  5.32056e-04 
 1.04500e+02  5.38016e-04 
 1.05000e+02  5.60232e-04 
 1.05500e+02  5.70352e-04 
 1.06000e+02  6.48024e-04 
 1.06500e+02  6.29256e-04 
 1.07000e+02  6.29392e-04 
 1.07500e+02  6.37456e-04 
 1.08000e+02  6.61416e-04 
 1.08500e+02  6.75240e-04 
 1.09000e+02  7.84560e-04 
 1.09500e+02  8.37592e-04 
 1.10000e+02  8.13456e-04 
 1.10500e+02  1.00034e-03 
 1.11000e+02  9.62384e-04 
 1.11500e+02  8.26424e-04 
 1.12000e+02  8.32456e-04 
 1.12500e+02  1.00390e-03 
 1.13000e+02  1.01569e-03 
 1.13500e+02  1.12314e-03 
 1.14000e+02  1.19122e-03 
 1.14500e+02  1.23968e-03 
 1.15000e+02  1.22531e-03 
 1.15500e+02  1.34750e-03 
 1.16000e+02  1.35311e-03 
 1.16500e+02  1.39202e-03 
 1.17000e+02  1.44127e-03 
 1.17500e+02  1.52622e-03 
 1.18000e+02  1.85668e-03 
 1.18500e+02  1.93235e-03 
 1.19000e+02  2.02429e-03 
 1.19500e+02  1.95469e-03 
 1.20000e+02  1.98102e-03 
 1.20500e+02  2.18226e-03 
 1.21000e+02  2.36114e-03 
 1.21500e+02  2.67550e-03 
 1.22000e+02  2.75710e-03 
 1.22500e+02  3.14226e-03 
 1.23000e+02  3.57468e-03 
 1.23500e+02  3.75762e-03 
 1.24000e+02  3.82161e-03 
 1.24500e+02  4.16016e-03 
 1.25000e+02  4.04190e-03 
 1.25500e+02  4.38766e-03 
 1.26000e+02  4.44690e-03 
 1.26500e+02  4.78953e-03 
 1.27000e+02  4.56490e-03 
 1.27500e+02  4.51597e-03 
 1.28000e+02  4.90674e-03 
 1.28500e+02  5.04769e-03 
 1.29000e+02  5.30894e-03 
 1.29500e+02  5.65925e-03 
 1.30000e+02  6.07655e-03 
 1.30500e+02  6.32002e-03 
 1.31000e+02  6.25529e-03 
 1.31500e+02  6.05380e-03 
 1.32000e+02  6.23704e-03 
 1.32500e+02  6.40779e-03 
 1.33000e+02  6.39500e-03 
 1.33500e+02  6.52406e-03 
 1.34000e+02  6.59062e-03 
 1.34500e+02  7.00380e-03 
 1.35000e+02  7.30874e-03 
 1.35500e+02  7.35411e-03 
 1.36000e+02  6.95391e-03 
 1.36500e+02  7.32232e-03 
 1.37000e+02  7.28709e-03 
 1.37500e+02  8.23729e-03 
 1.38000e+02  8.05186e-03 
 1.38500e+02  8.03242e-03 
 1.39000e+02  8.35258e-03 
 1.39500e+02  8.30786e-03 
 1.40000e+02  8.78635e-03 
 1.40500e+02  9.00721e-03 
 1.41000e+02  8.91518e-03 
 1.41500e+02  8.67992e-03 
 1.42000e+02  8.95648e-03 
 1.42500e+02  9.27139e-03 
 1.43000e+02  9.70327e-03 
 1.43500e+02  9.31578e-03 
 1.44000e+02  9.70688e-03 
 1.44500e+02  1.00178e-02 
 1.45000e+02  1.01200e-02 
 1.45500e+02  1.00276e-02 
 1.46000e+02  1.00889e-02 
 1.46500e+02  1.03951e-02 
 1.47000e+02  1.00263e-02 
 1.47500e+02  1.02425e-02 
 1.48000e+02  1.00144e-02 
 1.48500e+02  1.01939e-02 
 1.49000e+02  1.02608e-02 
 1.49500e+02  1.04582e-02 
 1.50000e+02  1.06320e-02 
 1.50500e+02  1.05873e-02 
 1.51000e+02  1.10343e-02 
 1.51500e+02  1.09841e-02 
 1.52000e+02  1.06053e-02 
 1.52500e+02  1.08637e-02 
 1.53000e+02  1.04420e-02 
 1.53500e+02  1.06562e-02 
 1.54000e+02  1.05554e-02 
 1.54500e+02  1.08892e-02 
 1.55000e+02  1.07776e-02 
 1.55500e+02  1.09102e-02 
 1.56000e+02  1.08136e-02 
 1.56500e+02  1.09076e-02 
 1.57000e+02  1.08042e-02 
 1.57500e+02  1.08808e-02 
 1.58000e+02  1.03004e-02 
 1.58500e+02  9.89589e-03 
 1.59000e+02  1.01049e-02 
 1.59500e+02  1.00436e-02 
 1.60000e+02  1.03585e-02 
 1.60500e+02  1.00558e-02 
 1.61000e+02  1.00864e-02 
 1.61500e+02  9.90068e-03 
 1.62000e+02  9.75618e-03 
 1.62500e+02  9.59071e-03 
 1.63000e+02  9.87902e-03 
 1.63500e+02  9.72725e-03 
 1.64000e+02  9.59918e-03 
 1.64500e+02  1.04125e-02 
 1.65000e+02  9.81608e-03 
 1.65500e+02  1.02845e-02 
 1.66000e+02  1.00574e-02 
 1.66500e+02  1.00113e-02 
 1.67000e+02  9.59402e-03 
 1.67500e+02  9.81040e-03 
 1.68000e+02  9.87645e-03 
 1.68500e+02  9.94926e-03 
 1.69000e+02  1.00662e-02 
 1.69500e+02  1.00900e-02 
 1.70000e+02  1.00320e-02 
 1.70500e+02  9.73440e-03 
 1.71000e+02  9.77980e-03 
 1.71500e+02  9.72621e-03 
 1.72000e+02  9.13498e-03 
 1.72500e+02  9.49599e-03 
 1.73000e+02  9.18251e-03 
 1.73500e+02  9.10994e-03 
 1.74000e+02  8.64970e-03 
 1.74500e+02  8.93629e-03 
 1.75000e+02  8.76214e-03 
 1.75500e+02  8.56261e-03 
 1.76000e+02  8.47439e-03 
 1.76500e+02  8.32862e-03 
 1.77000e+02  8.05878e-03 
 1.77500e+02  8.28470e-03 
 1.78000e+02  8.11403e-03 
 1.78500e+02  7.89447e-03 
 1.79000e+02  8.01642e-03 
 1.79500e+02  8.07333e-03 
 1.80000e+02  8.37042e-03 
 1.80500e+02  8.40570e-03 
 1.81000e+02  8.37530e-03 
 1.81500e+02  7.93737e-03 
 1.82000e+02  8.21369e-03 
 1.82500e+02  8.01422e-03 
 1.83000e+02  7.51332e-03 
 1.83500e+02  7.65434e-03 
 1.84000e+02  7.21962e-03 
 1.84500e+02  7.15165e-03 
 1.85000e+02  6.89219e-03 
 1.85500e+02  6.82796e-03 
 1.86000e+02  7.00728e-03 
 1.86500e+02  6.18365e-03 
 1.87000e+02  6.15833e-03 
 1.87500e+02  5.70813e-03 
 1.88000e+02  5.91120e-03 
 1.88500e+02  5.74858e-03 
 1.89000e+02  5.51613e-03 
 1.89500e+02  5.87039e-03 
 1.90000e+02  5.73606e-03 
 1.90500e+02  5.60940e-03 
 1.91000e+02  5.65835e-03 
 1.91500e+02  5.22428e-03 
 1.92000e+02  5.26837e-03 
 1.92500e+02  4.58606e-03 
 1.93000e+02  4.12307e-03 
 1.93500e+02  3.94066e-03 
 1.94000e+02  3.86285e-03 
 1.94500e+02  3.70177e-03 
 1.95000e+02  3.46870e-03 
 1.95500e+02  3.49474e-03 
 1.96000e+02  3.37626e-03 
 1.96500e+02  3.19454e-03 
 1.97000e+02  2.92345e-03 
 1.97500e+02  2.80478e-03 
 1.98000e+02  2.78129e-03 
 1.98500e+02  2.39039e-03 
 1.99000e+02  2.48910e-03 
 1.99500e+02  2.22586e-03 
 2.00000e+02  2.02130e-03 
 2.00500e+02  1.85938e-03 
 2.01000e+02  1.79247e-03 
 2.01500e+02  1.63936e-03 
 2.02000e+02  1.47651e-03 
 2.02500e+02  1.50890e-03 
 2.03000e+02  1.34962e-03 
 2.03500e+02  1.31074e-03 
 2.04000e+02  1.18645e-03 
 2.04500e+02  1.07747e-03 
 2.05000e+02  1.08806e-03 
 2.05500e+02  1.04582e-03 
 2.06000e+02  1.00866e-03 
 2.06500e+02  8.71680e-04 
 2.07000e+02  7.95016e-04 
 2.07500e+02  7.19816e-04 
 2.08000e+02  8.39680e-04 
 2.08500e+02  7.41600e-04 
 2.09000e+02  7.30400e-04 
 2.09500e+02  6.90880e-04 
 2.10000e+02  6.59288e-04 
 2.10500e+02  6.91472e-04 
 2.11000e+02  7.10368e-04 
 2.11500e+02  6.60768e-04 
 2.12000e+02  6.64336e-04 
 2.12500e+02  6.02408e-04 
 2.13000e+02  5.74360e-04 
 2.13500e+02  5.88576e-04 
 2.14000e+02  6.37144e-04 
 2.14500e+02  6.17656e-04 
 2.15000e+02  6.18504e-04 
 2.15500e+02  5.70976e-04 
 2.16000e+02  5.70280e-04 
 2.16500e+02  5.55000e-04 
 2.17000e+02  5.08792e-04 
 2.17500e+02  5.44384e-04 
 2.18000e+02  5.53568e-04 
 2.18500e+02  5.44880e-04 
 2.19000e+02  5.27400e-04 
 2.19500e+02  4.67624e-04 
 2.20000e+02  4.46944e-04 
 2.20500e+02  4.50928e-04 
 2.21000e+02  4.77032e-04 
 2.21500e+02  4.45760e-04 
 2.22000e+02  4.47344e-04 
 2.22500e+02  4.16952e-04 
 2.23000e+02  3.99256e-04 
 2.23500e+02  3.57224e-04 
 2.24000e+02  3.59112e-04 
 2.24500e+02  3.13200e-04 
 2.25000e+02  3.18912e-04 
 2.25500e+02  2.97128e-04 
 2.26000e+02  3.10912e-04 
 2.26500e+02  3.17952e-04 
 2.27000e+02  3.11488e-04 
 2.27500e+02  3.08224e-04 
 2.28000e+02  3.02000e-04 
 2.28500e+02  2.88304e-04 
 2.29000e+02  2.34208e-04 
 2.29500e+02  2.15144e-04 
 2.30000e+02  2.33960e-04 
 2.30500e+02  2.38792e-04 
 2.31000e+02  2.57976e-04 
 2.31500e+02  2.49456e-04 
 2.32000e+02  2.65536e-04 
 2.32500e+02  2.12880e-04 
 2.33000e+02  1.98416e-04 
 2.33500e+02  1.99224e-04 
 2.34000e+02  2.31328e-04 
 2.34500e+02  2.30184e-04 
 2.35000e+02  2.11496e-04 
 2.35500e+02  2.08448e-04 
 2.36000e+02  2.11048e-04 
 2.36500e+02  1.84584e-04 
 2.37000e+02  1.85312e-04 
 2.37500e+02  1.98104e-04 
 2.38000e+02  2.13992e-04 
 2.38500e+02  1.69368e-04 
 2.39000e+02  1.86584e-04 
 2.39500e+02  1.78728e-04 
 2.40000e+02  1.73000e-04 
 2.40500e+02  1.82264e-04 
 2.41000e+02  2.04512e-04 
 2.41500e+02  1.69920e-04 
 2.42000e+02  1.88976e-04 
 2.42500e+02  1.67912e-04 
 2.43000e+02  1.46336e-04 
 2.43500e+02  1.49560e-04 
 2.44000e+02  1.62160e-04 
 2.44500e+02  1.71384e-04 
 2.45000e+02  1.46192e-04 
 2.45500e+02  1.08704e-04 
 2.46000e+02  9.74480e-05 
 2.46500e+02  1.09840e-04 
 2.47000e+02  8.40720e-05 
 2.47500e+02  8.61360e-05 
 2.48000e+02  9.50720e-05 
 2.48500e+02  8.28000e-05 
 2.49000e+02  8.97280e-05 
 2.49500e+02  9.03120e-05 
 2.50000e+02  7.27280e-05 
 2.50500e+02  6.88800e-05 
 2.51000e+02  5.77520e-05 
 2.51500e+02  6.91680e-05 
 2.52000e+02  6.53840e-05 
 2.52500e+02  5.47280e-05 
 2.53000e+02  5.40800e-05 
 2.53500e+02  3.88400e-05 
 2.54000e+02  4.10960e-05 
 2.54500e+02  3.16080e-05 
 2.55000e+02  2.97680e-05 
 2.55500e+02  3.34000e-05 
 2.56000e+02  3.94160e-05 
 2.56500e+02  3.63280e-05 
 2.57000e+02  3.31200e-05 
 2.57500e+02  2.48080e-05 
 2.58000e+02  2.70160e-05 
 2.58500e+02  2.30080e-05 
 2.59000e+02  2.27840e-05 
 2.59500e+02  2.63680e-05 
 2.60000e+02  1.78880e-05 
 2.60500e+02  2.10160e-05 
 2.61000e+02  2.06720e-05 
 2.61500e+02  2.14960e-05 
 2.62000e+02  1.73280e-05 
 2.62500e+02  1.61200e-05 
 2.63000e+02  1.72080e-05 
 2.63500e+02  1.46480e-05 
 2.64000e+02  1.67360e-05 
 2.64500e+02  1.64080e-05 
 2.65000e+02  1.25360e-05 
 2.65500e+02  1.45840e-05 
 2.66000e+02  1.34240e-05 
 2.66500e+02  1.33200e-05 
 2.67000e+02  9.39200e-06 
 2.67500e+02  1.11520e-05 
 2.68000e+02  8.78400e-06 
 2.68500e+02  8.27200e-06 
 2.69000e+02  7.56800e-06 
 2.69500e+02  6.92000e-06 
 2.70000e+02  5.43200e-06 
 2.70500e+02  4.24800e-06 
 2.71000e+02  4.74400e-06 
 2.71500e+02  5.40000e-06 
 2.72000e+02  2.92000e-06 
 2.72500e+02  3.02400e-06 
 2.73000e+02  3.08800e-06 
 2.73500e+02  3.21600e-06 
 2.74000e+02  3.32800e-06 
 2.74500e+02  3.46400e-06 
 2.75000e+02  3.73600e-06 
 2.75500e+02  3.99200e-06 
 2.76000e+02  4.83200e-06 
 2.76500e+02  4.38400e-06 
 2.77000e+02  3.43200e-06 
 2.77500e+02  3.67200e-06 
 2.78000e+02  3.98400e-06 
 2.78500e+02  4.36000e-06 
 2.79000e+02  5.04800e-06 
 2.79500e+02  7.62400e-06 
 2.80000e+02  5.36800e-06 
 2.80500e+02  2.99200e-06 
 2.81000e+02  3.79200e-06 
 2.81500e+02  3.40800e-06 
 2.82000e+02  5.40800e-06 
 2.82500e+02  3.05600e-06 
 2.83000e+02  4.62400e-06 
 2.83500e+02  9.44000e-07 
 2.84000e+02  1.00000e-06 
 2.84500e+02  1.40000e-06 
 2.85000e+02  1.86400e-06 
 2.85500e+02  2.72000e-06 
 2.86000e+02  8.96000e-07 
 2.86500e+02  9.52000e-07 
 2.87000e+02  9.60000e-07 
 2.87500e+02  1.00000e-06 
 2.88000e+02  9.04000e-07 
 2.88500e+02  9.44000e-07 
 2.89000e+02  1.00800e-06 
 2.89500e+02  1.01600e-06 
 2.90000e+02  1.14400e-06 
 2.90500e+02  1.25600e-06 
 2.91000e+02  1.58400e-06 
 2.91500e+02  3.01600e-06 
 2.92000e+02  1.67200e-06 
 2.92500e+02  1.99200e-06 
 2.93000e+02  6.32000e-07 
 2.93500e+02  6.56000e-07 
 2.94000e+02  7.04000e-07 
 2.94500e+02  7.76000e-07 
 2.95000e+02  8.64000e-07 
 2.95500e+02  9.12000e-07 
 2.96000e+02  1.04800e-06 
 2.96500e+02  1.51200e-06 
 2.97000e+02  1.67200e-06 
 2.97500e+02  2.67200e-06 
 2.98000e+02  1.08800e-06 
 2.98500e+02  0.00000e+00 
 2.99000e+02  0.00000e+00 
 2.99500e+02  0.00000e+00 
 3.00000e+02  0.00000e+00 
 3.00500e+02  0.00000e+00 
 3.01000e+02  0.00000e+00 
 3.01500e+02  0.00000e+00 
 3.02000e+02  0.00000e+00 
 3.02500e+02  0.00000e+00 
 3.03000e+02  0.00000e+00 
 3.03500e+02  0.00000e+00 
 3.04000e+02  0.00000e+00 
 3.04500e+02  0.00000e+00 
 3.05000e+02  0.00000e+00 
 3.05500e+02  0.00000e+00 
 3.06000e+02  0.00000e+00 
 3.06500e+02  0.00000e+00 
 3.07000e+02  0.00000e+00 
 3.07500e+02  0.00000e+00 
 3.08000e+02  0.00000e+00 
 3.08500e+02  0.00000e+00 
 3.09000e+02  0.00000e+00 
 3.09500e+02  0.00000e+00 
 3.10000e+02  0.00000e+00 
 3.10500e+02  0.00000e+00 
 3.11000e+02  0.00000e+00 
 3.11500e+02  0.00000e+00 
 3.12000e+02  0.00000e+00 
 3.12500e+02  0.00000e+00 
 3.13000e+02  0.00000e+00 
 3.13500e+02  0.00000e+00 
 3.14000e+02  0.00000e+00 
 3.14500e+02  0.00000e+00 
 3.15000e+02  0.00000e+00 
 3.15500e+02  0.00000e+00 
 3.16000e+02  0.00000e+00 
 3.16500e+02  0.00000e+00 
 3.17000e+02  0.00000e+00 
 3.17500e+02  0.00000e+00 
 3.18000e+02  0.00000e+00 
 3.18500e+02  0.00000e+00 
 3.19000e+02  0.00000e+00 
 3.19500e+02  0.00000e+00 
