 0.00000e+00  0.00000e+00 
 5.00000e-01  0.00000e+00 
 1.00000e+00  0.00000e+00 
 1.50000e+00  0.00000e+00 
 2.00000e+00  0.00000e+00 
 2.50000e+00  0.00000e+00 
 3.00000e+00  0.00000e+00 
 3.50000e+00  0.00000e+00 
 4.00000e+00  0.00000e+00 
 4.50000e+00  0.00000e+00 
 5.00000e+00  0.00000e+00 
 5.50000e+00  0.00000e+00 
 6.00000e+00  0.00000e+00 
 6.50000e+00  0.00000e+00 
 7.00000e+00  0.00000e+00 
 7.50000e+00  1.56800e-06 
 8.00000e+00  7.68000e-07 
 8.50000e+00  5.68000e-07 
 9.00000e+00  3.76000e-07 
 9.50000e+00  2.00000e-07 
 1.00000e+01  1.84000e-07 
 1.05000e+01  1.84000e-07 
 1.10000e+01  1.68000e-07 
 1.15000e+01  1.52000e-07 
 1.20000e+01  1.36000e-07 
 1.25000e+01  1.36000e-07 
 1.30000e+01  1.28000e-07 
 1.35000e+01  1.28000e-07 
 1.40000e+01  1.28000e-07 
 1.45000e+01  1.18400e-06 
 1.50000e+01  7.76000e-07 
 1.55000e+01  4.80000e-07 
 1.60000e+01  3.76000e-07 
 1.65000e+01  3.20000e-07 
 1.70000e+01  3.28000e-07 
 1.75000e+01  2.96000e-07 
 1.80000e+01  2.80000e-07 
 1.85000e+01  1.91200e-06 
 1.90000e+01  1.12800e-06 
 1.95000e+01  8.72000e-07 
 2.00000e+01  7.60000e-07 
 2.05000e+01  7.04000e-07 
 2.10000e+01  6.32000e-07 
 2.15000e+01  5.84000e-07 
 2.20000e+01  5.68000e-07 
 2.25000e+01  5.28000e-07 
 2.30000e+01  5.20000e-07 
 2.35000e+01  5.12000e-07 
 2.40000e+01  4.88000e-07 
 2.45000e+01  4.56000e-07 
 2.50000e+01  4.40000e-07 
 2.55000e+01  4.48000e-07 
 2.60000e+01  4.16000e-07 
 2.65000e+01  4.16000e-07 
 2.70000e+01  4.16000e-07 
 2.75000e+01  4.00000e-07 
 2.80000e+01  3.92000e-07 
 2.85000e+01  3.84000e-07 
 2.90000e+01  3.76000e-07 
 2.95000e+01  3.68000e-07 
 3.00000e+01  3.60000e-07 
 3.05000e+01  3.68000e-07 
 3.10000e+01  3.60000e-07 
 3.15000e+01  3.52000e-07 
 3.20000e+01  3.44000e-07 
 3.25000e+01  3.36000e-07 
 3.30000e+01  3.36000e-07 
 3.35000e+01  3.28000e-07 
 3.40000e+01  3.36000e-07 
 3.45000e+01  3.20000e-07 
 3.50000e+01  2.16800e-06 
 3.55000e+01  1.36000e-06 
 3.60000e+01  1.10400e-06 
 3.65000e+01  9.44000e-07 
 3.70000e+01  8.72000e-07 
 3.75000e+01  8.16000e-07 
 3.80000e+01  7.60000e-07 
 3.85000e+01  7.28000e-07 
 3.90000e+01  7.04000e-07 
 3.95000e+01  6.96000e-07 
 4.00000e+01  5.84000e-07 
 4.05000e+01  5.68000e-07 
 4.10000e+01  2.72000e-06 
 4.15000e+01  5.51200e-06 
 4.20000e+01  3.72000e-06 
 4.25000e+01  3.51200e-06 
 4.30000e+01  3.36000e-06 
 4.35000e+01  4.63200e-06 
 4.40000e+01  5.92000e-06 
 4.45000e+01  3.66400e-06 
 4.50000e+01  2.79200e-06 
 4.55000e+01  2.60000e-06 
 4.60000e+01  2.40800e-06 
 4.65000e+01  2.25600e-06 
 4.70000e+01  2.12000e-06 
 4.75000e+01  2.17600e-06 
 4.80000e+01  2.37600e-06 
 4.85000e+01  2.28000e-06 
 4.90000e+01  3.57600e-06 
 4.95000e+01  4.20000e-06 
 5.00000e+01  6.58400e-06 
 5.05000e+01  5.48000e-06 
 5.10000e+01  4.49600e-06 
 5.15000e+01  5.57600e-06 
 5.20000e+01  5.85600e-06 
 5.25000e+01  1.26080e-05 
 5.30000e+01  1.32160e-05 
 5.35000e+01  1.15520e-05 
 5.40000e+01  1.37520e-05 
 5.45000e+01  1.05520e-05 
 5.50000e+01  9.28800e-06 
 5.55000e+01  8.44000e-06 
 5.60000e+01  7.98400e-06 
 5.65000e+01  1.05200e-05 
 5.70000e+01  1.11920e-05 
 5.75000e+01  1.94480e-05 
 5.80000e+01  2.17120e-05 
 5.85000e+01  1.64960e-05 
 5.90000e+01  1.35200e-05 
 5.95000e+01  1.24720e-05 
 6.00000e+01  2.06320e-05 
 6.05000e+01  1.81920e-05 
 6.10000e+01  2.03200e-05 
 6.15000e+01  2.07680e-05 
 6.20000e+01  2.12160e-05 
 6.25000e+01  2.53440e-05 
 6.30000e+01  2.61680e-05 
 6.35000e+01  2.16160e-05 
 6.40000e+01  1.98320e-05 
 6.45000e+01  1.87280e-05 
 6.50000e+01  2.12560e-05 
 6.55000e+01  2.97760e-05 
 6.60000e+01  2.58560e-05 
 6.65000e+01  2.64880e-05 
 6.70000e+01  3.55520e-05 
 6.75000e+01  5.19040e-05 
 6.80000e+01  7.18080e-05 
 6.85000e+01  5.89600e-05 
 6.90000e+01  8.16640e-05 
 6.95000e+01  8.78960e-05 
 7.00000e+01  9.69200e-05 
 7.05000e+01  8.46640e-05 
 7.10000e+01  8.25760e-05 
 7.15000e+01  9.92640e-05 
 7.20000e+01  1.13616e-04 
 7.25000e+01  1.20688e-04 
 7.30000e+01  1.10400e-04 
 7.35000e+01  1.37416e-04 
 7.40000e+01  1.19024e-04 
 7.45000e+01  1.30336e-04 
 7.50000e+01  1.07240e-04 
 7.55000e+01  1.18192e-04 
 7.60000e+01  1.28896e-04 
 7.65000e+01  1.23952e-04 
 7.70000e+01  1.48288e-04 
 7.75000e+01  1.20544e-04 
 7.80000e+01  1.33896e-04 
 7.85000e+01  1.27768e-04 
 7.90000e+01  1.60848e-04 
 7.95000e+01  1.60168e-04 
 8.00000e+01  1.53200e-04 
 8.05000e+01  1.47272e-04 
 8.10000e+01  1.48608e-04 
 8.15000e+01  1.74688e-04 
 8.20000e+01  1.78408e-04 
 8.25000e+01  1.85632e-04 
 8.30000e+01  1.99712e-04 
 8.35000e+01  2.06168e-04 
 8.40000e+01  2.07000e-04 
 8.45000e+01  1.77736e-04 
 8.50000e+01  1.84456e-04 
 8.55000e+01  1.91208e-04 
 8.60000e+01  2.13216e-04 
 8.65000e+01  2.41152e-04 
 8.70000e+01  2.48152e-04 
 8.75000e+01  2.36000e-04 
 8.80000e+01  3.17744e-04 
 8.85000e+01  3.14320e-04 
 8.90000e+01  3.16704e-04 
 8.95000e+01  3.33400e-04 
 9.00000e+01  3.45224e-04 
 9.05000e+01  3.09288e-04 
 9.10000e+01  3.08624e-04 
 9.15000e+01  2.96448e-04 
 9.20000e+01  2.75648e-04 
 9.25000e+01  3.19616e-04 
 9.30000e+01  3.21616e-04 
 9.35000e+01  3.31992e-04 
 9.40000e+01  3.84072e-04 
 9.45000e+01  3.54528e-04 
 9.50000e+01  3.14712e-04 
 9.55000e+01  3.68352e-04 
 9.60000e+01  3.72928e-04 
 9.65000e+01  3.59848e-04 
 9.70000e+01  3.38624e-04 
 9.75000e+01  3.70576e-04 
 9.80000e+01  3.70648e-04 
 9.85000e+01  3.53136e-04 
 9.90000e+01  4.11176e-04 
 9.95000e+01  4.24352e-04 
 1.00000e+02  4.47592e-04 
 1.00500e+02  5.27072e-04 
 1.01000e+02  5.23376e-04 
 1.01500e+02  5.15824e-04 
 1.02000e+02  5.12280e-04 
 1.02500e+02  5.34424e-04 
 1.03000e+02  4.82872e-04 
 1.03500e+02  5.33664e-04 
 1.04000e+02  4.82248e-04 
 1.04500e+02  4.79184e-04 
 1.05000e+02  5.42096e-04 
 1.05500e+02  5.58520e-04 
 1.06000e+02  6.18152e-04 
 1.06500e+02  6.59976e-04 
 1.07000e+02  7.18776e-04 
 1.07500e+02  7.14368e-04 
 1.08000e+02  7.73832e-04 
 1.08500e+02  8.03064e-04 
 1.09000e+02  8.03936e-04 
 1.09500e+02  8.24376e-04 
 1.10000e+02  7.50104e-04 
 1.10500e+02  8.13832e-04 
 1.11000e+02  7.90408e-04 
 1.11500e+02  8.50112e-04 
 1.12000e+02  8.88968e-04 
 1.12500e+02  9.47304e-04 
 1.13000e+02  9.58648e-04 
 1.13500e+02  1.05827e-03 
 1.14000e+02  1.13724e-03 
 1.14500e+02  1.35818e-03 
 1.15000e+02  1.32785e-03 
 1.15500e+02  1.57270e-03 
 1.16000e+02  1.62404e-03 
 1.16500e+02  1.75237e-03 
 1.17000e+02  1.98858e-03 
 1.17500e+02  2.04328e-03 
 1.18000e+02  2.08564e-03 
 1.18500e+02  2.13637e-03 
 1.19000e+02  2.36389e-03 
 1.19500e+02  2.65655e-03 
 1.20000e+02  2.78230e-03 
 1.20500e+02  2.70855e-03 
 1.21000e+02  2.79031e-03 
 1.21500e+02  2.80894e-03 
 1.22000e+02  3.05854e-03 
 1.22500e+02  3.26119e-03 
 1.23000e+02  3.34601e-03 
 1.23500e+02  3.52330e-03 
 1.24000e+02  3.45001e-03 
 1.24500e+02  3.51494e-03 
 1.25000e+02  3.73414e-03 
 1.25500e+02  3.95966e-03 
 1.26000e+02  4.22362e-03 
 1.26500e+02  4.42392e-03 
 1.27000e+02  5.02710e-03 
 1.27500e+02  5.12634e-03 
 1.28000e+02  5.29806e-03 
 1.28500e+02  5.77144e-03 
 1.29000e+02  5.73592e-03 
 1.29500e+02  5.65618e-03 
 1.30000e+02  6.00191e-03 
 1.30500e+02  6.25914e-03 
 1.31000e+02  6.30270e-03 
 1.31500e+02  6.39473e-03 
 1.32000e+02  6.48312e-03 
 1.32500e+02  6.63970e-03 
 1.33000e+02  6.81526e-03 
 1.33500e+02  6.91489e-03 
 1.34000e+02  6.85401e-03 
 1.34500e+02  6.62714e-03 
 1.35000e+02  6.74685e-03 
 1.35500e+02  7.05654e-03 
 1.36000e+02  7.29057e-03 
 1.36500e+02  7.69914e-03 
 1.37000e+02  8.26145e-03 
 1.37500e+02  8.11662e-03 
 1.38000e+02  8.40374e-03 
 1.38500e+02  7.95045e-03 
 1.39000e+02  8.04526e-03 
 1.39500e+02  8.24303e-03 
 1.40000e+02  8.47741e-03 
 1.40500e+02  8.31911e-03 
 1.41000e+02  8.04942e-03 
 1.41500e+02  8.17325e-03 
 1.42000e+02  8.64965e-03 
 1.42500e+02  8.74222e-03 
 1.43000e+02  8.53114e-03 
 1.43500e+02  9.47894e-03 
 1.44000e+02  9.15942e-03 
 1.44500e+02  8.83944e-03 
 1.45000e+02  9.13614e-03 
 1.45500e+02  9.18376e-03 
 1.46000e+02  9.75950e-03 
 1.46500e+02  9.48956e-03 
 1.47000e+02  9.29661e-03 
 1.47500e+02  9.30125e-03 
 1.48000e+02  9.50055e-03 
 1.48500e+02  9.53281e-03 
 1.49000e+02  9.64910e-03 
 1.49500e+02  9.84437e-03 
 1.50000e+02  9.57178e-03 
 1.50500e+02  9.53202e-03 
 1.51000e+02  1.01355e-02 
 1.51500e+02  9.44279e-03 
 1.52000e+02  1.00646e-02 
 1.52500e+02  1.01628e-02 
 1.53000e+02  1.00767e-02 
 1.53500e+02  9.67943e-03 
 1.54000e+02  1.00081e-02 
 1.54500e+02  1.00129e-02 
 1.55000e+02  1.00242e-02 
 1.55500e+02  1.01173e-02 
 1.56000e+02  1.06943e-02 
 1.56500e+02  1.07784e-02 
 1.57000e+02  1.06004e-02 
 1.57500e+02  1.05958e-02 
 1.58000e+02  1.03385e-02 
 1.58500e+02  1.02781e-02 
 1.59000e+02  1.02149e-02 
 1.59500e+02  9.94447e-03 
 1.60000e+02  9.93442e-03 
 1.60500e+02  9.70402e-03 
 1.61000e+02  9.89174e-03 
 1.61500e+02  1.02892e-02 
 1.62000e+02  9.91603e-03 
 1.62500e+02  9.68701e-03 
 1.63000e+02  9.64806e-03 
 1.63500e+02  1.01334e-02 
 1.64000e+02  1.05403e-02 
 1.64500e+02  1.07448e-02 
 1.65000e+02  1.08580e-02 
 1.65500e+02  1.05519e-02 
 1.66000e+02  1.04688e-02 
 1.66500e+02  1.03343e-02 
 1.67000e+02  1.01191e-02 
 1.67500e+02  1.02228e-02 
 1.68000e+02  1.03341e-02 
 1.68500e+02  1.04050e-02 
 1.69000e+02  1.05533e-02 
 1.69500e+02  9.88363e-03 
 1.70000e+02  9.17350e-03 
 1.70500e+02  1.01660e-02 
 1.71000e+02  9.54739e-03 
 1.71500e+02  9.62247e-03 
 1.72000e+02  9.87215e-03 
 1.72500e+02  9.61719e-03 
 1.73000e+02  9.59004e-03 
 1.73500e+02  9.76926e-03 
 1.74000e+02  1.00410e-02 
 1.74500e+02  9.91393e-03 
 1.75000e+02  9.70089e-03 
 1.75500e+02  9.71113e-03 
 1.76000e+02  9.46681e-03 
 1.76500e+02  9.21202e-03 
 1.77000e+02  9.27162e-03 
 1.77500e+02  9.04602e-03 
 1.78000e+02  9.27854e-03 
 1.78500e+02  8.57029e-03 
 1.79000e+02  8.86553e-03 
 1.79500e+02  8.64917e-03 
 1.80000e+02  8.61078e-03 
 1.80500e+02  8.45962e-03 
 1.81000e+02  8.66378e-03 
 1.81500e+02  8.40756e-03 
 1.82000e+02  7.76079e-03 
 1.82500e+02  7.42175e-03 
 1.83000e+02  7.50207e-03 
 1.83500e+02  7.56357e-03 
 1.84000e+02  7.47134e-03 
 1.84500e+02  7.15990e-03 
 1.85000e+02  7.21769e-03 
 1.85500e+02  6.91836e-03 
 1.86000e+02  6.77718e-03 
 1.86500e+02  6.56414e-03 
 1.87000e+02  6.76308e-03 
 1.87500e+02  6.67603e-03 
 1.88000e+02  6.13303e-03 
 1.88500e+02  6.32122e-03 
 1.89000e+02  6.10613e-03 
 1.89500e+02  5.91922e-03 
 1.90000e+02  6.05183e-03 
 1.90500e+02  5.49103e-03 
 1.91000e+02  5.21394e-03 
 1.91500e+02  5.14382e-03 
 1.92000e+02  4.70994e-03 
 1.92500e+02  4.48546e-03 
 1.93000e+02  4.04239e-03 
 1.93500e+02  4.00396e-03 
 1.94000e+02  3.97570e-03 
 1.94500e+02  3.66768e-03 
 1.95000e+02  3.46418e-03 
 1.95500e+02  3.29532e-03 
 1.96000e+02  3.08606e-03 
 1.96500e+02  2.95337e-03 
 1.97000e+02  2.88398e-03 
 1.97500e+02  2.61716e-03 
 1.98000e+02  2.43854e-03 
 1.98500e+02  2.27494e-03 
 1.99000e+02  2.20462e-03 
 1.99500e+02  2.05829e-03 
 2.00000e+02  1.88331e-03 
 2.00500e+02  1.80126e-03 
 2.01000e+02  1.65271e-03 
 2.01500e+02  1.52188e-03 
 2.02000e+02  1.57019e-03 
 2.02500e+02  1.41738e-03 
 2.03000e+02  1.33123e-03 
 2.03500e+02  1.34678e-03 
 2.04000e+02  1.26794e-03 
 2.04500e+02  1.23936e-03 
 2.05000e+02  1.11018e-03 
 2.05500e+02  1.09241e-03 
 2.06000e+02  9.15016e-04 
 2.06500e+02  8.97448e-04 
 2.07000e+02  8.36120e-04 
 2.07500e+02  7.55408e-04 
 2.08000e+02  7.79576e-04 
 2.08500e+02  7.64000e-04 
 2.09000e+02  7.41952e-04 
 2.09500e+02  7.85864e-04 
 2.10000e+02  7.74952e-04 
 2.10500e+02  6.75040e-04 
 2.11000e+02  7.01784e-04 
 2.11500e+02  6.32136e-04 
 2.12000e+02  6.01440e-04 
 2.12500e+02  5.69472e-04 
 2.13000e+02  5.38200e-04 
 2.13500e+02  5.28408e-04 
 2.14000e+02  5.33512e-04 
 2.14500e+02  6.17520e-04 
 2.15000e+02  5.83832e-04 
 2.15500e+02  5.90768e-04 
 2.16000e+02  5.20952e-04 
 2.16500e+02  5.55704e-04 
 2.17000e+02  5.25032e-04 
 2.17500e+02  5.12056e-04 
 2.18000e+02  4.49680e-04 
 2.18500e+02  4.34496e-04 
 2.19000e+02  3.84616e-04 
 2.19500e+02  3.59200e-04 
 2.20000e+02  3.59768e-04 
 2.20500e+02  2.99328e-04 
 2.21000e+02  3.04560e-04 
 2.21500e+02  3.06752e-04 
 2.22000e+02  3.33912e-04 
 2.22500e+02  3.30848e-04 
 2.23000e+02  3.49192e-04 
 2.23500e+02  3.00200e-04 
 2.24000e+02  2.79704e-04 
 2.24500e+02  2.77656e-04 
 2.25000e+02  2.59888e-04 
 2.25500e+02  2.31624e-04 
 2.26000e+02  2.41920e-04 
 2.26500e+02  2.56680e-04 
 2.27000e+02  2.46376e-04 
 2.27500e+02  2.28008e-04 
 2.28000e+02  2.44488e-04 
 2.28500e+02  2.59632e-04 
 2.29000e+02  2.39568e-04 
 2.29500e+02  2.65408e-04 
 2.30000e+02  2.94376e-04 
 2.30500e+02  2.57072e-04 
 2.31000e+02  2.20752e-04 
 2.31500e+02  2.12832e-04 
 2.32000e+02  2.34336e-04 
 2.32500e+02  2.59048e-04 
 2.33000e+02  2.42392e-04 
 2.33500e+02  2.38464e-04 
 2.34000e+02  1.99840e-04 
 2.34500e+02  1.86920e-04 
 2.35000e+02  1.77784e-04 
 2.35500e+02  1.68920e-04 
 2.36000e+02  1.77168e-04 
 2.36500e+02  1.73616e-04 
 2.37000e+02  2.04776e-04 
 2.37500e+02  1.79584e-04 
 2.38000e+02  1.42360e-04 
 2.38500e+02  1.40976e-04 
 2.39000e+02  1.47432e-04 
 2.39500e+02  1.45288e-04 
 2.40000e+02  1.19008e-04 
 2.40500e+02  1.13232e-04 
 2.41000e+02  1.25640e-04 
 2.41500e+02  1.13992e-04 
 2.42000e+02  1.17392e-04 
 2.42500e+02  1.10712e-04 
 2.43000e+02  1.06200e-04 
 2.43500e+02  1.05304e-04 
 2.44000e+02  1.06984e-04 
 2.44500e+02  1.12280e-04 
 2.45000e+02  1.01800e-04 
 2.45500e+02  1.05360e-04 
 2.46000e+02  9.97040e-05 
 2.46500e+02  8.17040e-05 
 2.47000e+02  9.12160e-05 
 2.47500e+02  8.70880e-05 
 2.48000e+02  7.84800e-05 
 2.48500e+02  7.04000e-05 
 2.49000e+02  7.82560e-05 
 2.49500e+02  7.03760e-05 
 2.50000e+02  7.58400e-05 
 2.50500e+02  6.23280e-05 
 2.51000e+02  6.11680e-05 
 2.51500e+02  6.03440e-05 
 2.52000e+02  5.75840e-05 
 2.52500e+02  4.63040e-05 
 2.53000e+02  5.11520e-05 
 2.53500e+02  3.65120e-05 
 2.54000e+02  3.88480e-05 
 2.54500e+02  2.31600e-05 
 2.55000e+02  2.10080e-05 
 2.55500e+02  1.93760e-05 
 2.56000e+02  2.06720e-05 
 2.56500e+02  2.35840e-05 
 2.57000e+02  2.68560e-05 
 2.57500e+02  1.94640e-05 
 2.58000e+02  2.07440e-05 
 2.58500e+02  1.92480e-05 
 2.59000e+02  1.89280e-05 
 2.59500e+02  1.88880e-05 
 2.60000e+02  1.74480e-05 
 2.60500e+02  1.57360e-05 
 2.61000e+02  1.27600e-05 
 2.61500e+02  1.37920e-05 
 2.62000e+02  1.16800e-05 
 2.62500e+02  1.46480e-05 
 2.63000e+02  1.07440e-05 
 2.63500e+02  9.53600e-06 
 2.64000e+02  1.03280e-05 
 2.64500e+02  1.19200e-05 
 2.65000e+02  1.27200e-05 
 2.65500e+02  1.21280e-05 
 2.66000e+02  8.91200e-06 
 2.66500e+02  8.40000e-06 
 2.67000e+02  9.75200e-06 
 2.67500e+02  1.19360e-05 
 2.68000e+02  9.44800e-06 
 2.68500e+02  5.51200e-06 
 2.69000e+02  5.52000e-06 
 2.69500e+02  6.48800e-06 
 2.70000e+02  4.57600e-06 
 2.70500e+02  5.04000e-06 
 2.71000e+02  6.20800e-06 
 2.71500e+02  5.08000e-06 
 2.72000e+02  4.67200e-06 
 2.72500e+02  6.90400e-06 
 2.73000e+02  3.72000e-06 
 2.73500e+02  3.95200e-06 
 2.74000e+02  4.20000e-06 
 2.74500e+02  5.06400e-06 
 2.75000e+02  6.31200e-06 
 2.75500e+02  6.10400e-06 
 2.76000e+02  5.30400e-06 
 2.76500e+02  4.52000e-06 
 2.77000e+02  5.75200e-06 
 2.77500e+02  7.00000e-06 
 2.78000e+02  8.53600e-06 
 2.78500e+02  2.96800e-06 
 2.79000e+02  1.05600e-06 
 2.79500e+02  1.02400e-06 
 2.80000e+02  1.04800e-06 
 2.80500e+02  1.10400e-06 
 2.81000e+02  1.12800e-06 
 2.81500e+02  1.17600e-06 
 2.82000e+02  1.24000e-06 
 2.82500e+02  1.34400e-06 
 2.83000e+02  1.28000e-06 
 2.83500e+02  1.25600e-06 
 2.84000e+02  1.43200e-06 
 2.84500e+02  1.64000e-06 
 2.85000e+02  2.06400e-06 
 2.85500e+02  3.30400e-06 
 2.86000e+02  1.48800e-06 
 2.86500e+02  2.24000e-07 
 2.87000e+02  2.48000e-07 
 2.87500e+02  2.32000e-07 
 2.88000e+02  2.48000e-07 
 2.88500e+02  2.56000e-07 
 2.89000e+02  2.48000e-07 
 2.89500e+02  2.64000e-07 
 2.90000e+02  2.64000e-07 
 2.90500e+02  2.56000e-07 
 2.91000e+02  2.72000e-07 
 2.91500e+02  2.64000e-07 
 2.92000e+02  2.80000e-07 
 2.92500e+02  2.80000e-07 
 2.93000e+02  2.96000e-07 
 2.93500e+02  3.04000e-07 
 2.94000e+02  3.12000e-07 
 2.94500e+02  3.12000e-07 
 2.95000e+02  3.36000e-07 
 2.95500e+02  3.44000e-07 
 2.96000e+02  3.60000e-07 
 2.96500e+02  2.80000e-07 
 2.97000e+02  1.60000e-07 
 2.97500e+02  1.60000e-07 
 2.98000e+02  1.76000e-07 
 2.98500e+02  1.76000e-07 
 2.99000e+02  1.76000e-07 
 2.99500e+02  1.84000e-07 
 3.00000e+02  1.92000e-07 
 3.00500e+02  1.92000e-07 
 3.01000e+02  1.92000e-07 
 3.01500e+02  2.00000e-07 
 3.02000e+02  2.00000e-07 
 3.02500e+02  2.08000e-07 
 3.03000e+02  2.00000e-07 
 3.03500e+02  2.16000e-07 
 3.04000e+02  2.32000e-07 
 3.04500e+02  2.40000e-07 
 3.05000e+02  2.40000e-07 
 3.05500e+02  2.40000e-07 
 3.06000e+02  2.56000e-07 
 3.06500e+02  2.64000e-07 
 3.07000e+02  2.72000e-07 
 3.07500e+02  3.04000e-07 
 3.08000e+02  3.28000e-07 
 3.08500e+02  3.36000e-07 
 3.09000e+02  3.44000e-07 
 3.09500e+02  3.76000e-07 
 3.10000e+02  4.48000e-07 
 3.10500e+02  5.20000e-07 
 3.11000e+02  5.92000e-07 
 3.11500e+02  8.56000e-07 
 3.12000e+02  1.36800e-06 
 3.12500e+02  0.00000e+00 
 3.13000e+02  0.00000e+00 
 3.13500e+02  0.00000e+00 
 3.14000e+02  0.00000e+00 
 3.14500e+02  0.00000e+00 
 3.15000e+02  0.00000e+00 
 3.15500e+02  0.00000e+00 
 3.16000e+02  0.00000e+00 
 3.16500e+02  0.00000e+00 
 3.17000e+02  0.00000e+00 
 3.17500e+02  0.00000e+00 
 3.18000e+02  0.00000e+00 
 3.18500e+02  0.00000e+00 
 3.19000e+02  0.00000e+00 
 3.19500e+02  0.00000e+00 
