 0.00000e+00  0.00000e+00 
 5.00000e-01  0.00000e+00 
 1.00000e+00  0.00000e+00 
 1.50000e+00  0.00000e+00 
 2.00000e+00  0.00000e+00 
 2.50000e+00  0.00000e+00 
 3.00000e+00  0.00000e+00 
 3.50000e+00  0.00000e+00 
 4.00000e+00  0.00000e+00 
 4.50000e+00  0.00000e+00 
 5.00000e+00  0.00000e+00 
 5.50000e+00  0.00000e+00 
 6.00000e+00  0.00000e+00 
 6.50000e+00  0.00000e+00 
 7.00000e+00  0.00000e+00 
 7.50000e+00  0.00000e+00 
 8.00000e+00  0.00000e+00 
 8.50000e+00  0.00000e+00 
 9.00000e+00  0.00000e+00 
 9.50000e+00  0.00000e+00 
 1.00000e+01  0.00000e+00 
 1.05000e+01  0.00000e+00 
 1.10000e+01  0.00000e+00 
 1.15000e+01  0.00000e+00 
 1.20000e+01  0.00000e+00 
 1.25000e+01  0.00000e+00 
 1.30000e+01  0.00000e+00 
 1.35000e+01  0.00000e+00 
 1.40000e+01  0.00000e+00 
 1.45000e+01  0.00000e+00 
 1.50000e+01  0.00000e+00 
 1.55000e+01  0.00000e+00 
 1.60000e+01  0.00000e+00 
 1.65000e+01  0.00000e+00 
 1.70000e+01  0.00000e+00 
 1.75000e+01  0.00000e+00 
 1.80000e+01  0.00000e+00 
 1.85000e+01  0.00000e+00 
 1.90000e+01  0.00000e+00 
 1.95000e+01  8.88000e-07 
 2.00000e+01  1.20000e-06 
 2.05000e+01  1.88800e-06 
 2.10000e+01  8.80000e-07 
 2.15000e+01  6.88000e-07 
 2.20000e+01  6.32000e-07 
 2.25000e+01  5.68000e-07 
 2.30000e+01  5.28000e-07 
 2.35000e+01  4.72000e-07 
 2.40000e+01  4.56000e-07 
 2.45000e+01  4.40000e-07 
 2.50000e+01  4.40000e-07 
 2.55000e+01  4.00000e-07 
 2.60000e+01  4.00000e-07 
 2.65000e+01  3.68000e-07 
 2.70000e+01  3.60000e-07 
 2.75000e+01  2.96000e-07 
 2.80000e+01  2.24000e-07 
 2.85000e+01  2.16000e-07 
 2.90000e+01  2.08000e-07 
 2.95000e+01  2.44800e-06 
 3.00000e+01  3.27200e-06 
 3.05000e+01  2.04000e-06 
 3.10000e+01  1.72000e-06 
 3.15000e+01  1.52000e-06 
 3.20000e+01  1.34400e-06 
 3.25000e+01  1.03200e-06 
 3.30000e+01  3.00000e-06 
 3.35000e+01  1.85600e-06 
 3.40000e+01  1.64000e-06 
 3.45000e+01  1.42400e-06 
 3.50000e+01  1.34400e-06 
 3.55000e+01  1.28000e-06 
 3.60000e+01  2.96000e-06 
 3.65000e+01  2.27200e-06 
 3.70000e+01  1.95200e-06 
 3.75000e+01  1.72800e-06 
 3.80000e+01  1.64800e-06 
 3.85000e+01  1.51200e-06 
 3.90000e+01  4.87200e-06 
 3.95000e+01  3.51200e-06 
 4.00000e+01  2.69600e-06 
 4.05000e+01  2.41600e-06 
 4.10000e+01  8.17600e-06 
 4.15000e+01  5.53600e-06 
 4.20000e+01  4.56800e-06 
 4.25000e+01  5.84800e-06 
 4.30000e+01  4.15200e-06 
 4.35000e+01  6.52000e-06 
 4.40000e+01  4.64800e-06 
 4.45000e+01  4.20000e-06 
 4.50000e+01  6.42400e-06 
 4.55000e+01  7.17600e-06 
 4.60000e+01  8.20800e-06 
 4.65000e+01  9.52000e-06 
 4.70000e+01  1.18080e-05 
 4.75000e+01  8.42400e-06 
 4.80000e+01  1.02720e-05 
 4.85000e+01  7.94400e-06 
 4.90000e+01  7.38400e-06 
 4.95000e+01  8.63200e-06 
 5.00000e+01  1.12160e-05 
 5.05000e+01  1.31600e-05 
 5.10000e+01  1.01920e-05 
 5.15000e+01  1.06400e-05 
 5.20000e+01  1.07040e-05 
 5.25000e+01  9.14400e-06 
 5.30000e+01  1.55280e-05 
 5.35000e+01  1.90720e-05 
 5.40000e+01  1.71600e-05 
 5.45000e+01  1.89040e-05 
 5.50000e+01  1.50640e-05 
 5.55000e+01  1.38880e-05 
 5.60000e+01  1.62080e-05 
 5.65000e+01  2.12000e-05 
 5.70000e+01  2.12400e-05 
 5.75000e+01  2.31200e-05 
 5.80000e+01  2.63600e-05 
 5.85000e+01  2.66800e-05 
 5.90000e+01  2.15760e-05 
 5.95000e+01  1.97840e-05 
 6.00000e+01  2.07120e-05 
 6.05000e+01  2.91520e-05 
 6.10000e+01  2.82160e-05 
 6.15000e+01  3.50160e-05 
 6.20000e+01  2.81440e-05 
 6.25000e+01  3.12320e-05 
 6.30000e+01  3.78320e-05 
 6.35000e+01  3.50480e-05 
 6.40000e+01  3.89600e-05 
 6.45000e+01  3.47600e-05 
 6.50000e+01  3.81040e-05 
 6.55000e+01  4.44240e-05 
 6.60000e+01  4.39920e-05 
 6.65000e+01  4.28560e-05 
 6.70000e+01  4.08240e-05 
 6.75000e+01  4.76800e-05 
 6.80000e+01  5.05360e-05 
 6.85000e+01  5.71280e-05 
 6.90000e+01  6.43440e-05 
 6.95000e+01  9.55520e-05 
 7.00000e+01  1.08288e-04 
 7.05000e+01  1.00520e-04 
 7.10000e+01  1.11408e-04 
 7.15000e+01  1.06312e-04 
 7.20000e+01  1.15000e-04 
 7.25000e+01  1.32184e-04 
 7.30000e+01  1.11512e-04 
 7.35000e+01  1.04456e-04 
 7.40000e+01  1.10832e-04 
 7.45000e+01  1.04968e-04 
 7.50000e+01  1.05464e-04 
 7.55000e+01  1.22464e-04 
 7.60000e+01  1.15400e-04 
 7.65000e+01  1.23432e-04 
 7.70000e+01  1.30648e-04 
 7.75000e+01  1.38984e-04 
 7.80000e+01  1.45496e-04 
 7.85000e+01  1.77128e-04 
 7.90000e+01  1.62856e-04 
 7.95000e+01  1.55432e-04 
 8.00000e+01  1.40752e-04 
 8.05000e+01  1.33240e-04 
 8.10000e+01  1.83552e-04 
 8.15000e+01  2.03856e-04 
 8.20000e+01  1.78096e-04 
 8.25000e+01  1.92304e-04 
 8.30000e+01  1.83632e-04 
 8.35000e+01  2.06840e-04 
 8.40000e+01  2.01952e-04 
 8.45000e+01  2.08824e-04 
 8.50000e+01  2.24232e-04 
 8.55000e+01  2.24528e-04 
 8.60000e+01  2.19256e-04 
 8.65000e+01  2.11296e-04 
 8.70000e+01  2.21952e-04 
 8.75000e+01  2.05168e-04 
 8.80000e+01  2.24896e-04 
 8.85000e+01  2.26096e-04 
 8.90000e+01  2.50048e-04 
 8.95000e+01  2.59424e-04 
 9.00000e+01  2.44272e-04 
 9.05000e+01  2.45352e-04 
 9.10000e+01  2.33864e-04 
 9.15000e+01  2.55704e-04 
 9.20000e+01  2.99720e-04 
 9.25000e+01  2.97896e-04 
 9.30000e+01  2.90368e-04 
 9.35000e+01  2.66096e-04 
 9.40000e+01  2.71448e-04 
 9.45000e+01  3.22928e-04 
 9.50000e+01  3.19104e-04 
 9.55000e+01  3.93952e-04 
 9.60000e+01  3.81016e-04 
 9.65000e+01  3.84024e-04 
 9.70000e+01  3.78416e-04 
 9.75000e+01  3.34888e-04 
 9.80000e+01  3.52016e-04 
 9.85000e+01  3.74304e-04 
 9.90000e+01  3.52032e-04 
 9.95000e+01  3.92320e-04 
 1.00000e+02  4.75728e-04 
 1.00500e+02  5.05584e-04 
 1.01000e+02  4.49432e-04 
 1.01500e+02  4.20080e-04 
 1.02000e+02  4.73832e-04 
 1.02500e+02  5.08504e-04 
 1.03000e+02  4.95320e-04 
 1.03500e+02  4.61368e-04 
 1.04000e+02  4.68288e-04 
 1.04500e+02  5.33408e-04 
 1.05000e+02  5.51944e-04 
 1.05500e+02  5.75424e-04 
 1.06000e+02  5.46288e-04 
 1.06500e+02  5.12672e-04 
 1.07000e+02  5.53600e-04 
 1.07500e+02  6.28752e-04 
 1.08000e+02  6.23288e-04 
 1.08500e+02  6.10184e-04 
 1.09000e+02  5.50824e-04 
 1.09500e+02  5.71624e-04 
 1.10000e+02  5.97192e-04 
 1.10500e+02  5.84024e-04 
 1.11000e+02  6.77280e-04 
 1.11500e+02  7.53288e-04 
 1.12000e+02  8.34384e-04 
 1.12500e+02  7.89648e-04 
 1.13000e+02  8.51224e-04 
 1.13500e+02  8.96448e-04 
 1.14000e+02  8.78632e-04 
 1.14500e+02  8.64528e-04 
 1.15000e+02  9.07048e-04 
 1.15500e+02  1.11958e-03 
 1.16000e+02  1.21841e-03 
 1.16500e+02  1.33872e-03 
 1.17000e+02  1.53244e-03 
 1.17500e+02  1.64571e-03 
 1.18000e+02  1.69417e-03 
 1.18500e+02  1.74337e-03 
 1.19000e+02  1.82323e-03 
 1.19500e+02  2.06702e-03 
 1.20000e+02  2.16690e-03 
 1.20500e+02  2.13982e-03 
 1.21000e+02  2.13186e-03 
 1.21500e+02  2.39021e-03 
 1.22000e+02  2.64478e-03 
 1.22500e+02  2.77669e-03 
 1.23000e+02  2.92197e-03 
 1.23500e+02  2.99555e-03 
 1.24000e+02  3.43097e-03 
 1.24500e+02  3.62350e-03 
 1.25000e+02  3.48342e-03 
 1.25500e+02  3.91553e-03 
 1.26000e+02  4.17118e-03 
 1.26500e+02  4.50142e-03 
 1.27000e+02  4.51924e-03 
 1.27500e+02  4.56134e-03 
 1.28000e+02  4.52126e-03 
 1.28500e+02  5.11266e-03 
 1.29000e+02  5.01436e-03 
 1.29500e+02  5.29932e-03 
 1.30000e+02  5.64491e-03 
 1.30500e+02  5.67689e-03 
 1.31000e+02  5.62286e-03 
 1.31500e+02  5.75852e-03 
 1.32000e+02  6.14678e-03 
 1.32500e+02  6.08232e-03 
 1.33000e+02  6.26887e-03 
 1.33500e+02  6.47801e-03 
 1.34000e+02  7.16142e-03 
 1.34500e+02  7.11817e-03 
 1.35000e+02  7.08365e-03 
 1.35500e+02  7.49825e-03 
 1.36000e+02  7.60158e-03 
 1.36500e+02  7.69498e-03 
 1.37000e+02  7.75537e-03 
 1.37500e+02  7.85534e-03 
 1.38000e+02  7.68130e-03 
 1.38500e+02  7.62871e-03 
 1.39000e+02  7.94822e-03 
 1.39500e+02  8.10972e-03 
 1.40000e+02  8.61942e-03 
 1.40500e+02  9.13934e-03 
 1.41000e+02  8.83987e-03 
 1.41500e+02  9.01949e-03 
 1.42000e+02  9.03853e-03 
 1.42500e+02  9.20778e-03 
 1.43000e+02  8.93570e-03 
 1.43500e+02  8.70189e-03 
 1.44000e+02  9.02819e-03 
 1.44500e+02  8.71706e-03 
 1.45000e+02  9.31614e-03 
 1.45500e+02  9.22753e-03 
 1.46000e+02  9.33486e-03 
 1.46500e+02  9.56673e-03 
 1.47000e+02  9.34842e-03 
 1.47500e+02  9.80482e-03 
 1.48000e+02  9.72962e-03 
 1.48500e+02  9.41974e-03 
 1.49000e+02  9.55193e-03 
 1.49500e+02  9.66182e-03 
 1.50000e+02  9.89294e-03 
 1.50500e+02  1.01777e-02 
 1.51000e+02  1.02212e-02 
 1.51500e+02  1.05485e-02 
 1.52000e+02  1.01941e-02 
 1.52500e+02  1.05547e-02 
 1.53000e+02  1.04183e-02 
 1.53500e+02  1.08544e-02 
 1.54000e+02  1.05274e-02 
 1.54500e+02  1.08714e-02 
 1.55000e+02  1.08236e-02 
 1.55500e+02  1.09920e-02 
 1.56000e+02  1.05783e-02 
 1.56500e+02  1.06552e-02 
 1.57000e+02  1.04630e-02 
 1.57500e+02  1.05895e-02 
 1.58000e+02  1.05018e-02 
 1.58500e+02  1.06517e-02 
 1.59000e+02  1.00745e-02 
 1.59500e+02  1.00611e-02 
 1.60000e+02  1.04675e-02 
 1.60500e+02  1.05780e-02 
 1.61000e+02  1.04639e-02 
 1.61500e+02  1.02634e-02 
 1.62000e+02  1.04664e-02 
 1.62500e+02  1.01823e-02 
 1.63000e+02  1.09431e-02 
 1.63500e+02  1.04752e-02 
 1.64000e+02  1.04796e-02 
 1.64500e+02  1.00132e-02 
 1.65000e+02  1.03086e-02 
 1.65500e+02  1.04208e-02 
 1.66000e+02  1.06721e-02 
 1.66500e+02  1.08476e-02 
 1.67000e+02  1.08705e-02 
 1.67500e+02  1.04146e-02 
 1.68000e+02  1.01826e-02 
 1.68500e+02  1.03770e-02 
 1.69000e+02  1.03279e-02 
 1.69500e+02  9.93831e-03 
 1.70000e+02  9.85518e-03 
 1.70500e+02  9.83255e-03 
 1.71000e+02  9.61582e-03 
 1.71500e+02  9.89778e-03 
 1.72000e+02  9.72454e-03 
 1.72500e+02  9.78126e-03 
 1.73000e+02  9.70690e-03 
 1.73500e+02  9.43394e-03 
 1.74000e+02  9.19320e-03 
 1.74500e+02  9.11221e-03 
 1.75000e+02  8.95339e-03 
 1.75500e+02  8.92054e-03 
 1.76000e+02  9.45962e-03 
 1.76500e+02  9.11034e-03 
 1.77000e+02  9.22416e-03 
 1.77500e+02  8.86714e-03 
 1.78000e+02  8.93682e-03 
 1.78500e+02  8.91581e-03 
 1.79000e+02  8.74031e-03 
 1.79500e+02  8.41188e-03 
 1.80000e+02  8.28080e-03 
 1.80500e+02  8.18096e-03 
 1.81000e+02  8.15634e-03 
 1.81500e+02  8.18154e-03 
 1.82000e+02  8.33286e-03 
 1.82500e+02  8.36602e-03 
 1.83000e+02  8.28535e-03 
 1.83500e+02  8.24397e-03 
 1.84000e+02  7.69295e-03 
 1.84500e+02  7.80118e-03 
 1.85000e+02  7.45959e-03 
 1.85500e+02  7.11046e-03 
 1.86000e+02  6.71676e-03 
 1.86500e+02  6.51136e-03 
 1.87000e+02  6.19388e-03 
 1.87500e+02  6.01971e-03 
 1.88000e+02  5.98967e-03 
 1.88500e+02  5.70884e-03 
 1.89000e+02  5.67428e-03 
 1.89500e+02  5.70994e-03 
 1.90000e+02  5.81098e-03 
 1.90500e+02  5.81618e-03 
 1.91000e+02  5.53803e-03 
 1.91500e+02  4.94606e-03 
 1.92000e+02  5.03035e-03 
 1.92500e+02  4.65399e-03 
 1.93000e+02  4.63807e-03 
 1.93500e+02  4.50842e-03 
 1.94000e+02  4.38495e-03 
 1.94500e+02  3.82224e-03 
 1.95000e+02  3.73450e-03 
 1.95500e+02  3.46073e-03 
 1.96000e+02  3.47954e-03 
 1.96500e+02  3.20266e-03 
 1.97000e+02  3.19890e-03 
 1.97500e+02  3.00324e-03 
 1.98000e+02  2.89314e-03 
 1.98500e+02  2.68958e-03 
 1.99000e+02  2.30204e-03 
 1.99500e+02  2.19660e-03 
 2.00000e+02  2.03502e-03 
 2.00500e+02  1.93230e-03 
 2.01000e+02  1.71626e-03 
 2.01500e+02  1.57836e-03 
 2.02000e+02  1.51134e-03 
 2.02500e+02  1.43029e-03 
 2.03000e+02  1.37214e-03 
 2.03500e+02  1.13084e-03 
 2.04000e+02  1.12558e-03 
 2.04500e+02  1.06901e-03 
 2.05000e+02  1.00638e-03 
 2.05500e+02  9.37848e-04 
 2.06000e+02  1.02297e-03 
 2.06500e+02  9.36664e-04 
 2.07000e+02  8.40336e-04 
 2.07500e+02  8.70872e-04 
 2.08000e+02  8.85480e-04 
 2.08500e+02  8.56688e-04 
 2.09000e+02  8.29520e-04 
 2.09500e+02  6.90992e-04 
 2.10000e+02  6.99160e-04 
 2.10500e+02  6.98656e-04 
 2.11000e+02  6.34608e-04 
 2.11500e+02  6.03432e-04 
 2.12000e+02  5.34568e-04 
 2.12500e+02  5.48304e-04 
 2.13000e+02  5.49800e-04 
 2.13500e+02  5.93800e-04 
 2.14000e+02  4.87648e-04 
 2.14500e+02  4.92464e-04 
 2.15000e+02  4.66560e-04 
 2.15500e+02  4.02272e-04 
 2.16000e+02  3.64856e-04 
 2.16500e+02  3.38928e-04 
 2.17000e+02  3.83296e-04 
 2.17500e+02  4.02984e-04 
 2.18000e+02  3.58312e-04 
 2.18500e+02  3.66696e-04 
 2.19000e+02  3.43440e-04 
 2.19500e+02  3.50744e-04 
 2.20000e+02  2.94216e-04 
 2.20500e+02  2.65656e-04 
 2.21000e+02  2.69112e-04 
 2.21500e+02  3.00976e-04 
 2.22000e+02  3.18456e-04 
 2.22500e+02  3.50008e-04 
 2.23000e+02  3.43256e-04 
 2.23500e+02  2.81584e-04 
 2.24000e+02  2.70256e-04 
 2.24500e+02  2.87112e-04 
 2.25000e+02  2.81968e-04 
 2.25500e+02  2.56408e-04 
 2.26000e+02  2.55136e-04 
 2.26500e+02  2.90448e-04 
 2.27000e+02  2.85016e-04 
 2.27500e+02  2.70072e-04 
 2.28000e+02  2.81696e-04 
 2.28500e+02  2.84200e-04 
 2.29000e+02  2.84544e-04 
 2.29500e+02  2.59848e-04 
 2.30000e+02  2.69432e-04 
 2.30500e+02  2.47600e-04 
 2.31000e+02  2.34896e-04 
 2.31500e+02  2.22000e-04 
 2.32000e+02  2.23880e-04 
 2.32500e+02  2.36016e-04 
 2.33000e+02  2.22184e-04 
 2.33500e+02  2.17128e-04 
 2.34000e+02  2.06296e-04 
 2.34500e+02  2.03048e-04 
 2.35000e+02  2.01136e-04 
 2.35500e+02  1.81952e-04 
 2.36000e+02  1.84624e-04 
 2.36500e+02  1.66792e-04 
 2.37000e+02  1.75104e-04 
 2.37500e+02  1.85464e-04 
 2.38000e+02  1.94064e-04 
 2.38500e+02  1.71440e-04 
 2.39000e+02  1.69528e-04 
 2.39500e+02  1.83016e-04 
 2.40000e+02  1.43560e-04 
 2.40500e+02  1.52552e-04 
 2.41000e+02  1.49168e-04 
 2.41500e+02  1.47632e-04 
 2.42000e+02  1.22568e-04 
 2.42500e+02  1.38520e-04 
 2.43000e+02  1.15000e-04 
 2.43500e+02  9.50800e-05 
 2.44000e+02  9.67920e-05 
 2.44500e+02  9.63280e-05 
 2.45000e+02  7.81440e-05 
 2.45500e+02  9.23520e-05 
 2.46000e+02  9.63760e-05 
 2.46500e+02  1.10424e-04 
 2.47000e+02  9.28240e-05 
 2.47500e+02  8.05200e-05 
 2.48000e+02  9.91280e-05 
 2.48500e+02  7.82400e-05 
 2.49000e+02  6.12400e-05 
 2.49500e+02  5.68880e-05 
 2.50000e+02  5.66000e-05 
 2.50500e+02  5.32160e-05 
 2.51000e+02  6.92480e-05 
 2.51500e+02  5.66560e-05 
 2.52000e+02  4.78480e-05 
 2.52500e+02  4.00400e-05 
 2.53000e+02  4.73600e-05 
 2.53500e+02  4.91680e-05 
 2.54000e+02  3.41360e-05 
 2.54500e+02  3.37840e-05 
 2.55000e+02  2.71280e-05 
 2.55500e+02  3.13760e-05 
 2.56000e+02  2.30160e-05 
 2.56500e+02  2.91760e-05 
 2.57000e+02  2.39040e-05 
 2.57500e+02  2.61280e-05 
 2.58000e+02  1.87600e-05 
 2.58500e+02  1.81440e-05 
 2.59000e+02  1.84000e-05 
 2.59500e+02  1.93280e-05 
 2.60000e+02  1.73920e-05 
 2.60500e+02  1.80160e-05 
 2.61000e+02  2.24400e-05 
 2.61500e+02  1.93920e-05 
 2.62000e+02  1.35760e-05 
 2.62500e+02  1.59120e-05 
 2.63000e+02  1.55600e-05 
 2.63500e+02  1.59840e-05 
 2.64000e+02  1.08240e-05 
 2.64500e+02  1.10240e-05 
 2.65000e+02  1.30800e-05 
 2.65500e+02  1.66400e-05 
 2.66000e+02  1.51200e-05 
 2.66500e+02  1.00160e-05 
 2.67000e+02  1.34320e-05 
 2.67500e+02  8.64000e-06 
 2.68000e+02  9.78400e-06 
 2.68500e+02  1.17040e-05 
 2.69000e+02  1.01440e-05 
 2.69500e+02  7.36000e-06 
 2.70000e+02  7.00000e-06 
 2.70500e+02  7.56800e-06 
 2.71000e+02  8.38400e-06 
 2.71500e+02  9.99200e-06 
 2.72000e+02  7.95200e-06 
 2.72500e+02  8.84800e-06 
 2.73000e+02  1.38800e-05 
 2.73500e+02  9.19200e-06 
 2.74000e+02  6.12800e-06 
 2.74500e+02  2.49600e-06 
 2.75000e+02  2.57600e-06 
 2.75500e+02  2.80800e-06 
 2.76000e+02  3.06400e-06 
 2.76500e+02  3.60800e-06 
 2.77000e+02  4.74400e-06 
 2.77500e+02  3.22400e-06 
 2.78000e+02  3.75200e-06 
 2.78500e+02  2.56000e-06 
 2.79000e+02  4.12000e-06 
 2.79500e+02  1.47200e-06 
 2.80000e+02  1.76800e-06 
 2.80500e+02  2.51200e-06 
 2.81000e+02  1.60000e-06 
 2.81500e+02  8.56000e-07 
 2.82000e+02  6.64000e-07 
 2.82500e+02  6.64000e-07 
 2.83000e+02  6.96000e-07 
 2.83500e+02  7.20000e-07 
 2.84000e+02  8.24000e-07 
 2.84500e+02  1.08000e-06 
 2.85000e+02  1.12800e-06 
 2.85500e+02  1.26400e-06 
 2.86000e+02  1.56800e-06 
 2.86500e+02  2.26400e-06 
 2.87000e+02  6.08000e-07 
 2.87500e+02  6.56000e-07 
 2.88000e+02  7.36000e-07 
 2.88500e+02  8.24000e-07 
 2.89000e+02  1.06400e-06 
 2.89500e+02  2.79200e-06 
 2.90000e+02  7.04000e-07 
 2.90500e+02  2.08000e-07 
 2.91000e+02  2.08000e-07 
 2.91500e+02  2.48000e-07 
 2.92000e+02  2.96000e-07 
 2.92500e+02  1.20000e-07 
 2.93000e+02  0.00000e+00 
 2.93500e+02  0.00000e+00 
 2.94000e+02  0.00000e+00 
 2.94500e+02  0.00000e+00 
 2.95000e+02  0.00000e+00 
 2.95500e+02  0.00000e+00 
 2.96000e+02  0.00000e+00 
 2.96500e+02  0.00000e+00 
 2.97000e+02  0.00000e+00 
 2.97500e+02  0.00000e+00 
 2.98000e+02  0.00000e+00 
 2.98500e+02  0.00000e+00 
 2.99000e+02  0.00000e+00 
 2.99500e+02  0.00000e+00 
 3.00000e+02  0.00000e+00 
 3.00500e+02  0.00000e+00 
 3.01000e+02  0.00000e+00 
 3.01500e+02  0.00000e+00 
 3.02000e+02  0.00000e+00 
 3.02500e+02  0.00000e+00 
 3.03000e+02  0.00000e+00 
 3.03500e+02  0.00000e+00 
 3.04000e+02  0.00000e+00 
 3.04500e+02  0.00000e+00 
 3.05000e+02  0.00000e+00 
 3.05500e+02  0.00000e+00 
 3.06000e+02  0.00000e+00 
 3.06500e+02  0.00000e+00 
 3.07000e+02  0.00000e+00 
 3.07500e+02  0.00000e+00 
 3.08000e+02  0.00000e+00 
 3.08500e+02  0.00000e+00 
 3.09000e+02  0.00000e+00 
 3.09500e+02  0.00000e+00 
 3.10000e+02  0.00000e+00 
 3.10500e+02  0.00000e+00 
 3.11000e+02  0.00000e+00 
 3.11500e+02  0.00000e+00 
 3.12000e+02  0.00000e+00 
 3.12500e+02  0.00000e+00 
 3.13000e+02  0.00000e+00 
 3.13500e+02  0.00000e+00 
 3.14000e+02  0.00000e+00 
 3.14500e+02  0.00000e+00 
 3.15000e+02  0.00000e+00 
 3.15500e+02  0.00000e+00 
 3.16000e+02  0.00000e+00 
 3.16500e+02  0.00000e+00 
 3.17000e+02  0.00000e+00 
 3.17500e+02  0.00000e+00 
 3.18000e+02  0.00000e+00 
 3.18500e+02  0.00000e+00 
 3.19000e+02  0.00000e+00 
 3.19500e+02  0.00000e+00 
