 0.00000e+00  0.00000e+00 
 5.00000e-01  0.00000e+00 
 1.00000e+00  0.00000e+00 
 1.50000e+00  0.00000e+00 
 2.00000e+00  0.00000e+00 
 2.50000e+00  0.00000e+00 
 3.00000e+00  0.00000e+00 
 3.50000e+00  0.00000e+00 
 4.00000e+00  0.00000e+00 
 4.50000e+00  0.00000e+00 
 5.00000e+00  0.00000e+00 
 5.50000e+00  0.00000e+00 
 6.00000e+00  0.00000e+00 
 6.50000e+00  0.00000e+00 
 7.00000e+00  0.00000e+00 
 7.50000e+00  0.00000e+00 
 8.00000e+00  0.00000e+00 
 8.50000e+00  0.00000e+00 
 9.00000e+00  0.00000e+00 
 9.50000e+00  0.00000e+00 
 1.00000e+01  0.00000e+00 
 1.05000e+01  0.00000e+00 
 1.10000e+01  0.00000e+00 
 1.15000e+01  0.00000e+00 
 1.20000e+01  0.00000e+00 
 1.25000e+01  0.00000e+00 
 1.30000e+01  0.00000e+00 
 1.35000e+01  3.19988e-08 
 1.40000e+01  1.27995e-07 
 1.45000e+01  1.27995e-07 
 1.50000e+01  1.19995e-07 
 1.55000e+01  1.11996e-07 
 1.60000e+01  1.11996e-07 
 1.65000e+01  1.03996e-07 
 1.70000e+01  1.03996e-07 
 1.75000e+01  1.03996e-07 
 1.80000e+01  1.03996e-07 
 1.85000e+01  9.59964e-08 
 1.90000e+01  9.59964e-08 
 1.95000e+01  9.59964e-08 
 2.00000e+01  9.59964e-08 
 2.05000e+01  8.79967e-08 
 2.10000e+01  8.79967e-08 
 2.15000e+01  7.99970e-08 
 2.20000e+01  8.79967e-08 
 2.25000e+01  8.79967e-08 
 2.30000e+01  8.79967e-08 
 2.35000e+01  7.99970e-08 
 2.40000e+01  7.99970e-08 
 2.45000e+01  7.99970e-08 
 2.50000e+01  7.99970e-08 
 2.55000e+01  7.99970e-08 
 2.60000e+01  7.19973e-08 
 2.65000e+01  7.99970e-08 
 2.70000e+01  7.19973e-08 
 2.75000e+01  7.19973e-08 
 2.80000e+01  7.99970e-08 
 2.85000e+01  7.19973e-08 
 2.90000e+01  7.19973e-08 
 2.95000e+01  7.19973e-08 
 3.00000e+01  7.19973e-08 
 3.05000e+01  7.19973e-08 
 3.10000e+01  7.19973e-08 
 3.15000e+01  6.39976e-08 
 3.20000e+01  7.19973e-08 
 3.25000e+01  6.39976e-08 
 3.30000e+01  7.19973e-08 
 3.35000e+01  6.39976e-08 
 3.40000e+01  6.39976e-08 
 3.45000e+01  7.19973e-08 
 3.50000e+01  6.39976e-08 
 3.55000e+01  6.39976e-08 
 3.60000e+01  6.39976e-08 
 3.65000e+01  7.19973e-08 
 3.70000e+01  1.87193e-06 
 3.75000e+01  6.31976e-07 
 3.80000e+01  4.63982e-07 
 3.85000e+01  3.99985e-07 
 3.90000e+01  3.43987e-07 
 3.95000e+01  3.27988e-07 
 4.00000e+01  3.03988e-07 
 4.05000e+01  2.87989e-07 
 4.10000e+01  2.63990e-07 
 4.15000e+01  2.55990e-07 
 4.20000e+01  2.63990e-07 
 4.25000e+01  2.47991e-07 
 4.30000e+01  1.84793e-06 
 4.35000e+01  1.66394e-06 
 4.40000e+01  1.15996e-06 
 4.45000e+01  9.91962e-07 
 4.50000e+01  8.63967e-07 
 4.55000e+01  8.15969e-07 
 4.60000e+01  3.17588e-06 
 4.65000e+01  1.95193e-06 
 4.70000e+01  3.38387e-06 
 4.75000e+01  5.21580e-06 
 4.80000e+01  3.74386e-06 
 4.85000e+01  3.05588e-06 
 4.90000e+01  3.90385e-06 
 4.95000e+01  5.04781e-06 
 5.00000e+01  5.50379e-06 
 5.05000e+01  5.83978e-06 
 5.10000e+01  9.23165e-06 
 5.15000e+01  1.03276e-05 
 5.20000e+01  9.11965e-06 
 5.25000e+01  1.08076e-05 
 5.30000e+01  1.11516e-05 
 5.35000e+01  1.03916e-05 
 5.40000e+01  8.31168e-06 
 5.45000e+01  1.36155e-05 
 5.50000e+01  1.26155e-05 
 5.55000e+01  1.14636e-05 
 5.60000e+01  1.22235e-05 
 5.65000e+01  1.27435e-05 
 5.70000e+01  1.09676e-05 
 5.75000e+01  1.00956e-05 
 5.80000e+01  1.13916e-05 
 5.85000e+01  1.21115e-05 
 5.90000e+01  1.66474e-05 
 5.95000e+01  1.90313e-05 
 6.00000e+01  1.73193e-05 
 6.05000e+01  1.81913e-05 
 6.10000e+01  1.57194e-05 
 6.15000e+01  1.46394e-05 
 6.20000e+01  1.40715e-05 
 6.25000e+01  1.54714e-05 
 6.30000e+01  1.63914e-05 
 6.35000e+01  1.40235e-05 
 6.40000e+01  1.40555e-05 
 6.45000e+01  1.90793e-05 
 6.50000e+01  2.13592e-05 
 6.55000e+01  1.97273e-05 
 6.60000e+01  1.72393e-05 
 6.65000e+01  1.59994e-05 
 6.70000e+01  2.57270e-05 
 6.75000e+01  2.84149e-05 
 6.80000e+01  2.64870e-05 
 6.85000e+01  3.41267e-05 
 6.90000e+01  4.58543e-05 
 6.95000e+01  4.50783e-05 
 7.00000e+01  6.27416e-05 
 7.05000e+01  6.78374e-05 
 7.10000e+01  7.31652e-05 
 7.15000e+01  7.72451e-05 
 7.20000e+01  6.63575e-05 
 7.25000e+01  6.04297e-05 
 7.30000e+01  6.98533e-05 
 7.35000e+01  7.64371e-05 
 7.40000e+01  9.37964e-05 
 7.45000e+01  7.66131e-05 
 7.50000e+01  8.73087e-05 
 7.55000e+01  1.20947e-04 
 7.60000e+01  1.06764e-04 
 7.65000e+01  1.13252e-04 
 7.70000e+01  9.52204e-05 
 7.75000e+01  9.53644e-05 
 7.80000e+01  1.02828e-04 
 7.85000e+01  9.48764e-05 
 7.90000e+01  8.62047e-05 
 7.95000e+01  8.20209e-05 
 8.00000e+01  1.16964e-04 
 8.05000e+01  1.03812e-04 
 8.10000e+01  1.64434e-04 
 8.15000e+01  1.95849e-04 
 8.20000e+01  1.50698e-04 
 8.25000e+01  1.59810e-04 
 8.30000e+01  1.60474e-04 
 8.35000e+01  1.95137e-04 
 8.40000e+01  2.21504e-04 
 8.45000e+01  2.53214e-04 
 8.50000e+01  2.17784e-04 
 8.55000e+01  2.37999e-04 
 8.60000e+01  2.22536e-04 
 8.65000e+01  2.19016e-04 
 8.70000e+01  2.09440e-04 
 8.75000e+01  2.21040e-04 
 8.80000e+01  2.20904e-04 
 8.85000e+01  2.34615e-04 
 8.90000e+01  2.56038e-04 
 8.95000e+01  2.54014e-04 
 9.00000e+01  2.54646e-04 
 9.05000e+01  2.89021e-04 
 9.10000e+01  2.88509e-04 
 9.15000e+01  2.76038e-04 
 9.20000e+01  2.84917e-04 
 9.25000e+01  2.83149e-04 
 9.30000e+01  2.81621e-04 
 9.35000e+01  2.58702e-04 
 9.40000e+01  2.86493e-04 
 9.45000e+01  2.92493e-04 
 9.50000e+01  3.22572e-04 
 9.55000e+01  3.13388e-04 
 9.60000e+01  2.78525e-04 
 9.65000e+01  2.78925e-04 
 9.70000e+01  3.04628e-04 
 9.75000e+01  3.26588e-04 
 9.80000e+01  3.18900e-04 
 9.85000e+01  3.50083e-04 
 9.90000e+01  3.59834e-04 
 9.95000e+01  3.42867e-04 
 1.00000e+02  3.16404e-04 
 1.00500e+02  3.36755e-04 
 1.01000e+02  3.58298e-04 
 1.01500e+02  3.38323e-04 
 1.02000e+02  3.47891e-04 
 1.02500e+02  4.66750e-04 
 1.03000e+02  5.75538e-04 
 1.03500e+02  5.11509e-04 
 1.04000e+02  5.58459e-04 
 1.04500e+02  5.68890e-04 
 1.05000e+02  5.30204e-04 
 1.05500e+02  5.05621e-04 
 1.06000e+02  6.46567e-04 
 1.06500e+02  6.20328e-04 
 1.07000e+02  5.69554e-04 
 1.07500e+02  5.74034e-04 
 1.08000e+02  5.80098e-04 
 1.08500e+02  5.92289e-04 
 1.09000e+02  7.43364e-04 
 1.09500e+02  7.36276e-04 
 1.10000e+02  7.35676e-04 
 1.10500e+02  7.56515e-04 
 1.11000e+02  8.44896e-04 
 1.11500e+02  9.46068e-04 
 1.12000e+02  8.53592e-04 
 1.12500e+02  9.97354e-04 
 1.13000e+02  9.56452e-04 
 1.13500e+02  9.73771e-04 
 1.14000e+02  9.45036e-04 
 1.14500e+02  8.88558e-04 
 1.15000e+02  9.87914e-04 
 1.15500e+02  1.04086e-03 
 1.16000e+02  1.11703e-03 
 1.16500e+02  1.22138e-03 
 1.17000e+02  1.21414e-03 
 1.17500e+02  1.44189e-03 
 1.18000e+02  1.70774e-03 
 1.18500e+02  1.77952e-03 
 1.19000e+02  1.92541e-03 
 1.19500e+02  2.03051e-03 
 1.20000e+02  2.01049e-03 
 1.20500e+02  2.17502e-03 
 1.21000e+02  2.15997e-03 
 1.21500e+02  2.33905e-03 
 1.22000e+02  2.48262e-03 
 1.22500e+02  2.54643e-03 
 1.23000e+02  2.84304e-03 
 1.23500e+02  2.92266e-03 
 1.24000e+02  3.05291e-03 
 1.24500e+02  3.21715e-03 
 1.25000e+02  3.38235e-03 
 1.25500e+02  3.71672e-03 
 1.26000e+02  3.82345e-03 
 1.26500e+02  4.01005e-03 
 1.27000e+02  3.98266e-03 
 1.27500e+02  4.15766e-03 
 1.28000e+02  4.46064e-03 
 1.28500e+02  4.49746e-03 
 1.29000e+02  4.86686e-03 
 1.29500e+02  5.37829e-03 
 1.30000e+02  5.75617e-03 
 1.30500e+02  6.28496e-03 
 1.31000e+02  6.26763e-03 
 1.31500e+02  6.34462e-03 
 1.32000e+02  6.50797e-03 
 1.32500e+02  6.36973e-03 
 1.33000e+02  6.22448e-03 
 1.33500e+02  6.45360e-03 
 1.34000e+02  6.37464e-03 
 1.34500e+02  7.10467e-03 
 1.35000e+02  7.04589e-03 
 1.35500e+02  6.96866e-03 
 1.36000e+02  7.22836e-03 
 1.36500e+02  7.64677e-03 
 1.37000e+02  7.47679e-03 
 1.37500e+02  7.56530e-03 
 1.38000e+02  7.63802e-03 
 1.38500e+02  7.90695e-03 
 1.39000e+02  7.97939e-03 
 1.39500e+02  8.26644e-03 
 1.40000e+02  8.26164e-03 
 1.40500e+02  8.59341e-03 
 1.41000e+02  8.73250e-03 
 1.41500e+02  8.84891e-03 
 1.42000e+02  8.66021e-03 
 1.42500e+02  9.59590e-03 
 1.43000e+02  9.20395e-03 
 1.43500e+02  9.38580e-03 
 1.44000e+02  9.05323e-03 
 1.44500e+02  9.36642e-03 
 1.45000e+02  9.37124e-03 
 1.45500e+02  9.70713e-03 
 1.46000e+02  9.99807e-03 
 1.46500e+02  9.83043e-03 
 1.47000e+02  9.97427e-03 
 1.47500e+02  1.03941e-02 
 1.48000e+02  1.04041e-02 
 1.48500e+02  1.01187e-02 
 1.49000e+02  1.02713e-02 
 1.49500e+02  1.02184e-02 
 1.50000e+02  1.03048e-02 
 1.50500e+02  1.04999e-02 
 1.51000e+02  1.01669e-02 
 1.51500e+02  1.04754e-02 
 1.52000e+02  1.03907e-02 
 1.52500e+02  1.01992e-02 
 1.53000e+02  1.04006e-02 
 1.53500e+02  1.02044e-02 
 1.54000e+02  1.03594e-02 
 1.54500e+02  1.03910e-02 
 1.55000e+02  1.06538e-02 
 1.55500e+02  1.08101e-02 
 1.56000e+02  1.06489e-02 
 1.56500e+02  1.06866e-02 
 1.57000e+02  1.08562e-02 
 1.57500e+02  1.06992e-02 
 1.58000e+02  1.06550e-02 
 1.58500e+02  1.09230e-02 
 1.59000e+02  1.04532e-02 
 1.59500e+02  1.05924e-02 
 1.60000e+02  1.03317e-02 
 1.60500e+02  1.06649e-02 
 1.61000e+02  1.06635e-02 
 1.61500e+02  1.03785e-02 
 1.62000e+02  1.04677e-02 
 1.62500e+02  1.03624e-02 
 1.63000e+02  1.04820e-02 
 1.63500e+02  1.03688e-02 
 1.64000e+02  1.04939e-02 
 1.64500e+02  1.04414e-02 
 1.65000e+02  1.05562e-02 
 1.65500e+02  1.02839e-02 
 1.66000e+02  1.05124e-02 
 1.66500e+02  1.11050e-02 
 1.67000e+02  1.04809e-02 
 1.67500e+02  1.03058e-02 
 1.68000e+02  1.03240e-02 
 1.68500e+02  1.05589e-02 
 1.69000e+02  1.04044e-02 
 1.69500e+02  9.96780e-03 
 1.70000e+02  9.86388e-03 
 1.70500e+02  1.00691e-02 
 1.71000e+02  9.78588e-03 
 1.71500e+02  9.96884e-03 
 1.72000e+02  9.80146e-03 
 1.72500e+02  9.52141e-03 
 1.73000e+02  9.77576e-03 
 1.73500e+02  9.64082e-03 
 1.74000e+02  9.66884e-03 
 1.74500e+02  9.20125e-03 
 1.75000e+02  9.45991e-03 
 1.75500e+02  9.44790e-03 
 1.76000e+02  9.16315e-03 
 1.76500e+02  8.87345e-03 
 1.77000e+02  8.84840e-03 
 1.77500e+02  9.11130e-03 
 1.78000e+02  8.55092e-03 
 1.78500e+02  8.58079e-03 
 1.79000e+02  8.63365e-03 
 1.79500e+02  8.61943e-03 
 1.80000e+02  8.67389e-03 
 1.80500e+02  8.24513e-03 
 1.81000e+02  8.17323e-03 
 1.81500e+02  8.05279e-03 
 1.82000e+02  7.98458e-03 
 1.82500e+02  7.55620e-03 
 1.83000e+02  7.64503e-03 
 1.83500e+02  7.00870e-03 
 1.84000e+02  6.96184e-03 
 1.84500e+02  6.86999e-03 
 1.85000e+02  6.80671e-03 
 1.85500e+02  6.50225e-03 
 1.86000e+02  6.25611e-03 
 1.86500e+02  6.23668e-03 
 1.87000e+02  6.14578e-03 
 1.87500e+02  6.15654e-03 
 1.88000e+02  5.98622e-03 
 1.88500e+02  5.87098e-03 
 1.89000e+02  5.81631e-03 
 1.89500e+02  5.32796e-03 
 1.90000e+02  5.50463e-03 
 1.90500e+02  5.44562e-03 
 1.91000e+02  5.12885e-03 
 1.91500e+02  4.94752e-03 
 1.92000e+02  4.69944e-03 
 1.92500e+02  4.58389e-03 
 1.93000e+02  4.42734e-03 
 1.93500e+02  4.26807e-03 
 1.94000e+02  3.90034e-03 
 1.94500e+02  3.64418e-03 
 1.95000e+02  3.58499e-03 
 1.95500e+02  3.32921e-03 
 1.96000e+02  3.56104e-03 
 1.96500e+02  3.31491e-03 
 1.97000e+02  3.19205e-03 
 1.97500e+02  2.86461e-03 
 1.98000e+02  2.78522e-03 
 1.98500e+02  2.54432e-03 
 1.99000e+02  2.31116e-03 
 1.99500e+02  2.12730e-03 
 2.00000e+02  2.07972e-03 
 2.00500e+02  1.80018e-03 
 2.01000e+02  1.57116e-03 
 2.01500e+02  1.49043e-03 
 2.02000e+02  1.35643e-03 
 2.02500e+02  1.33146e-03 
 2.03000e+02  1.19124e-03 
 2.03500e+02  1.23361e-03 
 2.04000e+02  1.05714e-03 
 2.04500e+02  8.77351e-04 
 2.05000e+02  9.09261e-04 
 2.05500e+02  8.88918e-04 
 2.06000e+02  8.14801e-04 
 2.06500e+02  7.84842e-04 
 2.07000e+02  7.08493e-04 
 2.07500e+02  7.07541e-04 
 2.08000e+02  6.63023e-04 
 2.08500e+02  7.03949e-04 
 2.09000e+02  7.01197e-04 
 2.09500e+02  5.77682e-04 
 2.10000e+02  6.53767e-04 
 2.10500e+02  6.14657e-04 
 2.11000e+02  5.76698e-04 
 2.11500e+02  5.70114e-04 
 2.12000e+02  4.82390e-04 
 2.12500e+02  4.25904e-04 
 2.13000e+02  4.25016e-04 
 2.13500e+02  4.64238e-04 
 2.14000e+02  4.60247e-04 
 2.14500e+02  4.90381e-04 
 2.15000e+02  4.71262e-04 
 2.15500e+02  5.12301e-04 
 2.16000e+02  4.67470e-04 
 2.16500e+02  4.55847e-04 
 2.17000e+02  3.66194e-04 
 2.17500e+02  3.73202e-04 
 2.18000e+02  3.58554e-04 
 2.18500e+02  4.09856e-04 
 2.19000e+02  3.90897e-04 
 2.19500e+02  3.70874e-04 
 2.20000e+02  3.37843e-04 
 2.20500e+02  3.29507e-04 
 2.21000e+02  3.03004e-04 
 2.21500e+02  3.05684e-04 
 2.22000e+02  3.16468e-04 
 2.22500e+02  3.31891e-04 
 2.23000e+02  3.23516e-04 
 2.23500e+02  2.62598e-04 
 2.24000e+02  2.65694e-04 
 2.24500e+02  2.85157e-04 
 2.25000e+02  3.17996e-04 
 2.25500e+02  3.31555e-04 
 2.26000e+02  3.08236e-04 
 2.26500e+02  2.90925e-04 
 2.27000e+02  2.51638e-04 
 2.27500e+02  2.31303e-04 
 2.28000e+02  2.21480e-04 
 2.28500e+02  2.10568e-04 
 2.29000e+02  2.21056e-04 
 2.29500e+02  2.29159e-04 
 2.30000e+02  2.17936e-04 
 2.30500e+02  2.34767e-04 
 2.31000e+02  2.23224e-04 
 2.31500e+02  2.18008e-04 
 2.32000e+02  2.18328e-04 
 2.32500e+02  1.90657e-04 
 2.33000e+02  2.11320e-04 
 2.33500e+02  2.36855e-04 
 2.34000e+02  1.82265e-04 
 2.34500e+02  1.62066e-04 
 2.35000e+02  1.75481e-04 
 2.35500e+02  1.59970e-04 
 2.36000e+02  1.82841e-04 
 2.36500e+02  1.45914e-04 
 2.37000e+02  1.44011e-04 
 2.37500e+02  1.45234e-04 
 2.38000e+02  1.69378e-04 
 2.38500e+02  1.48882e-04 
 2.39000e+02  1.39683e-04 
 2.39500e+02  1.22635e-04 
 2.40000e+02  1.13348e-04 
 2.40500e+02  1.20363e-04 
 2.41000e+02  1.15404e-04 
 2.41500e+02  1.40899e-04 
 2.42000e+02  1.32835e-04 
 2.42500e+02  1.41219e-04 
 2.43000e+02  1.05860e-04 
 2.43500e+02  9.03166e-05 
 2.44000e+02  9.87002e-05 
 2.44500e+02  9.07246e-05 
 2.45000e+02  8.73807e-05 
 2.45500e+02  9.65483e-05 
 2.46000e+02  7.76770e-05 
 2.46500e+02  7.33172e-05 
 2.47000e+02  5.54859e-05 
 2.47500e+02  5.40059e-05 
 2.48000e+02  5.46699e-05 
 2.48500e+02  5.14860e-05 
 2.49000e+02  5.32220e-05 
 2.49500e+02  4.44783e-05 
 2.50000e+02  4.61982e-05 
 2.50500e+02  4.52143e-05 
 2.51000e+02  3.80226e-05 
 2.51500e+02  4.16064e-05 
 2.52000e+02  3.73346e-05 
 2.52500e+02  3.32387e-05 
 2.53000e+02  3.20868e-05 
 2.53500e+02  3.14068e-05 
 2.54000e+02  2.95029e-05 
 2.54500e+02  2.82629e-05 
 2.55000e+02  2.51590e-05 
 2.55500e+02  2.46471e-05 
 2.56000e+02  2.89589e-05 
 2.56500e+02  3.01829e-05 
 2.57000e+02  2.92549e-05 
 2.57500e+02  2.00152e-05 
 2.58000e+02  1.92793e-05 
 2.58500e+02  1.72473e-05 
 2.59000e+02  1.84393e-05 
 2.59500e+02  2.06392e-05 
 2.60000e+02  1.79113e-05 
 2.60500e+02  1.85353e-05 
 2.61000e+02  1.63274e-05 
 2.61500e+02  1.91673e-05 
 2.62000e+02  2.26631e-05 
 2.62500e+02  2.26631e-05 
 2.63000e+02  1.80393e-05 
 2.63500e+02  1.26075e-05 
 2.64000e+02  1.51274e-05 
 2.64500e+02  1.58074e-05 
 2.65000e+02  8.32768e-06 
 2.65500e+02  9.72763e-06 
 2.66000e+02  1.31035e-05 
 2.66500e+02  9.15165e-06 
 2.67000e+02  7.32772e-06 
 2.67500e+02  7.21573e-06 
 2.68000e+02  8.51968e-06 
 2.68500e+02  4.43983e-06 
 2.69000e+02  3.35187e-06 
 2.69500e+02  4.46383e-06 
 2.70000e+02  5.36780e-06 
 2.70500e+02  3.71186e-06 
 2.71000e+02  4.29584e-06 
 2.71500e+02  6.52775e-06 
 2.72000e+02  4.83182e-06 
 2.72500e+02  9.43964e-07 
 2.73000e+02  9.67963e-07 
 2.73500e+02  1.03996e-06 
 2.74000e+02  1.12796e-06 
 2.74500e+02  1.19195e-06 
 2.75000e+02  1.34395e-06 
 2.75500e+02  1.68794e-06 
 2.76000e+02  3.26388e-06 
 2.76500e+02  8.23969e-07 
 2.77000e+02  7.27972e-07 
 2.77500e+02  8.23969e-07 
 2.78000e+02  9.91962e-07 
 2.78500e+02  1.37595e-06 
 2.79000e+02  1.87993e-06 
 2.79500e+02  1.11996e-07 
 2.80000e+02  1.11996e-07 
 2.80500e+02  1.19995e-07 
 2.81000e+02  1.11996e-07 
 2.81500e+02  1.27995e-07 
 2.82000e+02  1.19995e-07 
 2.82500e+02  1.19995e-07 
 2.83000e+02  1.19995e-07 
 2.83500e+02  1.27995e-07 
 2.84000e+02  1.35995e-07 
 2.84500e+02  1.43995e-07 
 2.85000e+02  1.43995e-07 
 2.85500e+02  1.43995e-07 
 2.86000e+02  1.43995e-07 
 2.86500e+02  1.51994e-07 
 2.87000e+02  1.67994e-07 
 2.87500e+02  1.75993e-07 
 2.88000e+02  1.83993e-07 
 2.88500e+02  3.99985e-08 
 2.89000e+02  0.00000e+00 
 2.89500e+02  0.00000e+00 
 2.90000e+02  0.00000e+00 
 2.90500e+02  0.00000e+00 
 2.91000e+02  0.00000e+00 
 2.91500e+02  0.00000e+00 
 2.92000e+02  0.00000e+00 
 2.92500e+02  0.00000e+00 
 2.93000e+02  0.00000e+00 
 2.93500e+02  0.00000e+00 
 2.94000e+02  0.00000e+00 
 2.94500e+02  0.00000e+00 
 2.95000e+02  0.00000e+00 
 2.95500e+02  0.00000e+00 
 2.96000e+02  0.00000e+00 
 2.96500e+02  0.00000e+00 
 2.97000e+02  0.00000e+00 
 2.97500e+02  0.00000e+00 
 2.98000e+02  0.00000e+00 
 2.98500e+02  0.00000e+00 
 2.99000e+02  0.00000e+00 
 2.99500e+02  0.00000e+00 
 3.00000e+02  0.00000e+00 
 3.00500e+02  0.00000e+00 
 3.01000e+02  0.00000e+00 
 3.01500e+02  0.00000e+00 
 3.02000e+02  0.00000e+00 
 3.02500e+02  0.00000e+00 
 3.03000e+02  0.00000e+00 
 3.03500e+02  0.00000e+00 
 3.04000e+02  0.00000e+00 
 3.04500e+02  0.00000e+00 
 3.05000e+02  0.00000e+00 
 3.05500e+02  0.00000e+00 
 3.06000e+02  0.00000e+00 
 3.06500e+02  0.00000e+00 
 3.07000e+02  0.00000e+00 
 3.07500e+02  0.00000e+00 
 3.08000e+02  0.00000e+00 
 3.08500e+02  0.00000e+00 
 3.09000e+02  0.00000e+00 
 3.09500e+02  0.00000e+00 
 3.10000e+02  0.00000e+00 
 3.10500e+02  0.00000e+00 
 3.11000e+02  0.00000e+00 
 3.11500e+02  0.00000e+00 
 3.12000e+02  0.00000e+00 
 3.12500e+02  0.00000e+00 
 3.13000e+02  0.00000e+00 
 3.13500e+02  0.00000e+00 
 3.14000e+02  0.00000e+00 
 3.14500e+02  0.00000e+00 
 3.15000e+02  0.00000e+00 
 3.15500e+02  0.00000e+00 
 3.16000e+02  0.00000e+00 
 3.16500e+02  0.00000e+00 
 3.17000e+02  0.00000e+00 
 3.17500e+02  0.00000e+00 
 3.18000e+02  0.00000e+00 
 3.18500e+02  0.00000e+00 
 3.19000e+02  0.00000e+00 
 3.19500e+02  0.00000e+00 
