 0.00000e+00  0.00000e+00 
 5.00000e-01  0.00000e+00 
 1.00000e+00  0.00000e+00 
 1.50000e+00  0.00000e+00 
 2.00000e+00  0.00000e+00 
 2.50000e+00  0.00000e+00 
 3.00000e+00  0.00000e+00 
 3.50000e+00  0.00000e+00 
 4.00000e+00  0.00000e+00 
 4.50000e+00  0.00000e+00 
 5.00000e+00  0.00000e+00 
 5.50000e+00  0.00000e+00 
 6.00000e+00  0.00000e+00 
 6.50000e+00  0.00000e+00 
 7.00000e+00  0.00000e+00 
 7.50000e+00  0.00000e+00 
 8.00000e+00  0.00000e+00 
 8.50000e+00  0.00000e+00 
 9.00000e+00  0.00000e+00 
 9.50000e+00  0.00000e+00 
 1.00000e+01  0.00000e+00 
 1.05000e+01  0.00000e+00 
 1.10000e+01  0.00000e+00 
 1.15000e+01  0.00000e+00 
 1.20000e+01  0.00000e+00 
 1.25000e+01  0.00000e+00 
 1.30000e+01  0.00000e+00 
 1.35000e+01  0.00000e+00 
 1.40000e+01  0.00000e+00 
 1.45000e+01  0.00000e+00 
 1.50000e+01  0.00000e+00 
 1.55000e+01  0.00000e+00 
 1.60000e+01  0.00000e+00 
 1.65000e+01  0.00000e+00 
 1.70000e+01  0.00000e+00 
 1.75000e+01  0.00000e+00 
 1.80000e+01  0.00000e+00 
 1.85000e+01  0.00000e+00 
 1.90000e+01  1.15200e-06 
 1.95000e+01  3.48000e-06 
 2.00000e+01  4.52000e-06 
 2.05000e+01  2.76000e-06 
 2.10000e+01  2.28000e-06 
 2.15000e+01  1.90400e-06 
 2.20000e+01  1.70400e-06 
 2.25000e+01  1.57600e-06 
 2.30000e+01  1.46400e-06 
 2.35000e+01  1.39200e-06 
 2.40000e+01  1.25600e-06 
 2.45000e+01  1.22400e-06 
 2.50000e+01  1.16000e-06 
 2.55000e+01  1.12800e-06 
 2.60000e+01  1.10400e-06 
 2.65000e+01  1.05600e-06 
 2.70000e+01  9.92000e-07 
 2.75000e+01  9.76000e-07 
 2.80000e+01  9.52000e-07 
 2.85000e+01  9.20000e-07 
 2.90000e+01  9.12000e-07 
 2.95000e+01  8.96000e-07 
 3.00000e+01  8.88000e-07 
 3.05000e+01  8.48000e-07 
 3.10000e+01  8.32000e-07 
 3.15000e+01  8.16000e-07 
 3.20000e+01  7.84000e-07 
 3.25000e+01  7.84000e-07 
 3.30000e+01  7.84000e-07 
 3.35000e+01  7.60000e-07 
 3.40000e+01  7.76000e-07 
 3.45000e+01  7.44000e-07 
 3.50000e+01  7.44000e-07 
 3.55000e+01  7.36000e-07 
 3.60000e+01  6.96000e-07 
 3.65000e+01  6.96000e-07 
 3.70000e+01  1.86400e-06 
 3.75000e+01  4.08000e-06 
 3.80000e+01  4.05600e-06 
 3.85000e+01  3.54400e-06 
 3.90000e+01  2.80800e-06 
 3.95000e+01  2.51200e-06 
 4.00000e+01  2.28000e-06 
 4.05000e+01  2.13600e-06 
 4.10000e+01  2.03200e-06 
 4.15000e+01  1.92000e-06 
 4.20000e+01  2.63200e-06 
 4.25000e+01  6.15200e-06 
 4.30000e+01  3.86400e-06 
 4.35000e+01  5.81600e-06 
 4.40000e+01  4.08000e-06 
 4.45000e+01  3.66400e-06 
 4.50000e+01  3.31200e-06 
 4.55000e+01  3.21600e-06 
 4.60000e+01  3.09600e-06 
 4.65000e+01  3.02400e-06 
 4.70000e+01  2.91200e-06 
 4.75000e+01  2.86400e-06 
 4.80000e+01  2.80000e-06 
 4.85000e+01  2.71200e-06 
 4.90000e+01  2.64800e-06 
 4.95000e+01  2.59200e-06 
 5.00000e+01  2.59200e-06 
 5.05000e+01  2.48800e-06 
 5.10000e+01  2.46400e-06 
 5.15000e+01  2.42400e-06 
 5.20000e+01  2.39200e-06 
 5.25000e+01  2.38400e-06 
 5.30000e+01  2.36800e-06 
 5.35000e+01  2.32000e-06 
 5.40000e+01  2.22400e-06 
 5.45000e+01  2.28800e-06 
 5.50000e+01  5.91200e-06 
 5.55000e+01  8.57600e-06 
 5.60000e+01  1.08240e-05 
 5.65000e+01  7.30400e-06 
 5.70000e+01  8.07200e-06 
 5.75000e+01  8.15200e-06 
 5.80000e+01  6.87200e-06 
 5.85000e+01  6.36800e-06 
 5.90000e+01  6.05600e-06 
 5.95000e+01  5.72800e-06 
 6.00000e+01  5.59200e-06 
 6.05000e+01  5.30400e-06 
 6.10000e+01  5.24000e-06 
 6.15000e+01  5.09600e-06 
 6.20000e+01  4.99200e-06 
 6.25000e+01  4.91200e-06 
 6.30000e+01  4.81600e-06 
 6.35000e+01  4.79200e-06 
 6.40000e+01  4.70400e-06 
 6.45000e+01  4.69600e-06 
 6.50000e+01  4.48800e-06 
 6.55000e+01  4.32000e-06 
 6.60000e+01  4.25600e-06 
 6.65000e+01  1.04400e-05 
 6.70000e+01  7.52000e-06 
 6.75000e+01  6.64000e-06 
 6.80000e+01  6.18400e-06 
 6.85000e+01  5.95200e-06 
 6.90000e+01  5.77600e-06 
 6.95000e+01  5.59200e-06 
 7.00000e+01  5.54400e-06 
 7.05000e+01  5.42400e-06 
 7.10000e+01  5.35200e-06 
 7.15000e+01  5.28000e-06 
 7.20000e+01  1.12000e-05 
 7.25000e+01  9.45600e-06 
 7.30000e+01  8.30400e-06 
 7.35000e+01  7.77600e-06 
 7.40000e+01  7.42400e-06 
 7.45000e+01  7.20800e-06 
 7.50000e+01  7.04800e-06 
 7.55000e+01  6.90400e-06 
 7.60000e+01  6.73600e-06 
 7.65000e+01  6.64800e-06 
 7.70000e+01  6.52000e-06 
 7.75000e+01  6.44000e-06 
 7.80000e+01  6.41600e-06 
 7.85000e+01  6.27200e-06 
 7.90000e+01  6.27200e-06 
 7.95000e+01  6.17600e-06 
 8.00000e+01  6.14400e-06 
 8.05000e+01  6.13600e-06 
 8.10000e+01  6.07200e-06 
 8.15000e+01  6.03200e-06 
 8.20000e+01  6.00800e-06 
 8.25000e+01  5.99200e-06 
 8.30000e+01  6.01600e-06 
 8.35000e+01  5.96000e-06 
 8.40000e+01  5.96000e-06 
 8.45000e+01  5.94400e-06 
 8.50000e+01  5.89600e-06 
 8.55000e+01  5.93600e-06 
 8.60000e+01  5.86400e-06 
 8.65000e+01  5.85600e-06 
 8.70000e+01  5.86400e-06 
 8.75000e+01  5.80800e-06 
 8.80000e+01  5.80800e-06 
 8.85000e+01  5.83200e-06 
 8.90000e+01  5.82400e-06 
 8.95000e+01  5.60000e-06 
 9.00000e+01  5.63200e-06 
 9.05000e+01  5.59200e-06 
 9.10000e+01  5.60800e-06 
 9.15000e+01  1.01200e-05 
 9.20000e+01  1.41680e-05 
 9.25000e+01  1.08240e-05 
 9.30000e+01  8.20800e-06 
 9.35000e+01  7.57600e-06 
 9.40000e+01  7.24800e-06 
 9.45000e+01  7.19200e-06 
 9.50000e+01  7.18400e-06 
 9.55000e+01  7.16000e-06 
 9.60000e+01  6.96800e-06 
 9.65000e+01  8.56000e-06 
 9.70000e+01  2.09440e-05 
 9.75000e+01  1.96560e-05 
 9.80000e+01  1.62640e-05 
 9.85000e+01  1.42560e-05 
 9.90000e+01  1.41280e-05 
 9.95000e+01  1.26320e-05 
 1.00000e+02  1.15760e-05 
 1.00500e+02  1.08080e-05 
 1.01000e+02  9.48800e-06 
 1.01500e+02  8.13600e-06 
 1.02000e+02  8.07200e-06 
 1.02500e+02  8.34400e-06 
 1.03000e+02  8.94400e-06 
 1.03500e+02  8.88000e-06 
 1.04000e+02  8.89600e-06 
 1.04500e+02  8.98400e-06 
 1.05000e+02  8.96000e-06 
 1.05500e+02  8.94400e-06 
 1.06000e+02  8.77600e-06 
 1.06500e+02  8.64800e-06 
 1.07000e+02  8.58400e-06 
 1.07500e+02  1.35600e-05 
 1.08000e+02  1.66640e-05 
 1.08500e+02  1.43440e-05 
 1.09000e+02  1.40000e-05 
 1.09500e+02  1.48400e-05 
 1.10000e+02  1.92240e-05 
 1.10500e+02  2.61840e-05 
 1.11000e+02  2.13760e-05 
 1.11500e+02  2.06160e-05 
 1.12000e+02  2.27840e-05 
 1.12500e+02  2.65600e-05 
 1.13000e+02  3.22400e-05 
 1.13500e+02  5.11120e-05 
 1.14000e+02  4.09360e-05 
 1.14500e+02  2.59120e-05 
 1.15000e+02  2.46080e-05 
 1.15500e+02  1.98560e-05 
 1.16000e+02  1.86560e-05 
 1.16500e+02  1.93360e-05 
 1.17000e+02  3.68080e-05 
 1.17500e+02  2.38960e-05 
 1.18000e+02  2.35920e-05 
 1.18500e+02  3.79680e-05 
 1.19000e+02  6.82880e-05 
 1.19500e+02  6.04080e-05 
 1.20000e+02  7.32640e-05 
 1.20500e+02  5.65200e-05 
 1.21000e+02  4.63360e-05 
 1.21500e+02  5.07680e-05 
 1.22000e+02  7.17440e-05 
 1.22500e+02  9.98880e-05 
 1.23000e+02  7.98480e-05 
 1.23500e+02  5.57680e-05 
 1.24000e+02  1.00632e-04 
 1.24500e+02  1.00528e-04 
 1.25000e+02  1.16792e-04 
 1.25500e+02  1.07928e-04 
 1.26000e+02  1.11736e-04 
 1.26500e+02  1.56024e-04 
 1.27000e+02  1.49216e-04 
 1.27500e+02  1.57848e-04 
 1.28000e+02  1.41808e-04 
 1.28500e+02  1.44216e-04 
 1.29000e+02  1.39696e-04 
 1.29500e+02  1.27440e-04 
 1.30000e+02  1.60904e-04 
 1.30500e+02  1.42360e-04 
 1.31000e+02  2.32440e-04 
 1.31500e+02  2.73416e-04 
 1.32000e+02  2.02208e-04 
 1.32500e+02  2.06160e-04 
 1.33000e+02  2.04776e-04 
 1.33500e+02  2.12160e-04 
 1.34000e+02  2.03696e-04 
 1.34500e+02  2.04696e-04 
 1.35000e+02  2.68480e-04 
 1.35500e+02  2.78744e-04 
 1.36000e+02  3.06648e-04 
 1.36500e+02  2.74176e-04 
 1.37000e+02  2.56696e-04 
 1.37500e+02  2.38048e-04 
 1.38000e+02  2.64096e-04 
 1.38500e+02  2.31816e-04 
 1.39000e+02  2.56760e-04 
 1.39500e+02  2.06280e-04 
 1.40000e+02  2.22376e-04 
 1.40500e+02  2.14008e-04 
 1.41000e+02  1.97592e-04 
 1.41500e+02  2.03416e-04 
 1.42000e+02  2.45032e-04 
 1.42500e+02  2.14944e-04 
 1.43000e+02  2.68808e-04 
 1.43500e+02  2.15784e-04 
 1.44000e+02  2.37232e-04 
 1.44500e+02  2.97832e-04 
 1.45000e+02  3.52752e-04 
 1.45500e+02  3.60376e-04 
 1.46000e+02  3.04880e-04 
 1.46500e+02  2.99704e-04 
 1.47000e+02  2.55104e-04 
 1.47500e+02  3.72448e-04 
 1.48000e+02  3.07240e-04 
 1.48500e+02  3.71544e-04 
 1.49000e+02  2.52128e-04 
 1.49500e+02  3.18568e-04 
 1.50000e+02  2.90104e-04 
 1.50500e+02  2.22488e-04 
 1.51000e+02  2.62936e-04 
 1.51500e+02  2.28904e-04 
 1.52000e+02  2.48968e-04 
 1.52500e+02  2.31216e-04 
 1.53000e+02  2.19216e-04 
 1.53500e+02  2.32936e-04 
 1.54000e+02  2.65080e-04 
 1.54500e+02  2.52288e-04 
 1.55000e+02  2.51864e-04 
 1.55500e+02  2.43920e-04 
 1.56000e+02  2.85760e-04 
 1.56500e+02  2.50448e-04 
 1.57000e+02  2.33600e-04 
 1.57500e+02  2.97616e-04 
 1.58000e+02  2.98368e-04 
 1.58500e+02  3.12240e-04 
 1.59000e+02  3.14528e-04 
 1.59500e+02  3.49848e-04 
 1.60000e+02  2.41328e-04 
 1.60500e+02  2.32480e-04 
 1.61000e+02  2.34352e-04 
 1.61500e+02  2.33640e-04 
 1.62000e+02  1.92552e-04 
 1.62500e+02  2.11408e-04 
 1.63000e+02  1.95368e-04 
 1.63500e+02  2.05520e-04 
 1.64000e+02  2.15360e-04 
 1.64500e+02  2.60280e-04 
 1.65000e+02  2.42848e-04 
 1.65500e+02  2.46872e-04 
 1.66000e+02  2.91424e-04 
 1.66500e+02  2.18152e-04 
 1.67000e+02  2.34632e-04 
 1.67500e+02  2.72448e-04 
 1.68000e+02  2.71736e-04 
 1.68500e+02  3.23800e-04 
 1.69000e+02  3.07328e-04 
 1.69500e+02  3.29968e-04 
 1.70000e+02  3.19424e-04 
 1.70500e+02  2.76584e-04 
 1.71000e+02  3.08992e-04 
 1.71500e+02  3.20856e-04 
 1.72000e+02  2.42008e-04 
 1.72500e+02  2.26656e-04 
 1.73000e+02  3.00088e-04 
 1.73500e+02  3.06264e-04 
 1.74000e+02  2.63152e-04 
 1.74500e+02  3.12584e-04 
 1.75000e+02  3.24680e-04 
 1.75500e+02  3.65624e-04 
 1.76000e+02  2.48312e-04 
 1.76500e+02  2.97152e-04 
 1.77000e+02  2.91568e-04 
 1.77500e+02  3.10992e-04 
 1.78000e+02  2.58432e-04 
 1.78500e+02  2.58112e-04 
 1.79000e+02  3.45104e-04 
 1.79500e+02  2.12744e-04 
 1.80000e+02  2.37384e-04 
 1.80500e+02  2.24224e-04 
 1.81000e+02  3.16736e-04 
 1.81500e+02  2.46416e-04 
 1.82000e+02  2.80504e-04 
 1.82500e+02  3.10440e-04 
 1.83000e+02  3.55648e-04 
 1.83500e+02  3.34048e-04 
 1.84000e+02  3.23424e-04 
 1.84500e+02  3.21336e-04 
 1.85000e+02  2.59120e-04 
 1.85500e+02  3.17224e-04 
 1.86000e+02  3.06176e-04 
 1.86500e+02  3.33368e-04 
 1.87000e+02  3.54064e-04 
 1.87500e+02  3.01056e-04 
 1.88000e+02  2.93704e-04 
 1.88500e+02  2.29904e-04 
 1.89000e+02  2.80472e-04 
 1.89500e+02  2.21280e-04 
 1.90000e+02  2.16592e-04 
 1.90500e+02  1.63816e-04 
 1.91000e+02  2.23960e-04 
 1.91500e+02  1.83520e-04 
 1.92000e+02  1.21496e-04 
 1.92500e+02  1.40160e-04 
 1.93000e+02  1.25312e-04 
 1.93500e+02  9.12400e-05 
 1.94000e+02  9.38640e-05 
 1.94500e+02  1.10208e-04 
 1.95000e+02  1.04152e-04 
 1.95500e+02  1.18136e-04 
 1.96000e+02  5.90000e-05 
 1.96500e+02  7.52000e-05 
 1.97000e+02  5.20400e-05 
 1.97500e+02  5.68160e-05 
 1.98000e+02  4.84880e-05 
 1.98500e+02  5.74560e-05 
 1.99000e+02  5.73840e-05 
 1.99500e+02  4.43200e-05 
 2.00000e+02  3.97680e-05 
 2.00500e+02  3.22800e-05 
 2.01000e+02  3.32480e-05 
 2.01500e+02  3.50560e-05 
 2.02000e+02  4.05040e-05 
 2.02500e+02  4.87520e-05 
 2.03000e+02  4.38320e-05 
 2.03500e+02  5.44240e-05 
 2.04000e+02  3.18800e-05 
 2.04500e+02  3.35440e-05 
 2.05000e+02  3.34000e-05 
 2.05500e+02  3.44240e-05 
 2.06000e+02  4.10480e-05 
 2.06500e+02  2.89840e-05 
 2.07000e+02  3.38320e-05 
 2.07500e+02  2.24080e-05 
 2.08000e+02  2.57920e-05 
 2.08500e+02  2.59520e-05 
 2.09000e+02  3.29920e-05 
 2.09500e+02  1.58400e-05 
 2.10000e+02  1.59360e-05 
 2.10500e+02  1.63600e-05 
 2.11000e+02  1.68720e-05 
 2.11500e+02  1.72080e-05 
 2.12000e+02  1.72560e-05 
 2.12500e+02  1.73680e-05 
 2.13000e+02  1.76160e-05 
 2.13500e+02  1.83920e-05 
 2.14000e+02  1.90720e-05 
 2.14500e+02  2.00480e-05 
 2.15000e+02  2.19120e-05 
 2.15500e+02  4.43600e-05 
 2.16000e+02  2.99280e-05 
 2.16500e+02  1.80240e-05 
 2.17000e+02  1.91360e-05 
 2.17500e+02  1.97040e-05 
 2.18000e+02  1.85280e-05 
 2.18500e+02  2.01680e-05 
 2.19000e+02  2.16560e-05 
 2.19500e+02  3.34560e-05 
 2.20000e+02  2.55920e-05 
 2.20500e+02  1.26640e-05 
 2.21000e+02  1.29360e-05 
 2.21500e+02  1.32720e-05 
 2.22000e+02  1.35040e-05 
 2.22500e+02  1.36640e-05 
 2.23000e+02  1.40960e-05 
 2.23500e+02  1.43760e-05 
 2.24000e+02  1.44880e-05 
 2.24500e+02  1.50000e-05 
 2.25000e+02  1.59680e-05 
 2.25500e+02  2.04320e-05 
 2.26000e+02  2.53120e-05 
 2.26500e+02  1.10880e-05 
 2.27000e+02  1.13680e-05 
 2.27500e+02  1.16000e-05 
 2.28000e+02  1.19280e-05 
 2.28500e+02  1.21040e-05 
 2.29000e+02  1.20320e-05 
 2.29500e+02  1.21840e-05 
 2.30000e+02  1.25840e-05 
 2.30500e+02  1.35200e-05 
 2.31000e+02  1.45360e-05 
 2.31500e+02  1.61600e-05 
 2.32000e+02  1.66720e-05 
 2.32500e+02  1.83600e-05 
 2.33000e+02  8.91200e-06 
 2.33500e+02  9.21600e-06 
 2.34000e+02  9.62400e-06 
 2.34500e+02  9.93600e-06 
 2.35000e+02  1.03200e-05 
 2.35500e+02  1.09760e-05 
 2.36000e+02  1.18560e-05 
 2.36500e+02  1.39440e-05 
 2.37000e+02  1.06800e-05 
 2.37500e+02  7.00000e-06 
 2.38000e+02  7.12000e-06 
 2.38500e+02  7.29600e-06 
 2.39000e+02  7.64800e-06 
 2.39500e+02  7.95200e-06 
 2.40000e+02  8.37600e-06 
 2.40500e+02  8.87200e-06 
 2.41000e+02  9.72800e-06 
 2.41500e+02  1.06160e-05 
 2.42000e+02  1.84720e-05 
 2.42500e+02  5.03200e-06 
 2.43000e+02  4.95200e-06 
 2.43500e+02  5.03200e-06 
 2.44000e+02  5.06400e-06 
 2.44500e+02  5.14400e-06 
 2.45000e+02  5.16800e-06 
 2.45500e+02  5.25600e-06 
 2.46000e+02  5.32000e-06 
 2.46500e+02  5.42400e-06 
 2.47000e+02  5.49600e-06 
 2.47500e+02  5.59200e-06 
 2.48000e+02  5.72800e-06 
 2.48500e+02  5.98400e-06 
 2.49000e+02  6.30400e-06 
 2.49500e+02  6.95200e-06 
 2.50000e+02  9.12000e-06 
 2.50500e+02  7.03200e-06 
 2.51000e+02  3.98400e-06 
 2.51500e+02  4.00800e-06 
 2.52000e+02  4.04800e-06 
 2.52500e+02  4.03200e-06 
 2.53000e+02  4.09600e-06 
 2.53500e+02  4.12800e-06 
 2.54000e+02  4.12800e-06 
 2.54500e+02  4.15200e-06 
 2.55000e+02  4.20800e-06 
 2.55500e+02  4.24000e-06 
 2.56000e+02  4.32000e-06 
 2.56500e+02  4.31200e-06 
 2.57000e+02  4.41600e-06 
 2.57500e+02  4.46400e-06 
 2.58000e+02  4.52000e-06 
 2.58500e+02  4.60000e-06 
 2.59000e+02  4.71200e-06 
 2.59500e+02  4.83200e-06 
 2.60000e+02  4.94400e-06 
 2.60500e+02  5.12000e-06 
 2.61000e+02  5.33600e-06 
 2.61500e+02  5.60000e-06 
 2.62000e+02  5.94400e-06 
 2.62500e+02  6.54400e-06 
 2.63000e+02  7.84800e-06 
 2.63500e+02  8.10400e-06 
 2.64000e+02  9.33600e-06 
 2.64500e+02  6.36000e-06 
 2.65000e+02  4.71200e-06 
 2.65500e+02  2.41600e-06 
 2.66000e+02  2.42400e-06 
 2.66500e+02  2.48000e-06 
 2.67000e+02  2.48000e-06 
 2.67500e+02  2.59200e-06 
 2.68000e+02  2.68000e-06 
 2.68500e+02  2.73600e-06 
 2.69000e+02  2.76800e-06 
 2.69500e+02  2.82400e-06 
 2.70000e+02  2.86400e-06 
 2.70500e+02  2.88000e-06 
 2.71000e+02  2.96800e-06 
 2.71500e+02  3.07200e-06 
 2.72000e+02  3.11200e-06 
 2.72500e+02  3.20800e-06 
 2.73000e+02  3.28800e-06 
 2.73500e+02  3.48000e-06 
 2.74000e+02  3.55200e-06 
 2.74500e+02  3.72000e-06 
 2.75000e+02  4.04800e-06 
 2.75500e+02  4.38400e-06 
 2.76000e+02  5.20800e-06 
 2.76500e+02  5.35200e-06 
 2.77000e+02  5.58400e-06 
 2.77500e+02  3.84800e-06 
 2.78000e+02  4.04000e-06 
 2.78500e+02  2.61600e-06 
 2.79000e+02  2.78400e-06 
 2.79500e+02  2.96800e-06 
 2.80000e+02  3.21600e-06 
 2.80500e+02  3.69600e-06 
 2.81000e+02  4.36800e-06 
 2.81500e+02  7.18400e-06 
 2.82000e+02  3.69600e-06 
 2.82500e+02  2.60000e-06 
 2.83000e+02  8.96000e-07 
 2.83500e+02  9.04000e-07 
 2.84000e+02  8.96000e-07 
 2.84500e+02  9.20000e-07 
 2.85000e+02  9.20000e-07 
 2.85500e+02  9.44000e-07 
 2.86000e+02  9.52000e-07 
 2.86500e+02  9.84000e-07 
 2.87000e+02  9.92000e-07 
 2.87500e+02  1.03200e-06 
 2.88000e+02  1.00800e-06 
 2.88500e+02  1.06400e-06 
 2.89000e+02  1.04000e-06 
 2.89500e+02  1.08000e-06 
 2.90000e+02  1.12800e-06 
 2.90500e+02  1.15200e-06 
 2.91000e+02  1.16800e-06 
 2.91500e+02  1.20800e-06 
 2.92000e+02  1.24800e-06 
 2.92500e+02  1.25600e-06 
 2.93000e+02  1.32800e-06 
 2.93500e+02  1.34400e-06 
 2.94000e+02  1.42400e-06 
 2.94500e+02  1.49600e-06 
 2.95000e+02  1.56000e-06 
 2.95500e+02  1.61600e-06 
 2.96000e+02  1.74400e-06 
 2.96500e+02  1.84800e-06 
 2.97000e+02  2.02400e-06 
 2.97500e+02  2.20800e-06 
 2.98000e+02  2.51200e-06 
 2.98500e+02  3.07200e-06 
 2.99000e+02  4.22400e-06 
 2.99500e+02  3.99200e-06 
 3.00000e+02  3.99200e-06 
 3.00500e+02  1.81600e-06 
 3.01000e+02  0.00000e+00 
 3.01500e+02  0.00000e+00 
 3.02000e+02  0.00000e+00 
 3.02500e+02  0.00000e+00 
 3.03000e+02  0.00000e+00 
 3.03500e+02  0.00000e+00 
 3.04000e+02  0.00000e+00 
 3.04500e+02  0.00000e+00 
 3.05000e+02  0.00000e+00 
 3.05500e+02  0.00000e+00 
 3.06000e+02  0.00000e+00 
 3.06500e+02  0.00000e+00 
 3.07000e+02  0.00000e+00 
 3.07500e+02  0.00000e+00 
 3.08000e+02  0.00000e+00 
 3.08500e+02  0.00000e+00 
 3.09000e+02  0.00000e+00 
 3.09500e+02  0.00000e+00 
 3.10000e+02  0.00000e+00 
 3.10500e+02  0.00000e+00 
 3.11000e+02  0.00000e+00 
 3.11500e+02  0.00000e+00 
 3.12000e+02  0.00000e+00 
 3.12500e+02  0.00000e+00 
 3.13000e+02  0.00000e+00 
 3.13500e+02  0.00000e+00 
 3.14000e+02  0.00000e+00 
 3.14500e+02  0.00000e+00 
 3.15000e+02  0.00000e+00 
 3.15500e+02  0.00000e+00 
 3.16000e+02  0.00000e+00 
 3.16500e+02  0.00000e+00 
 3.17000e+02  0.00000e+00 
 3.17500e+02  0.00000e+00 
 3.18000e+02  0.00000e+00 
 3.18500e+02  0.00000e+00 
 3.19000e+02  0.00000e+00 
 3.19500e+02  0.00000e+00 
