 0.00000e+00  0.00000e+00 
 5.00000e-01  0.00000e+00 
 1.00000e+00  0.00000e+00 
 1.50000e+00  0.00000e+00 
 2.00000e+00  0.00000e+00 
 2.50000e+00  0.00000e+00 
 3.00000e+00  0.00000e+00 
 3.50000e+00  0.00000e+00 
 4.00000e+00  0.00000e+00 
 4.50000e+00  0.00000e+00 
 5.00000e+00  0.00000e+00 
 5.50000e+00  0.00000e+00 
 6.00000e+00  0.00000e+00 
 6.50000e+00  0.00000e+00 
 7.00000e+00  0.00000e+00 
 7.50000e+00  0.00000e+00 
 8.00000e+00  0.00000e+00 
 8.50000e+00  0.00000e+00 
 9.00000e+00  0.00000e+00 
 9.50000e+00  0.00000e+00 
 1.00000e+01  0.00000e+00 
 1.05000e+01  0.00000e+00 
 1.10000e+01  0.00000e+00 
 1.15000e+01  0.00000e+00 
 1.20000e+01  0.00000e+00 
 1.25000e+01  0.00000e+00 
 1.30000e+01  0.00000e+00 
 1.35000e+01  0.00000e+00 
 1.40000e+01  0.00000e+00 
 1.45000e+01  0.00000e+00 
 1.50000e+01  0.00000e+00 
 1.55000e+01  0.00000e+00 
 1.60000e+01  0.00000e+00 
 1.65000e+01  0.00000e+00 
 1.70000e+01  0.00000e+00 
 1.75000e+01  0.00000e+00 
 1.80000e+01  1.32000e-06 
 1.85000e+01  2.66400e-06 
 1.90000e+01  4.17600e-06 
 1.95000e+01  3.11200e-06 
 2.00000e+01  2.37600e-06 
 2.05000e+01  2.02400e-06 
 2.10000e+01  1.70400e-06 
 2.15000e+01  1.56800e-06 
 2.20000e+01  1.48800e-06 
 2.25000e+01  1.40800e-06 
 2.30000e+01  1.28800e-06 
 2.35000e+01  1.21600e-06 
 2.40000e+01  1.15200e-06 
 2.45000e+01  1.12800e-06 
 2.50000e+01  1.08800e-06 
 2.55000e+01  1.07200e-06 
 2.60000e+01  9.84000e-07 
 2.65000e+01  9.84000e-07 
 2.70000e+01  9.60000e-07 
 2.75000e+01  9.04000e-07 
 2.80000e+01  9.04000e-07 
 2.85000e+01  8.88000e-07 
 2.90000e+01  8.72000e-07 
 2.95000e+01  8.48000e-07 
 3.00000e+01  8.40000e-07 
 3.05000e+01  8.16000e-07 
 3.10000e+01  7.84000e-07 
 3.15000e+01  7.76000e-07 
 3.20000e+01  7.68000e-07 
 3.25000e+01  7.52000e-07 
 3.30000e+01  7.60000e-07 
 3.35000e+01  7.36000e-07 
 3.40000e+01  7.36000e-07 
 3.45000e+01  7.20000e-07 
 3.50000e+01  6.96000e-07 
 3.55000e+01  7.04000e-07 
 3.60000e+01  6.96000e-07 
 3.65000e+01  6.72000e-07 
 3.70000e+01  6.80000e-07 
 3.75000e+01  6.56000e-07 
 3.80000e+01  6.72000e-07 
 3.85000e+01  6.64000e-07 
 3.90000e+01  6.48000e-07 
 3.95000e+01  6.48000e-07 
 4.00000e+01  2.73600e-06 
 4.05000e+01  5.31200e-06 
 4.10000e+01  5.60800e-06 
 4.15000e+01  8.68000e-06 
 4.20000e+01  6.92000e-06 
 4.25000e+01  6.48800e-06 
 4.30000e+01  5.26400e-06 
 4.35000e+01  4.69600e-06 
 4.40000e+01  4.28000e-06 
 4.45000e+01  4.04000e-06 
 4.50000e+01  3.76800e-06 
 4.55000e+01  3.44000e-06 
 4.60000e+01  3.28800e-06 
 4.65000e+01  3.13600e-06 
 4.70000e+01  3.04000e-06 
 4.75000e+01  2.95200e-06 
 4.80000e+01  2.88000e-06 
 4.85000e+01  2.77600e-06 
 4.90000e+01  2.75200e-06 
 4.95000e+01  2.68800e-06 
 5.00000e+01  2.64000e-06 
 5.05000e+01  2.60000e-06 
 5.10000e+01  2.52800e-06 
 5.15000e+01  2.48000e-06 
 5.20000e+01  2.46400e-06 
 5.25000e+01  2.47200e-06 
 5.30000e+01  2.38400e-06 
 5.35000e+01  2.36800e-06 
 5.40000e+01  2.32800e-06 
 5.45000e+01  2.31200e-06 
 5.50000e+01  2.28800e-06 
 5.55000e+01  3.96800e-06 
 5.60000e+01  5.49600e-06 
 5.65000e+01  9.11200e-06 
 5.70000e+01  6.82400e-06 
 5.75000e+01  5.64000e-06 
 5.80000e+01  8.92000e-06 
 5.85000e+01  6.76800e-06 
 5.90000e+01  6.28000e-06 
 5.95000e+01  5.81600e-06 
 6.00000e+01  5.59200e-06 
 6.05000e+01  5.36000e-06 
 6.10000e+01  5.20000e-06 
 6.15000e+01  5.08000e-06 
 6.20000e+01  4.92800e-06 
 6.25000e+01  4.85600e-06 
 6.30000e+01  4.72800e-06 
 6.35000e+01  4.82400e-06 
 6.40000e+01  4.72000e-06 
 6.45000e+01  4.67200e-06 
 6.50000e+01  4.60800e-06 
 6.55000e+01  4.60000e-06 
 6.60000e+01  4.51200e-06 
 6.65000e+01  4.46400e-06 
 6.70000e+01  4.46400e-06 
 6.75000e+01  4.45600e-06 
 6.80000e+01  4.38400e-06 
 6.85000e+01  4.38400e-06 
 6.90000e+01  4.34400e-06 
 6.95000e+01  4.31200e-06 
 7.00000e+01  4.30400e-06 
 7.05000e+01  4.30400e-06 
 7.10000e+01  4.26400e-06 
 7.15000e+01  4.22400e-06 
 7.20000e+01  4.25600e-06 
 7.25000e+01  4.21600e-06 
 7.30000e+01  4.20800e-06 
 7.35000e+01  4.18400e-06 
 7.40000e+01  4.21600e-06 
 7.45000e+01  4.14400e-06 
 7.50000e+01  4.16800e-06 
 7.55000e+01  4.16000e-06 
 7.60000e+01  4.12800e-06 
 7.65000e+01  4.14400e-06 
 7.70000e+01  4.13600e-06 
 7.75000e+01  4.11200e-06 
 7.80000e+01  4.09600e-06 
 7.85000e+01  4.11200e-06 
 7.90000e+01  4.08000e-06 
 7.95000e+01  4.06400e-06 
 8.00000e+01  4.09600e-06 
 8.05000e+01  4.08000e-06 
 8.10000e+01  4.06400e-06 
 8.15000e+01  4.04800e-06 
 8.20000e+01  4.07200e-06 
 8.25000e+01  4.04800e-06 
 8.30000e+01  4.03200e-06 
 8.35000e+01  4.06400e-06 
 8.40000e+01  4.03200e-06 
 8.45000e+01  4.06400e-06 
 8.50000e+01  4.04000e-06 
 8.55000e+01  4.01600e-06 
 8.60000e+01  4.05600e-06 
 8.65000e+01  3.98400e-06 
 8.70000e+01  4.04000e-06 
 8.75000e+01  3.99200e-06 
 8.80000e+01  4.02400e-06 
 8.85000e+01  3.99200e-06 
 8.90000e+01  4.02400e-06 
 8.95000e+01  4.00000e-06 
 9.00000e+01  4.04000e-06 
 9.05000e+01  3.97600e-06 
 9.10000e+01  4.04000e-06 
 9.15000e+01  3.98400e-06 
 9.20000e+01  3.97600e-06 
 9.25000e+01  4.00000e-06 
 9.30000e+01  3.98400e-06 
 9.35000e+01  4.02400e-06 
 9.40000e+01  3.95200e-06 
 9.45000e+01  4.01600e-06 
 9.50000e+01  3.95200e-06 
 9.55000e+01  3.98400e-06 
 9.60000e+01  3.98400e-06 
 9.65000e+01  3.96800e-06 
 9.70000e+01  1.75520e-05 
 9.75000e+01  1.28560e-05 
 9.80000e+01  1.01120e-05 
 9.85000e+01  1.84480e-05 
 9.90000e+01  2.14720e-05 
 9.95000e+01  2.43280e-05 
 1.00000e+02  1.45920e-05 
 1.00500e+02  1.36560e-05 
 1.01000e+02  1.29840e-05 
 1.01500e+02  1.16960e-05 
 1.02000e+02  1.07280e-05 
 1.02500e+02  1.00880e-05 
 1.03000e+02  9.62400e-06 
 1.03500e+02  9.43200e-06 
 1.04000e+02  9.44000e-06 
 1.04500e+02  9.75200e-06 
 1.05000e+02  9.66400e-06 
 1.05500e+02  9.32000e-06 
 1.06000e+02  3.00800e-05 
 1.06500e+02  2.38960e-05 
 1.07000e+02  2.32640e-05 
 1.07500e+02  3.16560e-05 
 1.08000e+02  3.45440e-05 
 1.08500e+02  2.82640e-05 
 1.09000e+02  2.16960e-05 
 1.09500e+02  1.96720e-05 
 1.10000e+02  1.88720e-05 
 1.10500e+02  1.78880e-05 
 1.11000e+02  1.74640e-05 
 1.11500e+02  1.73120e-05 
 1.12000e+02  1.86960e-05 
 1.12500e+02  1.58720e-05 
 1.13000e+02  2.69120e-05 
 1.13500e+02  3.70160e-05 
 1.14000e+02  2.13600e-05 
 1.14500e+02  1.76880e-05 
 1.15000e+02  6.67040e-05 
 1.15500e+02  6.02720e-05 
 1.16000e+02  3.94560e-05 
 1.16500e+02  2.91120e-05 
 1.17000e+02  4.28080e-05 
 1.17500e+02  3.86560e-05 
 1.18000e+02  4.46240e-05 
 1.18500e+02  4.23920e-05 
 1.19000e+02  3.98400e-05 
 1.19500e+02  4.25840e-05 
 1.20000e+02  6.50160e-05 
 1.20500e+02  4.86000e-05 
 1.21000e+02  4.60320e-05 
 1.21500e+02  5.49520e-05 
 1.22000e+02  9.13520e-05 
 1.22500e+02  8.20320e-05 
 1.23000e+02  7.91760e-05 
 1.23500e+02  7.51760e-05 
 1.24000e+02  7.02880e-05 
 1.24500e+02  8.12240e-05 
 1.25000e+02  7.79120e-05 
 1.25500e+02  7.49680e-05 
 1.26000e+02  5.98640e-05 
 1.26500e+02  9.47280e-05 
 1.27000e+02  8.50720e-05 
 1.27500e+02  1.06560e-04 
 1.28000e+02  8.30720e-05 
 1.28500e+02  8.01680e-05 
 1.29000e+02  1.17936e-04 
 1.29500e+02  1.70128e-04 
 1.30000e+02  2.13760e-04 
 1.30500e+02  2.03808e-04 
 1.31000e+02  2.35424e-04 
 1.31500e+02  1.85496e-04 
 1.32000e+02  1.81040e-04 
 1.32500e+02  1.87720e-04 
 1.33000e+02  1.53208e-04 
 1.33500e+02  1.59400e-04 
 1.34000e+02  1.55616e-04 
 1.34500e+02  1.40216e-04 
 1.35000e+02  1.44688e-04 
 1.35500e+02  1.67016e-04 
 1.36000e+02  1.42616e-04 
 1.36500e+02  1.53368e-04 
 1.37000e+02  1.50968e-04 
 1.37500e+02  2.19632e-04 
 1.38000e+02  1.81712e-04 
 1.38500e+02  1.65624e-04 
 1.39000e+02  1.49680e-04 
 1.39500e+02  1.64712e-04 
 1.40000e+02  2.44696e-04 
 1.40500e+02  2.79208e-04 
 1.41000e+02  2.67760e-04 
 1.41500e+02  3.14840e-04 
 1.42000e+02  3.30200e-04 
 1.42500e+02  3.94208e-04 
 1.43000e+02  3.35712e-04 
 1.43500e+02  3.60152e-04 
 1.44000e+02  2.58712e-04 
 1.44500e+02  2.11976e-04 
 1.45000e+02  2.62256e-04 
 1.45500e+02  3.08600e-04 
 1.46000e+02  2.80264e-04 
 1.46500e+02  2.91464e-04 
 1.47000e+02  3.22128e-04 
 1.47500e+02  2.60920e-04 
 1.48000e+02  2.33200e-04 
 1.48500e+02  2.61872e-04 
 1.49000e+02  2.70880e-04 
 1.49500e+02  2.35392e-04 
 1.50000e+02  3.14304e-04 
 1.50500e+02  3.14000e-04 
 1.51000e+02  3.95840e-04 
 1.51500e+02  4.97136e-04 
 1.52000e+02  2.99552e-04 
 1.52500e+02  2.31752e-04 
 1.53000e+02  2.46152e-04 
 1.53500e+02  2.95224e-04 
 1.54000e+02  3.40096e-04 
 1.54500e+02  3.13584e-04 
 1.55000e+02  3.93656e-04 
 1.55500e+02  3.01672e-04 
 1.56000e+02  2.20504e-04 
 1.56500e+02  2.33184e-04 
 1.57000e+02  2.48896e-04 
 1.57500e+02  2.47488e-04 
 1.58000e+02  2.27568e-04 
 1.58500e+02  2.63352e-04 
 1.59000e+02  2.57008e-04 
 1.59500e+02  2.63944e-04 
 1.60000e+02  2.68816e-04 
 1.60500e+02  2.26448e-04 
 1.61000e+02  2.34552e-04 
 1.61500e+02  2.23424e-04 
 1.62000e+02  2.07536e-04 
 1.62500e+02  2.07808e-04 
 1.63000e+02  2.81560e-04 
 1.63500e+02  3.24536e-04 
 1.64000e+02  2.52704e-04 
 1.64500e+02  2.80024e-04 
 1.65000e+02  2.75432e-04 
 1.65500e+02  2.72968e-04 
 1.66000e+02  2.33984e-04 
 1.66500e+02  2.61352e-04 
 1.67000e+02  2.66864e-04 
 1.67500e+02  2.70232e-04 
 1.68000e+02  2.39904e-04 
 1.68500e+02  2.20744e-04 
 1.69000e+02  2.20896e-04 
 1.69500e+02  2.56024e-04 
 1.70000e+02  2.61088e-04 
 1.70500e+02  4.20344e-04 
 1.71000e+02  4.11008e-04 
 1.71500e+02  4.00640e-04 
 1.72000e+02  3.03072e-04 
 1.72500e+02  3.53752e-04 
 1.73000e+02  2.75608e-04 
 1.73500e+02  2.66480e-04 
 1.74000e+02  2.90176e-04 
 1.74500e+02  2.76696e-04 
 1.75000e+02  3.30176e-04 
 1.75500e+02  3.23960e-04 
 1.76000e+02  3.46216e-04 
 1.76500e+02  3.45704e-04 
 1.77000e+02  4.76768e-04 
 1.77500e+02  4.54456e-04 
 1.78000e+02  3.76040e-04 
 1.78500e+02  2.82896e-04 
 1.79000e+02  2.40088e-04 
 1.79500e+02  2.20344e-04 
 1.80000e+02  2.24120e-04 
 1.80500e+02  2.80472e-04 
 1.81000e+02  2.38544e-04 
 1.81500e+02  2.95920e-04 
 1.82000e+02  2.54656e-04 
 1.82500e+02  2.53472e-04 
 1.83000e+02  2.23632e-04 
 1.83500e+02  2.93128e-04 
 1.84000e+02  2.41048e-04 
 1.84500e+02  2.20896e-04 
 1.85000e+02  2.42280e-04 
 1.85500e+02  3.08000e-04 
 1.86000e+02  2.98560e-04 
 1.86500e+02  2.07248e-04 
 1.87000e+02  2.53856e-04 
 1.87500e+02  2.15296e-04 
 1.88000e+02  2.40272e-04 
 1.88500e+02  1.93096e-04 
 1.89000e+02  2.64496e-04 
 1.89500e+02  2.60304e-04 
 1.90000e+02  2.25576e-04 
 1.90500e+02  1.81624e-04 
 1.91000e+02  1.99992e-04 
 1.91500e+02  2.09376e-04 
 1.92000e+02  1.76960e-04 
 1.92500e+02  1.29512e-04 
 1.93000e+02  1.52544e-04 
 1.93500e+02  1.16008e-04 
 1.94000e+02  1.50752e-04 
 1.94500e+02  1.52776e-04 
 1.95000e+02  1.06232e-04 
 1.95500e+02  1.09904e-04 
 1.96000e+02  1.36344e-04 
 1.96500e+02  1.13032e-04 
 1.97000e+02  1.50680e-04 
 1.97500e+02  1.26888e-04 
 1.98000e+02  1.08232e-04 
 1.98500e+02  8.79680e-05 
 1.99000e+02  9.12880e-05 
 1.99500e+02  8.31440e-05 
 2.00000e+02  7.10640e-05 
 2.00500e+02  7.33200e-05 
 2.01000e+02  5.92000e-05 
 2.01500e+02  5.66000e-05 
 2.02000e+02  4.53680e-05 
 2.02500e+02  4.94160e-05 
 2.03000e+02  5.05280e-05 
 2.03500e+02  4.89600e-05 
 2.04000e+02  5.60560e-05 
 2.04500e+02  7.78720e-05 
 2.05000e+02  6.95280e-05 
 2.05500e+02  3.41440e-05 
 2.06000e+02  3.98800e-05 
 2.06500e+02  3.79440e-05 
 2.07000e+02  3.14640e-05 
 2.07500e+02  4.65280e-05 
 2.08000e+02  3.51200e-05 
 2.08500e+02  2.38240e-05 
 2.09000e+02  2.39760e-05 
 2.09500e+02  2.85040e-05 
 2.10000e+02  2.98400e-05 
 2.10500e+02  3.10960e-05 
 2.11000e+02  3.63680e-05 
 2.11500e+02  3.42240e-05 
 2.12000e+02  2.83920e-05 
 2.12500e+02  2.43360e-05 
 2.13000e+02  1.77280e-05 
 2.13500e+02  1.80000e-05 
 2.14000e+02  1.95920e-05 
 2.14500e+02  2.17040e-05 
 2.15000e+02  5.13360e-05 
 2.15500e+02  2.10320e-05 
 2.16000e+02  2.21840e-05 
 2.16500e+02  2.72880e-05 
 2.17000e+02  1.55120e-05 
 2.17500e+02  1.83760e-05 
 2.18000e+02  2.76880e-05 
 2.18500e+02  2.60960e-05 
 2.19000e+02  1.03120e-05 
 2.19500e+02  1.06320e-05 
 2.20000e+02  1.02000e-05 
 2.20500e+02  8.79200e-06 
 2.21000e+02  8.66400e-06 
 2.21500e+02  8.72800e-06 
 2.22000e+02  8.91200e-06 
 2.22500e+02  9.34400e-06 
 2.23000e+02  1.00640e-05 
 2.23500e+02  1.04800e-05 
 2.24000e+02  1.09920e-05 
 2.24500e+02  1.27360e-05 
 2.25000e+02  1.74160e-05 
 2.25500e+02  1.41760e-05 
 2.26000e+02  1.82640e-05 
 2.26500e+02  2.39600e-05 
 2.27000e+02  1.05440e-05 
 2.27500e+02  1.76800e-05 
 2.28000e+02  3.65600e-06 
 2.28500e+02  3.69600e-06 
 2.29000e+02  3.72000e-06 
 2.29500e+02  3.70400e-06 
 2.30000e+02  3.69600e-06 
 2.30500e+02  3.71200e-06 
 2.31000e+02  3.71200e-06 
 2.31500e+02  3.71200e-06 
 2.32000e+02  3.72800e-06 
 2.32500e+02  3.72000e-06 
 2.33000e+02  3.70400e-06 
 2.33500e+02  3.76000e-06 
 2.34000e+02  3.68800e-06 
 2.34500e+02  3.76000e-06 
 2.35000e+02  3.73600e-06 
 2.35500e+02  3.77600e-06 
 2.36000e+02  3.72000e-06 
 2.36500e+02  3.74400e-06 
 2.37000e+02  3.77600e-06 
 2.37500e+02  3.74400e-06 
 2.38000e+02  3.78400e-06 
 2.38500e+02  3.75200e-06 
 2.39000e+02  3.80000e-06 
 2.39500e+02  3.76800e-06 
 2.40000e+02  3.80800e-06 
 2.40500e+02  3.79200e-06 
 2.41000e+02  3.78400e-06 
 2.41500e+02  3.77600e-06 
 2.42000e+02  3.81600e-06 
 2.42500e+02  3.82400e-06 
 2.43000e+02  3.81600e-06 
 2.43500e+02  3.82400e-06 
 2.44000e+02  3.81600e-06 
 2.44500e+02  3.85600e-06 
 2.45000e+02  3.84000e-06 
 2.45500e+02  3.88000e-06 
 2.46000e+02  3.89600e-06 
 2.46500e+02  3.88000e-06 
 2.47000e+02  3.89600e-06 
 2.47500e+02  3.92800e-06 
 2.48000e+02  3.89600e-06 
 2.48500e+02  3.95200e-06 
 2.49000e+02  3.95200e-06 
 2.49500e+02  4.00000e-06 
 2.50000e+02  3.97600e-06 
 2.50500e+02  3.99200e-06 
 2.51000e+02  4.04800e-06 
 2.51500e+02  4.03200e-06 
 2.52000e+02  4.04800e-06 
 2.52500e+02  4.12800e-06 
 2.53000e+02  4.12800e-06 
 2.53500e+02  4.17600e-06 
 2.54000e+02  4.26400e-06 
 2.54500e+02  4.24800e-06 
 2.55000e+02  4.28800e-06 
 2.55500e+02  4.38400e-06 
 2.56000e+02  4.40800e-06 
 2.56500e+02  4.48800e-06 
 2.57000e+02  4.55200e-06 
 2.57500e+02  4.68800e-06 
 2.58000e+02  4.76000e-06 
 2.58500e+02  4.91200e-06 
 2.59000e+02  5.02400e-06 
 2.59500e+02  5.25600e-06 
 2.60000e+02  5.44800e-06 
 2.60500e+02  5.84800e-06 
 2.61000e+02  6.24000e-06 
 2.61500e+02  7.12000e-06 
 2.62000e+02  9.80000e-06 
 2.62500e+02  8.83200e-06 
 2.63000e+02  7.52800e-06 
 2.63500e+02  3.72800e-06 
 2.64000e+02  2.30400e-06 
 2.64500e+02  2.31200e-06 
 2.65000e+02  2.33600e-06 
 2.65500e+02  2.36000e-06 
 2.66000e+02  2.36000e-06 
 2.66500e+02  2.42400e-06 
 2.67000e+02  2.44000e-06 
 2.67500e+02  2.47200e-06 
 2.68000e+02  2.50400e-06 
 2.68500e+02  2.58400e-06 
 2.69000e+02  2.60000e-06 
 2.69500e+02  2.63200e-06 
 2.70000e+02  2.71200e-06 
 2.70500e+02  2.75200e-06 
 2.71000e+02  2.83200e-06 
 2.71500e+02  2.86400e-06 
 2.72000e+02  2.98400e-06 
 2.72500e+02  3.06400e-06 
 2.73000e+02  3.16800e-06 
 2.73500e+02  3.29600e-06 
 2.74000e+02  3.41600e-06 
 2.74500e+02  3.64800e-06 
 2.75000e+02  3.89600e-06 
 2.75500e+02  4.14400e-06 
 2.76000e+02  4.60000e-06 
 2.76500e+02  5.40800e-06 
 2.77000e+02  7.07200e-06 
 2.77500e+02  6.08800e-06 
 2.78000e+02  5.20000e-06 
 2.78500e+02  4.84000e-06 
 2.79000e+02  4.41600e-06 
 2.79500e+02  8.00000e-07 
 2.80000e+02  8.00000e-07 
 2.80500e+02  8.32000e-07 
 2.81000e+02  8.08000e-07 
 2.81500e+02  8.48000e-07 
 2.82000e+02  8.32000e-07 
 2.82500e+02  8.48000e-07 
 2.83000e+02  8.40000e-07 
 2.83500e+02  8.56000e-07 
 2.84000e+02  8.80000e-07 
 2.84500e+02  8.64000e-07 
 2.85000e+02  8.88000e-07 
 2.85500e+02  9.28000e-07 
 2.86000e+02  9.12000e-07 
 2.86500e+02  9.44000e-07 
 2.87000e+02  9.68000e-07 
 2.87500e+02  9.44000e-07 
 2.88000e+02  9.76000e-07 
 2.88500e+02  9.76000e-07 
 2.89000e+02  1.00000e-06 
 2.89500e+02  1.01600e-06 
 2.90000e+02  1.05600e-06 
 2.90500e+02  1.09600e-06 
 2.91000e+02  1.08800e-06 
 2.91500e+02  1.12000e-06 
 2.92000e+02  1.16000e-06 
 2.92500e+02  1.16000e-06 
 2.93000e+02  1.20000e-06 
 2.93500e+02  1.24000e-06 
 2.94000e+02  1.28800e-06 
 2.94500e+02  1.35200e-06 
 2.95000e+02  1.38400e-06 
 2.95500e+02  1.42400e-06 
 2.96000e+02  1.48800e-06 
 2.96500e+02  1.59200e-06 
 2.97000e+02  1.66400e-06 
 2.97500e+02  1.80800e-06 
 2.98000e+02  1.90400e-06 
 2.98500e+02  2.09600e-06 
 2.99000e+02  2.36800e-06 
 2.99500e+02  2.76000e-06 
 3.00000e+02  3.49600e-06 
 3.00500e+02  5.21600e-06 
 3.01000e+02  2.30400e-06 
 3.01500e+02  2.22400e-06 
 3.02000e+02  2.15200e-06 
 3.02500e+02  0.00000e+00 
 3.03000e+02  0.00000e+00 
 3.03500e+02  0.00000e+00 
 3.04000e+02  0.00000e+00 
 3.04500e+02  0.00000e+00 
 3.05000e+02  0.00000e+00 
 3.05500e+02  0.00000e+00 
 3.06000e+02  0.00000e+00 
 3.06500e+02  0.00000e+00 
 3.07000e+02  0.00000e+00 
 3.07500e+02  0.00000e+00 
 3.08000e+02  0.00000e+00 
 3.08500e+02  0.00000e+00 
 3.09000e+02  0.00000e+00 
 3.09500e+02  0.00000e+00 
 3.10000e+02  0.00000e+00 
 3.10500e+02  0.00000e+00 
 3.11000e+02  0.00000e+00 
 3.11500e+02  0.00000e+00 
 3.12000e+02  0.00000e+00 
 3.12500e+02  0.00000e+00 
 3.13000e+02  0.00000e+00 
 3.13500e+02  0.00000e+00 
 3.14000e+02  0.00000e+00 
 3.14500e+02  0.00000e+00 
 3.15000e+02  0.00000e+00 
 3.15500e+02  0.00000e+00 
 3.16000e+02  0.00000e+00 
 3.16500e+02  0.00000e+00 
 3.17000e+02  0.00000e+00 
 3.17500e+02  0.00000e+00 
 3.18000e+02  0.00000e+00 
 3.18500e+02  0.00000e+00 
 3.19000e+02  0.00000e+00 
 3.19500e+02  0.00000e+00 
