 0.00000e+00  0.00000e+00 
 5.00000e-01  0.00000e+00 
 1.00000e+00  0.00000e+00 
 1.50000e+00  0.00000e+00 
 2.00000e+00  0.00000e+00 
 2.50000e+00  0.00000e+00 
 3.00000e+00  0.00000e+00 
 3.50000e+00  0.00000e+00 
 4.00000e+00  0.00000e+00 
 4.50000e+00  0.00000e+00 
 5.00000e+00  0.00000e+00 
 5.50000e+00  0.00000e+00 
 6.00000e+00  0.00000e+00 
 6.50000e+00  0.00000e+00 
 7.00000e+00  0.00000e+00 
 7.50000e+00  0.00000e+00 
 8.00000e+00  0.00000e+00 
 8.50000e+00  0.00000e+00 
 9.00000e+00  0.00000e+00 
 9.50000e+00  0.00000e+00 
 1.00000e+01  0.00000e+00 
 1.05000e+01  0.00000e+00 
 1.10000e+01  0.00000e+00 
 1.15000e+01  0.00000e+00 
 1.20000e+01  0.00000e+00 
 1.25000e+01  0.00000e+00 
 1.30000e+01  0.00000e+00 
 1.35000e+01  0.00000e+00 
 1.40000e+01  0.00000e+00 
 1.45000e+01  0.00000e+00 
 1.50000e+01  0.00000e+00 
 1.55000e+01  0.00000e+00 
 1.60000e+01  0.00000e+00 
 1.65000e+01  0.00000e+00 
 1.70000e+01  0.00000e+00 
 1.75000e+01  0.00000e+00 
 1.80000e+01  0.00000e+00 
 1.85000e+01  0.00000e+00 
 1.90000e+01  1.52800e-06 
 1.95000e+01  2.67200e-06 
 2.00000e+01  3.08000e-06 
 2.05000e+01  3.44000e-06 
 2.10000e+01  2.59200e-06 
 2.15000e+01  2.08800e-06 
 2.20000e+01  1.81600e-06 
 2.25000e+01  1.64800e-06 
 2.30000e+01  1.52800e-06 
 2.35000e+01  1.38400e-06 
 2.40000e+01  1.31200e-06 
 2.45000e+01  1.26400e-06 
 2.50000e+01  1.21600e-06 
 2.55000e+01  1.14400e-06 
 2.60000e+01  1.10400e-06 
 2.65000e+01  1.06400e-06 
 2.70000e+01  1.01600e-06 
 2.75000e+01  1.00000e-06 
 2.80000e+01  9.60000e-07 
 2.85000e+01  9.60000e-07 
 2.90000e+01  9.20000e-07 
 2.95000e+01  9.04000e-07 
 3.00000e+01  8.80000e-07 
 3.05000e+01  8.48000e-07 
 3.10000e+01  8.56000e-07 
 3.15000e+01  8.16000e-07 
 3.20000e+01  8.24000e-07 
 3.25000e+01  8.00000e-07 
 3.30000e+01  7.92000e-07 
 3.35000e+01  7.76000e-07 
 3.40000e+01  7.60000e-07 
 3.45000e+01  7.60000e-07 
 3.50000e+01  7.28000e-07 
 3.55000e+01  7.36000e-07 
 3.60000e+01  7.20000e-07 
 3.65000e+01  7.04000e-07 
 3.70000e+01  7.12000e-07 
 3.75000e+01  7.04000e-07 
 3.80000e+01  6.88000e-07 
 3.85000e+01  6.80000e-07 
 3.90000e+01  6.80000e-07 
 3.95000e+01  6.64000e-07 
 4.00000e+01  6.23200e-06 
 4.05000e+01  6.67200e-06 
 4.10000e+01  6.44800e-06 
 4.15000e+01  7.10400e-06 
 4.20000e+01  7.02400e-06 
 4.25000e+01  5.58400e-06 
 4.30000e+01  4.84000e-06 
 4.35000e+01  4.39200e-06 
 4.40000e+01  3.95200e-06 
 4.45000e+01  3.62400e-06 
 4.50000e+01  3.44000e-06 
 4.55000e+01  3.32000e-06 
 4.60000e+01  3.13600e-06 
 4.65000e+01  3.06400e-06 
 4.70000e+01  2.96000e-06 
 4.75000e+01  2.88000e-06 
 4.80000e+01  2.87200e-06 
 4.85000e+01  2.72800e-06 
 4.90000e+01  2.68000e-06 
 4.95000e+01  2.64000e-06 
 5.00000e+01  2.57600e-06 
 5.05000e+01  2.57600e-06 
 5.10000e+01  2.52800e-06 
 5.15000e+01  2.46400e-06 
 5.20000e+01  2.42400e-06 
 5.25000e+01  2.40000e-06 
 5.30000e+01  2.33600e-06 
 5.35000e+01  2.37600e-06 
 5.40000e+01  2.36000e-06 
 5.45000e+01  2.27200e-06 
 5.50000e+01  2.28000e-06 
 5.55000e+01  2.25600e-06 
 5.60000e+01  2.21600e-06 
 5.65000e+01  2.20800e-06 
 5.70000e+01  2.21600e-06 
 5.75000e+01  2.19200e-06 
 5.80000e+01  5.94400e-06 
 5.85000e+01  3.91200e-06 
 5.90000e+01  3.44800e-06 
 5.95000e+01  3.21600e-06 
 6.00000e+01  3.37600e-06 
 6.05000e+01  3.40800e-06 
 6.10000e+01  7.36000e-06 
 6.15000e+01  5.55200e-06 
 6.20000e+01  5.04800e-06 
 6.25000e+01  4.76000e-06 
 6.30000e+01  4.54400e-06 
 6.35000e+01  4.45600e-06 
 6.40000e+01  4.27200e-06 
 6.45000e+01  4.23200e-06 
 6.50000e+01  4.14400e-06 
 6.55000e+01  4.07200e-06 
 6.60000e+01  4.02400e-06 
 6.65000e+01  3.95200e-06 
 6.70000e+01  3.90400e-06 
 6.75000e+01  3.88000e-06 
 6.80000e+01  3.84000e-06 
 6.85000e+01  3.80800e-06 
 6.90000e+01  3.79200e-06 
 6.95000e+01  3.74400e-06 
 7.00000e+01  3.72800e-06 
 7.05000e+01  3.72000e-06 
 7.10000e+01  1.08320e-05 
 7.15000e+01  7.55200e-06 
 7.20000e+01  6.62400e-06 
 7.25000e+01  6.13600e-06 
 7.30000e+01  5.94400e-06 
 7.35000e+01  5.74400e-06 
 7.40000e+01  5.61600e-06 
 7.45000e+01  5.50400e-06 
 7.50000e+01  5.40000e-06 
 7.55000e+01  5.30400e-06 
 7.60000e+01  5.24000e-06 
 7.65000e+01  5.14400e-06 
 7.70000e+01  5.11200e-06 
 7.75000e+01  5.06400e-06 
 7.80000e+01  5.00000e-06 
 7.85000e+01  4.99200e-06 
 7.90000e+01  4.96000e-06 
 7.95000e+01  4.88000e-06 
 8.00000e+01  4.90400e-06 
 8.05000e+01  4.87200e-06 
 8.10000e+01  4.88800e-06 
 8.15000e+01  4.84000e-06 
 8.20000e+01  4.82400e-06 
 8.25000e+01  4.80800e-06 
 8.30000e+01  4.80000e-06 
 8.35000e+01  4.78400e-06 
 8.40000e+01  4.76800e-06 
 8.45000e+01  4.84800e-06 
 8.50000e+01  5.00800e-06 
 8.55000e+01  5.00800e-06 
 8.60000e+01  5.00000e-06 
 8.65000e+01  4.90400e-06 
 8.70000e+01  4.90400e-06 
 8.75000e+01  4.94400e-06 
 8.80000e+01  4.88000e-06 
 8.85000e+01  4.83200e-06 
 8.90000e+01  4.87200e-06 
 8.95000e+01  4.84800e-06 
 9.00000e+01  4.84000e-06 
 9.05000e+01  4.78400e-06 
 9.10000e+01  4.82400e-06 
 9.15000e+01  4.77600e-06 
 9.20000e+01  4.78400e-06 
 9.25000e+01  4.78400e-06 
 9.30000e+01  4.70400e-06 
 9.35000e+01  4.72000e-06 
 9.40000e+01  4.73600e-06 
 9.45000e+01  4.75200e-06 
 9.50000e+01  4.71200e-06 
 9.55000e+01  4.72800e-06 
 9.60000e+01  4.72800e-06 
 9.65000e+01  4.70400e-06 
 9.70000e+01  4.70400e-06 
 9.75000e+01  4.72000e-06 
 9.80000e+01  4.74400e-06 
 9.85000e+01  4.73600e-06 
 9.90000e+01  4.70400e-06 
 9.95000e+01  4.71200e-06 
 1.00000e+02  4.78400e-06 
 1.00500e+02  4.72000e-06 
 1.01000e+02  5.52000e-06 
 1.01500e+02  6.51200e-06 
 1.02000e+02  3.12560e-05 
 1.02500e+02  1.69440e-05 
 1.03000e+02  1.64960e-05 
 1.03500e+02  1.17040e-05 
 1.04000e+02  1.05040e-05 
 1.04500e+02  9.59200e-06 
 1.05000e+02  9.05600e-06 
 1.05500e+02  8.79200e-06 
 1.06000e+02  8.65600e-06 
 1.06500e+02  8.46400e-06 
 1.07000e+02  8.36000e-06 
 1.07500e+02  8.27200e-06 
 1.08000e+02  8.24800e-06 
 1.08500e+02  8.17600e-06 
 1.09000e+02  8.01600e-06 
 1.09500e+02  7.97600e-06 
 1.10000e+02  7.91200e-06 
 1.10500e+02  7.85600e-06 
 1.11000e+02  7.72800e-06 
 1.11500e+02  1.28400e-05 
 1.12000e+02  2.31360e-05 
 1.12500e+02  5.17920e-05 
 1.13000e+02  1.96720e-05 
 1.13500e+02  1.96560e-05 
 1.14000e+02  3.52480e-05 
 1.14500e+02  3.34000e-05 
 1.15000e+02  1.99760e-05 
 1.15500e+02  3.38560e-05 
 1.16000e+02  2.96880e-05 
 1.16500e+02  3.59520e-05 
 1.17000e+02  3.38640e-05 
 1.17500e+02  8.39200e-05 
 1.18000e+02  6.70240e-05 
 1.18500e+02  6.80960e-05 
 1.19000e+02  5.93600e-05 
 1.19500e+02  7.24560e-05 
 1.20000e+02  6.34320e-05 
 1.20500e+02  6.94640e-05 
 1.21000e+02  6.57520e-05 
 1.21500e+02  9.95760e-05 
 1.22000e+02  9.11680e-05 
 1.22500e+02  8.55680e-05 
 1.23000e+02  8.46000e-05 
 1.23500e+02  9.00720e-05 
 1.24000e+02  1.13488e-04 
 1.24500e+02  1.25680e-04 
 1.25000e+02  1.54048e-04 
 1.25500e+02  1.59568e-04 
 1.26000e+02  1.29096e-04 
 1.26500e+02  1.08520e-04 
 1.27000e+02  9.97680e-05 
 1.27500e+02  9.21680e-05 
 1.28000e+02  8.97440e-05 
 1.28500e+02  1.02368e-04 
 1.29000e+02  1.35920e-04 
 1.29500e+02  1.15552e-04 
 1.30000e+02  1.16624e-04 
 1.30500e+02  1.06848e-04 
 1.31000e+02  9.91360e-05 
 1.31500e+02  1.11176e-04 
 1.32000e+02  1.44080e-04 
 1.32500e+02  1.37616e-04 
 1.33000e+02  1.45056e-04 
 1.33500e+02  1.74776e-04 
 1.34000e+02  1.73992e-04 
 1.34500e+02  1.80992e-04 
 1.35000e+02  2.34256e-04 
 1.35500e+02  2.45456e-04 
 1.36000e+02  2.97824e-04 
 1.36500e+02  2.65664e-04 
 1.37000e+02  2.37800e-04 
 1.37500e+02  2.71920e-04 
 1.38000e+02  3.34232e-04 
 1.38500e+02  2.82728e-04 
 1.39000e+02  2.96128e-04 
 1.39500e+02  3.06864e-04 
 1.40000e+02  3.07520e-04 
 1.40500e+02  3.04720e-04 
 1.41000e+02  2.58808e-04 
 1.41500e+02  2.51320e-04 
 1.42000e+02  2.72360e-04 
 1.42500e+02  2.68568e-04 
 1.43000e+02  2.76624e-04 
 1.43500e+02  3.93400e-04 
 1.44000e+02  4.25736e-04 
 1.44500e+02  3.27352e-04 
 1.45000e+02  2.81200e-04 
 1.45500e+02  3.38176e-04 
 1.46000e+02  2.99128e-04 
 1.46500e+02  3.18200e-04 
 1.47000e+02  2.87488e-04 
 1.47500e+02  3.29200e-04 
 1.48000e+02  4.01432e-04 
 1.48500e+02  3.13296e-04 
 1.49000e+02  2.98208e-04 
 1.49500e+02  3.29624e-04 
 1.50000e+02  2.89568e-04 
 1.50500e+02  2.78496e-04 
 1.51000e+02  2.99672e-04 
 1.51500e+02  2.17584e-04 
 1.52000e+02  2.46944e-04 
 1.52500e+02  2.87312e-04 
 1.53000e+02  3.15872e-04 
 1.53500e+02  2.73984e-04 
 1.54000e+02  2.53712e-04 
 1.54500e+02  2.48200e-04 
 1.55000e+02  2.74640e-04 
 1.55500e+02  2.83240e-04 
 1.56000e+02  2.68608e-04 
 1.56500e+02  2.81896e-04 
 1.57000e+02  2.67624e-04 
 1.57500e+02  2.68072e-04 
 1.58000e+02  3.17152e-04 
 1.58500e+02  3.53600e-04 
 1.59000e+02  3.92312e-04 
 1.59500e+02  4.51000e-04 
 1.60000e+02  3.33160e-04 
 1.60500e+02  3.04256e-04 
 1.61000e+02  3.03088e-04 
 1.61500e+02  3.22760e-04 
 1.62000e+02  3.08112e-04 
 1.62500e+02  2.90784e-04 
 1.63000e+02  3.16392e-04 
 1.63500e+02  3.58384e-04 
 1.64000e+02  3.99528e-04 
 1.64500e+02  3.12328e-04 
 1.65000e+02  3.20384e-04 
 1.65500e+02  4.38168e-04 
 1.66000e+02  3.61840e-04 
 1.66500e+02  4.33808e-04 
 1.67000e+02  3.32080e-04 
 1.67500e+02  2.66424e-04 
 1.68000e+02  3.29960e-04 
 1.68500e+02  3.00168e-04 
 1.69000e+02  3.12712e-04 
 1.69500e+02  3.30744e-04 
 1.70000e+02  3.69960e-04 
 1.70500e+02  2.77536e-04 
 1.71000e+02  3.19080e-04 
 1.71500e+02  3.29328e-04 
 1.72000e+02  2.20880e-04 
 1.72500e+02  2.30280e-04 
 1.73000e+02  3.47568e-04 
 1.73500e+02  2.70616e-04 
 1.74000e+02  2.58208e-04 
 1.74500e+02  2.22304e-04 
 1.75000e+02  2.79672e-04 
 1.75500e+02  2.55912e-04 
 1.76000e+02  2.58624e-04 
 1.76500e+02  2.43008e-04 
 1.77000e+02  2.37920e-04 
 1.77500e+02  2.09392e-04 
 1.78000e+02  2.07272e-04 
 1.78500e+02  2.06448e-04 
 1.79000e+02  2.17320e-04 
 1.79500e+02  2.53256e-04 
 1.80000e+02  2.88832e-04 
 1.80500e+02  2.48136e-04 
 1.81000e+02  2.67160e-04 
 1.81500e+02  2.18872e-04 
 1.82000e+02  2.81632e-04 
 1.82500e+02  3.21144e-04 
 1.83000e+02  3.46624e-04 
 1.83500e+02  2.82888e-04 
 1.84000e+02  2.11424e-04 
 1.84500e+02  2.11656e-04 
 1.85000e+02  2.10448e-04 
 1.85500e+02  1.94688e-04 
 1.86000e+02  2.39872e-04 
 1.86500e+02  2.00592e-04 
 1.87000e+02  1.88432e-04 
 1.87500e+02  1.43936e-04 
 1.88000e+02  1.43248e-04 
 1.88500e+02  1.77912e-04 
 1.89000e+02  1.80992e-04 
 1.89500e+02  1.46552e-04 
 1.90000e+02  2.30992e-04 
 1.90500e+02  1.25912e-04 
 1.91000e+02  1.62912e-04 
 1.91500e+02  1.60552e-04 
 1.92000e+02  1.12936e-04 
 1.92500e+02  1.11696e-04 
 1.93000e+02  9.54160e-05 
 1.93500e+02  1.04272e-04 
 1.94000e+02  1.18952e-04 
 1.94500e+02  1.27128e-04 
 1.95000e+02  1.03312e-04 
 1.95500e+02  8.67120e-05 
 1.96000e+02  6.65680e-05 
 1.96500e+02  8.44480e-05 
 1.97000e+02  8.53040e-05 
 1.97500e+02  9.99040e-05 
 1.98000e+02  8.52160e-05 
 1.98500e+02  3.83600e-05 
 1.99000e+02  3.91280e-05 
 1.99500e+02  2.82880e-05 
 2.00000e+02  3.52480e-05 
 2.00500e+02  2.15200e-05 
 2.01000e+02  3.10480e-05 
 2.01500e+02  3.38960e-05 
 2.02000e+02  6.07200e-05 
 2.02500e+02  7.61040e-05 
 2.03000e+02  5.55520e-05 
 2.03500e+02  3.50240e-05 
 2.04000e+02  2.25520e-05 
 2.04500e+02  2.62320e-05 
 2.05000e+02  2.72160e-05 
 2.05500e+02  2.09120e-05 
 2.06000e+02  1.67920e-05 
 2.06500e+02  1.76080e-05 
 2.07000e+02  1.81600e-05 
 2.07500e+02  1.78480e-05 
 2.08000e+02  1.75440e-05 
 2.08500e+02  2.32320e-05 
 2.09000e+02  2.98960e-05 
 2.09500e+02  2.17040e-05 
 2.10000e+02  1.88960e-05 
 2.10500e+02  1.84080e-05 
 2.11000e+02  1.97440e-05 
 2.11500e+02  1.92160e-05 
 2.12000e+02  2.06160e-05 
 2.12500e+02  2.18240e-05 
 2.13000e+02  2.35040e-05 
 2.13500e+02  2.35360e-05 
 2.14000e+02  1.62720e-05 
 2.14500e+02  1.85040e-05 
 2.15000e+02  3.63200e-05 
 2.15500e+02  2.34080e-05 
 2.16000e+02  7.38400e-06 
 2.16500e+02  7.44000e-06 
 2.17000e+02  7.10400e-06 
 2.17500e+02  6.94400e-06 
 2.18000e+02  6.91200e-06 
 2.18500e+02  6.95200e-06 
 2.19000e+02  6.95200e-06 
 2.19500e+02  6.96000e-06 
 2.20000e+02  7.05600e-06 
 2.20500e+02  7.07200e-06 
 2.21000e+02  7.04800e-06 
 2.21500e+02  7.04800e-06 
 2.22000e+02  7.06400e-06 
 2.22500e+02  7.16800e-06 
 2.23000e+02  7.31200e-06 
 2.23500e+02  7.36000e-06 
 2.24000e+02  7.51200e-06 
 2.24500e+02  7.25600e-06 
 2.25000e+02  7.29600e-06 
 2.25500e+02  7.50400e-06 
 2.26000e+02  7.56000e-06 
 2.26500e+02  7.72000e-06 
 2.27000e+02  7.89600e-06 
 2.27500e+02  1.12800e-05 
 2.28000e+02  1.27280e-05 
 2.28500e+02  1.54160e-05 
 2.29000e+02  9.93600e-06 
 2.29500e+02  6.12800e-06 
 2.30000e+02  6.14400e-06 
 2.30500e+02  6.14400e-06 
 2.31000e+02  6.20000e-06 
 2.31500e+02  6.29600e-06 
 2.32000e+02  6.52800e-06 
 2.32500e+02  6.65600e-06 
 2.33000e+02  6.58400e-06 
 2.33500e+02  6.65600e-06 
 2.34000e+02  6.72000e-06 
 2.34500e+02  6.85600e-06 
 2.35000e+02  6.93600e-06 
 2.35500e+02  7.05600e-06 
 2.36000e+02  7.54400e-06 
 2.36500e+02  8.00000e-06 
 2.37000e+02  8.44800e-06 
 2.37500e+02  9.25600e-06 
 2.38000e+02  1.15040e-05 
 2.38500e+02  1.92240e-05 
 2.39000e+02  4.02400e-06 
 2.39500e+02  4.00800e-06 
 2.40000e+02  4.04800e-06 
 2.40500e+02  4.04000e-06 
 2.41000e+02  4.02400e-06 
 2.41500e+02  4.08800e-06 
 2.42000e+02  4.05600e-06 
 2.42500e+02  4.09600e-06 
 2.43000e+02  4.10400e-06 
 2.43500e+02  4.08000e-06 
 2.44000e+02  4.08800e-06 
 2.44500e+02  4.12000e-06 
 2.45000e+02  4.12800e-06 
 2.45500e+02  4.16000e-06 
 2.46000e+02  4.13600e-06 
 2.46500e+02  4.18400e-06 
 2.47000e+02  4.20800e-06 
 2.47500e+02  4.20800e-06 
 2.48000e+02  4.22400e-06 
 2.48500e+02  4.24000e-06 
 2.49000e+02  4.27200e-06 
 2.49500e+02  4.32000e-06 
 2.50000e+02  4.28000e-06 
 2.50500e+02  4.37600e-06 
 2.51000e+02  4.40800e-06 
 2.51500e+02  4.39200e-06 
 2.52000e+02  4.48800e-06 
 2.52500e+02  4.49600e-06 
 2.53000e+02  4.54400e-06 
 2.53500e+02  4.62400e-06 
 2.54000e+02  4.67200e-06 
 2.54500e+02  4.75200e-06 
 2.55000e+02  4.80800e-06 
 2.55500e+02  4.92000e-06 
 2.56000e+02  5.04800e-06 
 2.56500e+02  5.12000e-06 
 2.57000e+02  5.35200e-06 
 2.57500e+02  5.51200e-06 
 2.58000e+02  5.81600e-06 
 2.58500e+02  6.24000e-06 
 2.59000e+02  6.92800e-06 
 2.59500e+02  9.30400e-06 
 2.60000e+02  6.96000e-06 
 2.60500e+02  7.84800e-06 
 2.61000e+02  4.94400e-06 
 2.61500e+02  5.97600e-06 
 2.62000e+02  7.16000e-06 
 2.62500e+02  4.32000e-06 
 2.63000e+02  2.25600e-06 
 2.63500e+02  2.24800e-06 
 2.64000e+02  2.25600e-06 
 2.64500e+02  2.32800e-06 
 2.65000e+02  2.29600e-06 
 2.65500e+02  2.32800e-06 
 2.66000e+02  2.36000e-06 
 2.66500e+02  2.38400e-06 
 2.67000e+02  2.42400e-06 
 2.67500e+02  2.46400e-06 
 2.68000e+02  2.47200e-06 
 2.68500e+02  2.52000e-06 
 2.69000e+02  2.55200e-06 
 2.69500e+02  2.58400e-06 
 2.70000e+02  2.68000e-06 
 2.70500e+02  2.72800e-06 
 2.71000e+02  2.72800e-06 
 2.71500e+02  2.80800e-06 
 2.72000e+02  2.90400e-06 
 2.72500e+02  3.03200e-06 
 2.73000e+02  3.06400e-06 
 2.73500e+02  3.12000e-06 
 2.74000e+02  3.32800e-06 
 2.74500e+02  3.48000e-06 
 2.75000e+02  3.64000e-06 
 2.75500e+02  3.84800e-06 
 2.76000e+02  4.24000e-06 
 2.76500e+02  4.78400e-06 
 2.77000e+02  6.20000e-06 
 2.77500e+02  4.67200e-06 
 2.78000e+02  6.61600e-06 
 2.78500e+02  5.37600e-06 
 2.79000e+02  4.96000e-06 
 2.79500e+02  5.18400e-06 
 2.80000e+02  8.40000e-07 
 2.80500e+02  8.24000e-07 
 2.81000e+02  8.80000e-07 
 2.81500e+02  8.56000e-07 
 2.82000e+02  8.56000e-07 
 2.82500e+02  8.80000e-07 
 2.83000e+02  9.12000e-07 
 2.83500e+02  8.96000e-07 
 2.84000e+02  9.12000e-07 
 2.84500e+02  9.04000e-07 
 2.85000e+02  9.44000e-07 
 2.85500e+02  9.44000e-07 
 2.86000e+02  9.68000e-07 
 2.86500e+02  9.92000e-07 
 2.87000e+02  9.92000e-07 
 2.87500e+02  1.01600e-06 
 2.88000e+02  1.04000e-06 
 2.88500e+02  1.04800e-06 
 2.89000e+02  1.06400e-06 
 2.89500e+02  1.09600e-06 
 2.90000e+02  1.12000e-06 
 2.90500e+02  1.15200e-06 
 2.91000e+02  1.18400e-06 
 2.91500e+02  1.20800e-06 
 2.92000e+02  1.25600e-06 
 2.92500e+02  1.27200e-06 
 2.93000e+02  1.31200e-06 
 2.93500e+02  1.37600e-06 
 2.94000e+02  1.44800e-06 
 2.94500e+02  1.49600e-06 
 2.95000e+02  1.58400e-06 
 2.95500e+02  1.65600e-06 
 2.96000e+02  1.73600e-06 
 2.96500e+02  1.87200e-06 
 2.97000e+02  2.08800e-06 
 2.97500e+02  2.28800e-06 
 2.98000e+02  2.56000e-06 
 2.98500e+02  3.15200e-06 
 2.99000e+02  4.44800e-06 
 2.99500e+02  5.28000e-06 
 3.00000e+02  2.28800e-06 
 3.00500e+02  1.12000e-06 
 3.01000e+02  0.00000e+00 
 3.01500e+02  0.00000e+00 
 3.02000e+02  0.00000e+00 
 3.02500e+02  0.00000e+00 
 3.03000e+02  0.00000e+00 
 3.03500e+02  0.00000e+00 
 3.04000e+02  0.00000e+00 
 3.04500e+02  0.00000e+00 
 3.05000e+02  0.00000e+00 
 3.05500e+02  0.00000e+00 
 3.06000e+02  0.00000e+00 
 3.06500e+02  0.00000e+00 
 3.07000e+02  0.00000e+00 
 3.07500e+02  0.00000e+00 
 3.08000e+02  0.00000e+00 
 3.08500e+02  0.00000e+00 
 3.09000e+02  0.00000e+00 
 3.09500e+02  0.00000e+00 
 3.10000e+02  0.00000e+00 
 3.10500e+02  0.00000e+00 
 3.11000e+02  0.00000e+00 
 3.11500e+02  0.00000e+00 
 3.12000e+02  0.00000e+00 
 3.12500e+02  0.00000e+00 
 3.13000e+02  0.00000e+00 
 3.13500e+02  0.00000e+00 
 3.14000e+02  0.00000e+00 
 3.14500e+02  0.00000e+00 
 3.15000e+02  0.00000e+00 
 3.15500e+02  0.00000e+00 
 3.16000e+02  0.00000e+00 
 3.16500e+02  0.00000e+00 
 3.17000e+02  0.00000e+00 
 3.17500e+02  0.00000e+00 
 3.18000e+02  0.00000e+00 
 3.18500e+02  0.00000e+00 
 3.19000e+02  0.00000e+00 
 3.19500e+02  0.00000e+00 
