 0.00000e+00  0.00000e+00 
 5.00000e-01  0.00000e+00 
 1.00000e+00  0.00000e+00 
 1.50000e+00  0.00000e+00 
 2.00000e+00  0.00000e+00 
 2.50000e+00  0.00000e+00 
 3.00000e+00  0.00000e+00 
 3.50000e+00  0.00000e+00 
 4.00000e+00  0.00000e+00 
 4.50000e+00  0.00000e+00 
 5.00000e+00  0.00000e+00 
 5.50000e+00  0.00000e+00 
 6.00000e+00  0.00000e+00 
 6.50000e+00  0.00000e+00 
 7.00000e+00  0.00000e+00 
 7.50000e+00  0.00000e+00 
 8.00000e+00  0.00000e+00 
 8.50000e+00  0.00000e+00 
 9.00000e+00  0.00000e+00 
 9.50000e+00  0.00000e+00 
 1.00000e+01  0.00000e+00 
 1.05000e+01  0.00000e+00 
 1.10000e+01  0.00000e+00 
 1.15000e+01  0.00000e+00 
 1.20000e+01  0.00000e+00 
 1.25000e+01  0.00000e+00 
 1.30000e+01  0.00000e+00 
 1.35000e+01  0.00000e+00 
 1.40000e+01  0.00000e+00 
 1.45000e+01  2.99989e-06 
 1.50000e+01  2.94389e-06 
 1.55000e+01  2.24791e-06 
 1.60000e+01  3.57586e-06 
 1.65000e+01  3.65586e-06 
 1.70000e+01  2.77589e-06 
 1.75000e+01  2.20792e-06 
 1.80000e+01  1.99992e-06 
 1.85000e+01  1.89593e-06 
 1.90000e+01  1.73593e-06 
 1.95000e+01  1.59194e-06 
 2.00000e+01  1.49594e-06 
 2.05000e+01  1.43195e-06 
 2.10000e+01  1.41595e-06 
 2.15000e+01  1.34395e-06 
 2.20000e+01  1.27195e-06 
 2.25000e+01  1.23995e-06 
 2.30000e+01  1.18396e-06 
 2.35000e+01  1.17596e-06 
 2.40000e+01  1.12796e-06 
 2.45000e+01  1.08796e-06 
 2.50000e+01  1.10396e-06 
 2.55000e+01  1.04796e-06 
 2.60000e+01  1.03196e-06 
 2.65000e+01  1.00796e-06 
 2.70000e+01  9.83963e-07 
 2.75000e+01  9.59964e-07 
 2.80000e+01  9.67963e-07 
 2.85000e+01  9.27965e-07 
 2.90000e+01  9.19965e-07 
 2.95000e+01  9.19965e-07 
 3.00000e+01  8.95966e-07 
 3.05000e+01  8.79967e-07 
 3.10000e+01  8.79967e-07 
 3.15000e+01  8.39968e-07 
 3.20000e+01  8.55967e-07 
 3.25000e+01  8.47968e-07 
 3.30000e+01  8.15969e-07 
 3.35000e+01  8.23969e-07 
 3.40000e+01  8.07969e-07 
 3.45000e+01  8.15969e-07 
 3.50000e+01  7.83970e-07 
 3.55000e+01  7.83970e-07 
 3.60000e+01  7.91970e-07 
 3.65000e+01  1.69594e-06 
 3.70000e+01  2.29591e-06 
 3.75000e+01  4.83182e-06 
 3.80000e+01  3.91185e-06 
 3.85000e+01  3.14388e-06 
 3.90000e+01  4.20784e-06 
 3.95000e+01  3.74386e-06 
 4.00000e+01  3.18388e-06 
 4.05000e+01  2.78389e-06 
 4.10000e+01  2.64790e-06 
 4.15000e+01  2.53590e-06 
 4.20000e+01  2.38391e-06 
 4.25000e+01  2.29591e-06 
 4.30000e+01  2.19992e-06 
 4.35000e+01  2.14392e-06 
 4.40000e+01  1.94393e-06 
 4.45000e+01  1.87193e-06 
 4.50000e+01  2.50390e-06 
 4.55000e+01  6.54375e-06 
 4.60000e+01  3.96785e-06 
 4.65000e+01  5.95977e-06 
 4.70000e+01  4.36783e-06 
 4.75000e+01  3.88785e-06 
 4.80000e+01  3.59186e-06 
 4.85000e+01  3.34387e-06 
 4.90000e+01  3.25588e-06 
 4.95000e+01  3.11988e-06 
 5.00000e+01  3.02389e-06 
 5.05000e+01  2.91189e-06 
 5.10000e+01  2.85589e-06 
 5.15000e+01  2.81589e-06 
 5.20000e+01  2.73590e-06 
 5.25000e+01  2.67990e-06 
 5.30000e+01  2.62390e-06 
 5.35000e+01  2.60790e-06 
 5.40000e+01  2.54390e-06 
 5.45000e+01  2.56790e-06 
 5.50000e+01  2.49591e-06 
 5.55000e+01  2.48791e-06 
 5.60000e+01  2.40791e-06 
 5.65000e+01  2.43191e-06 
 5.70000e+01  3.14388e-06 
 5.75000e+01  5.45579e-06 
 5.80000e+01  9.52764e-06 
 5.85000e+01  1.16716e-05 
 5.90000e+01  7.94370e-06 
 5.95000e+01  6.83974e-06 
 6.00000e+01  6.29576e-06 
 6.05000e+01  5.87178e-06 
 6.10000e+01  5.57579e-06 
 6.15000e+01  5.32780e-06 
 6.20000e+01  5.18380e-06 
 6.25000e+01  5.04781e-06 
 6.30000e+01  4.91981e-06 
 6.35000e+01  4.81582e-06 
 6.40000e+01  4.72782e-06 
 6.45000e+01  4.63182e-06 
 6.50000e+01  1.01356e-05 
 6.55000e+01  7.02373e-06 
 6.60000e+01  6.31176e-06 
 6.65000e+01  6.01577e-06 
 6.70000e+01  5.81578e-06 
 6.75000e+01  5.62379e-06 
 6.80000e+01  5.52779e-06 
 6.85000e+01  5.44779e-06 
 6.90000e+01  5.35180e-06 
 6.95000e+01  5.24780e-06 
 7.00000e+01  5.19980e-06 
 7.05000e+01  5.15180e-06 
 7.10000e+01  5.07981e-06 
 7.15000e+01  5.05581e-06 
 7.20000e+01  5.00781e-06 
 7.25000e+01  4.96781e-06 
 7.30000e+01  4.95981e-06 
 7.35000e+01  4.91181e-06 
 7.40000e+01  4.91981e-06 
 7.45000e+01  4.83182e-06 
 7.50000e+01  4.87981e-06 
 7.55000e+01  4.83182e-06 
 7.60000e+01  1.59274e-05 
 7.65000e+01  9.93562e-06 
 7.70000e+01  8.55967e-06 
 7.75000e+01  7.91170e-06 
 7.80000e+01  7.52771e-06 
 7.85000e+01  7.27172e-06 
 7.90000e+01  7.07973e-06 
 7.95000e+01  6.95174e-06 
 8.00000e+01  6.83174e-06 
 8.05000e+01  6.75174e-06 
 8.10000e+01  6.57575e-06 
 8.15000e+01  6.58375e-06 
 8.20000e+01  6.46375e-06 
 8.25000e+01  6.46375e-06 
 8.30000e+01  6.43176e-06 
 8.35000e+01  6.43176e-06 
 8.40000e+01  6.33576e-06 
 8.45000e+01  6.33576e-06 
 8.50000e+01  6.23176e-06 
 8.55000e+01  6.21576e-06 
 8.60000e+01  6.18377e-06 
 8.65000e+01  6.09577e-06 
 8.70000e+01  6.14377e-06 
 8.75000e+01  6.07977e-06 
 8.80000e+01  6.02377e-06 
 8.85000e+01  1.89913e-05 
 8.90000e+01  1.13676e-05 
 8.95000e+01  1.01676e-05 
 9.00000e+01  9.49564e-06 
 9.05000e+01  9.27965e-06 
 9.10000e+01  9.23965e-06 
 9.15000e+01  9.11165e-06 
 9.20000e+01  8.89566e-06 
 9.25000e+01  8.43968e-06 
 9.30000e+01  7.91170e-06 
 9.35000e+01  7.62371e-06 
 9.40000e+01  7.52771e-06 
 9.45000e+01  7.40772e-06 
 9.50000e+01  7.30372e-06 
 9.55000e+01  1.41195e-05 
 9.60000e+01  2.86709e-05 
 9.65000e+01  2.25111e-05 
 9.70000e+01  1.88793e-05 
 9.75000e+01  1.79193e-05 
 9.80000e+01  1.69434e-05 
 9.85000e+01  1.64634e-05 
 9.90000e+01  1.57994e-05 
 9.95000e+01  1.54074e-05 
 1.00000e+02  1.53194e-05 
 1.00500e+02  1.49274e-05 
 1.01000e+02  1.36555e-05 
 1.01500e+02  1.27675e-05 
 1.02000e+02  1.24875e-05 
 1.02500e+02  1.24715e-05 
 1.03000e+02  1.24635e-05 
 1.03500e+02  1.24075e-05 
 1.04000e+02  1.23275e-05 
 1.04500e+02  1.22795e-05 
 1.05000e+02  1.21915e-05 
 1.05500e+02  1.21275e-05 
 1.06000e+02  1.20075e-05 
 1.06500e+02  3.19748e-05 
 1.07000e+02  1.74313e-05 
 1.07500e+02  1.65594e-05 
 1.08000e+02  1.69834e-05 
 1.08500e+02  1.65754e-05 
 1.09000e+02  1.62554e-05 
 1.09500e+02  1.63354e-05 
 1.10000e+02  1.64954e-05 
 1.10500e+02  3.84465e-05 
 1.11000e+02  3.53827e-05 
 1.11500e+02  5.20540e-05 
 1.12000e+02  3.13588e-05 
 1.12500e+02  4.00545e-05 
 1.13000e+02  2.88869e-05 
 1.13500e+02  2.89669e-05 
 1.14000e+02  3.24228e-05 
 1.14500e+02  2.83189e-05 
 1.15000e+02  2.45911e-05 
 1.15500e+02  2.33511e-05 
 1.16000e+02  2.28871e-05 
 1.16500e+02  4.85902e-05 
 1.17000e+02  4.24384e-05 
 1.17500e+02  8.13809e-05 
 1.18000e+02  5.88058e-05 
 1.18500e+02  4.34303e-05 
 1.19000e+02  5.04701e-05 
 1.19500e+02  5.12301e-05 
 1.20000e+02  5.25580e-05 
 1.20500e+02  5.74858e-05 
 1.21000e+02  5.76138e-05 
 1.21500e+02  5.48939e-05 
 1.22000e+02  6.40136e-05 
 1.22500e+02  9.27645e-05 
 1.23000e+02  7.59811e-05 
 1.23500e+02  1.08564e-04 
 1.24000e+02  1.14156e-04 
 1.24500e+02  8.01730e-05 
 1.25000e+02  1.17252e-04 
 1.25500e+02  9.63723e-05 
 1.26000e+02  1.20163e-04 
 1.26500e+02  7.47012e-05 
 1.27000e+02  1.16164e-04 
 1.27500e+02  1.48954e-04 
 1.28000e+02  1.77633e-04 
 1.28500e+02  1.76009e-04 
 1.29000e+02  2.16816e-04 
 1.29500e+02  2.20320e-04 
 1.30000e+02  2.30991e-04 
 1.30500e+02  1.70418e-04 
 1.31000e+02  2.01432e-04 
 1.31500e+02  1.61090e-04 
 1.32000e+02  1.81545e-04 
 1.32500e+02  1.52914e-04 
 1.33000e+02  1.52898e-04 
 1.33500e+02  1.86545e-04 
 1.34000e+02  1.60066e-04 
 1.34500e+02  1.93297e-04 
 1.35000e+02  2.02880e-04 
 1.35500e+02  2.24463e-04 
 1.36000e+02  2.84181e-04 
 1.36500e+02  1.81377e-04 
 1.37000e+02  1.68498e-04 
 1.37500e+02  1.61722e-04 
 1.38000e+02  1.87193e-04 
 1.38500e+02  2.02424e-04 
 1.39000e+02  2.15064e-04 
 1.39500e+02  2.34551e-04 
 1.40000e+02  2.80333e-04 
 1.40500e+02  2.14792e-04 
 1.41000e+02  1.74881e-04 
 1.41500e+02  1.92841e-04 
 1.42000e+02  2.36991e-04 
 1.42500e+02  3.54227e-04 
 1.43000e+02  2.86365e-04 
 1.43500e+02  2.34879e-04 
 1.44000e+02  2.22688e-04 
 1.44500e+02  2.88781e-04 
 1.45000e+02  2.84389e-04 
 1.45500e+02  2.62190e-04 
 1.46000e+02  2.37087e-04 
 1.46500e+02  2.91413e-04 
 1.47000e+02  2.36359e-04 
 1.47500e+02  2.77437e-04 
 1.48000e+02  3.27268e-04 
 1.48500e+02  3.15980e-04 
 1.49000e+02  3.14308e-04 
 1.49500e+02  3.16364e-04 
 1.50000e+02  2.97165e-04 
 1.50500e+02  2.97813e-04 
 1.51000e+02  2.83581e-04 
 1.51500e+02  3.54739e-04 
 1.52000e+02  3.28452e-04 
 1.52500e+02  3.00253e-04 
 1.53000e+02  2.75934e-04 
 1.53500e+02  2.85549e-04 
 1.54000e+02  2.92765e-04 
 1.54500e+02  2.88357e-04 
 1.55000e+02  3.12636e-04 
 1.55500e+02  3.73082e-04 
 1.56000e+02  3.37187e-04 
 1.56500e+02  2.74326e-04 
 1.57000e+02  2.93629e-04 
 1.57500e+02  2.47095e-04 
 1.58000e+02  2.67222e-04 
 1.58500e+02  2.88197e-04 
 1.59000e+02  3.44787e-04 
 1.59500e+02  2.61366e-04 
 1.60000e+02  3.02389e-04 
 1.60500e+02  4.31136e-04 
 1.61000e+02  3.03756e-04 
 1.61500e+02  2.67646e-04 
 1.62000e+02  2.36575e-04 
 1.62500e+02  3.74906e-04 
 1.63000e+02  4.47543e-04 
 1.63500e+02  3.91865e-04 
 1.64000e+02  3.20948e-04 
 1.64500e+02  3.04836e-04 
 1.65000e+02  3.67290e-04 
 1.65500e+02  3.70762e-04 
 1.66000e+02  3.18572e-04 
 1.66500e+02  3.32307e-04 
 1.67000e+02  3.42867e-04 
 1.67500e+02  2.65046e-04 
 1.68000e+02  3.14268e-04 
 1.68500e+02  2.64222e-04 
 1.69000e+02  2.39511e-04 
 1.69500e+02  2.31655e-04 
 1.70000e+02  2.37735e-04 
 1.70500e+02  2.79997e-04 
 1.71000e+02  3.15660e-04 
 1.71500e+02  2.55334e-04 
 1.72000e+02  2.33719e-04 
 1.72500e+02  2.69398e-04 
 1.73000e+02  2.59030e-04 
 1.73500e+02  2.30415e-04 
 1.74000e+02  2.92237e-04 
 1.74500e+02  2.65502e-04 
 1.75000e+02  2.68246e-04 
 1.75500e+02  2.72334e-04 
 1.76000e+02  2.08880e-04 
 1.76500e+02  2.08016e-04 
 1.77000e+02  2.57150e-04 
 1.77500e+02  2.46167e-04 
 1.78000e+02  2.16968e-04 
 1.78500e+02  2.16840e-04 
 1.79000e+02  3.43411e-04 
 1.79500e+02  3.78050e-04 
 1.80000e+02  3.15316e-04 
 1.80500e+02  2.71126e-04 
 1.81000e+02  2.41007e-04 
 1.81500e+02  2.36255e-04 
 1.82000e+02  2.96317e-04 
 1.82500e+02  2.84005e-04 
 1.83000e+02  2.27975e-04 
 1.83500e+02  2.04456e-04 
 1.84000e+02  2.10592e-04 
 1.84500e+02  2.42431e-04 
 1.85000e+02  1.88721e-04 
 1.85500e+02  2.13832e-04 
 1.86000e+02  2.26071e-04 
 1.86500e+02  2.39175e-04 
 1.87000e+02  2.36191e-04 
 1.87500e+02  2.40375e-04 
 1.88000e+02  1.64522e-04 
 1.88500e+02  1.64586e-04 
 1.89000e+02  1.55642e-04 
 1.89500e+02  1.74513e-04 
 1.90000e+02  1.50058e-04 
 1.90500e+02  1.40363e-04 
 1.91000e+02  1.32587e-04 
 1.91500e+02  1.72153e-04 
 1.92000e+02  1.74209e-04 
 1.92500e+02  1.48434e-04 
 1.93000e+02  1.80217e-04 
 1.93500e+02  1.53490e-04 
 1.94000e+02  1.84113e-04 
 1.94500e+02  1.33883e-04 
 1.95000e+02  1.87169e-04 
 1.95500e+02  1.75833e-04 
 1.96000e+02  8.47568e-05 
 1.96500e+02  8.21329e-05 
 1.97000e+02  1.01468e-04 
 1.97500e+02  1.12628e-04 
 1.98000e+02  1.00348e-04 
 1.98500e+02  9.77323e-05 
 1.99000e+02  6.52855e-05 
 1.99500e+02  6.54455e-05 
 2.00000e+02  5.14700e-05 
 2.00500e+02  4.78862e-05 
 2.01000e+02  5.09421e-05 
 2.01500e+02  3.88545e-05 
 2.02000e+02  5.25820e-05 
 2.02500e+02  3.57906e-05 
 2.03000e+02  1.90553e-05 
 2.03500e+02  1.89913e-05 
 2.04000e+02  2.12472e-05 
 2.04500e+02  2.06952e-05 
 2.05000e+02  1.70234e-05 
 2.05500e+02  1.72793e-05 
 2.06000e+02  1.75673e-05 
 2.06500e+02  1.79353e-05 
 2.07000e+02  1.99272e-05 
 2.07500e+02  2.00712e-05 
 2.08000e+02  2.06632e-05 
 2.08500e+02  2.14472e-05 
 2.09000e+02  2.21272e-05 
 2.09500e+02  2.13512e-05 
 2.10000e+02  1.82313e-05 
 2.10500e+02  1.86073e-05 
 2.11000e+02  2.06872e-05 
 2.11500e+02  3.33667e-05 
 2.12000e+02  2.63590e-05 
 2.12500e+02  1.52634e-05 
 2.13000e+02  1.52154e-05 
 2.13500e+02  1.64154e-05 
 2.14000e+02  1.83673e-05 
 2.14500e+02  1.87193e-05 
 2.15000e+02  2.18952e-05 
 2.15500e+02  2.20872e-05 
 2.16000e+02  2.38871e-05 
 2.16500e+02  2.37111e-05 
 2.17000e+02  1.26475e-05 
 2.17500e+02  1.22475e-05 
 2.18000e+02  1.21195e-05 
 2.18500e+02  1.23115e-05 
 2.19000e+02  1.22715e-05 
 2.19500e+02  1.25115e-05 
 2.20000e+02  1.29675e-05 
 2.20500e+02  1.33915e-05 
 2.21000e+02  1.36155e-05 
 2.21500e+02  1.38555e-05 
 2.22000e+02  1.42715e-05 
 2.22500e+02  1.37595e-05 
 2.23000e+02  1.15356e-05 
 2.23500e+02  1.17836e-05 
 2.24000e+02  1.21675e-05 
 2.24500e+02  1.27195e-05 
 2.25000e+02  1.25915e-05 
 2.25500e+02  1.24715e-05 
 2.26000e+02  1.34315e-05 
 2.26500e+02  1.62314e-05 
 2.27000e+02  2.51750e-05 
 2.27500e+02  1.05676e-05 
 2.28000e+02  8.86366e-06 
 2.28500e+02  9.01566e-06 
 2.29000e+02  9.40764e-06 
 2.29500e+02  1.00556e-05 
 2.30000e+02  1.17116e-05 
 2.30500e+02  1.19915e-05 
 2.31000e+02  1.28315e-05 
 2.31500e+02  2.11592e-05 
 2.32000e+02  5.31180e-06 
 2.32500e+02  5.30380e-06 
 2.33000e+02  5.27980e-06 
 2.33500e+02  5.34380e-06 
 2.34000e+02  5.29580e-06 
 2.34500e+02  5.32780e-06 
 2.35000e+02  5.38380e-06 
 2.35500e+02  5.37580e-06 
 2.36000e+02  5.36780e-06 
 2.36500e+02  5.43979e-06 
 2.37000e+02  5.38380e-06 
 2.37500e+02  5.50379e-06 
 2.38000e+02  5.43979e-06 
 2.38500e+02  5.55179e-06 
 2.39000e+02  5.50379e-06 
 2.39500e+02  5.35180e-06 
 2.40000e+02  4.83982e-06 
 2.40500e+02  4.88781e-06 
 2.41000e+02  4.89581e-06 
 2.41500e+02  4.91181e-06 
 2.42000e+02  4.95181e-06 
 2.42500e+02  4.95181e-06 
 2.43000e+02  5.03181e-06 
 2.43500e+02  4.95181e-06 
 2.44000e+02  5.12781e-06 
 2.44500e+02  5.09581e-06 
 2.45000e+02  5.03981e-06 
 2.45500e+02  5.17580e-06 
 2.46000e+02  5.18380e-06 
 2.46500e+02  5.21580e-06 
 2.47000e+02  5.31980e-06 
 2.47500e+02  5.37580e-06 
 2.48000e+02  5.45579e-06 
 2.48500e+02  5.59179e-06 
 2.49000e+02  5.68778e-06 
 2.49500e+02  5.87978e-06 
 2.50000e+02  6.11977e-06 
 2.50500e+02  6.47975e-06 
 2.51000e+02  7.16773e-06 
 2.51500e+02  1.04156e-05 
 2.52000e+02  4.38383e-06 
 2.52500e+02  4.34383e-06 
 2.53000e+02  4.46383e-06 
 2.53500e+02  4.46383e-06 
 2.54000e+02  4.51983e-06 
 2.54500e+02  4.58383e-06 
 2.55000e+02  4.67182e-06 
 2.55500e+02  4.73582e-06 
 2.56000e+02  4.83182e-06 
 2.56500e+02  4.93581e-06 
 2.57000e+02  5.03981e-06 
 2.57500e+02  5.19980e-06 
 2.58000e+02  5.42379e-06 
 2.58500e+02  5.60779e-06 
 2.59000e+02  5.94377e-06 
 2.59500e+02  6.45575e-06 
 2.60000e+02  7.23972e-06 
 2.60500e+02  9.57564e-06 
 2.61000e+02  7.31172e-06 
 2.61500e+02  9.52764e-06 
 2.62000e+02  6.23176e-06 
 2.62500e+02  2.97589e-06 
 2.63000e+02  2.39191e-06 
 2.63500e+02  2.39991e-06 
 2.64000e+02  2.41591e-06 
 2.64500e+02  2.43991e-06 
 2.65000e+02  2.50390e-06 
 2.65500e+02  2.51190e-06 
 2.66000e+02  2.58390e-06 
 2.66500e+02  2.47191e-06 
 2.67000e+02  2.47991e-06 
 2.67500e+02  2.55190e-06 
 2.68000e+02  2.56790e-06 
 2.68500e+02  2.64790e-06 
 2.69000e+02  2.68790e-06 
 2.69500e+02  2.82389e-06 
 2.70000e+02  2.98389e-06 
 2.70500e+02  3.06388e-06 
 2.71000e+02  3.26388e-06 
 2.71500e+02  3.59986e-06 
 2.72000e+02  4.19984e-06 
 2.72500e+02  4.67182e-06 
 2.73000e+02  3.05588e-06 
 2.73500e+02  3.67186e-06 
 2.74000e+02  2.62390e-06 
 2.74500e+02  1.75993e-06 
 2.75000e+02  1.79193e-06 
 2.75500e+02  1.84793e-06 
 2.76000e+02  1.91993e-06 
 2.76500e+02  1.96793e-06 
 2.77000e+02  1.99992e-06 
 2.77500e+02  2.08792e-06 
 2.78000e+02  2.19992e-06 
 2.78500e+02  2.32791e-06 
 2.79000e+02  2.47991e-06 
 2.79500e+02  2.67190e-06 
 2.80000e+02  3.01589e-06 
 2.80500e+02  4.71982e-06 
 2.81000e+02  2.27191e-06 
 2.81500e+02  2.88789e-06 
 2.82000e+02  2.53590e-06 
 2.82500e+02  1.96793e-06 
 2.83000e+02  2.13592e-06 
 2.83500e+02  7.03973e-07 
 2.84000e+02  7.27972e-07 
 2.84500e+02  7.19973e-07 
 2.85000e+02  7.35972e-07 
 2.85500e+02  7.35972e-07 
 2.86000e+02  7.43972e-07 
 2.86500e+02  7.59971e-07 
 2.87000e+02  7.67971e-07 
 2.87500e+02  7.75971e-07 
 2.88000e+02  7.91970e-07 
 2.88500e+02  9.03966e-07 
 2.89000e+02  9.11965e-07 
 2.89500e+02  9.03966e-07 
 2.90000e+02  9.27965e-07 
 2.90500e+02  9.35964e-07 
 2.91000e+02  9.59964e-07 
 2.91500e+02  9.67963e-07 
 2.92000e+02  9.99962e-07 
 2.92500e+02  1.00796e-06 
 2.93000e+02  1.07196e-06 
 2.93500e+02  1.04796e-06 
 2.94000e+02  1.10396e-06 
 2.94500e+02  1.09596e-06 
 2.95000e+02  1.12796e-06 
 2.95500e+02  1.16796e-06 
 2.96000e+02  1.19995e-06 
 2.96500e+02  1.26395e-06 
 2.97000e+02  1.31995e-06 
 2.97500e+02  1.32795e-06 
 2.98000e+02  1.39195e-06 
 2.98500e+02  1.43195e-06 
 2.99000e+02  1.53594e-06 
 2.99500e+02  1.62394e-06 
 3.00000e+02  1.75193e-06 
 3.00500e+02  1.87993e-06 
 3.01000e+02  1.97592e-06 
 3.01500e+02  2.23192e-06 
 3.02000e+02  2.62390e-06 
 3.02500e+02  3.25588e-06 
 3.03000e+02  4.12784e-06 
 3.03500e+02  4.66382e-06 
 3.04000e+02  2.45591e-06 
 3.04500e+02  1.31195e-06 
 3.05000e+02  0.00000e+00 
 3.05500e+02  0.00000e+00 
 3.06000e+02  0.00000e+00 
 3.06500e+02  0.00000e+00 
 3.07000e+02  0.00000e+00 
 3.07500e+02  0.00000e+00 
 3.08000e+02  0.00000e+00 
 3.08500e+02  0.00000e+00 
 3.09000e+02  0.00000e+00 
 3.09500e+02  0.00000e+00 
 3.10000e+02  0.00000e+00 
 3.10500e+02  0.00000e+00 
 3.11000e+02  0.00000e+00 
 3.11500e+02  0.00000e+00 
 3.12000e+02  0.00000e+00 
 3.12500e+02  0.00000e+00 
 3.13000e+02  0.00000e+00 
 3.13500e+02  0.00000e+00 
 3.14000e+02  0.00000e+00 
 3.14500e+02  0.00000e+00 
 3.15000e+02  0.00000e+00 
 3.15500e+02  0.00000e+00 
 3.16000e+02  0.00000e+00 
 3.16500e+02  0.00000e+00 
 3.17000e+02  0.00000e+00 
 3.17500e+02  0.00000e+00 
 3.18000e+02  0.00000e+00 
 3.18500e+02  0.00000e+00 
 3.19000e+02  0.00000e+00 
 3.19500e+02  0.00000e+00 
