 0.00000e+00  0.00000e+00 
 5.00000e-01  0.00000e+00 
 1.00000e+00  0.00000e+00 
 1.50000e+00  0.00000e+00 
 2.00000e+00  0.00000e+00 
 2.50000e+00  0.00000e+00 
 3.00000e+00  0.00000e+00 
 3.50000e+00  0.00000e+00 
 4.00000e+00  0.00000e+00 
 4.50000e+00  0.00000e+00 
 5.00000e+00  0.00000e+00 
 5.50000e+00  0.00000e+00 
 6.00000e+00  0.00000e+00 
 6.50000e+00  0.00000e+00 
 7.00000e+00  0.00000e+00 
 7.50000e+00  0.00000e+00 
 8.00000e+00  0.00000e+00 
 8.50000e+00  0.00000e+00 
 9.00000e+00  0.00000e+00 
 9.50000e+00  0.00000e+00 
 1.00000e+01  0.00000e+00 
 1.05000e+01  0.00000e+00 
 1.10000e+01  0.00000e+00 
 1.15000e+01  0.00000e+00 
 1.20000e+01  0.00000e+00 
 1.25000e+01  0.00000e+00 
 1.30000e+01  0.00000e+00 
 1.35000e+01  0.00000e+00 
 1.40000e+01  0.00000e+00 
 1.45000e+01  0.00000e+00 
 1.50000e+01  0.00000e+00 
 1.55000e+01  3.28000e-07 
 1.60000e+01  1.52800e-06 
 1.65000e+01  7.52000e-07 
 1.70000e+01  5.76000e-07 
 1.75000e+01  2.04800e-06 
 1.80000e+01  4.28800e-06 
 1.85000e+01  4.75200e-06 
 1.90000e+01  2.96800e-06 
 1.95000e+01  2.46400e-06 
 2.00000e+01  2.21600e-06 
 2.05000e+01  1.97600e-06 
 2.10000e+01  1.80800e-06 
 2.15000e+01  1.65600e-06 
 2.20000e+01  1.62400e-06 
 2.25000e+01  1.53600e-06 
 2.30000e+01  1.46400e-06 
 2.35000e+01  1.38400e-06 
 2.40000e+01  1.30400e-06 
 2.45000e+01  1.28800e-06 
 2.50000e+01  1.23200e-06 
 2.55000e+01  1.23200e-06 
 2.60000e+01  1.19200e-06 
 2.65000e+01  1.13600e-06 
 2.70000e+01  1.12800e-06 
 2.75000e+01  1.07200e-06 
 2.80000e+01  1.07200e-06 
 2.85000e+01  1.03200e-06 
 2.90000e+01  1.02400e-06 
 2.95000e+01  1.00000e-06 
 3.00000e+01  1.00000e-06 
 3.05000e+01  9.84000e-07 
 3.10000e+01  9.76000e-07 
 3.15000e+01  9.20000e-07 
 3.20000e+01  9.28000e-07 
 3.25000e+01  8.88000e-07 
 3.30000e+01  9.12000e-07 
 3.35000e+01  8.80000e-07 
 3.40000e+01  8.80000e-07 
 3.45000e+01  8.64000e-07 
 3.50000e+01  8.72000e-07 
 3.55000e+01  8.40000e-07 
 3.60000e+01  1.55200e-06 
 3.65000e+01  3.98400e-06 
 3.70000e+01  2.96000e-06 
 3.75000e+01  4.22400e-06 
 3.80000e+01  5.35200e-06 
 3.85000e+01  3.81600e-06 
 3.90000e+01  3.21600e-06 
 3.95000e+01  2.96000e-06 
 4.00000e+01  2.72800e-06 
 4.05000e+01  2.60000e-06 
 4.10000e+01  2.47200e-06 
 4.15000e+01  2.37600e-06 
 4.20000e+01  2.25600e-06 
 4.25000e+01  3.58400e-06 
 4.30000e+01  5.31200e-06 
 4.35000e+01  4.42400e-06 
 4.40000e+01  5.67200e-06 
 4.45000e+01  4.76000e-06 
 4.50000e+01  4.20000e-06 
 4.55000e+01  3.80800e-06 
 4.60000e+01  3.60000e-06 
 4.65000e+01  3.32000e-06 
 4.70000e+01  3.22400e-06 
 4.75000e+01  3.04000e-06 
 4.80000e+01  2.99200e-06 
 4.85000e+01  2.85600e-06 
 4.90000e+01  2.86400e-06 
 4.95000e+01  2.75200e-06 
 5.00000e+01  2.70400e-06 
 5.05000e+01  2.65600e-06 
 5.10000e+01  2.64000e-06 
 5.15000e+01  2.56800e-06 
 5.20000e+01  2.50400e-06 
 5.25000e+01  2.52800e-06 
 5.30000e+01  2.45600e-06 
 5.35000e+01  2.48000e-06 
 5.40000e+01  2.40800e-06 
 5.45000e+01  2.42400e-06 
 5.50000e+01  2.35200e-06 
 5.55000e+01  3.99200e-06 
 5.60000e+01  6.24000e-06 
 5.65000e+01  1.00480e-05 
 5.70000e+01  6.53600e-06 
 5.75000e+01  5.68000e-06 
 5.80000e+01  8.97600e-06 
 5.85000e+01  6.63200e-06 
 5.90000e+01  5.99200e-06 
 5.95000e+01  5.60800e-06 
 6.00000e+01  5.38400e-06 
 6.05000e+01  5.16800e-06 
 6.10000e+01  5.07200e-06 
 6.15000e+01  4.85600e-06 
 6.20000e+01  4.80000e-06 
 6.25000e+01  4.66400e-06 
 6.30000e+01  4.59200e-06 
 6.35000e+01  4.56800e-06 
 6.40000e+01  4.46400e-06 
 6.45000e+01  4.41600e-06 
 6.50000e+01  4.45600e-06 
 6.55000e+01  4.54400e-06 
 6.60000e+01  4.52000e-06 
 6.65000e+01  4.46400e-06 
 6.70000e+01  4.48000e-06 
 6.75000e+01  4.39200e-06 
 6.80000e+01  4.37600e-06 
 6.85000e+01  4.36800e-06 
 6.90000e+01  4.28800e-06 
 6.95000e+01  4.29600e-06 
 7.00000e+01  4.32000e-06 
 7.05000e+01  4.26400e-06 
 7.10000e+01  4.24000e-06 
 7.15000e+01  9.03200e-06 
 7.20000e+01  8.24800e-06 
 7.25000e+01  6.93600e-06 
 7.30000e+01  6.48000e-06 
 7.35000e+01  6.12000e-06 
 7.40000e+01  5.97600e-06 
 7.45000e+01  5.81600e-06 
 7.50000e+01  5.74400e-06 
 7.55000e+01  5.65600e-06 
 7.60000e+01  5.61600e-06 
 7.65000e+01  5.58400e-06 
 7.70000e+01  5.48000e-06 
 7.75000e+01  5.46400e-06 
 7.80000e+01  5.40000e-06 
 7.85000e+01  5.38400e-06 
 7.90000e+01  5.32000e-06 
 7.95000e+01  5.31200e-06 
 8.00000e+01  5.28000e-06 
 8.05000e+01  5.25600e-06 
 8.10000e+01  5.24000e-06 
 8.15000e+01  5.20000e-06 
 8.20000e+01  5.15200e-06 
 8.25000e+01  5.16000e-06 
 8.30000e+01  5.18400e-06 
 8.35000e+01  5.10400e-06 
 8.40000e+01  5.09600e-06 
 8.45000e+01  5.11200e-06 
 8.50000e+01  5.09600e-06 
 8.55000e+01  5.06400e-06 
 8.60000e+01  5.10400e-06 
 8.65000e+01  5.04800e-06 
 8.70000e+01  5.08000e-06 
 8.75000e+01  5.06400e-06 
 8.80000e+01  5.02400e-06 
 8.85000e+01  5.00000e-06 
 8.90000e+01  4.96800e-06 
 8.95000e+01  4.94400e-06 
 9.00000e+01  4.93600e-06 
 9.05000e+01  4.94400e-06 
 9.10000e+01  4.90400e-06 
 9.15000e+01  4.90400e-06 
 9.20000e+01  2.01360e-05 
 9.25000e+01  1.04960e-05 
 9.30000e+01  1.09360e-05 
 9.35000e+01  1.05520e-05 
 9.40000e+01  1.03360e-05 
 9.45000e+01  1.01520e-05 
 9.50000e+01  1.01120e-05 
 9.55000e+01  1.01520e-05 
 9.60000e+01  9.99200e-06 
 9.65000e+01  9.70400e-06 
 9.70000e+01  9.43200e-06 
 9.75000e+01  9.15200e-06 
 9.80000e+01  9.08000e-06 
 9.85000e+01  8.87200e-06 
 9.90000e+01  8.73600e-06 
 9.95000e+01  8.59200e-06 
 1.00000e+02  8.40800e-06 
 1.00500e+02  8.28800e-06 
 1.01000e+02  9.20000e-06 
 1.01500e+02  1.05040e-05 
 1.02000e+02  1.05360e-05 
 1.02500e+02  1.06080e-05 
 1.03000e+02  1.07120e-05 
 1.03500e+02  1.07920e-05 
 1.04000e+02  1.03920e-05 
 1.04500e+02  1.55600e-05 
 1.05000e+02  2.26720e-05 
 1.05500e+02  1.72720e-05 
 1.06000e+02  3.45600e-05 
 1.06500e+02  2.42480e-05 
 1.07000e+02  2.42720e-05 
 1.07500e+02  3.63680e-05 
 1.08000e+02  2.79360e-05 
 1.08500e+02  7.58960e-05 
 1.09000e+02  3.87920e-05 
 1.09500e+02  6.00160e-05 
 1.10000e+02  3.64960e-05 
 1.10500e+02  3.44960e-05 
 1.11000e+02  3.03360e-05 
 1.11500e+02  3.70800e-05 
 1.12000e+02  7.41120e-05 
 1.12500e+02  4.46640e-05 
 1.13000e+02  3.84080e-05 
 1.13500e+02  3.74240e-05 
 1.14000e+02  3.73600e-05 
 1.14500e+02  4.78960e-05 
 1.15000e+02  9.63360e-05 
 1.15500e+02  7.52880e-05 
 1.16000e+02  6.02960e-05 
 1.16500e+02  5.85600e-05 
 1.17000e+02  6.59200e-05 
 1.17500e+02  7.76720e-05 
 1.18000e+02  7.50560e-05 
 1.18500e+02  7.92640e-05 
 1.19000e+02  6.38480e-05 
 1.19500e+02  6.92080e-05 
 1.20000e+02  6.85840e-05 
 1.20500e+02  9.92800e-05 
 1.21000e+02  1.19976e-04 
 1.21500e+02  1.44968e-04 
 1.22000e+02  9.23520e-05 
 1.22500e+02  1.04480e-04 
 1.23000e+02  1.33592e-04 
 1.23500e+02  1.63264e-04 
 1.24000e+02  1.47296e-04 
 1.24500e+02  2.28592e-04 
 1.25000e+02  1.65664e-04 
 1.25500e+02  1.30848e-04 
 1.26000e+02  1.12840e-04 
 1.26500e+02  1.71192e-04 
 1.27000e+02  1.80224e-04 
 1.27500e+02  1.93736e-04 
 1.28000e+02  1.42432e-04 
 1.28500e+02  1.45888e-04 
 1.29000e+02  1.66936e-04 
 1.29500e+02  1.85232e-04 
 1.30000e+02  2.04168e-04 
 1.30500e+02  2.63528e-04 
 1.31000e+02  2.30128e-04 
 1.31500e+02  1.70680e-04 
 1.32000e+02  1.54016e-04 
 1.32500e+02  1.47032e-04 
 1.33000e+02  1.73192e-04 
 1.33500e+02  1.76976e-04 
 1.34000e+02  2.41104e-04 
 1.34500e+02  2.06368e-04 
 1.35000e+02  2.46240e-04 
 1.35500e+02  2.39984e-04 
 1.36000e+02  2.36688e-04 
 1.36500e+02  2.54888e-04 
 1.37000e+02  1.96312e-04 
 1.37500e+02  1.86536e-04 
 1.38000e+02  2.31408e-04 
 1.38500e+02  2.18176e-04 
 1.39000e+02  1.83992e-04 
 1.39500e+02  2.10352e-04 
 1.40000e+02  2.51256e-04 
 1.40500e+02  2.64040e-04 
 1.41000e+02  2.77280e-04 
 1.41500e+02  2.45984e-04 
 1.42000e+02  2.22568e-04 
 1.42500e+02  2.16880e-04 
 1.43000e+02  2.13552e-04 
 1.43500e+02  2.03864e-04 
 1.44000e+02  2.12160e-04 
 1.44500e+02  2.14800e-04 
 1.45000e+02  2.56592e-04 
 1.45500e+02  2.16296e-04 
 1.46000e+02  2.33984e-04 
 1.46500e+02  2.20280e-04 
 1.47000e+02  2.44000e-04 
 1.47500e+02  2.68248e-04 
 1.48000e+02  1.96536e-04 
 1.48500e+02  1.87704e-04 
 1.49000e+02  2.17184e-04 
 1.49500e+02  2.94968e-04 
 1.50000e+02  3.70560e-04 
 1.50500e+02  3.94360e-04 
 1.51000e+02  3.92104e-04 
 1.51500e+02  4.00072e-04 
 1.52000e+02  3.68160e-04 
 1.52500e+02  3.26960e-04 
 1.53000e+02  2.91352e-04 
 1.53500e+02  3.24088e-04 
 1.54000e+02  2.96072e-04 
 1.54500e+02  3.21960e-04 
 1.55000e+02  3.86120e-04 
 1.55500e+02  3.20568e-04 
 1.56000e+02  3.15192e-04 
 1.56500e+02  2.78840e-04 
 1.57000e+02  2.58592e-04 
 1.57500e+02  2.51248e-04 
 1.58000e+02  2.26152e-04 
 1.58500e+02  2.59496e-04 
 1.59000e+02  2.56016e-04 
 1.59500e+02  2.99896e-04 
 1.60000e+02  4.58784e-04 
 1.60500e+02  4.11400e-04 
 1.61000e+02  4.05224e-04 
 1.61500e+02  3.85648e-04 
 1.62000e+02  3.88760e-04 
 1.62500e+02  2.76704e-04 
 1.63000e+02  3.11496e-04 
 1.63500e+02  2.69912e-04 
 1.64000e+02  2.73896e-04 
 1.64500e+02  2.20264e-04 
 1.65000e+02  2.10528e-04 
 1.65500e+02  2.35920e-04 
 1.66000e+02  2.69408e-04 
 1.66500e+02  2.80936e-04 
 1.67000e+02  2.65984e-04 
 1.67500e+02  3.22952e-04 
 1.68000e+02  3.01664e-04 
 1.68500e+02  2.33704e-04 
 1.69000e+02  2.24576e-04 
 1.69500e+02  2.57496e-04 
 1.70000e+02  2.43160e-04 
 1.70500e+02  2.47936e-04 
 1.71000e+02  2.38800e-04 
 1.71500e+02  2.18088e-04 
 1.72000e+02  2.45856e-04 
 1.72500e+02  2.70048e-04 
 1.73000e+02  2.44984e-04 
 1.73500e+02  3.05360e-04 
 1.74000e+02  3.51368e-04 
 1.74500e+02  3.22192e-04 
 1.75000e+02  2.74488e-04 
 1.75500e+02  3.51296e-04 
 1.76000e+02  3.31424e-04 
 1.76500e+02  2.51432e-04 
 1.77000e+02  2.52872e-04 
 1.77500e+02  2.95600e-04 
 1.78000e+02  2.31976e-04 
 1.78500e+02  2.10192e-04 
 1.79000e+02  3.08696e-04 
 1.79500e+02  2.46560e-04 
 1.80000e+02  2.39648e-04 
 1.80500e+02  3.05584e-04 
 1.81000e+02  2.00112e-04 
 1.81500e+02  2.14608e-04 
 1.82000e+02  2.32632e-04 
 1.82500e+02  2.56272e-04 
 1.83000e+02  2.24344e-04 
 1.83500e+02  2.11960e-04 
 1.84000e+02  1.87680e-04 
 1.84500e+02  1.94968e-04 
 1.85000e+02  2.40960e-04 
 1.85500e+02  2.20128e-04 
 1.86000e+02  2.14832e-04 
 1.86500e+02  1.76944e-04 
 1.87000e+02  2.38344e-04 
 1.87500e+02  2.94032e-04 
 1.88000e+02  2.98720e-04 
 1.88500e+02  2.55344e-04 
 1.89000e+02  2.18544e-04 
 1.89500e+02  2.75208e-04 
 1.90000e+02  2.92272e-04 
 1.90500e+02  1.62760e-04 
 1.91000e+02  1.54520e-04 
 1.91500e+02  1.31424e-04 
 1.92000e+02  1.13368e-04 
 1.92500e+02  9.75120e-05 
 1.93000e+02  7.18880e-05 
 1.93500e+02  9.95520e-05 
 1.94000e+02  8.49920e-05 
 1.94500e+02  6.35680e-05 
 1.95000e+02  5.87360e-05 
 1.95500e+02  5.48800e-05 
 1.96000e+02  5.88960e-05 
 1.96500e+02  7.09680e-05 
 1.97000e+02  7.11520e-05 
 1.97500e+02  4.52240e-05 
 1.98000e+02  3.03920e-05 
 1.98500e+02  3.19600e-05 
 1.99000e+02  3.24000e-05 
 1.99500e+02  4.24000e-05 
 2.00000e+02  7.15600e-05 
 2.00500e+02  6.85360e-05 
 2.01000e+02  6.68880e-05 
 2.01500e+02  7.00400e-05 
 2.02000e+02  3.53840e-05 
 2.02500e+02  2.58080e-05 
 2.03000e+02  2.86720e-05 
 2.03500e+02  2.63200e-05 
 2.04000e+02  3.05280e-05 
 2.04500e+02  3.24240e-05 
 2.05000e+02  1.77840e-05 
 2.05500e+02  1.71600e-05 
 2.06000e+02  1.76720e-05 
 2.06500e+02  1.87680e-05 
 2.07000e+02  1.96160e-05 
 2.07500e+02  3.43840e-05 
 2.08000e+02  1.80000e-05 
 2.08500e+02  9.22400e-06 
 2.09000e+02  9.17600e-06 
 2.09500e+02  9.13600e-06 
 2.10000e+02  9.18400e-06 
 2.10500e+02  9.28800e-06 
 2.11000e+02  9.44800e-06 
 2.11500e+02  9.55200e-06 
 2.12000e+02  9.86400e-06 
 2.12500e+02  1.00080e-05 
 2.13000e+02  1.02960e-05 
 2.13500e+02  1.04880e-05 
 2.14000e+02  1.04960e-05 
 2.14500e+02  1.02000e-05 
 2.15000e+02  1.01440e-05 
 2.15500e+02  9.44000e-06 
 2.16000e+02  9.71200e-06 
 2.16500e+02  9.88800e-06 
 2.17000e+02  9.80000e-06 
 2.17500e+02  9.78400e-06 
 2.18000e+02  9.86400e-06 
 2.18500e+02  9.94400e-06 
 2.19000e+02  9.87200e-06 
 2.19500e+02  9.95200e-06 
 2.20000e+02  9.86400e-06 
 2.20500e+02  9.98400e-06 
 2.21000e+02  1.03280e-05 
 2.21500e+02  1.07440e-05 
 2.22000e+02  1.13760e-05 
 2.22500e+02  1.17360e-05 
 2.23000e+02  1.24000e-05 
 2.23500e+02  1.46160e-05 
 2.24000e+02  1.69120e-05 
 2.24500e+02  1.60800e-05 
 2.25000e+02  1.86080e-05 
 2.25500e+02  1.52880e-05 
 2.26000e+02  7.00000e-06 
 2.26500e+02  7.07200e-06 
 2.27000e+02  7.14400e-06 
 2.27500e+02  7.22400e-06 
 2.28000e+02  7.50400e-06 
 2.28500e+02  7.66400e-06 
 2.29000e+02  7.84800e-06 
 2.29500e+02  7.76000e-06 
 2.30000e+02  7.86400e-06 
 2.30500e+02  8.08800e-06 
 2.31000e+02  8.39200e-06 
 2.31500e+02  9.18400e-06 
 2.32000e+02  1.02480e-05 
 2.32500e+02  1.05600e-05 
 2.33000e+02  1.07840e-05 
 2.33500e+02  1.14240e-05 
 2.34000e+02  1.39360e-05 
 2.34500e+02  2.00720e-05 
 2.35000e+02  1.23920e-05 
 2.35500e+02  7.44000e-06 
 2.36000e+02  7.59200e-06 
 2.36500e+02  7.81600e-06 
 2.37000e+02  8.20000e-06 
 2.37500e+02  8.89600e-06 
 2.38000e+02  1.01520e-05 
 2.38500e+02  1.42880e-05 
 2.39000e+02  7.59200e-06 
 2.39500e+02  4.85600e-06 
 2.40000e+02  5.43200e-06 
 2.40500e+02  5.48800e-06 
 2.41000e+02  5.59200e-06 
 2.41500e+02  5.71200e-06 
 2.42000e+02  5.78400e-06 
 2.42500e+02  5.92800e-06 
 2.43000e+02  6.18400e-06 
 2.43500e+02  6.44000e-06 
 2.44000e+02  6.83200e-06 
 2.44500e+02  7.45600e-06 
 2.45000e+02  8.69600e-06 
 2.45500e+02  9.00800e-06 
 2.46000e+02  3.96800e-06 
 2.46500e+02  4.02400e-06 
 2.47000e+02  4.03200e-06 
 2.47500e+02  4.02400e-06 
 2.48000e+02  4.05600e-06 
 2.48500e+02  4.08000e-06 
 2.49000e+02  4.08800e-06 
 2.49500e+02  4.08000e-06 
 2.50000e+02  4.13600e-06 
 2.50500e+02  4.18400e-06 
 2.51000e+02  4.15200e-06 
 2.51500e+02  4.20000e-06 
 2.52000e+02  4.24000e-06 
 2.52500e+02  4.24000e-06 
 2.53000e+02  4.32000e-06 
 2.53500e+02  4.32000e-06 
 2.54000e+02  4.36800e-06 
 2.54500e+02  4.41600e-06 
 2.55000e+02  4.46400e-06 
 2.55500e+02  4.53600e-06 
 2.56000e+02  4.60800e-06 
 2.56500e+02  4.68800e-06 
 2.57000e+02  4.76800e-06 
 2.57500e+02  4.88800e-06 
 2.58000e+02  4.97600e-06 
 2.58500e+02  5.22400e-06 
 2.59000e+02  5.33600e-06 
 2.59500e+02  5.60000e-06 
 2.60000e+02  5.96800e-06 
 2.60500e+02  6.44000e-06 
 2.61000e+02  7.65600e-06 
 2.61500e+02  8.06400e-06 
 2.62000e+02  8.11200e-06 
 2.62500e+02  6.89600e-06 
 2.63000e+02  5.28800e-06 
 2.63500e+02  4.80800e-06 
 2.64000e+02  2.44000e-06 
 2.64500e+02  2.47200e-06 
 2.65000e+02  2.48800e-06 
 2.65500e+02  2.56800e-06 
 2.66000e+02  2.56800e-06 
 2.66500e+02  2.60000e-06 
 2.67000e+02  2.66400e-06 
 2.67500e+02  2.67200e-06 
 2.68000e+02  2.74400e-06 
 2.68500e+02  2.77600e-06 
 2.69000e+02  2.85600e-06 
 2.69500e+02  2.89600e-06 
 2.70000e+02  2.99200e-06 
 2.70500e+02  3.03200e-06 
 2.71000e+02  3.15200e-06 
 2.71500e+02  3.27200e-06 
 2.72000e+02  3.43200e-06 
 2.72500e+02  3.56000e-06 
 2.73000e+02  3.95200e-06 
 2.73500e+02  4.86400e-06 
 2.74000e+02  5.88800e-06 
 2.74500e+02  4.32000e-06 
 2.75000e+02  6.19200e-06 
 2.75500e+02  5.13600e-06 
 2.76000e+02  3.22400e-06 
 2.76500e+02  3.71200e-06 
 2.77000e+02  1.98400e-06 
 2.77500e+02  2.06400e-06 
 2.78000e+02  2.13600e-06 
 2.78500e+02  2.23200e-06 
 2.79000e+02  2.40000e-06 
 2.79500e+02  2.51200e-06 
 2.80000e+02  2.78400e-06 
 2.80500e+02  3.17600e-06 
 2.81000e+02  4.81600e-06 
 2.81500e+02  3.26400e-06 
 2.82000e+02  4.69600e-06 
 2.82500e+02  3.83200e-06 
 2.83000e+02  2.46400e-06 
 2.83500e+02  7.28000e-07 
 2.84000e+02  7.68000e-07 
 2.84500e+02  7.68000e-07 
 2.85000e+02  7.92000e-07 
 2.85500e+02  7.92000e-07 
 2.86000e+02  8.00000e-07 
 2.86500e+02  8.00000e-07 
 2.87000e+02  8.16000e-07 
 2.87500e+02  8.40000e-07 
 2.88000e+02  8.48000e-07 
 2.88500e+02  7.52000e-07 
 2.89000e+02  7.92000e-07 
 2.89500e+02  7.92000e-07 
 2.90000e+02  8.16000e-07 
 2.90500e+02  8.40000e-07 
 2.91000e+02  8.56000e-07 
 2.91500e+02  8.64000e-07 
 2.92000e+02  8.72000e-07 
 2.92500e+02  9.04000e-07 
 2.93000e+02  9.44000e-07 
 2.93500e+02  9.28000e-07 
 2.94000e+02  1.00000e-06 
 2.94500e+02  1.01600e-06 
 2.95000e+02  1.06400e-06 
 2.95500e+02  1.07200e-06 
 2.96000e+02  1.13600e-06 
 2.96500e+02  1.16800e-06 
 2.97000e+02  1.24800e-06 
 2.97500e+02  1.33600e-06 
 2.98000e+02  1.41600e-06 
 2.98500e+02  1.48800e-06 
 2.99000e+02  1.64000e-06 
 2.99500e+02  1.84000e-06 
 3.00000e+02  2.11200e-06 
 3.00500e+02  2.68000e-06 
 3.01000e+02  4.04800e-06 
 3.01500e+02  2.03200e-06 
 3.02000e+02  2.32800e-06 
 3.02500e+02  1.80000e-06 
 3.03000e+02  0.00000e+00 
 3.03500e+02  0.00000e+00 
 3.04000e+02  0.00000e+00 
 3.04500e+02  0.00000e+00 
 3.05000e+02  0.00000e+00 
 3.05500e+02  0.00000e+00 
 3.06000e+02  0.00000e+00 
 3.06500e+02  0.00000e+00 
 3.07000e+02  0.00000e+00 
 3.07500e+02  0.00000e+00 
 3.08000e+02  0.00000e+00 
 3.08500e+02  0.00000e+00 
 3.09000e+02  0.00000e+00 
 3.09500e+02  0.00000e+00 
 3.10000e+02  0.00000e+00 
 3.10500e+02  0.00000e+00 
 3.11000e+02  0.00000e+00 
 3.11500e+02  0.00000e+00 
 3.12000e+02  0.00000e+00 
 3.12500e+02  0.00000e+00 
 3.13000e+02  0.00000e+00 
 3.13500e+02  0.00000e+00 
 3.14000e+02  0.00000e+00 
 3.14500e+02  0.00000e+00 
 3.15000e+02  0.00000e+00 
 3.15500e+02  0.00000e+00 
 3.16000e+02  0.00000e+00 
 3.16500e+02  0.00000e+00 
 3.17000e+02  0.00000e+00 
 3.17500e+02  0.00000e+00 
 3.18000e+02  0.00000e+00 
 3.18500e+02  0.00000e+00 
 3.19000e+02  0.00000e+00 
 3.19500e+02  0.00000e+00 
