 0.00000e+00  0.00000e+00 
 5.00000e-01  0.00000e+00 
 1.00000e+00  0.00000e+00 
 1.50000e+00  0.00000e+00 
 2.00000e+00  0.00000e+00 
 2.50000e+00  0.00000e+00 
 3.00000e+00  0.00000e+00 
 3.50000e+00  0.00000e+00 
 4.00000e+00  0.00000e+00 
 4.50000e+00  0.00000e+00 
 5.00000e+00  0.00000e+00 
 5.50000e+00  0.00000e+00 
 6.00000e+00  0.00000e+00 
 6.50000e+00  0.00000e+00 
 7.00000e+00  0.00000e+00 
 7.50000e+00  0.00000e+00 
 8.00000e+00  0.00000e+00 
 8.50000e+00  0.00000e+00 
 9.00000e+00  0.00000e+00 
 9.50000e+00  0.00000e+00 
 1.00000e+01  0.00000e+00 
 1.05000e+01  0.00000e+00 
 1.10000e+01  0.00000e+00 
 1.15000e+01  0.00000e+00 
 1.20000e+01  0.00000e+00 
 1.25000e+01  0.00000e+00 
 1.30000e+01  0.00000e+00 
 1.35000e+01  0.00000e+00 
 1.40000e+01  0.00000e+00 
 1.45000e+01  0.00000e+00 
 1.50000e+01  0.00000e+00 
 1.55000e+01  0.00000e+00 
 1.60000e+01  0.00000e+00 
 1.65000e+01  0.00000e+00 
 1.70000e+01  0.00000e+00 
 1.75000e+01  0.00000e+00 
 1.80000e+01  0.00000e+00 
 1.85000e+01  0.00000e+00 
 1.90000e+01  0.00000e+00 
 1.95000e+01  1.55200e-06 
 2.00000e+01  9.20000e-07 
 2.05000e+01  6.40000e-07 
 2.10000e+01  2.77600e-06 
 2.15000e+01  4.27200e-06 
 2.20000e+01  3.24800e-06 
 2.25000e+01  3.72000e-06 
 2.30000e+01  2.68800e-06 
 2.35000e+01  2.32000e-06 
 2.40000e+01  2.09600e-06 
 2.45000e+01  1.89600e-06 
 2.50000e+01  1.76000e-06 
 2.55000e+01  1.65600e-06 
 2.60000e+01  1.60000e-06 
 2.65000e+01  1.50400e-06 
 2.70000e+01  1.44000e-06 
 2.75000e+01  1.38400e-06 
 2.80000e+01  1.35200e-06 
 2.85000e+01  1.28800e-06 
 2.90000e+01  1.28000e-06 
 2.95000e+01  1.21600e-06 
 3.00000e+01  1.17600e-06 
 3.05000e+01  1.15200e-06 
 3.10000e+01  1.12800e-06 
 3.15000e+01  1.11200e-06 
 3.20000e+01  1.08000e-06 
 3.25000e+01  1.07200e-06 
 3.30000e+01  1.06400e-06 
 3.35000e+01  1.00800e-06 
 3.40000e+01  1.03200e-06 
 3.45000e+01  9.68000e-07 
 3.50000e+01  1.00000e-06 
 3.55000e+01  9.44000e-07 
 3.60000e+01  9.36000e-07 
 3.65000e+01  9.28000e-07 
 3.70000e+01  9.28000e-07 
 3.75000e+01  9.28000e-07 
 3.80000e+01  9.12000e-07 
 3.85000e+01  8.88000e-07 
 3.90000e+01  8.88000e-07 
 3.95000e+01  8.64000e-07 
 4.00000e+01  8.56000e-07 
 4.05000e+01  8.56000e-07 
 4.10000e+01  8.40000e-07 
 4.15000e+01  1.22400e-06 
 4.20000e+01  6.16800e-06 
 4.25000e+01  5.90400e-06 
 4.30000e+01  6.50400e-06 
 4.35000e+01  5.55200e-06 
 4.40000e+01  4.45600e-06 
 4.45000e+01  6.29600e-06 
 4.50000e+01  4.89600e-06 
 4.55000e+01  4.18400e-06 
 4.60000e+01  3.94400e-06 
 4.65000e+01  3.76000e-06 
 4.70000e+01  3.49600e-06 
 4.75000e+01  3.37600e-06 
 4.80000e+01  3.24800e-06 
 4.85000e+01  3.16000e-06 
 4.90000e+01  3.09600e-06 
 4.95000e+01  2.95200e-06 
 5.00000e+01  2.90400e-06 
 5.05000e+01  2.82400e-06 
 5.10000e+01  2.81600e-06 
 5.15000e+01  2.72000e-06 
 5.20000e+01  2.68000e-06 
 5.25000e+01  2.64800e-06 
 5.30000e+01  4.25600e-06 
 5.35000e+01  6.90400e-06 
 5.40000e+01  5.68800e-06 
 5.45000e+01  8.13600e-06 
 5.50000e+01  5.80800e-06 
 5.55000e+01  5.21600e-06 
 5.60000e+01  8.32800e-06 
 5.65000e+01  8.26400e-06 
 5.70000e+01  7.84000e-06 
 5.75000e+01  6.76800e-06 
 5.80000e+01  6.24800e-06 
 5.85000e+01  5.91200e-06 
 5.90000e+01  5.64000e-06 
 5.95000e+01  5.48000e-06 
 6.00000e+01  5.35200e-06 
 6.05000e+01  5.20000e-06 
 6.10000e+01  5.12000e-06 
 6.15000e+01  5.00000e-06 
 6.20000e+01  4.90400e-06 
 6.25000e+01  4.87200e-06 
 6.30000e+01  4.82400e-06 
 6.35000e+01  4.71200e-06 
 6.40000e+01  4.68000e-06 
 6.45000e+01  4.61600e-06 
 6.50000e+01  4.63200e-06 
 6.55000e+01  4.55200e-06 
 6.60000e+01  4.48000e-06 
 6.65000e+01  4.48800e-06 
 6.70000e+01  4.45600e-06 
 6.75000e+01  4.44800e-06 
 6.80000e+01  4.41600e-06 
 6.85000e+01  4.36000e-06 
 6.90000e+01  4.36000e-06 
 6.95000e+01  4.32000e-06 
 7.00000e+01  1.21040e-05 
 7.05000e+01  8.80800e-06 
 7.10000e+01  7.72000e-06 
 7.15000e+01  7.16800e-06 
 7.20000e+01  6.85600e-06 
 7.25000e+01  6.57600e-06 
 7.30000e+01  6.36800e-06 
 7.35000e+01  6.23200e-06 
 7.40000e+01  6.08800e-06 
 7.45000e+01  6.00800e-06 
 7.50000e+01  5.88800e-06 
 7.55000e+01  5.86400e-06 
 7.60000e+01  5.67200e-06 
 7.65000e+01  4.94400e-06 
 7.70000e+01  4.89600e-06 
 7.75000e+01  4.89600e-06 
 7.80000e+01  4.84000e-06 
 7.85000e+01  4.86400e-06 
 7.90000e+01  4.83200e-06 
 7.95000e+01  4.76800e-06 
 8.00000e+01  4.80000e-06 
 8.05000e+01  1.11360e-05 
 8.10000e+01  1.66240e-05 
 8.15000e+01  1.13040e-05 
 8.20000e+01  9.24000e-06 
 8.25000e+01  8.62400e-06 
 8.30000e+01  6.88000e-06 
 8.35000e+01  6.10400e-06 
 8.40000e+01  5.92800e-06 
 8.45000e+01  5.80800e-06 
 8.50000e+01  5.69600e-06 
 8.55000e+01  5.64800e-06 
 8.60000e+01  5.58400e-06 
 8.65000e+01  5.41600e-06 
 8.70000e+01  1.96720e-05 
 8.75000e+01  1.09280e-05 
 8.80000e+01  1.05840e-05 
 8.85000e+01  1.00320e-05 
 8.90000e+01  9.08000e-06 
 8.95000e+01  8.53600e-06 
 9.00000e+01  8.32000e-06 
 9.05000e+01  8.03200e-06 
 9.10000e+01  7.75200e-06 
 9.15000e+01  7.52800e-06 
 9.20000e+01  7.45600e-06 
 9.25000e+01  7.36800e-06 
 9.30000e+01  7.27200e-06 
 9.35000e+01  7.28000e-06 
 9.40000e+01  7.15200e-06 
 9.45000e+01  7.12000e-06 
 9.50000e+01  7.06400e-06 
 9.55000e+01  7.08000e-06 
 9.60000e+01  7.04000e-06 
 9.65000e+01  7.14400e-06 
 9.70000e+01  7.13600e-06 
 9.75000e+01  7.12800e-06 
 9.80000e+01  7.06400e-06 
 9.85000e+01  6.98400e-06 
 9.90000e+01  6.93600e-06 
 9.95000e+01  6.85600e-06 
 1.00000e+02  6.76000e-06 
 1.00500e+02  1.51440e-05 
 1.01000e+02  1.86800e-05 
 1.01500e+02  1.48240e-05 
 1.02000e+02  1.33120e-05 
 1.02500e+02  4.46800e-05 
 1.03000e+02  1.31040e-05 
 1.03500e+02  1.12720e-05 
 1.04000e+02  1.10400e-05 
 1.04500e+02  1.16480e-05 
 1.05000e+02  1.20000e-05 
 1.05500e+02  1.19440e-05 
 1.06000e+02  1.11440e-05 
 1.06500e+02  1.03440e-05 
 1.07000e+02  9.90400e-06 
 1.07500e+02  1.03840e-05 
 1.08000e+02  1.04080e-05 
 1.08500e+02  1.00320e-05 
 1.09000e+02  1.00640e-05 
 1.09500e+02  1.01680e-05 
 1.10000e+02  1.02000e-05 
 1.10500e+02  1.08080e-05 
 1.11000e+02  1.06080e-05 
 1.11500e+02  7.62400e-06 
 1.12000e+02  7.40000e-06 
 1.12500e+02  7.37600e-06 
 1.13000e+02  7.33600e-06 
 1.13500e+02  7.22400e-06 
 1.14000e+02  7.08000e-06 
 1.14500e+02  1.27520e-05 
 1.15000e+02  3.33600e-05 
 1.15500e+02  1.94640e-05 
 1.16000e+02  1.55840e-05 
 1.16500e+02  1.93360e-05 
 1.17000e+02  3.65360e-05 
 1.17500e+02  2.98320e-05 
 1.18000e+02  3.37520e-05 
 1.18500e+02  3.78560e-05 
 1.19000e+02  2.68720e-05 
 1.19500e+02  2.16480e-05 
 1.20000e+02  2.88560e-05 
 1.20500e+02  6.81520e-05 
 1.21000e+02  5.71680e-05 
 1.21500e+02  4.70000e-05 
 1.22000e+02  5.65280e-05 
 1.22500e+02  5.03920e-05 
 1.23000e+02  9.62800e-05 
 1.23500e+02  1.35616e-04 
 1.24000e+02  1.54424e-04 
 1.24500e+02  8.43040e-05 
 1.25000e+02  8.09520e-05 
 1.25500e+02  1.27056e-04 
 1.26000e+02  2.51680e-04 
 1.26500e+02  2.40608e-04 
 1.27000e+02  2.17232e-04 
 1.27500e+02  1.89120e-04 
 1.28000e+02  2.18864e-04 
 1.28500e+02  2.20464e-04 
 1.29000e+02  2.52112e-04 
 1.29500e+02  2.38088e-04 
 1.30000e+02  2.71512e-04 
 1.30500e+02  2.24192e-04 
 1.31000e+02  2.00520e-04 
 1.31500e+02  1.85232e-04 
 1.32000e+02  1.71944e-04 
 1.32500e+02  1.80472e-04 
 1.33000e+02  1.77576e-04 
 1.33500e+02  2.51752e-04 
 1.34000e+02  2.07416e-04 
 1.34500e+02  2.04272e-04 
 1.35000e+02  3.13064e-04 
 1.35500e+02  2.70600e-04 
 1.36000e+02  3.02872e-04 
 1.36500e+02  2.58800e-04 
 1.37000e+02  2.39952e-04 
 1.37500e+02  3.77592e-04 
 1.38000e+02  2.61336e-04 
 1.38500e+02  2.64712e-04 
 1.39000e+02  2.51656e-04 
 1.39500e+02  2.55344e-04 
 1.40000e+02  2.26280e-04 
 1.40500e+02  2.80064e-04 
 1.41000e+02  2.53200e-04 
 1.41500e+02  2.48568e-04 
 1.42000e+02  2.60608e-04 
 1.42500e+02  3.76736e-04 
 1.43000e+02  3.65368e-04 
 1.43500e+02  2.54040e-04 
 1.44000e+02  2.06384e-04 
 1.44500e+02  2.52376e-04 
 1.45000e+02  2.32672e-04 
 1.45500e+02  2.68040e-04 
 1.46000e+02  2.28968e-04 
 1.46500e+02  2.05568e-04 
 1.47000e+02  1.91704e-04 
 1.47500e+02  2.12040e-04 
 1.48000e+02  2.63184e-04 
 1.48500e+02  2.25024e-04 
 1.49000e+02  1.89616e-04 
 1.49500e+02  1.71848e-04 
 1.50000e+02  2.04088e-04 
 1.50500e+02  3.42568e-04 
 1.51000e+02  2.93288e-04 
 1.51500e+02  2.39816e-04 
 1.52000e+02  2.43368e-04 
 1.52500e+02  2.82088e-04 
 1.53000e+02  2.26920e-04 
 1.53500e+02  2.35200e-04 
 1.54000e+02  1.87168e-04 
 1.54500e+02  2.42832e-04 
 1.55000e+02  2.94200e-04 
 1.55500e+02  2.41480e-04 
 1.56000e+02  2.62184e-04 
 1.56500e+02  2.27920e-04 
 1.57000e+02  1.94456e-04 
 1.57500e+02  1.90904e-04 
 1.58000e+02  1.62424e-04 
 1.58500e+02  1.74920e-04 
 1.59000e+02  1.89176e-04 
 1.59500e+02  2.63672e-04 
 1.60000e+02  2.16448e-04 
 1.60500e+02  2.10704e-04 
 1.61000e+02  2.43216e-04 
 1.61500e+02  2.74832e-04 
 1.62000e+02  2.72072e-04 
 1.62500e+02  2.52656e-04 
 1.63000e+02  2.24944e-04 
 1.63500e+02  2.35944e-04 
 1.64000e+02  2.07816e-04 
 1.64500e+02  2.48992e-04 
 1.65000e+02  2.89040e-04 
 1.65500e+02  2.65296e-04 
 1.66000e+02  3.21352e-04 
 1.66500e+02  4.21064e-04 
 1.67000e+02  3.74088e-04 
 1.67500e+02  4.11056e-04 
 1.68000e+02  3.72968e-04 
 1.68500e+02  3.10768e-04 
 1.69000e+02  3.10104e-04 
 1.69500e+02  3.04432e-04 
 1.70000e+02  3.14624e-04 
 1.70500e+02  2.74824e-04 
 1.71000e+02  3.02304e-04 
 1.71500e+02  2.82424e-04 
 1.72000e+02  3.62024e-04 
 1.72500e+02  3.10592e-04 
 1.73000e+02  2.90800e-04 
 1.73500e+02  3.25328e-04 
 1.74000e+02  2.53616e-04 
 1.74500e+02  2.40240e-04 
 1.75000e+02  2.42456e-04 
 1.75500e+02  2.55856e-04 
 1.76000e+02  2.70456e-04 
 1.76500e+02  3.35160e-04 
 1.77000e+02  3.22104e-04 
 1.77500e+02  2.81592e-04 
 1.78000e+02  3.48544e-04 
 1.78500e+02  4.12736e-04 
 1.79000e+02  3.96760e-04 
 1.79500e+02  3.77336e-04 
 1.80000e+02  2.36872e-04 
 1.80500e+02  2.90872e-04 
 1.81000e+02  2.23008e-04 
 1.81500e+02  2.79824e-04 
 1.82000e+02  2.51920e-04 
 1.82500e+02  2.36144e-04 
 1.83000e+02  2.77824e-04 
 1.83500e+02  2.50904e-04 
 1.84000e+02  2.34912e-04 
 1.84500e+02  1.86848e-04 
 1.85000e+02  1.82760e-04 
 1.85500e+02  1.66224e-04 
 1.86000e+02  1.79368e-04 
 1.86500e+02  1.75528e-04 
 1.87000e+02  2.07624e-04 
 1.87500e+02  1.64608e-04 
 1.88000e+02  2.09144e-04 
 1.88500e+02  3.21480e-04 
 1.89000e+02  2.65424e-04 
 1.89500e+02  2.32272e-04 
 1.90000e+02  2.28144e-04 
 1.90500e+02  2.19560e-04 
 1.91000e+02  1.92736e-04 
 1.91500e+02  1.91432e-04 
 1.92000e+02  1.56648e-04 
 1.92500e+02  1.78536e-04 
 1.93000e+02  1.75320e-04 
 1.93500e+02  1.83376e-04 
 1.94000e+02  1.18216e-04 
 1.94500e+02  1.29256e-04 
 1.95000e+02  1.11464e-04 
 1.95500e+02  1.02536e-04 
 1.96000e+02  1.05840e-04 
 1.96500e+02  9.46400e-05 
 1.97000e+02  1.23672e-04 
 1.97500e+02  9.75360e-05 
 1.98000e+02  1.10880e-04 
 1.98500e+02  1.12496e-04 
 1.99000e+02  8.67680e-05 
 1.99500e+02  8.21840e-05 
 2.00000e+02  7.87680e-05 
 2.00500e+02  8.39840e-05 
 2.01000e+02  7.27680e-05 
 2.01500e+02  4.53840e-05 
 2.02000e+02  4.75920e-05 
 2.02500e+02  6.24720e-05 
 2.03000e+02  3.55520e-05 
 2.03500e+02  4.78960e-05 
 2.04000e+02  4.21600e-05 
 2.04500e+02  4.54480e-05 
 2.05000e+02  2.76320e-05 
 2.05500e+02  2.20000e-05 
 2.06000e+02  2.22480e-05 
 2.06500e+02  2.49600e-05 
 2.07000e+02  2.20560e-05 
 2.07500e+02  2.26800e-05 
 2.08000e+02  2.52000e-05 
 2.08500e+02  2.16480e-05 
 2.09000e+02  3.00400e-05 
 2.09500e+02  2.84720e-05 
 2.10000e+02  1.57440e-05 
 2.10500e+02  1.55600e-05 
 2.11000e+02  1.55520e-05 
 2.11500e+02  1.56800e-05 
 2.12000e+02  1.58800e-05 
 2.12500e+02  1.61760e-05 
 2.13000e+02  1.68640e-05 
 2.13500e+02  1.75840e-05 
 2.14000e+02  1.86240e-05 
 2.14500e+02  2.17600e-05 
 2.15000e+02  2.52560e-05 
 2.15500e+02  3.04320e-05 
 2.16000e+02  1.94320e-05 
 2.16500e+02  2.15600e-05 
 2.17000e+02  3.01040e-05 
 2.17500e+02  3.59120e-05 
 2.18000e+02  1.93920e-05 
 2.18500e+02  2.57280e-05 
 2.19000e+02  1.93200e-05 
 2.19500e+02  3.24240e-05 
 2.20000e+02  9.98400e-06 
 2.20500e+02  1.11200e-05 
 2.21000e+02  1.43760e-05 
 2.21500e+02  1.66960e-05 
 2.22000e+02  6.10400e-06 
 2.22500e+02  6.16000e-06 
 2.23000e+02  6.20000e-06 
 2.23500e+02  6.24000e-06 
 2.24000e+02  6.25600e-06 
 2.24500e+02  6.25600e-06 
 2.25000e+02  6.32000e-06 
 2.25500e+02  6.41600e-06 
 2.26000e+02  6.52800e-06 
 2.26500e+02  6.71200e-06 
 2.27000e+02  6.90400e-06 
 2.27500e+02  7.14400e-06 
 2.28000e+02  7.25600e-06 
 2.28500e+02  1.22560e-05 
 2.29000e+02  2.27760e-05 
 2.29500e+02  1.82560e-05 
 2.30000e+02  5.12800e-06 
 2.30500e+02  5.12000e-06 
 2.31000e+02  5.12800e-06 
 2.31500e+02  5.15200e-06 
 2.32000e+02  5.18400e-06 
 2.32500e+02  5.16800e-06 
 2.33000e+02  5.22400e-06 
 2.33500e+02  5.24800e-06 
 2.34000e+02  5.27200e-06 
 2.34500e+02  5.32800e-06 
 2.35000e+02  5.34400e-06 
 2.35500e+02  5.24800e-06 
 2.36000e+02  5.20800e-06 
 2.36500e+02  5.30400e-06 
 2.37000e+02  5.28800e-06 
 2.37500e+02  5.28800e-06 
 2.38000e+02  5.32800e-06 
 2.38500e+02  5.32000e-06 
 2.39000e+02  5.40000e-06 
 2.39500e+02  5.44800e-06 
 2.40000e+02  5.54400e-06 
 2.40500e+02  5.65600e-06 
 2.41000e+02  5.73600e-06 
 2.41500e+02  5.87200e-06 
 2.42000e+02  5.97600e-06 
 2.42500e+02  6.13600e-06 
 2.43000e+02  6.31200e-06 
 2.43500e+02  6.66400e-06 
 2.44000e+02  6.98400e-06 
 2.44500e+02  7.54400e-06 
 2.45000e+02  9.14400e-06 
 2.45500e+02  8.71200e-06 
 2.46000e+02  3.78400e-06 
 2.46500e+02  3.86400e-06 
 2.47000e+02  3.82400e-06 
 2.47500e+02  3.84000e-06 
 2.48000e+02  3.88800e-06 
 2.48500e+02  3.87200e-06 
 2.49000e+02  3.86400e-06 
 2.49500e+02  3.92800e-06 
 2.50000e+02  3.90400e-06 
 2.50500e+02  3.93600e-06 
 2.51000e+02  3.97600e-06 
 2.51500e+02  3.96000e-06 
 2.52000e+02  3.98400e-06 
 2.52500e+02  4.01600e-06 
 2.53000e+02  4.05600e-06 
 2.53500e+02  4.04000e-06 
 2.54000e+02  4.11200e-06 
 2.54500e+02  4.11200e-06 
 2.55000e+02  4.19200e-06 
 2.55500e+02  4.20000e-06 
 2.56000e+02  4.24800e-06 
 2.56500e+02  4.28000e-06 
 2.57000e+02  4.37600e-06 
 2.57500e+02  4.41600e-06 
 2.58000e+02  4.44000e-06 
 2.58500e+02  4.55200e-06 
 2.59000e+02  4.65600e-06 
 2.59500e+02  4.78400e-06 
 2.60000e+02  4.85600e-06 
 2.60500e+02  5.04000e-06 
 2.61000e+02  5.18400e-06 
 2.61500e+02  5.39200e-06 
 2.62000e+02  5.75200e-06 
 2.62500e+02  6.16000e-06 
 2.63000e+02  6.92000e-06 
 2.63500e+02  9.39200e-06 
 2.64000e+02  7.75200e-06 
 2.64500e+02  5.28000e-06 
 2.65000e+02  5.89600e-06 
 2.65500e+02  4.09600e-06 
 2.66000e+02  5.45600e-06 
 2.66500e+02  2.58400e-06 
 2.67000e+02  2.64000e-06 
 2.67500e+02  2.67200e-06 
 2.68000e+02  2.68800e-06 
 2.68500e+02  2.76000e-06 
 2.69000e+02  2.82400e-06 
 2.69500e+02  2.91200e-06 
 2.70000e+02  2.98400e-06 
 2.70500e+02  3.01600e-06 
 2.71000e+02  3.13600e-06 
 2.71500e+02  3.05600e-06 
 2.72000e+02  3.14400e-06 
 2.72500e+02  3.21600e-06 
 2.73000e+02  3.32800e-06 
 2.73500e+02  3.51200e-06 
 2.74000e+02  3.77600e-06 
 2.74500e+02  4.03200e-06 
 2.75000e+02  4.45600e-06 
 2.75500e+02  5.16800e-06 
 2.76000e+02  7.14400e-06 
 2.76500e+02  6.39200e-06 
 2.77000e+02  6.43200e-06 
 2.77500e+02  3.72000e-06 
 2.78000e+02  4.11200e-06 
 2.78500e+02  1.88000e-06 
 2.79000e+02  6.96000e-07 
 2.79500e+02  6.96000e-07 
 2.80000e+02  7.04000e-07 
 2.80500e+02  7.12000e-07 
 2.81000e+02  7.28000e-07 
 2.81500e+02  7.28000e-07 
 2.82000e+02  7.28000e-07 
 2.82500e+02  7.52000e-07 
 2.83000e+02  7.60000e-07 
 2.83500e+02  7.76000e-07 
 2.84000e+02  7.76000e-07 
 2.84500e+02  7.84000e-07 
 2.85000e+02  8.16000e-07 
 2.85500e+02  8.24000e-07 
 2.86000e+02  8.16000e-07 
 2.86500e+02  8.56000e-07 
 2.87000e+02  8.64000e-07 
 2.87500e+02  8.80000e-07 
 2.88000e+02  9.12000e-07 
 2.88500e+02  9.20000e-07 
 2.89000e+02  9.52000e-07 
 2.89500e+02  9.84000e-07 
 2.90000e+02  1.00800e-06 
 2.90500e+02  1.00800e-06 
 2.91000e+02  1.06400e-06 
 2.91500e+02  1.09600e-06 
 2.92000e+02  1.15200e-06 
 2.92500e+02  1.21600e-06 
 2.93000e+02  1.24800e-06 
 2.93500e+02  1.30400e-06 
 2.94000e+02  1.40000e-06 
 2.94500e+02  1.48000e-06 
 2.95000e+02  1.61600e-06 
 2.95500e+02  1.77600e-06 
 2.96000e+02  1.96800e-06 
 2.96500e+02  2.32800e-06 
 2.97000e+02  3.02400e-06 
 2.97500e+02  4.70400e-06 
 2.98000e+02  2.71200e-06 
 2.98500e+02  1.52800e-06 
 2.99000e+02  0.00000e+00 
 2.99500e+02  0.00000e+00 
 3.00000e+02  0.00000e+00 
 3.00500e+02  0.00000e+00 
 3.01000e+02  0.00000e+00 
 3.01500e+02  0.00000e+00 
 3.02000e+02  0.00000e+00 
 3.02500e+02  0.00000e+00 
 3.03000e+02  0.00000e+00 
 3.03500e+02  0.00000e+00 
 3.04000e+02  0.00000e+00 
 3.04500e+02  0.00000e+00 
 3.05000e+02  0.00000e+00 
 3.05500e+02  0.00000e+00 
 3.06000e+02  0.00000e+00 
 3.06500e+02  0.00000e+00 
 3.07000e+02  0.00000e+00 
 3.07500e+02  0.00000e+00 
 3.08000e+02  0.00000e+00 
 3.08500e+02  0.00000e+00 
 3.09000e+02  0.00000e+00 
 3.09500e+02  0.00000e+00 
 3.10000e+02  0.00000e+00 
 3.10500e+02  0.00000e+00 
 3.11000e+02  0.00000e+00 
 3.11500e+02  0.00000e+00 
 3.12000e+02  0.00000e+00 
 3.12500e+02  0.00000e+00 
 3.13000e+02  0.00000e+00 
 3.13500e+02  0.00000e+00 
 3.14000e+02  0.00000e+00 
 3.14500e+02  0.00000e+00 
 3.15000e+02  0.00000e+00 
 3.15500e+02  0.00000e+00 
 3.16000e+02  0.00000e+00 
 3.16500e+02  0.00000e+00 
 3.17000e+02  0.00000e+00 
 3.17500e+02  0.00000e+00 
 3.18000e+02  0.00000e+00 
 3.18500e+02  0.00000e+00 
 3.19000e+02  0.00000e+00 
 3.19500e+02  0.00000e+00 
