 0.00000e+00  0.00000e+00 
 5.00000e-01  3.35161e-02 
 1.00000e+00  6.68628e-02 
 1.50000e+00  1.00040e-01 
 2.00000e+00  1.33046e-01 
 2.50000e+00  1.65881e-01 
 3.00000e+00  1.98543e-01 
 3.50000e+00  2.31033e-01 
 4.00000e+00  2.63347e-01 
 4.50000e+00  2.95486e-01 
 5.00000e+00  3.27452e-01 
 5.50000e+00  3.59244e-01 
 6.00000e+00  3.90860e-01 
 6.50000e+00  4.22299e-01 
 7.00000e+00  4.53559e-01 
 7.50000e+00  4.84640e-01 
 8.00000e+00  5.15541e-01 
 8.50000e+00  5.46260e-01 
 9.00000e+00  5.76795e-01 
 9.50000e+00  6.07146e-01 
 1.00000e+01  6.37312e-01 
 1.05000e+01  6.67291e-01 
 1.10000e+01  6.97082e-01 
 1.15000e+01  7.26682e-01 
 1.20000e+01  7.56092e-01 
 1.25000e+01  7.85309e-01 
 1.30000e+01  8.14333e-01 
 1.35000e+01  8.43161e-01 
 1.40000e+01  8.71793e-01 
 1.45000e+01  9.00227e-01 
 1.50000e+01  9.28462e-01 
 1.55000e+01  9.56494e-01 
 1.60000e+01  9.84324e-01 
 1.65000e+01  1.01195e+00 
 1.70000e+01  1.03937e+00 
 1.75000e+01  1.06659e+00 
 1.80000e+01  1.09359e+00 
 1.85000e+01  1.12038e+00 
 1.90000e+01  1.14697e+00 
 1.95000e+01  1.17333e+00 
 2.00000e+01  1.19948e+00 
 2.05000e+01  1.22541e+00 
 2.10000e+01  1.25113e+00 
 2.15000e+01  1.27663e+00 
 2.20000e+01  1.30190e+00 
 2.25000e+01  1.32696e+00 
 2.30000e+01  1.35180e+00 
 2.35000e+01  1.37641e+00 
 2.40000e+01  1.40080e+00 
 2.45000e+01  1.42496e+00 
 2.50000e+01  1.44888e+00 
 2.55000e+01  1.47258e+00 
 2.60000e+01  1.49604e+00 
 2.65000e+01  1.51927e+00 
 2.70000e+01  1.54226e+00 
 2.75000e+01  1.56501e+00 
 2.80000e+01  1.58753e+00 
 2.85000e+01  1.60980e+00 
 2.90000e+01  1.63183e+00 
 2.95000e+01  1.65361e+00 
 3.00000e+01  1.67516e+00 
 3.05000e+01  1.69645e+00 
 3.10000e+01  1.71749e+00 
 3.15000e+01  1.73829e+00 
 3.20000e+01  1.75882e+00 
 3.25000e+01  1.77911e+00 
 3.30000e+01  1.79913e+00 
 3.35000e+01  1.81890e+00 
 3.40000e+01  1.83841e+00 
 3.45000e+01  1.85766e+00 
 3.50000e+01  1.87665e+00 
 3.55000e+01  1.89537e+00 
 3.60000e+01  1.91383e+00 
 3.65000e+01  1.93203e+00 
 3.70000e+01  1.94997e+00 
 3.75000e+01  1.96763e+00 
 3.80000e+01  1.98504e+00 
 3.85000e+01  2.00218e+00 
 3.90000e+01  2.01905e+00 
 3.95000e+01  2.03565e+00 
 4.00000e+01  2.05199e+00 
 4.05000e+01  2.06805e+00 
 4.10000e+01  2.08385e+00 
 4.15000e+01  2.09937e+00 
 4.20000e+01  2.11463e+00 
 4.25000e+01  2.12963e+00 
 4.30000e+01  2.14435e+00 
 4.35000e+01  2.15880e+00 
 4.40000e+01  2.17297e+00 
 4.45000e+01  2.18687e+00 
 4.50000e+01  2.20049e+00 
 4.55000e+01  2.21384e+00 
 4.60000e+01  2.22690e+00 
 4.65000e+01  2.23970e+00 
 4.70000e+01  2.25221e+00 
 4.75000e+01  2.26446e+00 
 4.80000e+01  2.27642e+00 
 4.85000e+01  2.28811e+00 
 4.90000e+01  2.29952e+00 
 4.95000e+01  2.31065e+00 
 5.00000e+01  2.32150e+00 
 5.05000e+01  2.33207e+00 
 5.10000e+01  2.34236e+00 
 5.15000e+01  2.35237e+00 
 5.20000e+01  2.36209e+00 
 5.25000e+01  2.37152e+00 
 5.30000e+01  2.38068e+00 
 5.35000e+01  2.38954e+00 
 5.40000e+01  2.39812e+00 
 5.45000e+01  2.40641e+00 
 5.50000e+01  2.41441e+00 
 5.55000e+01  2.42213e+00 
 5.60000e+01  2.42957e+00 
 5.65000e+01  2.43673e+00 
 5.70000e+01  2.44360e+00 
 5.75000e+01  2.45019e+00 
 5.80000e+01  2.45650e+00 
 5.85000e+01  2.46253e+00 
 5.90000e+01  2.46828e+00 
 5.95000e+01  2.47377e+00 
 6.00000e+01  2.47899e+00 
 6.05000e+01  2.48395e+00 
 6.10000e+01  2.48865e+00 
 6.15000e+01  2.49311e+00 
 6.20000e+01  2.49733e+00 
 6.25000e+01  2.50134e+00 
 6.30000e+01  2.50512e+00 
 6.35000e+01  2.50869e+00 
 6.40000e+01  2.51207e+00 
 6.45000e+01  2.51526e+00 
 6.50000e+01  2.51827e+00 
 6.55000e+01  2.52111e+00 
 6.60000e+01  2.52379e+00 
 6.65000e+01  2.52631e+00 
 6.70000e+01  2.52869e+00 
 6.75000e+01  2.53093e+00 
 6.80000e+01  2.53304e+00 
 6.85000e+01  2.53503e+00 
 6.90000e+01  2.53690e+00 
 6.95000e+01  2.53866e+00 
 7.00000e+01  2.54031e+00 
 7.05000e+01  2.54187e+00 
 7.10000e+01  2.54335e+00 
 7.15000e+01  2.54475e+00 
 7.20000e+01  2.54606e+00 
 7.25000e+01  2.54731e+00 
 7.30000e+01  2.54850e+00 
 7.35000e+01  2.54966e+00 
 7.40000e+01  2.55075e+00 
 7.45000e+01  2.55179e+00 
 7.50000e+01  2.55279e+00 
 7.55000e+01  2.55372e+00 
 7.60000e+01  2.55457e+00 
 7.65000e+01  2.55536e+00 
 7.70000e+01  2.55611e+00 
 7.75000e+01  2.55683e+00 
 7.80000e+01  2.55751e+00 
 7.85000e+01  2.55815e+00 
 7.90000e+01  2.55875e+00 
 7.95000e+01  2.55933e+00 
 8.00000e+01  2.55987e+00 
 8.05000e+01  2.56040e+00 
 8.10000e+01  2.56091e+00 
 8.15000e+01  2.56140e+00 
 8.20000e+01  2.56186e+00 
 8.25000e+01  2.56232e+00 
 8.30000e+01  2.56279e+00 
 8.35000e+01  2.56327e+00 
 8.40000e+01  2.56374e+00 
 8.45000e+01  2.56416e+00 
 8.50000e+01  2.56458e+00 
 8.55000e+01  2.56498e+00 
 8.60000e+01  2.56540e+00 
 8.65000e+01  2.56581e+00 
 8.70000e+01  2.56621e+00 
 8.75000e+01  2.56662e+00 
 8.80000e+01  2.56700e+00 
 8.85000e+01  2.56736e+00 
 8.90000e+01  2.56770e+00 
 8.95000e+01  2.56801e+00 
 9.00000e+01  2.56830e+00 
 9.05000e+01  2.56856e+00 
 9.10000e+01  2.56884e+00 
 9.15000e+01  2.56913e+00 
 9.20000e+01  2.56942e+00 
 9.25000e+01  2.56970e+00 
 9.30000e+01  2.57000e+00 
 9.35000e+01  2.57030e+00 
 9.40000e+01  2.57056e+00 
 9.45000e+01  2.57081e+00 
 9.50000e+01  2.57104e+00 
 9.55000e+01  2.57126e+00 
 9.60000e+01  2.57149e+00 
 9.65000e+01  2.57171e+00 
 9.70000e+01  2.57193e+00 
 9.75000e+01  2.57215e+00 
 9.80000e+01  2.57240e+00 
 9.85000e+01  2.57265e+00 
 9.90000e+01  2.57293e+00 
 9.95000e+01  2.57321e+00 
 1.00000e+02  2.57345e+00 
 1.00500e+02  2.57367e+00 
 1.01000e+02  2.57385e+00 
 1.01500e+02  2.57402e+00 
 1.02000e+02  2.57415e+00 
 1.02500e+02  2.57429e+00 
 1.03000e+02  2.57444e+00 
 1.03500e+02  2.57461e+00 
 1.04000e+02  2.57483e+00 
 1.04500e+02  2.57506e+00 
 1.05000e+02  2.57531e+00 
 1.05500e+02  2.57552e+00 
 1.06000e+02  2.57571e+00 
 1.06500e+02  2.57592e+00 
 1.07000e+02  2.57611e+00 
 1.07500e+02  2.57631e+00 
 1.08000e+02  2.57646e+00 
 1.08500e+02  2.57656e+00 
 1.09000e+02  2.57666e+00 
 1.09500e+02  2.57678e+00 
 1.10000e+02  2.57690e+00 
 1.10500e+02  2.57703e+00 
 1.11000e+02  2.57716e+00 
 1.11500e+02  2.57728e+00 
 1.12000e+02  2.57740e+00 
 1.12500e+02  2.57749e+00 
 1.13000e+02  2.57761e+00 
 1.13500e+02  2.57777e+00 
 1.14000e+02  2.57794e+00 
 1.14500e+02  2.57812e+00 
 1.15000e+02  2.57828e+00 
 1.15500e+02  2.57842e+00 
 1.16000e+02  2.57850e+00 
 1.16500e+02  2.57860e+00 
 1.17000e+02  2.57871e+00 
 1.17500e+02  2.57879e+00 
 1.18000e+02  2.57890e+00 
 1.18500e+02  2.57899e+00 
 1.19000e+02  2.57909e+00 
 1.19500e+02  2.57919e+00 
 1.20000e+02  2.57929e+00 
 1.20500e+02  2.57939e+00 
 1.21000e+02  2.57944e+00 
 1.21500e+02  2.57950e+00 
 1.22000e+02  2.57957e+00 
 1.22500e+02  2.57966e+00 
 1.23000e+02  2.57972e+00 
 1.23500e+02  2.57978e+00 
 1.24000e+02  2.57986e+00 
 1.24500e+02  2.57992e+00 
 1.25000e+02  2.57996e+00 
 1.25500e+02  2.58003e+00 
 1.26000e+02  2.58010e+00 
 1.26500e+02  2.58020e+00 
 1.27000e+02  2.58026e+00 
 1.27500e+02  2.58034e+00 
 1.28000e+02  2.58038e+00 
 1.28500e+02  2.58036e+00 
 1.29000e+02  2.58038e+00 
 1.29500e+02  2.58043e+00 
 1.30000e+02  2.58044e+00 
 1.30500e+02  2.58047e+00 
 1.31000e+02  2.58054e+00 
 1.31500e+02  2.58055e+00 
 1.32000e+02  2.58062e+00 
 1.32500e+02  2.58065e+00 
 1.33000e+02  2.58067e+00 
 1.33500e+02  2.58070e+00 
 1.34000e+02  2.58073e+00 
 1.34500e+02  2.58074e+00 
 1.35000e+02  2.58071e+00 
 1.35500e+02  2.58073e+00 
 1.36000e+02  2.58078e+00 
 1.36500e+02  2.58080e+00 
 1.37000e+02  2.58083e+00 
 1.37500e+02  2.58084e+00 
 1.38000e+02  2.58085e+00 
 1.38500e+02  2.58088e+00 
 1.39000e+02  2.58084e+00 
 1.39500e+02  2.58087e+00 
 1.40000e+02  2.58093e+00 
 1.40500e+02  2.58096e+00 
 1.41000e+02  2.58095e+00 
 1.41500e+02  2.58096e+00 
 1.42000e+02  2.58096e+00 
 1.42500e+02  2.58099e+00 
 1.43000e+02  2.58101e+00 
 1.43500e+02  2.58100e+00 
 1.44000e+02  2.58102e+00 
 1.44500e+02  2.58103e+00 
 1.45000e+02  2.58101e+00 
 1.45500e+02  2.58103e+00 
 1.46000e+02  2.58105e+00 
 1.46500e+02  2.58104e+00 
 1.47000e+02  2.58109e+00 
 1.47500e+02  2.58107e+00 
 1.48000e+02  2.58105e+00 
 1.48500e+02  2.58108e+00 
 1.49000e+02  2.58107e+00 
 1.49500e+02  2.58108e+00 
 1.50000e+02  2.58110e+00 
 1.50500e+02  2.58109e+00 
 1.51000e+02  2.58107e+00 
 1.51500e+02  2.58110e+00 
 1.52000e+02  2.58108e+00 
 1.52500e+02  2.58108e+00 
 1.53000e+02  2.58108e+00 
 1.53500e+02  2.58107e+00 
 1.54000e+02  2.58108e+00 
 1.54500e+02  2.58107e+00 
 1.55000e+02  2.58108e+00 
 1.55500e+02  2.58111e+00 
 1.56000e+02  2.58112e+00 
 1.56500e+02  2.58110e+00 
 1.57000e+02  2.58112e+00 
 1.57500e+02  2.58111e+00 
 1.58000e+02  2.58111e+00 
 1.58500e+02  2.58113e+00 
 1.59000e+02  2.58115e+00 
 1.59500e+02  2.58113e+00 
 1.60000e+02  2.58113e+00 
 1.60500e+02  2.58115e+00 
 1.61000e+02  2.58113e+00 
 1.61500e+02  2.58113e+00 
 1.62000e+02  2.58115e+00 
 1.62500e+02  2.58111e+00 
 1.63000e+02  2.58112e+00 
 1.63500e+02  2.58112e+00 
 1.64000e+02  2.58113e+00 
 1.64500e+02  2.58111e+00 
 1.65000e+02  2.58112e+00 
 1.65500e+02  2.58109e+00 
 1.66000e+02  2.58110e+00 
 1.66500e+02  2.58110e+00 
 1.67000e+02  2.58111e+00 
 1.67500e+02  2.58110e+00 
 1.68000e+02  2.58112e+00 
 1.68500e+02  2.58109e+00 
 1.69000e+02  2.58108e+00 
 1.69500e+02  2.58108e+00 
 1.70000e+02  2.58108e+00 
 1.70500e+02  2.58106e+00 
 1.71000e+02  2.58105e+00 
 1.71500e+02  2.58104e+00 
 1.72000e+02  2.58109e+00 
 1.72500e+02  2.58103e+00 
 1.73000e+02  2.58105e+00 
 1.73500e+02  2.58105e+00 
 1.74000e+02  2.58102e+00 
 1.74500e+02  2.58103e+00 
 1.75000e+02  2.58102e+00 
 1.75500e+02  2.58101e+00 
 1.76000e+02  2.58099e+00 
 1.76500e+02  2.58097e+00 
 1.77000e+02  2.58097e+00 
 1.77500e+02  2.58096e+00 
 1.78000e+02  2.58095e+00 
 1.78500e+02  2.58096e+00 
 1.79000e+02  2.58092e+00 
 1.79500e+02  2.58091e+00 
 1.80000e+02  2.58088e+00 
 1.80500e+02  2.58086e+00 
 1.81000e+02  2.58086e+00 
 1.81500e+02  2.58087e+00 
 1.82000e+02  2.58084e+00 
 1.82500e+02  2.58082e+00 
 1.83000e+02  2.58083e+00 
 1.83500e+02  2.58078e+00 
 1.84000e+02  2.58074e+00 
 1.84500e+02  2.58072e+00 
 1.85000e+02  2.58070e+00 
 1.85500e+02  2.58065e+00 
 1.86000e+02  2.58063e+00 
 1.86500e+02  2.58060e+00 
 1.87000e+02  2.58059e+00 
 1.87500e+02  2.58060e+00 
 1.88000e+02  2.58056e+00 
 1.88500e+02  2.58053e+00 
 1.89000e+02  2.58052e+00 
 1.89500e+02  2.58048e+00 
 1.90000e+02  2.58047e+00 
 1.90500e+02  2.58043e+00 
 1.91000e+02  2.58040e+00 
 1.91500e+02  2.58037e+00 
 1.92000e+02  2.58031e+00 
 1.92500e+02  2.58022e+00 
 1.93000e+02  2.58016e+00 
 1.93500e+02  2.58016e+00 
 1.94000e+02  2.58014e+00 
 1.94500e+02  2.58009e+00 
 1.95000e+02  2.57999e+00 
 1.95500e+02  2.57988e+00 
 1.96000e+02  2.57978e+00 
 1.96500e+02  2.57974e+00 
 1.97000e+02  2.57972e+00 
 1.97500e+02  2.57964e+00 
 1.98000e+02  2.57954e+00 
 1.98500e+02  2.57945e+00 
 1.99000e+02  2.57937e+00 
 1.99500e+02  2.57927e+00 
 2.00000e+02  2.57918e+00 
 2.00500e+02  2.57909e+00 
 2.01000e+02  2.57897e+00 
 2.01500e+02  2.57883e+00 
 2.02000e+02  2.57874e+00 
 2.02500e+02  2.57868e+00 
 2.03000e+02  2.57859e+00 
 2.03500e+02  2.57847e+00 
 2.04000e+02  2.57829e+00 
 2.04500e+02  2.57813e+00 
 2.05000e+02  2.57799e+00 
 2.05500e+02  2.57786e+00 
 2.06000e+02  2.57772e+00 
 2.06500e+02  2.57757e+00 
 2.07000e+02  2.57742e+00 
 2.07500e+02  2.57729e+00 
 2.08000e+02  2.57719e+00 
 2.08500e+02  2.57706e+00 
 2.09000e+02  2.57692e+00 
 2.09500e+02  2.57678e+00 
 2.10000e+02  2.57666e+00 
 2.10500e+02  2.57654e+00 
 2.11000e+02  2.57641e+00 
 2.11500e+02  2.57628e+00 
 2.12000e+02  2.57615e+00 
 2.12500e+02  2.57600e+00 
 2.13000e+02  2.57583e+00 
 2.13500e+02  2.57567e+00 
 2.14000e+02  2.57553e+00 
 2.14500e+02  2.57540e+00 
 2.15000e+02  2.57529e+00 
 2.15500e+02  2.57513e+00 
 2.16000e+02  2.57491e+00 
 2.16500e+02  2.57468e+00 
 2.17000e+02  2.57447e+00 
 2.17500e+02  2.57429e+00 
 2.18000e+02  2.57413e+00 
 2.18500e+02  2.57397e+00 
 2.19000e+02  2.57378e+00 
 2.19500e+02  2.57358e+00 
 2.20000e+02  2.57340e+00 
 2.20500e+02  2.57318e+00 
 2.21000e+02  2.57293e+00 
 2.21500e+02  2.57270e+00 
 2.22000e+02  2.57248e+00 
 2.22500e+02  2.57227e+00 
 2.23000e+02  2.57208e+00 
 2.23500e+02  2.57189e+00 
 2.24000e+02  2.57167e+00 
 2.24500e+02  2.57142e+00 
 2.25000e+02  2.57114e+00 
 2.25500e+02  2.57085e+00 
 2.26000e+02  2.57055e+00 
 2.26500e+02  2.57024e+00 
 2.27000e+02  2.56991e+00 
 2.27500e+02  2.56960e+00 
 2.28000e+02  2.56932e+00 
 2.28500e+02  2.56903e+00 
 2.29000e+02  2.56873e+00 
 2.29500e+02  2.56840e+00 
 2.30000e+02  2.56806e+00 
 2.30500e+02  2.56771e+00 
 2.31000e+02  2.56736e+00 
 2.31500e+02  2.56698e+00 
 2.32000e+02  2.56658e+00 
 2.32500e+02  2.56617e+00 
 2.33000e+02  2.56575e+00 
 2.33500e+02  2.56532e+00 
 2.34000e+02  2.56491e+00 
 2.34500e+02  2.56454e+00 
 2.35000e+02  2.56418e+00 
 2.35500e+02  2.56378e+00 
 2.36000e+02  2.56336e+00 
 2.36500e+02  2.56292e+00 
 2.37000e+02  2.56247e+00 
 2.37500e+02  2.56196e+00 
 2.38000e+02  2.56141e+00 
 2.38500e+02  2.56085e+00 
 2.39000e+02  2.56028e+00 
 2.39500e+02  2.55971e+00 
 2.40000e+02  2.55913e+00 
 2.40500e+02  2.55850e+00 
 2.41000e+02  2.55784e+00 
 2.41500e+02  2.55715e+00 
 2.42000e+02  2.55643e+00 
 2.42500e+02  2.55570e+00 
 2.43000e+02  2.55497e+00 
 2.43500e+02  2.55424e+00 
 2.44000e+02  2.55349e+00 
 2.44500e+02  2.55271e+00 
 2.45000e+02  2.55189e+00 
 2.45500e+02  2.55103e+00 
 2.46000e+02  2.55011e+00 
 2.46500e+02  2.54911e+00 
 2.47000e+02  2.54805e+00 
 2.47500e+02  2.54694e+00 
 2.48000e+02  2.54576e+00 
 2.48500e+02  2.54451e+00 
 2.49000e+02  2.54319e+00 
 2.49500e+02  2.54179e+00 
 2.50000e+02  2.54029e+00 
 2.50500e+02  2.53869e+00 
 2.51000e+02  2.53699e+00 
 2.51500e+02  2.53518e+00 
 2.52000e+02  2.53326e+00 
 2.52500e+02  2.53121e+00 
 2.53000e+02  2.52902e+00 
 2.53500e+02  2.52670e+00 
 2.54000e+02  2.52423e+00 
 2.54500e+02  2.52159e+00 
 2.55000e+02  2.51879e+00 
 2.55500e+02  2.51582e+00 
 2.56000e+02  2.51266e+00 
 2.56500e+02  2.50930e+00 
 2.57000e+02  2.50574e+00 
 2.57500e+02  2.50197e+00 
 2.58000e+02  2.49799e+00 
 2.58500e+02  2.49376e+00 
 2.59000e+02  2.48930e+00 
 2.59500e+02  2.48460e+00 
 2.60000e+02  2.47964e+00 
 2.60500e+02  2.47442e+00 
 2.61000e+02  2.46895e+00 
 2.61500e+02  2.46322e+00 
 2.62000e+02  2.45722e+00 
 2.62500e+02  2.45096e+00 
 2.63000e+02  2.44443e+00 
 2.63500e+02  2.43762e+00 
 2.64000e+02  2.43052e+00 
 2.64500e+02  2.42314e+00 
 2.65000e+02  2.41548e+00 
 2.65500e+02  2.40753e+00 
 2.66000e+02  2.39929e+00 
 2.66500e+02  2.39077e+00 
 2.67000e+02  2.38198e+00 
 2.67500e+02  2.37290e+00 
 2.68000e+02  2.36354e+00 
 2.68500e+02  2.35390e+00 
 2.69000e+02  2.34397e+00 
 2.69500e+02  2.33376e+00 
 2.70000e+02  2.32325e+00 
 2.70500e+02  2.31245e+00 
 2.71000e+02  2.30137e+00 
 2.71500e+02  2.29000e+00 
 2.72000e+02  2.27835e+00 
 2.72500e+02  2.26641e+00 
 2.73000e+02  2.25420e+00 
 2.73500e+02  2.24170e+00 
 2.74000e+02  2.22891e+00 
 2.74500e+02  2.21585e+00 
 2.75000e+02  2.20251e+00 
 2.75500e+02  2.18890e+00 
 2.76000e+02  2.17501e+00 
 2.76500e+02  2.16085e+00 
 2.77000e+02  2.14642e+00 
 2.77500e+02  2.13172e+00 
 2.78000e+02  2.11674e+00 
 2.78500e+02  2.10150e+00 
 2.79000e+02  2.08598e+00 
 2.79500e+02  2.07020e+00 
 2.80000e+02  2.05414e+00 
 2.80500e+02  2.03782e+00 
 2.81000e+02  2.02122e+00 
 2.81500e+02  2.00436e+00 
 2.82000e+02  1.98723e+00 
 2.82500e+02  1.96983e+00 
 2.83000e+02  1.95216e+00 
 2.83500e+02  1.93422e+00 
 2.84000e+02  1.91601e+00 
 2.84500e+02  1.89754e+00 
 2.85000e+02  1.87880e+00 
 2.85500e+02  1.85980e+00 
 2.86000e+02  1.84054e+00 
 2.86500e+02  1.82101e+00 
 2.87000e+02  1.80123e+00 
 2.87500e+02  1.78119e+00 
 2.88000e+02  1.76089e+00 
 2.88500e+02  1.74033e+00 
 2.89000e+02  1.71953e+00 
 2.89500e+02  1.69847e+00 
 2.90000e+02  1.67716e+00 
 2.90500e+02  1.65560e+00 
 2.91000e+02  1.63379e+00 
 2.91500e+02  1.61174e+00 
 2.92000e+02  1.58945e+00 
 2.92500e+02  1.56691e+00 
 2.93000e+02  1.54413e+00 
 2.93500e+02  1.52111e+00 
 2.94000e+02  1.49786e+00 
 2.94500e+02  1.47436e+00 
 2.95000e+02  1.45064e+00 
 2.95500e+02  1.42668e+00 
 2.96000e+02  1.40249e+00 
 2.96500e+02  1.37808e+00 
 2.97000e+02  1.35343e+00 
 2.97500e+02  1.32856e+00 
 2.98000e+02  1.30347e+00 
 2.98500e+02  1.27817e+00 
 2.99000e+02  1.25264e+00 
 2.99500e+02  1.22690e+00 
 3.00000e+02  1.20094e+00 
 3.00500e+02  1.17477e+00 
 3.01000e+02  1.14838e+00 
 3.01500e+02  1.12179e+00 
 3.02000e+02  1.09499e+00 
 3.02500e+02  1.06798e+00 
 3.03000e+02  1.04077e+00 
 3.03500e+02  1.01335e+00 
 3.04000e+02  9.85730e-01 
 3.04500e+02  9.57909e-01 
 3.05000e+02  9.29888e-01 
 3.05500e+02  9.01669e-01 
 3.06000e+02  8.73250e-01 
 3.06500e+02  8.44634e-01 
 3.07000e+02  8.15820e-01 
 3.07500e+02  7.86811e-01 
 3.08000e+02  7.57609e-01 
 3.08500e+02  7.28215e-01 
 3.09000e+02  6.98632e-01 
 3.09500e+02  6.68860e-01 
 3.10000e+02  6.38901e-01 
 3.10500e+02  6.08757e-01 
 3.11000e+02  5.78428e-01 
 3.11500e+02  5.47915e-01 
 3.12000e+02  5.17219e-01 
 3.12500e+02  4.86341e-01 
 3.13000e+02  4.55283e-01 
 3.13500e+02  4.24045e-01 
 3.14000e+02  3.92629e-01 
 3.14500e+02  3.61034e-01 
 3.15000e+02  3.29263e-01 
 3.15500e+02  2.97316e-01 
 3.16000e+02  2.65195e-01 
 3.16500e+02  2.32899e-01 
 3.17000e+02  2.00430e-01 
 3.17500e+02  1.67789e-01 
 3.18000e+02  1.34977e-01 
 3.18500e+02  1.01994e-01 
 3.19000e+02  6.88422e-02 
 3.19500e+02  3.55217e-02 
