 0.00000e+00  0.00000e+00 
 5.00000e-01  3.35186e-02 
 1.00000e+00  6.68685e-02 
 1.50000e+00  1.00050e-01 
 2.00000e+00  1.33062e-01 
 2.50000e+00  1.65903e-01 
 3.00000e+00  1.98572e-01 
 3.50000e+00  2.31068e-01 
 4.00000e+00  2.63389e-01 
 4.50000e+00  2.95534e-01 
 5.00000e+00  3.27503e-01 
 5.50000e+00  3.59296e-01 
 6.00000e+00  3.90912e-01 
 6.50000e+00  4.22349e-01 
 7.00000e+00  4.53608e-01 
 7.50000e+00  4.84687e-01 
 8.00000e+00  5.15587e-01 
 8.50000e+00  5.46304e-01 
 9.00000e+00  5.76840e-01 
 9.50000e+00  6.07192e-01 
 1.00000e+01  6.37360e-01 
 1.05000e+01  6.67341e-01 
 1.10000e+01  6.97133e-01 
 1.15000e+01  7.26735e-01 
 1.20000e+01  7.56144e-01 
 1.25000e+01  7.85359e-01 
 1.30000e+01  8.14380e-01 
 1.35000e+01  8.43207e-01 
 1.40000e+01  8.71838e-01 
 1.45000e+01  9.00271e-01 
 1.50000e+01  9.28505e-01 
 1.55000e+01  9.56537e-01 
 1.60000e+01  9.84366e-01 
 1.65000e+01  1.01199e+00 
 1.70000e+01  1.03941e+00 
 1.75000e+01  1.06662e+00 
 1.80000e+01  1.09362e+00 
 1.85000e+01  1.12041e+00 
 1.90000e+01  1.14699e+00 
 1.95000e+01  1.17335e+00 
 2.00000e+01  1.19951e+00 
 2.05000e+01  1.22545e+00 
 2.10000e+01  1.25117e+00 
 2.15000e+01  1.27667e+00 
 2.20000e+01  1.30195e+00 
 2.25000e+01  1.32701e+00 
 2.30000e+01  1.35184e+00 
 2.35000e+01  1.37645e+00 
 2.40000e+01  1.40083e+00 
 2.45000e+01  1.42497e+00 
 2.50000e+01  1.44889e+00 
 2.55000e+01  1.47257e+00 
 2.60000e+01  1.49602e+00 
 2.65000e+01  1.51923e+00 
 2.70000e+01  1.54220e+00 
 2.75000e+01  1.56493e+00 
 2.80000e+01  1.58741e+00 
 2.85000e+01  1.60966e+00 
 2.90000e+01  1.63165e+00 
 2.95000e+01  1.65340e+00 
 3.00000e+01  1.67489e+00 
 3.05000e+01  1.69613e+00 
 3.10000e+01  1.71712e+00 
 3.15000e+01  1.73785e+00 
 3.20000e+01  1.75832e+00 
 3.25000e+01  1.77854e+00 
 3.30000e+01  1.79850e+00 
 3.35000e+01  1.81819e+00 
 3.40000e+01  1.83763e+00 
 3.45000e+01  1.85680e+00 
 3.50000e+01  1.87572e+00 
 3.55000e+01  1.89437e+00 
 3.60000e+01  1.91275e+00 
 3.65000e+01  1.93088e+00 
 3.70000e+01  1.94873e+00 
 3.75000e+01  1.96632e+00 
 3.80000e+01  1.98364e+00 
 3.85000e+01  2.00069e+00 
 3.90000e+01  2.01747e+00 
 3.95000e+01  2.03398e+00 
 4.00000e+01  2.05023e+00 
 4.05000e+01  2.06620e+00 
 4.10000e+01  2.08191e+00 
 4.15000e+01  2.09735e+00 
 4.20000e+01  2.11253e+00 
 4.25000e+01  2.12743e+00 
 4.30000e+01  2.14206e+00 
 4.35000e+01  2.15641e+00 
 4.40000e+01  2.17050e+00 
 4.45000e+01  2.18431e+00 
 4.50000e+01  2.19784e+00 
 4.55000e+01  2.21109e+00 
 4.60000e+01  2.22406e+00 
 4.65000e+01  2.23675e+00 
 4.70000e+01  2.24916e+00 
 4.75000e+01  2.26128e+00 
 4.80000e+01  2.27312e+00 
 4.85000e+01  2.28468e+00 
 4.90000e+01  2.29596e+00 
 4.95000e+01  2.30695e+00 
 5.00000e+01  2.31765e+00 
 5.05000e+01  2.32807e+00 
 5.10000e+01  2.33820e+00 
 5.15000e+01  2.34805e+00 
 5.20000e+01  2.35761e+00 
 5.25000e+01  2.36689e+00 
 5.30000e+01  2.37588e+00 
 5.35000e+01  2.38458e+00 
 5.40000e+01  2.39299e+00 
 5.45000e+01  2.40112e+00 
 5.50000e+01  2.40896e+00 
 5.55000e+01  2.41650e+00 
 5.60000e+01  2.42375e+00 
 5.65000e+01  2.43072e+00 
 5.70000e+01  2.43740e+00 
 5.75000e+01  2.44381e+00 
 5.80000e+01  2.44994e+00 
 5.85000e+01  2.45581e+00 
 5.90000e+01  2.46140e+00 
 5.95000e+01  2.46674e+00 
 6.00000e+01  2.47181e+00 
 6.05000e+01  2.47664e+00 
 6.10000e+01  2.48122e+00 
 6.15000e+01  2.48556e+00 
 6.20000e+01  2.48968e+00 
 6.25000e+01  2.49358e+00 
 6.30000e+01  2.49728e+00 
 6.35000e+01  2.50078e+00 
 6.40000e+01  2.50409e+00 
 6.45000e+01  2.50720e+00 
 6.50000e+01  2.51013e+00 
 6.55000e+01  2.51291e+00 
 6.60000e+01  2.51553e+00 
 6.65000e+01  2.51800e+00 
 6.70000e+01  2.52032e+00 
 6.75000e+01  2.52249e+00 
 6.80000e+01  2.52453e+00 
 6.85000e+01  2.52644e+00 
 6.90000e+01  2.52823e+00 
 6.95000e+01  2.52989e+00 
 7.00000e+01  2.53145e+00 
 7.05000e+01  2.53290e+00 
 7.10000e+01  2.53426e+00 
 7.15000e+01  2.53552e+00 
 7.20000e+01  2.53671e+00 
 7.25000e+01  2.53785e+00 
 7.30000e+01  2.53894e+00 
 7.35000e+01  2.54000e+00 
 7.40000e+01  2.54101e+00 
 7.45000e+01  2.54199e+00 
 7.50000e+01  2.54291e+00 
 7.55000e+01  2.54378e+00 
 7.60000e+01  2.54463e+00 
 7.65000e+01  2.54544e+00 
 7.70000e+01  2.54621e+00 
 7.75000e+01  2.54694e+00 
 7.80000e+01  2.54762e+00 
 7.85000e+01  2.54827e+00 
 7.90000e+01  2.54890e+00 
 7.95000e+01  2.54953e+00 
 8.00000e+01  2.55012e+00 
 8.05000e+01  2.55067e+00 
 8.10000e+01  2.55119e+00 
 8.15000e+01  2.55167e+00 
 8.20000e+01  2.55212e+00 
 8.25000e+01  2.55252e+00 
 8.30000e+01  2.55294e+00 
 8.35000e+01  2.55337e+00 
 8.40000e+01  2.55382e+00 
 8.45000e+01  2.55429e+00 
 8.50000e+01  2.55474e+00 
 8.55000e+01  2.55517e+00 
 8.60000e+01  2.55557e+00 
 8.65000e+01  2.55597e+00 
 8.70000e+01  2.55633e+00 
 8.75000e+01  2.55670e+00 
 8.80000e+01  2.55704e+00 
 8.85000e+01  2.55739e+00 
 8.90000e+01  2.55775e+00 
 8.95000e+01  2.55810e+00 
 9.00000e+01  2.55844e+00 
 9.05000e+01  2.55874e+00 
 9.10000e+01  2.55901e+00 
 9.15000e+01  2.55930e+00 
 9.20000e+01  2.55956e+00 
 9.25000e+01  2.55983e+00 
 9.30000e+01  2.56013e+00 
 9.35000e+01  2.56045e+00 
 9.40000e+01  2.56074e+00 
 9.45000e+01  2.56099e+00 
 9.50000e+01  2.56122e+00 
 9.55000e+01  2.56140e+00 
 9.60000e+01  2.56159e+00 
 9.65000e+01  2.56183e+00 
 9.70000e+01  2.56208e+00 
 9.75000e+01  2.56234e+00 
 9.80000e+01  2.56260e+00 
 9.85000e+01  2.56286e+00 
 9.90000e+01  2.56309e+00 
 9.95000e+01  2.56330e+00 
 1.00000e+02  2.56349e+00 
 1.00500e+02  2.56366e+00 
 1.01000e+02  2.56384e+00 
 1.01500e+02  2.56404e+00 
 1.02000e+02  2.56423e+00 
 1.02500e+02  2.56445e+00 
 1.03000e+02  2.56464e+00 
 1.03500e+02  2.56483e+00 
 1.04000e+02  2.56499e+00 
 1.04500e+02  2.56516e+00 
 1.05000e+02  2.56533e+00 
 1.05500e+02  2.56551e+00 
 1.06000e+02  2.56570e+00 
 1.06500e+02  2.56588e+00 
 1.07000e+02  2.56607e+00 
 1.07500e+02  2.56622e+00 
 1.08000e+02  2.56632e+00 
 1.08500e+02  2.56642e+00 
 1.09000e+02  2.56655e+00 
 1.09500e+02  2.56672e+00 
 1.10000e+02  2.56689e+00 
 1.10500e+02  2.56706e+00 
 1.11000e+02  2.56723e+00 
 1.11500e+02  2.56737e+00 
 1.12000e+02  2.56751e+00 
 1.12500e+02  2.56765e+00 
 1.13000e+02  2.56779e+00 
 1.13500e+02  2.56789e+00 
 1.14000e+02  2.56799e+00 
 1.14500e+02  2.56807e+00 
 1.15000e+02  2.56820e+00 
 1.15500e+02  2.56832e+00 
 1.16000e+02  2.56844e+00 
 1.16500e+02  2.56858e+00 
 1.17000e+02  2.56872e+00 
 1.17500e+02  2.56885e+00 
 1.18000e+02  2.56894e+00 
 1.18500e+02  2.56906e+00 
 1.19000e+02  2.56919e+00 
 1.19500e+02  2.56928e+00 
 1.20000e+02  2.56933e+00 
 1.20500e+02  2.56940e+00 
 1.21000e+02  2.56951e+00 
 1.21500e+02  2.56963e+00 
 1.22000e+02  2.56971e+00 
 1.22500e+02  2.56977e+00 
 1.23000e+02  2.56986e+00 
 1.23500e+02  2.56995e+00 
 1.24000e+02  2.57000e+00 
 1.24500e+02  2.57005e+00 
 1.25000e+02  2.57015e+00 
 1.25500e+02  2.57024e+00 
 1.26000e+02  2.57031e+00 
 1.26500e+02  2.57034e+00 
 1.27000e+02  2.57038e+00 
 1.27500e+02  2.57041e+00 
 1.28000e+02  2.57047e+00 
 1.28500e+02  2.57053e+00 
 1.29000e+02  2.57056e+00 
 1.29500e+02  2.57059e+00 
 1.30000e+02  2.57062e+00 
 1.30500e+02  2.57062e+00 
 1.31000e+02  2.57066e+00 
 1.31500e+02  2.57071e+00 
 1.32000e+02  2.57077e+00 
 1.32500e+02  2.57076e+00 
 1.33000e+02  2.57079e+00 
 1.33500e+02  2.57082e+00 
 1.34000e+02  2.57080e+00 
 1.34500e+02  2.57081e+00 
 1.35000e+02  2.57085e+00 
 1.35500e+02  2.57087e+00 
 1.36000e+02  2.57089e+00 
 1.36500e+02  2.57093e+00 
 1.37000e+02  2.57092e+00 
 1.37500e+02  2.57091e+00 
 1.38000e+02  2.57096e+00 
 1.38500e+02  2.57099e+00 
 1.39000e+02  2.57101e+00 
 1.39500e+02  2.57102e+00 
 1.40000e+02  2.57106e+00 
 1.40500e+02  2.57106e+00 
 1.41000e+02  2.57108e+00 
 1.41500e+02  2.57109e+00 
 1.42000e+02  2.57108e+00 
 1.42500e+02  2.57110e+00 
 1.43000e+02  2.57110e+00 
 1.43500e+02  2.57109e+00 
 1.44000e+02  2.57109e+00 
 1.44500e+02  2.57111e+00 
 1.45000e+02  2.57110e+00 
 1.45500e+02  2.57112e+00 
 1.46000e+02  2.57114e+00 
 1.46500e+02  2.57116e+00 
 1.47000e+02  2.57116e+00 
 1.47500e+02  2.57117e+00 
 1.48000e+02  2.57115e+00 
 1.48500e+02  2.57119e+00 
 1.49000e+02  2.57117e+00 
 1.49500e+02  2.57119e+00 
 1.50000e+02  2.57121e+00 
 1.50500e+02  2.57122e+00 
 1.51000e+02  2.57123e+00 
 1.51500e+02  2.57121e+00 
 1.52000e+02  2.57123e+00 
 1.52500e+02  2.57124e+00 
 1.53000e+02  2.57125e+00 
 1.53500e+02  2.57126e+00 
 1.54000e+02  2.57125e+00 
 1.54500e+02  2.57127e+00 
 1.55000e+02  2.57130e+00 
 1.55500e+02  2.57127e+00 
 1.56000e+02  2.57128e+00 
 1.56500e+02  2.57127e+00 
 1.57000e+02  2.57131e+00 
 1.57500e+02  2.57130e+00 
 1.58000e+02  2.57129e+00 
 1.58500e+02  2.57127e+00 
 1.59000e+02  2.57126e+00 
 1.59500e+02  2.57126e+00 
 1.60000e+02  2.57128e+00 
 1.60500e+02  2.57130e+00 
 1.61000e+02  2.57128e+00 
 1.61500e+02  2.57129e+00 
 1.62000e+02  2.57129e+00 
 1.62500e+02  2.57130e+00 
 1.63000e+02  2.57126e+00 
 1.63500e+02  2.57129e+00 
 1.64000e+02  2.57126e+00 
 1.64500e+02  2.57130e+00 
 1.65000e+02  2.57126e+00 
 1.65500e+02  2.57125e+00 
 1.66000e+02  2.57127e+00 
 1.66500e+02  2.57129e+00 
 1.67000e+02  2.57126e+00 
 1.67500e+02  2.57127e+00 
 1.68000e+02  2.57126e+00 
 1.68500e+02  2.57128e+00 
 1.69000e+02  2.57127e+00 
 1.69500e+02  2.57127e+00 
 1.70000e+02  2.57126e+00 
 1.70500e+02  2.57124e+00 
 1.71000e+02  2.57127e+00 
 1.71500e+02  2.57126e+00 
 1.72000e+02  2.57124e+00 
 1.72500e+02  2.57123e+00 
 1.73000e+02  2.57123e+00 
 1.73500e+02  2.57123e+00 
 1.74000e+02  2.57120e+00 
 1.74500e+02  2.57118e+00 
 1.75000e+02  2.57118e+00 
 1.75500e+02  2.57114e+00 
 1.76000e+02  2.57111e+00 
 1.76500e+02  2.57113e+00 
 1.77000e+02  2.57112e+00 
 1.77500e+02  2.57109e+00 
 1.78000e+02  2.57112e+00 
 1.78500e+02  2.57111e+00 
 1.79000e+02  2.57110e+00 
 1.79500e+02  2.57109e+00 
 1.80000e+02  2.57110e+00 
 1.80500e+02  2.57108e+00 
 1.81000e+02  2.57104e+00 
 1.81500e+02  2.57102e+00 
 1.82000e+02  2.57100e+00 
 1.82500e+02  2.57097e+00 
 1.83000e+02  2.57101e+00 
 1.83500e+02  2.57099e+00 
 1.84000e+02  2.57098e+00 
 1.84500e+02  2.57094e+00 
 1.85000e+02  2.57093e+00 
 1.85500e+02  2.57091e+00 
 1.86000e+02  2.57089e+00 
 1.86500e+02  2.57082e+00 
 1.87000e+02  2.57075e+00 
 1.87500e+02  2.57074e+00 
 1.88000e+02  2.57074e+00 
 1.88500e+02  2.57072e+00 
 1.89000e+02  2.57065e+00 
 1.89500e+02  2.57062e+00 
 1.90000e+02  2.57059e+00 
 1.90500e+02  2.57060e+00 
 1.91000e+02  2.57057e+00 
 1.91500e+02  2.57053e+00 
 1.92000e+02  2.57048e+00 
 1.92500e+02  2.57047e+00 
 1.93000e+02  2.57043e+00 
 1.93500e+02  2.57038e+00 
 1.94000e+02  2.57038e+00 
 1.94500e+02  2.57035e+00 
 1.95000e+02  2.57028e+00 
 1.95500e+02  2.57015e+00 
 1.96000e+02  2.57006e+00 
 1.96500e+02  2.57001e+00 
 1.97000e+02  2.56994e+00 
 1.97500e+02  2.56990e+00 
 1.98000e+02  2.56987e+00 
 1.98500e+02  2.56985e+00 
 1.99000e+02  2.56976e+00 
 1.99500e+02  2.56963e+00 
 2.00000e+02  2.56951e+00 
 2.00500e+02  2.56944e+00 
 2.01000e+02  2.56937e+00 
 2.01500e+02  2.56926e+00 
 2.02000e+02  2.56912e+00 
 2.02500e+02  2.56897e+00 
 2.03000e+02  2.56879e+00 
 2.03500e+02  2.56861e+00 
 2.04000e+02  2.56845e+00 
 2.04500e+02  2.56833e+00 
 2.05000e+02  2.56822e+00 
 2.05500e+02  2.56810e+00 
 2.06000e+02  2.56798e+00 
 2.06500e+02  2.56788e+00 
 2.07000e+02  2.56778e+00 
 2.07500e+02  2.56766e+00 
 2.08000e+02  2.56749e+00 
 2.08500e+02  2.56732e+00 
 2.09000e+02  2.56714e+00 
 2.09500e+02  2.56703e+00 
 2.10000e+02  2.56694e+00 
 2.10500e+02  2.56685e+00 
 2.11000e+02  2.56674e+00 
 2.11500e+02  2.56662e+00 
 2.12000e+02  2.56644e+00 
 2.12500e+02  2.56623e+00 
 2.13000e+02  2.56602e+00 
 2.13500e+02  2.56581e+00 
 2.14000e+02  2.56563e+00 
 2.14500e+02  2.56545e+00 
 2.15000e+02  2.56528e+00 
 2.15500e+02  2.56516e+00 
 2.16000e+02  2.56503e+00 
 2.16500e+02  2.56487e+00 
 2.17000e+02  2.56466e+00 
 2.17500e+02  2.56445e+00 
 2.18000e+02  2.56426e+00 
 2.18500e+02  2.56410e+00 
 2.19000e+02  2.56391e+00 
 2.19500e+02  2.56371e+00 
 2.20000e+02  2.56349e+00 
 2.20500e+02  2.56329e+00 
 2.21000e+02  2.56309e+00 
 2.21500e+02  2.56285e+00 
 2.22000e+02  2.56263e+00 
 2.22500e+02  2.56239e+00 
 2.23000e+02  2.56215e+00 
 2.23500e+02  2.56189e+00 
 2.24000e+02  2.56162e+00 
 2.24500e+02  2.56134e+00 
 2.25000e+02  2.56108e+00 
 2.25500e+02  2.56085e+00 
 2.26000e+02  2.56063e+00 
 2.26500e+02  2.56041e+00 
 2.27000e+02  2.56012e+00 
 2.27500e+02  2.55980e+00 
 2.28000e+02  2.55944e+00 
 2.28500e+02  2.55909e+00 
 2.29000e+02  2.55874e+00 
 2.29500e+02  2.55837e+00 
 2.30000e+02  2.55800e+00 
 2.30500e+02  2.55761e+00 
 2.31000e+02  2.55724e+00 
 2.31500e+02  2.55689e+00 
 2.32000e+02  2.55652e+00 
 2.32500e+02  2.55615e+00 
 2.33000e+02  2.55579e+00 
 2.33500e+02  2.55542e+00 
 2.34000e+02  2.55504e+00 
 2.34500e+02  2.55465e+00 
 2.35000e+02  2.55426e+00 
 2.35500e+02  2.55384e+00 
 2.36000e+02  2.55338e+00 
 2.36500e+02  2.55291e+00 
 2.37000e+02  2.55246e+00 
 2.37500e+02  2.55198e+00 
 2.38000e+02  2.55148e+00 
 2.38500e+02  2.55095e+00 
 2.39000e+02  2.55040e+00 
 2.39500e+02  2.54984e+00 
 2.40000e+02  2.54927e+00 
 2.40500e+02  2.54866e+00 
 2.41000e+02  2.54801e+00 
 2.41500e+02  2.54733e+00 
 2.42000e+02  2.54664e+00 
 2.42500e+02  2.54590e+00 
 2.43000e+02  2.54514e+00 
 2.43500e+02  2.54436e+00 
 2.44000e+02  2.54356e+00 
 2.44500e+02  2.54272e+00 
 2.45000e+02  2.54186e+00 
 2.45500e+02  2.54096e+00 
 2.46000e+02  2.54002e+00 
 2.46500e+02  2.53904e+00 
 2.47000e+02  2.53800e+00 
 2.47500e+02  2.53691e+00 
 2.48000e+02  2.53578e+00 
 2.48500e+02  2.53460e+00 
 2.49000e+02  2.53335e+00 
 2.49500e+02  2.53202e+00 
 2.50000e+02  2.53060e+00 
 2.50500e+02  2.52909e+00 
 2.51000e+02  2.52746e+00 
 2.51500e+02  2.52573e+00 
 2.52000e+02  2.52388e+00 
 2.52500e+02  2.52190e+00 
 2.53000e+02  2.51977e+00 
 2.53500e+02  2.51751e+00 
 2.54000e+02  2.51509e+00 
 2.54500e+02  2.51251e+00 
 2.55000e+02  2.50976e+00 
 2.55500e+02  2.50683e+00 
 2.56000e+02  2.50371e+00 
 2.56500e+02  2.50039e+00 
 2.57000e+02  2.49687e+00 
 2.57500e+02  2.49314e+00 
 2.58000e+02  2.48919e+00 
 2.58500e+02  2.48503e+00 
 2.59000e+02  2.48063e+00 
 2.59500e+02  2.47600e+00 
 2.60000e+02  2.47112e+00 
 2.60500e+02  2.46600e+00 
 2.61000e+02  2.46062e+00 
 2.61500e+02  2.45498e+00 
 2.62000e+02  2.44908e+00 
 2.62500e+02  2.44292e+00 
 2.63000e+02  2.43647e+00 
 2.63500e+02  2.42975e+00 
 2.64000e+02  2.42273e+00 
 2.64500e+02  2.41544e+00 
 2.65000e+02  2.40787e+00 
 2.65500e+02  2.40001e+00 
 2.66000e+02  2.39186e+00 
 2.66500e+02  2.38342e+00 
 2.67000e+02  2.37469e+00 
 2.67500e+02  2.36568e+00 
 2.68000e+02  2.35637e+00 
 2.68500e+02  2.34678e+00 
 2.69000e+02  2.33691e+00 
 2.69500e+02  2.32675e+00 
 2.70000e+02  2.31631e+00 
 2.70500e+02  2.30558e+00 
 2.71000e+02  2.29457e+00 
 2.71500e+02  2.28328e+00 
 2.72000e+02  2.27172e+00 
 2.72500e+02  2.25987e+00 
 2.73000e+02  2.24774e+00 
 2.73500e+02  2.23533e+00 
 2.74000e+02  2.22264e+00 
 2.74500e+02  2.20968e+00 
 2.75000e+02  2.19643e+00 
 2.75500e+02  2.18290e+00 
 2.76000e+02  2.16910e+00 
 2.76500e+02  2.15503e+00 
 2.77000e+02  2.14068e+00 
 2.77500e+02  2.12605e+00 
 2.78000e+02  2.11116e+00 
 2.78500e+02  2.09599e+00 
 2.79000e+02  2.08056e+00 
 2.79500e+02  2.06487e+00 
 2.80000e+02  2.04891e+00 
 2.80500e+02  2.03268e+00 
 2.81000e+02  2.01619e+00 
 2.81500e+02  1.99943e+00 
 2.82000e+02  1.98241e+00 
 2.82500e+02  1.96512e+00 
 2.83000e+02  1.94757e+00 
 2.83500e+02  1.92975e+00 
 2.84000e+02  1.91167e+00 
 2.84500e+02  1.89332e+00 
 2.85000e+02  1.87471e+00 
 2.85500e+02  1.85584e+00 
 2.86000e+02  1.83671e+00 
 2.86500e+02  1.81732e+00 
 2.87000e+02  1.79766e+00 
 2.87500e+02  1.77775e+00 
 2.88000e+02  1.75759e+00 
 2.88500e+02  1.73717e+00 
 2.89000e+02  1.71649e+00 
 2.89500e+02  1.69557e+00 
 2.90000e+02  1.67439e+00 
 2.90500e+02  1.65297e+00 
 2.91000e+02  1.63130e+00 
 2.91500e+02  1.60939e+00 
 2.92000e+02  1.58723e+00 
 2.92500e+02  1.56482e+00 
 2.93000e+02  1.54217e+00 
 2.93500e+02  1.51928e+00 
 2.94000e+02  1.49614e+00 
 2.94500e+02  1.47277e+00 
 2.95000e+02  1.44917e+00 
 2.95500e+02  1.42532e+00 
 2.96000e+02  1.40125e+00 
 2.96500e+02  1.37695e+00 
 2.97000e+02  1.35241e+00 
 2.97500e+02  1.32765e+00 
 2.98000e+02  1.30267e+00 
 2.98500e+02  1.27746e+00 
 2.99000e+02  1.25203e+00 
 2.99500e+02  1.22639e+00 
 3.00000e+02  1.20052e+00 
 3.00500e+02  1.17443e+00 
 3.01000e+02  1.14813e+00 
 3.01500e+02  1.12161e+00 
 3.02000e+02  1.09488e+00 
 3.02500e+02  1.06794e+00 
 3.03000e+02  1.04079e+00 
 3.03500e+02  1.01344e+00 
 3.04000e+02  9.85874e-01 
 3.04500e+02  9.58106e-01 
 3.05000e+02  9.30135e-01 
 3.05500e+02  9.01961e-01 
 3.06000e+02  8.73586e-01 
 3.06500e+02  8.45012e-01 
 3.07000e+02  8.16240e-01 
 3.07500e+02  7.87272e-01 
 3.08000e+02  7.58107e-01 
 3.08500e+02  7.28748e-01 
 3.09000e+02  6.99195e-01 
 3.09500e+02  6.69449e-01 
 3.10000e+02  6.39512e-01 
 3.10500e+02  6.09385e-01 
 3.11000e+02  5.79068e-01 
 3.11500e+02  5.48565e-01 
 3.12000e+02  5.17876e-01 
 3.12500e+02  4.87001e-01 
 3.13000e+02  4.55941e-01 
 3.13500e+02  4.24699e-01 
 3.14000e+02  3.93275e-01 
 3.14500e+02  3.61671e-01 
 3.15000e+02  3.29889e-01 
 3.15500e+02  2.97930e-01 
 3.16000e+02  2.65794e-01 
 3.16500e+02  2.33482e-01 
 3.17000e+02  2.00996e-01 
 3.17500e+02  1.68337e-01 
 3.18000e+02  1.35506e-01 
 3.18500e+02  1.02504e-01 
 3.19000e+02  6.93324e-02 
 3.19500e+02  3.59894e-02 
