 0.00000e+00  0.00000e+00 
 5.00000e-01  3.34662e-02 
 1.00000e+00  6.67637e-02 
 1.50000e+00  9.98913e-02 
 2.00000e+00  1.32849e-01 
 2.50000e+00  1.65636e-01 
 3.00000e+00  1.98250e-01 
 3.50000e+00  2.30691e-01 
 4.00000e+00  2.62959e-01 
 4.50000e+00  2.95050e-01 
 5.00000e+00  3.26966e-01 
 5.50000e+00  3.58704e-01 
 6.00000e+00  3.90263e-01 
 6.50000e+00  4.21643e-01 
 7.00000e+00  4.52842e-01 
 7.50000e+00  4.83859e-01 
 8.00000e+00  5.14691e-01 
 8.50000e+00  5.45340e-01 
 9.00000e+00  5.75804e-01 
 9.50000e+00  6.06080e-01 
 1.00000e+01  6.36166e-01 
 1.05000e+01  6.66064e-01 
 1.10000e+01  6.95771e-01 
 1.15000e+01  7.25286e-01 
 1.20000e+01  7.54608e-01 
 1.25000e+01  7.83736e-01 
 1.30000e+01  8.12668e-01 
 1.35000e+01  8.41404e-01 
 1.40000e+01  8.69944e-01 
 1.45000e+01  8.98285e-01 
 1.50000e+01  9.26425e-01 
 1.55000e+01  9.54364e-01 
 1.60000e+01  9.82100e-01 
 1.65000e+01  1.00963e+00 
 1.70000e+01  1.03696e+00 
 1.75000e+01  1.06408e+00 
 1.80000e+01  1.09099e+00 
 1.85000e+01  1.11770e+00 
 1.90000e+01  1.14420e+00 
 1.95000e+01  1.17048e+00 
 2.00000e+01  1.19655e+00 
 2.05000e+01  1.22241e+00 
 2.10000e+01  1.24805e+00 
 2.15000e+01  1.27348e+00 
 2.20000e+01  1.29869e+00 
 2.25000e+01  1.32368e+00 
 2.30000e+01  1.34844e+00 
 2.35000e+01  1.37298e+00 
 2.40000e+01  1.39730e+00 
 2.45000e+01  1.42138e+00 
 2.50000e+01  1.44524e+00 
 2.55000e+01  1.46887e+00 
 2.60000e+01  1.49226e+00 
 2.65000e+01  1.51542e+00 
 2.70000e+01  1.53835e+00 
 2.75000e+01  1.56104e+00 
 2.80000e+01  1.58349e+00 
 2.85000e+01  1.60571e+00 
 2.90000e+01  1.62768e+00 
 2.95000e+01  1.64941e+00 
 3.00000e+01  1.67089e+00 
 3.05000e+01  1.69213e+00 
 3.10000e+01  1.71312e+00 
 3.15000e+01  1.73386e+00 
 3.20000e+01  1.75435e+00 
 3.25000e+01  1.77458e+00 
 3.30000e+01  1.79456e+00 
 3.35000e+01  1.81428e+00 
 3.40000e+01  1.83375e+00 
 3.45000e+01  1.85295e+00 
 3.50000e+01  1.87190e+00 
 3.55000e+01  1.89059e+00 
 3.60000e+01  1.90902e+00 
 3.65000e+01  1.92719e+00 
 3.70000e+01  1.94510e+00 
 3.75000e+01  1.96274e+00 
 3.80000e+01  1.98012e+00 
 3.85000e+01  1.99723e+00 
 3.90000e+01  2.01409e+00 
 3.95000e+01  2.03067e+00 
 4.00000e+01  2.04699e+00 
 4.05000e+01  2.06304e+00 
 4.10000e+01  2.07883e+00 
 4.15000e+01  2.09435e+00 
 4.20000e+01  2.10961e+00 
 4.25000e+01  2.12460e+00 
 4.30000e+01  2.13931e+00 
 4.35000e+01  2.15376e+00 
 4.40000e+01  2.16793e+00 
 4.45000e+01  2.18183e+00 
 4.50000e+01  2.19545e+00 
 4.55000e+01  2.20880e+00 
 4.60000e+01  2.22188e+00 
 4.65000e+01  2.23468e+00 
 4.70000e+01  2.24720e+00 
 4.75000e+01  2.25944e+00 
 4.80000e+01  2.27140e+00 
 4.85000e+01  2.28307e+00 
 4.90000e+01  2.29447e+00 
 4.95000e+01  2.30557e+00 
 5.00000e+01  2.31640e+00 
 5.05000e+01  2.32695e+00 
 5.10000e+01  2.33721e+00 
 5.15000e+01  2.34718e+00 
 5.20000e+01  2.35687e+00 
 5.25000e+01  2.36629e+00 
 5.30000e+01  2.37542e+00 
 5.35000e+01  2.38427e+00 
 5.40000e+01  2.39284e+00 
 5.45000e+01  2.40113e+00 
 5.50000e+01  2.40913e+00 
 5.55000e+01  2.41686e+00 
 5.60000e+01  2.42430e+00 
 5.65000e+01  2.43147e+00 
 5.70000e+01  2.43835e+00 
 5.75000e+01  2.44496e+00 
 5.80000e+01  2.45128e+00 
 5.85000e+01  2.45734e+00 
 5.90000e+01  2.46313e+00 
 5.95000e+01  2.46865e+00 
 6.00000e+01  2.47391e+00 
 6.05000e+01  2.47891e+00 
 6.10000e+01  2.48365e+00 
 6.15000e+01  2.48815e+00 
 6.20000e+01  2.49242e+00 
 6.25000e+01  2.49647e+00 
 6.30000e+01  2.50030e+00 
 6.35000e+01  2.50392e+00 
 6.40000e+01  2.50733e+00 
 6.45000e+01  2.51054e+00 
 6.50000e+01  2.51356e+00 
 6.55000e+01  2.51642e+00 
 6.60000e+01  2.51911e+00 
 6.65000e+01  2.52163e+00 
 6.70000e+01  2.52398e+00 
 6.75000e+01  2.52619e+00 
 6.80000e+01  2.52827e+00 
 6.85000e+01  2.53024e+00 
 6.90000e+01  2.53210e+00 
 6.95000e+01  2.53386e+00 
 7.00000e+01  2.53552e+00 
 7.05000e+01  2.53707e+00 
 7.10000e+01  2.53854e+00 
 7.15000e+01  2.53993e+00 
 7.20000e+01  2.54123e+00 
 7.25000e+01  2.54247e+00 
 7.30000e+01  2.54365e+00 
 7.35000e+01  2.54473e+00 
 7.40000e+01  2.54574e+00 
 7.45000e+01  2.54671e+00 
 7.50000e+01  2.54765e+00 
 7.55000e+01  2.54855e+00 
 7.60000e+01  2.54941e+00 
 7.65000e+01  2.55022e+00 
 7.70000e+01  2.55098e+00 
 7.75000e+01  2.55171e+00 
 7.80000e+01  2.55242e+00 
 7.85000e+01  2.55310e+00 
 7.90000e+01  2.55377e+00 
 7.95000e+01  2.55441e+00 
 8.00000e+01  2.55504e+00 
 8.05000e+01  2.55565e+00 
 8.10000e+01  2.55621e+00 
 8.15000e+01  2.55675e+00 
 8.20000e+01  2.55726e+00 
 8.25000e+01  2.55774e+00 
 8.30000e+01  2.55823e+00 
 8.35000e+01  2.55871e+00 
 8.40000e+01  2.55916e+00 
 8.45000e+01  2.55960e+00 
 8.50000e+01  2.56001e+00 
 8.55000e+01  2.56041e+00 
 8.60000e+01  2.56082e+00 
 8.65000e+01  2.56122e+00 
 8.70000e+01  2.56165e+00 
 8.75000e+01  2.56210e+00 
 8.80000e+01  2.56250e+00 
 8.85000e+01  2.56285e+00 
 8.90000e+01  2.56316e+00 
 8.95000e+01  2.56347e+00 
 9.00000e+01  2.56375e+00 
 9.05000e+01  2.56403e+00 
 9.10000e+01  2.56435e+00 
 9.15000e+01  2.56469e+00 
 9.20000e+01  2.56503e+00 
 9.25000e+01  2.56535e+00 
 9.30000e+01  2.56565e+00 
 9.35000e+01  2.56595e+00 
 9.40000e+01  2.56624e+00 
 9.45000e+01  2.56648e+00 
 9.50000e+01  2.56672e+00 
 9.55000e+01  2.56696e+00 
 9.60000e+01  2.56718e+00 
 9.65000e+01  2.56741e+00 
 9.70000e+01  2.56765e+00 
 9.75000e+01  2.56791e+00 
 9.80000e+01  2.56816e+00 
 9.85000e+01  2.56840e+00 
 9.90000e+01  2.56863e+00 
 9.95000e+01  2.56886e+00 
 1.00000e+02  2.56907e+00 
 1.00500e+02  2.56929e+00 
 1.01000e+02  2.56951e+00 
 1.01500e+02  2.56975e+00 
 1.02000e+02  2.56996e+00 
 1.02500e+02  2.57015e+00 
 1.03000e+02  2.57034e+00 
 1.03500e+02  2.57051e+00 
 1.04000e+02  2.57067e+00 
 1.04500e+02  2.57085e+00 
 1.05000e+02  2.57101e+00 
 1.05500e+02  2.57116e+00 
 1.06000e+02  2.57133e+00 
 1.06500e+02  2.57153e+00 
 1.07000e+02  2.57175e+00 
 1.07500e+02  2.57193e+00 
 1.08000e+02  2.57205e+00 
 1.08500e+02  2.57216e+00 
 1.09000e+02  2.57228e+00 
 1.09500e+02  2.57242e+00 
 1.10000e+02  2.57257e+00 
 1.10500e+02  2.57271e+00 
 1.11000e+02  2.57288e+00 
 1.11500e+02  2.57306e+00 
 1.12000e+02  2.57321e+00 
 1.12500e+02  2.57333e+00 
 1.13000e+02  2.57348e+00 
 1.13500e+02  2.57368e+00 
 1.14000e+02  2.57386e+00 
 1.14500e+02  2.57401e+00 
 1.15000e+02  2.57417e+00 
 1.15500e+02  2.57430e+00 
 1.16000e+02  2.57439e+00 
 1.16500e+02  2.57451e+00 
 1.17000e+02  2.57461e+00 
 1.17500e+02  2.57472e+00 
 1.18000e+02  2.57486e+00 
 1.18500e+02  2.57500e+00 
 1.19000e+02  2.57512e+00 
 1.19500e+02  2.57522e+00 
 1.20000e+02  2.57529e+00 
 1.20500e+02  2.57537e+00 
 1.21000e+02  2.57542e+00 
 1.21500e+02  2.57548e+00 
 1.22000e+02  2.57556e+00 
 1.22500e+02  2.57565e+00 
 1.23000e+02  2.57572e+00 
 1.23500e+02  2.57577e+00 
 1.24000e+02  2.57581e+00 
 1.24500e+02  2.57581e+00 
 1.25000e+02  2.57585e+00 
 1.25500e+02  2.57592e+00 
 1.26000e+02  2.57597e+00 
 1.26500e+02  2.57603e+00 
 1.27000e+02  2.57610e+00 
 1.27500e+02  2.57611e+00 
 1.28000e+02  2.57617e+00 
 1.28500e+02  2.57622e+00 
 1.29000e+02  2.57624e+00 
 1.29500e+02  2.57628e+00 
 1.30000e+02  2.57630e+00 
 1.30500e+02  2.57633e+00 
 1.31000e+02  2.57638e+00 
 1.31500e+02  2.57638e+00 
 1.32000e+02  2.57641e+00 
 1.32500e+02  2.57643e+00 
 1.33000e+02  2.57646e+00 
 1.33500e+02  2.57647e+00 
 1.34000e+02  2.57647e+00 
 1.34500e+02  2.57650e+00 
 1.35000e+02  2.57655e+00 
 1.35500e+02  2.57661e+00 
 1.36000e+02  2.57660e+00 
 1.36500e+02  2.57663e+00 
 1.37000e+02  2.57662e+00 
 1.37500e+02  2.57665e+00 
 1.38000e+02  2.57663e+00 
 1.38500e+02  2.57665e+00 
 1.39000e+02  2.57667e+00 
 1.39500e+02  2.57666e+00 
 1.40000e+02  2.57665e+00 
 1.40500e+02  2.57666e+00 
 1.41000e+02  2.57666e+00 
 1.41500e+02  2.57670e+00 
 1.42000e+02  2.57670e+00 
 1.42500e+02  2.57670e+00 
 1.43000e+02  2.57673e+00 
 1.43500e+02  2.57673e+00 
 1.44000e+02  2.57675e+00 
 1.44500e+02  2.57673e+00 
 1.45000e+02  2.57674e+00 
 1.45500e+02  2.57676e+00 
 1.46000e+02  2.57679e+00 
 1.46500e+02  2.57676e+00 
 1.47000e+02  2.57678e+00 
 1.47500e+02  2.57677e+00 
 1.48000e+02  2.57679e+00 
 1.48500e+02  2.57680e+00 
 1.49000e+02  2.57681e+00 
 1.49500e+02  2.57682e+00 
 1.50000e+02  2.57682e+00 
 1.50500e+02  2.57684e+00 
 1.51000e+02  2.57683e+00 
 1.51500e+02  2.57686e+00 
 1.52000e+02  2.57686e+00 
 1.52500e+02  2.57683e+00 
 1.53000e+02  2.57684e+00 
 1.53500e+02  2.57685e+00 
 1.54000e+02  2.57683e+00 
 1.54500e+02  2.57685e+00 
 1.55000e+02  2.57685e+00 
 1.55500e+02  2.57683e+00 
 1.56000e+02  2.57685e+00 
 1.56500e+02  2.57682e+00 
 1.57000e+02  2.57683e+00 
 1.57500e+02  2.57685e+00 
 1.58000e+02  2.57683e+00 
 1.58500e+02  2.57685e+00 
 1.59000e+02  2.57686e+00 
 1.59500e+02  2.57683e+00 
 1.60000e+02  2.57684e+00 
 1.60500e+02  2.57683e+00 
 1.61000e+02  2.57682e+00 
 1.61500e+02  2.57682e+00 
 1.62000e+02  2.57684e+00 
 1.62500e+02  2.57680e+00 
 1.63000e+02  2.57683e+00 
 1.63500e+02  2.57678e+00 
 1.64000e+02  2.57678e+00 
 1.64500e+02  2.57680e+00 
 1.65000e+02  2.57678e+00 
 1.65500e+02  2.57678e+00 
 1.66000e+02  2.57680e+00 
 1.66500e+02  2.57679e+00 
 1.67000e+02  2.57678e+00 
 1.67500e+02  2.57675e+00 
 1.68000e+02  2.57681e+00 
 1.68500e+02  2.57679e+00 
 1.69000e+02  2.57679e+00 
 1.69500e+02  2.57676e+00 
 1.70000e+02  2.57677e+00 
 1.70500e+02  2.57676e+00 
 1.71000e+02  2.57676e+00 
 1.71500e+02  2.57678e+00 
 1.72000e+02  2.57674e+00 
 1.72500e+02  2.57677e+00 
 1.73000e+02  2.57676e+00 
 1.73500e+02  2.57674e+00 
 1.74000e+02  2.57675e+00 
 1.74500e+02  2.57675e+00 
 1.75000e+02  2.57676e+00 
 1.75500e+02  2.57672e+00 
 1.76000e+02  2.57672e+00 
 1.76500e+02  2.57677e+00 
 1.77000e+02  2.57673e+00 
 1.77500e+02  2.57671e+00 
 1.78000e+02  2.57669e+00 
 1.78500e+02  2.57666e+00 
 1.79000e+02  2.57667e+00 
 1.79500e+02  2.57666e+00 
 1.80000e+02  2.57666e+00 
 1.80500e+02  2.57665e+00 
 1.81000e+02  2.57661e+00 
 1.81500e+02  2.57660e+00 
 1.82000e+02  2.57659e+00 
 1.82500e+02  2.57656e+00 
 1.83000e+02  2.57654e+00 
 1.83500e+02  2.57654e+00 
 1.84000e+02  2.57654e+00 
 1.84500e+02  2.57653e+00 
 1.85000e+02  2.57650e+00 
 1.85500e+02  2.57649e+00 
 1.86000e+02  2.57645e+00 
 1.86500e+02  2.57645e+00 
 1.87000e+02  2.57644e+00 
 1.87500e+02  2.57639e+00 
 1.88000e+02  2.57641e+00 
 1.88500e+02  2.57637e+00 
 1.89000e+02  2.57637e+00 
 1.89500e+02  2.57635e+00 
 1.90000e+02  2.57628e+00 
 1.90500e+02  2.57630e+00 
 1.91000e+02  2.57629e+00 
 1.91500e+02  2.57619e+00 
 1.92000e+02  2.57609e+00 
 1.92500e+02  2.57608e+00 
 1.93000e+02  2.57603e+00 
 1.93500e+02  2.57596e+00 
 1.94000e+02  2.57589e+00 
 1.94500e+02  2.57586e+00 
 1.95000e+02  2.57581e+00 
 1.95500e+02  2.57573e+00 
 1.96000e+02  2.57565e+00 
 1.96500e+02  2.57560e+00 
 1.97000e+02  2.57556e+00 
 1.97500e+02  2.57554e+00 
 1.98000e+02  2.57546e+00 
 1.98500e+02  2.57533e+00 
 1.99000e+02  2.57524e+00 
 1.99500e+02  2.57517e+00 
 2.00000e+02  2.57505e+00 
 2.00500e+02  2.57491e+00 
 2.01000e+02  2.57480e+00 
 2.01500e+02  2.57472e+00 
 2.02000e+02  2.57463e+00 
 2.02500e+02  2.57452e+00 
 2.03000e+02  2.57442e+00 
 2.03500e+02  2.57433e+00 
 2.04000e+02  2.57425e+00 
 2.04500e+02  2.57413e+00 
 2.05000e+02  2.57399e+00 
 2.05500e+02  2.57384e+00 
 2.06000e+02  2.57371e+00 
 2.06500e+02  2.57354e+00 
 2.07000e+02  2.57337e+00 
 2.07500e+02  2.57323e+00 
 2.08000e+02  2.57312e+00 
 2.08500e+02  2.57302e+00 
 2.09000e+02  2.57288e+00 
 2.09500e+02  2.57276e+00 
 2.10000e+02  2.57267e+00 
 2.10500e+02  2.57253e+00 
 2.11000e+02  2.57238e+00 
 2.11500e+02  2.57222e+00 
 2.12000e+02  2.57205e+00 
 2.12500e+02  2.57187e+00 
 2.13000e+02  2.57171e+00 
 2.13500e+02  2.57157e+00 
 2.14000e+02  2.57147e+00 
 2.14500e+02  2.57134e+00 
 2.15000e+02  2.57121e+00 
 2.15500e+02  2.57104e+00 
 2.16000e+02  2.57084e+00 
 2.16500e+02  2.57064e+00 
 2.17000e+02  2.57043e+00 
 2.17500e+02  2.57028e+00 
 2.18000e+02  2.57015e+00 
 2.18500e+02  2.57002e+00 
 2.19000e+02  2.56987e+00 
 2.19500e+02  2.56968e+00 
 2.20000e+02  2.56944e+00 
 2.20500e+02  2.56919e+00 
 2.21000e+02  2.56895e+00 
 2.21500e+02  2.56871e+00 
 2.22000e+02  2.56845e+00 
 2.22500e+02  2.56818e+00 
 2.23000e+02  2.56794e+00 
 2.23500e+02  2.56772e+00 
 2.24000e+02  2.56749e+00 
 2.24500e+02  2.56726e+00 
 2.25000e+02  2.56705e+00 
 2.25500e+02  2.56682e+00 
 2.26000e+02  2.56655e+00 
 2.26500e+02  2.56625e+00 
 2.27000e+02  2.56592e+00 
 2.27500e+02  2.56560e+00 
 2.28000e+02  2.56530e+00 
 2.28500e+02  2.56496e+00 
 2.29000e+02  2.56465e+00 
 2.29500e+02  2.56433e+00 
 2.30000e+02  2.56402e+00 
 2.30500e+02  2.56372e+00 
 2.31000e+02  2.56342e+00 
 2.31500e+02  2.56311e+00 
 2.32000e+02  2.56280e+00 
 2.32500e+02  2.56246e+00 
 2.33000e+02  2.56208e+00 
 2.33500e+02  2.56167e+00 
 2.34000e+02  2.56126e+00 
 2.34500e+02  2.56085e+00 
 2.35000e+02  2.56040e+00 
 2.35500e+02  2.55994e+00 
 2.36000e+02  2.55947e+00 
 2.36500e+02  2.55899e+00 
 2.37000e+02  2.55851e+00 
 2.37500e+02  2.55805e+00 
 2.38000e+02  2.55759e+00 
 2.38500e+02  2.55710e+00 
 2.39000e+02  2.55659e+00 
 2.39500e+02  2.55605e+00 
 2.40000e+02  2.55548e+00 
 2.40500e+02  2.55489e+00 
 2.41000e+02  2.55426e+00 
 2.41500e+02  2.55360e+00 
 2.42000e+02  2.55291e+00 
 2.42500e+02  2.55218e+00 
 2.43000e+02  2.55143e+00 
 2.43500e+02  2.55066e+00 
 2.44000e+02  2.54989e+00 
 2.44500e+02  2.54910e+00 
 2.45000e+02  2.54826e+00 
 2.45500e+02  2.54738e+00 
 2.46000e+02  2.54644e+00 
 2.46500e+02  2.54541e+00 
 2.47000e+02  2.54431e+00 
 2.47500e+02  2.54314e+00 
 2.48000e+02  2.54192e+00 
 2.48500e+02  2.54065e+00 
 2.49000e+02  2.53931e+00 
 2.49500e+02  2.53788e+00 
 2.50000e+02  2.53634e+00 
 2.50500e+02  2.53471e+00 
 2.51000e+02  2.53298e+00 
 2.51500e+02  2.53116e+00 
 2.52000e+02  2.52923e+00 
 2.52500e+02  2.52717e+00 
 2.53000e+02  2.52496e+00 
 2.53500e+02  2.52261e+00 
 2.54000e+02  2.52009e+00 
 2.54500e+02  2.51741e+00 
 2.55000e+02  2.51456e+00 
 2.55500e+02  2.51153e+00 
 2.56000e+02  2.50831e+00 
 2.56500e+02  2.50490e+00 
 2.57000e+02  2.50129e+00 
 2.57500e+02  2.49748e+00 
 2.58000e+02  2.49346e+00 
 2.58500e+02  2.48921e+00 
 2.59000e+02  2.48473e+00 
 2.59500e+02  2.48001e+00 
 2.60000e+02  2.47506e+00 
 2.60500e+02  2.46985e+00 
 2.61000e+02  2.46439e+00 
 2.61500e+02  2.45866e+00 
 2.62000e+02  2.45266e+00 
 2.62500e+02  2.44640e+00 
 2.63000e+02  2.43986e+00 
 2.63500e+02  2.43305e+00 
 2.64000e+02  2.42595e+00 
 2.64500e+02  2.41856e+00 
 2.65000e+02  2.41089e+00 
 2.65500e+02  2.40295e+00 
 2.66000e+02  2.39472e+00 
 2.66500e+02  2.38621e+00 
 2.67000e+02  2.37742e+00 
 2.67500e+02  2.36835e+00 
 2.68000e+02  2.35899e+00 
 2.68500e+02  2.34935e+00 
 2.69000e+02  2.33942e+00 
 2.69500e+02  2.32922e+00 
 2.70000e+02  2.31872e+00 
 2.70500e+02  2.30795e+00 
 2.71000e+02  2.29689e+00 
 2.71500e+02  2.28555e+00 
 2.72000e+02  2.27392e+00 
 2.72500e+02  2.26202e+00 
 2.73000e+02  2.24985e+00 
 2.73500e+02  2.23739e+00 
 2.74000e+02  2.22465e+00 
 2.74500e+02  2.21163e+00 
 2.75000e+02  2.19834e+00 
 2.75500e+02  2.18477e+00 
 2.76000e+02  2.17093e+00 
 2.76500e+02  2.15682e+00 
 2.77000e+02  2.14243e+00 
 2.77500e+02  2.12778e+00 
 2.78000e+02  2.11286e+00 
 2.78500e+02  2.09767e+00 
 2.79000e+02  2.08221e+00 
 2.79500e+02  2.06648e+00 
 2.80000e+02  2.05049e+00 
 2.80500e+02  2.03424e+00 
 2.81000e+02  2.01771e+00 
 2.81500e+02  2.00091e+00 
 2.82000e+02  1.98385e+00 
 2.82500e+02  1.96652e+00 
 2.83000e+02  1.94892e+00 
 2.83500e+02  1.93106e+00 
 2.84000e+02  1.91293e+00 
 2.84500e+02  1.89453e+00 
 2.85000e+02  1.87586e+00 
 2.85500e+02  1.85693e+00 
 2.86000e+02  1.83773e+00 
 2.86500e+02  1.81827e+00 
 2.87000e+02  1.79854e+00 
 2.87500e+02  1.77856e+00 
 2.88000e+02  1.75832e+00 
 2.88500e+02  1.73782e+00 
 2.89000e+02  1.71706e+00 
 2.89500e+02  1.69605e+00 
 2.90000e+02  1.67479e+00 
 2.90500e+02  1.65327e+00 
 2.91000e+02  1.63151e+00 
 2.91500e+02  1.60949e+00 
 2.92000e+02  1.58723e+00 
 2.92500e+02  1.56472e+00 
 2.93000e+02  1.54197e+00 
 2.93500e+02  1.51898e+00 
 2.94000e+02  1.49575e+00 
 2.94500e+02  1.47228e+00 
 2.95000e+02  1.44858e+00 
 2.95500e+02  1.42464e+00 
 2.96000e+02  1.40047e+00 
 2.96500e+02  1.37606e+00 
 2.97000e+02  1.35143e+00 
 2.97500e+02  1.32657e+00 
 2.98000e+02  1.30149e+00 
 2.98500e+02  1.27619e+00 
 2.99000e+02  1.25066e+00 
 2.99500e+02  1.22491e+00 
 3.00000e+02  1.19894e+00 
 3.00500e+02  1.17276e+00 
 3.01000e+02  1.14636e+00 
 3.01500e+02  1.11975e+00 
 3.02000e+02  1.09292e+00 
 3.02500e+02  1.06589e+00 
 3.03000e+02  1.03865e+00 
 3.03500e+02  1.01120e+00 
 3.04000e+02  9.83541e-01 
 3.04500e+02  9.55680e-01 
 3.05000e+02  9.27617e-01 
 3.05500e+02  8.99353e-01 
 3.06000e+02  8.70888e-01 
 3.06500e+02  8.42223e-01 
 3.07000e+02  8.13361e-01 
 3.07500e+02  7.84301e-01 
 3.08000e+02  7.55045e-01 
 3.08500e+02  7.25595e-01 
 3.09000e+02  6.95951e-01 
 3.09500e+02  6.66114e-01 
 3.10000e+02  6.36085e-01 
 3.10500e+02  6.05866e-01 
 3.11000e+02  5.75460e-01 
 3.11500e+02  5.44868e-01 
 3.12000e+02  5.14091e-01 
 3.12500e+02  4.83130e-01 
 3.13000e+02  4.51986e-01 
 3.13500e+02  4.20660e-01 
 3.14000e+02  3.89150e-01 
 3.14500e+02  3.57460e-01 
 3.15000e+02  3.25590e-01 
 3.15500e+02  2.93542e-01 
 3.16000e+02  2.61317e-01 
 3.16500e+02  2.28916e-01 
 3.17000e+02  1.96340e-01 
 3.17500e+02  1.63590e-01 
 3.18000e+02  1.30667e-01 
 3.18500e+02  9.75713e-02 
 3.19000e+02  6.43037e-02 
 3.19500e+02  3.08651e-02 
