 0.00000e+00  0.00000e+00 
 5.00000e-01  3.34780e-02 
 1.00000e+00  6.67878e-02 
 1.50000e+00  9.99287e-02 
 2.00000e+00  1.32900e-01 
 2.50000e+00  1.65702e-01 
 3.00000e+00  1.98332e-01 
 3.50000e+00  2.30789e-01 
 4.00000e+00  2.63072e-01 
 4.50000e+00  2.95181e-01 
 5.00000e+00  3.27115e-01 
 5.50000e+00  3.58873e-01 
 6.00000e+00  3.90453e-01 
 6.50000e+00  4.21857e-01 
 7.00000e+00  4.53082e-01 
 7.50000e+00  4.84128e-01 
 8.00000e+00  5.14991e-01 
 8.50000e+00  5.45672e-01 
 9.00000e+00  5.76170e-01 
 9.50000e+00  6.06482e-01 
 1.00000e+01  6.36609e-01 
 1.05000e+01  6.66548e-01 
 1.10000e+01  6.96298e-01 
 1.15000e+01  7.25859e-01 
 1.20000e+01  7.55229e-01 
 1.25000e+01  7.84407e-01 
 1.30000e+01  8.13393e-01 
 1.35000e+01  8.42184e-01 
 1.40000e+01  8.70777e-01 
 1.45000e+01  8.99173e-01 
 1.50000e+01  9.27371e-01 
 1.55000e+01  9.55368e-01 
 1.60000e+01  9.83164e-01 
 1.65000e+01  1.01076e+00 
 1.70000e+01  1.03815e+00 
 1.75000e+01  1.06533e+00 
 1.80000e+01  1.09231e+00 
 1.85000e+01  1.11907e+00 
 1.90000e+01  1.14563e+00 
 1.95000e+01  1.17198e+00 
 2.00000e+01  1.19810e+00 
 2.05000e+01  1.22402e+00 
 2.10000e+01  1.24972e+00 
 2.15000e+01  1.27519e+00 
 2.20000e+01  1.30045e+00 
 2.25000e+01  1.32548e+00 
 2.30000e+01  1.35030e+00 
 2.35000e+01  1.37488e+00 
 2.40000e+01  1.39924e+00 
 2.45000e+01  1.42337e+00 
 2.50000e+01  1.44726e+00 
 2.55000e+01  1.47093e+00 
 2.60000e+01  1.49435e+00 
 2.65000e+01  1.51754e+00 
 2.70000e+01  1.54049e+00 
 2.75000e+01  1.56320e+00 
 2.80000e+01  1.58567e+00 
 2.85000e+01  1.60789e+00 
 2.90000e+01  1.62987e+00 
 2.95000e+01  1.65160e+00 
 3.00000e+01  1.67308e+00 
 3.05000e+01  1.69431e+00 
 3.10000e+01  1.71528e+00 
 3.15000e+01  1.73601e+00 
 3.20000e+01  1.75648e+00 
 3.25000e+01  1.77669e+00 
 3.30000e+01  1.79665e+00 
 3.35000e+01  1.81635e+00 
 3.40000e+01  1.83579e+00 
 3.45000e+01  1.85498e+00 
 3.50000e+01  1.87390e+00 
 3.55000e+01  1.89256e+00 
 3.60000e+01  1.91096e+00 
 3.65000e+01  1.92910e+00 
 3.70000e+01  1.94697e+00 
 3.75000e+01  1.96458e+00 
 3.80000e+01  1.98192e+00 
 3.85000e+01  1.99898e+00 
 3.90000e+01  2.01579e+00 
 3.95000e+01  2.03232e+00 
 4.00000e+01  2.04858e+00 
 4.05000e+01  2.06457e+00 
 4.10000e+01  2.08030e+00 
 4.15000e+01  2.09576e+00 
 4.20000e+01  2.11095e+00 
 4.25000e+01  2.12587e+00 
 4.30000e+01  2.14051e+00 
 4.35000e+01  2.15489e+00 
 4.40000e+01  2.16899e+00 
 4.45000e+01  2.18282e+00 
 4.50000e+01  2.19637e+00 
 4.55000e+01  2.20964e+00 
 4.60000e+01  2.22263e+00 
 4.65000e+01  2.23535e+00 
 4.70000e+01  2.24780e+00 
 4.75000e+01  2.25997e+00 
 4.80000e+01  2.27186e+00 
 4.85000e+01  2.28348e+00 
 4.90000e+01  2.29482e+00 
 4.95000e+01  2.30589e+00 
 5.00000e+01  2.31667e+00 
 5.05000e+01  2.32716e+00 
 5.10000e+01  2.33737e+00 
 5.15000e+01  2.34729e+00 
 5.20000e+01  2.35693e+00 
 5.25000e+01  2.36628e+00 
 5.30000e+01  2.37534e+00 
 5.35000e+01  2.38412e+00 
 5.40000e+01  2.39261e+00 
 5.45000e+01  2.40081e+00 
 5.50000e+01  2.40873e+00 
 5.55000e+01  2.41636e+00 
 5.60000e+01  2.42371e+00 
 5.65000e+01  2.43077e+00 
 5.70000e+01  2.43756e+00 
 5.75000e+01  2.44406e+00 
 5.80000e+01  2.45028e+00 
 5.85000e+01  2.45622e+00 
 5.90000e+01  2.46190e+00 
 5.95000e+01  2.46733e+00 
 6.00000e+01  2.47250e+00 
 6.05000e+01  2.47742e+00 
 6.10000e+01  2.48209e+00 
 6.15000e+01  2.48652e+00 
 6.20000e+01  2.49073e+00 
 6.25000e+01  2.49472e+00 
 6.30000e+01  2.49850e+00 
 6.35000e+01  2.50207e+00 
 6.40000e+01  2.50543e+00 
 6.45000e+01  2.50860e+00 
 6.50000e+01  2.51159e+00 
 6.55000e+01  2.51441e+00 
 6.60000e+01  2.51708e+00 
 6.65000e+01  2.51957e+00 
 6.70000e+01  2.52191e+00 
 6.75000e+01  2.52411e+00 
 6.80000e+01  2.52619e+00 
 6.85000e+01  2.52813e+00 
 6.90000e+01  2.52997e+00 
 6.95000e+01  2.53169e+00 
 7.00000e+01  2.53331e+00 
 7.05000e+01  2.53482e+00 
 7.10000e+01  2.53624e+00 
 7.15000e+01  2.53758e+00 
 7.20000e+01  2.53886e+00 
 7.25000e+01  2.54007e+00 
 7.30000e+01  2.54122e+00 
 7.35000e+01  2.54232e+00 
 7.40000e+01  2.54338e+00 
 7.45000e+01  2.54438e+00 
 7.50000e+01  2.54534e+00 
 7.55000e+01  2.54624e+00 
 7.60000e+01  2.54710e+00 
 7.65000e+01  2.54791e+00 
 7.70000e+01  2.54868e+00 
 7.75000e+01  2.54940e+00 
 7.80000e+01  2.55010e+00 
 7.85000e+01  2.55077e+00 
 7.90000e+01  2.55142e+00 
 7.95000e+01  2.55205e+00 
 8.00000e+01  2.55262e+00 
 8.05000e+01  2.55317e+00 
 8.10000e+01  2.55368e+00 
 8.15000e+01  2.55417e+00 
 8.20000e+01  2.55464e+00 
 8.25000e+01  2.55507e+00 
 8.30000e+01  2.55549e+00 
 8.35000e+01  2.55591e+00 
 8.40000e+01  2.55632e+00 
 8.45000e+01  2.55676e+00 
 8.50000e+01  2.55720e+00 
 8.55000e+01  2.55764e+00 
 8.60000e+01  2.55805e+00 
 8.65000e+01  2.55846e+00 
 8.70000e+01  2.55884e+00 
 8.75000e+01  2.55919e+00 
 8.80000e+01  2.55954e+00 
 8.85000e+01  2.55989e+00 
 8.90000e+01  2.56021e+00 
 8.95000e+01  2.56052e+00 
 9.00000e+01  2.56083e+00 
 9.05000e+01  2.56112e+00 
 9.10000e+01  2.56137e+00 
 9.15000e+01  2.56163e+00 
 9.20000e+01  2.56191e+00 
 9.25000e+01  2.56218e+00 
 9.30000e+01  2.56243e+00 
 9.35000e+01  2.56268e+00 
 9.40000e+01  2.56292e+00 
 9.45000e+01  2.56317e+00 
 9.50000e+01  2.56340e+00 
 9.55000e+01  2.56364e+00 
 9.60000e+01  2.56390e+00 
 9.65000e+01  2.56416e+00 
 9.70000e+01  2.56440e+00 
 9.75000e+01  2.56460e+00 
 9.80000e+01  2.56478e+00 
 9.85000e+01  2.56496e+00 
 9.90000e+01  2.56516e+00 
 9.95000e+01  2.56540e+00 
 1.00000e+02  2.56564e+00 
 1.00500e+02  2.56588e+00 
 1.01000e+02  2.56612e+00 
 1.01500e+02  2.56634e+00 
 1.02000e+02  2.56653e+00 
 1.02500e+02  2.56668e+00 
 1.03000e+02  2.56683e+00 
 1.03500e+02  2.56696e+00 
 1.04000e+02  2.56711e+00 
 1.04500e+02  2.56728e+00 
 1.05000e+02  2.56748e+00 
 1.05500e+02  2.56769e+00 
 1.06000e+02  2.56792e+00 
 1.06500e+02  2.56810e+00 
 1.07000e+02  2.56824e+00 
 1.07500e+02  2.56842e+00 
 1.08000e+02  2.56860e+00 
 1.08500e+02  2.56876e+00 
 1.09000e+02  2.56893e+00 
 1.09500e+02  2.56911e+00 
 1.10000e+02  2.56927e+00 
 1.10500e+02  2.56942e+00 
 1.11000e+02  2.56957e+00 
 1.11500e+02  2.56970e+00 
 1.12000e+02  2.56981e+00 
 1.12500e+02  2.56991e+00 
 1.13000e+02  2.56998e+00 
 1.13500e+02  2.57002e+00 
 1.14000e+02  2.57009e+00 
 1.14500e+02  2.57024e+00 
 1.15000e+02  2.57038e+00 
 1.15500e+02  2.57050e+00 
 1.16000e+02  2.57064e+00 
 1.16500e+02  2.57081e+00 
 1.17000e+02  2.57092e+00 
 1.17500e+02  2.57102e+00 
 1.18000e+02  2.57110e+00 
 1.18500e+02  2.57122e+00 
 1.19000e+02  2.57132e+00 
 1.19500e+02  2.57141e+00 
 1.20000e+02  2.57151e+00 
 1.20500e+02  2.57161e+00 
 1.21000e+02  2.57171e+00 
 1.21500e+02  2.57176e+00 
 1.22000e+02  2.57184e+00 
 1.22500e+02  2.57193e+00 
 1.23000e+02  2.57202e+00 
 1.23500e+02  2.57208e+00 
 1.24000e+02  2.57212e+00 
 1.24500e+02  2.57218e+00 
 1.25000e+02  2.57226e+00 
 1.25500e+02  2.57226e+00 
 1.26000e+02  2.57227e+00 
 1.26500e+02  2.57233e+00 
 1.27000e+02  2.57237e+00 
 1.27500e+02  2.57244e+00 
 1.28000e+02  2.57252e+00 
 1.28500e+02  2.57258e+00 
 1.29000e+02  2.57262e+00 
 1.29500e+02  2.57266e+00 
 1.30000e+02  2.57269e+00 
 1.30500e+02  2.57274e+00 
 1.31000e+02  2.57276e+00 
 1.31500e+02  2.57281e+00 
 1.32000e+02  2.57285e+00 
 1.32500e+02  2.57285e+00 
 1.33000e+02  2.57286e+00 
 1.33500e+02  2.57288e+00 
 1.34000e+02  2.57291e+00 
 1.34500e+02  2.57291e+00 
 1.35000e+02  2.57298e+00 
 1.35500e+02  2.57302e+00 
 1.36000e+02  2.57303e+00 
 1.36500e+02  2.57305e+00 
 1.37000e+02  2.57307e+00 
 1.37500e+02  2.57307e+00 
 1.38000e+02  2.57308e+00 
 1.38500e+02  2.57312e+00 
 1.39000e+02  2.57313e+00 
 1.39500e+02  2.57312e+00 
 1.40000e+02  2.57315e+00 
 1.40500e+02  2.57316e+00 
 1.41000e+02  2.57318e+00 
 1.41500e+02  2.57317e+00 
 1.42000e+02  2.57320e+00 
 1.42500e+02  2.57322e+00 
 1.43000e+02  2.57326e+00 
 1.43500e+02  2.57324e+00 
 1.44000e+02  2.57326e+00 
 1.44500e+02  2.57326e+00 
 1.45000e+02  2.57326e+00 
 1.45500e+02  2.57328e+00 
 1.46000e+02  2.57329e+00 
 1.46500e+02  2.57330e+00 
 1.47000e+02  2.57331e+00 
 1.47500e+02  2.57333e+00 
 1.48000e+02  2.57332e+00 
 1.48500e+02  2.57333e+00 
 1.49000e+02  2.57332e+00 
 1.49500e+02  2.57331e+00 
 1.50000e+02  2.57331e+00 
 1.50500e+02  2.57334e+00 
 1.51000e+02  2.57334e+00 
 1.51500e+02  2.57331e+00 
 1.52000e+02  2.57335e+00 
 1.52500e+02  2.57335e+00 
 1.53000e+02  2.57336e+00 
 1.53500e+02  2.57336e+00 
 1.54000e+02  2.57337e+00 
 1.54500e+02  2.57337e+00 
 1.55000e+02  2.57337e+00 
 1.55500e+02  2.57336e+00 
 1.56000e+02  2.57336e+00 
 1.56500e+02  2.57334e+00 
 1.57000e+02  2.57334e+00 
 1.57500e+02  2.57335e+00 
 1.58000e+02  2.57336e+00 
 1.58500e+02  2.57333e+00 
 1.59000e+02  2.57334e+00 
 1.59500e+02  2.57335e+00 
 1.60000e+02  2.57332e+00 
 1.60500e+02  2.57333e+00 
 1.61000e+02  2.57331e+00 
 1.61500e+02  2.57332e+00 
 1.62000e+02  2.57333e+00 
 1.62500e+02  2.57331e+00 
 1.63000e+02  2.57330e+00 
 1.63500e+02  2.57329e+00 
 1.64000e+02  2.57331e+00 
 1.64500e+02  2.57330e+00 
 1.65000e+02  2.57333e+00 
 1.65500e+02  2.57332e+00 
 1.66000e+02  2.57332e+00 
 1.66500e+02  2.57332e+00 
 1.67000e+02  2.57331e+00 
 1.67500e+02  2.57331e+00 
 1.68000e+02  2.57331e+00 
 1.68500e+02  2.57331e+00 
 1.69000e+02  2.57333e+00 
 1.69500e+02  2.57330e+00 
 1.70000e+02  2.57331e+00 
 1.70500e+02  2.57333e+00 
 1.71000e+02  2.57336e+00 
 1.71500e+02  2.57334e+00 
 1.72000e+02  2.57334e+00 
 1.72500e+02  2.57332e+00 
 1.73000e+02  2.57332e+00 
 1.73500e+02  2.57330e+00 
 1.74000e+02  2.57331e+00 
 1.74500e+02  2.57332e+00 
 1.75000e+02  2.57332e+00 
 1.75500e+02  2.57330e+00 
 1.76000e+02  2.57328e+00 
 1.76500e+02  2.57329e+00 
 1.77000e+02  2.57324e+00 
 1.77500e+02  2.57322e+00 
 1.78000e+02  2.57322e+00 
 1.78500e+02  2.57320e+00 
 1.79000e+02  2.57321e+00 
 1.79500e+02  2.57317e+00 
 1.80000e+02  2.57313e+00 
 1.80500e+02  2.57312e+00 
 1.81000e+02  2.57309e+00 
 1.81500e+02  2.57310e+00 
 1.82000e+02  2.57307e+00 
 1.82500e+02  2.57306e+00 
 1.83000e+02  2.57306e+00 
 1.83500e+02  2.57303e+00 
 1.84000e+02  2.57301e+00 
 1.84500e+02  2.57301e+00 
 1.85000e+02  2.57301e+00 
 1.85500e+02  2.57300e+00 
 1.86000e+02  2.57295e+00 
 1.86500e+02  2.57294e+00 
 1.87000e+02  2.57294e+00 
 1.87500e+02  2.57294e+00 
 1.88000e+02  2.57292e+00 
 1.88500e+02  2.57288e+00 
 1.89000e+02  2.57286e+00 
 1.89500e+02  2.57281e+00 
 1.90000e+02  2.57278e+00 
 1.90500e+02  2.57274e+00 
 1.91000e+02  2.57270e+00 
 1.91500e+02  2.57269e+00 
 1.92000e+02  2.57267e+00 
 1.92500e+02  2.57266e+00 
 1.93000e+02  2.57259e+00 
 1.93500e+02  2.57251e+00 
 1.94000e+02  2.57244e+00 
 1.94500e+02  2.57241e+00 
 1.95000e+02  2.57239e+00 
 1.95500e+02  2.57233e+00 
 1.96000e+02  2.57223e+00 
 1.96500e+02  2.57219e+00 
 1.97000e+02  2.57212e+00 
 1.97500e+02  2.57207e+00 
 1.98000e+02  2.57203e+00 
 1.98500e+02  2.57196e+00 
 1.99000e+02  2.57186e+00 
 1.99500e+02  2.57179e+00 
 2.00000e+02  2.57174e+00 
 2.00500e+02  2.57171e+00 
 2.01000e+02  2.57163e+00 
 2.01500e+02  2.57153e+00 
 2.02000e+02  2.57137e+00 
 2.02500e+02  2.57120e+00 
 2.03000e+02  2.57109e+00 
 2.03500e+02  2.57101e+00 
 2.04000e+02  2.57095e+00 
 2.04500e+02  2.57085e+00 
 2.05000e+02  2.57074e+00 
 2.05500e+02  2.57061e+00 
 2.06000e+02  2.57048e+00 
 2.06500e+02  2.57037e+00 
 2.07000e+02  2.57025e+00 
 2.07500e+02  2.57014e+00 
 2.08000e+02  2.57001e+00 
 2.08500e+02  2.56987e+00 
 2.09000e+02  2.56971e+00 
 2.09500e+02  2.56953e+00 
 2.10000e+02  2.56934e+00 
 2.10500e+02  2.56918e+00 
 2.11000e+02  2.56903e+00 
 2.11500e+02  2.56888e+00 
 2.12000e+02  2.56873e+00 
 2.12500e+02  2.56854e+00 
 2.13000e+02  2.56835e+00 
 2.13500e+02  2.56815e+00 
 2.14000e+02  2.56792e+00 
 2.14500e+02  2.56770e+00 
 2.15000e+02  2.56751e+00 
 2.15500e+02  2.56734e+00 
 2.16000e+02  2.56716e+00 
 2.16500e+02  2.56696e+00 
 2.17000e+02  2.56677e+00 
 2.17500e+02  2.56657e+00 
 2.18000e+02  2.56641e+00 
 2.18500e+02  2.56628e+00 
 2.19000e+02  2.56614e+00 
 2.19500e+02  2.56598e+00 
 2.20000e+02  2.56576e+00 
 2.20500e+02  2.56552e+00 
 2.21000e+02  2.56530e+00 
 2.21500e+02  2.56507e+00 
 2.22000e+02  2.56485e+00 
 2.22500e+02  2.56464e+00 
 2.23000e+02  2.56444e+00 
 2.23500e+02  2.56424e+00 
 2.24000e+02  2.56404e+00 
 2.24500e+02  2.56384e+00 
 2.25000e+02  2.56364e+00 
 2.25500e+02  2.56341e+00 
 2.26000e+02  2.56318e+00 
 2.26500e+02  2.56291e+00 
 2.27000e+02  2.56265e+00 
 2.27500e+02  2.56240e+00 
 2.28000e+02  2.56212e+00 
 2.28500e+02  2.56183e+00 
 2.29000e+02  2.56151e+00 
 2.29500e+02  2.56117e+00 
 2.30000e+02  2.56084e+00 
 2.30500e+02  2.56049e+00 
 2.31000e+02  2.56011e+00 
 2.31500e+02  2.55973e+00 
 2.32000e+02  2.55933e+00 
 2.32500e+02  2.55895e+00 
 2.33000e+02  2.55856e+00 
 2.33500e+02  2.55816e+00 
 2.34000e+02  2.55775e+00 
 2.34500e+02  2.55733e+00 
 2.35000e+02  2.55690e+00 
 2.35500e+02  2.55643e+00 
 2.36000e+02  2.55594e+00 
 2.36500e+02  2.55545e+00 
 2.37000e+02  2.55497e+00 
 2.37500e+02  2.55449e+00 
 2.38000e+02  2.55400e+00 
 2.38500e+02  2.55350e+00 
 2.39000e+02  2.55299e+00 
 2.39500e+02  2.55248e+00 
 2.40000e+02  2.55195e+00 
 2.40500e+02  2.55136e+00 
 2.41000e+02  2.55074e+00 
 2.41500e+02  2.55011e+00 
 2.42000e+02  2.54946e+00 
 2.42500e+02  2.54880e+00 
 2.43000e+02  2.54812e+00 
 2.43500e+02  2.54741e+00 
 2.44000e+02  2.54666e+00 
 2.44500e+02  2.54586e+00 
 2.45000e+02  2.54502e+00 
 2.45500e+02  2.54411e+00 
 2.46000e+02  2.54316e+00 
 2.46500e+02  2.54215e+00 
 2.47000e+02  2.54107e+00 
 2.47500e+02  2.53994e+00 
 2.48000e+02  2.53875e+00 
 2.48500e+02  2.53748e+00 
 2.49000e+02  2.53615e+00 
 2.49500e+02  2.53473e+00 
 2.50000e+02  2.53321e+00 
 2.50500e+02  2.53159e+00 
 2.51000e+02  2.52989e+00 
 2.51500e+02  2.52808e+00 
 2.52000e+02  2.52615e+00 
 2.52500e+02  2.52410e+00 
 2.53000e+02  2.52192e+00 
 2.53500e+02  2.51958e+00 
 2.54000e+02  2.51710e+00 
 2.54500e+02  2.51445e+00 
 2.55000e+02  2.51162e+00 
 2.55500e+02  2.50862e+00 
 2.56000e+02  2.50543e+00 
 2.56500e+02  2.50203e+00 
 2.57000e+02  2.49842e+00 
 2.57500e+02  2.49459e+00 
 2.58000e+02  2.49054e+00 
 2.58500e+02  2.48628e+00 
 2.59000e+02  2.48178e+00 
 2.59500e+02  2.47703e+00 
 2.60000e+02  2.47203e+00 
 2.60500e+02  2.46678e+00 
 2.61000e+02  2.46125e+00 
 2.61500e+02  2.45546e+00 
 2.62000e+02  2.44939e+00 
 2.62500e+02  2.44305e+00 
 2.63000e+02  2.43643e+00 
 2.63500e+02  2.42954e+00 
 2.64000e+02  2.42236e+00 
 2.64500e+02  2.41490e+00 
 2.65000e+02  2.40715e+00 
 2.65500e+02  2.39911e+00 
 2.66000e+02  2.39078e+00 
 2.66500e+02  2.38216e+00 
 2.67000e+02  2.37326e+00 
 2.67500e+02  2.36407e+00 
 2.68000e+02  2.35459e+00 
 2.68500e+02  2.34482e+00 
 2.69000e+02  2.33477e+00 
 2.69500e+02  2.32444e+00 
 2.70000e+02  2.31381e+00 
 2.70500e+02  2.30291e+00 
 2.71000e+02  2.29172e+00 
 2.71500e+02  2.28026e+00 
 2.72000e+02  2.26851e+00 
 2.72500e+02  2.25648e+00 
 2.73000e+02  2.24416e+00 
 2.73500e+02  2.23157e+00 
 2.74000e+02  2.21870e+00 
 2.74500e+02  2.20556e+00 
 2.75000e+02  2.19214e+00 
 2.75500e+02  2.17845e+00 
 2.76000e+02  2.16448e+00 
 2.76500e+02  2.15024e+00 
 2.77000e+02  2.13573e+00 
 2.77500e+02  2.12096e+00 
 2.78000e+02  2.10591e+00 
 2.78500e+02  2.09061e+00 
 2.79000e+02  2.07504e+00 
 2.79500e+02  2.05920e+00 
 2.80000e+02  2.04310e+00 
 2.80500e+02  2.02674e+00 
 2.81000e+02  2.01011e+00 
 2.81500e+02  1.99323e+00 
 2.82000e+02  1.97608e+00 
 2.82500e+02  1.95868e+00 
 2.83000e+02  1.94101e+00 
 2.83500e+02  1.92309e+00 
 2.84000e+02  1.90491e+00 
 2.84500e+02  1.88646e+00 
 2.85000e+02  1.86776e+00 
 2.85500e+02  1.84881e+00 
 2.86000e+02  1.82959e+00 
 2.86500e+02  1.81012e+00 
 2.87000e+02  1.79040e+00 
 2.87500e+02  1.77042e+00 
 2.88000e+02  1.75019e+00 
 2.88500e+02  1.72970e+00 
 2.89000e+02  1.70897e+00 
 2.89500e+02  1.68798e+00 
 2.90000e+02  1.66675e+00 
 2.90500e+02  1.64527e+00 
 2.91000e+02  1.62354e+00 
 2.91500e+02  1.60157e+00 
 2.92000e+02  1.57936e+00 
 2.92500e+02  1.55690e+00 
 2.93000e+02  1.53421e+00 
 2.93500e+02  1.51128e+00 
 2.94000e+02  1.48811e+00 
 2.94500e+02  1.46471e+00 
 2.95000e+02  1.44108e+00 
 2.95500e+02  1.41721e+00 
 2.96000e+02  1.39311e+00 
 2.96500e+02  1.36879e+00 
 2.97000e+02  1.34424e+00 
 2.97500e+02  1.31947e+00 
 2.98000e+02  1.29448e+00 
 2.98500e+02  1.26927e+00 
 2.99000e+02  1.24384e+00 
 2.99500e+02  1.21820e+00 
 3.00000e+02  1.19234e+00 
 3.00500e+02  1.16627e+00 
 3.01000e+02  1.14000e+00 
 3.01500e+02  1.11351e+00 
 3.02000e+02  1.08681e+00 
 3.02500e+02  1.05991e+00 
 3.03000e+02  1.03280e+00 
 3.03500e+02  1.00548e+00 
 3.04000e+02  9.77960e-01 
 3.04500e+02  9.50236e-01 
 3.05000e+02  9.22310e-01 
 3.05500e+02  8.94183e-01 
 3.06000e+02  8.65856e-01 
 3.06500e+02  8.37331e-01 
 3.07000e+02  8.08609e-01 
 3.07500e+02  7.79692e-01 
 3.08000e+02  7.50580e-01 
 3.08500e+02  7.21276e-01 
 3.09000e+02  6.91783e-01 
 3.09500e+02  6.62101e-01 
 3.10000e+02  6.32233e-01 
 3.10500e+02  6.02180e-01 
 3.11000e+02  5.71943e-01 
 3.11500e+02  5.41523e-01 
 3.12000e+02  5.10920e-01 
 3.12500e+02  4.80134e-01 
 3.13000e+02  4.49169e-01 
 3.13500e+02  4.18024e-01 
 3.14000e+02  3.86701e-01 
 3.14500e+02  3.55201e-01 
 3.15000e+02  3.23524e-01 
 3.15500e+02  2.91673e-01 
 3.16000e+02  2.59647e-01 
 3.16500e+02  2.27448e-01 
 3.17000e+02  1.95078e-01 
 3.17500e+02  1.62537e-01 
 3.18000e+02  1.29827e-01 
 3.18500e+02  9.69490e-02 
 3.19000e+02  6.39045e-02 
 3.19500e+02  3.06933e-02 
