 0.00000e+00  0.00000e+00 
 5.00000e-01  3.33792e-02 
 1.00000e+00  6.65910e-02 
 1.50000e+00  9.96340e-02 
 2.00000e+00  1.32508e-01 
 2.50000e+00  1.65211e-01 
 3.00000e+00  1.97742e-01 
 3.50000e+00  2.30102e-01 
 4.00000e+00  2.62292e-01 
 4.50000e+00  2.94308e-01 
 5.00000e+00  3.26151e-01 
 5.50000e+00  3.57818e-01 
 6.00000e+00  3.89309e-01 
 6.50000e+00  4.20623e-01 
 7.00000e+00  4.51759e-01 
 7.50000e+00  4.82714e-01 
 8.00000e+00  5.13490e-01 
 8.50000e+00  5.44084e-01 
 9.00000e+00  5.74495e-01 
 9.50000e+00  6.04723e-01 
 1.00000e+01  6.34766e-01 
 1.05000e+01  6.64623e-01 
 1.10000e+01  6.94293e-01 
 1.15000e+01  7.23777e-01 
 1.20000e+01  7.53071e-01 
 1.25000e+01  7.82174e-01 
 1.30000e+01  8.11083e-01 
 1.35000e+01  8.39799e-01 
 1.40000e+01  8.68320e-01 
 1.45000e+01  8.96643e-01 
 1.50000e+01  9.24768e-01 
 1.55000e+01  9.52693e-01 
 1.60000e+01  9.80417e-01 
 1.65000e+01  1.00794e+00 
 1.70000e+01  1.03525e+00 
 1.75000e+01  1.06236e+00 
 1.80000e+01  1.08926e+00 
 1.85000e+01  1.11596e+00 
 1.90000e+01  1.14244e+00 
 1.95000e+01  1.16872e+00 
 2.00000e+01  1.19478e+00 
 2.05000e+01  1.22063e+00 
 2.10000e+01  1.24627e+00 
 2.15000e+01  1.27169e+00 
 2.20000e+01  1.29690e+00 
 2.25000e+01  1.32188e+00 
 2.30000e+01  1.34664e+00 
 2.35000e+01  1.37118e+00 
 2.40000e+01  1.39550e+00 
 2.45000e+01  1.41959e+00 
 2.50000e+01  1.44346e+00 
 2.55000e+01  1.46710e+00 
 2.60000e+01  1.49050e+00 
 2.65000e+01  1.51368e+00 
 2.70000e+01  1.53662e+00 
 2.75000e+01  1.55933e+00 
 2.80000e+01  1.58180e+00 
 2.85000e+01  1.60404e+00 
 2.90000e+01  1.62603e+00 
 2.95000e+01  1.64777e+00 
 3.00000e+01  1.66927e+00 
 3.05000e+01  1.69053e+00 
 3.10000e+01  1.71153e+00 
 3.15000e+01  1.73229e+00 
 3.20000e+01  1.75279e+00 
 3.25000e+01  1.77304e+00 
 3.30000e+01  1.79304e+00 
 3.35000e+01  1.81278e+00 
 3.40000e+01  1.83227e+00 
 3.45000e+01  1.85150e+00 
 3.50000e+01  1.87047e+00 
 3.55000e+01  1.88919e+00 
 3.60000e+01  1.90764e+00 
 3.65000e+01  1.92583e+00 
 3.70000e+01  1.94376e+00 
 3.75000e+01  1.96142e+00 
 3.80000e+01  1.97882e+00 
 3.85000e+01  1.99596e+00 
 3.90000e+01  2.01284e+00 
 3.95000e+01  2.02946e+00 
 4.00000e+01  2.04581e+00 
 4.05000e+01  2.06189e+00 
 4.10000e+01  2.07771e+00 
 4.15000e+01  2.09326e+00 
 4.20000e+01  2.10855e+00 
 4.25000e+01  2.12357e+00 
 4.30000e+01  2.13832e+00 
 4.35000e+01  2.15280e+00 
 4.40000e+01  2.16702e+00 
 4.45000e+01  2.18096e+00 
 4.50000e+01  2.19463e+00 
 4.55000e+01  2.20803e+00 
 4.60000e+01  2.22115e+00 
 4.65000e+01  2.23401e+00 
 4.70000e+01  2.24658e+00 
 4.75000e+01  2.25887e+00 
 4.80000e+01  2.27089e+00 
 4.85000e+01  2.28263e+00 
 4.90000e+01  2.29410e+00 
 4.95000e+01  2.30529e+00 
 5.00000e+01  2.31619e+00 
 5.05000e+01  2.32682e+00 
 5.10000e+01  2.33716e+00 
 5.15000e+01  2.34723e+00 
 5.20000e+01  2.35700e+00 
 5.25000e+01  2.36650e+00 
 5.30000e+01  2.37572e+00 
 5.35000e+01  2.38465e+00 
 5.40000e+01  2.39330e+00 
 5.45000e+01  2.40166e+00 
 5.50000e+01  2.40974e+00 
 5.55000e+01  2.41754e+00 
 5.60000e+01  2.42507e+00 
 5.65000e+01  2.43231e+00 
 5.70000e+01  2.43928e+00 
 5.75000e+01  2.44597e+00 
 5.80000e+01  2.45239e+00 
 5.85000e+01  2.45853e+00 
 5.90000e+01  2.46440e+00 
 5.95000e+01  2.47000e+00 
 6.00000e+01  2.47534e+00 
 6.05000e+01  2.48043e+00 
 6.10000e+01  2.48526e+00 
 6.15000e+01  2.48985e+00 
 6.20000e+01  2.49419e+00 
 6.25000e+01  2.49831e+00 
 6.30000e+01  2.50221e+00 
 6.35000e+01  2.50591e+00 
 6.40000e+01  2.50940e+00 
 6.45000e+01  2.51270e+00 
 6.50000e+01  2.51582e+00 
 6.55000e+01  2.51877e+00 
 6.60000e+01  2.52156e+00 
 6.65000e+01  2.52419e+00 
 6.70000e+01  2.52667e+00 
 6.75000e+01  2.52900e+00 
 6.80000e+01  2.53119e+00 
 6.85000e+01  2.53323e+00 
 6.90000e+01  2.53516e+00 
 6.95000e+01  2.53696e+00 
 7.00000e+01  2.53867e+00 
 7.05000e+01  2.54029e+00 
 7.10000e+01  2.54183e+00 
 7.15000e+01  2.54330e+00 
 7.20000e+01  2.54469e+00 
 7.25000e+01  2.54600e+00 
 7.30000e+01  2.54723e+00 
 7.35000e+01  2.54837e+00 
 7.40000e+01  2.54944e+00 
 7.45000e+01  2.55045e+00 
 7.50000e+01  2.55143e+00 
 7.55000e+01  2.55236e+00 
 7.60000e+01  2.55327e+00 
 7.65000e+01  2.55415e+00 
 7.70000e+01  2.55497e+00 
 7.75000e+01  2.55575e+00 
 7.80000e+01  2.55648e+00 
 7.85000e+01  2.55720e+00 
 7.90000e+01  2.55790e+00 
 7.95000e+01  2.55857e+00 
 8.00000e+01  2.55919e+00 
 8.05000e+01  2.55975e+00 
 8.10000e+01  2.56028e+00 
 8.15000e+01  2.56078e+00 
 8.20000e+01  2.56124e+00 
 8.25000e+01  2.56170e+00 
 8.30000e+01  2.56217e+00 
 8.35000e+01  2.56262e+00 
 8.40000e+01  2.56307e+00 
 8.45000e+01  2.56352e+00 
 8.50000e+01  2.56395e+00 
 8.55000e+01  2.56434e+00 
 8.60000e+01  2.56471e+00 
 8.65000e+01  2.56508e+00 
 8.70000e+01  2.56545e+00 
 8.75000e+01  2.56584e+00 
 8.80000e+01  2.56623e+00 
 8.85000e+01  2.56661e+00 
 8.90000e+01  2.56697e+00 
 8.95000e+01  2.56730e+00 
 9.00000e+01  2.56760e+00 
 9.05000e+01  2.56785e+00 
 9.10000e+01  2.56808e+00 
 9.15000e+01  2.56833e+00 
 9.20000e+01  2.56859e+00 
 9.25000e+01  2.56885e+00 
 9.30000e+01  2.56912e+00 
 9.35000e+01  2.56940e+00 
 9.40000e+01  2.56967e+00 
 9.45000e+01  2.56992e+00 
 9.50000e+01  2.57017e+00 
 9.55000e+01  2.57043e+00 
 9.60000e+01  2.57070e+00 
 9.65000e+01  2.57098e+00 
 9.70000e+01  2.57124e+00 
 9.75000e+01  2.57152e+00 
 9.80000e+01  2.57178e+00 
 9.85000e+01  2.57200e+00 
 9.90000e+01  2.57221e+00 
 9.95000e+01  2.57241e+00 
 1.00000e+02  2.57260e+00 
 1.00500e+02  2.57278e+00 
 1.01000e+02  2.57298e+00 
 1.01500e+02  2.57319e+00 
 1.02000e+02  2.57340e+00 
 1.02500e+02  2.57362e+00 
 1.03000e+02  2.57382e+00 
 1.03500e+02  2.57401e+00 
 1.04000e+02  2.57419e+00 
 1.04500e+02  2.57436e+00 
 1.05000e+02  2.57450e+00 
 1.05500e+02  2.57463e+00 
 1.06000e+02  2.57480e+00 
 1.06500e+02  2.57501e+00 
 1.07000e+02  2.57525e+00 
 1.07500e+02  2.57549e+00 
 1.08000e+02  2.57567e+00 
 1.08500e+02  2.57579e+00 
 1.09000e+02  2.57590e+00 
 1.09500e+02  2.57601e+00 
 1.10000e+02  2.57615e+00 
 1.10500e+02  2.57631e+00 
 1.11000e+02  2.57648e+00 
 1.11500e+02  2.57664e+00 
 1.12000e+02  2.57673e+00 
 1.12500e+02  2.57678e+00 
 1.13000e+02  2.57686e+00 
 1.13500e+02  2.57699e+00 
 1.14000e+02  2.57712e+00 
 1.14500e+02  2.57726e+00 
 1.15000e+02  2.57738e+00 
 1.15500e+02  2.57750e+00 
 1.16000e+02  2.57764e+00 
 1.16500e+02  2.57776e+00 
 1.17000e+02  2.57788e+00 
 1.17500e+02  2.57799e+00 
 1.18000e+02  2.57808e+00 
 1.18500e+02  2.57817e+00 
 1.19000e+02  2.57826e+00 
 1.19500e+02  2.57834e+00 
 1.20000e+02  2.57841e+00 
 1.20500e+02  2.57855e+00 
 1.21000e+02  2.57869e+00 
 1.21500e+02  2.57876e+00 
 1.22000e+02  2.57881e+00 
 1.22500e+02  2.57887e+00 
 1.23000e+02  2.57892e+00 
 1.23500e+02  2.57896e+00 
 1.24000e+02  2.57901e+00 
 1.24500e+02  2.57908e+00 
 1.25000e+02  2.57918e+00 
 1.25500e+02  2.57923e+00 
 1.26000e+02  2.57926e+00 
 1.26500e+02  2.57932e+00 
 1.27000e+02  2.57933e+00 
 1.27500e+02  2.57937e+00 
 1.28000e+02  2.57948e+00 
 1.28500e+02  2.57952e+00 
 1.29000e+02  2.57958e+00 
 1.29500e+02  2.57961e+00 
 1.30000e+02  2.57966e+00 
 1.30500e+02  2.57971e+00 
 1.31000e+02  2.57974e+00 
 1.31500e+02  2.57975e+00 
 1.32000e+02  2.57978e+00 
 1.32500e+02  2.57979e+00 
 1.33000e+02  2.57980e+00 
 1.33500e+02  2.57982e+00 
 1.34000e+02  2.57986e+00 
 1.34500e+02  2.57990e+00 
 1.35000e+02  2.57992e+00 
 1.35500e+02  2.57993e+00 
 1.36000e+02  2.57994e+00 
 1.36500e+02  2.57999e+00 
 1.37000e+02  2.58000e+00 
 1.37500e+02  2.58003e+00 
 1.38000e+02  2.58004e+00 
 1.38500e+02  2.58001e+00 
 1.39000e+02  2.58004e+00 
 1.39500e+02  2.58005e+00 
 1.40000e+02  2.58007e+00 
 1.40500e+02  2.58007e+00 
 1.41000e+02  2.58010e+00 
 1.41500e+02  2.58015e+00 
 1.42000e+02  2.58015e+00 
 1.42500e+02  2.58014e+00 
 1.43000e+02  2.58016e+00 
 1.43500e+02  2.58016e+00 
 1.44000e+02  2.58018e+00 
 1.44500e+02  2.58020e+00 
 1.45000e+02  2.58017e+00 
 1.45500e+02  2.58021e+00 
 1.46000e+02  2.58023e+00 
 1.46500e+02  2.58025e+00 
 1.47000e+02  2.58023e+00 
 1.47500e+02  2.58024e+00 
 1.48000e+02  2.58025e+00 
 1.48500e+02  2.58024e+00 
 1.49000e+02  2.58025e+00 
 1.49500e+02  2.58025e+00 
 1.50000e+02  2.58026e+00 
 1.50500e+02  2.58024e+00 
 1.51000e+02  2.58028e+00 
 1.51500e+02  2.58027e+00 
 1.52000e+02  2.58026e+00 
 1.52500e+02  2.58028e+00 
 1.53000e+02  2.58028e+00 
 1.53500e+02  2.58027e+00 
 1.54000e+02  2.58026e+00 
 1.54500e+02  2.58028e+00 
 1.55000e+02  2.58026e+00 
 1.55500e+02  2.58022e+00 
 1.56000e+02  2.58023e+00 
 1.56500e+02  2.58024e+00 
 1.57000e+02  2.58025e+00 
 1.57500e+02  2.58029e+00 
 1.58000e+02  2.58025e+00 
 1.58500e+02  2.58027e+00 
 1.59000e+02  2.58026e+00 
 1.59500e+02  2.58024e+00 
 1.60000e+02  2.58026e+00 
 1.60500e+02  2.58025e+00 
 1.61000e+02  2.58026e+00 
 1.61500e+02  2.58027e+00 
 1.62000e+02  2.58026e+00 
 1.62500e+02  2.58027e+00 
 1.63000e+02  2.58026e+00 
 1.63500e+02  2.58024e+00 
 1.64000e+02  2.58025e+00 
 1.64500e+02  2.58025e+00 
 1.65000e+02  2.58026e+00 
 1.65500e+02  2.58026e+00 
 1.66000e+02  2.58025e+00 
 1.66500e+02  2.58026e+00 
 1.67000e+02  2.58027e+00 
 1.67500e+02  2.58027e+00 
 1.68000e+02  2.58027e+00 
 1.68500e+02  2.58028e+00 
 1.69000e+02  2.58024e+00 
 1.69500e+02  2.58023e+00 
 1.70000e+02  2.58025e+00 
 1.70500e+02  2.58024e+00 
 1.71000e+02  2.58024e+00 
 1.71500e+02  2.58026e+00 
 1.72000e+02  2.58023e+00 
 1.72500e+02  2.58021e+00 
 1.73000e+02  2.58021e+00 
 1.73500e+02  2.58023e+00 
 1.74000e+02  2.58019e+00 
 1.74500e+02  2.58021e+00 
 1.75000e+02  2.58023e+00 
 1.75500e+02  2.58021e+00 
 1.76000e+02  2.58021e+00 
 1.76500e+02  2.58019e+00 
 1.77000e+02  2.58019e+00 
 1.77500e+02  2.58017e+00 
 1.78000e+02  2.58019e+00 
 1.78500e+02  2.58015e+00 
 1.79000e+02  2.58014e+00 
 1.79500e+02  2.58013e+00 
 1.80000e+02  2.58008e+00 
 1.80500e+02  2.58012e+00 
 1.81000e+02  2.58011e+00 
 1.81500e+02  2.58012e+00 
 1.82000e+02  2.58011e+00 
 1.82500e+02  2.58008e+00 
 1.83000e+02  2.58005e+00 
 1.83500e+02  2.58004e+00 
 1.84000e+02  2.58004e+00 
 1.84500e+02  2.58002e+00 
 1.85000e+02  2.57998e+00 
 1.85500e+02  2.57997e+00 
 1.86000e+02  2.57996e+00 
 1.86500e+02  2.57994e+00 
 1.87000e+02  2.57991e+00 
 1.87500e+02  2.57988e+00 
 1.88000e+02  2.57985e+00 
 1.88500e+02  2.57985e+00 
 1.89000e+02  2.57979e+00 
 1.89500e+02  2.57975e+00 
 1.90000e+02  2.57977e+00 
 1.90500e+02  2.57974e+00 
 1.91000e+02  2.57970e+00 
 1.91500e+02  2.57964e+00 
 1.92000e+02  2.57959e+00 
 1.92500e+02  2.57954e+00 
 1.93000e+02  2.57953e+00 
 1.93500e+02  2.57950e+00 
 1.94000e+02  2.57946e+00 
 1.94500e+02  2.57945e+00 
 1.95000e+02  2.57943e+00 
 1.95500e+02  2.57934e+00 
 1.96000e+02  2.57925e+00 
 1.96500e+02  2.57924e+00 
 1.97000e+02  2.57920e+00 
 1.97500e+02  2.57909e+00 
 1.98000e+02  2.57900e+00 
 1.98500e+02  2.57892e+00 
 1.99000e+02  2.57881e+00 
 1.99500e+02  2.57874e+00 
 2.00000e+02  2.57866e+00 
 2.00500e+02  2.57853e+00 
 2.01000e+02  2.57840e+00 
 2.01500e+02  2.57835e+00 
 2.02000e+02  2.57824e+00 
 2.02500e+02  2.57811e+00 
 2.03000e+02  2.57796e+00 
 2.03500e+02  2.57783e+00 
 2.04000e+02  2.57774e+00 
 2.04500e+02  2.57763e+00 
 2.05000e+02  2.57753e+00 
 2.05500e+02  2.57742e+00 
 2.06000e+02  2.57730e+00 
 2.06500e+02  2.57717e+00 
 2.07000e+02  2.57701e+00 
 2.07500e+02  2.57681e+00 
 2.08000e+02  2.57663e+00 
 2.08500e+02  2.57649e+00 
 2.09000e+02  2.57638e+00 
 2.09500e+02  2.57629e+00 
 2.10000e+02  2.57615e+00 
 2.10500e+02  2.57599e+00 
 2.11000e+02  2.57583e+00 
 2.11500e+02  2.57566e+00 
 2.12000e+02  2.57547e+00 
 2.12500e+02  2.57531e+00 
 2.13000e+02  2.57516e+00 
 2.13500e+02  2.57502e+00 
 2.14000e+02  2.57489e+00 
 2.14500e+02  2.57475e+00 
 2.15000e+02  2.57459e+00 
 2.15500e+02  2.57440e+00 
 2.16000e+02  2.57421e+00 
 2.16500e+02  2.57399e+00 
 2.17000e+02  2.57376e+00 
 2.17500e+02  2.57354e+00 
 2.18000e+02  2.57332e+00 
 2.18500e+02  2.57313e+00 
 2.19000e+02  2.57297e+00 
 2.19500e+02  2.57280e+00 
 2.20000e+02  2.57259e+00 
 2.20500e+02  2.57239e+00 
 2.21000e+02  2.57221e+00 
 2.21500e+02  2.57202e+00 
 2.22000e+02  2.57179e+00 
 2.22500e+02  2.57154e+00 
 2.23000e+02  2.57130e+00 
 2.23500e+02  2.57106e+00 
 2.24000e+02  2.57082e+00 
 2.24500e+02  2.57057e+00 
 2.25000e+02  2.57033e+00 
 2.25500e+02  2.57013e+00 
 2.26000e+02  2.56995e+00 
 2.26500e+02  2.56975e+00 
 2.27000e+02  2.56953e+00 
 2.27500e+02  2.56931e+00 
 2.28000e+02  2.56905e+00 
 2.28500e+02  2.56875e+00 
 2.29000e+02  2.56842e+00 
 2.29500e+02  2.56807e+00 
 2.30000e+02  2.56772e+00 
 2.30500e+02  2.56737e+00 
 2.31000e+02  2.56700e+00 
 2.31500e+02  2.56663e+00 
 2.32000e+02  2.56627e+00 
 2.32500e+02  2.56591e+00 
 2.33000e+02  2.56554e+00 
 2.33500e+02  2.56516e+00 
 2.34000e+02  2.56481e+00 
 2.34500e+02  2.56444e+00 
 2.35000e+02  2.56404e+00 
 2.35500e+02  2.56360e+00 
 2.36000e+02  2.56314e+00 
 2.36500e+02  2.56268e+00 
 2.37000e+02  2.56221e+00 
 2.37500e+02  2.56173e+00 
 2.38000e+02  2.56123e+00 
 2.38500e+02  2.56075e+00 
 2.39000e+02  2.56026e+00 
 2.39500e+02  2.55977e+00 
 2.40000e+02  2.55924e+00 
 2.40500e+02  2.55867e+00 
 2.41000e+02  2.55807e+00 
 2.41500e+02  2.55744e+00 
 2.42000e+02  2.55676e+00 
 2.42500e+02  2.55604e+00 
 2.43000e+02  2.55530e+00 
 2.43500e+02  2.55453e+00 
 2.44000e+02  2.55375e+00 
 2.44500e+02  2.55293e+00 
 2.45000e+02  2.55209e+00 
 2.45500e+02  2.55121e+00 
 2.46000e+02  2.55028e+00 
 2.46500e+02  2.54929e+00 
 2.47000e+02  2.54823e+00 
 2.47500e+02  2.54711e+00 
 2.48000e+02  2.54591e+00 
 2.48500e+02  2.54462e+00 
 2.49000e+02  2.54324e+00 
 2.49500e+02  2.54178e+00 
 2.50000e+02  2.54023e+00 
 2.50500e+02  2.53857e+00 
 2.51000e+02  2.53680e+00 
 2.51500e+02  2.53493e+00 
 2.52000e+02  2.53294e+00 
 2.52500e+02  2.53083e+00 
 2.53000e+02  2.52859e+00 
 2.53500e+02  2.52622e+00 
 2.54000e+02  2.52370e+00 
 2.54500e+02  2.52103e+00 
 2.55000e+02  2.51821e+00 
 2.55500e+02  2.51521e+00 
 2.56000e+02  2.51204e+00 
 2.56500e+02  2.50866e+00 
 2.57000e+02  2.50508e+00 
 2.57500e+02  2.50129e+00 
 2.58000e+02  2.49727e+00 
 2.58500e+02  2.49303e+00 
 2.59000e+02  2.48855e+00 
 2.59500e+02  2.48383e+00 
 2.60000e+02  2.47886e+00 
 2.60500e+02  2.47363e+00 
 2.61000e+02  2.46813e+00 
 2.61500e+02  2.46237e+00 
 2.62000e+02  2.45633e+00 
 2.62500e+02  2.45003e+00 
 2.63000e+02  2.44345e+00 
 2.63500e+02  2.43660e+00 
 2.64000e+02  2.42947e+00 
 2.64500e+02  2.42204e+00 
 2.65000e+02  2.41434e+00 
 2.65500e+02  2.40636e+00 
 2.66000e+02  2.39810e+00 
 2.66500e+02  2.38956e+00 
 2.67000e+02  2.38073e+00 
 2.67500e+02  2.37162e+00 
 2.68000e+02  2.36222e+00 
 2.68500e+02  2.35255e+00 
 2.69000e+02  2.34259e+00 
 2.69500e+02  2.33234e+00 
 2.70000e+02  2.32181e+00 
 2.70500e+02  2.31099e+00 
 2.71000e+02  2.29988e+00 
 2.71500e+02  2.28849e+00 
 2.72000e+02  2.27680e+00 
 2.72500e+02  2.26483e+00 
 2.73000e+02  2.25258e+00 
 2.73500e+02  2.24004e+00 
 2.74000e+02  2.22722e+00 
 2.74500e+02  2.21412e+00 
 2.75000e+02  2.20074e+00 
 2.75500e+02  2.18709e+00 
 2.76000e+02  2.17317e+00 
 2.76500e+02  2.15897e+00 
 2.77000e+02  2.14450e+00 
 2.77500e+02  2.12977e+00 
 2.78000e+02  2.11475e+00 
 2.78500e+02  2.09947e+00 
 2.79000e+02  2.08392e+00 
 2.79500e+02  2.06811e+00 
 2.80000e+02  2.05202e+00 
 2.80500e+02  2.03567e+00 
 2.81000e+02  2.01906e+00 
 2.81500e+02  2.00217e+00 
 2.82000e+02  1.98503e+00 
 2.82500e+02  1.96761e+00 
 2.83000e+02  1.94994e+00 
 2.83500e+02  1.93199e+00 
 2.84000e+02  1.91379e+00 
 2.84500e+02  1.89532e+00 
 2.85000e+02  1.87659e+00 
 2.85500e+02  1.85760e+00 
 2.86000e+02  1.83836e+00 
 2.86500e+02  1.81885e+00 
 2.87000e+02  1.79908e+00 
 2.87500e+02  1.77906e+00 
 2.88000e+02  1.75878e+00 
 2.88500e+02  1.73824e+00 
 2.89000e+02  1.71745e+00 
 2.89500e+02  1.69641e+00 
 2.90000e+02  1.67512e+00 
 2.90500e+02  1.65358e+00 
 2.91000e+02  1.63180e+00 
 2.91500e+02  1.60976e+00 
 2.92000e+02  1.58747e+00 
 2.92500e+02  1.56495e+00 
 2.93000e+02  1.54218e+00 
 2.93500e+02  1.51916e+00 
 2.94000e+02  1.49591e+00 
 2.94500e+02  1.47243e+00 
 2.95000e+02  1.44871e+00 
 2.95500e+02  1.42476e+00 
 2.96000e+02  1.40058e+00 
 2.96500e+02  1.37617e+00 
 2.97000e+02  1.35153e+00 
 2.97500e+02  1.32667e+00 
 2.98000e+02  1.30158e+00 
 2.98500e+02  1.27628e+00 
 2.99000e+02  1.25076e+00 
 2.99500e+02  1.22501e+00 
 3.00000e+02  1.19906e+00 
 3.00500e+02  1.17288e+00 
 3.01000e+02  1.14650e+00 
 3.01500e+02  1.11990e+00 
 3.02000e+02  1.09309e+00 
 3.02500e+02  1.06608e+00 
 3.03000e+02  1.03885e+00 
 3.03500e+02  1.01142e+00 
 3.04000e+02  9.83785e-01 
 3.04500e+02  9.55946e-01 
 3.05000e+02  9.27905e-01 
 3.05500e+02  8.99665e-01 
 3.06000e+02  8.71225e-01 
 3.06500e+02  8.42588e-01 
 3.07000e+02  8.13756e-01 
 3.07500e+02  7.84730e-01 
 3.08000e+02  7.55511e-01 
 3.08500e+02  7.26102e-01 
 3.09000e+02  6.96504e-01 
 3.09500e+02  6.66718e-01 
 3.10000e+02  6.36747e-01 
 3.10500e+02  6.06589e-01 
 3.11000e+02  5.76247e-01 
 3.11500e+02  5.45721e-01 
 3.12000e+02  5.15012e-01 
 3.12500e+02  4.84121e-01 
 3.13000e+02  4.53050e-01 
 3.13500e+02  4.21799e-01 
 3.14000e+02  3.90370e-01 
 3.14500e+02  3.58764e-01 
 3.15000e+02  3.26982e-01 
 3.15500e+02  2.95026e-01 
 3.16000e+02  2.62895e-01 
 3.16500e+02  2.30592e-01 
 3.17000e+02  1.98116e-01 
 3.17500e+02  1.65471e-01 
 3.18000e+02  1.32655e-01 
 3.18500e+02  9.96685e-02 
 3.19000e+02  6.65143e-02 
 3.19500e+02  3.31923e-02 
