 0.00000e+00  0.00000e+00 
 5.00000e-01  3.37218e-02 
 1.00000e+00  6.72745e-02 
 1.50000e+00  1.00656e-01 
 2.00000e+00  1.33864e-01 
 2.50000e+00  1.66900e-01 
 3.00000e+00  1.99763e-01 
 3.50000e+00  2.32451e-01 
 4.00000e+00  2.64964e-01 
 4.50000e+00  2.97299e-01 
 5.00000e+00  3.29456e-01 
 5.50000e+00  3.61433e-01 
 6.00000e+00  3.93231e-01 
 6.50000e+00  4.24849e-01 
 7.00000e+00  4.56286e-01 
 7.50000e+00  4.87539e-01 
 8.00000e+00  5.18606e-01 
 8.50000e+00  5.49487e-01 
 9.00000e+00  5.80182e-01 
 9.50000e+00  6.10688e-01 
 1.00000e+01  6.41005e-01 
 1.05000e+01  6.71131e-01 
 1.10000e+01  7.01066e-01 
 1.15000e+01  7.30808e-01 
 1.20000e+01  7.60356e-01 
 1.25000e+01  7.89709e-01 
 1.30000e+01  8.18863e-01 
 1.35000e+01  8.47818e-01 
 1.40000e+01  8.76570e-01 
 1.45000e+01  9.05122e-01 
 1.50000e+01  9.33471e-01 
 1.55000e+01  9.61616e-01 
 1.60000e+01  9.89556e-01 
 1.65000e+01  1.01729e+00 
 1.70000e+01  1.04481e+00 
 1.75000e+01  1.07213e+00 
 1.80000e+01  1.09924e+00 
 1.85000e+01  1.12613e+00 
 1.90000e+01  1.15282e+00 
 1.95000e+01  1.17928e+00 
 2.00000e+01  1.20553e+00 
 2.05000e+01  1.23156e+00 
 2.10000e+01  1.25737e+00 
 2.15000e+01  1.28296e+00 
 2.20000e+01  1.30833e+00 
 2.25000e+01  1.33347e+00 
 2.30000e+01  1.35838e+00 
 2.35000e+01  1.38305e+00 
 2.40000e+01  1.40750e+00 
 2.45000e+01  1.43171e+00 
 2.50000e+01  1.45568e+00 
 2.55000e+01  1.47941e+00 
 2.60000e+01  1.50291e+00 
 2.65000e+01  1.52617e+00 
 2.70000e+01  1.54919e+00 
 2.75000e+01  1.57196e+00 
 2.80000e+01  1.59448e+00 
 2.85000e+01  1.61675e+00 
 2.90000e+01  1.63878e+00 
 2.95000e+01  1.66055e+00 
 3.00000e+01  1.68207e+00 
 3.05000e+01  1.70333e+00 
 3.10000e+01  1.72434e+00 
 3.15000e+01  1.74509e+00 
 3.20000e+01  1.76558e+00 
 3.25000e+01  1.78581e+00 
 3.30000e+01  1.80578e+00 
 3.35000e+01  1.82548e+00 
 3.40000e+01  1.84492e+00 
 3.45000e+01  1.86410e+00 
 3.50000e+01  1.88301e+00 
 3.55000e+01  1.90165e+00 
 3.60000e+01  1.92003e+00 
 3.65000e+01  1.93814e+00 
 3.70000e+01  1.95598e+00 
 3.75000e+01  1.97355e+00 
 3.80000e+01  1.99085e+00 
 3.85000e+01  2.00789e+00 
 3.90000e+01  2.02467e+00 
 3.95000e+01  2.04117e+00 
 4.00000e+01  2.05741e+00 
 4.05000e+01  2.07337e+00 
 4.10000e+01  2.08906e+00 
 4.15000e+01  2.10448e+00 
 4.20000e+01  2.11963e+00 
 4.25000e+01  2.13451e+00 
 4.30000e+01  2.14910e+00 
 4.35000e+01  2.16343e+00 
 4.40000e+01  2.17748e+00 
 4.45000e+01  2.19125e+00 
 4.50000e+01  2.20475e+00 
 4.55000e+01  2.21796e+00 
 4.60000e+01  2.23090e+00 
 4.65000e+01  2.24356e+00 
 4.70000e+01  2.25595e+00 
 4.75000e+01  2.26805e+00 
 4.80000e+01  2.27987e+00 
 4.85000e+01  2.29142e+00 
 4.90000e+01  2.30268e+00 
 4.95000e+01  2.31367e+00 
 5.00000e+01  2.32436e+00 
 5.05000e+01  2.33477e+00 
 5.10000e+01  2.34490e+00 
 5.15000e+01  2.35474e+00 
 5.20000e+01  2.36430e+00 
 5.25000e+01  2.37358e+00 
 5.30000e+01  2.38257e+00 
 5.35000e+01  2.39129e+00 
 5.40000e+01  2.39971e+00 
 5.45000e+01  2.40785e+00 
 5.50000e+01  2.41571e+00 
 5.55000e+01  2.42328e+00 
 5.60000e+01  2.43057e+00 
 5.65000e+01  2.43758e+00 
 5.70000e+01  2.44430e+00 
 5.75000e+01  2.45074e+00 
 5.80000e+01  2.45690e+00 
 5.85000e+01  2.46280e+00 
 5.90000e+01  2.46841e+00 
 5.95000e+01  2.47376e+00 
 6.00000e+01  2.47884e+00 
 6.05000e+01  2.48366e+00 
 6.10000e+01  2.48825e+00 
 6.15000e+01  2.49259e+00 
 6.20000e+01  2.49671e+00 
 6.25000e+01  2.50061e+00 
 6.30000e+01  2.50430e+00 
 6.35000e+01  2.50779e+00 
 6.40000e+01  2.51107e+00 
 6.45000e+01  2.51417e+00 
 6.50000e+01  2.51708e+00 
 6.55000e+01  2.51982e+00 
 6.60000e+01  2.52240e+00 
 6.65000e+01  2.52483e+00 
 6.70000e+01  2.52710e+00 
 6.75000e+01  2.52923e+00 
 6.80000e+01  2.53124e+00 
 6.85000e+01  2.53312e+00 
 6.90000e+01  2.53488e+00 
 6.95000e+01  2.53653e+00 
 7.00000e+01  2.53808e+00 
 7.05000e+01  2.53953e+00 
 7.10000e+01  2.54090e+00 
 7.15000e+01  2.54220e+00 
 7.20000e+01  2.54346e+00 
 7.25000e+01  2.54466e+00 
 7.30000e+01  2.54579e+00 
 7.35000e+01  2.54686e+00 
 7.40000e+01  2.54787e+00 
 7.45000e+01  2.54884e+00 
 7.50000e+01  2.54977e+00 
 7.55000e+01  2.55065e+00 
 7.60000e+01  2.55149e+00 
 7.65000e+01  2.55230e+00 
 7.70000e+01  2.55308e+00 
 7.75000e+01  2.55381e+00 
 7.80000e+01  2.55453e+00 
 7.85000e+01  2.55523e+00 
 7.90000e+01  2.55593e+00 
 7.95000e+01  2.55661e+00 
 8.00000e+01  2.55724e+00 
 8.05000e+01  2.55782e+00 
 8.10000e+01  2.55835e+00 
 8.15000e+01  2.55882e+00 
 8.20000e+01  2.55926e+00 
 8.25000e+01  2.55967e+00 
 8.30000e+01  2.56008e+00 
 8.35000e+01  2.56050e+00 
 8.40000e+01  2.56089e+00 
 8.45000e+01  2.56127e+00 
 8.50000e+01  2.56167e+00 
 8.55000e+01  2.56207e+00 
 8.60000e+01  2.56243e+00 
 8.65000e+01  2.56278e+00 
 8.70000e+01  2.56317e+00 
 8.75000e+01  2.56357e+00 
 8.80000e+01  2.56398e+00 
 8.85000e+01  2.56437e+00 
 8.90000e+01  2.56471e+00 
 8.95000e+01  2.56501e+00 
 9.00000e+01  2.56531e+00 
 9.05000e+01  2.56559e+00 
 9.10000e+01  2.56588e+00 
 9.15000e+01  2.56617e+00 
 9.20000e+01  2.56642e+00 
 9.25000e+01  2.56666e+00 
 9.30000e+01  2.56688e+00 
 9.35000e+01  2.56713e+00 
 9.40000e+01  2.56739e+00 
 9.45000e+01  2.56764e+00 
 9.50000e+01  2.56788e+00 
 9.55000e+01  2.56811e+00 
 9.60000e+01  2.56835e+00 
 9.65000e+01  2.56863e+00 
 9.70000e+01  2.56890e+00 
 9.75000e+01  2.56912e+00 
 9.80000e+01  2.56930e+00 
 9.85000e+01  2.56948e+00 
 9.90000e+01  2.56968e+00 
 9.95000e+01  2.56992e+00 
 1.00000e+02  2.57018e+00 
 1.00500e+02  2.57046e+00 
 1.01000e+02  2.57077e+00 
 1.01500e+02  2.57108e+00 
 1.02000e+02  2.57134e+00 
 1.02500e+02  2.57153e+00 
 1.03000e+02  2.57169e+00 
 1.03500e+02  2.57186e+00 
 1.04000e+02  2.57202e+00 
 1.04500e+02  2.57218e+00 
 1.05000e+02  2.57235e+00 
 1.05500e+02  2.57254e+00 
 1.06000e+02  2.57270e+00 
 1.06500e+02  2.57284e+00 
 1.07000e+02  2.57303e+00 
 1.07500e+02  2.57323e+00 
 1.08000e+02  2.57340e+00 
 1.08500e+02  2.57355e+00 
 1.09000e+02  2.57370e+00 
 1.09500e+02  2.57387e+00 
 1.10000e+02  2.57404e+00 
 1.10500e+02  2.57423e+00 
 1.11000e+02  2.57440e+00 
 1.11500e+02  2.57454e+00 
 1.12000e+02  2.57462e+00 
 1.12500e+02  2.57472e+00 
 1.13000e+02  2.57485e+00 
 1.13500e+02  2.57500e+00 
 1.14000e+02  2.57510e+00 
 1.14500e+02  2.57518e+00 
 1.15000e+02  2.57530e+00 
 1.15500e+02  2.57542e+00 
 1.16000e+02  2.57558e+00 
 1.16500e+02  2.57576e+00 
 1.17000e+02  2.57593e+00 
 1.17500e+02  2.57609e+00 
 1.18000e+02  2.57620e+00 
 1.18500e+02  2.57635e+00 
 1.19000e+02  2.57648e+00 
 1.19500e+02  2.57655e+00 
 1.20000e+02  2.57662e+00 
 1.20500e+02  2.57668e+00 
 1.21000e+02  2.57674e+00 
 1.21500e+02  2.57684e+00 
 1.22000e+02  2.57693e+00 
 1.22500e+02  2.57700e+00 
 1.23000e+02  2.57707e+00 
 1.23500e+02  2.57714e+00 
 1.24000e+02  2.57721e+00 
 1.24500e+02  2.57726e+00 
 1.25000e+02  2.57734e+00 
 1.25500e+02  2.57742e+00 
 1.26000e+02  2.57747e+00 
 1.26500e+02  2.57751e+00 
 1.27000e+02  2.57757e+00 
 1.27500e+02  2.57762e+00 
 1.28000e+02  2.57764e+00 
 1.28500e+02  2.57769e+00 
 1.29000e+02  2.57779e+00 
 1.29500e+02  2.57781e+00 
 1.30000e+02  2.57785e+00 
 1.30500e+02  2.57789e+00 
 1.31000e+02  2.57794e+00 
 1.31500e+02  2.57794e+00 
 1.32000e+02  2.57797e+00 
 1.32500e+02  2.57796e+00 
 1.33000e+02  2.57796e+00 
 1.33500e+02  2.57799e+00 
 1.34000e+02  2.57804e+00 
 1.34500e+02  2.57808e+00 
 1.35000e+02  2.57805e+00 
 1.35500e+02  2.57811e+00 
 1.36000e+02  2.57814e+00 
 1.36500e+02  2.57811e+00 
 1.37000e+02  2.57812e+00 
 1.37500e+02  2.57813e+00 
 1.38000e+02  2.57817e+00 
 1.38500e+02  2.57817e+00 
 1.39000e+02  2.57819e+00 
 1.39500e+02  2.57820e+00 
 1.40000e+02  2.57820e+00 
 1.40500e+02  2.57824e+00 
 1.41000e+02  2.57825e+00 
 1.41500e+02  2.57826e+00 
 1.42000e+02  2.57828e+00 
 1.42500e+02  2.57826e+00 
 1.43000e+02  2.57826e+00 
 1.43500e+02  2.57831e+00 
 1.44000e+02  2.57831e+00 
 1.44500e+02  2.57828e+00 
 1.45000e+02  2.57830e+00 
 1.45500e+02  2.57828e+00 
 1.46000e+02  2.57831e+00 
 1.46500e+02  2.57829e+00 
 1.47000e+02  2.57829e+00 
 1.47500e+02  2.57832e+00 
 1.48000e+02  2.57834e+00 
 1.48500e+02  2.57831e+00 
 1.49000e+02  2.57833e+00 
 1.49500e+02  2.57832e+00 
 1.50000e+02  2.57833e+00 
 1.50500e+02  2.57835e+00 
 1.51000e+02  2.57834e+00 
 1.51500e+02  2.57836e+00 
 1.52000e+02  2.57838e+00 
 1.52500e+02  2.57838e+00 
 1.53000e+02  2.57838e+00 
 1.53500e+02  2.57841e+00 
 1.54000e+02  2.57841e+00 
 1.54500e+02  2.57842e+00 
 1.55000e+02  2.57841e+00 
 1.55500e+02  2.57840e+00 
 1.56000e+02  2.57842e+00 
 1.56500e+02  2.57842e+00 
 1.57000e+02  2.57843e+00 
 1.57500e+02  2.57844e+00 
 1.58000e+02  2.57844e+00 
 1.58500e+02  2.57840e+00 
 1.59000e+02  2.57840e+00 
 1.59500e+02  2.57841e+00 
 1.60000e+02  2.57841e+00 
 1.60500e+02  2.57840e+00 
 1.61000e+02  2.57838e+00 
 1.61500e+02  2.57839e+00 
 1.62000e+02  2.57842e+00 
 1.62500e+02  2.57842e+00 
 1.63000e+02  2.57841e+00 
 1.63500e+02  2.57842e+00 
 1.64000e+02  2.57837e+00 
 1.64500e+02  2.57841e+00 
 1.65000e+02  2.57837e+00 
 1.65500e+02  2.57840e+00 
 1.66000e+02  2.57837e+00 
 1.66500e+02  2.57837e+00 
 1.67000e+02  2.57838e+00 
 1.67500e+02  2.57836e+00 
 1.68000e+02  2.57836e+00 
 1.68500e+02  2.57833e+00 
 1.69000e+02  2.57835e+00 
 1.69500e+02  2.57832e+00 
 1.70000e+02  2.57833e+00 
 1.70500e+02  2.57829e+00 
 1.71000e+02  2.57832e+00 
 1.71500e+02  2.57828e+00 
 1.72000e+02  2.57831e+00 
 1.72500e+02  2.57832e+00 
 1.73000e+02  2.57831e+00 
 1.73500e+02  2.57831e+00 
 1.74000e+02  2.57828e+00 
 1.74500e+02  2.57829e+00 
 1.75000e+02  2.57826e+00 
 1.75500e+02  2.57822e+00 
 1.76000e+02  2.57825e+00 
 1.76500e+02  2.57822e+00 
 1.77000e+02  2.57822e+00 
 1.77500e+02  2.57824e+00 
 1.78000e+02  2.57822e+00 
 1.78500e+02  2.57821e+00 
 1.79000e+02  2.57820e+00 
 1.79500e+02  2.57819e+00 
 1.80000e+02  2.57820e+00 
 1.80500e+02  2.57820e+00 
 1.81000e+02  2.57818e+00 
 1.81500e+02  2.57817e+00 
 1.82000e+02  2.57811e+00 
 1.82500e+02  2.57814e+00 
 1.83000e+02  2.57810e+00 
 1.83500e+02  2.57810e+00 
 1.84000e+02  2.57808e+00 
 1.84500e+02  2.57805e+00 
 1.85000e+02  2.57803e+00 
 1.85500e+02  2.57803e+00 
 1.86000e+02  2.57800e+00 
 1.86500e+02  2.57793e+00 
 1.87000e+02  2.57791e+00 
 1.87500e+02  2.57791e+00 
 1.88000e+02  2.57789e+00 
 1.88500e+02  2.57787e+00 
 1.89000e+02  2.57783e+00 
 1.89500e+02  2.57783e+00 
 1.90000e+02  2.57782e+00 
 1.90500e+02  2.57780e+00 
 1.91000e+02  2.57778e+00 
 1.91500e+02  2.57772e+00 
 1.92000e+02  2.57765e+00 
 1.92500e+02  2.57764e+00 
 1.93000e+02  2.57764e+00 
 1.93500e+02  2.57759e+00 
 1.94000e+02  2.57752e+00 
 1.94500e+02  2.57746e+00 
 1.95000e+02  2.57741e+00 
 1.95500e+02  2.57735e+00 
 1.96000e+02  2.57729e+00 
 1.96500e+02  2.57723e+00 
 1.97000e+02  2.57719e+00 
 1.97500e+02  2.57713e+00 
 1.98000e+02  2.57702e+00 
 1.98500e+02  2.57690e+00 
 1.99000e+02  2.57680e+00 
 1.99500e+02  2.57676e+00 
 2.00000e+02  2.57668e+00 
 2.00500e+02  2.57657e+00 
 2.01000e+02  2.57648e+00 
 2.01500e+02  2.57640e+00 
 2.02000e+02  2.57627e+00 
 2.02500e+02  2.57611e+00 
 2.03000e+02  2.57598e+00 
 2.03500e+02  2.57584e+00 
 2.04000e+02  2.57575e+00 
 2.04500e+02  2.57565e+00 
 2.05000e+02  2.57557e+00 
 2.05500e+02  2.57546e+00 
 2.06000e+02  2.57533e+00 
 2.06500e+02  2.57517e+00 
 2.07000e+02  2.57501e+00 
 2.07500e+02  2.57486e+00 
 2.08000e+02  2.57475e+00 
 2.08500e+02  2.57464e+00 
 2.09000e+02  2.57450e+00 
 2.09500e+02  2.57438e+00 
 2.10000e+02  2.57427e+00 
 2.10500e+02  2.57417e+00 
 2.11000e+02  2.57405e+00 
 2.11500e+02  2.57389e+00 
 2.12000e+02  2.57370e+00 
 2.12500e+02  2.57349e+00 
 2.13000e+02  2.57329e+00 
 2.13500e+02  2.57307e+00 
 2.14000e+02  2.57287e+00 
 2.14500e+02  2.57271e+00 
 2.15000e+02  2.57254e+00 
 2.15500e+02  2.57237e+00 
 2.16000e+02  2.57219e+00 
 2.16500e+02  2.57199e+00 
 2.17000e+02  2.57179e+00 
 2.17500e+02  2.57161e+00 
 2.18000e+02  2.57147e+00 
 2.18500e+02  2.57130e+00 
 2.19000e+02  2.57114e+00 
 2.19500e+02  2.57097e+00 
 2.20000e+02  2.57078e+00 
 2.20500e+02  2.57056e+00 
 2.21000e+02  2.57032e+00 
 2.21500e+02  2.57005e+00 
 2.22000e+02  2.56979e+00 
 2.22500e+02  2.56953e+00 
 2.23000e+02  2.56930e+00 
 2.23500e+02  2.56908e+00 
 2.24000e+02  2.56886e+00 
 2.24500e+02  2.56865e+00 
 2.25000e+02  2.56843e+00 
 2.25500e+02  2.56820e+00 
 2.26000e+02  2.56796e+00 
 2.26500e+02  2.56768e+00 
 2.27000e+02  2.56737e+00 
 2.27500e+02  2.56707e+00 
 2.28000e+02  2.56680e+00 
 2.28500e+02  2.56649e+00 
 2.29000e+02  2.56617e+00 
 2.29500e+02  2.56585e+00 
 2.30000e+02  2.56552e+00 
 2.30500e+02  2.56519e+00 
 2.31000e+02  2.56484e+00 
 2.31500e+02  2.56449e+00 
 2.32000e+02  2.56416e+00 
 2.32500e+02  2.56384e+00 
 2.33000e+02  2.56350e+00 
 2.33500e+02  2.56313e+00 
 2.34000e+02  2.56276e+00 
 2.34500e+02  2.56236e+00 
 2.35000e+02  2.56195e+00 
 2.35500e+02  2.56150e+00 
 2.36000e+02  2.56105e+00 
 2.36500e+02  2.56058e+00 
 2.37000e+02  2.56012e+00 
 2.37500e+02  2.55965e+00 
 2.38000e+02  2.55918e+00 
 2.38500e+02  2.55870e+00 
 2.39000e+02  2.55821e+00 
 2.39500e+02  2.55770e+00 
 2.40000e+02  2.55715e+00 
 2.40500e+02  2.55656e+00 
 2.41000e+02  2.55595e+00 
 2.41500e+02  2.55529e+00 
 2.42000e+02  2.55462e+00 
 2.42500e+02  2.55392e+00 
 2.43000e+02  2.55318e+00 
 2.43500e+02  2.55239e+00 
 2.44000e+02  2.55156e+00 
 2.44500e+02  2.55068e+00 
 2.45000e+02  2.54978e+00 
 2.45500e+02  2.54884e+00 
 2.46000e+02  2.54788e+00 
 2.46500e+02  2.54686e+00 
 2.47000e+02  2.54576e+00 
 2.47500e+02  2.54458e+00 
 2.48000e+02  2.54333e+00 
 2.48500e+02  2.54200e+00 
 2.49000e+02  2.54060e+00 
 2.49500e+02  2.53911e+00 
 2.50000e+02  2.53753e+00 
 2.50500e+02  2.53584e+00 
 2.51000e+02  2.53404e+00 
 2.51500e+02  2.53213e+00 
 2.52000e+02  2.53009e+00 
 2.52500e+02  2.52792e+00 
 2.53000e+02  2.52560e+00 
 2.53500e+02  2.52314e+00 
 2.54000e+02  2.52053e+00 
 2.54500e+02  2.51773e+00 
 2.55000e+02  2.51478e+00 
 2.55500e+02  2.51165e+00 
 2.56000e+02  2.50834e+00 
 2.56500e+02  2.50484e+00 
 2.57000e+02  2.50114e+00 
 2.57500e+02  2.49723e+00 
 2.58000e+02  2.49311e+00 
 2.58500e+02  2.48876e+00 
 2.59000e+02  2.48419e+00 
 2.59500e+02  2.47937e+00 
 2.60000e+02  2.47432e+00 
 2.60500e+02  2.46901e+00 
 2.61000e+02  2.46344e+00 
 2.61500e+02  2.45762e+00 
 2.62000e+02  2.45154e+00 
 2.62500e+02  2.44519e+00 
 2.63000e+02  2.43857e+00 
 2.63500e+02  2.43168e+00 
 2.64000e+02  2.42451e+00 
 2.64500e+02  2.41706e+00 
 2.65000e+02  2.40933e+00 
 2.65500e+02  2.40133e+00 
 2.66000e+02  2.39304e+00 
 2.66500e+02  2.38449e+00 
 2.67000e+02  2.37565e+00 
 2.67500e+02  2.36654e+00 
 2.68000e+02  2.35715e+00 
 2.68500e+02  2.34747e+00 
 2.69000e+02  2.33751e+00 
 2.69500e+02  2.32727e+00 
 2.70000e+02  2.31674e+00 
 2.70500e+02  2.30593e+00 
 2.71000e+02  2.29483e+00 
 2.71500e+02  2.28344e+00 
 2.72000e+02  2.27178e+00 
 2.72500e+02  2.25983e+00 
 2.73000e+02  2.24761e+00 
 2.73500e+02  2.23511e+00 
 2.74000e+02  2.22232e+00 
 2.74500e+02  2.20926e+00 
 2.75000e+02  2.19591e+00 
 2.75500e+02  2.18228e+00 
 2.76000e+02  2.16837e+00 
 2.76500e+02  2.15419e+00 
 2.77000e+02  2.13973e+00 
 2.77500e+02  2.12501e+00 
 2.78000e+02  2.11001e+00 
 2.78500e+02  2.09474e+00 
 2.79000e+02  2.07921e+00 
 2.79500e+02  2.06341e+00 
 2.80000e+02  2.04734e+00 
 2.80500e+02  2.03101e+00 
 2.81000e+02  2.01441e+00 
 2.81500e+02  1.99755e+00 
 2.82000e+02  1.98043e+00 
 2.82500e+02  1.96305e+00 
 2.83000e+02  1.94540e+00 
 2.83500e+02  1.92750e+00 
 2.84000e+02  1.90933e+00 
 2.84500e+02  1.89090e+00 
 2.85000e+02  1.87221e+00 
 2.85500e+02  1.85327e+00 
 2.86000e+02  1.83406e+00 
 2.86500e+02  1.81460e+00 
 2.87000e+02  1.79488e+00 
 2.87500e+02  1.77490e+00 
 2.88000e+02  1.75467e+00 
 2.88500e+02  1.73419e+00 
 2.89000e+02  1.71345e+00 
 2.89500e+02  1.69247e+00 
 2.90000e+02  1.67124e+00 
 2.90500e+02  1.64975e+00 
 2.91000e+02  1.62803e+00 
 2.91500e+02  1.60606e+00 
 2.92000e+02  1.58386e+00 
 2.92500e+02  1.56141e+00 
 2.93000e+02  1.53873e+00 
 2.93500e+02  1.51581e+00 
 2.94000e+02  1.49265e+00 
 2.94500e+02  1.46926e+00 
 2.95000e+02  1.44564e+00 
 2.95500e+02  1.42179e+00 
 2.96000e+02  1.39771e+00 
 2.96500e+02  1.37340e+00 
 2.97000e+02  1.34886e+00 
 2.97500e+02  1.32411e+00 
 2.98000e+02  1.29913e+00 
 2.98500e+02  1.27393e+00 
 2.99000e+02  1.24852e+00 
 2.99500e+02  1.22289e+00 
 3.00000e+02  1.19705e+00 
 3.00500e+02  1.17099e+00 
 3.01000e+02  1.14472e+00 
 3.01500e+02  1.11823e+00 
 3.02000e+02  1.09154e+00 
 3.02500e+02  1.06464e+00 
 3.03000e+02  1.03754e+00 
 3.03500e+02  1.01023e+00 
 3.04000e+02  9.82721e-01 
 3.04500e+02  9.55009e-01 
 3.05000e+02  9.27097e-01 
 3.05500e+02  8.98985e-01 
 3.06000e+02  8.70675e-01 
 3.06500e+02  8.42167e-01 
 3.07000e+02  8.13463e-01 
 3.07500e+02  7.84566e-01 
 3.08000e+02  7.55477e-01 
 3.08500e+02  7.26197e-01 
 3.09000e+02  6.96727e-01 
 3.09500e+02  6.67069e-01 
 3.10000e+02  6.37224e-01 
 3.10500e+02  6.07193e-01 
 3.11000e+02  5.76978e-01 
 3.11500e+02  5.46579e-01 
 3.12000e+02  5.15999e-01 
 3.12500e+02  4.85237e-01 
 3.13000e+02  4.54292e-01 
 3.13500e+02  4.23166e-01 
 3.14000e+02  3.91860e-01 
 3.14500e+02  3.60377e-01 
 3.15000e+02  3.28717e-01 
 3.15500e+02  2.96882e-01 
 3.16000e+02  2.64872e-01 
 3.16500e+02  2.32688e-01 
 3.17000e+02  2.00332e-01 
 3.17500e+02  1.67802e-01 
 3.18000e+02  1.35100e-01 
 3.18500e+02  1.02227e-01 
 3.19000e+02  6.91841e-02 
 3.19500e+02  3.59728e-02 
