 0.00000e+00  0.00000e+00 
 5.00000e-01  3.36288e-02 
 1.00000e+00  6.70876e-02 
 1.50000e+00  1.00376e-01 
 2.00000e+00  1.33492e-01 
 2.50000e+00  1.66436e-01 
 3.00000e+00  1.99205e-01 
 3.50000e+00  2.31800e-01 
 4.00000e+00  2.64219e-01 
 4.50000e+00  2.96463e-01 
 5.00000e+00  3.28530e-01 
 5.50000e+00  3.60420e-01 
 6.00000e+00  3.92131e-01 
 6.50000e+00  4.23663e-01 
 7.00000e+00  4.55013e-01 
 7.50000e+00  4.86180e-01 
 8.00000e+00  5.17163e-01 
 8.50000e+00  5.47961e-01 
 9.00000e+00  5.78574e-01 
 9.50000e+00  6.08999e-01 
 1.00000e+01  6.39235e-01 
 1.05000e+01  6.69280e-01 
 1.10000e+01  6.99135e-01 
 1.15000e+01  7.28797e-01 
 1.20000e+01  7.58264e-01 
 1.25000e+01  7.87536e-01 
 1.30000e+01  8.16612e-01 
 1.35000e+01  8.45488e-01 
 1.40000e+01  8.74165e-01 
 1.45000e+01  9.02641e-01 
 1.50000e+01  9.30918e-01 
 1.55000e+01  9.58992e-01 
 1.60000e+01  9.86862e-01 
 1.65000e+01  1.01453e+00 
 1.70000e+01  1.04198e+00 
 1.75000e+01  1.06923e+00 
 1.80000e+01  1.09627e+00 
 1.85000e+01  1.12310e+00 
 1.90000e+01  1.14972e+00 
 1.95000e+01  1.17612e+00 
 2.00000e+01  1.20231e+00 
 2.05000e+01  1.22828e+00 
 2.10000e+01  1.25404e+00 
 2.15000e+01  1.27957e+00 
 2.20000e+01  1.30488e+00 
 2.25000e+01  1.32997e+00 
 2.30000e+01  1.35483e+00 
 2.35000e+01  1.37947e+00 
 2.40000e+01  1.40388e+00 
 2.45000e+01  1.42805e+00 
 2.50000e+01  1.45199e+00 
 2.55000e+01  1.47570e+00 
 2.60000e+01  1.49917e+00 
 2.65000e+01  1.52241e+00 
 2.70000e+01  1.54541e+00 
 2.75000e+01  1.56817e+00 
 2.80000e+01  1.59068e+00 
 2.85000e+01  1.61295e+00 
 2.90000e+01  1.63497e+00 
 2.95000e+01  1.65675e+00 
 3.00000e+01  1.67828e+00 
 3.05000e+01  1.69955e+00 
 3.10000e+01  1.72058e+00 
 3.15000e+01  1.74135e+00 
 3.20000e+01  1.76185e+00 
 3.25000e+01  1.78210e+00 
 3.30000e+01  1.80209e+00 
 3.35000e+01  1.82182e+00 
 3.40000e+01  1.84129e+00 
 3.45000e+01  1.86050e+00 
 3.50000e+01  1.87944e+00 
 3.55000e+01  1.89812e+00 
 3.60000e+01  1.91653e+00 
 3.65000e+01  1.93468e+00 
 3.70000e+01  1.95256e+00 
 3.75000e+01  1.97018e+00 
 3.80000e+01  1.98753e+00 
 3.85000e+01  2.00461e+00 
 3.90000e+01  2.02142e+00 
 3.95000e+01  2.03797e+00 
 4.00000e+01  2.05425e+00 
 4.05000e+01  2.07026e+00 
 4.10000e+01  2.08600e+00 
 4.15000e+01  2.10147e+00 
 4.20000e+01  2.11667e+00 
 4.25000e+01  2.13160e+00 
 4.30000e+01  2.14626e+00 
 4.35000e+01  2.16064e+00 
 4.40000e+01  2.17476e+00 
 4.45000e+01  2.18860e+00 
 4.50000e+01  2.20217e+00 
 4.55000e+01  2.21546e+00 
 4.60000e+01  2.22847e+00 
 4.65000e+01  2.24120e+00 
 4.70000e+01  2.25365e+00 
 4.75000e+01  2.26582e+00 
 4.80000e+01  2.27770e+00 
 4.85000e+01  2.28931e+00 
 4.90000e+01  2.30063e+00 
 4.95000e+01  2.31167e+00 
 5.00000e+01  2.32243e+00 
 5.05000e+01  2.33288e+00 
 5.10000e+01  2.34305e+00 
 5.15000e+01  2.35293e+00 
 5.20000e+01  2.36252e+00 
 5.25000e+01  2.37182e+00 
 5.30000e+01  2.38084e+00 
 5.35000e+01  2.38956e+00 
 5.40000e+01  2.39800e+00 
 5.45000e+01  2.40615e+00 
 5.50000e+01  2.41401e+00 
 5.55000e+01  2.42158e+00 
 5.60000e+01  2.42887e+00 
 5.65000e+01  2.43587e+00 
 5.70000e+01  2.44259e+00 
 5.75000e+01  2.44902e+00 
 5.80000e+01  2.45518e+00 
 5.85000e+01  2.46106e+00 
 5.90000e+01  2.46668e+00 
 5.95000e+01  2.47203e+00 
 6.00000e+01  2.47712e+00 
 6.05000e+01  2.48196e+00 
 6.10000e+01  2.48656e+00 
 6.15000e+01  2.49094e+00 
 6.20000e+01  2.49509e+00 
 6.25000e+01  2.49902e+00 
 6.30000e+01  2.50275e+00 
 6.35000e+01  2.50627e+00 
 6.40000e+01  2.50960e+00 
 6.45000e+01  2.51274e+00 
 6.50000e+01  2.51570e+00 
 6.55000e+01  2.51849e+00 
 6.60000e+01  2.52112e+00 
 6.65000e+01  2.52360e+00 
 6.70000e+01  2.52592e+00 
 6.75000e+01  2.52810e+00 
 6.80000e+01  2.53016e+00 
 6.85000e+01  2.53211e+00 
 6.90000e+01  2.53394e+00 
 6.95000e+01  2.53566e+00 
 7.00000e+01  2.53728e+00 
 7.05000e+01  2.53879e+00 
 7.10000e+01  2.54022e+00 
 7.15000e+01  2.54156e+00 
 7.20000e+01  2.54283e+00 
 7.25000e+01  2.54403e+00 
 7.30000e+01  2.54518e+00 
 7.35000e+01  2.54625e+00 
 7.40000e+01  2.54726e+00 
 7.45000e+01  2.54822e+00 
 7.50000e+01  2.54912e+00 
 7.55000e+01  2.55000e+00 
 7.60000e+01  2.55083e+00 
 7.65000e+01  2.55164e+00 
 7.70000e+01  2.55242e+00 
 7.75000e+01  2.55317e+00 
 7.80000e+01  2.55389e+00 
 7.85000e+01  2.55461e+00 
 7.90000e+01  2.55529e+00 
 7.95000e+01  2.55595e+00 
 8.00000e+01  2.55653e+00 
 8.05000e+01  2.55705e+00 
 8.10000e+01  2.55755e+00 
 8.15000e+01  2.55804e+00 
 8.20000e+01  2.55853e+00 
 8.25000e+01  2.55900e+00 
 8.30000e+01  2.55947e+00 
 8.35000e+01  2.55991e+00 
 8.40000e+01  2.56032e+00 
 8.45000e+01  2.56071e+00 
 8.50000e+01  2.56108e+00 
 8.55000e+01  2.56145e+00 
 8.60000e+01  2.56179e+00 
 8.65000e+01  2.56210e+00 
 8.70000e+01  2.56238e+00 
 8.75000e+01  2.56269e+00 
 8.80000e+01  2.56301e+00 
 8.85000e+01  2.56333e+00 
 8.90000e+01  2.56365e+00 
 8.95000e+01  2.56397e+00 
 9.00000e+01  2.56428e+00 
 9.05000e+01  2.56459e+00 
 9.10000e+01  2.56490e+00 
 9.15000e+01  2.56522e+00 
 9.20000e+01  2.56553e+00 
 9.25000e+01  2.56581e+00 
 9.30000e+01  2.56609e+00 
 9.35000e+01  2.56640e+00 
 9.40000e+01  2.56670e+00 
 9.45000e+01  2.56700e+00 
 9.50000e+01  2.56731e+00 
 9.55000e+01  2.56758e+00 
 9.60000e+01  2.56782e+00 
 9.65000e+01  2.56800e+00 
 9.70000e+01  2.56814e+00 
 9.75000e+01  2.56827e+00 
 9.80000e+01  2.56845e+00 
 9.85000e+01  2.56865e+00 
 9.90000e+01  2.56885e+00 
 9.95000e+01  2.56905e+00 
 1.00000e+02  2.56927e+00 
 1.00500e+02  2.56948e+00 
 1.01000e+02  2.56967e+00 
 1.01500e+02  2.56984e+00 
 1.02000e+02  2.57001e+00 
 1.02500e+02  2.57020e+00 
 1.03000e+02  2.57040e+00 
 1.03500e+02  2.57059e+00 
 1.04000e+02  2.57076e+00 
 1.04500e+02  2.57093e+00 
 1.05000e+02  2.57109e+00 
 1.05500e+02  2.57126e+00 
 1.06000e+02  2.57143e+00 
 1.06500e+02  2.57162e+00 
 1.07000e+02  2.57178e+00 
 1.07500e+02  2.57194e+00 
 1.08000e+02  2.57207e+00 
 1.08500e+02  2.57219e+00 
 1.09000e+02  2.57232e+00 
 1.09500e+02  2.57247e+00 
 1.10000e+02  2.57264e+00 
 1.10500e+02  2.57285e+00 
 1.11000e+02  2.57305e+00 
 1.11500e+02  2.57324e+00 
 1.12000e+02  2.57337e+00 
 1.12500e+02  2.57348e+00 
 1.13000e+02  2.57357e+00 
 1.13500e+02  2.57365e+00 
 1.14000e+02  2.57373e+00 
 1.14500e+02  2.57386e+00 
 1.15000e+02  2.57403e+00 
 1.15500e+02  2.57422e+00 
 1.16000e+02  2.57445e+00 
 1.16500e+02  2.57464e+00 
 1.17000e+02  2.57477e+00 
 1.17500e+02  2.57485e+00 
 1.18000e+02  2.57490e+00 
 1.18500e+02  2.57496e+00 
 1.19000e+02  2.57509e+00 
 1.19500e+02  2.57521e+00 
 1.20000e+02  2.57531e+00 
 1.20500e+02  2.57544e+00 
 1.21000e+02  2.57558e+00 
 1.21500e+02  2.57569e+00 
 1.22000e+02  2.57576e+00 
 1.22500e+02  2.57576e+00 
 1.23000e+02  2.57580e+00 
 1.23500e+02  2.57585e+00 
 1.24000e+02  2.57591e+00 
 1.24500e+02  2.57597e+00 
 1.25000e+02  2.57604e+00 
 1.25500e+02  2.57608e+00 
 1.26000e+02  2.57614e+00 
 1.26500e+02  2.57619e+00 
 1.27000e+02  2.57625e+00 
 1.27500e+02  2.57629e+00 
 1.28000e+02  2.57632e+00 
 1.28500e+02  2.57636e+00 
 1.29000e+02  2.57638e+00 
 1.29500e+02  2.57638e+00 
 1.30000e+02  2.57640e+00 
 1.30500e+02  2.57643e+00 
 1.31000e+02  2.57649e+00 
 1.31500e+02  2.57653e+00 
 1.32000e+02  2.57656e+00 
 1.32500e+02  2.57657e+00 
 1.33000e+02  2.57661e+00 
 1.33500e+02  2.57665e+00 
 1.34000e+02  2.57662e+00 
 1.34500e+02  2.57665e+00 
 1.35000e+02  2.57669e+00 
 1.35500e+02  2.57669e+00 
 1.36000e+02  2.57673e+00 
 1.36500e+02  2.57675e+00 
 1.37000e+02  2.57678e+00 
 1.37500e+02  2.57677e+00 
 1.38000e+02  2.57677e+00 
 1.38500e+02  2.57685e+00 
 1.39000e+02  2.57682e+00 
 1.39500e+02  2.57684e+00 
 1.40000e+02  2.57686e+00 
 1.40500e+02  2.57682e+00 
 1.41000e+02  2.57685e+00 
 1.41500e+02  2.57688e+00 
 1.42000e+02  2.57687e+00 
 1.42500e+02  2.57686e+00 
 1.43000e+02  2.57687e+00 
 1.43500e+02  2.57691e+00 
 1.44000e+02  2.57688e+00 
 1.44500e+02  2.57687e+00 
 1.45000e+02  2.57690e+00 
 1.45500e+02  2.57692e+00 
 1.46000e+02  2.57693e+00 
 1.46500e+02  2.57694e+00 
 1.47000e+02  2.57689e+00 
 1.47500e+02  2.57694e+00 
 1.48000e+02  2.57697e+00 
 1.48500e+02  2.57695e+00 
 1.49000e+02  2.57696e+00 
 1.49500e+02  2.57699e+00 
 1.50000e+02  2.57694e+00 
 1.50500e+02  2.57697e+00 
 1.51000e+02  2.57697e+00 
 1.51500e+02  2.57699e+00 
 1.52000e+02  2.57701e+00 
 1.52500e+02  2.57699e+00 
 1.53000e+02  2.57701e+00 
 1.53500e+02  2.57700e+00 
 1.54000e+02  2.57702e+00 
 1.54500e+02  2.57703e+00 
 1.55000e+02  2.57703e+00 
 1.55500e+02  2.57705e+00 
 1.56000e+02  2.57706e+00 
 1.56500e+02  2.57707e+00 
 1.57000e+02  2.57708e+00 
 1.57500e+02  2.57708e+00 
 1.58000e+02  2.57707e+00 
 1.58500e+02  2.57706e+00 
 1.59000e+02  2.57708e+00 
 1.59500e+02  2.57708e+00 
 1.60000e+02  2.57706e+00 
 1.60500e+02  2.57705e+00 
 1.61000e+02  2.57707e+00 
 1.61500e+02  2.57707e+00 
 1.62000e+02  2.57707e+00 
 1.62500e+02  2.57707e+00 
 1.63000e+02  2.57707e+00 
 1.63500e+02  2.57707e+00 
 1.64000e+02  2.57707e+00 
 1.64500e+02  2.57707e+00 
 1.65000e+02  2.57708e+00 
 1.65500e+02  2.57706e+00 
 1.66000e+02  2.57705e+00 
 1.66500e+02  2.57706e+00 
 1.67000e+02  2.57706e+00 
 1.67500e+02  2.57701e+00 
 1.68000e+02  2.57702e+00 
 1.68500e+02  2.57701e+00 
 1.69000e+02  2.57699e+00 
 1.69500e+02  2.57699e+00 
 1.70000e+02  2.57697e+00 
 1.70500e+02  2.57697e+00 
 1.71000e+02  2.57698e+00 
 1.71500e+02  2.57696e+00 
 1.72000e+02  2.57697e+00 
 1.72500e+02  2.57694e+00 
 1.73000e+02  2.57692e+00 
 1.73500e+02  2.57693e+00 
 1.74000e+02  2.57693e+00 
 1.74500e+02  2.57694e+00 
 1.75000e+02  2.57690e+00 
 1.75500e+02  2.57688e+00 
 1.76000e+02  2.57690e+00 
 1.76500e+02  2.57688e+00 
 1.77000e+02  2.57688e+00 
 1.77500e+02  2.57686e+00 
 1.78000e+02  2.57685e+00 
 1.78500e+02  2.57684e+00 
 1.79000e+02  2.57685e+00 
 1.79500e+02  2.57685e+00 
 1.80000e+02  2.57681e+00 
 1.80500e+02  2.57680e+00 
 1.81000e+02  2.57680e+00 
 1.81500e+02  2.57681e+00 
 1.82000e+02  2.57680e+00 
 1.82500e+02  2.57675e+00 
 1.83000e+02  2.57675e+00 
 1.83500e+02  2.57672e+00 
 1.84000e+02  2.57670e+00 
 1.84500e+02  2.57668e+00 
 1.85000e+02  2.57668e+00 
 1.85500e+02  2.57665e+00 
 1.86000e+02  2.57665e+00 
 1.86500e+02  2.57660e+00 
 1.87000e+02  2.57655e+00 
 1.87500e+02  2.57654e+00 
 1.88000e+02  2.57653e+00 
 1.88500e+02  2.57652e+00 
 1.89000e+02  2.57647e+00 
 1.89500e+02  2.57645e+00 
 1.90000e+02  2.57640e+00 
 1.90500e+02  2.57638e+00 
 1.91000e+02  2.57636e+00 
 1.91500e+02  2.57631e+00 
 1.92000e+02  2.57626e+00 
 1.92500e+02  2.57623e+00 
 1.93000e+02  2.57616e+00 
 1.93500e+02  2.57607e+00 
 1.94000e+02  2.57599e+00 
 1.94500e+02  2.57590e+00 
 1.95000e+02  2.57579e+00 
 1.95500e+02  2.57573e+00 
 1.96000e+02  2.57571e+00 
 1.96500e+02  2.57566e+00 
 1.97000e+02  2.57557e+00 
 1.97500e+02  2.57545e+00 
 1.98000e+02  2.57534e+00 
 1.98500e+02  2.57523e+00 
 1.99000e+02  2.57515e+00 
 1.99500e+02  2.57501e+00 
 2.00000e+02  2.57490e+00 
 2.00500e+02  2.57483e+00 
 2.01000e+02  2.57478e+00 
 2.01500e+02  2.57468e+00 
 2.02000e+02  2.57460e+00 
 2.02500e+02  2.57450e+00 
 2.03000e+02  2.57441e+00 
 2.03500e+02  2.57431e+00 
 2.04000e+02  2.57416e+00 
 2.04500e+02  2.57403e+00 
 2.05000e+02  2.57393e+00 
 2.05500e+02  2.57384e+00 
 2.06000e+02  2.57374e+00 
 2.06500e+02  2.57361e+00 
 2.07000e+02  2.57346e+00 
 2.07500e+02  2.57330e+00 
 2.08000e+02  2.57314e+00 
 2.08500e+02  2.57303e+00 
 2.09000e+02  2.57292e+00 
 2.09500e+02  2.57276e+00 
 2.10000e+02  2.57261e+00 
 2.10500e+02  2.57250e+00 
 2.11000e+02  2.57238e+00 
 2.11500e+02  2.57225e+00 
 2.12000e+02  2.57210e+00 
 2.12500e+02  2.57194e+00 
 2.13000e+02  2.57176e+00 
 2.13500e+02  2.57158e+00 
 2.14000e+02  2.57139e+00 
 2.14500e+02  2.57124e+00 
 2.15000e+02  2.57111e+00 
 2.15500e+02  2.57096e+00 
 2.16000e+02  2.57076e+00 
 2.16500e+02  2.57056e+00 
 2.17000e+02  2.57038e+00 
 2.17500e+02  2.57022e+00 
 2.18000e+02  2.57009e+00 
 2.18500e+02  2.56991e+00 
 2.19000e+02  2.56972e+00 
 2.19500e+02  2.56951e+00 
 2.20000e+02  2.56927e+00 
 2.20500e+02  2.56903e+00 
 2.21000e+02  2.56879e+00 
 2.21500e+02  2.56852e+00 
 2.22000e+02  2.56828e+00 
 2.22500e+02  2.56807e+00 
 2.23000e+02  2.56786e+00 
 2.23500e+02  2.56764e+00 
 2.24000e+02  2.56742e+00 
 2.24500e+02  2.56715e+00 
 2.25000e+02  2.56688e+00 
 2.25500e+02  2.56664e+00 
 2.26000e+02  2.56641e+00 
 2.26500e+02  2.56619e+00 
 2.27000e+02  2.56592e+00 
 2.27500e+02  2.56563e+00 
 2.28000e+02  2.56530e+00 
 2.28500e+02  2.56494e+00 
 2.29000e+02  2.56456e+00 
 2.29500e+02  2.56419e+00 
 2.30000e+02  2.56382e+00 
 2.30500e+02  2.56345e+00 
 2.31000e+02  2.56309e+00 
 2.31500e+02  2.56277e+00 
 2.32000e+02  2.56245e+00 
 2.32500e+02  2.56212e+00 
 2.33000e+02  2.56176e+00 
 2.33500e+02  2.56137e+00 
 2.34000e+02  2.56097e+00 
 2.34500e+02  2.56059e+00 
 2.35000e+02  2.56021e+00 
 2.35500e+02  2.55980e+00 
 2.36000e+02  2.55937e+00 
 2.36500e+02  2.55896e+00 
 2.37000e+02  2.55856e+00 
 2.37500e+02  2.55813e+00 
 2.38000e+02  2.55767e+00 
 2.38500e+02  2.55718e+00 
 2.39000e+02  2.55664e+00 
 2.39500e+02  2.55608e+00 
 2.40000e+02  2.55548e+00 
 2.40500e+02  2.55484e+00 
 2.41000e+02  2.55421e+00 
 2.41500e+02  2.55356e+00 
 2.42000e+02  2.55290e+00 
 2.42500e+02  2.55222e+00 
 2.43000e+02  2.55153e+00 
 2.43500e+02  2.55081e+00 
 2.44000e+02  2.55005e+00 
 2.44500e+02  2.54924e+00 
 2.45000e+02  2.54836e+00 
 2.45500e+02  2.54746e+00 
 2.46000e+02  2.54651e+00 
 2.46500e+02  2.54550e+00 
 2.47000e+02  2.54443e+00 
 2.47500e+02  2.54330e+00 
 2.48000e+02  2.54212e+00 
 2.48500e+02  2.54088e+00 
 2.49000e+02  2.53959e+00 
 2.49500e+02  2.53822e+00 
 2.50000e+02  2.53675e+00 
 2.50500e+02  2.53518e+00 
 2.51000e+02  2.53350e+00 
 2.51500e+02  2.53171e+00 
 2.52000e+02  2.52977e+00 
 2.52500e+02  2.52770e+00 
 2.53000e+02  2.52548e+00 
 2.53500e+02  2.52312e+00 
 2.54000e+02  2.52061e+00 
 2.54500e+02  2.51794e+00 
 2.55000e+02  2.51513e+00 
 2.55500e+02  2.51214e+00 
 2.56000e+02  2.50898e+00 
 2.56500e+02  2.50562e+00 
 2.57000e+02  2.50206e+00 
 2.57500e+02  2.49828e+00 
 2.58000e+02  2.49428e+00 
 2.58500e+02  2.49005e+00 
 2.59000e+02  2.48558e+00 
 2.59500e+02  2.48086e+00 
 2.60000e+02  2.47590e+00 
 2.60500e+02  2.47068e+00 
 2.61000e+02  2.46519e+00 
 2.61500e+02  2.45945e+00 
 2.62000e+02  2.45344e+00 
 2.62500e+02  2.44716e+00 
 2.63000e+02  2.44061e+00 
 2.63500e+02  2.43380e+00 
 2.64000e+02  2.42669e+00 
 2.64500e+02  2.41931e+00 
 2.65000e+02  2.41164e+00 
 2.65500e+02  2.40370e+00 
 2.66000e+02  2.39547e+00 
 2.66500e+02  2.38696e+00 
 2.67000e+02  2.37816e+00 
 2.67500e+02  2.36907e+00 
 2.68000e+02  2.35970e+00 
 2.68500e+02  2.35005e+00 
 2.69000e+02  2.34010e+00 
 2.69500e+02  2.32988e+00 
 2.70000e+02  2.31936e+00 
 2.70500e+02  2.30857e+00 
 2.71000e+02  2.29750e+00 
 2.71500e+02  2.28615e+00 
 2.72000e+02  2.27452e+00 
 2.72500e+02  2.26261e+00 
 2.73000e+02  2.25041e+00 
 2.73500e+02  2.23794e+00 
 2.74000e+02  2.22519e+00 
 2.74500e+02  2.21215e+00 
 2.75000e+02  2.19884e+00 
 2.75500e+02  2.18525e+00 
 2.76000e+02  2.17139e+00 
 2.76500e+02  2.15725e+00 
 2.77000e+02  2.14283e+00 
 2.77500e+02  2.12815e+00 
 2.78000e+02  2.11319e+00 
 2.78500e+02  2.09797e+00 
 2.79000e+02  2.08247e+00 
 2.79500e+02  2.06671e+00 
 2.80000e+02  2.05067e+00 
 2.80500e+02  2.03437e+00 
 2.81000e+02  2.01779e+00 
 2.81500e+02  2.00095e+00 
 2.82000e+02  1.98385e+00 
 2.82500e+02  1.96648e+00 
 2.83000e+02  1.94885e+00 
 2.83500e+02  1.93094e+00 
 2.84000e+02  1.91278e+00 
 2.84500e+02  1.89434e+00 
 2.85000e+02  1.87565e+00 
 2.85500e+02  1.85669e+00 
 2.86000e+02  1.83747e+00 
 2.86500e+02  1.81799e+00 
 2.87000e+02  1.79826e+00 
 2.87500e+02  1.77827e+00 
 2.88000e+02  1.75802e+00 
 2.88500e+02  1.73752e+00 
 2.89000e+02  1.71677e+00 
 2.89500e+02  1.69576e+00 
 2.90000e+02  1.67451e+00 
 2.90500e+02  1.65300e+00 
 2.91000e+02  1.63124e+00 
 2.91500e+02  1.60924e+00 
 2.92000e+02  1.58700e+00 
 2.92500e+02  1.56451e+00 
 2.93000e+02  1.54179e+00 
 2.93500e+02  1.51882e+00 
 2.94000e+02  1.49562e+00 
 2.94500e+02  1.47218e+00 
 2.95000e+02  1.44851e+00 
 2.95500e+02  1.42460e+00 
 2.96000e+02  1.40046e+00 
 2.96500e+02  1.37610e+00 
 2.97000e+02  1.35151e+00 
 2.97500e+02  1.32669e+00 
 2.98000e+02  1.30166e+00 
 2.98500e+02  1.27640e+00 
 2.99000e+02  1.25093e+00 
 2.99500e+02  1.22523e+00 
 3.00000e+02  1.19932e+00 
 3.00500e+02  1.17320e+00 
 3.01000e+02  1.14686e+00 
 3.01500e+02  1.12032e+00 
 3.02000e+02  1.09356e+00 
 3.02500e+02  1.06660e+00 
 3.03000e+02  1.03943e+00 
 3.03500e+02  1.01206e+00 
 3.04000e+02  9.84480e-01 
 3.04500e+02  9.56699e-01 
 3.05000e+02  9.28716e-01 
 3.05500e+02  9.00533e-01 
 3.06000e+02  8.72151e-01 
 3.06500e+02  8.43573e-01 
 3.07000e+02  8.14801e-01 
 3.07500e+02  7.85835e-01 
 3.08000e+02  7.56676e-01 
 3.08500e+02  7.27325e-01 
 3.09000e+02  6.97783e-01 
 3.09500e+02  6.68053e-01 
 3.10000e+02  6.38136e-01 
 3.10500e+02  6.08033e-01 
 3.11000e+02  5.77744e-01 
 3.11500e+02  5.47270e-01 
 3.12000e+02  5.16613e-01 
 3.12500e+02  4.85772e-01 
 3.13000e+02  4.54747e-01 
 3.13500e+02  4.23540e-01 
 3.14000e+02  3.92152e-01 
 3.14500e+02  3.60585e-01 
 3.15000e+02  3.28839e-01 
 3.15500e+02  2.96916e-01 
 3.16000e+02  2.64817e-01 
 3.16500e+02  2.32542e-01 
 3.17000e+02  2.00094e-01 
 3.17500e+02  1.67473e-01 
 3.18000e+02  1.34681e-01 
 3.18500e+02  1.01718e-01 
 3.19000e+02  6.85845e-02 
 3.19500e+02  3.52829e-02 
