 0.00000e+00  0.00000e+00 
 5.00000e-01  3.35419e-02 
 1.00000e+00  6.69151e-02 
 1.50000e+00  1.00118e-01 
 2.00000e+00  1.33152e-01 
 2.50000e+00  1.66015e-01 
 3.00000e+00  1.98706e-01 
 3.50000e+00  2.31225e-01 
 4.00000e+00  2.63571e-01 
 4.50000e+00  2.95742e-01 
 5.00000e+00  3.27737e-01 
 5.50000e+00  3.59555e-01 
 6.00000e+00  3.91196e-01 
 6.50000e+00  4.22658e-01 
 7.00000e+00  4.53941e-01 
 7.50000e+00  4.85044e-01 
 8.00000e+00  5.15965e-01 
 8.50000e+00  5.46703e-01 
 9.00000e+00  5.77256e-01 
 9.50000e+00  6.07624e-01 
 1.00000e+01  6.37806e-01 
 1.05000e+01  6.67799e-01 
 1.10000e+01  6.97604e-01 
 1.15000e+01  7.27219e-01 
 1.20000e+01  7.56642e-01 
 1.25000e+01  7.85872e-01 
 1.30000e+01  8.14907e-01 
 1.35000e+01  8.43747e-01 
 1.40000e+01  8.72389e-01 
 1.45000e+01  9.00833e-01 
 1.50000e+01  9.29078e-01 
 1.55000e+01  9.57123e-01 
 1.60000e+01  9.84964e-01 
 1.65000e+01  1.01260e+00 
 1.70000e+01  1.04004e+00 
 1.75000e+01  1.06727e+00 
 1.80000e+01  1.09429e+00 
 1.85000e+01  1.12111e+00 
 1.90000e+01  1.14771e+00 
 1.95000e+01  1.17410e+00 
 2.00000e+01  1.20028e+00 
 2.05000e+01  1.22625e+00 
 2.10000e+01  1.25200e+00 
 2.15000e+01  1.27754e+00 
 2.20000e+01  1.30286e+00 
 2.25000e+01  1.32795e+00 
 2.30000e+01  1.35282e+00 
 2.35000e+01  1.37747e+00 
 2.40000e+01  1.40189e+00 
 2.45000e+01  1.42608e+00 
 2.50000e+01  1.45004e+00 
 2.55000e+01  1.47376e+00 
 2.60000e+01  1.49725e+00 
 2.65000e+01  1.52050e+00 
 2.70000e+01  1.54351e+00 
 2.75000e+01  1.56628e+00 
 2.80000e+01  1.58881e+00 
 2.85000e+01  1.61109e+00 
 2.90000e+01  1.63312e+00 
 2.95000e+01  1.65490e+00 
 3.00000e+01  1.67644e+00 
 3.05000e+01  1.69772e+00 
 3.10000e+01  1.71876e+00 
 3.15000e+01  1.73954e+00 
 3.20000e+01  1.76006e+00 
 3.25000e+01  1.78033e+00 
 3.30000e+01  1.80034e+00 
 3.35000e+01  1.82008e+00 
 3.40000e+01  1.83957e+00 
 3.45000e+01  1.85880e+00 
 3.50000e+01  1.87776e+00 
 3.55000e+01  1.89647e+00 
 3.60000e+01  1.91490e+00 
 3.65000e+01  1.93308e+00 
 3.70000e+01  1.95099e+00 
 3.75000e+01  1.96864e+00 
 3.80000e+01  1.98602e+00 
 3.85000e+01  2.00313e+00 
 3.90000e+01  2.01998e+00 
 3.95000e+01  2.03656e+00 
 4.00000e+01  2.05287e+00 
 4.05000e+01  2.06892e+00 
 4.10000e+01  2.08469e+00 
 4.15000e+01  2.10020e+00 
 4.20000e+01  2.11544e+00 
 4.25000e+01  2.13040e+00 
 4.30000e+01  2.14510e+00 
 4.35000e+01  2.15954e+00 
 4.40000e+01  2.17370e+00 
 4.45000e+01  2.18759e+00 
 4.50000e+01  2.20121e+00 
 4.55000e+01  2.21455e+00 
 4.60000e+01  2.22762e+00 
 4.65000e+01  2.24041e+00 
 4.70000e+01  2.25294e+00 
 4.75000e+01  2.26518e+00 
 4.80000e+01  2.27714e+00 
 4.85000e+01  2.28883e+00 
 4.90000e+01  2.30024e+00 
 4.95000e+01  2.31138e+00 
 5.00000e+01  2.32223e+00 
 5.05000e+01  2.33279e+00 
 5.10000e+01  2.34308e+00 
 5.15000e+01  2.35308e+00 
 5.20000e+01  2.36280e+00 
 5.25000e+01  2.37225e+00 
 5.30000e+01  2.38141e+00 
 5.35000e+01  2.39029e+00 
 5.40000e+01  2.39890e+00 
 5.45000e+01  2.40721e+00 
 5.50000e+01  2.41524e+00 
 5.55000e+01  2.42299e+00 
 5.60000e+01  2.43046e+00 
 5.65000e+01  2.43765e+00 
 5.70000e+01  2.44456e+00 
 5.75000e+01  2.45118e+00 
 5.80000e+01  2.45751e+00 
 5.85000e+01  2.46357e+00 
 5.90000e+01  2.46935e+00 
 5.95000e+01  2.47487e+00 
 6.00000e+01  2.48012e+00 
 6.05000e+01  2.48512e+00 
 6.10000e+01  2.48988e+00 
 6.15000e+01  2.49439e+00 
 6.20000e+01  2.49866e+00 
 6.25000e+01  2.50271e+00 
 6.30000e+01  2.50654e+00 
 6.35000e+01  2.51016e+00 
 6.40000e+01  2.51358e+00 
 6.45000e+01  2.51680e+00 
 6.50000e+01  2.51985e+00 
 6.55000e+01  2.52273e+00 
 6.60000e+01  2.52544e+00 
 6.65000e+01  2.52799e+00 
 6.70000e+01  2.53039e+00 
 6.75000e+01  2.53264e+00 
 6.80000e+01  2.53478e+00 
 6.85000e+01  2.53679e+00 
 6.90000e+01  2.53868e+00 
 6.95000e+01  2.54045e+00 
 7.00000e+01  2.54212e+00 
 7.05000e+01  2.54369e+00 
 7.10000e+01  2.54517e+00 
 7.15000e+01  2.54657e+00 
 7.20000e+01  2.54792e+00 
 7.25000e+01  2.54920e+00 
 7.30000e+01  2.55043e+00 
 7.35000e+01  2.55161e+00 
 7.40000e+01  2.55272e+00 
 7.45000e+01  2.55377e+00 
 7.50000e+01  2.55478e+00 
 7.55000e+01  2.55573e+00 
 7.60000e+01  2.55664e+00 
 7.65000e+01  2.55749e+00 
 7.70000e+01  2.55830e+00 
 7.75000e+01  2.55906e+00 
 7.80000e+01  2.55976e+00 
 7.85000e+01  2.56044e+00 
 7.90000e+01  2.56111e+00 
 7.95000e+01  2.56176e+00 
 8.00000e+01  2.56236e+00 
 8.05000e+01  2.56289e+00 
 8.10000e+01  2.56340e+00 
 8.15000e+01  2.56391e+00 
 8.20000e+01  2.56441e+00 
 8.25000e+01  2.56490e+00 
 8.30000e+01  2.56539e+00 
 8.35000e+01  2.56582e+00 
 8.40000e+01  2.56621e+00 
 8.45000e+01  2.56661e+00 
 8.50000e+01  2.56699e+00 
 8.55000e+01  2.56737e+00 
 8.60000e+01  2.56775e+00 
 8.65000e+01  2.56813e+00 
 8.70000e+01  2.56850e+00 
 8.75000e+01  2.56889e+00 
 8.80000e+01  2.56930e+00 
 8.85000e+01  2.56967e+00 
 8.90000e+01  2.57000e+00 
 8.95000e+01  2.57030e+00 
 9.00000e+01  2.57057e+00 
 9.05000e+01  2.57084e+00 
 9.10000e+01  2.57111e+00 
 9.15000e+01  2.57138e+00 
 9.20000e+01  2.57160e+00 
 9.25000e+01  2.57182e+00 
 9.30000e+01  2.57207e+00 
 9.35000e+01  2.57234e+00 
 9.40000e+01  2.57259e+00 
 9.45000e+01  2.57287e+00 
 9.50000e+01  2.57314e+00 
 9.55000e+01  2.57339e+00 
 9.60000e+01  2.57362e+00 
 9.65000e+01  2.57385e+00 
 9.70000e+01  2.57408e+00 
 9.75000e+01  2.57429e+00 
 9.80000e+01  2.57455e+00 
 9.85000e+01  2.57482e+00 
 9.90000e+01  2.57506e+00 
 9.95000e+01  2.57531e+00 
 1.00000e+02  2.57554e+00 
 1.00500e+02  2.57574e+00 
 1.01000e+02  2.57592e+00 
 1.01500e+02  2.57608e+00 
 1.02000e+02  2.57624e+00 
 1.02500e+02  2.57640e+00 
 1.03000e+02  2.57658e+00 
 1.03500e+02  2.57678e+00 
 1.04000e+02  2.57696e+00 
 1.04500e+02  2.57713e+00 
 1.05000e+02  2.57729e+00 
 1.05500e+02  2.57749e+00 
 1.06000e+02  2.57769e+00 
 1.06500e+02  2.57788e+00 
 1.07000e+02  2.57807e+00 
 1.07500e+02  2.57828e+00 
 1.08000e+02  2.57848e+00 
 1.08500e+02  2.57866e+00 
 1.09000e+02  2.57883e+00 
 1.09500e+02  2.57898e+00 
 1.10000e+02  2.57911e+00 
 1.10500e+02  2.57922e+00 
 1.11000e+02  2.57937e+00 
 1.11500e+02  2.57951e+00 
 1.12000e+02  2.57961e+00 
 1.12500e+02  2.57968e+00 
 1.13000e+02  2.57975e+00 
 1.13500e+02  2.57986e+00 
 1.14000e+02  2.57995e+00 
 1.14500e+02  2.58005e+00 
 1.15000e+02  2.58020e+00 
 1.15500e+02  2.58038e+00 
 1.16000e+02  2.58051e+00 
 1.16500e+02  2.58064e+00 
 1.17000e+02  2.58076e+00 
 1.17500e+02  2.58091e+00 
 1.18000e+02  2.58101e+00 
 1.18500e+02  2.58105e+00 
 1.19000e+02  2.58110e+00 
 1.19500e+02  2.58120e+00 
 1.20000e+02  2.58134e+00 
 1.20500e+02  2.58149e+00 
 1.21000e+02  2.58162e+00 
 1.21500e+02  2.58169e+00 
 1.22000e+02  2.58175e+00 
 1.22500e+02  2.58183e+00 
 1.23000e+02  2.58190e+00 
 1.23500e+02  2.58198e+00 
 1.24000e+02  2.58204e+00 
 1.24500e+02  2.58209e+00 
 1.25000e+02  2.58214e+00 
 1.25500e+02  2.58218e+00 
 1.26000e+02  2.58221e+00 
 1.26500e+02  2.58223e+00 
 1.27000e+02  2.58224e+00 
 1.27500e+02  2.58229e+00 
 1.28000e+02  2.58234e+00 
 1.28500e+02  2.58239e+00 
 1.29000e+02  2.58244e+00 
 1.29500e+02  2.58247e+00 
 1.30000e+02  2.58251e+00 
 1.30500e+02  2.58252e+00 
 1.31000e+02  2.58255e+00 
 1.31500e+02  2.58255e+00 
 1.32000e+02  2.58259e+00 
 1.32500e+02  2.58261e+00 
 1.33000e+02  2.58264e+00 
 1.33500e+02  2.58265e+00 
 1.34000e+02  2.58265e+00 
 1.34500e+02  2.58268e+00 
 1.35000e+02  2.58272e+00 
 1.35500e+02  2.58274e+00 
 1.36000e+02  2.58275e+00 
 1.36500e+02  2.58276e+00 
 1.37000e+02  2.58278e+00 
 1.37500e+02  2.58281e+00 
 1.38000e+02  2.58281e+00 
 1.38500e+02  2.58284e+00 
 1.39000e+02  2.58286e+00 
 1.39500e+02  2.58289e+00 
 1.40000e+02  2.58291e+00 
 1.40500e+02  2.58291e+00 
 1.41000e+02  2.58293e+00 
 1.41500e+02  2.58294e+00 
 1.42000e+02  2.58294e+00 
 1.42500e+02  2.58295e+00 
 1.43000e+02  2.58297e+00 
 1.43500e+02  2.58297e+00 
 1.44000e+02  2.58297e+00 
 1.44500e+02  2.58297e+00 
 1.45000e+02  2.58297e+00 
 1.45500e+02  2.58300e+00 
 1.46000e+02  2.58301e+00 
 1.46500e+02  2.58302e+00 
 1.47000e+02  2.58304e+00 
 1.47500e+02  2.58305e+00 
 1.48000e+02  2.58305e+00 
 1.48500e+02  2.58307e+00 
 1.49000e+02  2.58306e+00 
 1.49500e+02  2.58307e+00 
 1.50000e+02  2.58309e+00 
 1.50500e+02  2.58309e+00 
 1.51000e+02  2.58308e+00 
 1.51500e+02  2.58308e+00 
 1.52000e+02  2.58308e+00 
 1.52500e+02  2.58308e+00 
 1.53000e+02  2.58311e+00 
 1.53500e+02  2.58309e+00 
 1.54000e+02  2.58310e+00 
 1.54500e+02  2.58307e+00 
 1.55000e+02  2.58307e+00 
 1.55500e+02  2.58309e+00 
 1.56000e+02  2.58311e+00 
 1.56500e+02  2.58309e+00 
 1.57000e+02  2.58311e+00 
 1.57500e+02  2.58313e+00 
 1.58000e+02  2.58312e+00 
 1.58500e+02  2.58315e+00 
 1.59000e+02  2.58312e+00 
 1.59500e+02  2.58308e+00 
 1.60000e+02  2.58310e+00 
 1.60500e+02  2.58310e+00 
 1.61000e+02  2.58311e+00 
 1.61500e+02  2.58313e+00 
 1.62000e+02  2.58312e+00 
 1.62500e+02  2.58314e+00 
 1.63000e+02  2.58314e+00 
 1.63500e+02  2.58315e+00 
 1.64000e+02  2.58312e+00 
 1.64500e+02  2.58311e+00 
 1.65000e+02  2.58312e+00 
 1.65500e+02  2.58311e+00 
 1.66000e+02  2.58311e+00 
 1.66500e+02  2.58311e+00 
 1.67000e+02  2.58312e+00 
 1.67500e+02  2.58310e+00 
 1.68000e+02  2.58310e+00 
 1.68500e+02  2.58309e+00 
 1.69000e+02  2.58306e+00 
 1.69500e+02  2.58305e+00 
 1.70000e+02  2.58305e+00 
 1.70500e+02  2.58306e+00 
 1.71000e+02  2.58305e+00 
 1.71500e+02  2.58303e+00 
 1.72000e+02  2.58303e+00 
 1.72500e+02  2.58304e+00 
 1.73000e+02  2.58302e+00 
 1.73500e+02  2.58301e+00 
 1.74000e+02  2.58302e+00 
 1.74500e+02  2.58299e+00 
 1.75000e+02  2.58300e+00 
 1.75500e+02  2.58302e+00 
 1.76000e+02  2.58295e+00 
 1.76500e+02  2.58293e+00 
 1.77000e+02  2.58295e+00 
 1.77500e+02  2.58296e+00 
 1.78000e+02  2.58293e+00 
 1.78500e+02  2.58290e+00 
 1.79000e+02  2.58287e+00 
 1.79500e+02  2.58288e+00 
 1.80000e+02  2.58287e+00 
 1.80500e+02  2.58283e+00 
 1.81000e+02  2.58284e+00 
 1.81500e+02  2.58284e+00 
 1.82000e+02  2.58282e+00 
 1.82500e+02  2.58279e+00 
 1.83000e+02  2.58279e+00 
 1.83500e+02  2.58276e+00 
 1.84000e+02  2.58271e+00 
 1.84500e+02  2.58271e+00 
 1.85000e+02  2.58269e+00 
 1.85500e+02  2.58265e+00 
 1.86000e+02  2.58260e+00 
 1.86500e+02  2.58257e+00 
 1.87000e+02  2.58256e+00 
 1.87500e+02  2.58255e+00 
 1.88000e+02  2.58249e+00 
 1.88500e+02  2.58245e+00 
 1.89000e+02  2.58246e+00 
 1.89500e+02  2.58243e+00 
 1.90000e+02  2.58240e+00 
 1.90500e+02  2.58235e+00 
 1.91000e+02  2.58233e+00 
 1.91500e+02  2.58235e+00 
 1.92000e+02  2.58231e+00 
 1.92500e+02  2.58227e+00 
 1.93000e+02  2.58222e+00 
 1.93500e+02  2.58212e+00 
 1.94000e+02  2.58206e+00 
 1.94500e+02  2.58203e+00 
 1.95000e+02  2.58201e+00 
 1.95500e+02  2.58193e+00 
 1.96000e+02  2.58189e+00 
 1.96500e+02  2.58186e+00 
 1.97000e+02  2.58180e+00 
 1.97500e+02  2.58173e+00 
 1.98000e+02  2.58167e+00 
 1.98500e+02  2.58164e+00 
 1.99000e+02  2.58159e+00 
 1.99500e+02  2.58151e+00 
 2.00000e+02  2.58144e+00 
 2.00500e+02  2.58131e+00 
 2.01000e+02  2.58119e+00 
 2.01500e+02  2.58108e+00 
 2.02000e+02  2.58097e+00 
 2.02500e+02  2.58086e+00 
 2.03000e+02  2.58072e+00 
 2.03500e+02  2.58061e+00 
 2.04000e+02  2.58052e+00 
 2.04500e+02  2.58040e+00 
 2.05000e+02  2.58025e+00 
 2.05500e+02  2.58012e+00 
 2.06000e+02  2.58001e+00 
 2.06500e+02  2.57989e+00 
 2.07000e+02  2.57975e+00 
 2.07500e+02  2.57957e+00 
 2.08000e+02  2.57940e+00 
 2.08500e+02  2.57924e+00 
 2.09000e+02  2.57913e+00 
 2.09500e+02  2.57902e+00 
 2.10000e+02  2.57893e+00 
 2.10500e+02  2.57882e+00 
 2.11000e+02  2.57866e+00 
 2.11500e+02  2.57855e+00 
 2.12000e+02  2.57845e+00 
 2.12500e+02  2.57832e+00 
 2.13000e+02  2.57815e+00 
 2.13500e+02  2.57795e+00 
 2.14000e+02  2.57777e+00 
 2.14500e+02  2.57760e+00 
 2.15000e+02  2.57741e+00 
 2.15500e+02  2.57723e+00 
 2.16000e+02  2.57704e+00 
 2.16500e+02  2.57687e+00 
 2.17000e+02  2.57673e+00 
 2.17500e+02  2.57656e+00 
 2.18000e+02  2.57639e+00 
 2.18500e+02  2.57624e+00 
 2.19000e+02  2.57609e+00 
 2.19500e+02  2.57592e+00 
 2.20000e+02  2.57575e+00 
 2.20500e+02  2.57558e+00 
 2.21000e+02  2.57538e+00 
 2.21500e+02  2.57516e+00 
 2.22000e+02  2.57495e+00 
 2.22500e+02  2.57472e+00 
 2.23000e+02  2.57447e+00 
 2.23500e+02  2.57420e+00 
 2.24000e+02  2.57390e+00 
 2.24500e+02  2.57362e+00 
 2.25000e+02  2.57338e+00 
 2.25500e+02  2.57311e+00 
 2.26000e+02  2.57281e+00 
 2.26500e+02  2.57251e+00 
 2.27000e+02  2.57219e+00 
 2.27500e+02  2.57186e+00 
 2.28000e+02  2.57152e+00 
 2.28500e+02  2.57116e+00 
 2.29000e+02  2.57077e+00 
 2.29500e+02  2.57041e+00 
 2.30000e+02  2.57006e+00 
 2.30500e+02  2.56975e+00 
 2.31000e+02  2.56945e+00 
 2.31500e+02  2.56915e+00 
 2.32000e+02  2.56887e+00 
 2.32500e+02  2.56859e+00 
 2.33000e+02  2.56827e+00 
 2.33500e+02  2.56791e+00 
 2.34000e+02  2.56752e+00 
 2.34500e+02  2.56711e+00 
 2.35000e+02  2.56668e+00 
 2.35500e+02  2.56623e+00 
 2.36000e+02  2.56577e+00 
 2.36500e+02  2.56529e+00 
 2.37000e+02  2.56480e+00 
 2.37500e+02  2.56430e+00 
 2.38000e+02  2.56379e+00 
 2.38500e+02  2.56327e+00 
 2.39000e+02  2.56273e+00 
 2.39500e+02  2.56218e+00 
 2.40000e+02  2.56159e+00 
 2.40500e+02  2.56097e+00 
 2.41000e+02  2.56034e+00 
 2.41500e+02  2.55969e+00 
 2.42000e+02  2.55904e+00 
 2.42500e+02  2.55838e+00 
 2.43000e+02  2.55770e+00 
 2.43500e+02  2.55699e+00 
 2.44000e+02  2.55624e+00 
 2.44500e+02  2.55545e+00 
 2.45000e+02  2.55461e+00 
 2.45500e+02  2.55372e+00 
 2.46000e+02  2.55280e+00 
 2.46500e+02  2.55180e+00 
 2.47000e+02  2.55070e+00 
 2.47500e+02  2.54954e+00 
 2.48000e+02  2.54832e+00 
 2.48500e+02  2.54703e+00 
 2.49000e+02  2.54567e+00 
 2.49500e+02  2.54425e+00 
 2.50000e+02  2.54275e+00 
 2.50500e+02  2.54117e+00 
 2.51000e+02  2.53950e+00 
 2.51500e+02  2.53773e+00 
 2.52000e+02  2.53585e+00 
 2.52500e+02  2.53385e+00 
 2.53000e+02  2.53173e+00 
 2.53500e+02  2.52947e+00 
 2.54000e+02  2.52706e+00 
 2.54500e+02  2.52449e+00 
 2.55000e+02  2.52175e+00 
 2.55500e+02  2.51884e+00 
 2.56000e+02  2.51575e+00 
 2.56500e+02  2.51246e+00 
 2.57000e+02  2.50896e+00 
 2.57500e+02  2.50524e+00 
 2.58000e+02  2.50131e+00 
 2.58500e+02  2.49715e+00 
 2.59000e+02  2.49276e+00 
 2.59500e+02  2.48812e+00 
 2.60000e+02  2.48323e+00 
 2.60500e+02  2.47810e+00 
 2.61000e+02  2.47270e+00 
 2.61500e+02  2.46703e+00 
 2.62000e+02  2.46110e+00 
 2.62500e+02  2.45489e+00 
 2.63000e+02  2.44841e+00 
 2.63500e+02  2.44165e+00 
 2.64000e+02  2.43461e+00 
 2.64500e+02  2.42729e+00 
 2.65000e+02  2.41968e+00 
 2.65500e+02  2.41178e+00 
 2.66000e+02  2.40360e+00 
 2.66500e+02  2.39512e+00 
 2.67000e+02  2.38636e+00 
 2.67500e+02  2.37731e+00 
 2.68000e+02  2.36798e+00 
 2.68500e+02  2.35835e+00 
 2.69000e+02  2.34843e+00 
 2.69500e+02  2.33822e+00 
 2.70000e+02  2.32772e+00 
 2.70500e+02  2.31693e+00 
 2.71000e+02  2.30586e+00 
 2.71500e+02  2.29449e+00 
 2.72000e+02  2.28284e+00 
 2.72500e+02  2.27091e+00 
 2.73000e+02  2.25869e+00 
 2.73500e+02  2.24619e+00 
 2.74000e+02  2.23341e+00 
 2.74500e+02  2.22034e+00 
 2.75000e+02  2.20698e+00 
 2.75500e+02  2.19335e+00 
 2.76000e+02  2.17944e+00 
 2.76500e+02  2.16525e+00 
 2.77000e+02  2.15079e+00 
 2.77500e+02  2.13606e+00 
 2.78000e+02  2.12106e+00 
 2.78500e+02  2.10579e+00 
 2.79000e+02  2.09025e+00 
 2.79500e+02  2.07443e+00 
 2.80000e+02  2.05834e+00 
 2.80500e+02  2.04199e+00 
 2.81000e+02  2.02537e+00 
 2.81500e+02  2.00848e+00 
 2.82000e+02  1.99133e+00 
 2.82500e+02  1.97391e+00 
 2.83000e+02  1.95622e+00 
 2.83500e+02  1.93827e+00 
 2.84000e+02  1.92005e+00 
 2.84500e+02  1.90156e+00 
 2.85000e+02  1.88280e+00 
 2.85500e+02  1.86377e+00 
 2.86000e+02  1.84448e+00 
 2.86500e+02  1.82493e+00 
 2.87000e+02  1.80512e+00 
 2.87500e+02  1.78505e+00 
 2.88000e+02  1.76473e+00 
 2.88500e+02  1.74415e+00 
 2.89000e+02  1.72332e+00 
 2.89500e+02  1.70223e+00 
 2.90000e+02  1.68089e+00 
 2.90500e+02  1.65930e+00 
 2.91000e+02  1.63746e+00 
 2.91500e+02  1.61537e+00 
 2.92000e+02  1.59303e+00 
 2.92500e+02  1.57045e+00 
 2.93000e+02  1.54763e+00 
 2.93500e+02  1.52457e+00 
 2.94000e+02  1.50127e+00 
 2.94500e+02  1.47773e+00 
 2.95000e+02  1.45396e+00 
 2.95500e+02  1.42995e+00 
 2.96000e+02  1.40571e+00 
 2.96500e+02  1.38124e+00 
 2.97000e+02  1.35654e+00 
 2.97500e+02  1.33162e+00 
 2.98000e+02  1.30646e+00 
 2.98500e+02  1.28108e+00 
 2.99000e+02  1.25549e+00 
 2.99500e+02  1.22967e+00 
 3.00000e+02  1.20363e+00 
 3.00500e+02  1.17737e+00 
 3.01000e+02  1.15090e+00 
 3.01500e+02  1.12422e+00 
 3.02000e+02  1.09732e+00 
 3.02500e+02  1.07022e+00 
 3.03000e+02  1.04291e+00 
 3.03500e+02  1.01539e+00 
 3.04000e+02  9.87660e-01 
 3.04500e+02  9.59730e-01 
 3.05000e+02  9.31598e-01 
 3.05500e+02  9.03263e-01 
 3.06000e+02  8.74728e-01 
 3.06500e+02  8.45993e-01 
 3.07000e+02  8.17060e-01 
 3.07500e+02  7.87931e-01 
 3.08000e+02  7.58607e-01 
 3.08500e+02  7.29090e-01 
 3.09000e+02  6.99381e-01 
 3.09500e+02  6.69481e-01 
 3.10000e+02  6.39389e-01 
 3.10500e+02  6.09109e-01 
 3.11000e+02  5.78640e-01 
 3.11500e+02  5.47985e-01 
 3.12000e+02  5.17143e-01 
 3.12500e+02  4.86117e-01 
 3.13000e+02  4.54909e-01 
 3.13500e+02  4.23520e-01 
 3.14000e+02  3.91950e-01 
 3.14500e+02  3.60200e-01 
 3.15000e+02  3.28271e-01 
 3.15500e+02  2.96166e-01 
 3.16000e+02  2.63883e-01 
 3.16500e+02  2.31424e-01 
 3.17000e+02  1.98791e-01 
 3.17500e+02  1.65984e-01 
 3.18000e+02  1.33007e-01 
 3.18500e+02  9.98604e-02 
 3.19000e+02  6.65435e-02 
 3.19500e+02  3.30567e-02 
