 0.00000e+00  2.38464e-04 
 5.00000e-01  2.42544e-04 
 1.00000e+00  2.67696e-04 
 1.50000e+00  2.97200e-04 
 2.00000e+00  3.23776e-04 
 2.50000e+00  3.49976e-04 
 3.00000e+00  3.87368e-04 
 3.50000e+00  4.15152e-04 
 4.00000e+00  4.52824e-04 
 4.50000e+00  4.90176e-04 
 5.00000e+00  5.39608e-04 
 5.50000e+00  6.04488e-04 
 6.00000e+00  6.54120e-04 
 6.50000e+00  7.08080e-04 
 7.00000e+00  7.64360e-04 
 7.50000e+00  8.33128e-04 
 8.00000e+00  9.07624e-04 
 8.50000e+00  9.79680e-04 
 9.00000e+00  1.08127e-03 
 9.50000e+00  1.18158e-03 
 1.00000e+01  1.27562e-03 
 1.05000e+01  1.35868e-03 
 1.10000e+01  1.47050e-03 
 1.15000e+01  1.59950e-03 
 1.20000e+01  1.69468e-03 
 1.25000e+01  1.84408e-03 
 1.30000e+01  1.97841e-03 
 1.35000e+01  2.09194e-03 
 1.40000e+01  2.20249e-03 
 1.45000e+01  2.34138e-03 
 1.50000e+01  2.47029e-03 
 1.55000e+01  2.60230e-03 
 1.60000e+01  2.72358e-03 
 1.65000e+01  2.84231e-03 
 1.70000e+01  2.99106e-03 
 1.75000e+01  3.13770e-03 
 1.80000e+01  3.23609e-03 
 1.85000e+01  3.38141e-03 
 1.90000e+01  3.50868e-03 
 1.95000e+01  3.63992e-03 
 2.00000e+01  3.77863e-03 
 2.05000e+01  3.93256e-03 
 2.10000e+01  4.03660e-03 
 2.15000e+01  4.17850e-03 
 2.20000e+01  4.29391e-03 
 2.25000e+01  4.42458e-03 
 2.30000e+01  4.57546e-03 
 2.35000e+01  4.72474e-03 
 2.40000e+01  4.90115e-03 
 2.45000e+01  5.05778e-03 
 2.50000e+01  5.19978e-03 
 2.55000e+01  5.35810e-03 
 2.60000e+01  5.54461e-03 
 2.65000e+01  5.69663e-03 
 2.70000e+01  5.88340e-03 
 2.75000e+01  6.04521e-03 
 2.80000e+01  6.26765e-03 
 2.85000e+01  6.46227e-03 
 2.90000e+01  6.62379e-03 
 2.95000e+01  6.85831e-03 
 3.00000e+01  7.12743e-03 
 3.05000e+01  7.36885e-03 
 3.10000e+01  7.60826e-03 
 3.15000e+01  7.85266e-03 
 3.20000e+01  8.13387e-03 
 3.25000e+01  8.44790e-03 
 3.30000e+01  8.73104e-03 
 3.35000e+01  9.00894e-03 
 3.40000e+01  9.35215e-03 
 3.45000e+01  9.72346e-03 
 3.50000e+01  1.00842e-02 
 3.55000e+01  1.04835e-02 
 3.60000e+01  1.09180e-02 
 3.65000e+01  1.13346e-02 
 3.70000e+01  1.18345e-02 
 3.75000e+01  1.23770e-02 
 3.80000e+01  1.29254e-02 
 3.85000e+01  1.34652e-02 
 3.90000e+01  1.39753e-02 
 3.95000e+01  1.46174e-02 
 4.00000e+01  1.52853e-02 
 4.05000e+01  1.59953e-02 
 4.10000e+01  1.67512e-02 
 4.15000e+01  1.75504e-02 
 4.20000e+01  1.83370e-02 
 4.25000e+01  1.91513e-02 
 4.30000e+01  2.00965e-02 
 4.35000e+01  2.10796e-02 
 4.40000e+01  2.22076e-02 
 4.45000e+01  2.33001e-02 
 4.50000e+01  2.44537e-02 
 4.55000e+01  2.56421e-02 
 4.60000e+01  2.69191e-02 
 4.65000e+01  2.83358e-02 
 4.70000e+01  2.97804e-02 
 4.75000e+01  3.13731e-02 
 4.80000e+01  3.29860e-02 
 4.85000e+01  3.47138e-02 
 4.90000e+01  3.65160e-02 
 4.95000e+01  3.83164e-02 
 5.00000e+01  4.02212e-02 
 5.05000e+01  4.22560e-02 
 5.10000e+01  4.43647e-02 
 5.15000e+01  4.63616e-02 
 5.20000e+01  4.84778e-02 
 5.25000e+01  5.06051e-02 
 5.30000e+01  5.27045e-02 
 5.35000e+01  5.47714e-02 
 5.40000e+01  5.69478e-02 
 5.45000e+01  5.90866e-02 
 5.50000e+01  6.11863e-02 
 5.55000e+01  6.32060e-02 
 5.60000e+01  6.52073e-02 
 5.65000e+01  6.72551e-02 
 5.70000e+01  6.91564e-02 
 5.75000e+01  7.11518e-02 
 5.80000e+01  7.28778e-02 
 5.85000e+01  7.46717e-02 
 5.90000e+01  7.65275e-02 
 5.95000e+01  7.82204e-02 
 6.00000e+01  7.98671e-02 
 6.05000e+01  8.14222e-02 
 6.10000e+01  8.27125e-02 
 6.15000e+01  8.41162e-02 
 6.20000e+01  8.53541e-02 
 6.25000e+01  8.65682e-02 
 6.30000e+01  8.76020e-02 
 6.35000e+01  8.86935e-02 
 6.40000e+01  8.97464e-02 
 6.45000e+01  9.07719e-02 
 6.50000e+01  9.18701e-02 
 6.55000e+01  9.28582e-02 
 6.60000e+01  9.39066e-02 
 6.65000e+01  9.50159e-02 
 6.70000e+01  9.62117e-02 
 6.75000e+01  9.73111e-02 
 6.80000e+01  9.84004e-02 
 6.85000e+01  9.92801e-02 
 6.90000e+01  1.00090e-01 
 6.95000e+01  1.01002e-01 
 7.00000e+01  1.01924e-01 
 7.05000e+01  1.02848e-01 
 7.10000e+01  1.03575e-01 
 7.15000e+01  1.04375e-01 
 7.20000e+01  1.04958e-01 
 7.25000e+01  1.05630e-01 
 7.30000e+01  1.06250e-01 
 7.35000e+01  1.06946e-01 
 7.40000e+01  1.07864e-01 
 7.45000e+01  1.08681e-01 
 7.50000e+01  1.09606e-01 
 7.55000e+01  1.10459e-01 
 7.60000e+01  1.11300e-01 
 7.65000e+01  1.12131e-01 
 7.70000e+01  1.12809e-01 
 7.75000e+01  1.13354e-01 
 7.80000e+01  1.13837e-01 
 7.85000e+01  1.14501e-01 
 7.90000e+01  1.15124e-01 
 7.95000e+01  1.15754e-01 
 8.00000e+01  1.16444e-01 
 8.05000e+01  1.17023e-01 
 8.10000e+01  1.17687e-01 
 8.15000e+01  1.18336e-01 
 8.20000e+01  1.18887e-01 
 8.25000e+01  1.19405e-01 
 8.30000e+01  1.19939e-01 
 8.35000e+01  1.20350e-01 
 8.40000e+01  1.20970e-01 
 8.45000e+01  1.21459e-01 
 8.50000e+01  1.22014e-01 
 8.55000e+01  1.22377e-01 
 8.60000e+01  1.22932e-01 
 8.65000e+01  1.23489e-01 
 8.70000e+01  1.24032e-01 
 8.75000e+01  1.24521e-01 
 8.80000e+01  1.25002e-01 
 8.85000e+01  1.25484e-01 
 8.90000e+01  1.25917e-01 
 8.95000e+01  1.26457e-01 
 9.00000e+01  1.26953e-01 
 9.05000e+01  1.27450e-01 
 9.10000e+01  1.27839e-01 
 9.15000e+01  1.28293e-01 
 9.20000e+01  1.28758e-01 
 9.25000e+01  1.29179e-01 
 9.30000e+01  1.29628e-01 
 9.35000e+01  1.30174e-01 
 9.40000e+01  1.30469e-01 
 9.45000e+01  1.30643e-01 
 9.50000e+01  1.30961e-01 
 9.55000e+01  1.31302e-01 
 9.60000e+01  1.31829e-01 
 9.65000e+01  1.32279e-01 
 9.70000e+01  1.32797e-01 
 9.75000e+01  1.33378e-01 
 9.80000e+01  1.33603e-01 
 9.85000e+01  1.33709e-01 
 9.90000e+01  1.34107e-01 
 9.95000e+01  1.34301e-01 
 1.00000e+02  1.34647e-01 
 1.00500e+02  1.34928e-01 
 1.01000e+02  1.35063e-01 
 1.01500e+02  1.35149e-01 
 1.02000e+02  1.35344e-01 
 1.02500e+02  1.35693e-01 
 1.03000e+02  1.36134e-01 
 1.03500e+02  1.36439e-01 
 1.04000e+02  1.36475e-01 
 1.04500e+02  1.36697e-01 
 1.05000e+02  1.37060e-01 
 1.05500e+02  1.37276e-01 
 1.06000e+02  1.37304e-01 
 1.06500e+02  1.37509e-01 
 1.07000e+02  1.37569e-01 
 1.07500e+02  1.37774e-01 
 1.08000e+02  1.38093e-01 
 1.08500e+02  1.38239e-01 
 1.09000e+02  1.38399e-01 
 1.09500e+02  1.38635e-01 
 1.10000e+02  1.38642e-01 
 1.10500e+02  1.38728e-01 
 1.11000e+02  1.38881e-01 
 1.11500e+02  1.39049e-01 
 1.12000e+02  1.39070e-01 
 1.12500e+02  1.38877e-01 
 1.13000e+02  1.39014e-01 
 1.13500e+02  1.39132e-01 
 1.14000e+02  1.39242e-01 
 1.14500e+02  1.39254e-01 
 1.15000e+02  1.39355e-01 
 1.15500e+02  1.39322e-01 
 1.16000e+02  1.39501e-01 
 1.16500e+02  1.39651e-01 
 1.17000e+02  1.39770e-01 
 1.17500e+02  1.39795e-01 
 1.18000e+02  1.39877e-01 
 1.18500e+02  1.39844e-01 
 1.19000e+02  1.40050e-01 
 1.19500e+02  1.40025e-01 
 1.20000e+02  1.39949e-01 
 1.20500e+02  1.40144e-01 
 1.21000e+02  1.40181e-01 
 1.21500e+02  1.40416e-01 
 1.22000e+02  1.40485e-01 
 1.22500e+02  1.40625e-01 
 1.23000e+02  1.40926e-01 
 1.23500e+02  1.40828e-01 
 1.24000e+02  1.40775e-01 
 1.24500e+02  1.40809e-01 
 1.25000e+02  1.40856e-01 
 1.25500e+02  1.40827e-01 
 1.26000e+02  1.40860e-01 
 1.26500e+02  1.40751e-01 
 1.27000e+02  1.40779e-01 
 1.27500e+02  1.40864e-01 
 1.28000e+02  1.40806e-01 
 1.28500e+02  1.40777e-01 
 1.29000e+02  1.40864e-01 
 1.29500e+02  1.40982e-01 
 1.30000e+02  1.40955e-01 
 1.30500e+02  1.40977e-01 
 1.31000e+02  1.41118e-01 
 1.31500e+02  1.40907e-01 
 1.32000e+02  1.40785e-01 
 1.32500e+02  1.40819e-01 
 1.33000e+02  1.40951e-01 
 1.33500e+02  1.40967e-01 
 1.34000e+02  1.41030e-01 
 1.34500e+02  1.41063e-01 
 1.35000e+02  1.41141e-01 
 1.35500e+02  1.41170e-01 
 1.36000e+02  1.41313e-01 
 1.36500e+02  1.41291e-01 
 1.37000e+02  1.41279e-01 
 1.37500e+02  1.41266e-01 
 1.38000e+02  1.41348e-01 
 1.38500e+02  1.41189e-01 
 1.39000e+02  1.41163e-01 
 1.39500e+02  1.41122e-01 
 1.40000e+02  1.41111e-01 
 1.40500e+02  1.41077e-01 
 1.41000e+02  1.41066e-01 
 1.41500e+02  1.41112e-01 
 1.42000e+02  1.41072e-01 
 1.42500e+02  1.41080e-01 
 1.43000e+02  1.41200e-01 
 1.43500e+02  1.41155e-01 
 1.44000e+02  1.41306e-01 
 1.44500e+02  1.41274e-01 
 1.45000e+02  1.41183e-01 
 1.45500e+02  1.41107e-01 
 1.46000e+02  1.41117e-01 
 1.46500e+02  1.40962e-01 
 1.47000e+02  1.41146e-01 
 1.47500e+02  1.41201e-01 
 1.48000e+02  1.41162e-01 
 1.48500e+02  1.41270e-01 
 1.49000e+02  1.41254e-01 
 1.49500e+02  1.41320e-01 
 1.50000e+02  1.41465e-01 
 1.50500e+02  1.41576e-01 
 1.51000e+02  1.41636e-01 
 1.51500e+02  1.41475e-01 
 1.52000e+02  1.41655e-01 
 1.52500e+02  1.41562e-01 
 1.53000e+02  1.41608e-01 
 1.53500e+02  1.41633e-01 
 1.54000e+02  1.41580e-01 
 1.54500e+02  1.41573e-01 
 1.55000e+02  1.41809e-01 
 1.55500e+02  1.41719e-01 
 1.56000e+02  1.41443e-01 
 1.56500e+02  1.41445e-01 
 1.57000e+02  1.41520e-01 
 1.57500e+02  1.41355e-01 
 1.58000e+02  1.41214e-01 
 1.58500e+02  1.41362e-01 
 1.59000e+02  1.41394e-01 
 1.59500e+02  1.41386e-01 
 1.60000e+02  1.41409e-01 
 1.60500e+02  1.41489e-01 
 1.61000e+02  1.41368e-01 
 1.61500e+02  1.41315e-01 
 1.62000e+02  1.41295e-01 
 1.62500e+02  1.41295e-01 
 1.63000e+02  1.41197e-01 
 1.63500e+02  1.41187e-01 
 1.64000e+02  1.41175e-01 
 1.64500e+02  1.41253e-01 
 1.65000e+02  1.41296e-01 
 1.65500e+02  1.41256e-01 
 1.66000e+02  1.41105e-01 
 1.66500e+02  1.41133e-01 
 1.67000e+02  1.41192e-01 
 1.67500e+02  1.41256e-01 
 1.68000e+02  1.41363e-01 
 1.68500e+02  1.41195e-01 
 1.69000e+02  1.41056e-01 
 1.69500e+02  1.41108e-01 
 1.70000e+02  1.41135e-01 
 1.70500e+02  1.40997e-01 
 1.71000e+02  1.40844e-01 
 1.71500e+02  1.40979e-01 
 1.72000e+02  1.41043e-01 
 1.72500e+02  1.40903e-01 
 1.73000e+02  1.40959e-01 
 1.73500e+02  1.40903e-01 
 1.74000e+02  1.40843e-01 
 1.74500e+02  1.40718e-01 
 1.75000e+02  1.40804e-01 
 1.75500e+02  1.40651e-01 
 1.76000e+02  1.40654e-01 
 1.76500e+02  1.40779e-01 
 1.77000e+02  1.40732e-01 
 1.77500e+02  1.40784e-01 
 1.78000e+02  1.40545e-01 
 1.78500e+02  1.40534e-01 
 1.79000e+02  1.40454e-01 
 1.79500e+02  1.40404e-01 
 1.80000e+02  1.40203e-01 
 1.80500e+02  1.40146e-01 
 1.81000e+02  1.40292e-01 
 1.81500e+02  1.40333e-01 
 1.82000e+02  1.40382e-01 
 1.82500e+02  1.40463e-01 
 1.83000e+02  1.40433e-01 
 1.83500e+02  1.40375e-01 
 1.84000e+02  1.40282e-01 
 1.84500e+02  1.40329e-01 
 1.85000e+02  1.40146e-01 
 1.85500e+02  1.40219e-01 
 1.86000e+02  1.40092e-01 
 1.86500e+02  1.40100e-01 
 1.87000e+02  1.40079e-01 
 1.87500e+02  1.40096e-01 
 1.88000e+02  1.39882e-01 
 1.88500e+02  1.39715e-01 
 1.89000e+02  1.39702e-01 
 1.89500e+02  1.39614e-01 
 1.90000e+02  1.39580e-01 
 1.90500e+02  1.39747e-01 
 1.91000e+02  1.39780e-01 
 1.91500e+02  1.39771e-01 
 1.92000e+02  1.39672e-01 
 1.92500e+02  1.39591e-01 
 1.93000e+02  1.39518e-01 
 1.93500e+02  1.39389e-01 
 1.94000e+02  1.39240e-01 
 1.94500e+02  1.39139e-01 
 1.95000e+02  1.39039e-01 
 1.95500e+02  1.38851e-01 
 1.96000e+02  1.39018e-01 
 1.96500e+02  1.38894e-01 
 1.97000e+02  1.38832e-01 
 1.97500e+02  1.38859e-01 
 1.98000e+02  1.38890e-01 
 1.98500e+02  1.38935e-01 
 1.99000e+02  1.38877e-01 
 1.99500e+02  1.38843e-01 
 2.00000e+02  1.38648e-01 
 2.00500e+02  1.38465e-01 
 2.01000e+02  1.38343e-01 
 2.01500e+02  1.38393e-01 
 2.02000e+02  1.38223e-01 
 2.02500e+02  1.38014e-01 
 2.03000e+02  1.37991e-01 
 2.03500e+02  1.37701e-01 
 2.04000e+02  1.37670e-01 
 2.04500e+02  1.37622e-01 
 2.05000e+02  1.37686e-01 
 2.05500e+02  1.37526e-01 
 2.06000e+02  1.37508e-01 
 2.06500e+02  1.37379e-01 
 2.07000e+02  1.37189e-01 
 2.07500e+02  1.37050e-01 
 2.08000e+02  1.36765e-01 
 2.08500e+02  1.36659e-01 
 2.09000e+02  1.36389e-01 
 2.09500e+02  1.36282e-01 
 2.10000e+02  1.35987e-01 
 2.10500e+02  1.35725e-01 
 2.11000e+02  1.35548e-01 
 2.11500e+02  1.35354e-01 
 2.12000e+02  1.35200e-01 
 2.12500e+02  1.34945e-01 
 2.13000e+02  1.34822e-01 
 2.13500e+02  1.34597e-01 
 2.14000e+02  1.34422e-01 
 2.14500e+02  1.34304e-01 
 2.15000e+02  1.33955e-01 
 2.15500e+02  1.33494e-01 
 2.16000e+02  1.33009e-01 
 2.16500e+02  1.32456e-01 
 2.17000e+02  1.31967e-01 
 2.17500e+02  1.31518e-01 
 2.18000e+02  1.31179e-01 
 2.18500e+02  1.30968e-01 
 2.19000e+02  1.30735e-01 
 2.19500e+02  1.30259e-01 
 2.20000e+02  1.30020e-01 
 2.20500e+02  1.29603e-01 
 2.21000e+02  1.29143e-01 
 2.21500e+02  1.28782e-01 
 2.22000e+02  1.28312e-01 
 2.22500e+02  1.27890e-01 
 2.23000e+02  1.27542e-01 
 2.23500e+02  1.27189e-01 
 2.24000e+02  1.26800e-01 
 2.24500e+02  1.26419e-01 
 2.25000e+02  1.25989e-01 
 2.25500e+02  1.25624e-01 
 2.26000e+02  1.25149e-01 
 2.26500e+02  1.24492e-01 
 2.27000e+02  1.23829e-01 
 2.27500e+02  1.23361e-01 
 2.28000e+02  1.22728e-01 
 2.28500e+02  1.22287e-01 
 2.29000e+02  1.21735e-01 
 2.29500e+02  1.21292e-01 
 2.30000e+02  1.20604e-01 
 2.30500e+02  1.20141e-01 
 2.31000e+02  1.19638e-01 
 2.31500e+02  1.19123e-01 
 2.32000e+02  1.18588e-01 
 2.32500e+02  1.17848e-01 
 2.33000e+02  1.17346e-01 
 2.33500e+02  1.16650e-01 
 2.34000e+02  1.16045e-01 
 2.34500e+02  1.15557e-01 
 2.35000e+02  1.15047e-01 
 2.35500e+02  1.14431e-01 
 2.36000e+02  1.13829e-01 
 2.36500e+02  1.13237e-01 
 2.37000e+02  1.12532e-01 
 2.37500e+02  1.11858e-01 
 2.38000e+02  1.11196e-01 
 2.38500e+02  1.10559e-01 
 2.39000e+02  1.09924e-01 
 2.39500e+02  1.09289e-01 
 2.40000e+02  1.08544e-01 
 2.40500e+02  1.07918e-01 
 2.41000e+02  1.07212e-01 
 2.41500e+02  1.06479e-01 
 2.42000e+02  1.05838e-01 
 2.42500e+02  1.04974e-01 
 2.43000e+02  1.04231e-01 
 2.43500e+02  1.03368e-01 
 2.44000e+02  1.02383e-01 
 2.44500e+02  1.01722e-01 
 2.45000e+02  1.00824e-01 
 2.45500e+02  1.00107e-01 
 2.46000e+02  9.92112e-02 
 2.46500e+02  9.83995e-02 
 2.47000e+02  9.74131e-02 
 2.47500e+02  9.64930e-02 
 2.48000e+02  9.55248e-02 
 2.48500e+02  9.45323e-02 
 2.49000e+02  9.33847e-02 
 2.49500e+02  9.22511e-02 
 2.50000e+02  9.12036e-02 
 2.50500e+02  8.99559e-02 
 2.51000e+02  8.87349e-02 
 2.51500e+02  8.76010e-02 
 2.52000e+02  8.62641e-02 
 2.52500e+02  8.49845e-02 
 2.53000e+02  8.36253e-02 
 2.53500e+02  8.21710e-02 
 2.54000e+02  8.07682e-02 
 2.54500e+02  7.93933e-02 
 2.55000e+02  7.79481e-02 
 2.55500e+02  7.65734e-02 
 2.56000e+02  7.49427e-02 
 2.56500e+02  7.33148e-02 
 2.57000e+02  7.16692e-02 
 2.57500e+02  6.99145e-02 
 2.58000e+02  6.80736e-02 
 2.58500e+02  6.62061e-02 
 2.59000e+02  6.43264e-02 
 2.59500e+02  6.24789e-02 
 2.60000e+02  6.06626e-02 
 2.60500e+02  5.86472e-02 
 2.61000e+02  5.66145e-02 
 2.61500e+02  5.46624e-02 
 2.62000e+02  5.27204e-02 
 2.62500e+02  5.07191e-02 
 2.63000e+02  4.86420e-02 
 2.63500e+02  4.66370e-02 
 2.64000e+02  4.46868e-02 
 2.64500e+02  4.27382e-02 
 2.65000e+02  4.07776e-02 
 2.65500e+02  3.87724e-02 
 2.66000e+02  3.69341e-02 
 2.66500e+02  3.51799e-02 
 2.67000e+02  3.33920e-02 
 2.67500e+02  3.17301e-02 
 2.68000e+02  3.02108e-02 
 2.68500e+02  2.87566e-02 
 2.69000e+02  2.73663e-02 
 2.69500e+02  2.60077e-02 
 2.70000e+02  2.47064e-02 
 2.70500e+02  2.34191e-02 
 2.71000e+02  2.22151e-02 
 2.71500e+02  2.11474e-02 
 2.72000e+02  2.01044e-02 
 2.72500e+02  1.90977e-02 
 2.73000e+02  1.82022e-02 
 2.73500e+02  1.73106e-02 
 2.74000e+02  1.65516e-02 
 2.74500e+02  1.57668e-02 
 2.75000e+02  1.50746e-02 
 2.75500e+02  1.45016e-02 
 2.76000e+02  1.38699e-02 
 2.76500e+02  1.33068e-02 
 2.77000e+02  1.27728e-02 
 2.77500e+02  1.23020e-02 
 2.78000e+02  1.19441e-02 
 2.78500e+02  1.15253e-02 
 2.79000e+02  1.11332e-02 
 2.79500e+02  1.07626e-02 
 2.80000e+02  1.04714e-02 
 2.80500e+02  1.01446e-02 
 2.81000e+02  9.82963e-03 
 2.81500e+02  9.53425e-03 
 2.82000e+02  9.21560e-03 
 2.82500e+02  8.89550e-03 
 2.83000e+02  8.65002e-03 
 2.83500e+02  8.41830e-03 
 2.84000e+02  8.13745e-03 
 2.84500e+02  7.92124e-03 
 2.85000e+02  7.66994e-03 
 2.85500e+02  7.45255e-03 
 2.86000e+02  7.21509e-03 
 2.86500e+02  7.00082e-03 
 2.87000e+02  6.79854e-03 
 2.87500e+02  6.59099e-03 
 2.88000e+02  6.37218e-03 
 2.88500e+02  6.18154e-03 
 2.89000e+02  6.02269e-03 
 2.89500e+02  5.83792e-03 
 2.90000e+02  5.65035e-03 
 2.90500e+02  5.49944e-03 
 2.91000e+02  5.35598e-03 
 2.91500e+02  5.19354e-03 
 2.92000e+02  5.05576e-03 
 2.92500e+02  4.91924e-03 
 2.93000e+02  4.78319e-03 
 2.93500e+02  4.61514e-03 
 2.94000e+02  4.51220e-03 
 2.94500e+02  4.38611e-03 
 2.95000e+02  4.25997e-03 
 2.95500e+02  4.12182e-03 
 2.96000e+02  4.00570e-03 
 2.96500e+02  3.90110e-03 
 2.97000e+02  3.76706e-03 
 2.97500e+02  3.67433e-03 
 2.98000e+02  3.55875e-03 
 2.98500e+02  3.45780e-03 
 2.99000e+02  3.37625e-03 
 2.99500e+02  3.29422e-03 
 3.00000e+02  3.19672e-03 
 3.00500e+02  3.10334e-03 
 3.01000e+02  3.00570e-03 
 3.01500e+02  2.91885e-03 
 3.02000e+02  2.80791e-03 
 3.02500e+02  2.73741e-03 
 3.03000e+02  2.65495e-03 
 3.03500e+02  2.56503e-03 
 3.04000e+02  2.49807e-03 
 3.04500e+02  2.43113e-03 
 3.05000e+02  2.36543e-03 
 3.05500e+02  2.27874e-03 
 3.06000e+02  2.20802e-03 
 3.06500e+02  2.14582e-03 
 3.07000e+02  2.07126e-03 
 3.07500e+02  2.00359e-03 
 3.08000e+02  1.92926e-03 
 3.08500e+02  1.86648e-03 
 3.09000e+02  1.82068e-03 
 3.09500e+02  1.75147e-03 
 3.10000e+02  1.68211e-03 
 3.10500e+02  1.62985e-03 
 3.11000e+02  1.55954e-03 
 3.11500e+02  1.50902e-03 
 3.12000e+02  1.46026e-03 
 3.12500e+02  1.39145e-03 
 3.13000e+02  1.33556e-03 
 3.13500e+02  1.28566e-03 
 3.14000e+02  1.23497e-03 
 3.14500e+02  1.17323e-03 
 3.15000e+02  1.12770e-03 
 3.15500e+02  1.06684e-03 
 3.16000e+02  1.01845e-03 
 3.16500e+02  9.71728e-04 
 3.17000e+02  9.06120e-04 
 3.17500e+02  8.47112e-04 
 3.18000e+02  8.06512e-04 
 3.18500e+02  7.55944e-04 
 3.19000e+02  6.98080e-04 
 3.19500e+02  6.72872e-04 
