 0.00000e+00  2.27744e-04 
 5.00000e-01  2.28152e-04 
 1.00000e+00  2.47520e-04 
 1.50000e+00  2.67504e-04 
 2.00000e+00  2.92320e-04 
 2.50000e+00  3.19840e-04 
 3.00000e+00  3.51776e-04 
 3.50000e+00  3.80264e-04 
 4.00000e+00  4.05000e-04 
 4.50000e+00  4.42792e-04 
 5.00000e+00  4.84440e-04 
 5.50000e+00  5.25488e-04 
 6.00000e+00  5.72744e-04 
 6.50000e+00  6.20720e-04 
 7.00000e+00  6.72336e-04 
 7.50000e+00  7.31128e-04 
 8.00000e+00  7.91400e-04 
 8.50000e+00  8.70992e-04 
 9.00000e+00  9.38608e-04 
 9.50000e+00  1.01875e-03 
 1.00000e+01  1.10634e-03 
 1.05000e+01  1.20532e-03 
 1.10000e+01  1.31978e-03 
 1.15000e+01  1.43353e-03 
 1.20000e+01  1.55593e-03 
 1.25000e+01  1.67004e-03 
 1.30000e+01  1.78950e-03 
 1.35000e+01  1.91493e-03 
 1.40000e+01  2.06631e-03 
 1.45000e+01  2.19755e-03 
 1.50000e+01  2.34469e-03 
 1.55000e+01  2.48755e-03 
 1.60000e+01  2.61254e-03 
 1.65000e+01  2.75635e-03 
 1.70000e+01  2.87145e-03 
 1.75000e+01  3.02730e-03 
 1.80000e+01  3.16322e-03 
 1.85000e+01  3.30674e-03 
 1.90000e+01  3.45159e-03 
 1.95000e+01  3.62027e-03 
 2.00000e+01  3.75340e-03 
 2.05000e+01  3.86498e-03 
 2.10000e+01  3.99594e-03 
 2.15000e+01  4.15315e-03 
 2.20000e+01  4.30536e-03 
 2.25000e+01  4.44515e-03 
 2.30000e+01  4.60218e-03 
 2.35000e+01  4.74005e-03 
 2.40000e+01  4.90198e-03 
 2.45000e+01  5.09106e-03 
 2.50000e+01  5.25995e-03 
 2.55000e+01  5.42590e-03 
 2.60000e+01  5.57881e-03 
 2.65000e+01  5.80217e-03 
 2.70000e+01  5.98044e-03 
 2.75000e+01  6.16544e-03 
 2.80000e+01  6.34108e-03 
 2.85000e+01  6.55716e-03 
 2.90000e+01  6.75830e-03 
 2.95000e+01  6.96620e-03 
 3.00000e+01  7.21141e-03 
 3.05000e+01  7.46317e-03 
 3.10000e+01  7.73702e-03 
 3.15000e+01  8.02663e-03 
 3.20000e+01  8.33081e-03 
 3.25000e+01  8.62526e-03 
 3.30000e+01  8.96358e-03 
 3.35000e+01  9.26866e-03 
 3.40000e+01  9.63786e-03 
 3.45000e+01  1.00179e-02 
 3.50000e+01  1.04464e-02 
 3.55000e+01  1.08406e-02 
 3.60000e+01  1.12710e-02 
 3.65000e+01  1.18041e-02 
 3.70000e+01  1.22996e-02 
 3.75000e+01  1.28321e-02 
 3.80000e+01  1.33842e-02 
 3.85000e+01  1.39521e-02 
 3.90000e+01  1.45518e-02 
 3.95000e+01  1.52535e-02 
 4.00000e+01  1.59268e-02 
 4.05000e+01  1.66462e-02 
 4.10000e+01  1.74095e-02 
 4.15000e+01  1.82400e-02 
 4.20000e+01  1.91289e-02 
 4.25000e+01  1.99879e-02 
 4.30000e+01  2.10246e-02 
 4.35000e+01  2.20852e-02 
 4.40000e+01  2.31830e-02 
 4.45000e+01  2.43165e-02 
 4.50000e+01  2.56078e-02 
 4.55000e+01  2.68634e-02 
 4.60000e+01  2.82537e-02 
 4.65000e+01  2.96891e-02 
 4.70000e+01  3.12282e-02 
 4.75000e+01  3.28197e-02 
 4.80000e+01  3.45335e-02 
 4.85000e+01  3.63550e-02 
 4.90000e+01  3.82988e-02 
 4.95000e+01  4.01736e-02 
 5.00000e+01  4.21754e-02 
 5.05000e+01  4.41358e-02 
 5.10000e+01  4.62432e-02 
 5.15000e+01  4.83988e-02 
 5.20000e+01  5.05031e-02 
 5.25000e+01  5.26355e-02 
 5.30000e+01  5.48575e-02 
 5.35000e+01  5.70272e-02 
 5.40000e+01  5.89554e-02 
 5.45000e+01  6.09206e-02 
 5.50000e+01  6.29398e-02 
 5.55000e+01  6.48122e-02 
 5.60000e+01  6.68447e-02 
 5.65000e+01  6.86711e-02 
 5.70000e+01  7.04636e-02 
 5.75000e+01  7.22338e-02 
 5.80000e+01  7.39727e-02 
 5.85000e+01  7.55448e-02 
 5.90000e+01  7.71038e-02 
 5.95000e+01  7.85224e-02 
 6.00000e+01  8.00679e-02 
 6.05000e+01  8.16495e-02 
 6.10000e+01  8.30790e-02 
 6.15000e+01  8.45348e-02 
 6.20000e+01  8.59599e-02 
 6.25000e+01  8.73212e-02 
 6.30000e+01  8.89046e-02 
 6.35000e+01  9.01896e-02 
 6.40000e+01  9.14678e-02 
 6.45000e+01  9.25842e-02 
 6.50000e+01  9.37996e-02 
 6.55000e+01  9.49906e-02 
 6.60000e+01  9.62562e-02 
 6.65000e+01  9.73568e-02 
 6.70000e+01  9.84023e-02 
 6.75000e+01  9.94735e-02 
 6.80000e+01  1.00706e-01 
 6.85000e+01  1.01753e-01 
 6.90000e+01  1.02739e-01 
 6.95000e+01  1.03690e-01 
 7.00000e+01  1.04514e-01 
 7.05000e+01  1.05356e-01 
 7.10000e+01  1.06335e-01 
 7.15000e+01  1.06991e-01 
 7.20000e+01  1.07714e-01 
 7.25000e+01  1.08378e-01 
 7.30000e+01  1.09189e-01 
 7.35000e+01  1.09952e-01 
 7.40000e+01  1.10596e-01 
 7.45000e+01  1.11313e-01 
 7.50000e+01  1.11959e-01 
 7.55000e+01  1.12735e-01 
 7.60000e+01  1.13456e-01 
 7.65000e+01  1.14066e-01 
 7.70000e+01  1.14656e-01 
 7.75000e+01  1.15383e-01 
 7.80000e+01  1.15926e-01 
 7.85000e+01  1.16457e-01 
 7.90000e+01  1.17107e-01 
 7.95000e+01  1.17951e-01 
 8.00000e+01  1.18560e-01 
 8.05000e+01  1.19164e-01 
 8.10000e+01  1.19894e-01 
 8.15000e+01  1.20451e-01 
 8.20000e+01  1.20932e-01 
 8.25000e+01  1.21318e-01 
 8.30000e+01  1.21973e-01 
 8.35000e+01  1.22403e-01 
 8.40000e+01  1.22902e-01 
 8.45000e+01  1.23538e-01 
 8.50000e+01  1.24110e-01 
 8.55000e+01  1.24812e-01 
 8.60000e+01  1.25313e-01 
 8.65000e+01  1.25882e-01 
 8.70000e+01  1.26291e-01 
 8.75000e+01  1.26794e-01 
 8.80000e+01  1.27329e-01 
 8.85000e+01  1.27882e-01 
 8.90000e+01  1.28457e-01 
 8.95000e+01  1.29009e-01 
 9.00000e+01  1.29569e-01 
 9.05000e+01  1.29940e-01 
 9.10000e+01  1.30416e-01 
 9.15000e+01  1.30891e-01 
 9.20000e+01  1.31319e-01 
 9.25000e+01  1.31713e-01 
 9.30000e+01  1.32241e-01 
 9.35000e+01  1.32607e-01 
 9.40000e+01  1.33039e-01 
 9.45000e+01  1.33502e-01 
 9.50000e+01  1.33942e-01 
 9.55000e+01  1.34401e-01 
 9.60000e+01  1.34720e-01 
 9.65000e+01  1.35034e-01 
 9.70000e+01  1.35165e-01 
 9.75000e+01  1.35388e-01 
 9.80000e+01  1.35797e-01 
 9.85000e+01  1.36149e-01 
 9.90000e+01  1.36353e-01 
 9.95000e+01  1.36825e-01 
 1.00000e+02  1.37156e-01 
 1.00500e+02  1.37568e-01 
 1.01000e+02  1.37762e-01 
 1.01500e+02  1.38009e-01 
 1.02000e+02  1.38285e-01 
 1.02500e+02  1.38429e-01 
 1.03000e+02  1.38721e-01 
 1.03500e+02  1.38967e-01 
 1.04000e+02  1.39338e-01 
 1.04500e+02  1.39445e-01 
 1.05000e+02  1.39821e-01 
 1.05500e+02  1.39986e-01 
 1.06000e+02  1.40121e-01 
 1.06500e+02  1.40325e-01 
 1.07000e+02  1.40564e-01 
 1.07500e+02  1.40725e-01 
 1.08000e+02  1.40784e-01 
 1.08500e+02  1.40714e-01 
 1.09000e+02  1.40670e-01 
 1.09500e+02  1.40972e-01 
 1.10000e+02  1.41177e-01 
 1.10500e+02  1.41166e-01 
 1.11000e+02  1.41175e-01 
 1.11500e+02  1.41177e-01 
 1.12000e+02  1.41251e-01 
 1.12500e+02  1.41332e-01 
 1.13000e+02  1.41537e-01 
 1.13500e+02  1.41814e-01 
 1.14000e+02  1.41731e-01 
 1.14500e+02  1.41847e-01 
 1.15000e+02  1.42049e-01 
 1.15500e+02  1.42142e-01 
 1.16000e+02  1.42235e-01 
 1.16500e+02  1.42278e-01 
 1.17000e+02  1.42371e-01 
 1.17500e+02  1.42331e-01 
 1.18000e+02  1.42499e-01 
 1.18500e+02  1.42601e-01 
 1.19000e+02  1.42393e-01 
 1.19500e+02  1.42360e-01 
 1.20000e+02  1.42398e-01 
 1.20500e+02  1.42485e-01 
 1.21000e+02  1.42638e-01 
 1.21500e+02  1.42897e-01 
 1.22000e+02  1.42978e-01 
 1.22500e+02  1.42864e-01 
 1.23000e+02  1.42815e-01 
 1.23500e+02  1.42944e-01 
 1.24000e+02  1.42912e-01 
 1.24500e+02  1.42904e-01 
 1.25000e+02  1.43031e-01 
 1.25500e+02  1.43136e-01 
 1.26000e+02  1.43078e-01 
 1.26500e+02  1.43134e-01 
 1.27000e+02  1.42999e-01 
 1.27500e+02  1.42967e-01 
 1.28000e+02  1.43185e-01 
 1.28500e+02  1.43170e-01 
 1.29000e+02  1.43401e-01 
 1.29500e+02  1.43396e-01 
 1.30000e+02  1.43437e-01 
 1.30500e+02  1.43376e-01 
 1.31000e+02  1.43312e-01 
 1.31500e+02  1.43441e-01 
 1.32000e+02  1.43409e-01 
 1.32500e+02  1.43328e-01 
 1.33000e+02  1.43375e-01 
 1.33500e+02  1.43370e-01 
 1.34000e+02  1.43444e-01 
 1.34500e+02  1.43332e-01 
 1.35000e+02  1.43251e-01 
 1.35500e+02  1.43312e-01 
 1.36000e+02  1.43308e-01 
 1.36500e+02  1.43313e-01 
 1.37000e+02  1.43190e-01 
 1.37500e+02  1.43348e-01 
 1.38000e+02  1.43373e-01 
 1.38500e+02  1.43404e-01 
 1.39000e+02  1.43404e-01 
 1.39500e+02  1.43634e-01 
 1.40000e+02  1.43722e-01 
 1.40500e+02  1.43681e-01 
 1.41000e+02  1.43584e-01 
 1.41500e+02  1.43674e-01 
 1.42000e+02  1.43702e-01 
 1.42500e+02  1.43946e-01 
 1.43000e+02  1.43774e-01 
 1.43500e+02  1.43735e-01 
 1.44000e+02  1.43800e-01 
 1.44500e+02  1.43760e-01 
 1.45000e+02  1.43727e-01 
 1.45500e+02  1.43688e-01 
 1.46000e+02  1.43713e-01 
 1.46500e+02  1.43683e-01 
 1.47000e+02  1.43741e-01 
 1.47500e+02  1.43741e-01 
 1.48000e+02  1.43696e-01 
 1.48500e+02  1.43685e-01 
 1.49000e+02  1.43871e-01 
 1.49500e+02  1.43865e-01 
 1.50000e+02  1.43766e-01 
 1.50500e+02  1.43727e-01 
 1.51000e+02  1.43735e-01 
 1.51500e+02  1.43851e-01 
 1.52000e+02  1.43743e-01 
 1.52500e+02  1.43636e-01 
 1.53000e+02  1.43736e-01 
 1.53500e+02  1.43838e-01 
 1.54000e+02  1.43695e-01 
 1.54500e+02  1.43589e-01 
 1.55000e+02  1.43645e-01 
 1.55500e+02  1.43698e-01 
 1.56000e+02  1.43539e-01 
 1.56500e+02  1.43766e-01 
 1.57000e+02  1.43786e-01 
 1.57500e+02  1.43522e-01 
 1.58000e+02  1.43615e-01 
 1.58500e+02  1.43516e-01 
 1.59000e+02  1.43505e-01 
 1.59500e+02  1.43405e-01 
 1.60000e+02  1.43439e-01 
 1.60500e+02  1.43398e-01 
 1.61000e+02  1.43409e-01 
 1.61500e+02  1.43450e-01 
 1.62000e+02  1.43454e-01 
 1.62500e+02  1.43659e-01 
 1.63000e+02  1.43723e-01 
 1.63500e+02  1.43734e-01 
 1.64000e+02  1.43747e-01 
 1.64500e+02  1.43655e-01 
 1.65000e+02  1.43500e-01 
 1.65500e+02  1.43344e-01 
 1.66000e+02  1.43295e-01 
 1.66500e+02  1.43266e-01 
 1.67000e+02  1.43358e-01 
 1.67500e+02  1.43398e-01 
 1.68000e+02  1.43404e-01 
 1.68500e+02  1.43391e-01 
 1.69000e+02  1.43504e-01 
 1.69500e+02  1.43594e-01 
 1.70000e+02  1.43585e-01 
 1.70500e+02  1.43572e-01 
 1.71000e+02  1.43729e-01 
 1.71500e+02  1.43405e-01 
 1.72000e+02  1.43447e-01 
 1.72500e+02  1.43507e-01 
 1.73000e+02  1.43343e-01 
 1.73500e+02  1.43324e-01 
 1.74000e+02  1.43407e-01 
 1.74500e+02  1.43351e-01 
 1.75000e+02  1.43352e-01 
 1.75500e+02  1.43248e-01 
 1.76000e+02  1.43171e-01 
 1.76500e+02  1.43218e-01 
 1.77000e+02  1.43147e-01 
 1.77500e+02  1.43195e-01 
 1.78000e+02  1.43022e-01 
 1.78500e+02  1.42930e-01 
 1.79000e+02  1.42793e-01 
 1.79500e+02  1.42804e-01 
 1.80000e+02  1.42878e-01 
 1.80500e+02  1.42968e-01 
 1.81000e+02  1.42809e-01 
 1.81500e+02  1.42718e-01 
 1.82000e+02  1.42763e-01 
 1.82500e+02  1.42617e-01 
 1.83000e+02  1.42396e-01 
 1.83500e+02  1.42288e-01 
 1.84000e+02  1.42298e-01 
 1.84500e+02  1.42288e-01 
 1.85000e+02  1.42168e-01 
 1.85500e+02  1.42293e-01 
 1.86000e+02  1.42114e-01 
 1.86500e+02  1.42060e-01 
 1.87000e+02  1.42123e-01 
 1.87500e+02  1.42209e-01 
 1.88000e+02  1.42308e-01 
 1.88500e+02  1.42144e-01 
 1.89000e+02  1.42079e-01 
 1.89500e+02  1.42022e-01 
 1.90000e+02  1.41963e-01 
 1.90500e+02  1.42017e-01 
 1.91000e+02  1.42051e-01 
 1.91500e+02  1.41920e-01 
 1.92000e+02  1.41696e-01 
 1.92500e+02  1.41722e-01 
 1.93000e+02  1.41671e-01 
 1.93500e+02  1.41516e-01 
 1.94000e+02  1.41489e-01 
 1.94500e+02  1.41503e-01 
 1.95000e+02  1.41398e-01 
 1.95500e+02  1.41369e-01 
 1.96000e+02  1.41218e-01 
 1.96500e+02  1.41260e-01 
 1.97000e+02  1.41185e-01 
 1.97500e+02  1.41162e-01 
 1.98000e+02  1.41102e-01 
 1.98500e+02  1.41054e-01 
 1.99000e+02  1.40911e-01 
 1.99500e+02  1.40764e-01 
 2.00000e+02  1.40635e-01 
 2.00500e+02  1.40644e-01 
 2.01000e+02  1.40659e-01 
 2.01500e+02  1.40495e-01 
 2.02000e+02  1.40333e-01 
 2.02500e+02  1.40248e-01 
 2.03000e+02  1.40111e-01 
 2.03500e+02  1.39918e-01 
 2.04000e+02  1.39651e-01 
 2.04500e+02  1.39607e-01 
 2.05000e+02  1.39550e-01 
 2.05500e+02  1.39602e-01 
 2.06000e+02  1.39263e-01 
 2.06500e+02  1.39211e-01 
 2.07000e+02  1.39028e-01 
 2.07500e+02  1.39071e-01 
 2.08000e+02  1.38699e-01 
 2.08500e+02  1.38530e-01 
 2.09000e+02  1.38325e-01 
 2.09500e+02  1.38299e-01 
 2.10000e+02  1.37938e-01 
 2.10500e+02  1.37785e-01 
 2.11000e+02  1.37587e-01 
 2.11500e+02  1.37611e-01 
 2.12000e+02  1.37400e-01 
 2.12500e+02  1.37136e-01 
 2.13000e+02  1.36738e-01 
 2.13500e+02  1.36409e-01 
 2.14000e+02  1.36082e-01 
 2.14500e+02  1.35751e-01 
 2.15000e+02  1.35486e-01 
 2.15500e+02  1.35143e-01 
 2.16000e+02  1.34545e-01 
 2.16500e+02  1.34149e-01 
 2.17000e+02  1.33584e-01 
 2.17500e+02  1.33266e-01 
 2.18000e+02  1.33122e-01 
 2.18500e+02  1.32846e-01 
 2.19000e+02  1.32534e-01 
 2.19500e+02  1.32075e-01 
 2.20000e+02  1.31476e-01 
 2.20500e+02  1.30943e-01 
 2.21000e+02  1.30512e-01 
 2.21500e+02  1.29999e-01 
 2.22000e+02  1.29622e-01 
 2.22500e+02  1.29372e-01 
 2.23000e+02  1.29166e-01 
 2.23500e+02  1.29016e-01 
 2.24000e+02  1.28530e-01 
 2.24500e+02  1.28151e-01 
 2.25000e+02  1.27869e-01 
 2.25500e+02  1.27414e-01 
 2.26000e+02  1.26817e-01 
 2.26500e+02  1.26020e-01 
 2.27000e+02  1.25496e-01 
 2.27500e+02  1.24948e-01 
 2.28000e+02  1.24573e-01 
 2.28500e+02  1.24238e-01 
 2.29000e+02  1.23570e-01 
 2.29500e+02  1.22919e-01 
 2.30000e+02  1.22295e-01 
 2.30500e+02  1.21756e-01 
 2.31000e+02  1.21352e-01 
 2.31500e+02  1.20809e-01 
 2.32000e+02  1.20301e-01 
 2.32500e+02  1.19583e-01 
 2.33000e+02  1.19023e-01 
 2.33500e+02  1.18247e-01 
 2.34000e+02  1.17524e-01 
 2.34500e+02  1.16866e-01 
 2.35000e+02  1.16222e-01 
 2.35500e+02  1.15548e-01 
 2.36000e+02  1.14998e-01 
 2.36500e+02  1.14187e-01 
 2.37000e+02  1.13432e-01 
 2.37500e+02  1.12771e-01 
 2.38000e+02  1.12090e-01 
 2.38500e+02  1.11370e-01 
 2.39000e+02  1.10483e-01 
 2.39500e+02  1.09707e-01 
 2.40000e+02  1.09045e-01 
 2.40500e+02  1.08313e-01 
 2.41000e+02  1.07511e-01 
 2.41500e+02  1.06658e-01 
 2.42000e+02  1.05879e-01 
 2.42500e+02  1.05046e-01 
 2.43000e+02  1.04145e-01 
 2.43500e+02  1.03303e-01 
 2.44000e+02  1.02477e-01 
 2.44500e+02  1.01660e-01 
 2.45000e+02  1.00752e-01 
 2.45500e+02  1.00091e-01 
 2.46000e+02  9.92947e-02 
 2.46500e+02  9.83270e-02 
 2.47000e+02  9.75462e-02 
 2.47500e+02  9.65413e-02 
 2.48000e+02  9.56062e-02 
 2.48500e+02  9.45389e-02 
 2.49000e+02  9.34411e-02 
 2.49500e+02  9.22790e-02 
 2.50000e+02  9.11173e-02 
 2.50500e+02  8.99192e-02 
 2.51000e+02  8.86190e-02 
 2.51500e+02  8.73351e-02 
 2.52000e+02  8.61729e-02 
 2.52500e+02  8.49885e-02 
 2.53000e+02  8.36121e-02 
 2.53500e+02  8.24165e-02 
 2.54000e+02  8.09983e-02 
 2.54500e+02  7.94945e-02 
 2.55000e+02  7.78886e-02 
 2.55500e+02  7.62426e-02 
 2.56000e+02  7.46034e-02 
 2.56500e+02  7.30035e-02 
 2.57000e+02  7.12276e-02 
 2.57500e+02  6.94961e-02 
 2.58000e+02  6.77848e-02 
 2.58500e+02  6.59095e-02 
 2.59000e+02  6.39641e-02 
 2.59500e+02  6.21508e-02 
 2.60000e+02  6.02480e-02 
 2.60500e+02  5.83173e-02 
 2.61000e+02  5.63522e-02 
 2.61500e+02  5.44416e-02 
 2.62000e+02  5.24141e-02 
 2.62500e+02  5.03872e-02 
 2.63000e+02  4.83664e-02 
 2.63500e+02  4.63407e-02 
 2.64000e+02  4.43610e-02 
 2.64500e+02  4.24329e-02 
 2.65000e+02  4.05427e-02 
 2.65500e+02  3.85866e-02 
 2.66000e+02  3.67472e-02 
 2.66500e+02  3.48987e-02 
 2.67000e+02  3.31293e-02 
 2.67500e+02  3.14780e-02 
 2.68000e+02  2.99347e-02 
 2.68500e+02  2.84090e-02 
 2.69000e+02  2.69560e-02 
 2.69500e+02  2.56362e-02 
 2.70000e+02  2.43181e-02 
 2.70500e+02  2.30667e-02 
 2.71000e+02  2.19132e-02 
 2.71500e+02  2.08350e-02 
 2.72000e+02  1.97886e-02 
 2.72500e+02  1.88423e-02 
 2.73000e+02  1.78821e-02 
 2.73500e+02  1.70487e-02 
 2.74000e+02  1.62743e-02 
 2.74500e+02  1.55471e-02 
 2.75000e+02  1.48065e-02 
 2.75500e+02  1.41760e-02 
 2.76000e+02  1.35844e-02 
 2.76500e+02  1.30059e-02 
 2.77000e+02  1.24907e-02 
 2.77500e+02  1.20428e-02 
 2.78000e+02  1.16301e-02 
 2.78500e+02  1.12765e-02 
 2.79000e+02  1.09012e-02 
 2.79500e+02  1.05618e-02 
 2.80000e+02  1.02326e-02 
 2.80500e+02  9.90678e-03 
 2.81000e+02  9.57288e-03 
 2.81500e+02  9.27278e-03 
 2.82000e+02  8.99732e-03 
 2.82500e+02  8.71692e-03 
 2.83000e+02  8.44500e-03 
 2.83500e+02  8.18203e-03 
 2.84000e+02  7.92195e-03 
 2.84500e+02  7.69678e-03 
 2.85000e+02  7.45148e-03 
 2.85500e+02  7.21642e-03 
 2.86000e+02  6.99734e-03 
 2.86500e+02  6.83978e-03 
 2.87000e+02  6.63794e-03 
 2.87500e+02  6.41614e-03 
 2.88000e+02  6.20843e-03 
 2.88500e+02  6.01293e-03 
 2.89000e+02  5.86000e-03 
 2.89500e+02  5.69082e-03 
 2.90000e+02  5.50448e-03 
 2.90500e+02  5.32833e-03 
 2.91000e+02  5.17966e-03 
 2.91500e+02  5.04974e-03 
 2.92000e+02  4.89044e-03 
 2.92500e+02  4.74745e-03 
 2.93000e+02  4.62692e-03 
 2.93500e+02  4.47404e-03 
 2.94000e+02  4.35036e-03 
 2.94500e+02  4.23437e-03 
 2.95000e+02  4.10473e-03 
 2.95500e+02  4.01321e-03 
 2.96000e+02  3.89054e-03 
 2.96500e+02  3.77864e-03 
 2.97000e+02  3.65723e-03 
 2.97500e+02  3.55829e-03 
 2.98000e+02  3.47214e-03 
 2.98500e+02  3.34786e-03 
 2.99000e+02  3.26778e-03 
 2.99500e+02  3.18301e-03 
 3.00000e+02  3.09962e-03 
 3.00500e+02  3.00355e-03 
 3.01000e+02  2.92421e-03 
 3.01500e+02  2.84234e-03 
 3.02000e+02  2.74957e-03 
 3.02500e+02  2.65586e-03 
 3.03000e+02  2.59903e-03 
 3.03500e+02  2.52006e-03 
 3.04000e+02  2.42749e-03 
 3.04500e+02  2.36308e-03 
 3.05000e+02  2.29971e-03 
 3.05500e+02  2.21587e-03 
 3.06000e+02  2.16024e-03 
 3.06500e+02  2.08409e-03 
 3.07000e+02  2.02542e-03 
 3.07500e+02  1.95901e-03 
 3.08000e+02  1.89630e-03 
 3.08500e+02  1.83195e-03 
 3.09000e+02  1.76725e-03 
 3.09500e+02  1.71223e-03 
 3.10000e+02  1.65023e-03 
 3.10500e+02  1.59308e-03 
 3.11000e+02  1.53183e-03 
 3.11500e+02  1.47878e-03 
 3.12000e+02  1.42622e-03 
 3.12500e+02  1.38014e-03 
 3.13000e+02  1.32397e-03 
 3.13500e+02  1.28220e-03 
 3.14000e+02  1.22866e-03 
 3.14500e+02  1.16709e-03 
 3.15000e+02  1.13350e-03 
 3.15500e+02  1.07651e-03 
 3.16000e+02  1.01910e-03 
 3.16500e+02  9.71552e-04 
 3.17000e+02  9.19480e-04 
 3.17500e+02  8.52968e-04 
 3.18000e+02  7.95696e-04 
 3.18500e+02  7.55000e-04 
 3.19000e+02  6.95600e-04 
 3.19500e+02  6.80688e-04 
