 0.00000e+00  2.36896e-04 
 5.00000e-01  2.41720e-04 
 1.00000e+00  2.67256e-04 
 1.50000e+00  2.85272e-04 
 2.00000e+00  3.14064e-04 
 2.50000e+00  3.42920e-04 
 3.00000e+00  3.75672e-04 
 3.50000e+00  4.04448e-04 
 4.00000e+00  4.38816e-04 
 4.50000e+00  4.82568e-04 
 5.00000e+00  5.20064e-04 
 5.50000e+00  5.68496e-04 
 6.00000e+00  6.30960e-04 
 6.50000e+00  6.82616e-04 
 7.00000e+00  7.40376e-04 
 7.50000e+00  8.10496e-04 
 8.00000e+00  8.86432e-04 
 8.50000e+00  9.67376e-04 
 9.00000e+00  1.03908e-03 
 9.50000e+00  1.14059e-03 
 1.00000e+01  1.23953e-03 
 1.05000e+01  1.34909e-03 
 1.10000e+01  1.43716e-03 
 1.15000e+01  1.55794e-03 
 1.20000e+01  1.67588e-03 
 1.25000e+01  1.80702e-03 
 1.30000e+01  1.92148e-03 
 1.35000e+01  2.03215e-03 
 1.40000e+01  2.17222e-03 
 1.45000e+01  2.30859e-03 
 1.50000e+01  2.42945e-03 
 1.55000e+01  2.54066e-03 
 1.60000e+01  2.68073e-03 
 1.65000e+01  2.80922e-03 
 1.70000e+01  2.93026e-03 
 1.75000e+01  3.07985e-03 
 1.80000e+01  3.18546e-03 
 1.85000e+01  3.31621e-03 
 1.90000e+01  3.45392e-03 
 1.95000e+01  3.59403e-03 
 2.00000e+01  3.73010e-03 
 2.05000e+01  3.86623e-03 
 2.10000e+01  3.98558e-03 
 2.15000e+01  4.13725e-03 
 2.20000e+01  4.29037e-03 
 2.25000e+01  4.41612e-03 
 2.30000e+01  4.56378e-03 
 2.35000e+01  4.70373e-03 
 2.40000e+01  4.85478e-03 
 2.45000e+01  5.00925e-03 
 2.50000e+01  5.15253e-03 
 2.55000e+01  5.33362e-03 
 2.60000e+01  5.48126e-03 
 2.65000e+01  5.64836e-03 
 2.70000e+01  5.86826e-03 
 2.75000e+01  6.02318e-03 
 2.80000e+01  6.22412e-03 
 2.85000e+01  6.41510e-03 
 2.90000e+01  6.63198e-03 
 2.95000e+01  6.82422e-03 
 3.00000e+01  7.04253e-03 
 3.05000e+01  7.26898e-03 
 3.10000e+01  7.50374e-03 
 3.15000e+01  7.77479e-03 
 3.20000e+01  8.05291e-03 
 3.25000e+01  8.33804e-03 
 3.30000e+01  8.65989e-03 
 3.35000e+01  8.96326e-03 
 3.40000e+01  9.29823e-03 
 3.45000e+01  9.66609e-03 
 3.50000e+01  1.00662e-02 
 3.55000e+01  1.04180e-02 
 3.60000e+01  1.08478e-02 
 3.65000e+01  1.13415e-02 
 3.70000e+01  1.17694e-02 
 3.75000e+01  1.22550e-02 
 3.80000e+01  1.28420e-02 
 3.85000e+01  1.33850e-02 
 3.90000e+01  1.39866e-02 
 3.95000e+01  1.46304e-02 
 4.00000e+01  1.52832e-02 
 4.05000e+01  1.60191e-02 
 4.10000e+01  1.68021e-02 
 4.15000e+01  1.76175e-02 
 4.20000e+01  1.83942e-02 
 4.25000e+01  1.92537e-02 
 4.30000e+01  2.01648e-02 
 4.35000e+01  2.11905e-02 
 4.40000e+01  2.22230e-02 
 4.45000e+01  2.33379e-02 
 4.50000e+01  2.45697e-02 
 4.55000e+01  2.58448e-02 
 4.60000e+01  2.71506e-02 
 4.65000e+01  2.85691e-02 
 4.70000e+01  3.00313e-02 
 4.75000e+01  3.15202e-02 
 4.80000e+01  3.31333e-02 
 4.85000e+01  3.48445e-02 
 4.90000e+01  3.66198e-02 
 4.95000e+01  3.84922e-02 
 5.00000e+01  4.03610e-02 
 5.05000e+01  4.23912e-02 
 5.10000e+01  4.43042e-02 
 5.15000e+01  4.64328e-02 
 5.20000e+01  4.85401e-02 
 5.25000e+01  5.05791e-02 
 5.30000e+01  5.27460e-02 
 5.35000e+01  5.50390e-02 
 5.40000e+01  5.70898e-02 
 5.45000e+01  5.91673e-02 
 5.50000e+01  6.11743e-02 
 5.55000e+01  6.31259e-02 
 5.60000e+01  6.51469e-02 
 5.65000e+01  6.70358e-02 
 5.70000e+01  6.90337e-02 
 5.75000e+01  7.06984e-02 
 5.80000e+01  7.26119e-02 
 5.85000e+01  7.43174e-02 
 5.90000e+01  7.60005e-02 
 5.95000e+01  7.77344e-02 
 6.00000e+01  7.92802e-02 
 6.05000e+01  8.08085e-02 
 6.10000e+01  8.22412e-02 
 6.15000e+01  8.35460e-02 
 6.20000e+01  8.47826e-02 
 6.25000e+01  8.60171e-02 
 6.30000e+01  8.71521e-02 
 6.35000e+01  8.82171e-02 
 6.40000e+01  8.95240e-02 
 6.45000e+01  9.06189e-02 
 6.50000e+01  9.17549e-02 
 6.55000e+01  9.29486e-02 
 6.60000e+01  9.40887e-02 
 6.65000e+01  9.52362e-02 
 6.70000e+01  9.60928e-02 
 6.75000e+01  9.70887e-02 
 6.80000e+01  9.81283e-02 
 6.85000e+01  9.91558e-02 
 6.90000e+01  1.00325e-01 
 6.95000e+01  1.01456e-01 
 7.00000e+01  1.02513e-01 
 7.05000e+01  1.03245e-01 
 7.10000e+01  1.04048e-01 
 7.15000e+01  1.04804e-01 
 7.20000e+01  1.05568e-01 
 7.25000e+01  1.06306e-01 
 7.30000e+01  1.06923e-01 
 7.35000e+01  1.07505e-01 
 7.40000e+01  1.08271e-01 
 7.45000e+01  1.08850e-01 
 7.50000e+01  1.09585e-01 
 7.55000e+01  1.10212e-01 
 7.60000e+01  1.10933e-01 
 7.65000e+01  1.11608e-01 
 7.70000e+01  1.12154e-01 
 7.75000e+01  1.12808e-01 
 7.80000e+01  1.13528e-01 
 7.85000e+01  1.14286e-01 
 7.90000e+01  1.15041e-01 
 7.95000e+01  1.15557e-01 
 8.00000e+01  1.16160e-01 
 8.05000e+01  1.16831e-01 
 8.10000e+01  1.17601e-01 
 8.15000e+01  1.17918e-01 
 8.20000e+01  1.18471e-01 
 8.25000e+01  1.18869e-01 
 8.30000e+01  1.19439e-01 
 8.35000e+01  1.19806e-01 
 8.40000e+01  1.20349e-01 
 8.45000e+01  1.20794e-01 
 8.50000e+01  1.21216e-01 
 8.55000e+01  1.21708e-01 
 8.60000e+01  1.22145e-01 
 8.65000e+01  1.22790e-01 
 8.70000e+01  1.23426e-01 
 8.75000e+01  1.23900e-01 
 8.80000e+01  1.24386e-01 
 8.85000e+01  1.24943e-01 
 8.90000e+01  1.25423e-01 
 8.95000e+01  1.25836e-01 
 9.00000e+01  1.26115e-01 
 9.05000e+01  1.26598e-01 
 9.10000e+01  1.26899e-01 
 9.15000e+01  1.27269e-01 
 9.20000e+01  1.27702e-01 
 9.25000e+01  1.28089e-01 
 9.30000e+01  1.28607e-01 
 9.35000e+01  1.29178e-01 
 9.40000e+01  1.29517e-01 
 9.45000e+01  1.30209e-01 
 9.50000e+01  1.30548e-01 
 9.55000e+01  1.30867e-01 
 9.60000e+01  1.31420e-01 
 9.65000e+01  1.31741e-01 
 9.70000e+01  1.32227e-01 
 9.75000e+01  1.32434e-01 
 9.80000e+01  1.32943e-01 
 9.85000e+01  1.33159e-01 
 9.90000e+01  1.33456e-01 
 9.95000e+01  1.33790e-01 
 1.00000e+02  1.34141e-01 
 1.00500e+02  1.34541e-01 
 1.01000e+02  1.34845e-01 
 1.01500e+02  1.35213e-01 
 1.02000e+02  1.35382e-01 
 1.02500e+02  1.35442e-01 
 1.03000e+02  1.35656e-01 
 1.03500e+02  1.36022e-01 
 1.04000e+02  1.36307e-01 
 1.04500e+02  1.36449e-01 
 1.05000e+02  1.36764e-01 
 1.05500e+02  1.36883e-01 
 1.06000e+02  1.36879e-01 
 1.06500e+02  1.36995e-01 
 1.07000e+02  1.37098e-01 
 1.07500e+02  1.37153e-01 
 1.08000e+02  1.37511e-01 
 1.08500e+02  1.37599e-01 
 1.09000e+02  1.37732e-01 
 1.09500e+02  1.37676e-01 
 1.10000e+02  1.37841e-01 
 1.10500e+02  1.37886e-01 
 1.11000e+02  1.37864e-01 
 1.11500e+02  1.37782e-01 
 1.12000e+02  1.37935e-01 
 1.12500e+02  1.38020e-01 
 1.13000e+02  1.37965e-01 
 1.13500e+02  1.38037e-01 
 1.14000e+02  1.38181e-01 
 1.14500e+02  1.38360e-01 
 1.15000e+02  1.38443e-01 
 1.15500e+02  1.38570e-01 
 1.16000e+02  1.38492e-01 
 1.16500e+02  1.38502e-01 
 1.17000e+02  1.38640e-01 
 1.17500e+02  1.38647e-01 
 1.18000e+02  1.38658e-01 
 1.18500e+02  1.38808e-01 
 1.19000e+02  1.39041e-01 
 1.19500e+02  1.39118e-01 
 1.20000e+02  1.39137e-01 
 1.20500e+02  1.39206e-01 
 1.21000e+02  1.39265e-01 
 1.21500e+02  1.39223e-01 
 1.22000e+02  1.39215e-01 
 1.22500e+02  1.39386e-01 
 1.23000e+02  1.39424e-01 
 1.23500e+02  1.39409e-01 
 1.24000e+02  1.39425e-01 
 1.24500e+02  1.39316e-01 
 1.25000e+02  1.39365e-01 
 1.25500e+02  1.39362e-01 
 1.26000e+02  1.39495e-01 
 1.26500e+02  1.39556e-01 
 1.27000e+02  1.39575e-01 
 1.27500e+02  1.39638e-01 
 1.28000e+02  1.39523e-01 
 1.28500e+02  1.39568e-01 
 1.29000e+02  1.39667e-01 
 1.29500e+02  1.39927e-01 
 1.30000e+02  1.39960e-01 
 1.30500e+02  1.40017e-01 
 1.31000e+02  1.40136e-01 
 1.31500e+02  1.40161e-01 
 1.32000e+02  1.40211e-01 
 1.32500e+02  1.40312e-01 
 1.33000e+02  1.40179e-01 
 1.33500e+02  1.40369e-01 
 1.34000e+02  1.40477e-01 
 1.34500e+02  1.40485e-01 
 1.35000e+02  1.40487e-01 
 1.35500e+02  1.40478e-01 
 1.36000e+02  1.40344e-01 
 1.36500e+02  1.40320e-01 
 1.37000e+02  1.40405e-01 
 1.37500e+02  1.40378e-01 
 1.38000e+02  1.40503e-01 
 1.38500e+02  1.40372e-01 
 1.39000e+02  1.40279e-01 
 1.39500e+02  1.40401e-01 
 1.40000e+02  1.40682e-01 
 1.40500e+02  1.40433e-01 
 1.41000e+02  1.40427e-01 
 1.41500e+02  1.40343e-01 
 1.42000e+02  1.40346e-01 
 1.42500e+02  1.40388e-01 
 1.43000e+02  1.40466e-01 
 1.43500e+02  1.40425e-01 
 1.44000e+02  1.40379e-01 
 1.44500e+02  1.40417e-01 
 1.45000e+02  1.40407e-01 
 1.45500e+02  1.40409e-01 
 1.46000e+02  1.40468e-01 
 1.46500e+02  1.40466e-01 
 1.47000e+02  1.40446e-01 
 1.47500e+02  1.40593e-01 
 1.48000e+02  1.40561e-01 
 1.48500e+02  1.40671e-01 
 1.49000e+02  1.40833e-01 
 1.49500e+02  1.40880e-01 
 1.50000e+02  1.40985e-01 
 1.50500e+02  1.40944e-01 
 1.51000e+02  1.40766e-01 
 1.51500e+02  1.40728e-01 
 1.52000e+02  1.40588e-01 
 1.52500e+02  1.40618e-01 
 1.53000e+02  1.40778e-01 
 1.53500e+02  1.40762e-01 
 1.54000e+02  1.40859e-01 
 1.54500e+02  1.40710e-01 
 1.55000e+02  1.40760e-01 
 1.55500e+02  1.40696e-01 
 1.56000e+02  1.40846e-01 
 1.56500e+02  1.40746e-01 
 1.57000e+02  1.40684e-01 
 1.57500e+02  1.40793e-01 
 1.58000e+02  1.40872e-01 
 1.58500e+02  1.40995e-01 
 1.59000e+02  1.40945e-01 
 1.59500e+02  1.41012e-01 
 1.60000e+02  1.41072e-01 
 1.60500e+02  1.41087e-01 
 1.61000e+02  1.40939e-01 
 1.61500e+02  1.40938e-01 
 1.62000e+02  1.40859e-01 
 1.62500e+02  1.40838e-01 
 1.63000e+02  1.40615e-01 
 1.63500e+02  1.40714e-01 
 1.64000e+02  1.40637e-01 
 1.64500e+02  1.40494e-01 
 1.65000e+02  1.40581e-01 
 1.65500e+02  1.40616e-01 
 1.66000e+02  1.40712e-01 
 1.66500e+02  1.40655e-01 
 1.67000e+02  1.40698e-01 
 1.67500e+02  1.40583e-01 
 1.68000e+02  1.40501e-01 
 1.68500e+02  1.40405e-01 
 1.69000e+02  1.40231e-01 
 1.69500e+02  1.40422e-01 
 1.70000e+02  1.40435e-01 
 1.70500e+02  1.40311e-01 
 1.71000e+02  1.40198e-01 
 1.71500e+02  1.40237e-01 
 1.72000e+02  1.40439e-01 
 1.72500e+02  1.40264e-01 
 1.73000e+02  1.40323e-01 
 1.73500e+02  1.40304e-01 
 1.74000e+02  1.40335e-01 
 1.74500e+02  1.40189e-01 
 1.75000e+02  1.40209e-01 
 1.75500e+02  1.40184e-01 
 1.76000e+02  1.40314e-01 
 1.76500e+02  1.40365e-01 
 1.77000e+02  1.40385e-01 
 1.77500e+02  1.40210e-01 
 1.78000e+02  1.40217e-01 
 1.78500e+02  1.40160e-01 
 1.79000e+02  1.40095e-01 
 1.79500e+02  1.39944e-01 
 1.80000e+02  1.39984e-01 
 1.80500e+02  1.39989e-01 
 1.81000e+02  1.39995e-01 
 1.81500e+02  1.40025e-01 
 1.82000e+02  1.40107e-01 
 1.82500e+02  1.40083e-01 
 1.83000e+02  1.39892e-01 
 1.83500e+02  1.40014e-01 
 1.84000e+02  1.39863e-01 
 1.84500e+02  1.39739e-01 
 1.85000e+02  1.39763e-01 
 1.85500e+02  1.39807e-01 
 1.86000e+02  1.39673e-01 
 1.86500e+02  1.39616e-01 
 1.87000e+02  1.39585e-01 
 1.87500e+02  1.39493e-01 
 1.88000e+02  1.39562e-01 
 1.88500e+02  1.39361e-01 
 1.89000e+02  1.39247e-01 
 1.89500e+02  1.39082e-01 
 1.90000e+02  1.38971e-01 
 1.90500e+02  1.38950e-01 
 1.91000e+02  1.39087e-01 
 1.91500e+02  1.38968e-01 
 1.92000e+02  1.38976e-01 
 1.92500e+02  1.38970e-01 
 1.93000e+02  1.39000e-01 
 1.93500e+02  1.38987e-01 
 1.94000e+02  1.38942e-01 
 1.94500e+02  1.38841e-01 
 1.95000e+02  1.38694e-01 
 1.95500e+02  1.38691e-01 
 1.96000e+02  1.38582e-01 
 1.96500e+02  1.38456e-01 
 1.97000e+02  1.38436e-01 
 1.97500e+02  1.38453e-01 
 1.98000e+02  1.38205e-01 
 1.98500e+02  1.38002e-01 
 1.99000e+02  1.37954e-01 
 1.99500e+02  1.37905e-01 
 2.00000e+02  1.37814e-01 
 2.00500e+02  1.37829e-01 
 2.01000e+02  1.37848e-01 
 2.01500e+02  1.37647e-01 
 2.02000e+02  1.37538e-01 
 2.02500e+02  1.37527e-01 
 2.03000e+02  1.37520e-01 
 2.03500e+02  1.37468e-01 
 2.04000e+02  1.37265e-01 
 2.04500e+02  1.37355e-01 
 2.05000e+02  1.37170e-01 
 2.05500e+02  1.37008e-01 
 2.06000e+02  1.37120e-01 
 2.06500e+02  1.36937e-01 
 2.07000e+02  1.36788e-01 
 2.07500e+02  1.36593e-01 
 2.08000e+02  1.36455e-01 
 2.08500e+02  1.36334e-01 
 2.09000e+02  1.36173e-01 
 2.09500e+02  1.36057e-01 
 2.10000e+02  1.36086e-01 
 2.10500e+02  1.35846e-01 
 2.11000e+02  1.35752e-01 
 2.11500e+02  1.35577e-01 
 2.12000e+02  1.35334e-01 
 2.12500e+02  1.35028e-01 
 2.13000e+02  1.34893e-01 
 2.13500e+02  1.34642e-01 
 2.14000e+02  1.34300e-01 
 2.14500e+02  1.33832e-01 
 2.15000e+02  1.33404e-01 
 2.15500e+02  1.33090e-01 
 2.16000e+02  1.32663e-01 
 2.16500e+02  1.32240e-01 
 2.17000e+02  1.31986e-01 
 2.17500e+02  1.31623e-01 
 2.18000e+02  1.31441e-01 
 2.18500e+02  1.31075e-01 
 2.19000e+02  1.30742e-01 
 2.19500e+02  1.30324e-01 
 2.20000e+02  1.30104e-01 
 2.20500e+02  1.29765e-01 
 2.21000e+02  1.29367e-01 
 2.21500e+02  1.28904e-01 
 2.22000e+02  1.28554e-01 
 2.22500e+02  1.28218e-01 
 2.23000e+02  1.27878e-01 
 2.23500e+02  1.27346e-01 
 2.24000e+02  1.27107e-01 
 2.24500e+02  1.26678e-01 
 2.25000e+02  1.26230e-01 
 2.25500e+02  1.25796e-01 
 2.26000e+02  1.25348e-01 
 2.26500e+02  1.24805e-01 
 2.27000e+02  1.24159e-01 
 2.27500e+02  1.23692e-01 
 2.28000e+02  1.23114e-01 
 2.28500e+02  1.22439e-01 
 2.29000e+02  1.21880e-01 
 2.29500e+02  1.21391e-01 
 2.30000e+02  1.20756e-01 
 2.30500e+02  1.20407e-01 
 2.31000e+02  1.19813e-01 
 2.31500e+02  1.19391e-01 
 2.32000e+02  1.18938e-01 
 2.32500e+02  1.18280e-01 
 2.33000e+02  1.17684e-01 
 2.33500e+02  1.17001e-01 
 2.34000e+02  1.16448e-01 
 2.34500e+02  1.15644e-01 
 2.35000e+02  1.14949e-01 
 2.35500e+02  1.14332e-01 
 2.36000e+02  1.13737e-01 
 2.36500e+02  1.13148e-01 
 2.37000e+02  1.12556e-01 
 2.37500e+02  1.11985e-01 
 2.38000e+02  1.11375e-01 
 2.38500e+02  1.10747e-01 
 2.39000e+02  1.10066e-01 
 2.39500e+02  1.09322e-01 
 2.40000e+02  1.08569e-01 
 2.40500e+02  1.07717e-01 
 2.41000e+02  1.06941e-01 
 2.41500e+02  1.06212e-01 
 2.42000e+02  1.05465e-01 
 2.42500e+02  1.04615e-01 
 2.43000e+02  1.03909e-01 
 2.43500e+02  1.03033e-01 
 2.44000e+02  1.02237e-01 
 2.44500e+02  1.01469e-01 
 2.45000e+02  1.00730e-01 
 2.45500e+02  9.98697e-02 
 2.46000e+02  9.88273e-02 
 2.46500e+02  9.78633e-02 
 2.47000e+02  9.68243e-02 
 2.47500e+02  9.58977e-02 
 2.48000e+02  9.49244e-02 
 2.48500e+02  9.38443e-02 
 2.49000e+02  9.29174e-02 
 2.49500e+02  9.17653e-02 
 2.50000e+02  9.03932e-02 
 2.50500e+02  8.92197e-02 
 2.51000e+02  8.80600e-02 
 2.51500e+02  8.68058e-02 
 2.52000e+02  8.54668e-02 
 2.52500e+02  8.42970e-02 
 2.53000e+02  8.31074e-02 
 2.53500e+02  8.17232e-02 
 2.54000e+02  8.02906e-02 
 2.54500e+02  7.89174e-02 
 2.55000e+02  7.74457e-02 
 2.55500e+02  7.60222e-02 
 2.56000e+02  7.45111e-02 
 2.56500e+02  7.29591e-02 
 2.57000e+02  7.12313e-02 
 2.57500e+02  6.94559e-02 
 2.58000e+02  6.76683e-02 
 2.58500e+02  6.58565e-02 
 2.59000e+02  6.39616e-02 
 2.59500e+02  6.20878e-02 
 2.60000e+02  6.01176e-02 
 2.60500e+02  5.81960e-02 
 2.61000e+02  5.64558e-02 
 2.61500e+02  5.45306e-02 
 2.62000e+02  5.25650e-02 
 2.62500e+02  5.05367e-02 
 2.63000e+02  4.85470e-02 
 2.63500e+02  4.66052e-02 
 2.64000e+02  4.45898e-02 
 2.64500e+02  4.26503e-02 
 2.65000e+02  4.07309e-02 
 2.65500e+02  3.88862e-02 
 2.66000e+02  3.70732e-02 
 2.66500e+02  3.53065e-02 
 2.67000e+02  3.35347e-02 
 2.67500e+02  3.19364e-02 
 2.68000e+02  3.03334e-02 
 2.68500e+02  2.88067e-02 
 2.69000e+02  2.74218e-02 
 2.69500e+02  2.59914e-02 
 2.70000e+02  2.47024e-02 
 2.70500e+02  2.35083e-02 
 2.71000e+02  2.23784e-02 
 2.71500e+02  2.12497e-02 
 2.72000e+02  2.01697e-02 
 2.72500e+02  1.91560e-02 
 2.73000e+02  1.82347e-02 
 2.73500e+02  1.73560e-02 
 2.74000e+02  1.64973e-02 
 2.74500e+02  1.57507e-02 
 2.75000e+02  1.50632e-02 
 2.75500e+02  1.43891e-02 
 2.76000e+02  1.37658e-02 
 2.76500e+02  1.31738e-02 
 2.77000e+02  1.26493e-02 
 2.77500e+02  1.21812e-02 
 2.78000e+02  1.17336e-02 
 2.78500e+02  1.13503e-02 
 2.79000e+02  1.10109e-02 
 2.79500e+02  1.06539e-02 
 2.80000e+02  1.02941e-02 
 2.80500e+02  9.98068e-03 
 2.81000e+02  9.65836e-03 
 2.81500e+02  9.36786e-03 
 2.82000e+02  9.04932e-03 
 2.82500e+02  8.77309e-03 
 2.83000e+02  8.49200e-03 
 2.83500e+02  8.24360e-03 
 2.84000e+02  8.00681e-03 
 2.84500e+02  7.74351e-03 
 2.85000e+02  7.51574e-03 
 2.85500e+02  7.29080e-03 
 2.86000e+02  7.05200e-03 
 2.86500e+02  6.83347e-03 
 2.87000e+02  6.63062e-03 
 2.87500e+02  6.41828e-03 
 2.88000e+02  6.24400e-03 
 2.88500e+02  6.06017e-03 
 2.89000e+02  5.89793e-03 
 2.89500e+02  5.68516e-03 
 2.90000e+02  5.52866e-03 
 2.90500e+02  5.35830e-03 
 2.91000e+02  5.19692e-03 
 2.91500e+02  5.07298e-03 
 2.92000e+02  4.92307e-03 
 2.92500e+02  4.78964e-03 
 2.93000e+02  4.66658e-03 
 2.93500e+02  4.52670e-03 
 2.94000e+02  4.38922e-03 
 2.94500e+02  4.26547e-03 
 2.95000e+02  4.17173e-03 
 2.95500e+02  4.05346e-03 
 2.96000e+02  3.93222e-03 
 2.96500e+02  3.80710e-03 
 2.97000e+02  3.71637e-03 
 2.97500e+02  3.60842e-03 
 2.98000e+02  3.51439e-03 
 2.98500e+02  3.40882e-03 
 2.99000e+02  3.29946e-03 
 2.99500e+02  3.21795e-03 
 3.00000e+02  3.13736e-03 
 3.00500e+02  3.06162e-03 
 3.01000e+02  2.97578e-03 
 3.01500e+02  2.86009e-03 
 3.02000e+02  2.77765e-03 
 3.02500e+02  2.70730e-03 
 3.03000e+02  2.62817e-03 
 3.03500e+02  2.56330e-03 
 3.04000e+02  2.47000e-03 
 3.04500e+02  2.40570e-03 
 3.05000e+02  2.33752e-03 
 3.05500e+02  2.26170e-03 
 3.06000e+02  2.19370e-03 
 3.06500e+02  2.13671e-03 
 3.07000e+02  2.06623e-03 
 3.07500e+02  1.99498e-03 
 3.08000e+02  1.92377e-03 
 3.08500e+02  1.86655e-03 
 3.09000e+02  1.80212e-03 
 3.09500e+02  1.73552e-03 
 3.10000e+02  1.67646e-03 
 3.10500e+02  1.61174e-03 
 3.11000e+02  1.55855e-03 
 3.11500e+02  1.49629e-03 
 3.12000e+02  1.44286e-03 
 3.12500e+02  1.39362e-03 
 3.13000e+02  1.32685e-03 
 3.13500e+02  1.26841e-03 
 3.14000e+02  1.22326e-03 
 3.14500e+02  1.15845e-03 
 3.15000e+02  1.11239e-03 
 3.15500e+02  1.04749e-03 
 3.16000e+02  9.96192e-04 
 3.16500e+02  9.46080e-04 
 3.17000e+02  9.06400e-04 
 3.17500e+02  8.55744e-04 
 3.18000e+02  7.96984e-04 
 3.18500e+02  7.54200e-04 
 3.19000e+02  7.05032e-04 
 3.19500e+02  6.75480e-04 
