 0.00000e+00  2.24576e-04 
 5.00000e-01  2.22480e-04 
 1.00000e+00  2.46960e-04 
 1.50000e+00  2.68352e-04 
 2.00000e+00  2.99840e-04 
 2.50000e+00  3.28448e-04 
 3.00000e+00  3.51608e-04 
 3.50000e+00  3.87456e-04 
 4.00000e+00  4.25648e-04 
 4.50000e+00  4.62960e-04 
 5.00000e+00  5.04936e-04 
 5.50000e+00  5.48928e-04 
 6.00000e+00  5.97664e-04 
 6.50000e+00  6.58016e-04 
 7.00000e+00  7.18312e-04 
 7.50000e+00  7.76936e-04 
 8.00000e+00  8.54552e-04 
 8.50000e+00  9.20000e-04 
 9.00000e+00  1.01487e-03 
 9.50000e+00  1.11161e-03 
 1.00000e+01  1.20835e-03 
 1.05000e+01  1.30042e-03 
 1.10000e+01  1.40291e-03 
 1.15000e+01  1.51201e-03 
 1.20000e+01  1.64801e-03 
 1.25000e+01  1.76278e-03 
 1.30000e+01  1.87693e-03 
 1.35000e+01  2.01450e-03 
 1.40000e+01  2.14244e-03 
 1.45000e+01  2.28771e-03 
 1.50000e+01  2.42200e-03 
 1.55000e+01  2.56765e-03 
 1.60000e+01  2.66785e-03 
 1.65000e+01  2.79410e-03 
 1.70000e+01  2.93307e-03 
 1.75000e+01  3.04473e-03 
 1.80000e+01  3.17450e-03 
 1.85000e+01  3.32098e-03 
 1.90000e+01  3.46535e-03 
 1.95000e+01  3.59851e-03 
 2.00000e+01  3.71282e-03 
 2.05000e+01  3.84000e-03 
 2.10000e+01  3.97799e-03 
 2.15000e+01  4.12072e-03 
 2.20000e+01  4.27242e-03 
 2.25000e+01  4.39113e-03 
 2.30000e+01  4.54391e-03 
 2.35000e+01  4.68743e-03 
 2.40000e+01  4.87228e-03 
 2.45000e+01  5.02014e-03 
 2.50000e+01  5.14576e-03 
 2.55000e+01  5.33859e-03 
 2.60000e+01  5.52464e-03 
 2.65000e+01  5.69938e-03 
 2.70000e+01  5.84848e-03 
 2.75000e+01  6.02118e-03 
 2.80000e+01  6.21516e-03 
 2.85000e+01  6.41040e-03 
 2.90000e+01  6.65113e-03 
 2.95000e+01  6.88440e-03 
 3.00000e+01  7.08463e-03 
 3.05000e+01  7.33213e-03 
 3.10000e+01  7.60918e-03 
 3.15000e+01  7.87534e-03 
 3.20000e+01  8.08372e-03 
 3.25000e+01  8.36789e-03 
 3.30000e+01  8.69882e-03 
 3.35000e+01  9.01533e-03 
 3.40000e+01  9.40126e-03 
 3.45000e+01  9.75490e-03 
 3.50000e+01  1.01357e-02 
 3.55000e+01  1.05712e-02 
 3.60000e+01  1.10105e-02 
 3.65000e+01  1.14103e-02 
 3.70000e+01  1.19294e-02 
 3.75000e+01  1.24055e-02 
 3.80000e+01  1.29670e-02 
 3.85000e+01  1.35916e-02 
 3.90000e+01  1.41461e-02 
 3.95000e+01  1.47548e-02 
 4.00000e+01  1.54315e-02 
 4.05000e+01  1.60926e-02 
 4.10000e+01  1.68710e-02 
 4.15000e+01  1.77031e-02 
 4.20000e+01  1.85454e-02 
 4.25000e+01  1.94380e-02 
 4.30000e+01  2.03850e-02 
 4.35000e+01  2.13853e-02 
 4.40000e+01  2.24329e-02 
 4.45000e+01  2.35590e-02 
 4.50000e+01  2.47761e-02 
 4.55000e+01  2.59897e-02 
 4.60000e+01  2.73909e-02 
 4.65000e+01  2.87607e-02 
 4.70000e+01  3.02519e-02 
 4.75000e+01  3.18865e-02 
 4.80000e+01  3.35552e-02 
 4.85000e+01  3.53213e-02 
 4.90000e+01  3.71841e-02 
 4.95000e+01  3.90564e-02 
 5.00000e+01  4.10715e-02 
 5.05000e+01  4.30871e-02 
 5.10000e+01  4.51974e-02 
 5.15000e+01  4.73386e-02 
 5.20000e+01  4.95453e-02 
 5.25000e+01  5.16424e-02 
 5.30000e+01  5.37745e-02 
 5.35000e+01  5.59084e-02 
 5.40000e+01  5.81317e-02 
 5.45000e+01  6.02124e-02 
 5.50000e+01  6.23245e-02 
 5.55000e+01  6.43450e-02 
 5.60000e+01  6.63126e-02 
 5.65000e+01  6.83820e-02 
 5.70000e+01  7.02234e-02 
 5.75000e+01  7.21464e-02 
 5.80000e+01  7.39236e-02 
 5.85000e+01  7.58402e-02 
 5.90000e+01  7.76026e-02 
 5.95000e+01  7.92957e-02 
 6.00000e+01  8.10163e-02 
 6.05000e+01  8.26110e-02 
 6.10000e+01  8.41251e-02 
 6.15000e+01  8.54496e-02 
 6.20000e+01  8.68764e-02 
 6.25000e+01  8.79732e-02 
 6.30000e+01  8.91791e-02 
 6.35000e+01  9.01787e-02 
 6.40000e+01  9.13071e-02 
 6.45000e+01  9.22155e-02 
 6.50000e+01  9.32640e-02 
 6.55000e+01  9.43532e-02 
 6.60000e+01  9.55359e-02 
 6.65000e+01  9.67334e-02 
 6.70000e+01  9.78374e-02 
 6.75000e+01  9.89861e-02 
 6.80000e+01  1.00067e-01 
 6.85000e+01  1.01047e-01 
 6.90000e+01  1.02009e-01 
 6.95000e+01  1.02917e-01 
 7.00000e+01  1.03894e-01 
 7.05000e+01  1.04848e-01 
 7.10000e+01  1.05777e-01 
 7.15000e+01  1.06577e-01 
 7.20000e+01  1.07475e-01 
 7.25000e+01  1.08222e-01 
 7.30000e+01  1.08886e-01 
 7.35000e+01  1.09709e-01 
 7.40000e+01  1.10473e-01 
 7.45000e+01  1.11363e-01 
 7.50000e+01  1.12091e-01 
 7.55000e+01  1.12839e-01 
 7.60000e+01  1.13476e-01 
 7.65000e+01  1.14174e-01 
 7.70000e+01  1.14781e-01 
 7.75000e+01  1.15317e-01 
 7.80000e+01  1.15967e-01 
 7.85000e+01  1.16574e-01 
 7.90000e+01  1.17211e-01 
 7.95000e+01  1.17853e-01 
 8.00000e+01  1.18519e-01 
 8.05000e+01  1.19286e-01 
 8.10000e+01  1.19943e-01 
 8.15000e+01  1.20427e-01 
 8.20000e+01  1.20722e-01 
 8.25000e+01  1.21040e-01 
 8.30000e+01  1.21491e-01 
 8.35000e+01  1.22133e-01 
 8.40000e+01  1.22622e-01 
 8.45000e+01  1.23080e-01 
 8.50000e+01  1.23512e-01 
 8.55000e+01  1.23901e-01 
 8.60000e+01  1.24279e-01 
 8.65000e+01  1.24683e-01 
 8.70000e+01  1.25119e-01 
 8.75000e+01  1.25546e-01 
 8.80000e+01  1.26006e-01 
 8.85000e+01  1.26427e-01 
 8.90000e+01  1.26824e-01 
 8.95000e+01  1.27173e-01 
 9.00000e+01  1.27775e-01 
 9.05000e+01  1.28307e-01 
 9.10000e+01  1.28813e-01 
 9.15000e+01  1.29351e-01 
 9.20000e+01  1.29771e-01 
 9.25000e+01  1.30131e-01 
 9.30000e+01  1.30312e-01 
 9.35000e+01  1.30724e-01 
 9.40000e+01  1.31293e-01 
 9.45000e+01  1.31644e-01 
 9.50000e+01  1.32153e-01 
 9.55000e+01  1.32400e-01 
 9.60000e+01  1.32757e-01 
 9.65000e+01  1.33029e-01 
 9.70000e+01  1.33440e-01 
 9.75000e+01  1.33864e-01 
 9.80000e+01  1.34226e-01 
 9.85000e+01  1.34441e-01 
 9.90000e+01  1.35072e-01 
 9.95000e+01  1.35265e-01 
 1.00000e+02  1.35449e-01 
 1.00500e+02  1.35727e-01 
 1.01000e+02  1.36116e-01 
 1.01500e+02  1.36252e-01 
 1.02000e+02  1.36336e-01 
 1.02500e+02  1.36736e-01 
 1.03000e+02  1.36928e-01 
 1.03500e+02  1.37070e-01 
 1.04000e+02  1.37356e-01 
 1.04500e+02  1.37620e-01 
 1.05000e+02  1.37696e-01 
 1.05500e+02  1.38018e-01 
 1.06000e+02  1.38270e-01 
 1.06500e+02  1.38354e-01 
 1.07000e+02  1.38582e-01 
 1.07500e+02  1.38670e-01 
 1.08000e+02  1.38843e-01 
 1.08500e+02  1.38881e-01 
 1.09000e+02  1.38896e-01 
 1.09500e+02  1.39088e-01 
 1.10000e+02  1.39251e-01 
 1.10500e+02  1.39340e-01 
 1.11000e+02  1.39544e-01 
 1.11500e+02  1.39698e-01 
 1.12000e+02  1.39718e-01 
 1.12500e+02  1.39971e-01 
 1.13000e+02  1.40022e-01 
 1.13500e+02  1.39975e-01 
 1.14000e+02  1.39916e-01 
 1.14500e+02  1.39962e-01 
 1.15000e+02  1.39800e-01 
 1.15500e+02  1.39913e-01 
 1.16000e+02  1.40130e-01 
 1.16500e+02  1.40195e-01 
 1.17000e+02  1.40279e-01 
 1.17500e+02  1.40393e-01 
 1.18000e+02  1.40510e-01 
 1.18500e+02  1.40438e-01 
 1.19000e+02  1.40460e-01 
 1.19500e+02  1.40528e-01 
 1.20000e+02  1.40622e-01 
 1.20500e+02  1.40536e-01 
 1.21000e+02  1.40761e-01 
 1.21500e+02  1.40759e-01 
 1.22000e+02  1.40827e-01 
 1.22500e+02  1.40851e-01 
 1.23000e+02  1.40895e-01 
 1.23500e+02  1.40961e-01 
 1.24000e+02  1.41026e-01 
 1.24500e+02  1.41224e-01 
 1.25000e+02  1.41177e-01 
 1.25500e+02  1.41088e-01 
 1.26000e+02  1.41174e-01 
 1.26500e+02  1.41223e-01 
 1.27000e+02  1.41407e-01 
 1.27500e+02  1.41319e-01 
 1.28000e+02  1.41476e-01 
 1.28500e+02  1.41467e-01 
 1.29000e+02  1.41434e-01 
 1.29500e+02  1.41550e-01 
 1.30000e+02  1.41461e-01 
 1.30500e+02  1.41490e-01 
 1.31000e+02  1.41588e-01 
 1.31500e+02  1.41776e-01 
 1.32000e+02  1.41876e-01 
 1.32500e+02  1.41845e-01 
 1.33000e+02  1.41731e-01 
 1.33500e+02  1.41681e-01 
 1.34000e+02  1.41583e-01 
 1.34500e+02  1.41703e-01 
 1.35000e+02  1.41761e-01 
 1.35500e+02  1.41857e-01 
 1.36000e+02  1.41771e-01 
 1.36500e+02  1.41831e-01 
 1.37000e+02  1.41883e-01 
 1.37500e+02  1.41919e-01 
 1.38000e+02  1.41760e-01 
 1.38500e+02  1.41795e-01 
 1.39000e+02  1.41655e-01 
 1.39500e+02  1.41640e-01 
 1.40000e+02  1.41710e-01 
 1.40500e+02  1.41730e-01 
 1.41000e+02  1.41690e-01 
 1.41500e+02  1.41618e-01 
 1.42000e+02  1.41643e-01 
 1.42500e+02  1.41532e-01 
 1.43000e+02  1.41618e-01 
 1.43500e+02  1.41654e-01 
 1.44000e+02  1.41730e-01 
 1.44500e+02  1.41801e-01 
 1.45000e+02  1.41925e-01 
 1.45500e+02  1.41868e-01 
 1.46000e+02  1.41891e-01 
 1.46500e+02  1.42044e-01 
 1.47000e+02  1.41867e-01 
 1.47500e+02  1.41812e-01 
 1.48000e+02  1.41881e-01 
 1.48500e+02  1.41890e-01 
 1.49000e+02  1.41817e-01 
 1.49500e+02  1.41735e-01 
 1.50000e+02  1.41688e-01 
 1.50500e+02  1.41752e-01 
 1.51000e+02  1.41735e-01 
 1.51500e+02  1.41593e-01 
 1.52000e+02  1.41568e-01 
 1.52500e+02  1.41638e-01 
 1.53000e+02  1.41632e-01 
 1.53500e+02  1.41638e-01 
 1.54000e+02  1.41575e-01 
 1.54500e+02  1.41575e-01 
 1.55000e+02  1.41677e-01 
 1.55500e+02  1.41678e-01 
 1.56000e+02  1.41587e-01 
 1.56500e+02  1.41500e-01 
 1.57000e+02  1.41493e-01 
 1.57500e+02  1.41453e-01 
 1.58000e+02  1.41582e-01 
 1.58500e+02  1.41659e-01 
 1.59000e+02  1.41600e-01 
 1.59500e+02  1.41532e-01 
 1.60000e+02  1.41372e-01 
 1.60500e+02  1.41416e-01 
 1.61000e+02  1.41278e-01 
 1.61500e+02  1.41358e-01 
 1.62000e+02  1.41421e-01 
 1.62500e+02  1.41434e-01 
 1.63000e+02  1.41527e-01 
 1.63500e+02  1.41583e-01 
 1.64000e+02  1.41620e-01 
 1.64500e+02  1.41710e-01 
 1.65000e+02  1.41522e-01 
 1.65500e+02  1.41646e-01 
 1.66000e+02  1.41551e-01 
 1.66500e+02  1.41656e-01 
 1.67000e+02  1.41405e-01 
 1.67500e+02  1.41384e-01 
 1.68000e+02  1.41328e-01 
 1.68500e+02  1.41514e-01 
 1.69000e+02  1.41594e-01 
 1.69500e+02  1.41358e-01 
 1.70000e+02  1.41442e-01 
 1.70500e+02  1.41379e-01 
 1.71000e+02  1.41484e-01 
 1.71500e+02  1.41426e-01 
 1.72000e+02  1.41452e-01 
 1.72500e+02  1.41512e-01 
 1.73000e+02  1.41413e-01 
 1.73500e+02  1.41207e-01 
 1.74000e+02  1.41130e-01 
 1.74500e+02  1.41140e-01 
 1.75000e+02  1.41187e-01 
 1.75500e+02  1.41181e-01 
 1.76000e+02  1.41089e-01 
 1.76500e+02  1.41202e-01 
 1.77000e+02  1.41140e-01 
 1.77500e+02  1.40983e-01 
 1.78000e+02  1.40884e-01 
 1.78500e+02  1.40829e-01 
 1.79000e+02  1.40813e-01 
 1.79500e+02  1.40884e-01 
 1.80000e+02  1.40804e-01 
 1.80500e+02  1.40549e-01 
 1.81000e+02  1.40625e-01 
 1.81500e+02  1.40715e-01 
 1.82000e+02  1.40782e-01 
 1.82500e+02  1.40832e-01 
 1.83000e+02  1.40968e-01 
 1.83500e+02  1.40797e-01 
 1.84000e+02  1.40834e-01 
 1.84500e+02  1.40904e-01 
 1.85000e+02  1.40755e-01 
 1.85500e+02  1.40703e-01 
 1.86000e+02  1.40650e-01 
 1.86500e+02  1.40513e-01 
 1.87000e+02  1.40300e-01 
 1.87500e+02  1.40294e-01 
 1.88000e+02  1.40342e-01 
 1.88500e+02  1.40053e-01 
 1.89000e+02  1.40055e-01 
 1.89500e+02  1.39908e-01 
 1.90000e+02  1.39927e-01 
 1.90500e+02  1.40061e-01 
 1.91000e+02  1.39893e-01 
 1.91500e+02  1.39706e-01 
 1.92000e+02  1.39633e-01 
 1.92500e+02  1.39572e-01 
 1.93000e+02  1.39734e-01 
 1.93500e+02  1.39645e-01 
 1.94000e+02  1.39663e-01 
 1.94500e+02  1.39674e-01 
 1.95000e+02  1.39590e-01 
 1.95500e+02  1.39386e-01 
 1.96000e+02  1.39168e-01 
 1.96500e+02  1.39097e-01 
 1.97000e+02  1.39014e-01 
 1.97500e+02  1.38981e-01 
 1.98000e+02  1.38766e-01 
 1.98500e+02  1.38953e-01 
 1.99000e+02  1.38950e-01 
 1.99500e+02  1.38716e-01 
 2.00000e+02  1.38505e-01 
 2.00500e+02  1.38396e-01 
 2.01000e+02  1.38419e-01 
 2.01500e+02  1.38437e-01 
 2.02000e+02  1.38286e-01 
 2.02500e+02  1.38115e-01 
 2.03000e+02  1.38087e-01 
 2.03500e+02  1.37854e-01 
 2.04000e+02  1.37747e-01 
 2.04500e+02  1.37770e-01 
 2.05000e+02  1.37835e-01 
 2.05500e+02  1.37671e-01 
 2.06000e+02  1.37465e-01 
 2.06500e+02  1.37263e-01 
 2.07000e+02  1.37115e-01 
 2.07500e+02  1.36870e-01 
 2.08000e+02  1.36747e-01 
 2.08500e+02  1.36727e-01 
 2.09000e+02  1.36588e-01 
 2.09500e+02  1.36354e-01 
 2.10000e+02  1.36107e-01 
 2.10500e+02  1.36014e-01 
 2.11000e+02  1.35918e-01 
 2.11500e+02  1.35528e-01 
 2.12000e+02  1.35266e-01 
 2.12500e+02  1.35017e-01 
 2.13000e+02  1.34700e-01 
 2.13500e+02  1.34528e-01 
 2.14000e+02  1.34212e-01 
 2.14500e+02  1.33875e-01 
 2.15000e+02  1.33619e-01 
 2.15500e+02  1.33325e-01 
 2.16000e+02  1.32863e-01 
 2.16500e+02  1.32602e-01 
 2.17000e+02  1.32375e-01 
 2.17500e+02  1.32081e-01 
 2.18000e+02  1.31704e-01 
 2.18500e+02  1.31312e-01 
 2.19000e+02  1.30968e-01 
 2.19500e+02  1.30721e-01 
 2.20000e+02  1.30417e-01 
 2.20500e+02  1.30039e-01 
 2.21000e+02  1.29548e-01 
 2.21500e+02  1.29161e-01 
 2.22000e+02  1.28734e-01 
 2.22500e+02  1.28169e-01 
 2.23000e+02  1.27712e-01 
 2.23500e+02  1.26970e-01 
 2.24000e+02  1.26481e-01 
 2.24500e+02  1.26214e-01 
 2.25000e+02  1.25784e-01 
 2.25500e+02  1.25356e-01 
 2.26000e+02  1.24853e-01 
 2.26500e+02  1.24490e-01 
 2.27000e+02  1.23894e-01 
 2.27500e+02  1.23412e-01 
 2.28000e+02  1.22804e-01 
 2.28500e+02  1.22184e-01 
 2.29000e+02  1.21804e-01 
 2.29500e+02  1.21205e-01 
 2.30000e+02  1.20799e-01 
 2.30500e+02  1.20390e-01 
 2.31000e+02  1.19943e-01 
 2.31500e+02  1.19386e-01 
 2.32000e+02  1.18776e-01 
 2.32500e+02  1.18159e-01 
 2.33000e+02  1.17892e-01 
 2.33500e+02  1.17194e-01 
 2.34000e+02  1.16563e-01 
 2.34500e+02  1.16033e-01 
 2.35000e+02  1.15232e-01 
 2.35500e+02  1.14360e-01 
 2.36000e+02  1.13586e-01 
 2.36500e+02  1.13005e-01 
 2.37000e+02  1.12209e-01 
 2.37500e+02  1.11621e-01 
 2.38000e+02  1.10943e-01 
 2.38500e+02  1.10426e-01 
 2.39000e+02  1.09733e-01 
 2.39500e+02  1.08935e-01 
 2.40000e+02  1.08301e-01 
 2.40500e+02  1.07552e-01 
 2.41000e+02  1.06768e-01 
 2.41500e+02  1.06089e-01 
 2.42000e+02  1.05312e-01 
 2.42500e+02  1.04562e-01 
 2.43000e+02  1.03713e-01 
 2.43500e+02  1.02973e-01 
 2.44000e+02  1.02275e-01 
 2.44500e+02  1.01121e-01 
 2.45000e+02  1.00068e-01 
 2.45500e+02  9.91872e-02 
 2.46000e+02  9.82575e-02 
 2.46500e+02  9.74907e-02 
 2.47000e+02  9.64065e-02 
 2.47500e+02  9.53739e-02 
 2.48000e+02  9.44737e-02 
 2.48500e+02  9.34767e-02 
 2.49000e+02  9.23170e-02 
 2.49500e+02  9.12752e-02 
 2.50000e+02  9.03206e-02 
 2.50500e+02  8.92730e-02 
 2.51000e+02  8.80871e-02 
 2.51500e+02  8.69410e-02 
 2.52000e+02  8.56695e-02 
 2.52500e+02  8.43081e-02 
 2.53000e+02  8.30820e-02 
 2.53500e+02  8.18917e-02 
 2.54000e+02  8.05392e-02 
 2.54500e+02  7.92756e-02 
 2.55000e+02  7.79598e-02 
 2.55500e+02  7.66462e-02 
 2.56000e+02  7.51867e-02 
 2.56500e+02  7.35412e-02 
 2.57000e+02  7.18259e-02 
 2.57500e+02  7.00601e-02 
 2.58000e+02  6.82198e-02 
 2.58500e+02  6.62856e-02 
 2.59000e+02  6.43693e-02 
 2.59500e+02  6.25020e-02 
 2.60000e+02  6.07182e-02 
 2.60500e+02  5.87211e-02 
 2.61000e+02  5.68077e-02 
 2.61500e+02  5.48190e-02 
 2.62000e+02  5.30365e-02 
 2.62500e+02  5.11799e-02 
 2.63000e+02  4.90677e-02 
 2.63500e+02  4.69750e-02 
 2.64000e+02  4.49403e-02 
 2.64500e+02  4.29885e-02 
 2.65000e+02  4.10366e-02 
 2.65500e+02  3.91033e-02 
 2.66000e+02  3.72065e-02 
 2.66500e+02  3.53557e-02 
 2.67000e+02  3.36139e-02 
 2.67500e+02  3.19343e-02 
 2.68000e+02  3.03537e-02 
 2.68500e+02  2.88363e-02 
 2.69000e+02  2.72704e-02 
 2.69500e+02  2.59076e-02 
 2.70000e+02  2.46471e-02 
 2.70500e+02  2.33669e-02 
 2.71000e+02  2.22146e-02 
 2.71500e+02  2.10702e-02 
 2.72000e+02  2.00023e-02 
 2.72500e+02  1.90218e-02 
 2.73000e+02  1.80351e-02 
 2.73500e+02  1.71922e-02 
 2.74000e+02  1.63830e-02 
 2.74500e+02  1.56771e-02 
 2.75000e+02  1.49558e-02 
 2.75500e+02  1.43058e-02 
 2.76000e+02  1.36992e-02 
 2.76500e+02  1.31489e-02 
 2.77000e+02  1.26100e-02 
 2.77500e+02  1.21809e-02 
 2.78000e+02  1.17382e-02 
 2.78500e+02  1.13322e-02 
 2.79000e+02  1.09498e-02 
 2.79500e+02  1.05918e-02 
 2.80000e+02  1.02621e-02 
 2.80500e+02  9.96919e-03 
 2.81000e+02  9.67766e-03 
 2.81500e+02  9.36060e-03 
 2.82000e+02  9.06134e-03 
 2.82500e+02  8.76693e-03 
 2.83000e+02  8.47718e-03 
 2.83500e+02  8.21842e-03 
 2.84000e+02  7.96133e-03 
 2.84500e+02  7.72273e-03 
 2.85000e+02  7.49182e-03 
 2.85500e+02  7.25454e-03 
 2.86000e+02  7.02841e-03 
 2.86500e+02  6.80676e-03 
 2.87000e+02  6.58822e-03 
 2.87500e+02  6.39462e-03 
 2.88000e+02  6.20602e-03 
 2.88500e+02  6.03888e-03 
 2.89000e+02  5.82955e-03 
 2.89500e+02  5.65910e-03 
 2.90000e+02  5.47148e-03 
 2.90500e+02  5.31329e-03 
 2.91000e+02  5.14871e-03 
 2.91500e+02  5.00454e-03 
 2.92000e+02  4.88542e-03 
 2.92500e+02  4.73618e-03 
 2.93000e+02  4.63526e-03 
 2.93500e+02  4.52099e-03 
 2.94000e+02  4.38775e-03 
 2.94500e+02  4.28560e-03 
 2.95000e+02  4.14914e-03 
 2.95500e+02  3.99872e-03 
 2.96000e+02  3.90624e-03 
 2.96500e+02  3.81501e-03 
 2.97000e+02  3.68671e-03 
 2.97500e+02  3.57296e-03 
 2.98000e+02  3.49174e-03 
 2.98500e+02  3.40349e-03 
 2.99000e+02  3.29969e-03 
 2.99500e+02  3.19702e-03 
 3.00000e+02  3.08303e-03 
 3.00500e+02  3.01357e-03 
 3.01000e+02  2.93206e-03 
 3.01500e+02  2.86215e-03 
 3.02000e+02  2.76134e-03 
 3.02500e+02  2.66790e-03 
 3.03000e+02  2.60563e-03 
 3.03500e+02  2.51932e-03 
 3.04000e+02  2.44692e-03 
 3.04500e+02  2.38650e-03 
 3.05000e+02  2.31903e-03 
 3.05500e+02  2.24926e-03 
 3.06000e+02  2.19744e-03 
 3.06500e+02  2.11390e-03 
 3.07000e+02  2.04770e-03 
 3.07500e+02  1.98029e-03 
 3.08000e+02  1.90628e-03 
 3.08500e+02  1.84926e-03 
 3.09000e+02  1.78106e-03 
 3.09500e+02  1.71520e-03 
 3.10000e+02  1.66494e-03 
 3.10500e+02  1.61004e-03 
 3.11000e+02  1.54795e-03 
 3.11500e+02  1.48731e-03 
 3.12000e+02  1.43430e-03 
 3.12500e+02  1.37779e-03 
 3.13000e+02  1.32699e-03 
 3.13500e+02  1.27323e-03 
 3.14000e+02  1.22571e-03 
 3.14500e+02  1.17450e-03 
 3.15000e+02  1.11038e-03 
 3.15500e+02  1.06138e-03 
 3.16000e+02  1.01319e-03 
 3.16500e+02  9.72632e-04 
 3.17000e+02  9.19200e-04 
 3.17500e+02  8.61248e-04 
 3.18000e+02  8.10784e-04 
 3.18500e+02  7.59960e-04 
 3.19000e+02  7.18272e-04 
 3.19500e+02  6.78720e-04 
