 0.00000e+00 14 
 5.00000e-01 14 
 1.00000e+00 14 
 1.50000e+00 14 
 2.00000e+00 14 
 2.50000e+00 14 
 3.00000e+00 14 
 3.50000e+00 14 
 4.00000e+00 14 
 4.50000e+00 14 
 5.00000e+00 42 
 5.50000e+00 42 
 6.00000e+00 42 
 6.50000e+00 42 
 7.00000e+00 42 
 7.50000e+00 42 
 8.00000e+00 42 
 8.50000e+00 42 
 9.00000e+00 42 
 9.50000e+00 42 
 1.00000e+01 50 
 1.05000e+01 50 
 1.10000e+01 50 
 1.15000e+01 50 
 1.20000e+01 50 
 1.25000e+01 50 
 1.30000e+01 50 
 1.35000e+01 50 
 1.40000e+01 50 
 1.45000e+01 50 
 1.50000e+01 69 
 1.55000e+01 69 
 1.60000e+01 69 
 1.65000e+01 69 
 1.70000e+01 69 
 1.75000e+01 69 
 1.80000e+01 69 
 1.85000e+01 69 
 1.90000e+01 69 
 1.95000e+01 69 
 2.00000e+01 79 
 2.05000e+01 79 
 2.10000e+01 79 
 2.15000e+01 79 
 2.20000e+01 79 
 2.25000e+01 79 
 2.30000e+01 79 
 2.35000e+01 79 
 2.40000e+01 79 
 2.45000e+01 79 
 2.50000e+01 78 
 2.55000e+01 78 
 2.60000e+01 78 
 2.65000e+01 78 
 2.70000e+01 78 
 2.75000e+01 78 
 2.80000e+01 78 
 2.85000e+01 78 
 2.90000e+01 78 
 2.95000e+01 78 
 3.00000e+01 112 
 3.05000e+01 112 
 3.10000e+01 112 
 3.15000e+01 112 
 3.20000e+01 112 
 3.25000e+01 112 
 3.30000e+01 112 
 3.35000e+01 112 
 3.40000e+01 112 
 3.45000e+01 112 
 3.50000e+01 110 
 3.55000e+01 110 
 3.60000e+01 110 
 3.65000e+01 110 
 3.70000e+01 110 
 3.75000e+01 110 
 3.80000e+01 110 
 3.85000e+01 110 
 3.90000e+01 110 
 3.95000e+01 110 
 4.00000e+01 116 
 4.05000e+01 116 
 4.10000e+01 116 
 4.15000e+01 116 
 4.20000e+01 116 
 4.25000e+01 116 
 4.30000e+01 116 
 4.35000e+01 116 
 4.40000e+01 116 
 4.45000e+01 116 
 4.50000e+01 139 
 4.55000e+01 139 
 4.60000e+01 139 
 4.65000e+01 139 
 4.70000e+01 139 
 4.75000e+01 139 
 4.80000e+01 139 
 4.85000e+01 139 
 4.90000e+01 139 
 4.95000e+01 139 
 5.00000e+01 183 
 5.05000e+01 183 
 5.10000e+01 183 
 5.15000e+01 183 
 5.20000e+01 183 
 5.25000e+01 183 
 5.30000e+01 183 
 5.35000e+01 183 
 5.40000e+01 183 
 5.45000e+01 183 
 5.50000e+01 189 
 5.55000e+01 189 
 5.60000e+01 189 
 5.65000e+01 189 
 5.70000e+01 189 
 5.75000e+01 189 
 5.80000e+01 189 
 5.85000e+01 189 
 5.90000e+01 189 
 5.95000e+01 189 
 6.00000e+01 195 
 6.05000e+01 195 
 6.10000e+01 195 
 6.15000e+01 195 
 6.20000e+01 195 
 6.25000e+01 195 
 6.30000e+01 195 
 6.35000e+01 195 
 6.40000e+01 195 
 6.45000e+01 195 
 6.50000e+01 197 
 6.55000e+01 197 
 6.60000e+01 197 
 6.65000e+01 197 
 6.70000e+01 197 
 6.75000e+01 197 
 6.80000e+01 197 
 6.85000e+01 197 
 6.90000e+01 197 
 6.95000e+01 197 
 7.00000e+01 268 
 7.05000e+01 268 
 7.10000e+01 268 
 7.15000e+01 268 
 7.20000e+01 268 
 7.25000e+01 268 
 7.30000e+01 268 
 7.35000e+01 268 
 7.40000e+01 268 
 7.45000e+01 268 
 7.50000e+01 257 
 7.55000e+01 257 
 7.60000e+01 257 
 7.65000e+01 257 
 7.70000e+01 257 
 7.75000e+01 257 
 7.80000e+01 257 
 7.85000e+01 257 
 7.90000e+01 257 
 7.95000e+01 257 
 8.00000e+01 326 
 8.05000e+01 326 
 8.10000e+01 326 
 8.15000e+01 326 
 8.20000e+01 326 
 8.25000e+01 326 
 8.30000e+01 326 
 8.35000e+01 326 
 8.40000e+01 326 
 8.45000e+01 326 
 8.50000e+01 307 
 8.55000e+01 307 
 8.60000e+01 307 
 8.65000e+01 307 
 8.70000e+01 307 
 8.75000e+01 307 
 8.80000e+01 307 
 8.85000e+01 307 
 8.90000e+01 307 
 8.95000e+01 307 
 9.00000e+01 382 
 9.05000e+01 382 
 9.10000e+01 382 
 9.15000e+01 382 
 9.20000e+01 382 
 9.25000e+01 382 
 9.30000e+01 382 
 9.35000e+01 382 
 9.40000e+01 382 
 9.45000e+01 382 
 9.50000e+01 451 
 9.55000e+01 451 
 9.60000e+01 451 
 9.65000e+01 451 
 9.70000e+01 451 
 9.75000e+01 451 
 9.80000e+01 451 
 9.85000e+01 451 
 9.90000e+01 451 
 9.95000e+01 451 
 1.00000e+02 615 
 1.00500e+02 615 
 1.01000e+02 615 
 1.01500e+02 615 
 1.02000e+02 615 
 1.02500e+02 615 
 1.03000e+02 615 
 1.03500e+02 615 
 1.04000e+02 615 
 1.04500e+02 615 
 1.05000e+02 819 
 1.05500e+02 819 
 1.06000e+02 819 
 1.06500e+02 819 
 1.07000e+02 819 
 1.07500e+02 819 
 1.08000e+02 819 
 1.08500e+02 819 
 1.09000e+02 819 
 1.09500e+02 819 
 1.10000e+02 975 
 1.10500e+02 975 
 1.11000e+02 975 
 1.11500e+02 975 
 1.12000e+02 975 
 1.12500e+02 975 
 1.13000e+02 975 
 1.13500e+02 975 
 1.14000e+02 975 
 1.14500e+02 975 
 1.15000e+02 1223 
 1.15500e+02 1223 
 1.16000e+02 1223 
 1.16500e+02 1223 
 1.17000e+02 1223 
 1.17500e+02 1223 
 1.18000e+02 1223 
 1.18500e+02 1223 
 1.19000e+02 1223 
 1.19500e+02 1223 
 1.20000e+02 1319 
 1.20500e+02 1319 
 1.21000e+02 1319 
 1.21500e+02 1319 
 1.22000e+02 1319 
 1.22500e+02 1319 
 1.23000e+02 1319 
 1.23500e+02 1319 
 1.24000e+02 1319 
 1.24500e+02 1319 
 1.25000e+02 1343 
 1.25500e+02 1343 
 1.26000e+02 1343 
 1.26500e+02 1343 
 1.27000e+02 1343 
 1.27500e+02 1343 
 1.28000e+02 1343 
 1.28500e+02 1343 
 1.29000e+02 1343 
 1.29500e+02 1343 
 1.30000e+02 1545 
 1.30500e+02 1545 
 1.31000e+02 1545 
 1.31500e+02 1545 
 1.32000e+02 1545 
 1.32500e+02 1545 
 1.33000e+02 1545 
 1.33500e+02 1545 
 1.34000e+02 1545 
 1.34500e+02 1545 
 1.35000e+02 1612 
 1.35500e+02 1612 
 1.36000e+02 1612 
 1.36500e+02 1612 
 1.37000e+02 1612 
 1.37500e+02 1612 
 1.38000e+02 1612 
 1.38500e+02 1612 
 1.39000e+02 1612 
 1.39500e+02 1612 
 1.40000e+02 1693 
 1.40500e+02 1693 
 1.41000e+02 1693 
 1.41500e+02 1693 
 1.42000e+02 1693 
 1.42500e+02 1693 
 1.43000e+02 1693 
 1.43500e+02 1693 
 1.44000e+02 1693 
 1.44500e+02 1693 
 1.45000e+02 1809 
 1.45500e+02 1809 
 1.46000e+02 1809 
 1.46500e+02 1809 
 1.47000e+02 1809 
 1.47500e+02 1809 
 1.48000e+02 1809 
 1.48500e+02 1809 
 1.49000e+02 1809 
 1.49500e+02 1809 
 1.50000e+02 2036 
 1.50500e+02 2036 
 1.51000e+02 2036 
 1.51500e+02 2036 
 1.52000e+02 2036 
 1.52500e+02 2036 
 1.53000e+02 2036 
 1.53500e+02 2036 
 1.54000e+02 2036 
 1.54500e+02 2036 
 1.55000e+02 1839 
 1.55500e+02 1839 
 1.56000e+02 1839 
 1.56500e+02 1839 
 1.57000e+02 1839 
 1.57500e+02 1839 
 1.58000e+02 1839 
 1.58500e+02 1839 
 1.59000e+02 1839 
 1.59500e+02 1839 
 1.60000e+02 1991 
 1.60500e+02 1991 
 1.61000e+02 1991 
 1.61500e+02 1991 
 1.62000e+02 1991 
 1.62500e+02 1991 
 1.63000e+02 1991 
 1.63500e+02 1991 
 1.64000e+02 1991 
 1.64500e+02 1991 
 1.65000e+02 1894 
 1.65500e+02 1894 
 1.66000e+02 1894 
 1.66500e+02 1894 
 1.67000e+02 1894 
 1.67500e+02 1894 
 1.68000e+02 1894 
 1.68500e+02 1894 
 1.69000e+02 1894 
 1.69500e+02 1894 
 1.70000e+02 1942 
 1.70500e+02 1942 
 1.71000e+02 1942 
 1.71500e+02 1942 
 1.72000e+02 1942 
 1.72500e+02 1942 
 1.73000e+02 1942 
 1.73500e+02 1942 
 1.74000e+02 1942 
 1.74500e+02 1942 
 1.75000e+02 2028 
 1.75500e+02 2028 
 1.76000e+02 2028 
 1.76500e+02 2028 
 1.77000e+02 2028 
 1.77500e+02 2028 
 1.78000e+02 2028 
 1.78500e+02 2028 
 1.79000e+02 2028 
 1.79500e+02 2028 
 1.80000e+02 1890 
 1.80500e+02 1890 
 1.81000e+02 1890 
 1.81500e+02 1890 
 1.82000e+02 1890 
 1.82500e+02 1890 
 1.83000e+02 1890 
 1.83500e+02 1890 
 1.84000e+02 1890 
 1.84500e+02 1890 
 1.85000e+02 1813 
 1.85500e+02 1813 
 1.86000e+02 1813 
 1.86500e+02 1813 
 1.87000e+02 1813 
 1.87500e+02 1813 
 1.88000e+02 1813 
 1.88500e+02 1813 
 1.89000e+02 1813 
 1.89500e+02 1813 
 1.90000e+02 1792 
 1.90500e+02 1792 
 1.91000e+02 1792 
 1.91500e+02 1792 
 1.92000e+02 1792 
 1.92500e+02 1792 
 1.93000e+02 1792 
 1.93500e+02 1792 
 1.94000e+02 1792 
 1.94500e+02 1792 
 1.95000e+02 1670 
 1.95500e+02 1670 
 1.96000e+02 1670 
 1.96500e+02 1670 
 1.97000e+02 1670 
 1.97500e+02 1670 
 1.98000e+02 1670 
 1.98500e+02 1670 
 1.99000e+02 1670 
 1.99500e+02 1670 
 2.00000e+02 1545 
 2.00500e+02 1545 
 2.01000e+02 1545 
 2.01500e+02 1545 
 2.02000e+02 1545 
 2.02500e+02 1545 
 2.03000e+02 1545 
 2.03500e+02 1545 
 2.04000e+02 1545 
 2.04500e+02 1545 
 2.05000e+02 1416 
 2.05500e+02 1416 
 2.06000e+02 1416 
 2.06500e+02 1416 
 2.07000e+02 1416 
 2.07500e+02 1416 
 2.08000e+02 1416 
 2.08500e+02 1416 
 2.09000e+02 1416 
 2.09500e+02 1416 
 2.10000e+02 1335 
 2.10500e+02 1335 
 2.11000e+02 1335 
 2.11500e+02 1335 
 2.12000e+02 1335 
 2.12500e+02 1335 
 2.13000e+02 1335 
 2.13500e+02 1335 
 2.14000e+02 1335 
 2.14500e+02 1335 
 2.15000e+02 1108 
 2.15500e+02 1108 
 2.16000e+02 1108 
 2.16500e+02 1108 
 2.17000e+02 1108 
 2.17500e+02 1108 
 2.18000e+02 1108 
 2.18500e+02 1108 
 2.19000e+02 1108 
 2.19500e+02 1108 
 2.20000e+02 1064 
 2.20500e+02 1064 
 2.21000e+02 1064 
 2.21500e+02 1064 
 2.22000e+02 1064 
 2.22500e+02 1064 
 2.23000e+02 1064 
 2.23500e+02 1064 
 2.24000e+02 1064 
 2.24500e+02 1064 
 2.25000e+02 1050 
 2.25500e+02 1050 
 2.26000e+02 1050 
 2.26500e+02 1050 
 2.27000e+02 1050 
 2.27500e+02 1050 
 2.28000e+02 1050 
 2.28500e+02 1050 
 2.29000e+02 1050 
 2.29500e+02 1050 
 2.30000e+02 902 
 2.30500e+02 902 
 2.31000e+02 902 
 2.31500e+02 902 
 2.32000e+02 902 
 2.32500e+02 902 
 2.33000e+02 902 
 2.33500e+02 902 
 2.34000e+02 902 
 2.34500e+02 902 
 2.35000e+02 923 
 2.35500e+02 923 
 2.36000e+02 923 
 2.36500e+02 923 
 2.37000e+02 923 
 2.37500e+02 923 
 2.38000e+02 923 
 2.38500e+02 923 
 2.39000e+02 923 
 2.39500e+02 923 
 2.40000e+02 916 
 2.40500e+02 916 
 2.41000e+02 916 
 2.41500e+02 916 
 2.42000e+02 916 
 2.42500e+02 916 
 2.43000e+02 916 
 2.43500e+02 916 
 2.44000e+02 916 
 2.44500e+02 916 
 2.45000e+02 837 
 2.45500e+02 837 
 2.46000e+02 837 
 2.46500e+02 837 
 2.47000e+02 837 
 2.47500e+02 837 
 2.48000e+02 837 
 2.48500e+02 837 
 2.49000e+02 837 
 2.49500e+02 837 
 2.50000e+02 863 
 2.50500e+02 863 
 2.51000e+02 863 
 2.51500e+02 863 
 2.52000e+02 863 
 2.52500e+02 863 
 2.53000e+02 863 
 2.53500e+02 863 
 2.54000e+02 863 
 2.54500e+02 863 
 2.55000e+02 882 
 2.55500e+02 882 
 2.56000e+02 882 
 2.56500e+02 882 
 2.57000e+02 882 
 2.57500e+02 882 
 2.58000e+02 882 
 2.58500e+02 882 
 2.59000e+02 882 
 2.59500e+02 882 
 2.60000e+02 868 
 2.60500e+02 868 
 2.61000e+02 868 
 2.61500e+02 868 
 2.62000e+02 868 
 2.62500e+02 868 
 2.63000e+02 868 
 2.63500e+02 868 
 2.64000e+02 868 
 2.64500e+02 868 
 2.65000e+02 944 
 2.65500e+02 944 
 2.66000e+02 944 
 2.66500e+02 944 
 2.67000e+02 944 
 2.67500e+02 944 
 2.68000e+02 944 
 2.68500e+02 944 
 2.69000e+02 944 
 2.69500e+02 944 
 2.70000e+02 818 
 2.70500e+02 818 
 2.71000e+02 818 
 2.71500e+02 818 
 2.72000e+02 818 
 2.72500e+02 818 
 2.73000e+02 818 
 2.73500e+02 818 
 2.74000e+02 818 
 2.74500e+02 818 
 2.75000e+02 897 
 2.75500e+02 897 
 2.76000e+02 897 
 2.76500e+02 897 
 2.77000e+02 897 
 2.77500e+02 897 
 2.78000e+02 897 
 2.78500e+02 897 
 2.79000e+02 897 
 2.79500e+02 897 
 2.80000e+02 855 
 2.80500e+02 855 
 2.81000e+02 855 
 2.81500e+02 855 
 2.82000e+02 855 
 2.82500e+02 855 
 2.83000e+02 855 
 2.83500e+02 855 
 2.84000e+02 855 
 2.84500e+02 855 
 2.85000e+02 836 
 2.85500e+02 836 
 2.86000e+02 836 
 2.86500e+02 836 
 2.87000e+02 836 
 2.87500e+02 836 
 2.88000e+02 836 
 2.88500e+02 836 
 2.89000e+02 836 
 2.89500e+02 836 
 2.90000e+02 858 
 2.90500e+02 858 
 2.91000e+02 858 
 2.91500e+02 858 
 2.92000e+02 858 
 2.92500e+02 858 
 2.93000e+02 858 
 2.93500e+02 858 
 2.94000e+02 858 
 2.94500e+02 858 
 2.95000e+02 866 
 2.95500e+02 866 
 2.96000e+02 866 
 2.96500e+02 866 
 2.97000e+02 866 
 2.97500e+02 866 
 2.98000e+02 866 
 2.98500e+02 866 
 2.99000e+02 866 
 2.99500e+02 866 
 3.00000e+02 838 
 3.00500e+02 838 
 3.01000e+02 838 
 3.01500e+02 838 
 3.02000e+02 838 
 3.02500e+02 838 
 3.03000e+02 838 
 3.03500e+02 838 
 3.04000e+02 838 
 3.04500e+02 838 
 3.05000e+02 822 
 3.05500e+02 822 
 3.06000e+02 822 
 3.06500e+02 822 
 3.07000e+02 822 
 3.07500e+02 822 
 3.08000e+02 822 
 3.08500e+02 822 
 3.09000e+02 822 
 3.09500e+02 822 
 3.10000e+02 749 
 3.10500e+02 749 
 3.11000e+02 749 
 3.11500e+02 749 
 3.12000e+02 749 
 3.12500e+02 749 
 3.13000e+02 749 
 3.13500e+02 749 
 3.14000e+02 749 
 3.14500e+02 749 
 3.15000e+02 291 
 3.15500e+02 291 
 3.16000e+02 291 
 3.16500e+02 291 
 3.17000e+02 291 
 3.17500e+02 291 
 3.18000e+02 291 
 3.18500e+02 291 
 3.19000e+02 291 
 3.19500e+02 291 
