 0.00000e+00  1.04677e-02 
 5.00000e-01  1.04858e-02 
 1.00000e+00  1.05967e-02 
 1.50000e+00  1.06036e-02 
 2.00000e+00  1.06087e-02 
 2.50000e+00  1.07674e-02 
 3.00000e+00  1.08512e-02 
 3.50000e+00  1.08511e-02 
 4.00000e+00  1.09813e-02 
 4.50000e+00  1.10001e-02 
 5.00000e+00  1.11830e-02 
 5.50000e+00  1.13236e-02 
 6.00000e+00  1.14554e-02 
 6.50000e+00  1.15162e-02 
 7.00000e+00  1.16587e-02 
 7.50000e+00  1.17333e-02 
 8.00000e+00  1.18578e-02 
 8.50000e+00  1.20341e-02 
 9.00000e+00  1.21111e-02 
 9.50000e+00  1.21398e-02 
 1.00000e+01  1.22811e-02 
 1.05000e+01  1.24039e-02 
 1.10000e+01  1.26592e-02 
 1.15000e+01  1.26938e-02 
 1.20000e+01  1.28123e-02 
 1.25000e+01  1.29902e-02 
 1.30000e+01  1.32304e-02 
 1.35000e+01  1.33107e-02 
 1.40000e+01  1.33524e-02 
 1.45000e+01  1.35077e-02 
 1.50000e+01  1.35798e-02 
 1.55000e+01  1.36938e-02 
 1.60000e+01  1.39113e-02 
 1.65000e+01  1.39444e-02 
 1.70000e+01  1.41729e-02 
 1.75000e+01  1.44616e-02 
 1.80000e+01  1.46258e-02 
 1.85000e+01  1.47714e-02 
 1.90000e+01  1.50581e-02 
 1.95000e+01  1.51439e-02 
 2.00000e+01  1.53937e-02 
 2.05000e+01  1.56083e-02 
 2.10000e+01  1.57866e-02 
 2.15000e+01  1.59464e-02 
 2.20000e+01  1.60710e-02 
 2.25000e+01  1.63198e-02 
 2.30000e+01  1.66165e-02 
 2.35000e+01  1.67906e-02 
 2.40000e+01  1.71278e-02 
 2.45000e+01  1.72714e-02 
 2.50000e+01  1.75528e-02 
 2.55000e+01  1.78737e-02 
 2.60000e+01  1.79749e-02 
 2.65000e+01  1.81836e-02 
 2.70000e+01  1.84181e-02 
 2.75000e+01  1.88433e-02 
 2.80000e+01  1.92238e-02 
 2.85000e+01  1.94888e-02 
 2.90000e+01  1.99447e-02 
 2.95000e+01  2.00000e-02 
 3.00000e+01  2.03382e-02 
 3.05000e+01  2.06660e-02 
 3.10000e+01  2.12196e-02 
 3.15000e+01  2.16982e-02 
 3.20000e+01  2.20074e-02 
 3.25000e+01  2.24258e-02 
 3.30000e+01  2.30940e-02 
 3.35000e+01  2.33098e-02 
 3.40000e+01  2.37734e-02 
 3.45000e+01  2.43354e-02 
 3.50000e+01  2.48565e-02 
 3.55000e+01  2.54868e-02 
 3.60000e+01  2.60982e-02 
 3.65000e+01  2.67086e-02 
 3.70000e+01  2.70200e-02 
 3.75000e+01  2.77026e-02 
 3.80000e+01  2.83080e-02 
 3.85000e+01  2.91150e-02 
 3.90000e+01  2.99800e-02 
 3.95000e+01  3.03856e-02 
 4.00000e+01  3.10245e-02 
 4.05000e+01  3.15789e-02 
 4.10000e+01  3.24994e-02 
 4.15000e+01  3.35143e-02 
 4.20000e+01  3.41760e-02 
 4.25000e+01  3.51729e-02 
 4.30000e+01  3.60178e-02 
 4.35000e+01  3.66942e-02 
 4.40000e+01  3.80117e-02 
 4.45000e+01  3.92993e-02 
 4.50000e+01  4.01172e-02 
 4.55000e+01  4.12875e-02 
 4.60000e+01  4.26935e-02 
 4.65000e+01  4.39158e-02 
 4.70000e+01  4.48630e-02 
 4.75000e+01  4.62760e-02 
 4.80000e+01  4.74794e-02 
 4.85000e+01  4.94753e-02 
 4.90000e+01  5.10872e-02 
 4.95000e+01  5.27279e-02 
 5.00000e+01  5.45229e-02 
 5.05000e+01  5.53316e-02 
 5.10000e+01  5.72771e-02 
 5.15000e+01  5.93289e-02 
 5.20000e+01  6.08656e-02 
 5.25000e+01  6.22015e-02 
 5.30000e+01  6.39150e-02 
 5.35000e+01  6.63198e-02 
 5.40000e+01  6.80873e-02 
 5.45000e+01  6.96210e-02 
 5.50000e+01  7.08842e-02 
 5.55000e+01  7.34210e-02 
 5.60000e+01  7.55596e-02 
 5.65000e+01  7.73750e-02 
 5.70000e+01  7.82781e-02 
 5.75000e+01  7.98110e-02 
 5.80000e+01  8.13714e-02 
 5.85000e+01  8.16937e-02 
 5.90000e+01  8.23691e-02 
 5.95000e+01  8.49466e-02 
 6.00000e+01  8.76090e-02 
 6.05000e+01  8.86138e-02 
 6.10000e+01  8.90890e-02 
 6.15000e+01  9.14662e-02 
 6.20000e+01  9.20022e-02 
 6.25000e+01  9.39029e-02 
 6.30000e+01  9.68929e-02 
 6.35000e+01  9.89460e-02 
 6.40000e+01  9.88475e-02 
 6.45000e+01  9.91772e-02 
 6.50000e+01  1.00307e-01 
 6.55000e+01  1.00978e-01 
 6.60000e+01  1.03769e-01 
 6.65000e+01  1.05428e-01 
 6.70000e+01  1.06830e-01 
 6.75000e+01  1.07555e-01 
 6.80000e+01  1.09395e-01 
 6.85000e+01  1.12309e-01 
 6.90000e+01  1.12538e-01 
 6.95000e+01  1.12538e-01 
 7.00000e+01  1.14301e-01 
 7.05000e+01  1.16176e-01 
 7.10000e+01  1.15823e-01 
 7.15000e+01  1.17151e-01 
 7.20000e+01  1.18173e-01 
 7.25000e+01  1.17620e-01 
 7.30000e+01  1.19744e-01 
 7.35000e+01  1.21621e-01 
 7.40000e+01  1.22598e-01 
 7.45000e+01  1.22143e-01 
 7.50000e+01  1.22580e-01 
 7.55000e+01  1.24131e-01 
 7.60000e+01  1.25130e-01 
 7.65000e+01  1.28235e-01 
 7.70000e+01  1.26938e-01 
 7.75000e+01  1.27564e-01 
 7.80000e+01  1.26684e-01 
 7.85000e+01  1.26707e-01 
 7.90000e+01  1.31360e-01 
 7.95000e+01  1.31073e-01 
 8.00000e+01  1.29705e-01 
 8.05000e+01  1.35378e-01 
 8.10000e+01  1.33159e-01 
 8.15000e+01  1.35174e-01 
 8.20000e+01  1.34219e-01 
 8.25000e+01  1.35549e-01 
 8.30000e+01  1.36926e-01 
 8.35000e+01  1.36047e-01 
 8.40000e+01  1.38323e-01 
 8.45000e+01  1.38392e-01 
 8.50000e+01  1.40203e-01 
 8.55000e+01  1.39794e-01 
 8.60000e+01  1.40397e-01 
 8.65000e+01  1.42013e-01 
 8.70000e+01  1.41463e-01 
 8.75000e+01  1.42660e-01 
 8.80000e+01  1.43791e-01 
 8.85000e+01  1.42519e-01 
 8.90000e+01  1.45443e-01 
 8.95000e+01  1.48075e-01 
 9.00000e+01  1.50250e-01 
 9.05000e+01  1.45875e-01 
 9.10000e+01  1.49686e-01 
 9.15000e+01  1.49665e-01 
 9.20000e+01  1.48212e-01 
 9.25000e+01  1.49763e-01 
 9.30000e+01  1.58770e-01 
 9.35000e+01  1.56860e-01 
 9.40000e+01  1.55553e-01 
 9.45000e+01  1.56697e-01 
 9.50000e+01  1.58152e-01 
 9.55000e+01  1.61408e-01 
 9.60000e+01  1.64323e-01 
 9.65000e+01  1.63661e-01 
 9.70000e+01  1.61724e-01 
 9.75000e+01  1.66664e-01 
 9.80000e+01  1.69730e-01 
 9.85000e+01  1.67532e-01 
 9.90000e+01  1.70645e-01 
 9.95000e+01  1.73364e-01 
 1.00000e+02  1.74056e-01 
 1.00500e+02  1.81104e-01 
 1.01000e+02  1.84186e-01 
 1.01500e+02  1.86245e-01 
 1.02000e+02  1.89490e-01 
 1.02500e+02  1.94322e-01 
 1.03000e+02  1.96160e-01 
 1.03500e+02  1.99297e-01 
 1.04000e+02  1.97820e-01 
 1.04500e+02  2.03751e-01 
 1.05000e+02  2.09628e-01 
 1.05500e+02  2.13206e-01 
 1.06000e+02  2.12225e-01 
 1.06500e+02  2.12281e-01 
 1.07000e+02  2.20002e-01 
 1.07500e+02  2.29824e-01 
 1.08000e+02  2.30069e-01 
 1.08500e+02  2.30315e-01 
 1.09000e+02  2.35240e-01 
 1.09500e+02  2.39948e-01 
 1.10000e+02  2.51424e-01 
 1.10500e+02  2.50778e-01 
 1.11000e+02  2.53956e-01 
 1.11500e+02  2.48522e-01 
 1.12000e+02  2.53124e-01 
 1.12500e+02  2.53179e-01 
 1.13000e+02  2.53330e-01 
 1.13500e+02  2.61039e-01 
 1.14000e+02  2.64751e-01 
 1.14500e+02  2.71344e-01 
 1.15000e+02  2.74524e-01 
 1.15500e+02  2.73774e-01 
 1.16000e+02  2.79395e-01 
 1.16500e+02  2.79699e-01 
 1.17000e+02  2.84348e-01 
 1.17500e+02  2.84915e-01 
 1.18000e+02  2.86252e-01 
 1.18500e+02  2.97614e-01 
 1.19000e+02  2.94942e-01 
 1.19500e+02  3.08543e-01 
 1.20000e+02  3.06411e-01 
 1.20500e+02  3.08446e-01 
 1.21000e+02  3.03295e-01 
 1.21500e+02  3.15892e-01 
 1.22000e+02  3.19893e-01 
 1.22500e+02  3.19335e-01 
 1.23000e+02  3.23895e-01 
 1.23500e+02  3.21306e-01 
 1.24000e+02  3.34677e-01 
 1.24500e+02  3.22275e-01 
 1.25000e+02  3.28958e-01 
 1.25500e+02  3.29176e-01 
 1.26000e+02  3.32329e-01 
 1.26500e+02  3.35005e-01 
 1.27000e+02  3.31841e-01 
 1.27500e+02  3.37633e-01 
 1.28000e+02  3.35687e-01 
 1.28500e+02  3.32941e-01 
 1.29000e+02  3.41043e-01 
 1.29500e+02  3.44233e-01 
 1.30000e+02  3.36931e-01 
 1.30500e+02  3.39599e-01 
 1.31000e+02  3.41076e-01 
 1.31500e+02  3.45834e-01 
 1.32000e+02  3.49759e-01 
 1.32500e+02  3.45914e-01 
 1.33000e+02  3.53682e-01 
 1.33500e+02  3.57340e-01 
 1.34000e+02  3.63621e-01 
 1.34500e+02  3.58761e-01 
 1.35000e+02  3.58582e-01 
 1.35500e+02  3.62168e-01 
 1.36000e+02  3.59536e-01 
 1.36500e+02  3.63150e-01 
 1.37000e+02  3.71152e-01 
 1.37500e+02  3.65105e-01 
 1.38000e+02  3.68153e-01 
 1.38500e+02  3.71728e-01 
 1.39000e+02  3.66065e-01 
 1.39500e+02  3.77734e-01 
 1.40000e+02  3.91204e-01 
 1.40500e+02  3.78226e-01 
 1.41000e+02  3.82726e-01 
 1.41500e+02  3.81885e-01 
 1.42000e+02  3.88122e-01 
 1.42500e+02  3.89960e-01 
 1.43000e+02  3.93130e-01 
 1.43500e+02  3.91768e-01 
 1.44000e+02  3.88679e-01 
 1.44500e+02  3.87481e-01 
 1.45000e+02  3.90250e-01 
 1.45500e+02  3.81111e-01 
 1.46000e+02  3.83112e-01 
 1.46500e+02  3.84750e-01 
 1.47000e+02  3.80088e-01 
 1.47500e+02  3.86243e-01 
 1.48000e+02  3.92673e-01 
 1.48500e+02  3.97498e-01 
 1.49000e+02  4.03084e-01 
 1.49500e+02  3.95306e-01 
 1.50000e+02  3.92929e-01 
 1.50500e+02  3.88441e-01 
 1.51000e+02  3.93516e-01 
 1.51500e+02  3.91012e-01 
 1.52000e+02  4.01392e-01 
 1.52500e+02  3.91713e-01 
 1.53000e+02  3.96170e-01 
 1.53500e+02  3.92284e-01 
 1.54000e+02  4.00932e-01 
 1.54500e+02  3.98243e-01 
 1.55000e+02  4.05336e-01 
 1.55500e+02  4.05625e-01 
 1.56000e+02  3.97150e-01 
 1.56500e+02  4.08425e-01 
 1.57000e+02  3.95047e-01 
 1.57500e+02  4.05623e-01 
 1.58000e+02  4.00344e-01 
 1.58500e+02  4.01363e-01 
 1.59000e+02  4.06857e-01 
 1.59500e+02  4.02394e-01 
 1.60000e+02  4.04480e-01 
 1.60500e+02  4.00131e-01 
 1.61000e+02  4.01186e-01 
 1.61500e+02  3.95088e-01 
 1.62000e+02  4.02795e-01 
 1.62500e+02  3.98972e-01 
 1.63000e+02  3.95755e-01 
 1.63500e+02  3.88515e-01 
 1.64000e+02  3.87806e-01 
 1.64500e+02  3.93258e-01 
 1.65000e+02  3.87479e-01 
 1.65500e+02  3.86929e-01 
 1.66000e+02  3.88465e-01 
 1.66500e+02  3.87491e-01 
 1.67000e+02  3.82542e-01 
 1.67500e+02  3.94455e-01 
 1.68000e+02  3.92731e-01 
 1.68500e+02  3.91425e-01 
 1.69000e+02  3.95059e-01 
 1.69500e+02  3.98674e-01 
 1.70000e+02  3.93188e-01 
 1.70500e+02  3.96419e-01 
 1.71000e+02  3.98508e-01 
 1.71500e+02  3.95006e-01 
 1.72000e+02  3.91483e-01 
 1.72500e+02  3.89346e-01 
 1.73000e+02  3.97384e-01 
 1.73500e+02  4.03151e-01 
 1.74000e+02  3.95927e-01 
 1.74500e+02  3.90440e-01 
 1.75000e+02  3.94174e-01 
 1.75500e+02  3.94615e-01 
 1.76000e+02  3.95576e-01 
 1.76500e+02  3.87223e-01 
 1.77000e+02  3.91448e-01 
 1.77500e+02  3.85317e-01 
 1.78000e+02  3.94711e-01 
 1.78500e+02  3.81435e-01 
 1.79000e+02  3.91620e-01 
 1.79500e+02  3.77532e-01 
 1.80000e+02  3.81444e-01 
 1.80500e+02  3.81699e-01 
 1.81000e+02  3.81324e-01 
 1.81500e+02  3.82788e-01 
 1.82000e+02  3.72298e-01 
 1.82500e+02  3.70767e-01 
 1.83000e+02  3.66324e-01 
 1.83500e+02  3.69318e-01 
 1.84000e+02  3.66227e-01 
 1.84500e+02  3.57710e-01 
 1.85000e+02  3.60160e-01 
 1.85500e+02  3.56126e-01 
 1.86000e+02  3.53124e-01 
 1.86500e+02  3.51874e-01 
 1.87000e+02  3.53825e-01 
 1.87500e+02  3.50991e-01 
 1.88000e+02  3.52509e-01 
 1.88500e+02  3.51770e-01 
 1.89000e+02  3.41632e-01 
 1.89500e+02  3.49646e-01 
 1.90000e+02  3.53491e-01 
 1.90500e+02  3.50829e-01 
 1.91000e+02  3.50652e-01 
 1.91500e+02  3.46882e-01 
 1.92000e+02  3.37543e-01 
 1.92500e+02  3.28325e-01 
 1.93000e+02  3.30800e-01 
 1.93500e+02  3.34317e-01 
 1.94000e+02  3.31849e-01 
 1.94500e+02  3.32152e-01 
 1.95000e+02  3.28334e-01 
 1.95500e+02  3.25590e-01 
 1.96000e+02  3.16175e-01 
 1.96500e+02  3.12791e-01 
 1.97000e+02  3.04618e-01 
 1.97500e+02  3.01936e-01 
 1.98000e+02  3.00245e-01 
 1.98500e+02  2.99752e-01 
 1.99000e+02  3.00130e-01 
 1.99500e+02  2.97404e-01 
 2.00000e+02  2.88653e-01 
 2.00500e+02  2.87333e-01 
 2.01000e+02  2.85726e-01 
 2.01500e+02  2.80584e-01 
 2.02000e+02  2.72732e-01 
 2.02500e+02  2.70269e-01 
 2.03000e+02  2.63832e-01 
 2.03500e+02  2.55082e-01 
 2.04000e+02  2.52066e-01 
 2.04500e+02  2.50739e-01 
 2.05000e+02  2.49242e-01 
 2.05500e+02  2.46446e-01 
 2.06000e+02  2.44596e-01 
 2.06500e+02  2.37770e-01 
 2.07000e+02  2.33602e-01 
 2.07500e+02  2.33304e-01 
 2.08000e+02  2.35513e-01 
 2.08500e+02  2.28303e-01 
 2.09000e+02  2.19791e-01 
 2.09500e+02  2.20617e-01 
 2.10000e+02  2.14515e-01 
 2.10500e+02  2.12661e-01 
 2.11000e+02  2.16426e-01 
 2.11500e+02  2.10736e-01 
 2.12000e+02  2.08384e-01 
 2.12500e+02  2.05005e-01 
 2.13000e+02  2.01584e-01 
 2.13500e+02  1.95540e-01 
 2.14000e+02  1.89620e-01 
 2.14500e+02  1.88002e-01 
 2.15000e+02  1.86883e-01 
 2.15500e+02  1.81441e-01 
 2.16000e+02  1.77480e-01 
 2.16500e+02  1.75038e-01 
 2.17000e+02  1.75965e-01 
 2.17500e+02  1.72302e-01 
 2.18000e+02  1.76025e-01 
 2.18500e+02  1.75412e-01 
 2.19000e+02  1.76258e-01 
 2.19500e+02  1.71310e-01 
 2.20000e+02  1.67764e-01 
 2.20500e+02  1.68442e-01 
 2.21000e+02  1.64760e-01 
 2.21500e+02  1.66931e-01 
 2.22000e+02  1.66418e-01 
 2.22500e+02  1.67437e-01 
 2.23000e+02  1.69299e-01 
 2.23500e+02  1.64878e-01 
 2.24000e+02  1.61600e-01 
 2.24500e+02  1.63056e-01 
 2.25000e+02  1.61203e-01 
 2.25500e+02  1.62408e-01 
 2.26000e+02  1.60160e-01 
 2.26500e+02  1.54325e-01 
 2.27000e+02  1.51572e-01 
 2.27500e+02  1.52210e-01 
 2.28000e+02  1.53385e-01 
 2.28500e+02  1.54951e-01 
 2.29000e+02  1.52573e-01 
 2.29500e+02  1.49416e-01 
 2.30000e+02  1.49468e-01 
 2.30500e+02  1.50815e-01 
 2.31000e+02  1.48011e-01 
 2.31500e+02  1.51200e-01 
 2.32000e+02  1.48506e-01 
 2.32500e+02  1.47602e-01 
 2.33000e+02  1.44740e-01 
 2.33500e+02  1.42286e-01 
 2.34000e+02  1.41058e-01 
 2.34500e+02  1.38753e-01 
 2.35000e+02  1.40176e-01 
 2.35500e+02  1.38020e-01 
 2.36000e+02  1.38141e-01 
 2.36500e+02  1.35752e-01 
 2.37000e+02  1.35169e-01 
 2.37500e+02  1.30340e-01 
 2.38000e+02  1.34042e-01 
 2.38500e+02  1.34742e-01 
 2.39000e+02  1.30884e-01 
 2.39500e+02  1.31226e-01 
 2.40000e+02  1.28994e-01 
 2.40500e+02  1.27380e-01 
 2.41000e+02  1.26999e-01 
 2.41500e+02  1.26781e-01 
 2.42000e+02  1.26702e-01 
 2.42500e+02  1.25908e-01 
 2.43000e+02  1.21852e-01 
 2.43500e+02  1.21583e-01 
 2.44000e+02  1.20909e-01 
 2.44500e+02  1.19858e-01 
 2.45000e+02  1.19541e-01 
 2.45500e+02  1.17686e-01 
 2.46000e+02  1.18772e-01 
 2.46500e+02  1.16262e-01 
 2.47000e+02  1.15188e-01 
 2.47500e+02  1.14148e-01 
 2.48000e+02  1.12786e-01 
 2.48500e+02  1.13072e-01 
 2.49000e+02  1.10017e-01 
 2.49500e+02  1.09368e-01 
 2.50000e+02  1.06436e-01 
 2.50500e+02  1.03910e-01 
 2.51000e+02  1.02707e-01 
 2.51500e+02  1.02225e-01 
 2.52000e+02  1.00993e-01 
 2.52500e+02  9.90310e-02 
 2.53000e+02  9.98730e-02 
 2.53500e+02  9.86109e-02 
 2.54000e+02  9.53743e-02 
 2.54500e+02  9.34631e-02 
 2.55000e+02  9.29124e-02 
 2.55500e+02  9.15124e-02 
 2.56000e+02  8.98407e-02 
 2.56500e+02  8.70613e-02 
 2.57000e+02  8.52217e-02 
 2.57500e+02  8.33406e-02 
 2.58000e+02  8.30778e-02 
 2.58500e+02  8.04620e-02 
 2.59000e+02  7.83062e-02 
 2.59500e+02  7.74560e-02 
 2.60000e+02  7.60417e-02 
 2.60500e+02  7.39102e-02 
 2.61000e+02  7.18559e-02 
 2.61500e+02  6.91640e-02 
 2.62000e+02  6.77616e-02 
 2.62500e+02  6.64742e-02 
 2.63000e+02  6.51648e-02 
 2.63500e+02  6.29378e-02 
 2.64000e+02  6.15588e-02 
 2.64500e+02  6.01513e-02 
 2.65000e+02  5.81214e-02 
 2.65500e+02  5.61407e-02 
 2.66000e+02  5.48564e-02 
 2.66500e+02  5.27949e-02 
 2.67000e+02  5.16474e-02 
 2.67500e+02  4.98371e-02 
 2.68000e+02  4.86496e-02 
 2.68500e+02  4.75431e-02 
 2.69000e+02  4.64960e-02 
 2.69500e+02  4.48226e-02 
 2.70000e+02  4.41957e-02 
 2.70500e+02  4.27147e-02 
 2.71000e+02  4.15786e-02 
 2.71500e+02  4.08338e-02 
 2.72000e+02  3.95002e-02 
 2.72500e+02  3.87122e-02 
 2.73000e+02  3.78287e-02 
 2.73500e+02  3.66084e-02 
 2.74000e+02  3.62358e-02 
 2.74500e+02  3.48787e-02 
 2.75000e+02  3.38074e-02 
 2.75500e+02  3.33677e-02 
 2.76000e+02  3.28239e-02 
 2.76500e+02  3.18157e-02 
 2.77000e+02  3.10174e-02 
 2.77500e+02  3.04742e-02 
 2.78000e+02  2.96631e-02 
 2.78500e+02  2.91278e-02 
 2.79000e+02  2.88874e-02 
 2.79500e+02  2.80590e-02 
 2.80000e+02  2.77573e-02 
 2.80500e+02  2.70496e-02 
 2.81000e+02  2.65499e-02 
 2.81500e+02  2.60869e-02 
 2.82000e+02  2.57134e-02 
 2.82500e+02  2.53300e-02 
 2.83000e+02  2.47338e-02 
 2.83500e+02  2.43991e-02 
 2.84000e+02  2.39238e-02 
 2.84500e+02  2.33876e-02 
 2.85000e+02  2.30084e-02 
 2.85500e+02  2.25886e-02 
 2.86000e+02  2.22960e-02 
 2.86500e+02  2.20553e-02 
 2.87000e+02  2.16926e-02 
 2.87500e+02  2.12818e-02 
 2.88000e+02  2.09174e-02 
 2.88500e+02  2.05474e-02 
 2.89000e+02  2.02138e-02 
 2.89500e+02  2.00230e-02 
 2.90000e+02  1.95597e-02 
 2.90500e+02  1.93196e-02 
 2.91000e+02  1.89902e-02 
 2.91500e+02  1.86705e-02 
 2.92000e+02  1.85453e-02 
 2.92500e+02  1.83092e-02 
 2.93000e+02  1.80554e-02 
 2.93500e+02  1.77629e-02 
 2.94000e+02  1.74660e-02 
 2.94500e+02  1.72594e-02 
 2.95000e+02  1.72370e-02 
 2.95500e+02  1.71091e-02 
 2.96000e+02  1.67643e-02 
 2.96500e+02  1.65450e-02 
 2.97000e+02  1.62939e-02 
 2.97500e+02  1.60878e-02 
 2.98000e+02  1.60342e-02 
 2.98500e+02  1.58508e-02 
 2.99000e+02  1.56309e-02 
 2.99500e+02  1.54035e-02 
 3.00000e+02  1.52858e-02 
 3.00500e+02  1.51261e-02 
 3.01000e+02  1.49115e-02 
 3.01500e+02  1.48993e-02 
 3.02000e+02  1.46195e-02 
 3.02500e+02  1.45058e-02 
 3.03000e+02  1.43946e-02 
 3.03500e+02  1.42361e-02 
 3.04000e+02  1.40321e-02 
 3.04500e+02  1.40246e-02 
 3.05000e+02  1.38000e-02 
 3.05500e+02  1.38742e-02 
 3.06000e+02  1.36727e-02 
 3.06500e+02  1.36063e-02 
 3.07000e+02  1.34600e-02 
 3.07500e+02  1.32771e-02 
 3.08000e+02  1.31367e-02 
 3.08500e+02  1.30255e-02 
 3.09000e+02  1.28926e-02 
 3.09500e+02  1.28280e-02 
 3.10000e+02  1.26850e-02 
 3.10500e+02  1.26338e-02 
 3.11000e+02  1.26110e-02 
 3.11500e+02  1.25598e-02 
 3.12000e+02  1.24519e-02 
 3.12500e+02  1.23623e-02 
 3.13000e+02  1.22289e-02 
 3.13500e+02  1.21330e-02 
 3.14000e+02  1.20467e-02 
 3.14500e+02  1.19281e-02 
 3.15000e+02  1.18318e-02 
 3.15500e+02  1.19357e-02 
 3.16000e+02  1.17672e-02 
 3.16500e+02  1.16652e-02 
 3.17000e+02  1.14954e-02 
 3.17500e+02  1.14621e-02 
 3.18000e+02  1.14332e-02 
 3.18500e+02  1.12981e-02 
 3.19000e+02  1.11799e-02 
 3.19500e+02  1.12263e-02 
