 0.00000e+00  1.01917e-02 
 5.00000e-01  1.02716e-02 
 1.00000e+00  1.03500e-02 
 1.50000e+00  1.04678e-02 
 2.00000e+00  1.04826e-02 
 2.50000e+00  1.05283e-02 
 3.00000e+00  1.06073e-02 
 3.50000e+00  1.06595e-02 
 4.00000e+00  1.07751e-02 
 4.50000e+00  1.08875e-02 
 5.00000e+00  1.10144e-02 
 5.50000e+00  1.10582e-02 
 6.00000e+00  1.12491e-02 
 6.50000e+00  1.12549e-02 
 7.00000e+00  1.13732e-02 
 7.50000e+00  1.15235e-02 
 8.00000e+00  1.16552e-02 
 8.50000e+00  1.18763e-02 
 9.00000e+00  1.19858e-02 
 9.50000e+00  1.20874e-02 
 1.00000e+01  1.22188e-02 
 1.05000e+01  1.23384e-02 
 1.10000e+01  1.23626e-02 
 1.15000e+01  1.26302e-02 
 1.20000e+01  1.27634e-02 
 1.25000e+01  1.27652e-02 
 1.30000e+01  1.30530e-02 
 1.35000e+01  1.31925e-02 
 1.40000e+01  1.33252e-02 
 1.45000e+01  1.33511e-02 
 1.50000e+01  1.34730e-02 
 1.55000e+01  1.35615e-02 
 1.60000e+01  1.37299e-02 
 1.65000e+01  1.39090e-02 
 1.70000e+01  1.41930e-02 
 1.75000e+01  1.43690e-02 
 1.80000e+01  1.44124e-02 
 1.85000e+01  1.45722e-02 
 1.90000e+01  1.48302e-02 
 1.95000e+01  1.49296e-02 
 2.00000e+01  1.51214e-02 
 2.05000e+01  1.52267e-02 
 2.10000e+01  1.53592e-02 
 2.15000e+01  1.55593e-02 
 2.20000e+01  1.57423e-02 
 2.25000e+01  1.61026e-02 
 2.30000e+01  1.63855e-02 
 2.35000e+01  1.64943e-02 
 2.40000e+01  1.66970e-02 
 2.45000e+01  1.67587e-02 
 2.50000e+01  1.70421e-02 
 2.55000e+01  1.72380e-02 
 2.60000e+01  1.76926e-02 
 2.65000e+01  1.78764e-02 
 2.70000e+01  1.82776e-02 
 2.75000e+01  1.84117e-02 
 2.80000e+01  1.87061e-02 
 2.85000e+01  1.89710e-02 
 2.90000e+01  1.92912e-02 
 2.95000e+01  1.97370e-02 
 3.00000e+01  2.00103e-02 
 3.05000e+01  2.04286e-02 
 3.10000e+01  2.07417e-02 
 3.15000e+01  2.09815e-02 
 3.20000e+01  2.12011e-02 
 3.25000e+01  2.17871e-02 
 3.30000e+01  2.23837e-02 
 3.35000e+01  2.26538e-02 
 3.40000e+01  2.30863e-02 
 3.45000e+01  2.35846e-02 
 3.50000e+01  2.40662e-02 
 3.55000e+01  2.44785e-02 
 3.60000e+01  2.50724e-02 
 3.65000e+01  2.55410e-02 
 3.70000e+01  2.61614e-02 
 3.75000e+01  2.65810e-02 
 3.80000e+01  2.70857e-02 
 3.85000e+01  2.76848e-02 
 3.90000e+01  2.84537e-02 
 3.95000e+01  2.90282e-02 
 4.00000e+01  2.99028e-02 
 4.05000e+01  3.05394e-02 
 4.10000e+01  3.14912e-02 
 4.15000e+01  3.22344e-02 
 4.20000e+01  3.30465e-02 
 4.25000e+01  3.41508e-02 
 4.30000e+01  3.50207e-02 
 4.35000e+01  3.60808e-02 
 4.40000e+01  3.73028e-02 
 4.45000e+01  3.84790e-02 
 4.50000e+01  3.95832e-02 
 4.55000e+01  4.01638e-02 
 4.60000e+01  4.14822e-02 
 4.65000e+01  4.30818e-02 
 4.70000e+01  4.40438e-02 
 4.75000e+01  4.49486e-02 
 4.80000e+01  4.61642e-02 
 4.85000e+01  4.77875e-02 
 4.90000e+01  4.93751e-02 
 4.95000e+01  5.08446e-02 
 5.00000e+01  5.26826e-02 
 5.05000e+01  5.38629e-02 
 5.10000e+01  5.48426e-02 
 5.15000e+01  5.70333e-02 
 5.20000e+01  5.90252e-02 
 5.25000e+01  5.98177e-02 
 5.30000e+01  6.22041e-02 
 5.35000e+01  6.37508e-02 
 5.40000e+01  6.65365e-02 
 5.45000e+01  6.85643e-02 
 5.50000e+01  6.98237e-02 
 5.55000e+01  7.11988e-02 
 5.60000e+01  7.26023e-02 
 5.65000e+01  7.51354e-02 
 5.70000e+01  7.67088e-02 
 5.75000e+01  7.90322e-02 
 5.80000e+01  8.02218e-02 
 5.85000e+01  8.13400e-02 
 5.90000e+01  8.33462e-02 
 5.95000e+01  8.60357e-02 
 6.00000e+01  8.58028e-02 
 6.05000e+01  8.78306e-02 
 6.10000e+01  8.90894e-02 
 6.15000e+01  9.17636e-02 
 6.20000e+01  9.18980e-02 
 6.25000e+01  9.30078e-02 
 6.30000e+01  9.40058e-02 
 6.35000e+01  9.42921e-02 
 6.40000e+01  9.60110e-02 
 6.45000e+01  9.71871e-02 
 6.50000e+01  9.71182e-02 
 6.55000e+01  9.96494e-02 
 6.60000e+01  1.02451e-01 
 6.65000e+01  1.03288e-01 
 6.70000e+01  1.04172e-01 
 6.75000e+01  1.03705e-01 
 6.80000e+01  1.05007e-01 
 6.85000e+01  1.05753e-01 
 6.90000e+01  1.08363e-01 
 6.95000e+01  1.10046e-01 
 7.00000e+01  1.12447e-01 
 7.05000e+01  1.13436e-01 
 7.10000e+01  1.16196e-01 
 7.15000e+01  1.13280e-01 
 7.20000e+01  1.15032e-01 
 7.25000e+01  1.18274e-01 
 7.30000e+01  1.16502e-01 
 7.35000e+01  1.14781e-01 
 7.40000e+01  1.18470e-01 
 7.45000e+01  1.21000e-01 
 7.50000e+01  1.20561e-01 
 7.55000e+01  1.21551e-01 
 7.60000e+01  1.21799e-01 
 7.65000e+01  1.23127e-01 
 7.70000e+01  1.20997e-01 
 7.75000e+01  1.23392e-01 
 7.80000e+01  1.25113e-01 
 7.85000e+01  1.26278e-01 
 7.90000e+01  1.27405e-01 
 7.95000e+01  1.29924e-01 
 8.00000e+01  1.28160e-01 
 8.05000e+01  1.30678e-01 
 8.10000e+01  1.33318e-01 
 8.15000e+01  1.31713e-01 
 8.20000e+01  1.33966e-01 
 8.25000e+01  1.31682e-01 
 8.30000e+01  1.34637e-01 
 8.35000e+01  1.32939e-01 
 8.40000e+01  1.35249e-01 
 8.45000e+01  1.37519e-01 
 8.50000e+01  1.35968e-01 
 8.55000e+01  1.38297e-01 
 8.60000e+01  1.35961e-01 
 8.65000e+01  1.38735e-01 
 8.70000e+01  1.40259e-01 
 8.75000e+01  1.40493e-01 
 8.80000e+01  1.39659e-01 
 8.85000e+01  1.41986e-01 
 8.90000e+01  1.46324e-01 
 8.95000e+01  1.42269e-01 
 9.00000e+01  1.45333e-01 
 9.05000e+01  1.47796e-01 
 9.10000e+01  1.45489e-01 
 9.15000e+01  1.46962e-01 
 9.20000e+01  1.47618e-01 
 9.25000e+01  1.45604e-01 
 9.30000e+01  1.49195e-01 
 9.35000e+01  1.51410e-01 
 9.40000e+01  1.53982e-01 
 9.45000e+01  1.55488e-01 
 9.50000e+01  1.53029e-01 
 9.55000e+01  1.55128e-01 
 9.60000e+01  1.56992e-01 
 9.65000e+01  1.57180e-01 
 9.70000e+01  1.58135e-01 
 9.75000e+01  1.62747e-01 
 9.80000e+01  1.65911e-01 
 9.85000e+01  1.68535e-01 
 9.90000e+01  1.69258e-01 
 9.95000e+01  1.74256e-01 
 1.00000e+02  1.73516e-01 
 1.00500e+02  1.75376e-01 
 1.01000e+02  1.83569e-01 
 1.01500e+02  1.86899e-01 
 1.02000e+02  1.87148e-01 
 1.02500e+02  1.90260e-01 
 1.03000e+02  1.92996e-01 
 1.03500e+02  1.95151e-01 
 1.04000e+02  2.01432e-01 
 1.04500e+02  2.01962e-01 
 1.05000e+02  2.02455e-01 
 1.05500e+02  2.10149e-01 
 1.06000e+02  2.13900e-01 
 1.06500e+02  2.15078e-01 
 1.07000e+02  2.24522e-01 
 1.07500e+02  2.28031e-01 
 1.08000e+02  2.37416e-01 
 1.08500e+02  2.37436e-01 
 1.09000e+02  2.36401e-01 
 1.09500e+02  2.42840e-01 
 1.10000e+02  2.48230e-01 
 1.10500e+02  2.51366e-01 
 1.11000e+02  2.50546e-01 
 1.11500e+02  2.53614e-01 
 1.12000e+02  2.58729e-01 
 1.12500e+02  2.56087e-01 
 1.13000e+02  2.56592e-01 
 1.13500e+02  2.57989e-01 
 1.14000e+02  2.65603e-01 
 1.14500e+02  2.67544e-01 
 1.15000e+02  2.75127e-01 
 1.15500e+02  2.72932e-01 
 1.16000e+02  2.73333e-01 
 1.16500e+02  2.79508e-01 
 1.17000e+02  2.78405e-01 
 1.17500e+02  2.89814e-01 
 1.18000e+02  2.92354e-01 
 1.18500e+02  2.93804e-01 
 1.19000e+02  2.95208e-01 
 1.19500e+02  2.98870e-01 
 1.20000e+02  2.96513e-01 
 1.20500e+02  2.96692e-01 
 1.21000e+02  2.95516e-01 
 1.21500e+02  2.93592e-01 
 1.22000e+02  3.03199e-01 
 1.22500e+02  2.97946e-01 
 1.23000e+02  3.07234e-01 
 1.23500e+02  3.03029e-01 
 1.24000e+02  3.12253e-01 
 1.24500e+02  3.17119e-01 
 1.25000e+02  3.14772e-01 
 1.25500e+02  3.23270e-01 
 1.26000e+02  3.25540e-01 
 1.26500e+02  3.28020e-01 
 1.27000e+02  3.25637e-01 
 1.27500e+02  3.29905e-01 
 1.28000e+02  3.27126e-01 
 1.28500e+02  3.31043e-01 
 1.29000e+02  3.39071e-01 
 1.29500e+02  3.42673e-01 
 1.30000e+02  3.43385e-01 
 1.30500e+02  3.42866e-01 
 1.31000e+02  3.50194e-01 
 1.31500e+02  3.48304e-01 
 1.32000e+02  3.60813e-01 
 1.32500e+02  3.59497e-01 
 1.33000e+02  3.60001e-01 
 1.33500e+02  3.57283e-01 
 1.34000e+02  3.55635e-01 
 1.34500e+02  3.57063e-01 
 1.35000e+02  3.58661e-01 
 1.35500e+02  3.58990e-01 
 1.36000e+02  3.65467e-01 
 1.36500e+02  3.61442e-01 
 1.37000e+02  3.67773e-01 
 1.37500e+02  3.74060e-01 
 1.38000e+02  3.76334e-01 
 1.38500e+02  3.77426e-01 
 1.39000e+02  3.81797e-01 
 1.39500e+02  3.74504e-01 
 1.40000e+02  3.77307e-01 
 1.40500e+02  3.75896e-01 
 1.41000e+02  3.76939e-01 
 1.41500e+02  3.81814e-01 
 1.42000e+02  3.83661e-01 
 1.42500e+02  3.80007e-01 
 1.43000e+02  3.86910e-01 
 1.43500e+02  3.85035e-01 
 1.44000e+02  3.79943e-01 
 1.44500e+02  3.83080e-01 
 1.45000e+02  3.84144e-01 
 1.45500e+02  3.85830e-01 
 1.46000e+02  3.90191e-01 
 1.46500e+02  3.88543e-01 
 1.47000e+02  3.75402e-01 
 1.47500e+02  3.82772e-01 
 1.48000e+02  3.79205e-01 
 1.48500e+02  3.83532e-01 
 1.49000e+02  3.78542e-01 
 1.49500e+02  3.82875e-01 
 1.50000e+02  3.88887e-01 
 1.50500e+02  3.86917e-01 
 1.51000e+02  3.88304e-01 
 1.51500e+02  3.89551e-01 
 1.52000e+02  3.89882e-01 
 1.52500e+02  3.90802e-01 
 1.53000e+02  3.93685e-01 
 1.53500e+02  3.95034e-01 
 1.54000e+02  3.83767e-01 
 1.54500e+02  3.86531e-01 
 1.55000e+02  3.86427e-01 
 1.55500e+02  3.90111e-01 
 1.56000e+02  3.92458e-01 
 1.56500e+02  3.83868e-01 
 1.57000e+02  3.81909e-01 
 1.57500e+02  3.79814e-01 
 1.58000e+02  3.78620e-01 
 1.58500e+02  3.86984e-01 
 1.59000e+02  3.95949e-01 
 1.59500e+02  3.81538e-01 
 1.60000e+02  3.90356e-01 
 1.60500e+02  3.88177e-01 
 1.61000e+02  3.97445e-01 
 1.61500e+02  4.01734e-01 
 1.62000e+02  4.06400e-01 
 1.62500e+02  4.01724e-01 
 1.63000e+02  3.95895e-01 
 1.63500e+02  3.89743e-01 
 1.64000e+02  3.77458e-01 
 1.64500e+02  3.86251e-01 
 1.65000e+02  3.89641e-01 
 1.65500e+02  3.95589e-01 
 1.66000e+02  3.94032e-01 
 1.66500e+02  3.89002e-01 
 1.67000e+02  3.88777e-01 
 1.67500e+02  3.95028e-01 
 1.68000e+02  3.90732e-01 
 1.68500e+02  3.90250e-01 
 1.69000e+02  3.89440e-01 
 1.69500e+02  3.92566e-01 
 1.70000e+02  3.89028e-01 
 1.70500e+02  3.87237e-01 
 1.71000e+02  3.96808e-01 
 1.71500e+02  3.84110e-01 
 1.72000e+02  3.89099e-01 
 1.72500e+02  3.84554e-01 
 1.73000e+02  3.76219e-01 
 1.73500e+02  3.81277e-01 
 1.74000e+02  3.75076e-01 
 1.74500e+02  3.79831e-01 
 1.75000e+02  3.84199e-01 
 1.75500e+02  3.81863e-01 
 1.76000e+02  3.80190e-01 
 1.76500e+02  3.81173e-01 
 1.77000e+02  3.86458e-01 
 1.77500e+02  3.79925e-01 
 1.78000e+02  3.76496e-01 
 1.78500e+02  3.68530e-01 
 1.79000e+02  3.78612e-01 
 1.79500e+02  3.68158e-01 
 1.80000e+02  3.74838e-01 
 1.80500e+02  3.70506e-01 
 1.81000e+02  3.68340e-01 
 1.81500e+02  3.64954e-01 
 1.82000e+02  3.62984e-01 
 1.82500e+02  3.55618e-01 
 1.83000e+02  3.57139e-01 
 1.83500e+02  3.63657e-01 
 1.84000e+02  3.59653e-01 
 1.84500e+02  3.50175e-01 
 1.85000e+02  3.50405e-01 
 1.85500e+02  3.50933e-01 
 1.86000e+02  3.49341e-01 
 1.86500e+02  3.42782e-01 
 1.87000e+02  3.48318e-01 
 1.87500e+02  3.38920e-01 
 1.88000e+02  3.37108e-01 
 1.88500e+02  3.39117e-01 
 1.89000e+02  3.37322e-01 
 1.89500e+02  3.31826e-01 
 1.90000e+02  3.29123e-01 
 1.90500e+02  3.33251e-01 
 1.91000e+02  3.30676e-01 
 1.91500e+02  3.34887e-01 
 1.92000e+02  3.31826e-01 
 1.92500e+02  3.22754e-01 
 1.93000e+02  3.15192e-01 
 1.93500e+02  3.16955e-01 
 1.94000e+02  3.08494e-01 
 1.94500e+02  3.00219e-01 
 1.95000e+02  3.01693e-01 
 1.95500e+02  2.99129e-01 
 1.96000e+02  3.00296e-01 
 1.96500e+02  2.93113e-01 
 1.97000e+02  2.91420e-01 
 1.97500e+02  2.91366e-01 
 1.98000e+02  2.82022e-01 
 1.98500e+02  2.78010e-01 
 1.99000e+02  2.75675e-01 
 1.99500e+02  2.78339e-01 
 2.00000e+02  2.86071e-01 
 2.00500e+02  2.81898e-01 
 2.01000e+02  2.79264e-01 
 2.01500e+02  2.75828e-01 
 2.02000e+02  2.67896e-01 
 2.02500e+02  2.68881e-01 
 2.03000e+02  2.63845e-01 
 2.03500e+02  2.60033e-01 
 2.04000e+02  2.62215e-01 
 2.04500e+02  2.58616e-01 
 2.05000e+02  2.55806e-01 
 2.05500e+02  2.54724e-01 
 2.06000e+02  2.52030e-01 
 2.06500e+02  2.52163e-01 
 2.07000e+02  2.44906e-01 
 2.07500e+02  2.36836e-01 
 2.08000e+02  2.35450e-01 
 2.08500e+02  2.35767e-01 
 2.09000e+02  2.33885e-01 
 2.09500e+02  2.31078e-01 
 2.10000e+02  2.24342e-01 
 2.10500e+02  2.19489e-01 
 2.11000e+02  2.16400e-01 
 2.11500e+02  2.15855e-01 
 2.12000e+02  2.09242e-01 
 2.12500e+02  2.06312e-01 
 2.13000e+02  2.00860e-01 
 2.13500e+02  1.98029e-01 
 2.14000e+02  1.95190e-01 
 2.14500e+02  1.89359e-01 
 2.15000e+02  1.86352e-01 
 2.15500e+02  1.85196e-01 
 2.16000e+02  1.78024e-01 
 2.16500e+02  1.77802e-01 
 2.17000e+02  1.78658e-01 
 2.17500e+02  1.74534e-01 
 2.18000e+02  1.73477e-01 
 2.18500e+02  1.73062e-01 
 2.19000e+02  1.72569e-01 
 2.19500e+02  1.72063e-01 
 2.20000e+02  1.71322e-01 
 2.20500e+02  1.69991e-01 
 2.21000e+02  1.66153e-01 
 2.21500e+02  1.63697e-01 
 2.22000e+02  1.65066e-01 
 2.22500e+02  1.64928e-01 
 2.23000e+02  1.63975e-01 
 2.23500e+02  1.63846e-01 
 2.24000e+02  1.62344e-01 
 2.24500e+02  1.60419e-01 
 2.25000e+02  1.60696e-01 
 2.25500e+02  1.59262e-01 
 2.26000e+02  1.61895e-01 
 2.26500e+02  1.57487e-01 
 2.27000e+02  1.54613e-01 
 2.27500e+02  1.55035e-01 
 2.28000e+02  1.54526e-01 
 2.28500e+02  1.50584e-01 
 2.29000e+02  1.47895e-01 
 2.29500e+02  1.48249e-01 
 2.30000e+02  1.46740e-01 
 2.30500e+02  1.46137e-01 
 2.31000e+02  1.46384e-01 
 2.31500e+02  1.46855e-01 
 2.32000e+02  1.45530e-01 
 2.32500e+02  1.44461e-01 
 2.33000e+02  1.42313e-01 
 2.33500e+02  1.41940e-01 
 2.34000e+02  1.40628e-01 
 2.34500e+02  1.40789e-01 
 2.35000e+02  1.39215e-01 
 2.35500e+02  1.36175e-01 
 2.36000e+02  1.35928e-01 
 2.36500e+02  1.36803e-01 
 2.37000e+02  1.36408e-01 
 2.37500e+02  1.34422e-01 
 2.38000e+02  1.33443e-01 
 2.38500e+02  1.33600e-01 
 2.39000e+02  1.33096e-01 
 2.39500e+02  1.32185e-01 
 2.40000e+02  1.29622e-01 
 2.40500e+02  1.28970e-01 
 2.41000e+02  1.28399e-01 
 2.41500e+02  1.26340e-01 
 2.42000e+02  1.25012e-01 
 2.42500e+02  1.24485e-01 
 2.43000e+02  1.23637e-01 
 2.43500e+02  1.23388e-01 
 2.44000e+02  1.20130e-01 
 2.44500e+02  1.20858e-01 
 2.45000e+02  1.18560e-01 
 2.45500e+02  1.18065e-01 
 2.46000e+02  1.17058e-01 
 2.46500e+02  1.16653e-01 
 2.47000e+02  1.13667e-01 
 2.47500e+02  1.11551e-01 
 2.48000e+02  1.11557e-01 
 2.48500e+02  1.10173e-01 
 2.49000e+02  1.11391e-01 
 2.49500e+02  1.09546e-01 
 2.50000e+02  1.06531e-01 
 2.50500e+02  1.04898e-01 
 2.51000e+02  1.03372e-01 
 2.51500e+02  1.01941e-01 
 2.52000e+02  1.00042e-01 
 2.52500e+02  9.93144e-02 
 2.53000e+02  9.94032e-02 
 2.53500e+02  9.82645e-02 
 2.54000e+02  9.58564e-02 
 2.54500e+02  9.35122e-02 
 2.55000e+02  9.27285e-02 
 2.55500e+02  9.15217e-02 
 2.56000e+02  9.02513e-02 
 2.56500e+02  8.92786e-02 
 2.57000e+02  8.70361e-02 
 2.57500e+02  8.47064e-02 
 2.58000e+02  8.31132e-02 
 2.58500e+02  8.10912e-02 
 2.59000e+02  7.86556e-02 
 2.59500e+02  7.79541e-02 
 2.60000e+02  7.60164e-02 
 2.60500e+02  7.33764e-02 
 2.61000e+02  7.11682e-02 
 2.61500e+02  7.00227e-02 
 2.62000e+02  6.89450e-02 
 2.62500e+02  6.66700e-02 
 2.63000e+02  6.49338e-02 
 2.63500e+02  6.30408e-02 
 2.64000e+02  6.13449e-02 
 2.64500e+02  5.94270e-02 
 2.65000e+02  5.76891e-02 
 2.65500e+02  5.66593e-02 
 2.66000e+02  5.55195e-02 
 2.66500e+02  5.34451e-02 
 2.67000e+02  5.21961e-02 
 2.67500e+02  5.08595e-02 
 2.68000e+02  4.90646e-02 
 2.68500e+02  4.77404e-02 
 2.69000e+02  4.69228e-02 
 2.69500e+02  4.56146e-02 
 2.70000e+02  4.43063e-02 
 2.70500e+02  4.29891e-02 
 2.71000e+02  4.21365e-02 
 2.71500e+02  4.05197e-02 
 2.72000e+02  3.94175e-02 
 2.72500e+02  3.88754e-02 
 2.73000e+02  3.75799e-02 
 2.73500e+02  3.66662e-02 
 2.74000e+02  3.59052e-02 
 2.74500e+02  3.47676e-02 
 2.75000e+02  3.37506e-02 
 2.75500e+02  3.33921e-02 
 2.76000e+02  3.25260e-02 
 2.76500e+02  3.19164e-02 
 2.77000e+02  3.12272e-02 
 2.77500e+02  3.06907e-02 
 2.78000e+02  3.00709e-02 
 2.78500e+02  2.93194e-02 
 2.79000e+02  2.86665e-02 
 2.79500e+02  2.81789e-02 
 2.80000e+02  2.75559e-02 
 2.80500e+02  2.68938e-02 
 2.81000e+02  2.62182e-02 
 2.81500e+02  2.58094e-02 
 2.82000e+02  2.55714e-02 
 2.82500e+02  2.54314e-02 
 2.83000e+02  2.47998e-02 
 2.83500e+02  2.46862e-02 
 2.84000e+02  2.41255e-02 
 2.84500e+02  2.36072e-02 
 2.85000e+02  2.31219e-02 
 2.85500e+02  2.27934e-02 
 2.86000e+02  2.23442e-02 
 2.86500e+02  2.20955e-02 
 2.87000e+02  2.16991e-02 
 2.87500e+02  2.12688e-02 
 2.88000e+02  2.09896e-02 
 2.88500e+02  2.06483e-02 
 2.89000e+02  2.02859e-02 
 2.89500e+02  1.98750e-02 
 2.90000e+02  1.97805e-02 
 2.90500e+02  1.94790e-02 
 2.91000e+02  1.90905e-02 
 2.91500e+02  1.89259e-02 
 2.92000e+02  1.86259e-02 
 2.92500e+02  1.83704e-02 
 2.93000e+02  1.81526e-02 
 2.93500e+02  1.78255e-02 
 2.94000e+02  1.76153e-02 
 2.94500e+02  1.74079e-02 
 2.95000e+02  1.71617e-02 
 2.95500e+02  1.69838e-02 
 2.96000e+02  1.67194e-02 
 2.96500e+02  1.66477e-02 
 2.97000e+02  1.64959e-02 
 2.97500e+02  1.64226e-02 
 2.98000e+02  1.61529e-02 
 2.98500e+02  1.59588e-02 
 2.99000e+02  1.57538e-02 
 2.99500e+02  1.55810e-02 
 3.00000e+02  1.54011e-02 
 3.00500e+02  1.51469e-02 
 3.01000e+02  1.52049e-02 
 3.01500e+02  1.50186e-02 
 3.02000e+02  1.47631e-02 
 3.02500e+02  1.48525e-02 
 3.03000e+02  1.46976e-02 
 3.03500e+02  1.43793e-02 
 3.04000e+02  1.41614e-02 
 3.04500e+02  1.40462e-02 
 3.05000e+02  1.39718e-02 
 3.05500e+02  1.39118e-02 
 3.06000e+02  1.38250e-02 
 3.06500e+02  1.36909e-02 
 3.07000e+02  1.35523e-02 
 3.07500e+02  1.34320e-02 
 3.08000e+02  1.33723e-02 
 3.08500e+02  1.32612e-02 
 3.09000e+02  1.31138e-02 
 3.09500e+02  1.30321e-02 
 3.10000e+02  1.29317e-02 
 3.10500e+02  1.27637e-02 
 3.11000e+02  1.25949e-02 
 3.11500e+02  1.25422e-02 
 3.12000e+02  1.23634e-02 
 3.12500e+02  1.22523e-02 
 3.13000e+02  1.22360e-02 
 3.13500e+02  1.21615e-02 
 3.14000e+02  1.20360e-02 
 3.14500e+02  1.19892e-02 
 3.15000e+02  1.19398e-02 
 3.15500e+02  1.18318e-02 
 3.16000e+02  1.18144e-02 
 3.16500e+02  1.17689e-02 
 3.17000e+02  1.15804e-02 
 3.17500e+02  1.14952e-02 
 3.18000e+02  1.13825e-02 
 3.18500e+02  1.13495e-02 
 3.19000e+02  1.12882e-02 
 3.19500e+02  1.12919e-02 
