 0.00000e+00  1.03390e-02 
 5.00000e-01  1.04391e-02 
 1.00000e+00  1.04509e-02 
 1.50000e+00  1.04486e-02 
 2.00000e+00  1.05618e-02 
 2.50000e+00  1.06018e-02 
 3.00000e+00  1.07080e-02 
 3.50000e+00  1.08091e-02 
 4.00000e+00  1.09208e-02 
 4.50000e+00  1.09759e-02 
 5.00000e+00  1.10166e-02 
 5.50000e+00  1.11162e-02 
 6.00000e+00  1.12163e-02 
 6.50000e+00  1.13358e-02 
 7.00000e+00  1.14294e-02 
 7.50000e+00  1.14665e-02 
 8.00000e+00  1.16895e-02 
 8.50000e+00  1.17809e-02 
 9.00000e+00  1.19401e-02 
 9.50000e+00  1.20521e-02 
 1.00000e+01  1.20943e-02 
 1.05000e+01  1.22599e-02 
 1.10000e+01  1.24232e-02 
 1.15000e+01  1.26278e-02 
 1.20000e+01  1.27553e-02 
 1.25000e+01  1.29181e-02 
 1.30000e+01  1.30781e-02 
 1.35000e+01  1.32762e-02 
 1.40000e+01  1.33042e-02 
 1.45000e+01  1.34324e-02 
 1.50000e+01  1.35338e-02 
 1.55000e+01  1.37028e-02 
 1.60000e+01  1.37526e-02 
 1.65000e+01  1.38705e-02 
 1.70000e+01  1.40425e-02 
 1.75000e+01  1.41398e-02 
 1.80000e+01  1.44082e-02 
 1.85000e+01  1.47219e-02 
 1.90000e+01  1.47342e-02 
 1.95000e+01  1.49828e-02 
 2.00000e+01  1.50600e-02 
 2.05000e+01  1.51641e-02 
 2.10000e+01  1.53820e-02 
 2.15000e+01  1.56381e-02 
 2.20000e+01  1.59718e-02 
 2.25000e+01  1.62050e-02 
 2.30000e+01  1.63549e-02 
 2.35000e+01  1.65330e-02 
 2.40000e+01  1.68536e-02 
 2.45000e+01  1.70994e-02 
 2.50000e+01  1.72962e-02 
 2.55000e+01  1.75222e-02 
 2.60000e+01  1.76663e-02 
 2.65000e+01  1.79793e-02 
 2.70000e+01  1.81961e-02 
 2.75000e+01  1.86231e-02 
 2.80000e+01  1.88722e-02 
 2.85000e+01  1.91644e-02 
 2.90000e+01  1.94262e-02 
 2.95000e+01  1.96404e-02 
 3.00000e+01  1.98098e-02 
 3.05000e+01  2.01929e-02 
 3.10000e+01  2.05971e-02 
 3.15000e+01  2.08925e-02 
 3.20000e+01  2.12379e-02 
 3.25000e+01  2.17128e-02 
 3.30000e+01  2.22545e-02 
 3.35000e+01  2.26966e-02 
 3.40000e+01  2.32029e-02 
 3.45000e+01  2.37634e-02 
 3.50000e+01  2.40895e-02 
 3.55000e+01  2.46666e-02 
 3.60000e+01  2.52354e-02 
 3.65000e+01  2.57218e-02 
 3.70000e+01  2.61256e-02 
 3.75000e+01  2.67938e-02 
 3.80000e+01  2.73449e-02 
 3.85000e+01  2.80722e-02 
 3.90000e+01  2.86873e-02 
 3.95000e+01  2.92166e-02 
 4.00000e+01  3.00305e-02 
 4.05000e+01  3.06038e-02 
 4.10000e+01  3.12866e-02 
 4.15000e+01  3.21909e-02 
 4.20000e+01  3.30986e-02 
 4.25000e+01  3.39227e-02 
 4.30000e+01  3.45845e-02 
 4.35000e+01  3.56994e-02 
 4.40000e+01  3.68570e-02 
 4.45000e+01  3.77333e-02 
 4.50000e+01  3.86370e-02 
 4.55000e+01  3.98110e-02 
 4.60000e+01  4.15307e-02 
 4.65000e+01  4.24590e-02 
 4.70000e+01  4.34973e-02 
 4.75000e+01  4.45246e-02 
 4.80000e+01  4.58745e-02 
 4.85000e+01  4.73722e-02 
 4.90000e+01  4.95895e-02 
 4.95000e+01  5.10114e-02 
 5.00000e+01  5.26218e-02 
 5.05000e+01  5.34377e-02 
 5.10000e+01  5.52838e-02 
 5.15000e+01  5.73274e-02 
 5.20000e+01  5.91111e-02 
 5.25000e+01  6.04394e-02 
 5.30000e+01  6.21814e-02 
 5.35000e+01  6.33055e-02 
 5.40000e+01  6.55683e-02 
 5.45000e+01  6.74466e-02 
 5.50000e+01  6.96309e-02 
 5.55000e+01  7.16447e-02 
 5.60000e+01  7.39085e-02 
 5.65000e+01  7.67089e-02 
 5.70000e+01  7.73910e-02 
 5.75000e+01  7.91621e-02 
 5.80000e+01  8.14655e-02 
 5.85000e+01  8.31085e-02 
 5.90000e+01  8.40903e-02 
 5.95000e+01  8.53587e-02 
 6.00000e+01  8.81338e-02 
 6.05000e+01  8.96234e-02 
 6.10000e+01  9.18366e-02 
 6.15000e+01  9.30583e-02 
 6.20000e+01  9.24753e-02 
 6.25000e+01  9.44902e-02 
 6.30000e+01  9.52650e-02 
 6.35000e+01  9.55672e-02 
 6.40000e+01  9.62694e-02 
 6.45000e+01  9.66065e-02 
 6.50000e+01  9.90581e-02 
 6.55000e+01  9.98570e-02 
 6.60000e+01  1.00138e-01 
 6.65000e+01  1.03219e-01 
 6.70000e+01  1.05580e-01 
 6.75000e+01  1.06962e-01 
 6.80000e+01  1.06524e-01 
 6.85000e+01  1.07057e-01 
 6.90000e+01  1.07679e-01 
 6.95000e+01  1.09811e-01 
 7.00000e+01  1.12254e-01 
 7.05000e+01  1.11347e-01 
 7.10000e+01  1.14141e-01 
 7.15000e+01  1.13799e-01 
 7.20000e+01  1.12051e-01 
 7.25000e+01  1.13225e-01 
 7.30000e+01  1.13368e-01 
 7.35000e+01  1.15643e-01 
 7.40000e+01  1.17747e-01 
 7.45000e+01  1.18052e-01 
 7.50000e+01  1.19734e-01 
 7.55000e+01  1.20275e-01 
 7.60000e+01  1.21148e-01 
 7.65000e+01  1.24924e-01 
 7.70000e+01  1.27324e-01 
 7.75000e+01  1.25303e-01 
 7.80000e+01  1.22652e-01 
 7.85000e+01  1.25768e-01 
 7.90000e+01  1.28520e-01 
 7.95000e+01  1.28784e-01 
 8.00000e+01  1.29844e-01 
 8.05000e+01  1.26978e-01 
 8.10000e+01  1.30768e-01 
 8.15000e+01  1.32328e-01 
 8.20000e+01  1.32482e-01 
 8.25000e+01  1.31094e-01 
 8.30000e+01  1.32000e-01 
 8.35000e+01  1.33359e-01 
 8.40000e+01  1.38095e-01 
 8.45000e+01  1.38609e-01 
 8.50000e+01  1.37310e-01 
 8.55000e+01  1.39026e-01 
 8.60000e+01  1.38280e-01 
 8.65000e+01  1.40260e-01 
 8.70000e+01  1.40796e-01 
 8.75000e+01  1.40984e-01 
 8.80000e+01  1.40760e-01 
 8.85000e+01  1.44450e-01 
 8.90000e+01  1.43438e-01 
 8.95000e+01  1.44378e-01 
 9.00000e+01  1.45536e-01 
 9.05000e+01  1.46038e-01 
 9.10000e+01  1.46562e-01 
 9.15000e+01  1.47419e-01 
 9.20000e+01  1.46018e-01 
 9.25000e+01  1.47532e-01 
 9.30000e+01  1.51687e-01 
 9.35000e+01  1.52548e-01 
 9.40000e+01  1.52286e-01 
 9.45000e+01  1.50188e-01 
 9.50000e+01  1.54235e-01 
 9.55000e+01  1.52305e-01 
 9.60000e+01  1.54971e-01 
 9.65000e+01  1.57128e-01 
 9.70000e+01  1.59689e-01 
 9.75000e+01  1.62955e-01 
 9.80000e+01  1.65751e-01 
 9.85000e+01  1.64863e-01 
 9.90000e+01  1.67182e-01 
 9.95000e+01  1.72452e-01 
 1.00000e+02  1.76708e-01 
 1.00500e+02  1.78304e-01 
 1.01000e+02  1.78134e-01 
 1.01500e+02  1.76273e-01 
 1.02000e+02  1.78114e-01 
 1.02500e+02  1.82622e-01 
 1.03000e+02  1.84839e-01 
 1.03500e+02  1.90821e-01 
 1.04000e+02  1.92440e-01 
 1.04500e+02  1.92918e-01 
 1.05000e+02  1.97805e-01 
 1.05500e+02  2.07933e-01 
 1.06000e+02  2.06798e-01 
 1.06500e+02  2.03686e-01 
 1.07000e+02  2.09418e-01 
 1.07500e+02  2.14824e-01 
 1.08000e+02  2.19421e-01 
 1.08500e+02  2.21384e-01 
 1.09000e+02  2.26447e-01 
 1.09500e+02  2.33055e-01 
 1.10000e+02  2.39651e-01 
 1.10500e+02  2.42451e-01 
 1.11000e+02  2.45685e-01 
 1.11500e+02  2.52068e-01 
 1.12000e+02  2.53080e-01 
 1.12500e+02  2.46837e-01 
 1.13000e+02  2.56181e-01 
 1.13500e+02  2.65041e-01 
 1.14000e+02  2.61620e-01 
 1.14500e+02  2.64889e-01 
 1.15000e+02  2.71584e-01 
 1.15500e+02  2.81870e-01 
 1.16000e+02  2.80193e-01 
 1.16500e+02  2.85136e-01 
 1.17000e+02  2.88484e-01 
 1.17500e+02  2.89492e-01 
 1.18000e+02  2.86116e-01 
 1.18500e+02  2.97240e-01 
 1.19000e+02  2.96011e-01 
 1.19500e+02  2.98816e-01 
 1.20000e+02  3.07381e-01 
 1.20500e+02  3.01654e-01 
 1.21000e+02  2.97578e-01 
 1.21500e+02  3.08383e-01 
 1.22000e+02  3.11285e-01 
 1.22500e+02  3.09606e-01 
 1.23000e+02  3.15109e-01 
 1.23500e+02  3.19311e-01 
 1.24000e+02  3.27384e-01 
 1.24500e+02  3.26768e-01 
 1.25000e+02  3.31293e-01 
 1.25500e+02  3.28045e-01 
 1.26000e+02  3.34072e-01 
 1.26500e+02  3.29823e-01 
 1.27000e+02  3.40287e-01 
 1.27500e+02  3.46951e-01 
 1.28000e+02  3.39130e-01 
 1.28500e+02  3.47119e-01 
 1.29000e+02  3.40650e-01 
 1.29500e+02  3.38140e-01 
 1.30000e+02  3.34980e-01 
 1.30500e+02  3.40891e-01 
 1.31000e+02  3.41913e-01 
 1.31500e+02  3.48275e-01 
 1.32000e+02  3.55462e-01 
 1.32500e+02  3.54134e-01 
 1.33000e+02  3.64353e-01 
 1.33500e+02  3.57245e-01 
 1.34000e+02  3.65870e-01 
 1.34500e+02  3.57331e-01 
 1.35000e+02  3.63087e-01 
 1.35500e+02  3.61778e-01 
 1.36000e+02  3.58762e-01 
 1.36500e+02  3.70385e-01 
 1.37000e+02  3.65295e-01 
 1.37500e+02  3.73638e-01 
 1.38000e+02  3.69480e-01 
 1.38500e+02  3.75879e-01 
 1.39000e+02  3.77213e-01 
 1.39500e+02  3.73891e-01 
 1.40000e+02  3.77028e-01 
 1.40500e+02  3.85916e-01 
 1.41000e+02  3.81049e-01 
 1.41500e+02  3.81597e-01 
 1.42000e+02  3.82059e-01 
 1.42500e+02  3.80230e-01 
 1.43000e+02  3.85145e-01 
 1.43500e+02  3.91073e-01 
 1.44000e+02  3.83085e-01 
 1.44500e+02  3.90916e-01 
 1.45000e+02  3.89957e-01 
 1.45500e+02  3.87271e-01 
 1.46000e+02  3.84794e-01 
 1.46500e+02  3.82122e-01 
 1.47000e+02  3.96015e-01 
 1.47500e+02  3.90419e-01 
 1.48000e+02  3.93295e-01 
 1.48500e+02  3.95769e-01 
 1.49000e+02  3.88334e-01 
 1.49500e+02  4.03110e-01 
 1.50000e+02  4.02341e-01 
 1.50500e+02  4.09599e-01 
 1.51000e+02  4.02046e-01 
 1.51500e+02  4.13386e-01 
 1.52000e+02  3.99669e-01 
 1.52500e+02  4.04356e-01 
 1.53000e+02  4.10541e-01 
 1.53500e+02  4.11376e-01 
 1.54000e+02  4.13947e-01 
 1.54500e+02  4.07706e-01 
 1.55000e+02  4.02727e-01 
 1.55500e+02  3.95000e-01 
 1.56000e+02  3.88789e-01 
 1.56500e+02  3.91835e-01 
 1.57000e+02  3.98243e-01 
 1.57500e+02  4.00969e-01 
 1.58000e+02  3.91146e-01 
 1.58500e+02  3.90118e-01 
 1.59000e+02  3.86851e-01 
 1.59500e+02  3.93225e-01 
 1.60000e+02  3.92227e-01 
 1.60500e+02  3.91260e-01 
 1.61000e+02  3.93303e-01 
 1.61500e+02  4.01102e-01 
 1.62000e+02  3.85288e-01 
 1.62500e+02  3.91354e-01 
 1.63000e+02  3.95978e-01 
 1.63500e+02  3.90913e-01 
 1.64000e+02  3.91479e-01 
 1.64500e+02  3.97938e-01 
 1.65000e+02  3.91076e-01 
 1.65500e+02  3.90796e-01 
 1.66000e+02  3.89314e-01 
 1.66500e+02  3.88782e-01 
 1.67000e+02  3.96241e-01 
 1.67500e+02  3.83641e-01 
 1.68000e+02  3.85447e-01 
 1.68500e+02  3.82580e-01 
 1.69000e+02  3.75528e-01 
 1.69500e+02  3.76741e-01 
 1.70000e+02  3.73873e-01 
 1.70500e+02  3.88892e-01 
 1.71000e+02  3.83209e-01 
 1.71500e+02  3.93617e-01 
 1.72000e+02  3.90800e-01 
 1.72500e+02  3.91782e-01 
 1.73000e+02  3.90603e-01 
 1.73500e+02  3.84718e-01 
 1.74000e+02  3.82538e-01 
 1.74500e+02  3.88649e-01 
 1.75000e+02  3.83781e-01 
 1.75500e+02  3.77761e-01 
 1.76000e+02  3.70466e-01 
 1.76500e+02  3.74484e-01 
 1.77000e+02  3.72298e-01 
 1.77500e+02  3.80181e-01 
 1.78000e+02  3.78083e-01 
 1.78500e+02  3.78563e-01 
 1.79000e+02  3.81442e-01 
 1.79500e+02  3.71515e-01 
 1.80000e+02  3.71532e-01 
 1.80500e+02  3.69340e-01 
 1.81000e+02  3.78047e-01 
 1.81500e+02  3.85532e-01 
 1.82000e+02  3.76157e-01 
 1.82500e+02  3.77168e-01 
 1.83000e+02  3.68087e-01 
 1.83500e+02  3.67943e-01 
 1.84000e+02  3.65386e-01 
 1.84500e+02  3.65129e-01 
 1.85000e+02  3.56756e-01 
 1.85500e+02  3.55406e-01 
 1.86000e+02  3.54198e-01 
 1.86500e+02  3.52710e-01 
 1.87000e+02  3.48187e-01 
 1.87500e+02  3.52741e-01 
 1.88000e+02  3.48231e-01 
 1.88500e+02  3.46436e-01 
 1.89000e+02  3.51326e-01 
 1.89500e+02  3.43286e-01 
 1.90000e+02  3.50816e-01 
 1.90500e+02  3.49420e-01 
 1.91000e+02  3.43022e-01 
 1.91500e+02  3.35294e-01 
 1.92000e+02  3.29844e-01 
 1.92500e+02  3.30987e-01 
 1.93000e+02  3.25233e-01 
 1.93500e+02  3.21312e-01 
 1.94000e+02  3.24319e-01 
 1.94500e+02  3.20059e-01 
 1.95000e+02  3.21945e-01 
 1.95500e+02  3.12410e-01 
 1.96000e+02  3.11616e-01 
 1.96500e+02  3.12915e-01 
 1.97000e+02  3.04393e-01 
 1.97500e+02  3.03296e-01 
 1.98000e+02  3.07466e-01 
 1.98500e+02  3.05353e-01 
 1.99000e+02  2.96378e-01 
 1.99500e+02  2.95043e-01 
 2.00000e+02  2.88153e-01 
 2.00500e+02  2.89436e-01 
 2.01000e+02  2.80902e-01 
 2.01500e+02  2.86303e-01 
 2.02000e+02  2.72902e-01 
 2.02500e+02  2.75128e-01 
 2.03000e+02  2.65112e-01 
 2.03500e+02  2.60950e-01 
 2.04000e+02  2.61294e-01 
 2.04500e+02  2.60782e-01 
 2.05000e+02  2.64933e-01 
 2.05500e+02  2.60520e-01 
 2.06000e+02  2.49265e-01 
 2.06500e+02  2.49769e-01 
 2.07000e+02  2.44140e-01 
 2.07500e+02  2.41778e-01 
 2.08000e+02  2.39226e-01 
 2.08500e+02  2.34980e-01 
 2.09000e+02  2.26431e-01 
 2.09500e+02  2.26818e-01 
 2.10000e+02  2.25282e-01 
 2.10500e+02  2.23573e-01 
 2.11000e+02  2.13288e-01 
 2.11500e+02  2.11109e-01 
 2.12000e+02  2.10120e-01 
 2.12500e+02  2.05235e-01 
 2.13000e+02  2.00454e-01 
 2.13500e+02  2.03226e-01 
 2.14000e+02  1.98694e-01 
 2.14500e+02  1.97071e-01 
 2.15000e+02  1.95967e-01 
 2.15500e+02  1.88327e-01 
 2.16000e+02  1.79925e-01 
 2.16500e+02  1.78816e-01 
 2.17000e+02  1.73691e-01 
 2.17500e+02  1.70676e-01 
 2.18000e+02  1.71348e-01 
 2.18500e+02  1.70978e-01 
 2.19000e+02  1.73586e-01 
 2.19500e+02  1.70117e-01 
 2.20000e+02  1.70130e-01 
 2.20500e+02  1.69167e-01 
 2.21000e+02  1.68955e-01 
 2.21500e+02  1.66968e-01 
 2.22000e+02  1.62892e-01 
 2.22500e+02  1.62370e-01 
 2.23000e+02  1.64818e-01 
 2.23500e+02  1.59952e-01 
 2.24000e+02  1.57869e-01 
 2.24500e+02  1.60409e-01 
 2.25000e+02  1.61028e-01 
 2.25500e+02  1.57668e-01 
 2.26000e+02  1.56924e-01 
 2.26500e+02  1.55918e-01 
 2.27000e+02  1.50729e-01 
 2.27500e+02  1.51384e-01 
 2.28000e+02  1.49257e-01 
 2.28500e+02  1.50460e-01 
 2.29000e+02  1.47777e-01 
 2.29500e+02  1.49450e-01 
 2.30000e+02  1.46897e-01 
 2.30500e+02  1.45007e-01 
 2.31000e+02  1.46186e-01 
 2.31500e+02  1.46502e-01 
 2.32000e+02  1.46379e-01 
 2.32500e+02  1.46077e-01 
 2.33000e+02  1.41875e-01 
 2.33500e+02  1.38946e-01 
 2.34000e+02  1.39418e-01 
 2.34500e+02  1.39694e-01 
 2.35000e+02  1.39557e-01 
 2.35500e+02  1.38672e-01 
 2.36000e+02  1.37720e-01 
 2.36500e+02  1.36321e-01 
 2.37000e+02  1.35769e-01 
 2.37500e+02  1.35387e-01 
 2.38000e+02  1.32791e-01 
 2.38500e+02  1.33935e-01 
 2.39000e+02  1.32624e-01 
 2.39500e+02  1.31973e-01 
 2.40000e+02  1.31102e-01 
 2.40500e+02  1.29970e-01 
 2.41000e+02  1.28652e-01 
 2.41500e+02  1.27735e-01 
 2.42000e+02  1.28587e-01 
 2.42500e+02  1.25213e-01 
 2.43000e+02  1.25994e-01 
 2.43500e+02  1.21290e-01 
 2.44000e+02  1.21246e-01 
 2.44500e+02  1.18915e-01 
 2.45000e+02  1.19646e-01 
 2.45500e+02  1.19237e-01 
 2.46000e+02  1.17811e-01 
 2.46500e+02  1.16366e-01 
 2.47000e+02  1.13082e-01 
 2.47500e+02  1.14773e-01 
 2.48000e+02  1.13668e-01 
 2.48500e+02  1.11945e-01 
 2.49000e+02  1.10541e-01 
 2.49500e+02  1.09552e-01 
 2.50000e+02  1.07692e-01 
 2.50500e+02  1.06709e-01 
 2.51000e+02  1.03749e-01 
 2.51500e+02  1.02535e-01 
 2.52000e+02  1.01465e-01 
 2.52500e+02  1.00380e-01 
 2.53000e+02  9.86599e-02 
 2.53500e+02  9.77506e-02 
 2.54000e+02  9.48741e-02 
 2.54500e+02  9.30463e-02 
 2.55000e+02  9.30684e-02 
 2.55500e+02  9.25826e-02 
 2.56000e+02  9.10635e-02 
 2.56500e+02  8.87115e-02 
 2.57000e+02  8.65662e-02 
 2.57500e+02  8.48149e-02 
 2.58000e+02  8.34626e-02 
 2.58500e+02  8.10936e-02 
 2.59000e+02  7.91377e-02 
 2.59500e+02  7.73582e-02 
 2.60000e+02  7.62710e-02 
 2.60500e+02  7.48396e-02 
 2.61000e+02  7.27760e-02 
 2.61500e+02  6.96182e-02 
 2.62000e+02  6.81682e-02 
 2.62500e+02  6.62111e-02 
 2.63000e+02  6.49874e-02 
 2.63500e+02  6.29895e-02 
 2.64000e+02  6.11302e-02 
 2.64500e+02  5.98742e-02 
 2.65000e+02  5.74002e-02 
 2.65500e+02  5.63098e-02 
 2.66000e+02  5.47676e-02 
 2.66500e+02  5.28125e-02 
 2.67000e+02  5.15417e-02 
 2.67500e+02  5.01948e-02 
 2.68000e+02  4.89749e-02 
 2.68500e+02  4.75866e-02 
 2.69000e+02  4.70078e-02 
 2.69500e+02  4.51998e-02 
 2.70000e+02  4.43965e-02 
 2.70500e+02  4.25896e-02 
 2.71000e+02  4.15110e-02 
 2.71500e+02  4.05302e-02 
 2.72000e+02  3.95038e-02 
 2.72500e+02  3.85193e-02 
 2.73000e+02  3.73857e-02 
 2.73500e+02  3.65143e-02 
 2.74000e+02  3.58210e-02 
 2.74500e+02  3.48170e-02 
 2.75000e+02  3.40095e-02 
 2.75500e+02  3.36270e-02 
 2.76000e+02  3.28514e-02 
 2.76500e+02  3.22467e-02 
 2.77000e+02  3.14095e-02 
 2.77500e+02  3.08271e-02 
 2.78000e+02  3.00978e-02 
 2.78500e+02  2.92644e-02 
 2.79000e+02  2.91025e-02 
 2.79500e+02  2.85230e-02 
 2.80000e+02  2.80430e-02 
 2.80500e+02  2.74618e-02 
 2.81000e+02  2.66622e-02 
 2.81500e+02  2.64978e-02 
 2.82000e+02  2.60242e-02 
 2.82500e+02  2.58064e-02 
 2.83000e+02  2.52322e-02 
 2.83500e+02  2.48637e-02 
 2.84000e+02  2.43394e-02 
 2.84500e+02  2.40896e-02 
 2.85000e+02  2.34320e-02 
 2.85500e+02  2.29944e-02 
 2.86000e+02  2.26371e-02 
 2.86500e+02  2.21383e-02 
 2.87000e+02  2.19906e-02 
 2.87500e+02  2.15383e-02 
 2.88000e+02  2.11764e-02 
 2.88500e+02  2.09827e-02 
 2.89000e+02  2.05902e-02 
 2.89500e+02  2.02717e-02 
 2.90000e+02  1.99574e-02 
 2.90500e+02  1.96596e-02 
 2.91000e+02  1.94543e-02 
 2.91500e+02  1.94159e-02 
 2.92000e+02  1.91080e-02 
 2.92500e+02  1.87406e-02 
 2.93000e+02  1.85503e-02 
 2.93500e+02  1.83382e-02 
 2.94000e+02  1.79892e-02 
 2.94500e+02  1.78019e-02 
 2.95000e+02  1.77138e-02 
 2.95500e+02  1.73397e-02 
 2.96000e+02  1.71361e-02 
 2.96500e+02  1.69755e-02 
 2.97000e+02  1.67943e-02 
 2.97500e+02  1.64926e-02 
 2.98000e+02  1.64229e-02 
 2.98500e+02  1.62870e-02 
 2.99000e+02  1.61131e-02 
 2.99500e+02  1.58710e-02 
 3.00000e+02  1.55849e-02 
 3.00500e+02  1.54114e-02 
 3.01000e+02  1.52087e-02 
 3.01500e+02  1.51162e-02 
 3.02000e+02  1.49997e-02 
 3.02500e+02  1.49438e-02 
 3.03000e+02  1.46790e-02 
 3.03500e+02  1.44666e-02 
 3.04000e+02  1.44693e-02 
 3.04500e+02  1.43522e-02 
 3.05000e+02  1.42003e-02 
 3.05500e+02  1.40426e-02 
 3.06000e+02  1.39559e-02 
 3.06500e+02  1.38238e-02 
 3.07000e+02  1.35878e-02 
 3.07500e+02  1.34652e-02 
 3.08000e+02  1.34031e-02 
 3.08500e+02  1.33971e-02 
 3.09000e+02  1.32655e-02 
 3.09500e+02  1.31755e-02 
 3.10000e+02  1.30488e-02 
 3.10500e+02  1.29646e-02 
 3.11000e+02  1.27970e-02 
 3.11500e+02  1.27293e-02 
 3.12000e+02  1.26623e-02 
 3.12500e+02  1.25622e-02 
 3.13000e+02  1.23750e-02 
 3.13500e+02  1.22914e-02 
 3.14000e+02  1.22081e-02 
 3.14500e+02  1.22111e-02 
 3.15000e+02  1.19462e-02 
 3.15500e+02  1.19246e-02 
 3.16000e+02  1.18316e-02 
 3.16500e+02  1.18396e-02 
 3.17000e+02  1.17522e-02 
 3.17500e+02  1.15474e-02 
 3.18000e+02  1.13826e-02 
 3.18500e+02  1.14365e-02 
 3.19000e+02  1.13839e-02 
 3.19500e+02  1.13935e-02 
