 0.00000e+00  1.03686e-02 
 5.00000e-01  1.04806e-02 
 1.00000e+00  1.04684e-02 
 1.50000e+00  1.05807e-02 
 2.00000e+00  1.06558e-02 
 2.50000e+00  1.07329e-02 
 3.00000e+00  1.07837e-02 
 3.50000e+00  1.09996e-02 
 4.00000e+00  1.10127e-02 
 4.50000e+00  1.10576e-02 
 5.00000e+00  1.11037e-02 
 5.50000e+00  1.12323e-02 
 6.00000e+00  1.12783e-02 
 6.50000e+00  1.13499e-02 
 7.00000e+00  1.14860e-02 
 7.50000e+00  1.17118e-02 
 8.00000e+00  1.18125e-02 
 8.50000e+00  1.19817e-02 
 9.00000e+00  1.20557e-02 
 9.50000e+00  1.21682e-02 
 1.00000e+01  1.23849e-02 
 1.05000e+01  1.24931e-02 
 1.10000e+01  1.26119e-02 
 1.15000e+01  1.27250e-02 
 1.20000e+01  1.28087e-02 
 1.25000e+01  1.29589e-02 
 1.30000e+01  1.31670e-02 
 1.35000e+01  1.34007e-02 
 1.40000e+01  1.34407e-02 
 1.45000e+01  1.36441e-02 
 1.50000e+01  1.37268e-02 
 1.55000e+01  1.37574e-02 
 1.60000e+01  1.39000e-02 
 1.65000e+01  1.40181e-02 
 1.70000e+01  1.41849e-02 
 1.75000e+01  1.42429e-02 
 1.80000e+01  1.43734e-02 
 1.85000e+01  1.45630e-02 
 1.90000e+01  1.48117e-02 
 1.95000e+01  1.49972e-02 
 2.00000e+01  1.50059e-02 
 2.05000e+01  1.51972e-02 
 2.10000e+01  1.54930e-02 
 2.15000e+01  1.55829e-02 
 2.20000e+01  1.59512e-02 
 2.25000e+01  1.59514e-02 
 2.30000e+01  1.63281e-02 
 2.35000e+01  1.64907e-02 
 2.40000e+01  1.67523e-02 
 2.45000e+01  1.68438e-02 
 2.50000e+01  1.70918e-02 
 2.55000e+01  1.74526e-02 
 2.60000e+01  1.76692e-02 
 2.65000e+01  1.79121e-02 
 2.70000e+01  1.82175e-02 
 2.75000e+01  1.84888e-02 
 2.80000e+01  1.88130e-02 
 2.85000e+01  1.92336e-02 
 2.90000e+01  1.94114e-02 
 2.95000e+01  1.97984e-02 
 3.00000e+01  2.00503e-02 
 3.05000e+01  2.05845e-02 
 3.10000e+01  2.09218e-02 
 3.15000e+01  2.12774e-02 
 3.20000e+01  2.14038e-02 
 3.25000e+01  2.18414e-02 
 3.30000e+01  2.24526e-02 
 3.35000e+01  2.28699e-02 
 3.40000e+01  2.32988e-02 
 3.45000e+01  2.36673e-02 
 3.50000e+01  2.44902e-02 
 3.55000e+01  2.50107e-02 
 3.60000e+01  2.54308e-02 
 3.65000e+01  2.61801e-02 
 3.70000e+01  2.66682e-02 
 3.75000e+01  2.71278e-02 
 3.80000e+01  2.76645e-02 
 3.85000e+01  2.81843e-02 
 3.90000e+01  2.89450e-02 
 3.95000e+01  2.93405e-02 
 4.00000e+01  3.00646e-02 
 4.05000e+01  3.06660e-02 
 4.10000e+01  3.17503e-02 
 4.15000e+01  3.23318e-02 
 4.20000e+01  3.33308e-02 
 4.25000e+01  3.41886e-02 
 4.30000e+01  3.50650e-02 
 4.35000e+01  3.61005e-02 
 4.40000e+01  3.70510e-02 
 4.45000e+01  3.82118e-02 
 4.50000e+01  3.93678e-02 
 4.55000e+01  4.00591e-02 
 4.60000e+01  4.15972e-02 
 4.65000e+01  4.29027e-02 
 4.70000e+01  4.40105e-02 
 4.75000e+01  4.52419e-02 
 4.80000e+01  4.62494e-02 
 4.85000e+01  4.84915e-02 
 4.90000e+01  5.00272e-02 
 4.95000e+01  5.16187e-02 
 5.00000e+01  5.35765e-02 
 5.05000e+01  5.46826e-02 
 5.10000e+01  5.61028e-02 
 5.15000e+01  5.81246e-02 
 5.20000e+01  6.02936e-02 
 5.25000e+01  6.27106e-02 
 5.30000e+01  6.41922e-02 
 5.35000e+01  6.52402e-02 
 5.40000e+01  6.66324e-02 
 5.45000e+01  6.87293e-02 
 5.50000e+01  7.04958e-02 
 5.55000e+01  7.31114e-02 
 5.60000e+01  7.42952e-02 
 5.65000e+01  7.62176e-02 
 5.70000e+01  7.74630e-02 
 5.75000e+01  7.91518e-02 
 5.80000e+01  8.18444e-02 
 5.85000e+01  8.22367e-02 
 5.90000e+01  8.45354e-02 
 5.95000e+01  8.75447e-02 
 6.00000e+01  8.86044e-02 
 6.05000e+01  9.14138e-02 
 6.10000e+01  9.20190e-02 
 6.15000e+01  9.36832e-02 
 6.20000e+01  9.49559e-02 
 6.25000e+01  9.61836e-02 
 6.30000e+01  9.76955e-02 
 6.35000e+01  9.96225e-02 
 6.40000e+01  9.81925e-02 
 6.45000e+01  9.88571e-02 
 6.50000e+01  9.89658e-02 
 6.55000e+01  9.93815e-02 
 6.60000e+01  1.03086e-01 
 6.65000e+01  1.05428e-01 
 6.70000e+01  1.08280e-01 
 6.75000e+01  1.07800e-01 
 6.80000e+01  1.07375e-01 
 6.85000e+01  1.09294e-01 
 6.90000e+01  1.11189e-01 
 6.95000e+01  1.13212e-01 
 7.00000e+01  1.13775e-01 
 7.05000e+01  1.13045e-01 
 7.10000e+01  1.14298e-01 
 7.15000e+01  1.16810e-01 
 7.20000e+01  1.18362e-01 
 7.25000e+01  1.17648e-01 
 7.30000e+01  1.18620e-01 
 7.35000e+01  1.19387e-01 
 7.40000e+01  1.18430e-01 
 7.45000e+01  1.21741e-01 
 7.50000e+01  1.23702e-01 
 7.55000e+01  1.24028e-01 
 7.60000e+01  1.24096e-01 
 7.65000e+01  1.25734e-01 
 7.70000e+01  1.27602e-01 
 7.75000e+01  1.25950e-01 
 7.80000e+01  1.26553e-01 
 7.85000e+01  1.26836e-01 
 7.90000e+01  1.27650e-01 
 7.95000e+01  1.32727e-01 
 8.00000e+01  1.32319e-01 
 8.05000e+01  1.30088e-01 
 8.10000e+01  1.34427e-01 
 8.15000e+01  1.36494e-01 
 8.20000e+01  1.33753e-01 
 8.25000e+01  1.34070e-01 
 8.30000e+01  1.33852e-01 
 8.35000e+01  1.35517e-01 
 8.40000e+01  1.38276e-01 
 8.45000e+01  1.38444e-01 
 8.50000e+01  1.38984e-01 
 8.55000e+01  1.39841e-01 
 8.60000e+01  1.39681e-01 
 8.65000e+01  1.39964e-01 
 8.70000e+01  1.41824e-01 
 8.75000e+01  1.41225e-01 
 8.80000e+01  1.45902e-01 
 8.85000e+01  1.46301e-01 
 8.90000e+01  1.45697e-01 
 8.95000e+01  1.47439e-01 
 9.00000e+01  1.45606e-01 
 9.05000e+01  1.48242e-01 
 9.10000e+01  1.47860e-01 
 9.15000e+01  1.49884e-01 
 9.20000e+01  1.51361e-01 
 9.25000e+01  1.53911e-01 
 9.30000e+01  1.52596e-01 
 9.35000e+01  1.51940e-01 
 9.40000e+01  1.55629e-01 
 9.45000e+01  1.56115e-01 
 9.50000e+01  1.57035e-01 
 9.55000e+01  1.62335e-01 
 9.60000e+01  1.62041e-01 
 9.65000e+01  1.60754e-01 
 9.70000e+01  1.64787e-01 
 9.75000e+01  1.65993e-01 
 9.80000e+01  1.70911e-01 
 9.85000e+01  1.70705e-01 
 9.90000e+01  1.74277e-01 
 9.95000e+01  1.79596e-01 
 1.00000e+02  1.78646e-01 
 1.00500e+02  1.82252e-01 
 1.01000e+02  1.85227e-01 
 1.01500e+02  1.86906e-01 
 1.02000e+02  1.91077e-01 
 1.02500e+02  1.89005e-01 
 1.03000e+02  1.94186e-01 
 1.03500e+02  1.91595e-01 
 1.04000e+02  1.96144e-01 
 1.04500e+02  2.00856e-01 
 1.05000e+02  2.05322e-01 
 1.05500e+02  2.08850e-01 
 1.06000e+02  2.11568e-01 
 1.06500e+02  2.15441e-01 
 1.07000e+02  2.20864e-01 
 1.07500e+02  2.26124e-01 
 1.08000e+02  2.30270e-01 
 1.08500e+02  2.34180e-01 
 1.09000e+02  2.36925e-01 
 1.09500e+02  2.42348e-01 
 1.10000e+02  2.46311e-01 
 1.10500e+02  2.47504e-01 
 1.11000e+02  2.45644e-01 
 1.11500e+02  2.49578e-01 
 1.12000e+02  2.50576e-01 
 1.12500e+02  2.59716e-01 
 1.13000e+02  2.57150e-01 
 1.13500e+02  2.57440e-01 
 1.14000e+02  2.62469e-01 
 1.14500e+02  2.62237e-01 
 1.15000e+02  2.65772e-01 
 1.15500e+02  2.61951e-01 
 1.16000e+02  2.68140e-01 
 1.16500e+02  2.67810e-01 
 1.17000e+02  2.76812e-01 
 1.17500e+02  2.77909e-01 
 1.18000e+02  2.82052e-01 
 1.18500e+02  2.83278e-01 
 1.19000e+02  2.83709e-01 
 1.19500e+02  2.97772e-01 
 1.20000e+02  2.97328e-01 
 1.20500e+02  3.06023e-01 
 1.21000e+02  2.99239e-01 
 1.21500e+02  3.04746e-01 
 1.22000e+02  3.10719e-01 
 1.22500e+02  3.07155e-01 
 1.23000e+02  3.15824e-01 
 1.23500e+02  3.12078e-01 
 1.24000e+02  3.21801e-01 
 1.24500e+02  3.19765e-01 
 1.25000e+02  3.19722e-01 
 1.25500e+02  3.20315e-01 
 1.26000e+02  3.24902e-01 
 1.26500e+02  3.29891e-01 
 1.27000e+02  3.27114e-01 
 1.27500e+02  3.34845e-01 
 1.28000e+02  3.39103e-01 
 1.28500e+02  3.39993e-01 
 1.29000e+02  3.42597e-01 
 1.29500e+02  3.47648e-01 
 1.30000e+02  3.48309e-01 
 1.30500e+02  3.49389e-01 
 1.31000e+02  3.56053e-01 
 1.31500e+02  3.48130e-01 
 1.32000e+02  3.49953e-01 
 1.32500e+02  3.46464e-01 
 1.33000e+02  3.52069e-01 
 1.33500e+02  3.58060e-01 
 1.34000e+02  3.56434e-01 
 1.34500e+02  3.58023e-01 
 1.35000e+02  3.67590e-01 
 1.35500e+02  3.64632e-01 
 1.36000e+02  3.64942e-01 
 1.36500e+02  3.65403e-01 
 1.37000e+02  3.70011e-01 
 1.37500e+02  3.75840e-01 
 1.38000e+02  3.67320e-01 
 1.38500e+02  3.69762e-01 
 1.39000e+02  3.77803e-01 
 1.39500e+02  3.75488e-01 
 1.40000e+02  3.83040e-01 
 1.40500e+02  3.83372e-01 
 1.41000e+02  3.85687e-01 
 1.41500e+02  3.86822e-01 
 1.42000e+02  3.90514e-01 
 1.42500e+02  3.92808e-01 
 1.43000e+02  3.89227e-01 
 1.43500e+02  3.91182e-01 
 1.44000e+02  3.80111e-01 
 1.44500e+02  3.84213e-01 
 1.45000e+02  3.82132e-01 
 1.45500e+02  3.85988e-01 
 1.46000e+02  3.93528e-01 
 1.46500e+02  3.84810e-01 
 1.47000e+02  3.93418e-01 
 1.47500e+02  3.91480e-01 
 1.48000e+02  3.89977e-01 
 1.48500e+02  3.90829e-01 
 1.49000e+02  3.97183e-01 
 1.49500e+02  3.92058e-01 
 1.50000e+02  3.97540e-01 
 1.50500e+02  3.98745e-01 
 1.51000e+02  3.95567e-01 
 1.51500e+02  3.95797e-01 
 1.52000e+02  3.99998e-01 
 1.52500e+02  3.99049e-01 
 1.53000e+02  3.97908e-01 
 1.53500e+02  3.93334e-01 
 1.54000e+02  3.93021e-01 
 1.54500e+02  3.90550e-01 
 1.55000e+02  3.89857e-01 
 1.55500e+02  3.97495e-01 
 1.56000e+02  3.94549e-01 
 1.56500e+02  3.95412e-01 
 1.57000e+02  3.95058e-01 
 1.57500e+02  3.99471e-01 
 1.58000e+02  3.94764e-01 
 1.58500e+02  4.00048e-01 
 1.59000e+02  4.01267e-01 
 1.59500e+02  3.99146e-01 
 1.60000e+02  3.97911e-01 
 1.60500e+02  3.87382e-01 
 1.61000e+02  3.98421e-01 
 1.61500e+02  3.85718e-01 
 1.62000e+02  3.96224e-01 
 1.62500e+02  3.93255e-01 
 1.63000e+02  3.96459e-01 
 1.63500e+02  3.96804e-01 
 1.64000e+02  3.99139e-01 
 1.64500e+02  3.99459e-01 
 1.65000e+02  4.00225e-01 
 1.65500e+02  3.96975e-01 
 1.66000e+02  3.88945e-01 
 1.66500e+02  3.94092e-01 
 1.67000e+02  3.93826e-01 
 1.67500e+02  4.00839e-01 
 1.68000e+02  3.98412e-01 
 1.68500e+02  3.87718e-01 
 1.69000e+02  3.90803e-01 
 1.69500e+02  3.83386e-01 
 1.70000e+02  3.84460e-01 
 1.70500e+02  3.85695e-01 
 1.71000e+02  4.00480e-01 
 1.71500e+02  3.99919e-01 
 1.72000e+02  3.93609e-01 
 1.72500e+02  3.97825e-01 
 1.73000e+02  3.86257e-01 
 1.73500e+02  3.86738e-01 
 1.74000e+02  3.94881e-01 
 1.74500e+02  3.93218e-01 
 1.75000e+02  3.96414e-01 
 1.75500e+02  3.94957e-01 
 1.76000e+02  3.86418e-01 
 1.76500e+02  3.86697e-01 
 1.77000e+02  3.84134e-01 
 1.77500e+02  3.86771e-01 
 1.78000e+02  3.86919e-01 
 1.78500e+02  3.93353e-01 
 1.79000e+02  3.92138e-01 
 1.79500e+02  3.86565e-01 
 1.80000e+02  3.87067e-01 
 1.80500e+02  3.81833e-01 
 1.81000e+02  3.80028e-01 
 1.81500e+02  3.79383e-01 
 1.82000e+02  3.74061e-01 
 1.82500e+02  3.69941e-01 
 1.83000e+02  3.65281e-01 
 1.83500e+02  3.65460e-01 
 1.84000e+02  3.60340e-01 
 1.84500e+02  3.62064e-01 
 1.85000e+02  3.57558e-01 
 1.85500e+02  3.62323e-01 
 1.86000e+02  3.56836e-01 
 1.86500e+02  3.55077e-01 
 1.87000e+02  3.44129e-01 
 1.87500e+02  3.48736e-01 
 1.88000e+02  3.41923e-01 
 1.88500e+02  3.46001e-01 
 1.89000e+02  3.42138e-01 
 1.89500e+02  3.37102e-01 
 1.90000e+02  3.33480e-01 
 1.90500e+02  3.36833e-01 
 1.91000e+02  3.25022e-01 
 1.91500e+02  3.20761e-01 
 1.92000e+02  3.19015e-01 
 1.92500e+02  3.17997e-01 
 1.93000e+02  3.10865e-01 
 1.93500e+02  3.11355e-01 
 1.94000e+02  3.10471e-01 
 1.94500e+02  3.06441e-01 
 1.95000e+02  3.03577e-01 
 1.95500e+02  2.99584e-01 
 1.96000e+02  2.96648e-01 
 1.96500e+02  3.00143e-01 
 1.97000e+02  2.94988e-01 
 1.97500e+02  2.90147e-01 
 1.98000e+02  2.93838e-01 
 1.98500e+02  2.89321e-01 
 1.99000e+02  2.86543e-01 
 1.99500e+02  2.85159e-01 
 2.00000e+02  2.84029e-01 
 2.00500e+02  2.77790e-01 
 2.01000e+02  2.81494e-01 
 2.01500e+02  2.74467e-01 
 2.02000e+02  2.76360e-01 
 2.02500e+02  2.67452e-01 
 2.03000e+02  2.62545e-01 
 2.03500e+02  2.53374e-01 
 2.04000e+02  2.49432e-01 
 2.04500e+02  2.53208e-01 
 2.05000e+02  2.51651e-01 
 2.05500e+02  2.44423e-01 
 2.06000e+02  2.41710e-01 
 2.06500e+02  2.34447e-01 
 2.07000e+02  2.35291e-01 
 2.07500e+02  2.34835e-01 
 2.08000e+02  2.34212e-01 
 2.08500e+02  2.31949e-01 
 2.09000e+02  2.32726e-01 
 2.09500e+02  2.26075e-01 
 2.10000e+02  2.20416e-01 
 2.10500e+02  2.22200e-01 
 2.11000e+02  2.11476e-01 
 2.11500e+02  2.07043e-01 
 2.12000e+02  2.01820e-01 
 2.12500e+02  1.98331e-01 
 2.13000e+02  1.96957e-01 
 2.13500e+02  1.93426e-01 
 2.14000e+02  1.93528e-01 
 2.14500e+02  1.89252e-01 
 2.15000e+02  1.85297e-01 
 2.15500e+02  1.82964e-01 
 2.16000e+02  1.81523e-01 
 2.16500e+02  1.79324e-01 
 2.17000e+02  1.80007e-01 
 2.17500e+02  1.80159e-01 
 2.18000e+02  1.78480e-01 
 2.18500e+02  1.75031e-01 
 2.19000e+02  1.72932e-01 
 2.19500e+02  1.73460e-01 
 2.20000e+02  1.72174e-01 
 2.20500e+02  1.68673e-01 
 2.21000e+02  1.69285e-01 
 2.21500e+02  1.68449e-01 
 2.22000e+02  1.66105e-01 
 2.22500e+02  1.62723e-01 
 2.23000e+02  1.63810e-01 
 2.23500e+02  1.56836e-01 
 2.24000e+02  1.58397e-01 
 2.24500e+02  1.61433e-01 
 2.25000e+02  1.57849e-01 
 2.25500e+02  1.57828e-01 
 2.26000e+02  1.57812e-01 
 2.26500e+02  1.51791e-01 
 2.27000e+02  1.53033e-01 
 2.27500e+02  1.52731e-01 
 2.28000e+02  1.51963e-01 
 2.28500e+02  1.49136e-01 
 2.29000e+02  1.49892e-01 
 2.29500e+02  1.49320e-01 
 2.30000e+02  1.48644e-01 
 2.30500e+02  1.50549e-01 
 2.31000e+02  1.48823e-01 
 2.31500e+02  1.48444e-01 
 2.32000e+02  1.44887e-01 
 2.32500e+02  1.47017e-01 
 2.33000e+02  1.44785e-01 
 2.33500e+02  1.43325e-01 
 2.34000e+02  1.44667e-01 
 2.34500e+02  1.42300e-01 
 2.35000e+02  1.39743e-01 
 2.35500e+02  1.35708e-01 
 2.36000e+02  1.36357e-01 
 2.36500e+02  1.36763e-01 
 2.37000e+02  1.36775e-01 
 2.37500e+02  1.34086e-01 
 2.38000e+02  1.32411e-01 
 2.38500e+02  1.33698e-01 
 2.39000e+02  1.33287e-01 
 2.39500e+02  1.30357e-01 
 2.40000e+02  1.26492e-01 
 2.40500e+02  1.26942e-01 
 2.41000e+02  1.26775e-01 
 2.41500e+02  1.27646e-01 
 2.42000e+02  1.25168e-01 
 2.42500e+02  1.22329e-01 
 2.43000e+02  1.22010e-01 
 2.43500e+02  1.23540e-01 
 2.44000e+02  1.21019e-01 
 2.44500e+02  1.18526e-01 
 2.45000e+02  1.16239e-01 
 2.45500e+02  1.14688e-01 
 2.46000e+02  1.14769e-01 
 2.46500e+02  1.13912e-01 
 2.47000e+02  1.12727e-01 
 2.47500e+02  1.11370e-01 
 2.48000e+02  1.10955e-01 
 2.48500e+02  1.09157e-01 
 2.49000e+02  1.09126e-01 
 2.49500e+02  1.07370e-01 
 2.50000e+02  1.07382e-01 
 2.50500e+02  1.05146e-01 
 2.51000e+02  1.04135e-01 
 2.51500e+02  1.02259e-01 
 2.52000e+02  1.00593e-01 
 2.52500e+02  9.84269e-02 
 2.53000e+02  9.78366e-02 
 2.53500e+02  9.72895e-02 
 2.54000e+02  9.58973e-02 
 2.54500e+02  9.30830e-02 
 2.55000e+02  9.50737e-02 
 2.55500e+02  9.31834e-02 
 2.56000e+02  9.09762e-02 
 2.56500e+02  8.99811e-02 
 2.57000e+02  8.84029e-02 
 2.57500e+02  8.46900e-02 
 2.58000e+02  8.36512e-02 
 2.58500e+02  8.11898e-02 
 2.59000e+02  7.89825e-02 
 2.59500e+02  7.66734e-02 
 2.60000e+02  7.46932e-02 
 2.60500e+02  7.31267e-02 
 2.61000e+02  7.13991e-02 
 2.61500e+02  7.05419e-02 
 2.62000e+02  6.86882e-02 
 2.62500e+02  6.76051e-02 
 2.63000e+02  6.64256e-02 
 2.63500e+02  6.40988e-02 
 2.64000e+02  6.19523e-02 
 2.64500e+02  6.00466e-02 
 2.65000e+02  5.78974e-02 
 2.65500e+02  5.58916e-02 
 2.66000e+02  5.51335e-02 
 2.66500e+02  5.33586e-02 
 2.67000e+02  5.16314e-02 
 2.67500e+02  5.03785e-02 
 2.68000e+02  4.88537e-02 
 2.68500e+02  4.73177e-02 
 2.69000e+02  4.63117e-02 
 2.69500e+02  4.50893e-02 
 2.70000e+02  4.40513e-02 
 2.70500e+02  4.24775e-02 
 2.71000e+02  4.11834e-02 
 2.71500e+02  4.02367e-02 
 2.72000e+02  3.90173e-02 
 2.72500e+02  3.81143e-02 
 2.73000e+02  3.73059e-02 
 2.73500e+02  3.63110e-02 
 2.74000e+02  3.56148e-02 
 2.74500e+02  3.44141e-02 
 2.75000e+02  3.36531e-02 
 2.75500e+02  3.28668e-02 
 2.76000e+02  3.19430e-02 
 2.76500e+02  3.14474e-02 
 2.77000e+02  3.09172e-02 
 2.77500e+02  3.02592e-02 
 2.78000e+02  2.98254e-02 
 2.78500e+02  2.91834e-02 
 2.79000e+02  2.86955e-02 
 2.79500e+02  2.81463e-02 
 2.80000e+02  2.74664e-02 
 2.80500e+02  2.71106e-02 
 2.81000e+02  2.67053e-02 
 2.81500e+02  2.60287e-02 
 2.82000e+02  2.55786e-02 
 2.82500e+02  2.52230e-02 
 2.83000e+02  2.47530e-02 
 2.83500e+02  2.46174e-02 
 2.84000e+02  2.38170e-02 
 2.84500e+02  2.32662e-02 
 2.85000e+02  2.29934e-02 
 2.85500e+02  2.25954e-02 
 2.86000e+02  2.22822e-02 
 2.86500e+02  2.17913e-02 
 2.87000e+02  2.14159e-02 
 2.87500e+02  2.12206e-02 
 2.88000e+02  2.08342e-02 
 2.88500e+02  2.05456e-02 
 2.89000e+02  2.01275e-02 
 2.89500e+02  1.99849e-02 
 2.90000e+02  1.96461e-02 
 2.90500e+02  1.92707e-02 
 2.91000e+02  1.89505e-02 
 2.91500e+02  1.87100e-02 
 2.92000e+02  1.83910e-02 
 2.92500e+02  1.82758e-02 
 2.93000e+02  1.81820e-02 
 2.93500e+02  1.79092e-02 
 2.94000e+02  1.76241e-02 
 2.94500e+02  1.75658e-02 
 2.95000e+02  1.71786e-02 
 2.95500e+02  1.70085e-02 
 2.96000e+02  1.66898e-02 
 2.96500e+02  1.65051e-02 
 2.97000e+02  1.63579e-02 
 2.97500e+02  1.61295e-02 
 2.98000e+02  1.59623e-02 
 2.98500e+02  1.57642e-02 
 2.99000e+02  1.56310e-02 
 2.99500e+02  1.55068e-02 
 3.00000e+02  1.52386e-02 
 3.00500e+02  1.51062e-02 
 3.01000e+02  1.50510e-02 
 3.01500e+02  1.49585e-02 
 3.02000e+02  1.47962e-02 
 3.02500e+02  1.45462e-02 
 3.03000e+02  1.44275e-02 
 3.03500e+02  1.40894e-02 
 3.04000e+02  1.41097e-02 
 3.04500e+02  1.39523e-02 
 3.05000e+02  1.38306e-02 
 3.05500e+02  1.36487e-02 
 3.06000e+02  1.36475e-02 
 3.06500e+02  1.35265e-02 
 3.07000e+02  1.34327e-02 
 3.07500e+02  1.32365e-02 
 3.08000e+02  1.31358e-02 
 3.08500e+02  1.30142e-02 
 3.09000e+02  1.28754e-02 
 3.09500e+02  1.27585e-02 
 3.10000e+02  1.26431e-02 
 3.10500e+02  1.24934e-02 
 3.11000e+02  1.24042e-02 
 3.11500e+02  1.24640e-02 
 3.12000e+02  1.23566e-02 
 3.12500e+02  1.23156e-02 
 3.13000e+02  1.22137e-02 
 3.13500e+02  1.21162e-02 
 3.14000e+02  1.19431e-02 
 3.14500e+02  1.17775e-02 
 3.15000e+02  1.17897e-02 
 3.15500e+02  1.17498e-02 
 3.16000e+02  1.17111e-02 
 3.16500e+02  1.15330e-02 
 3.17000e+02  1.15157e-02 
 3.17500e+02  1.14266e-02 
 3.18000e+02  1.13443e-02 
 3.18500e+02  1.12598e-02 
 3.19000e+02  1.12193e-02 
 3.19500e+02  1.10900e-02 
