 0.00000e+00  0.00000e+00 
 5.00000e-01  0.00000e+00 
 1.00000e+00  0.00000e+00 
 1.50000e+00  0.00000e+00 
 2.00000e+00  0.00000e+00 
 2.50000e+00  0.00000e+00 
 3.00000e+00  0.00000e+00 
 3.50000e+00  0.00000e+00 
 4.00000e+00  0.00000e+00 
 4.50000e+00  0.00000e+00 
 5.00000e+00  0.00000e+00 
 5.50000e+00  0.00000e+00 
 6.00000e+00  0.00000e+00 
 6.50000e+00  0.00000e+00 
 7.00000e+00  2.24000e-06 
 7.50000e+00  1.58400e-05 
 8.00000e+00  7.20000e-06 
 8.50000e+00  4.96000e-06 
 9.00000e+00  2.40000e-06 
 9.50000e+00  2.00000e-06 
 1.00000e+01  1.92000e-06 
 1.05000e+01  1.92000e-06 
 1.10000e+01  1.68000e-06 
 1.15000e+01  1.60000e-06 
 1.20000e+01  1.44000e-06 
 1.25000e+01  1.36000e-06 
 1.30000e+01  1.36000e-06 
 1.35000e+01  1.36000e-06 
 1.40000e+01  1.28000e-06 
 1.45000e+01  1.28000e-06 
 1.50000e+01  1.12000e-06 
 1.55000e+01  1.12000e-06 
 1.60000e+01  1.12000e-06 
 1.65000e+01  1.12000e-06 
 1.70000e+01  1.04000e-06 
 1.75000e+01  3.68000e-06 
 1.80000e+01  6.00000e-06 
 1.85000e+01  1.56800e-05 
 1.90000e+01  5.12000e-06 
 1.95000e+01  4.40000e-06 
 2.00000e+01  3.76000e-06 
 2.05000e+01  1.22400e-05 
 2.10000e+01  1.81600e-05 
 2.15000e+01  1.01600e-05 
 2.20000e+01  2.42400e-05 
 2.25000e+01  1.48000e-05 
 2.30000e+01  1.08000e-05 
 2.35000e+01  9.52000e-06 
 2.40000e+01  9.36000e-06 
 2.45000e+01  8.64000e-06 
 2.50000e+01  7.92000e-06 
 2.55000e+01  7.52000e-06 
 2.60000e+01  7.28000e-06 
 2.65000e+01  6.96000e-06 
 2.70000e+01  1.98400e-05 
 2.75000e+01  1.99200e-05 
 2.80000e+01  1.46400e-05 
 2.85000e+01  1.32000e-05 
 2.90000e+01  1.20000e-05 
 2.95000e+01  1.20800e-05 
 3.00000e+01  3.71200e-05 
 3.05000e+01  2.55200e-05 
 3.10000e+01  1.77600e-05 
 3.15000e+01  1.61600e-05 
 3.20000e+01  1.52800e-05 
 3.25000e+01  1.41600e-05 
 3.30000e+01  1.49600e-05 
 3.35000e+01  2.84000e-05 
 3.40000e+01  3.04000e-05 
 3.45000e+01  2.35200e-05 
 3.50000e+01  2.02400e-05 
 3.55000e+01  1.59200e-05 
 3.60000e+01  1.20000e-05 
 3.65000e+01  3.17600e-05 
 3.70000e+01  3.80000e-05 
 3.75000e+01  5.00800e-05 
 3.80000e+01  3.10400e-05 
 3.85000e+01  2.77600e-05 
 3.90000e+01  2.92800e-05 
 3.95000e+01  2.89600e-05 
 4.00000e+01  2.62400e-05 
 4.05000e+01  2.40800e-05 
 4.10000e+01  2.32800e-05 
 4.15000e+01  5.57600e-05 
 4.20000e+01  6.36000e-05 
 4.25000e+01  4.96000e-05 
 4.30000e+01  4.39200e-05 
 4.35000e+01  4.10400e-05 
 4.40000e+01  3.89600e-05 
 4.45000e+01  4.36000e-05 
 4.50000e+01  5.58400e-05 
 4.55000e+01  4.79200e-05 
 4.60000e+01  4.93600e-05 
 4.65000e+01  9.12800e-05 
 4.70000e+01  1.47600e-04 
 4.75000e+01  2.50320e-04 
 4.80000e+01  1.87200e-04 
 4.85000e+01  1.57520e-04 
 4.90000e+01  1.40240e-04 
 4.95000e+01  1.71040e-04 
 5.00000e+01  1.78000e-04 
 5.05000e+01  1.56720e-04 
 5.10000e+01  2.44080e-04 
 5.15000e+01  2.10640e-04 
 5.20000e+01  2.44160e-04 
 5.25000e+01  3.47200e-04 
 5.30000e+01  3.27840e-04 
 5.35000e+01  4.29680e-04 
 5.40000e+01  4.30880e-04 
 5.45000e+01  4.37040e-04 
 5.50000e+01  7.11840e-04 
 5.55000e+01  8.98960e-04 
 5.60000e+01  1.24360e-03 
 5.65000e+01  1.21568e-03 
 5.70000e+01  1.13304e-03 
 5.75000e+01  1.16536e-03 
 5.80000e+01  1.17360e-03 
 5.85000e+01  1.17768e-03 
 5.90000e+01  1.32600e-03 
 5.95000e+01  1.28752e-03 
 6.00000e+01  1.38184e-03 
 6.05000e+01  1.82056e-03 
 6.10000e+01  1.64408e-03 
 6.15000e+01  1.63592e-03 
 6.20000e+01  1.68904e-03 
 6.25000e+01  1.93832e-03 
 6.30000e+01  2.14104e-03 
 6.35000e+01  2.25256e-03 
 6.40000e+01  2.14992e-03 
 6.45000e+01  2.21120e-03 
 6.50000e+01  2.28224e-03 
 6.55000e+01  2.34656e-03 
 6.60000e+01  2.15704e-03 
 6.65000e+01  2.19120e-03 
 6.70000e+01  2.40424e-03 
 6.75000e+01  2.44312e-03 
 6.80000e+01  2.74144e-03 
 6.85000e+01  2.78568e-03 
 6.90000e+01  2.77728e-03 
 6.95000e+01  2.94032e-03 
 7.00000e+01  2.82696e-03 
 7.05000e+01  3.12176e-03 
 7.10000e+01  3.05056e-03 
 7.15000e+01  3.38720e-03 
 7.20000e+01  3.15960e-03 
 7.25000e+01  3.01000e-03 
 7.30000e+01  3.32280e-03 
 7.35000e+01  3.09464e-03 
 7.40000e+01  2.85312e-03 
 7.45000e+01  3.15608e-03 
 7.50000e+01  3.36240e-03 
 7.55000e+01  3.94216e-03 
 7.60000e+01  4.20728e-03 
 7.65000e+01  3.94488e-03 
 7.70000e+01  3.73408e-03 
 7.75000e+01  4.47208e-03 
 7.80000e+01  4.38952e-03 
 7.85000e+01  4.83176e-03 
 7.90000e+01  4.67808e-03 
 7.95000e+01  4.70840e-03 
 8.00000e+01  5.00504e-03 
 8.05000e+01  4.66528e-03 
 8.10000e+01  4.43512e-03 
 8.15000e+01  4.90800e-03 
 8.20000e+01  4.74816e-03 
 8.25000e+01  4.80048e-03 
 8.30000e+01  4.51608e-03 
 8.35000e+01  4.70928e-03 
 8.40000e+01  5.50744e-03 
 8.45000e+01  5.74256e-03 
 8.50000e+01  5.62216e-03 
 8.55000e+01  5.78416e-03 
 8.60000e+01  6.52808e-03 
 8.65000e+01  6.60720e-03 
 8.70000e+01  7.75640e-03 
 8.75000e+01  6.68480e-03 
 8.80000e+01  6.48856e-03 
 8.85000e+01  6.70072e-03 
 8.90000e+01  7.24152e-03 
 8.95000e+01  7.00208e-03 
 9.00000e+01  6.72632e-03 
 9.05000e+01  8.24352e-03 
 9.10000e+01  7.33296e-03 
 9.15000e+01  8.43632e-03 
 9.20000e+01  7.51096e-03 
 9.25000e+01  8.27592e-03 
 9.30000e+01  8.18096e-03 
 9.35000e+01  8.47088e-03 
 9.40000e+01  9.42240e-03 
 9.45000e+01  1.00446e-02 
 9.50000e+01  1.04056e-02 
 9.55000e+01  9.60056e-03 
 9.60000e+01  1.06120e-02 
 9.65000e+01  1.05232e-02 
 9.70000e+01  1.12174e-02 
 9.75000e+01  1.10830e-02 
 9.80000e+01  1.26687e-02 
 9.85000e+01  1.25846e-02 
 9.90000e+01  1.51694e-02 
 9.95000e+01  1.65840e-02 
 1.00000e+02  1.74435e-02 
 1.00500e+02  1.88206e-02 
 1.01000e+02  1.94361e-02 
 1.01500e+02  1.84782e-02 
 1.02000e+02  1.95324e-02 
 1.02500e+02  1.94161e-02 
 1.03000e+02  2.03329e-02 
 1.03500e+02  2.23832e-02 
 1.04000e+02  2.36718e-02 
 1.04500e+02  2.67233e-02 
 1.05000e+02  2.76883e-02 
 1.05500e+02  3.00051e-02 
 1.06000e+02  2.97556e-02 
 1.06500e+02  3.02842e-02 
 1.07000e+02  3.17342e-02 
 1.07500e+02  3.45955e-02 
 1.08000e+02  3.39305e-02 
 1.08500e+02  3.58558e-02 
 1.09000e+02  3.92084e-02 
 1.09500e+02  4.06697e-02 
 1.10000e+02  4.37842e-02 
 1.10500e+02  4.30794e-02 
 1.11000e+02  4.57138e-02 
 1.11500e+02  4.79832e-02 
 1.12000e+02  4.79394e-02 
 1.12500e+02  4.82882e-02 
 1.13000e+02  5.06764e-02 
 1.13500e+02  5.67546e-02 
 1.14000e+02  5.29412e-02 
 1.14500e+02  5.16990e-02 
 1.15000e+02  5.58958e-02 
 1.15500e+02  5.91599e-02 
 1.16000e+02  6.17000e-02 
 1.16500e+02  6.29735e-02 
 1.17000e+02  6.17662e-02 
 1.17500e+02  6.46070e-02 
 1.18000e+02  6.59550e-02 
 1.18500e+02  7.21802e-02 
 1.19000e+02  6.94682e-02 
 1.19500e+02  6.83483e-02 
 1.20000e+02  6.95606e-02 
 1.20500e+02  7.17550e-02 
 1.21000e+02  6.93726e-02 
 1.21500e+02  7.30271e-02 
 1.22000e+02  7.54580e-02 
 1.22500e+02  7.56835e-02 
 1.23000e+02  7.44952e-02 
 1.23500e+02  7.89269e-02 
 1.24000e+02  8.61997e-02 
 1.24500e+02  8.62849e-02 
 1.25000e+02  8.50554e-02 
 1.25500e+02  8.40778e-02 
 1.26000e+02  8.33390e-02 
 1.26500e+02  8.37950e-02 
 1.27000e+02  8.43450e-02 
 1.27500e+02  9.24126e-02 
 1.28000e+02  8.75302e-02 
 1.28500e+02  9.03061e-02 
 1.29000e+02  8.99590e-02 
 1.29500e+02  8.48549e-02 
 1.30000e+02  8.44298e-02 
 1.30500e+02  8.41420e-02 
 1.31000e+02  8.69557e-02 
 1.31500e+02  8.92887e-02 
 1.32000e+02  9.45356e-02 
 1.32500e+02  9.56774e-02 
 1.33000e+02  9.83836e-02 
 1.33500e+02  9.62813e-02 
 1.34000e+02  9.63654e-02 
 1.34500e+02  9.43207e-02 
 1.35000e+02  9.58049e-02 
 1.35500e+02  9.64271e-02 
 1.36000e+02  9.60588e-02 
 1.36500e+02  9.57730e-02 
 1.37000e+02  9.78714e-02 
 1.37500e+02  9.40690e-02 
 1.38000e+02  9.77060e-02 
 1.38500e+02  1.00108e-01 
 1.39000e+02  9.51746e-02 
 1.39500e+02  9.59119e-02 
 1.40000e+02  9.91096e-02 
 1.40500e+02  1.01065e-01 
 1.41000e+02  1.02953e-01 
 1.41500e+02  1.02384e-01 
 1.42000e+02  1.03657e-01 
 1.42500e+02  9.89138e-02 
 1.43000e+02  1.00864e-01 
 1.43500e+02  1.01635e-01 
 1.44000e+02  9.83535e-02 
 1.44500e+02  9.44210e-02 
 1.45000e+02  9.83382e-02 
 1.45500e+02  9.46637e-02 
 1.46000e+02  9.61877e-02 
 1.46500e+02  9.83135e-02 
 1.47000e+02  9.74806e-02 
 1.47500e+02  9.79486e-02 
 1.48000e+02  1.03530e-01 
 1.48500e+02  9.84558e-02 
 1.49000e+02  1.01132e-01 
 1.49500e+02  1.03514e-01 
 1.50000e+02  1.06063e-01 
 1.50500e+02  1.08262e-01 
 1.51000e+02  1.07789e-01 
 1.51500e+02  1.07822e-01 
 1.52000e+02  1.09940e-01 
 1.52500e+02  1.13110e-01 
 1.53000e+02  1.12135e-01 
 1.53500e+02  1.14404e-01 
 1.54000e+02  1.15565e-01 
 1.54500e+02  1.14051e-01 
 1.55000e+02  1.10153e-01 
 1.55500e+02  1.08352e-01 
 1.56000e+02  1.03881e-01 
 1.56500e+02  1.02942e-01 
 1.57000e+02  1.06060e-01 
 1.57500e+02  1.04448e-01 
 1.58000e+02  9.80179e-02 
 1.58500e+02  9.47276e-02 
 1.59000e+02  9.51842e-02 
 1.59500e+02  9.85754e-02 
 1.60000e+02  9.87032e-02 
 1.60500e+02  9.85761e-02 
 1.61000e+02  1.03872e-01 
 1.61500e+02  1.06253e-01 
 1.62000e+02  1.03515e-01 
 1.62500e+02  9.91490e-02 
 1.63000e+02  1.00904e-01 
 1.63500e+02  1.00617e-01 
 1.64000e+02  1.00835e-01 
 1.64500e+02  1.01062e-01 
 1.65000e+02  1.00707e-01 
 1.65500e+02  9.88647e-02 
 1.66000e+02  9.98938e-02 
 1.66500e+02  9.80792e-02 
 1.67000e+02  9.70290e-02 
 1.67500e+02  9.91862e-02 
 1.68000e+02  9.96759e-02 
 1.68500e+02  9.45521e-02 
 1.69000e+02  9.26641e-02 
 1.69500e+02  9.17788e-02 
 1.70000e+02  9.64582e-02 
 1.70500e+02  9.65353e-02 
 1.71000e+02  1.00502e-01 
 1.71500e+02  9.48024e-02 
 1.72000e+02  9.80776e-02 
 1.72500e+02  9.56490e-02 
 1.73000e+02  9.80114e-02 
 1.73500e+02  9.08592e-02 
 1.74000e+02  8.80409e-02 
 1.74500e+02  9.12214e-02 
 1.75000e+02  9.23286e-02 
 1.75500e+02  9.09146e-02 
 1.76000e+02  9.18255e-02 
 1.76500e+02  8.71982e-02 
 1.77000e+02  8.83590e-02 
 1.77500e+02  9.21638e-02 
 1.78000e+02  9.47091e-02 
 1.78500e+02  9.16683e-02 
 1.79000e+02  9.23290e-02 
 1.79500e+02  8.59154e-02 
 1.80000e+02  8.60407e-02 
 1.80500e+02  8.68339e-02 
 1.81000e+02  8.94753e-02 
 1.81500e+02  9.04605e-02 
 1.82000e+02  9.02298e-02 
 1.82500e+02  8.64131e-02 
 1.83000e+02  8.19962e-02 
 1.83500e+02  8.22329e-02 
 1.84000e+02  8.01044e-02 
 1.84500e+02  8.01306e-02 
 1.85000e+02  7.75429e-02 
 1.85500e+02  7.40935e-02 
 1.86000e+02  7.85007e-02 
 1.86500e+02  7.68682e-02 
 1.87000e+02  7.47740e-02 
 1.87500e+02  7.51542e-02 
 1.88000e+02  7.19599e-02 
 1.88500e+02  7.22133e-02 
 1.89000e+02  7.35615e-02 
 1.89500e+02  7.45324e-02 
 1.90000e+02  7.17600e-02 
 1.90500e+02  7.47460e-02 
 1.91000e+02  7.66256e-02 
 1.91500e+02  6.93886e-02 
 1.92000e+02  6.85310e-02 
 1.92500e+02  6.76570e-02 
 1.93000e+02  6.74859e-02 
 1.93500e+02  6.98236e-02 
 1.94000e+02  6.86500e-02 
 1.94500e+02  6.48526e-02 
 1.95000e+02  6.57737e-02 
 1.95500e+02  6.30613e-02 
 1.96000e+02  5.95523e-02 
 1.96500e+02  6.09814e-02 
 1.97000e+02  5.76674e-02 
 1.97500e+02  5.89553e-02 
 1.98000e+02  6.26462e-02 
 1.98500e+02  6.15426e-02 
 1.99000e+02  5.61194e-02 
 1.99500e+02  5.72877e-02 
 2.00000e+02  5.33702e-02 
 2.00500e+02  5.51382e-02 
 2.01000e+02  5.42826e-02 
 2.01500e+02  5.41343e-02 
 2.02000e+02  5.40246e-02 
 2.02500e+02  4.81578e-02 
 2.03000e+02  4.84885e-02 
 2.03500e+02  4.31037e-02 
 2.04000e+02  4.45799e-02 
 2.04500e+02  4.22453e-02 
 2.05000e+02  4.51195e-02 
 2.05500e+02  4.36710e-02 
 2.06000e+02  3.92107e-02 
 2.06500e+02  3.76900e-02 
 2.07000e+02  3.72507e-02 
 2.07500e+02  3.75336e-02 
 2.08000e+02  3.66760e-02 
 2.08500e+02  3.43873e-02 
 2.09000e+02  2.97446e-02 
 2.09500e+02  2.90050e-02 
 2.10000e+02  3.12950e-02 
 2.10500e+02  3.07620e-02 
 2.11000e+02  2.51358e-02 
 2.11500e+02  2.50409e-02 
 2.12000e+02  2.34975e-02 
 2.12500e+02  2.08107e-02 
 2.13000e+02  2.00145e-02 
 2.13500e+02  1.88992e-02 
 2.14000e+02  1.93508e-02 
 2.14500e+02  1.85838e-02 
 2.15000e+02  1.66892e-02 
 2.15500e+02  1.48634e-02 
 2.16000e+02  1.29142e-02 
 2.16500e+02  1.21445e-02 
 2.17000e+02  1.15785e-02 
 2.17500e+02  1.12216e-02 
 2.18000e+02  1.19259e-02 
 2.18500e+02  1.12679e-02 
 2.19000e+02  1.12847e-02 
 2.19500e+02  1.15037e-02 
 2.20000e+02  1.09545e-02 
 2.20500e+02  1.10391e-02 
 2.21000e+02  1.11610e-02 
 2.21500e+02  1.10369e-02 
 2.22000e+02  1.07795e-02 
 2.22500e+02  9.40976e-03 
 2.23000e+02  1.03549e-02 
 2.23500e+02  9.34672e-03 
 2.24000e+02  8.69568e-03 
 2.24500e+02  8.76776e-03 
 2.25000e+02  9.28432e-03 
 2.25500e+02  8.54176e-03 
 2.26000e+02  7.76864e-03 
 2.26500e+02  7.28528e-03 
 2.27000e+02  6.98456e-03 
 2.27500e+02  7.05552e-03 
 2.28000e+02  6.62696e-03 
 2.28500e+02  5.80312e-03 
 2.29000e+02  5.99144e-03 
 2.29500e+02  6.43376e-03 
 2.30000e+02  5.82120e-03 
 2.30500e+02  6.37128e-03 
 2.31000e+02  6.55768e-03 
 2.31500e+02  6.84256e-03 
 2.32000e+02  6.38952e-03 
 2.32500e+02  6.57520e-03 
 2.33000e+02  6.15576e-03 
 2.33500e+02  6.51504e-03 
 2.34000e+02  4.97040e-03 
 2.34500e+02  5.03776e-03 
 2.35000e+02  5.01704e-03 
 2.35500e+02  4.85176e-03 
 2.36000e+02  5.01232e-03 
 2.36500e+02  4.97640e-03 
 2.37000e+02  5.32184e-03 
 2.37500e+02  5.13104e-03 
 2.38000e+02  4.79008e-03 
 2.38500e+02  4.61248e-03 
 2.39000e+02  4.76624e-03 
 2.39500e+02  4.61720e-03 
 2.40000e+02  5.28816e-03 
 2.40500e+02  5.22288e-03 
 2.41000e+02  4.63856e-03 
 2.41500e+02  4.11472e-03 
 2.42000e+02  3.86104e-03 
 2.42500e+02  3.54608e-03 
 2.43000e+02  3.79896e-03 
 2.43500e+02  3.35176e-03 
 2.44000e+02  3.44152e-03 
 2.44500e+02  2.84912e-03 
 2.45000e+02  2.82736e-03 
 2.45500e+02  3.17384e-03 
 2.46000e+02  2.69440e-03 
 2.46500e+02  2.45144e-03 
 2.47000e+02  2.42928e-03 
 2.47500e+02  2.32424e-03 
 2.48000e+02  2.16272e-03 
 2.48500e+02  2.11392e-03 
 2.49000e+02  2.10072e-03 
 2.49500e+02  2.11120e-03 
 2.50000e+02  2.11456e-03 
 2.50500e+02  2.11936e-03 
 2.51000e+02  1.60736e-03 
 2.51500e+02  1.81752e-03 
 2.52000e+02  1.52536e-03 
 2.52500e+02  1.34400e-03 
 2.53000e+02  1.41728e-03 
 2.53500e+02  1.37288e-03 
 2.54000e+02  1.36504e-03 
 2.54500e+02  1.07096e-03 
 2.55000e+02  9.48880e-04 
 2.55500e+02  9.31040e-04 
 2.56000e+02  8.18480e-04 
 2.56500e+02  7.44000e-04 
 2.57000e+02  8.12560e-04 
 2.57500e+02  7.44480e-04 
 2.58000e+02  7.60720e-04 
 2.58500e+02  5.71040e-04 
 2.59000e+02  6.73280e-04 
 2.59500e+02  7.66000e-04 
 2.60000e+02  6.94240e-04 
 2.60500e+02  5.20640e-04 
 2.61000e+02  5.31120e-04 
 2.61500e+02  3.71360e-04 
 2.62000e+02  3.50720e-04 
 2.62500e+02  4.24880e-04 
 2.63000e+02  4.68960e-04 
 2.63500e+02  3.60800e-04 
 2.64000e+02  2.80320e-04 
 2.64500e+02  3.34960e-04 
 2.65000e+02  3.14880e-04 
 2.65500e+02  2.92880e-04 
 2.66000e+02  2.34240e-04 
 2.66500e+02  1.83840e-04 
 2.67000e+02  1.69680e-04 
 2.67500e+02  1.33680e-04 
 2.68000e+02  1.39040e-04 
 2.68500e+02  1.18800e-04 
 2.69000e+02  8.13600e-05 
 2.69500e+02  8.84000e-05 
 2.70000e+02  1.09680e-04 
 2.70500e+02  1.34400e-04 
 2.71000e+02  1.20960e-04 
 2.71500e+02  6.97600e-05 
 2.72000e+02  8.24800e-05 
 2.72500e+02  5.79200e-05 
 2.73000e+02  6.55200e-05 
 2.73500e+02  8.31200e-05 
 2.74000e+02  5.42400e-05 
 2.74500e+02  6.10400e-05 
 2.75000e+02  4.80000e-05 
 2.75500e+02  4.86400e-05 
 2.76000e+02  5.16800e-05 
 2.76500e+02  5.71200e-05 
 2.77000e+02  7.14400e-05 
 2.77500e+02  7.15200e-05 
 2.78000e+02  6.80000e-05 
 2.78500e+02  6.56000e-05 
 2.79000e+02  2.95200e-05 
 2.79500e+02  3.08800e-05 
 2.80000e+02  3.92800e-05 
 2.80500e+02  1.88800e-05 
 2.81000e+02  1.88000e-05 
 2.81500e+02  2.04800e-05 
 2.82000e+02  2.15200e-05 
 2.82500e+02  2.83200e-05 
 2.83000e+02  1.76000e-05 
 2.83500e+02  1.76800e-05 
 2.84000e+02  1.93600e-05 
 2.84500e+02  2.17600e-05 
 2.85000e+02  1.72000e-05 
 2.85500e+02  1.60000e-05 
 2.86000e+02  1.60000e-05 
 2.86500e+02  1.68800e-05 
 2.87000e+02  1.82400e-05 
 2.87500e+02  1.87200e-05 
 2.88000e+02  2.02400e-05 
 2.88500e+02  2.31200e-05 
 2.89000e+02  3.50400e-05 
 2.89500e+02  1.64000e-05 
 2.90000e+02  1.49600e-05 
 2.90500e+02  1.60800e-05 
 2.91000e+02  1.59200e-05 
 2.91500e+02  1.57600e-05 
 2.92000e+02  1.27200e-05 
 2.92500e+02  1.35200e-05 
 2.93000e+02  1.53600e-05 
 2.93500e+02  1.04000e-05 
 2.94000e+02  1.04000e-05 
 2.94500e+02  1.12000e-05 
 2.95000e+02  1.21600e-05 
 2.95500e+02  1.36000e-05 
 2.96000e+02  1.48000e-05 
 2.96500e+02  1.94400e-05 
 2.97000e+02  3.32000e-05 
 2.97500e+02  2.36800e-05 
 2.98000e+02  1.27200e-05 
 2.98500e+02  7.60000e-06 
 2.99000e+02  8.24000e-06 
 2.99500e+02  9.60000e-06 
 3.00000e+02  1.04800e-05 
 3.00500e+02  1.32000e-05 
 3.01000e+02  7.44000e-06 
 3.01500e+02  8.08000e-06 
 3.02000e+02  9.12000e-06 
 3.02500e+02  4.48000e-06 
 3.03000e+02  4.72000e-06 
 3.03500e+02  5.68000e-06 
 3.04000e+02  6.32000e-06 
 3.04500e+02  8.48000e-06 
 3.05000e+02  1.30400e-05 
 3.05500e+02  2.88000e-06 
 3.06000e+02  3.36000e-06 
 3.06500e+02  3.60000e-06 
 3.07000e+02  3.84000e-06 
 3.07500e+02  5.44000e-06 
 3.08000e+02  1.11200e-05 
 3.08500e+02  0.00000e+00 
 3.09000e+02  0.00000e+00 
 3.09500e+02  0.00000e+00 
 3.10000e+02  0.00000e+00 
 3.10500e+02  0.00000e+00 
 3.11000e+02  0.00000e+00 
 3.11500e+02  0.00000e+00 
 3.12000e+02  0.00000e+00 
 3.12500e+02  0.00000e+00 
 3.13000e+02  0.00000e+00 
 3.13500e+02  0.00000e+00 
 3.14000e+02  0.00000e+00 
 3.14500e+02  0.00000e+00 
 3.15000e+02  0.00000e+00 
 3.15500e+02  0.00000e+00 
 3.16000e+02  0.00000e+00 
 3.16500e+02  0.00000e+00 
 3.17000e+02  0.00000e+00 
 3.17500e+02  0.00000e+00 
 3.18000e+02  0.00000e+00 
 3.18500e+02  0.00000e+00 
 3.19000e+02  0.00000e+00 
 3.19500e+02  0.00000e+00 
