 0.00000e+00  0.00000e+00 
 5.00000e-01  0.00000e+00 
 1.00000e+00  0.00000e+00 
 1.50000e+00  0.00000e+00 
 2.00000e+00  0.00000e+00 
 2.50000e+00  0.00000e+00 
 3.00000e+00  0.00000e+00 
 3.50000e+00  0.00000e+00 
 4.00000e+00  0.00000e+00 
 4.50000e+00  0.00000e+00 
 5.00000e+00  0.00000e+00 
 5.50000e+00  0.00000e+00 
 6.00000e+00  0.00000e+00 
 6.50000e+00  0.00000e+00 
 7.00000e+00  2.95994e-06 
 7.50000e+00  5.19990e-06 
 8.00000e+00  3.75992e-06 
 8.50000e+00  2.71995e-06 
 9.00000e+00  2.23996e-06 
 9.50000e+00  2.15996e-06 
 1.00000e+01  1.99996e-06 
 1.05000e+01  1.83996e-06 
 1.10000e+01  1.51997e-06 
 1.15000e+01  1.51997e-06 
 1.20000e+01  1.43997e-06 
 1.25000e+01  1.43997e-06 
 1.30000e+01  8.47983e-06 
 1.35000e+01  5.59989e-06 
 1.40000e+01  2.20796e-05 
 1.45000e+01  1.81596e-05 
 1.50000e+01  1.09598e-05 
 1.55000e+01  8.71983e-06 
 1.60000e+01  8.07984e-06 
 1.65000e+01  7.43985e-06 
 1.70000e+01  6.47987e-06 
 1.75000e+01  6.23988e-06 
 1.80000e+01  6.07988e-06 
 1.85000e+01  5.83988e-06 
 1.90000e+01  5.51989e-06 
 1.95000e+01  1.70397e-05 
 2.00000e+01  9.67981e-06 
 2.05000e+01  8.31983e-06 
 2.10000e+01  7.91984e-06 
 2.15000e+01  7.19986e-06 
 2.20000e+01  6.95986e-06 
 2.25000e+01  6.63987e-06 
 2.30000e+01  6.31987e-06 
 2.35000e+01  1.90396e-05 
 2.40000e+01  1.03198e-05 
 2.45000e+01  2.91194e-05 
 2.50000e+01  1.86396e-05 
 2.55000e+01  1.50397e-05 
 2.60000e+01  1.45597e-05 
 2.65000e+01  1.27197e-05 
 2.70000e+01  1.15998e-05 
 2.75000e+01  1.11998e-05 
 2.80000e+01  1.51197e-05 
 2.85000e+01  1.80796e-05 
 2.90000e+01  5.30389e-05 
 2.95000e+01  4.35191e-05 
 3.00000e+01  3.19194e-05 
 3.05000e+01  3.06394e-05 
 3.10000e+01  3.16794e-05 
 3.15000e+01  2.62395e-05 
 3.20000e+01  2.40795e-05 
 3.25000e+01  2.27195e-05 
 3.30000e+01  2.16796e-05 
 3.35000e+01  3.05594e-05 
 3.40000e+01  3.76792e-05 
 3.45000e+01  4.11192e-05 
 3.50000e+01  6.34387e-05 
 3.55000e+01  3.99192e-05 
 3.60000e+01  4.23192e-05 
 3.65000e+01  6.72787e-05 
 3.70000e+01  5.48789e-05 
 3.75000e+01  5.65589e-05 
 3.80000e+01  5.03990e-05 
 3.85000e+01  7.92784e-05 
 3.90000e+01  7.91184e-05 
 3.95000e+01  1.06158e-04 
 4.00000e+01  6.90386e-05 
 4.05000e+01  5.47989e-05 
 4.10000e+01  7.91184e-05 
 4.15000e+01  6.84786e-05 
 4.20000e+01  7.16786e-05 
 4.25000e+01  1.11998e-04 
 4.30000e+01  9.71981e-05 
 4.35000e+01  1.20638e-04 
 4.40000e+01  8.23984e-05 
 4.45000e+01  6.53587e-05 
 4.50000e+01  6.22388e-05 
 4.55000e+01  5.90388e-05 
 4.60000e+01  1.10158e-04 
 4.65000e+01  1.47197e-04 
 4.70000e+01  1.89356e-04 
 4.75000e+01  2.31355e-04 
 4.80000e+01  1.90476e-04 
 4.85000e+01  1.49597e-04 
 4.90000e+01  1.84716e-04 
 4.95000e+01  1.88316e-04 
 5.00000e+01  2.37915e-04 
 5.05000e+01  2.75194e-04 
 5.10000e+01  3.01114e-04 
 5.15000e+01  3.47833e-04 
 5.20000e+01  4.12152e-04 
 5.25000e+01  3.99432e-04 
 5.30000e+01  4.41991e-04 
 5.35000e+01  5.69109e-04 
 5.40000e+01  5.67909e-04 
 5.45000e+01  6.54627e-04 
 5.50000e+01  7.39985e-04 
 5.55000e+01  8.60703e-04 
 5.60000e+01  8.99902e-04 
 5.65000e+01  1.01646e-03 
 5.70000e+01  1.12182e-03 
 5.75000e+01  1.06894e-03 
 5.80000e+01  1.18222e-03 
 5.85000e+01  1.18806e-03 
 5.90000e+01  1.47181e-03 
 5.95000e+01  1.49269e-03 
 6.00000e+01  1.43277e-03 
 6.05000e+01  1.62557e-03 
 6.10000e+01  1.89244e-03 
 6.15000e+01  1.72509e-03 
 6.20000e+01  1.59365e-03 
 6.25000e+01  1.71029e-03 
 6.30000e+01  1.61349e-03 
 6.35000e+01  1.87604e-03 
 6.40000e+01  2.03956e-03 
 6.45000e+01  2.28475e-03 
 6.50000e+01  2.54187e-03 
 6.55000e+01  2.23956e-03 
 6.60000e+01  2.41195e-03 
 6.65000e+01  2.36515e-03 
 6.70000e+01  2.27523e-03 
 6.75000e+01  2.46619e-03 
 6.80000e+01  2.69931e-03 
 6.85000e+01  2.51563e-03 
 6.90000e+01  3.13026e-03 
 6.95000e+01  3.23394e-03 
 7.00000e+01  3.26329e-03 
 7.05000e+01  3.66585e-03 
 7.10000e+01  3.25457e-03 
 7.15000e+01  3.45881e-03 
 7.20000e+01  3.57833e-03 
 7.25000e+01  3.26289e-03 
 7.30000e+01  3.33665e-03 
 7.35000e+01  3.27545e-03 
 7.40000e+01  3.44793e-03 
 7.45000e+01  3.19330e-03 
 7.50000e+01  3.38097e-03 
 7.55000e+01  3.48361e-03 
 7.60000e+01  3.68401e-03 
 7.65000e+01  4.29167e-03 
 7.70000e+01  4.08768e-03 
 7.75000e+01  4.59855e-03 
 7.80000e+01  4.93806e-03 
 7.85000e+01  4.81126e-03 
 7.90000e+01  5.17054e-03 
 7.95000e+01  4.62143e-03 
 8.00000e+01  5.11878e-03 
 8.05000e+01  5.31349e-03 
 8.10000e+01  4.94606e-03 
 8.15000e+01  5.40573e-03 
 8.20000e+01  5.49101e-03 
 8.25000e+01  5.27805e-03 
 8.30000e+01  5.53949e-03 
 8.35000e+01  6.56883e-03 
 8.40000e+01  6.03092e-03 
 8.45000e+01  6.30107e-03 
 8.50000e+01  6.34963e-03 
 8.55000e+01  7.07706e-03 
 8.60000e+01  7.45041e-03 
 8.65000e+01  7.16738e-03 
 8.70000e+01  7.32601e-03 
 8.75000e+01  7.05362e-03 
 8.80000e+01  7.20738e-03 
 8.85000e+01  7.01114e-03 
 8.90000e+01  6.56683e-03 
 8.95000e+01  6.78170e-03 
 9.00000e+01  7.60361e-03 
 9.05000e+01  7.03242e-03 
 9.10000e+01  7.44961e-03 
 9.15000e+01  8.10992e-03 
 9.20000e+01  8.50367e-03 
 9.25000e+01  8.41015e-03 
 9.30000e+01  9.48189e-03 
 9.35000e+01  9.39253e-03 
 9.40000e+01  1.01086e-02 
 9.45000e+01  1.09348e-02 
 9.50000e+01  1.18409e-02 
 9.55000e+01  1.16791e-02 
 9.60000e+01  1.18315e-02 
 9.65000e+01  1.24706e-02 
 9.70000e+01  1.24298e-02 
 9.75000e+01  1.33280e-02 
 9.80000e+01  1.32081e-02 
 9.85000e+01  1.50976e-02 
 9.90000e+01  1.45296e-02 
 9.95000e+01  1.58617e-02 
 1.00000e+02  1.67812e-02 
 1.00500e+02  1.76770e-02 
 1.01000e+02  1.77829e-02 
 1.01500e+02  2.10828e-02 
 1.02000e+02  2.08993e-02 
 1.02500e+02  2.12906e-02 
 1.03000e+02  2.28426e-02 
 1.03500e+02  2.32407e-02 
 1.04000e+02  2.29845e-02 
 1.04500e+02  2.48887e-02 
 1.05000e+02  2.76333e-02 
 1.05500e+02  2.97017e-02 
 1.06000e+02  2.91244e-02 
 1.06500e+02  2.98958e-02 
 1.07000e+02  3.09023e-02 
 1.07500e+02  3.47234e-02 
 1.08000e+02  3.55412e-02 
 1.08500e+02  3.39680e-02 
 1.09000e+02  3.73709e-02 
 1.09500e+02  4.07737e-02 
 1.10000e+02  4.52809e-02 
 1.10500e+02  4.56314e-02 
 1.11000e+02  4.47644e-02 
 1.11500e+02  4.80503e-02 
 1.12000e+02  4.55064e-02 
 1.12500e+02  4.96852e-02 
 1.13000e+02  5.05499e-02 
 1.13500e+02  4.96890e-02 
 1.14000e+02  5.10219e-02 
 1.14500e+02  5.09342e-02 
 1.15000e+02  5.33442e-02 
 1.15500e+02  5.46717e-02 
 1.16000e+02  6.02973e-02 
 1.16500e+02  6.18900e-02 
 1.17000e+02  6.29265e-02 
 1.17500e+02  6.77616e-02 
 1.18000e+02  7.04326e-02 
 1.18500e+02  7.03632e-02 
 1.19000e+02  7.20240e-02 
 1.19500e+02  6.70363e-02 
 1.20000e+02  6.81679e-02 
 1.20500e+02  7.49312e-02 
 1.21000e+02  7.48359e-02 
 1.21500e+02  7.72882e-02 
 1.22000e+02  7.87126e-02 
 1.22500e+02  7.70893e-02 
 1.23000e+02  8.18709e-02 
 1.23500e+02  8.33002e-02 
 1.24000e+02  7.53319e-02 
 1.24500e+02  7.85792e-02 
 1.25000e+02  8.39507e-02 
 1.25500e+02  8.10868e-02 
 1.26000e+02  8.13571e-02 
 1.26500e+02  8.41392e-02 
 1.27000e+02  8.61948e-02 
 1.27500e+02  8.69681e-02 
 1.28000e+02  8.85869e-02 
 1.28500e+02  8.37269e-02 
 1.29000e+02  8.59997e-02 
 1.29500e+02  8.74946e-02 
 1.30000e+02  8.67971e-02 
 1.30500e+02  8.65810e-02 
 1.31000e+02  8.75280e-02 
 1.31500e+02  9.04829e-02 
 1.32000e+02  9.55083e-02 
 1.32500e+02  9.16461e-02 
 1.33000e+02  9.11776e-02 
 1.33500e+02  9.34212e-02 
 1.34000e+02  9.31146e-02 
 1.34500e+02  9.95932e-02 
 1.35000e+02  1.05558e-01 
 1.35500e+02  1.01237e-01 
 1.36000e+02  1.02056e-01 
 1.36500e+02  9.60757e-02 
 1.37000e+02  9.45794e-02 
 1.37500e+02  9.57240e-02 
 1.38000e+02  9.52324e-02 
 1.38500e+02  9.63040e-02 
 1.39000e+02  9.70881e-02 
 1.39500e+02  9.78972e-02 
 1.40000e+02  1.00956e-01 
 1.40500e+02  1.02119e-01 
 1.41000e+02  9.96213e-02 
 1.41500e+02  9.76115e-02 
 1.42000e+02  9.48644e-02 
 1.42500e+02  9.50479e-02 
 1.43000e+02  9.63497e-02 
 1.43500e+02  9.80408e-02 
 1.44000e+02  1.00201e-01 
 1.44500e+02  9.72434e-02 
 1.45000e+02  9.62823e-02 
 1.45500e+02  9.29049e-02 
 1.46000e+02  9.52663e-02 
 1.46500e+02  9.11659e-02 
 1.47000e+02  9.65497e-02 
 1.47500e+02  9.56968e-02 
 1.48000e+02  9.96656e-02 
 1.48500e+02  9.60966e-02 
 1.49000e+02  9.55974e-02 
 1.49500e+02  9.96161e-02 
 1.50000e+02  9.57868e-02 
 1.50500e+02  9.70496e-02 
 1.51000e+02  9.83111e-02 
 1.51500e+02  9.41947e-02 
 1.52000e+02  9.86251e-02 
 1.52500e+02  9.50208e-02 
 1.53000e+02  9.65125e-02 
 1.53500e+02  1.01439e-01 
 1.54000e+02  1.03403e-01 
 1.54500e+02  9.99550e-02 
 1.55000e+02  9.85049e-02 
 1.55500e+02  9.94891e-02 
 1.56000e+02  9.91729e-02 
 1.56500e+02  9.83636e-02 
 1.57000e+02  1.01143e-01 
 1.57500e+02  1.03557e-01 
 1.58000e+02  1.02195e-01 
 1.58500e+02  1.02247e-01 
 1.59000e+02  9.77981e-02 
 1.59500e+02  9.65854e-02 
 1.60000e+02  9.38297e-02 
 1.60500e+02  9.30137e-02 
 1.61000e+02  9.33165e-02 
 1.61500e+02  9.27303e-02 
 1.62000e+02  9.59116e-02 
 1.62500e+02  9.29926e-02 
 1.63000e+02  9.37067e-02 
 1.63500e+02  9.58598e-02 
 1.64000e+02  9.36829e-02 
 1.64500e+02  9.68701e-02 
 1.65000e+02  9.92473e-02 
 1.65500e+02  1.00923e-01 
 1.66000e+02  9.22094e-02 
 1.66500e+02  9.84694e-02 
 1.67000e+02  9.79530e-02 
 1.67500e+02  9.80737e-02 
 1.68000e+02  9.13752e-02 
 1.68500e+02  9.37118e-02 
 1.69000e+02  9.18468e-02 
 1.69500e+02  9.61355e-02 
 1.70000e+02  9.69572e-02 
 1.70500e+02  9.61517e-02 
 1.71000e+02  9.96509e-02 
 1.71500e+02  1.01107e-01 
 1.72000e+02  9.91806e-02 
 1.72500e+02  9.82126e-02 
 1.73000e+02  9.58642e-02 
 1.73500e+02  9.58691e-02 
 1.74000e+02  9.53959e-02 
 1.74500e+02  9.89747e-02 
 1.75000e+02  9.41052e-02 
 1.75500e+02  9.52802e-02 
 1.76000e+02  8.95400e-02 
 1.76500e+02  9.03752e-02 
 1.77000e+02  8.79967e-02 
 1.77500e+02  8.54557e-02 
 1.78000e+02  8.30238e-02 
 1.78500e+02  8.33038e-02 
 1.79000e+02  7.92305e-02 
 1.79500e+02  7.80038e-02 
 1.80000e+02  7.79248e-02 
 1.80500e+02  8.09573e-02 
 1.81000e+02  7.97243e-02 
 1.81500e+02  7.73158e-02 
 1.82000e+02  7.75885e-02 
 1.82500e+02  8.11485e-02 
 1.83000e+02  7.62447e-02 
 1.83500e+02  7.56482e-02 
 1.84000e+02  7.35512e-02 
 1.84500e+02  7.52245e-02 
 1.85000e+02  7.56090e-02 
 1.85500e+02  7.81272e-02 
 1.86000e+02  7.80296e-02 
 1.86500e+02  7.54236e-02 
 1.87000e+02  7.57914e-02 
 1.87500e+02  7.60716e-02 
 1.88000e+02  7.50175e-02 
 1.88500e+02  7.66722e-02 
 1.89000e+02  7.38321e-02 
 1.89500e+02  7.90376e-02 
 1.90000e+02  7.39228e-02 
 1.90500e+02  7.19145e-02 
 1.91000e+02  6.90859e-02 
 1.91500e+02  6.81733e-02 
 1.92000e+02  6.91262e-02 
 1.92500e+02  7.13905e-02 
 1.93000e+02  6.94147e-02 
 1.93500e+02  6.58272e-02 
 1.94000e+02  6.56566e-02 
 1.94500e+02  6.55898e-02 
 1.95000e+02  6.15219e-02 
 1.95500e+02  6.05455e-02 
 1.96000e+02  6.19888e-02 
 1.96500e+02  5.97773e-02 
 1.97000e+02  6.06588e-02 
 1.97500e+02  6.42467e-02 
 1.98000e+02  6.05225e-02 
 1.98500e+02  5.97110e-02 
 1.99000e+02  5.63554e-02 
 1.99500e+02  5.45304e-02 
 2.00000e+02  5.47503e-02 
 2.00500e+02  5.50971e-02 
 2.01000e+02  5.50175e-02 
 2.01500e+02  5.36860e-02 
 2.02000e+02  5.33041e-02 
 2.02500e+02  5.20761e-02 
 2.03000e+02  4.85874e-02 
 2.03500e+02  4.87804e-02 
 2.04000e+02  4.49341e-02 
 2.04500e+02  4.56079e-02 
 2.05000e+02  4.44466e-02 
 2.05500e+02  4.23315e-02 
 2.06000e+02  4.15500e-02 
 2.06500e+02  4.07204e-02 
 2.07000e+02  3.83074e-02 
 2.07500e+02  3.74679e-02 
 2.08000e+02  3.78488e-02 
 2.08500e+02  3.54523e-02 
 2.09000e+02  3.15621e-02 
 2.09500e+02  2.95588e-02 
 2.10000e+02  2.81974e-02 
 2.10500e+02  2.91382e-02 
 2.11000e+02  2.84642e-02 
 2.11500e+02  2.70160e-02 
 2.12000e+02  2.78513e-02 
 2.12500e+02  2.31810e-02 
 2.13000e+02  2.08699e-02 
 2.13500e+02  2.08719e-02 
 2.14000e+02  1.88671e-02 
 2.14500e+02  2.03024e-02 
 2.15000e+02  1.87387e-02 
 2.15500e+02  1.71795e-02 
 2.16000e+02  1.60702e-02 
 2.16500e+02  1.49944e-02 
 2.17000e+02  1.57524e-02 
 2.17500e+02  1.56004e-02 
 2.18000e+02  1.58727e-02 
 2.18500e+02  1.49651e-02 
 2.19000e+02  1.39471e-02 
 2.19500e+02  1.19834e-02 
 2.20000e+02  1.13179e-02 
 2.20500e+02  1.01580e-02 
 2.21000e+02  9.31397e-03 
 2.21500e+02  1.03143e-02 
 2.22000e+02  9.31597e-03 
 2.22500e+02  8.15136e-03 
 2.23000e+02  9.97756e-03 
 2.23500e+02  9.54685e-03 
 2.24000e+02  8.43271e-03 
 2.24500e+02  7.90504e-03 
 2.25000e+02  8.82214e-03 
 2.25500e+02  8.79614e-03 
 2.26000e+02  7.90192e-03 
 2.26500e+02  7.24186e-03 
 2.27000e+02  7.25017e-03 
 2.27500e+02  6.79170e-03 
 2.28000e+02  6.38467e-03 
 2.28500e+02  6.85282e-03 
 2.29000e+02  6.74043e-03 
 2.29500e+02  7.14282e-03 
 2.30000e+02  6.70859e-03 
 2.30500e+02  6.89146e-03 
 2.31000e+02  5.80932e-03 
 2.31500e+02  5.58645e-03 
 2.32000e+02  5.38253e-03 
 2.32500e+02  5.48605e-03 
 2.33000e+02  5.78812e-03 
 2.33500e+02  5.24710e-03 
 2.34000e+02  4.79958e-03 
 2.34500e+02  4.55023e-03 
 2.35000e+02  4.30951e-03 
 2.35500e+02  4.23424e-03 
 2.36000e+02  4.19768e-03 
 2.36500e+02  4.07552e-03 
 2.37000e+02  4.08888e-03 
 2.37500e+02  4.11576e-03 
 2.38000e+02  4.12880e-03 
 2.38500e+02  3.95960e-03 
 2.39000e+02  3.88392e-03 
 2.39500e+02  3.53377e-03 
 2.40000e+02  3.35281e-03 
 2.40500e+02  3.72769e-03 
 2.41000e+02  3.71225e-03 
 2.41500e+02  3.79568e-03 
 2.42000e+02  3.30393e-03 
 2.42500e+02  2.92794e-03 
 2.43000e+02  3.04034e-03 
 2.43500e+02  3.16578e-03 
 2.44000e+02  3.43745e-03 
 2.44500e+02  3.44289e-03 
 2.45000e+02  3.06530e-03 
 2.45500e+02  3.58481e-03 
 2.46000e+02  3.14482e-03 
 2.46500e+02  2.85906e-03 
 2.47000e+02  2.95642e-03 
 2.47500e+02  2.98130e-03 
 2.48000e+02  2.89850e-03 
 2.48500e+02  2.93314e-03 
 2.49000e+02  2.38067e-03 
 2.49500e+02  2.29043e-03 
 2.50000e+02  2.25187e-03 
 2.50500e+02  1.93276e-03 
 2.51000e+02  1.90252e-03 
 2.51500e+02  2.31283e-03 
 2.52000e+02  2.21724e-03 
 2.52500e+02  2.15676e-03 
 2.53000e+02  1.87572e-03 
 2.53500e+02  1.74357e-03 
 2.54000e+02  1.43893e-03 
 2.54500e+02  1.48853e-03 
 2.55000e+02  1.45429e-03 
 2.55500e+02  1.83580e-03 
 2.56000e+02  1.50997e-03 
 2.56500e+02  1.23070e-03 
 2.57000e+02  1.17638e-03 
 2.57500e+02  1.10854e-03 
 2.58000e+02  9.20702e-04 
 2.58500e+02  9.19022e-04 
 2.59000e+02  7.51425e-04 
 2.59500e+02  8.25983e-04 
 2.60000e+02  7.84384e-04 
 2.60500e+02  6.02388e-04 
 2.61000e+02  5.07990e-04 
 2.61500e+02  4.70391e-04 
 2.62000e+02  4.28071e-04 
 2.62500e+02  3.12794e-04 
 2.63000e+02  2.97914e-04 
 2.63500e+02  2.48475e-04 
 2.64000e+02  3.44873e-04 
 2.64500e+02  3.10554e-04 
 2.65000e+02  2.58395e-04 
 2.65500e+02  2.12236e-04 
 2.66000e+02  2.45915e-04 
 2.66500e+02  1.29517e-04 
 2.67000e+02  1.77836e-04 
 2.67500e+02  1.52077e-04 
 2.68000e+02  1.43597e-04 
 2.68500e+02  1.69437e-04 
 2.69000e+02  1.69917e-04 
 2.69500e+02  1.02478e-04 
 2.70000e+02  1.24958e-04 
 2.70500e+02  7.93584e-05 
 2.71000e+02  8.56783e-05 
 2.71500e+02  1.05278e-04 
 2.72000e+02  7.49585e-05 
 2.72500e+02  8.57583e-05 
 2.73000e+02  1.51517e-04 
 2.73500e+02  6.47187e-05 
 2.74000e+02  6.95986e-05 
 2.74500e+02  9.77580e-05 
 2.75000e+02  6.11188e-05 
 2.75500e+02  4.85590e-05 
 2.76000e+02  4.53591e-05 
 2.76500e+02  4.87990e-05 
 2.77000e+02  5.39189e-05 
 2.77500e+02  7.44785e-05 
 2.78000e+02  4.67191e-05 
 2.78500e+02  5.18390e-05 
 2.79000e+02  6.34387e-05 
 2.79500e+02  7.61585e-05 
 2.80000e+02  4.81590e-05 
 2.80500e+02  5.67989e-05 
 2.81000e+02  3.69593e-05 
 2.81500e+02  4.13592e-05 
 2.82000e+02  3.59193e-05 
 2.82500e+02  4.15992e-05 
 2.83000e+02  4.76790e-05 
 2.83500e+02  1.79996e-05 
 2.84000e+02  1.89596e-05 
 2.84500e+02  2.30395e-05 
 2.85000e+02  3.39193e-05 
 2.85500e+02  1.86396e-05 
 2.86000e+02  1.79196e-05 
 2.86500e+02  3.52793e-05 
 2.87000e+02  1.93596e-05 
 2.87500e+02  7.27985e-06 
 2.88000e+02  7.59985e-06 
 2.88500e+02  7.75984e-06 
 2.89000e+02  7.99984e-06 
 2.89500e+02  8.79982e-06 
 2.90000e+02  9.75980e-06 
 2.90500e+02  1.09598e-05 
 2.91000e+02  1.77596e-05 
 2.91500e+02  6.31987e-06 
 2.92000e+02  7.03986e-06 
 2.92500e+02  7.27985e-06 
 2.93000e+02  7.67985e-06 
 2.93500e+02  8.15984e-06 
 2.94000e+02  9.59981e-06 
 2.94500e+02  1.07198e-05 
 2.95000e+02  1.32797e-05 
 2.95500e+02  1.85596e-05 
 2.96000e+02  1.03198e-05 
 2.96500e+02  1.19998e-06 
 2.97000e+02  1.19998e-06 
 2.97500e+02  1.11998e-06 
 2.98000e+02  1.19998e-06 
 2.98500e+02  1.27997e-06 
 2.99000e+02  1.35997e-06 
 2.99500e+02  1.35997e-06 
 3.00000e+02  1.51997e-06 
 3.00500e+02  1.43997e-06 
 3.01000e+02  1.43997e-06 
 3.01500e+02  1.59997e-06 
 3.02000e+02  1.67997e-06 
 3.02500e+02  1.83996e-06 
 3.03000e+02  1.99996e-06 
 3.03500e+02  1.99996e-06 
 3.04000e+02  2.15996e-06 
 3.04500e+02  2.71995e-06 
 3.05000e+02  3.11994e-06 
 3.05500e+02  3.67993e-06 
 3.06000e+02  1.44797e-05 
 3.06500e+02  2.44795e-05 
 3.07000e+02  1.19998e-06 
 3.07500e+02  1.19998e-06 
 3.08000e+02  1.19998e-06 
 3.08500e+02  1.19998e-06 
 3.09000e+02  1.27997e-06 
 3.09500e+02  1.43997e-06 
 3.10000e+02  1.51997e-06 
 3.10500e+02  1.51997e-06 
 3.11000e+02  1.59997e-06 
 3.11500e+02  1.67997e-06 
 3.12000e+02  1.75996e-06 
 3.12500e+02  2.07996e-06 
 3.13000e+02  2.31995e-06 
 3.13500e+02  2.47995e-06 
 3.14000e+02  2.87994e-06 
 3.14500e+02  4.47991e-06 
 3.15000e+02  7.35985e-06 
 3.15500e+02  0.00000e+00 
 3.16000e+02  0.00000e+00 
 3.16500e+02  0.00000e+00 
 3.17000e+02  0.00000e+00 
 3.17500e+02  0.00000e+00 
 3.18000e+02  0.00000e+00 
 3.18500e+02  0.00000e+00 
 3.19000e+02  0.00000e+00 
 3.19500e+02  0.00000e+00 
