 0.00000e+00  8.46240e-04 
 5.00000e-01  9.92320e-04 
 1.00000e+00  7.69440e-04 
 1.50000e+00  6.21600e-04 
 2.00000e+00  5.26640e-04 
 2.50000e+00  4.92400e-04 
 3.00000e+00  4.54640e-04 
 3.50000e+00  4.38800e-04 
 4.00000e+00  4.06320e-04 
 4.50000e+00  4.13760e-04 
 5.00000e+00  3.95600e-04 
 5.50000e+00  3.97840e-04 
 6.00000e+00  3.81200e-04 
 6.50000e+00  3.86640e-04 
 7.00000e+00  3.49360e-04 
 7.50000e+00  3.52480e-04 
 8.00000e+00  3.75120e-04 
 8.50000e+00  3.55920e-04 
 9.00000e+00  3.63120e-04 
 9.50000e+00  3.58960e-04 
 1.00000e+01  3.29440e-04 
 1.05000e+01  3.18160e-04 
 1.10000e+01  3.10880e-04 
 1.15000e+01  3.38000e-04 
 1.20000e+01  3.41360e-04 
 1.25000e+01  3.17360e-04 
 1.30000e+01  3.02800e-04 
 1.35000e+01  3.01920e-04 
 1.40000e+01  2.92080e-04 
 1.45000e+01  3.01280e-04 
 1.50000e+01  3.01600e-04 
 1.55000e+01  3.05440e-04 
 1.60000e+01  3.37600e-04 
 1.65000e+01  3.12800e-04 
 1.70000e+01  3.40560e-04 
 1.75000e+01  3.29520e-04 
 1.80000e+01  3.38640e-04 
 1.85000e+01  3.57280e-04 
 1.90000e+01  3.51280e-04 
 1.95000e+01  3.56480e-04 
 2.00000e+01  3.56000e-04 
 2.05000e+01  3.76880e-04 
 2.10000e+01  3.39120e-04 
 2.15000e+01  3.55680e-04 
 2.20000e+01  3.57840e-04 
 2.25000e+01  3.52960e-04 
 2.30000e+01  3.82000e-04 
 2.35000e+01  3.62720e-04 
 2.40000e+01  3.73440e-04 
 2.45000e+01  4.03520e-04 
 2.50000e+01  4.03840e-04 
 2.55000e+01  3.56720e-04 
 2.60000e+01  3.57280e-04 
 2.65000e+01  3.79760e-04 
 2.70000e+01  3.66240e-04 
 2.75000e+01  4.00560e-04 
 2.80000e+01  3.92400e-04 
 2.85000e+01  3.79760e-04 
 2.90000e+01  3.90640e-04 
 2.95000e+01  3.96720e-04 
 3.00000e+01  4.27120e-04 
 3.05000e+01  4.38400e-04 
 3.10000e+01  3.90640e-04 
 3.15000e+01  4.49520e-04 
 3.20000e+01  4.90560e-04 
 3.25000e+01  5.01360e-04 
 3.30000e+01  4.65440e-04 
 3.35000e+01  4.83200e-04 
 3.40000e+01  5.10880e-04 
 3.45000e+01  5.50000e-04 
 3.50000e+01  5.67440e-04 
 3.55000e+01  5.91360e-04 
 3.60000e+01  6.80320e-04 
 3.65000e+01  8.27040e-04 
 3.70000e+01  8.05360e-04 
 3.75000e+01  8.54080e-04 
 3.80000e+01  1.05088e-03 
 3.85000e+01  1.19768e-03 
 3.90000e+01  1.41984e-03 
 3.95000e+01  1.38840e-03 
 4.00000e+01  1.48440e-03 
 4.05000e+01  1.59880e-03 
 4.10000e+01  1.46736e-03 
 4.15000e+01  1.42904e-03 
 4.20000e+01  1.36960e-03 
 4.25000e+01  1.31224e-03 
 4.30000e+01  1.26024e-03 
 4.35000e+01  1.32472e-03 
 4.40000e+01  1.46536e-03 
 4.45000e+01  1.41112e-03 
 4.50000e+01  1.47896e-03 
 4.55000e+01  1.44184e-03 
 4.60000e+01  1.45704e-03 
 4.65000e+01  1.40760e-03 
 4.70000e+01  1.59736e-03 
 4.75000e+01  1.55984e-03 
 4.80000e+01  1.51064e-03 
 4.85000e+01  1.59912e-03 
 4.90000e+01  1.62240e-03 
 4.95000e+01  1.70696e-03 
 5.00000e+01  1.63200e-03 
 5.05000e+01  1.63176e-03 
 5.10000e+01  1.85344e-03 
 5.15000e+01  1.96136e-03 
 5.20000e+01  1.96848e-03 
 5.25000e+01  2.13120e-03 
 5.30000e+01  2.27792e-03 
 5.35000e+01  2.25008e-03 
 5.40000e+01  2.53936e-03 
 5.45000e+01  2.38104e-03 
 5.50000e+01  2.63248e-03 
 5.55000e+01  2.77936e-03 
 5.60000e+01  3.05128e-03 
 5.65000e+01  3.53048e-03 
 5.70000e+01  3.29216e-03 
 5.75000e+01  3.44704e-03 
 5.80000e+01  3.61760e-03 
 5.85000e+01  3.86488e-03 
 5.90000e+01  3.59088e-03 
 5.95000e+01  3.93680e-03 
 6.00000e+01  3.98912e-03 
 6.05000e+01  4.19648e-03 
 6.10000e+01  4.04784e-03 
 6.15000e+01  4.10080e-03 
 6.20000e+01  3.96784e-03 
 6.25000e+01  4.09904e-03 
 6.30000e+01  4.27456e-03 
 6.35000e+01  4.37432e-03 
 6.40000e+01  4.41992e-03 
 6.45000e+01  4.10408e-03 
 6.50000e+01  4.57512e-03 
 6.55000e+01  4.57104e-03 
 6.60000e+01  5.27808e-03 
 6.65000e+01  5.08800e-03 
 6.70000e+01  4.77056e-03 
 6.75000e+01  5.30512e-03 
 6.80000e+01  5.17576e-03 
 6.85000e+01  5.12872e-03 
 6.90000e+01  4.99056e-03 
 6.95000e+01  5.03816e-03 
 7.00000e+01  4.99712e-03 
 7.05000e+01  5.02736e-03 
 7.10000e+01  5.18152e-03 
 7.15000e+01  5.47992e-03 
 7.20000e+01  5.71784e-03 
 7.25000e+01  5.75264e-03 
 7.30000e+01  5.80288e-03 
 7.35000e+01  5.48080e-03 
 7.40000e+01  5.43640e-03 
 7.45000e+01  5.38520e-03 
 7.50000e+01  6.19264e-03 
 7.55000e+01  6.16120e-03 
 7.60000e+01  6.70552e-03 
 7.65000e+01  6.58648e-03 
 7.70000e+01  6.59688e-03 
 7.75000e+01  7.59880e-03 
 7.80000e+01  7.88648e-03 
 7.85000e+01  7.12824e-03 
 7.90000e+01  7.41344e-03 
 7.95000e+01  7.44984e-03 
 8.00000e+01  7.56040e-03 
 8.05000e+01  7.33520e-03 
 8.10000e+01  7.48856e-03 
 8.15000e+01  7.95168e-03 
 8.20000e+01  7.97920e-03 
 8.25000e+01  8.29896e-03 
 8.30000e+01  8.16704e-03 
 8.35000e+01  8.59952e-03 
 8.40000e+01  9.60024e-03 
 8.45000e+01  1.02474e-02 
 8.50000e+01  1.03585e-02 
 8.55000e+01  1.02226e-02 
 8.60000e+01  9.64840e-03 
 8.65000e+01  9.94968e-03 
 8.70000e+01  9.36256e-03 
 8.75000e+01  9.79176e-03 
 8.80000e+01  9.79000e-03 
 8.85000e+01  1.05448e-02 
 8.90000e+01  1.08650e-02 
 8.95000e+01  1.04366e-02 
 9.00000e+01  1.10735e-02 
 9.05000e+01  1.12685e-02 
 9.10000e+01  1.07322e-02 
 9.15000e+01  1.06894e-02 
 9.20000e+01  1.05300e-02 
 9.25000e+01  1.09289e-02 
 9.30000e+01  1.21845e-02 
 9.35000e+01  1.20490e-02 
 9.40000e+01  1.21711e-02 
 9.45000e+01  1.16089e-02 
 9.50000e+01  1.21863e-02 
 9.55000e+01  1.22926e-02 
 9.60000e+01  1.30362e-02 
 9.65000e+01  1.43410e-02 
 9.70000e+01  1.55850e-02 
 9.75000e+01  1.67069e-02 
 9.80000e+01  1.80505e-02 
 9.85000e+01  1.89748e-02 
 9.90000e+01  1.96066e-02 
 9.95000e+01  2.21270e-02 
 1.00000e+02  2.24758e-02 
 1.00500e+02  2.36866e-02 
 1.01000e+02  2.28090e-02 
 1.01500e+02  2.40114e-02 
 1.02000e+02  2.46682e-02 
 1.02500e+02  2.64681e-02 
 1.03000e+02  2.78094e-02 
 1.03500e+02  2.98866e-02 
 1.04000e+02  3.35906e-02 
 1.04500e+02  3.15333e-02 
 1.05000e+02  3.25662e-02 
 1.05500e+02  3.86514e-02 
 1.06000e+02  3.84564e-02 
 1.06500e+02  3.84802e-02 
 1.07000e+02  4.01118e-02 
 1.07500e+02  4.31990e-02 
 1.08000e+02  4.50514e-02 
 1.08500e+02  4.70480e-02 
 1.09000e+02  5.06930e-02 
 1.09500e+02  5.21106e-02 
 1.10000e+02  5.59215e-02 
 1.10500e+02  6.19344e-02 
 1.11000e+02  6.21110e-02 
 1.11500e+02  6.33935e-02 
 1.12000e+02  6.35175e-02 
 1.12500e+02  6.50540e-02 
 1.13000e+02  6.31009e-02 
 1.13500e+02  6.82656e-02 
 1.14000e+02  7.13198e-02 
 1.14500e+02  7.41566e-02 
 1.15000e+02  7.68558e-02 
 1.15500e+02  8.00071e-02 
 1.16000e+02  8.20815e-02 
 1.16500e+02  8.20570e-02 
 1.17000e+02  8.55926e-02 
 1.17500e+02  8.29824e-02 
 1.18000e+02  8.22690e-02 
 1.18500e+02  8.47926e-02 
 1.19000e+02  8.60862e-02 
 1.19500e+02  9.27536e-02 
 1.20000e+02  9.50479e-02 
 1.20500e+02  9.18154e-02 
 1.21000e+02  8.88658e-02 
 1.21500e+02  9.45842e-02 
 1.22000e+02  9.22294e-02 
 1.22500e+02  9.95469e-02 
 1.23000e+02  9.71403e-02 
 1.23500e+02  9.86797e-02 
 1.24000e+02  9.85716e-02 
 1.24500e+02  1.02460e-01 
 1.25000e+02  1.02714e-01 
 1.25500e+02  1.05629e-01 
 1.26000e+02  1.06657e-01 
 1.26500e+02  1.07902e-01 
 1.27000e+02  1.13860e-01 
 1.27500e+02  1.13746e-01 
 1.28000e+02  1.11076e-01 
 1.28500e+02  1.13599e-01 
 1.29000e+02  1.12142e-01 
 1.29500e+02  1.10649e-01 
 1.30000e+02  1.12585e-01 
 1.30500e+02  1.14483e-01 
 1.31000e+02  1.14560e-01 
 1.31500e+02  1.16628e-01 
 1.32000e+02  1.19707e-01 
 1.32500e+02  1.20328e-01 
 1.33000e+02  1.21313e-01 
 1.33500e+02  1.25436e-01 
 1.34000e+02  1.24691e-01 
 1.34500e+02  1.22153e-01 
 1.35000e+02  1.24609e-01 
 1.35500e+02  1.24880e-01 
 1.36000e+02  1.22690e-01 
 1.36500e+02  1.31641e-01 
 1.37000e+02  1.29933e-01 
 1.37500e+02  1.33104e-01 
 1.38000e+02  1.35523e-01 
 1.38500e+02  1.32228e-01 
 1.39000e+02  1.39408e-01 
 1.39500e+02  1.37188e-01 
 1.40000e+02  1.40127e-01 
 1.40500e+02  1.41041e-01 
 1.41000e+02  1.36383e-01 
 1.41500e+02  1.37400e-01 
 1.42000e+02  1.39268e-01 
 1.42500e+02  1.39321e-01 
 1.43000e+02  1.45915e-01 
 1.43500e+02  1.42785e-01 
 1.44000e+02  1.49620e-01 
 1.44500e+02  1.52981e-01 
 1.45000e+02  1.48491e-01 
 1.45500e+02  1.51728e-01 
 1.46000e+02  1.47517e-01 
 1.46500e+02  1.46849e-01 
 1.47000e+02  1.54210e-01 
 1.47500e+02  1.48120e-01 
 1.48000e+02  1.55825e-01 
 1.48500e+02  1.49532e-01 
 1.49000e+02  1.49772e-01 
 1.49500e+02  1.56695e-01 
 1.50000e+02  1.57580e-01 
 1.50500e+02  1.55976e-01 
 1.51000e+02  1.57968e-01 
 1.51500e+02  1.56712e-01 
 1.52000e+02  1.52208e-01 
 1.52500e+02  1.50642e-01 
 1.53000e+02  1.52576e-01 
 1.53500e+02  1.58013e-01 
 1.54000e+02  1.57461e-01 
 1.54500e+02  1.52592e-01 
 1.55000e+02  1.48970e-01 
 1.55500e+02  1.43154e-01 
 1.56000e+02  1.45668e-01 
 1.56500e+02  1.48242e-01 
 1.57000e+02  1.51587e-01 
 1.57500e+02  1.53839e-01 
 1.58000e+02  1.54162e-01 
 1.58500e+02  1.49866e-01 
 1.59000e+02  1.52936e-01 
 1.59500e+02  1.52480e-01 
 1.60000e+02  1.51148e-01 
 1.60500e+02  1.51872e-01 
 1.61000e+02  1.49035e-01 
 1.61500e+02  1.49661e-01 
 1.62000e+02  1.45244e-01 
 1.62500e+02  1.48798e-01 
 1.63000e+02  1.53538e-01 
 1.63500e+02  1.48870e-01 
 1.64000e+02  1.51610e-01 
 1.64500e+02  1.50939e-01 
 1.65000e+02  1.51600e-01 
 1.65500e+02  1.51576e-01 
 1.66000e+02  1.46839e-01 
 1.66500e+02  1.52701e-01 
 1.67000e+02  1.54300e-01 
 1.67500e+02  1.45948e-01 
 1.68000e+02  1.42566e-01 
 1.68500e+02  1.45613e-01 
 1.69000e+02  1.45051e-01 
 1.69500e+02  1.39792e-01 
 1.70000e+02  1.41106e-01 
 1.70500e+02  1.47844e-01 
 1.71000e+02  1.47317e-01 
 1.71500e+02  1.52389e-01 
 1.72000e+02  1.54124e-01 
 1.72500e+02  1.53588e-01 
 1.73000e+02  1.53706e-01 
 1.73500e+02  1.51215e-01 
 1.74000e+02  1.53300e-01 
 1.74500e+02  1.57652e-01 
 1.75000e+02  1.49390e-01 
 1.75500e+02  1.46507e-01 
 1.76000e+02  1.41034e-01 
 1.76500e+02  1.43698e-01 
 1.77000e+02  1.45388e-01 
 1.77500e+02  1.44148e-01 
 1.78000e+02  1.44201e-01 
 1.78500e+02  1.48004e-01 
 1.79000e+02  1.46167e-01 
 1.79500e+02  1.45540e-01 
 1.80000e+02  1.43930e-01 
 1.80500e+02  1.45593e-01 
 1.81000e+02  1.49086e-01 
 1.81500e+02  1.50603e-01 
 1.82000e+02  1.49290e-01 
 1.82500e+02  1.47269e-01 
 1.83000e+02  1.45323e-01 
 1.83500e+02  1.47090e-01 
 1.84000e+02  1.44540e-01 
 1.84500e+02  1.45167e-01 
 1.85000e+02  1.40569e-01 
 1.85500e+02  1.38532e-01 
 1.86000e+02  1.34772e-01 
 1.86500e+02  1.36666e-01 
 1.87000e+02  1.35426e-01 
 1.87500e+02  1.36559e-01 
 1.88000e+02  1.34262e-01 
 1.88500e+02  1.38974e-01 
 1.89000e+02  1.30848e-01 
 1.89500e+02  1.35522e-01 
 1.90000e+02  1.38240e-01 
 1.90500e+02  1.31837e-01 
 1.91000e+02  1.30349e-01 
 1.91500e+02  1.24907e-01 
 1.92000e+02  1.22664e-01 
 1.92500e+02  1.22818e-01 
 1.93000e+02  1.17117e-01 
 1.93500e+02  1.14702e-01 
 1.94000e+02  1.16035e-01 
 1.94500e+02  1.14943e-01 
 1.95000e+02  1.16402e-01 
 1.95500e+02  1.11324e-01 
 1.96000e+02  1.12977e-01 
 1.96500e+02  1.12121e-01 
 1.97000e+02  1.08947e-01 
 1.97500e+02  1.05081e-01 
 1.98000e+02  1.06410e-01 
 1.98500e+02  1.02159e-01 
 1.99000e+02  1.03717e-01 
 1.99500e+02  9.83514e-02 
 2.00000e+02  9.48597e-02 
 2.00500e+02  9.52086e-02 
 2.01000e+02  9.16413e-02 
 2.01500e+02  8.84952e-02 
 2.02000e+02  8.66177e-02 
 2.02500e+02  8.38625e-02 
 2.03000e+02  8.18000e-02 
 2.03500e+02  7.85698e-02 
 2.04000e+02  8.07578e-02 
 2.04500e+02  8.05424e-02 
 2.05000e+02  8.00878e-02 
 2.05500e+02  7.89353e-02 
 2.06000e+02  7.46552e-02 
 2.06500e+02  7.48682e-02 
 2.07000e+02  6.86217e-02 
 2.07500e+02  6.60177e-02 
 2.08000e+02  6.61934e-02 
 2.08500e+02  6.26866e-02 
 2.09000e+02  6.37146e-02 
 2.09500e+02  6.12966e-02 
 2.10000e+02  5.69259e-02 
 2.10500e+02  5.54494e-02 
 2.11000e+02  5.33418e-02 
 2.11500e+02  5.16734e-02 
 2.12000e+02  4.95073e-02 
 2.12500e+02  4.90097e-02 
 2.13000e+02  4.80659e-02 
 2.13500e+02  4.86460e-02 
 2.14000e+02  4.57466e-02 
 2.14500e+02  4.21702e-02 
 2.15000e+02  4.23356e-02 
 2.15500e+02  4.01640e-02 
 2.16000e+02  3.48832e-02 
 2.16500e+02  3.21122e-02 
 2.17000e+02  3.05407e-02 
 2.17500e+02  3.09319e-02 
 2.18000e+02  2.92070e-02 
 2.18500e+02  2.97408e-02 
 2.19000e+02  2.94808e-02 
 2.19500e+02  2.93061e-02 
 2.20000e+02  2.80598e-02 
 2.20500e+02  2.80913e-02 
 2.21000e+02  2.72478e-02 
 2.21500e+02  2.60726e-02 
 2.22000e+02  2.60090e-02 
 2.22500e+02  2.52780e-02 
 2.23000e+02  2.48241e-02 
 2.23500e+02  2.47729e-02 
 2.24000e+02  2.41950e-02 
 2.24500e+02  2.37016e-02 
 2.25000e+02  2.53028e-02 
 2.25500e+02  2.39222e-02 
 2.26000e+02  2.24444e-02 
 2.26500e+02  2.23359e-02 
 2.27000e+02  2.22350e-02 
 2.27500e+02  2.04596e-02 
 2.28000e+02  2.05238e-02 
 2.28500e+02  2.10323e-02 
 2.29000e+02  2.02556e-02 
 2.29500e+02  2.02486e-02 
 2.30000e+02  2.09482e-02 
 2.30500e+02  2.04158e-02 
 2.31000e+02  1.99022e-02 
 2.31500e+02  2.00486e-02 
 2.32000e+02  1.99263e-02 
 2.32500e+02  1.93996e-02 
 2.33000e+02  1.89533e-02 
 2.33500e+02  1.83458e-02 
 2.34000e+02  1.86086e-02 
 2.34500e+02  1.88922e-02 
 2.35000e+02  1.89323e-02 
 2.35500e+02  1.87130e-02 
 2.36000e+02  1.78790e-02 
 2.36500e+02  1.81999e-02 
 2.37000e+02  1.79532e-02 
 2.37500e+02  1.82091e-02 
 2.38000e+02  1.76146e-02 
 2.38500e+02  1.78154e-02 
 2.39000e+02  1.79997e-02 
 2.39500e+02  1.73351e-02 
 2.40000e+02  1.73318e-02 
 2.40500e+02  1.69984e-02 
 2.41000e+02  1.74307e-02 
 2.41500e+02  1.70190e-02 
 2.42000e+02  1.58231e-02 
 2.42500e+02  1.57240e-02 
 2.43000e+02  1.59324e-02 
 2.43500e+02  1.61594e-02 
 2.44000e+02  1.55252e-02 
 2.44500e+02  1.53523e-02 
 2.45000e+02  1.57636e-02 
 2.45500e+02  1.54837e-02 
 2.46000e+02  1.44668e-02 
 2.46500e+02  1.42342e-02 
 2.47000e+02  1.47260e-02 
 2.47500e+02  1.48644e-02 
 2.48000e+02  1.44378e-02 
 2.48500e+02  1.38260e-02 
 2.49000e+02  1.34342e-02 
 2.49500e+02  1.37977e-02 
 2.50000e+02  1.31542e-02 
 2.50500e+02  1.34514e-02 
 2.51000e+02  1.32794e-02 
 2.51500e+02  1.32738e-02 
 2.52000e+02  1.25744e-02 
 2.52500e+02  1.28125e-02 
 2.53000e+02  1.28573e-02 
 2.53500e+02  1.24382e-02 
 2.54000e+02  1.26799e-02 
 2.54500e+02  1.21934e-02 
 2.55000e+02  1.18946e-02 
 2.55500e+02  1.20720e-02 
 2.56000e+02  1.13236e-02 
 2.56500e+02  1.11697e-02 
 2.57000e+02  1.13565e-02 
 2.57500e+02  1.10238e-02 
 2.58000e+02  1.10924e-02 
 2.58500e+02  1.10668e-02 
 2.59000e+02  1.11201e-02 
 2.59500e+02  1.07612e-02 
 2.60000e+02  1.05986e-02 
 2.60500e+02  1.02739e-02 
 2.61000e+02  1.01820e-02 
 2.61500e+02  9.96272e-03 
 2.62000e+02  9.55904e-03 
 2.62500e+02  9.15368e-03 
 2.63000e+02  8.82888e-03 
 2.63500e+02  8.71240e-03 
 2.64000e+02  8.44064e-03 
 2.64500e+02  8.42168e-03 
 2.65000e+02  8.32200e-03 
 2.65500e+02  8.20408e-03 
 2.66000e+02  8.25424e-03 
 2.66500e+02  8.26848e-03 
 2.67000e+02  8.06632e-03 
 2.67500e+02  7.88640e-03 
 2.68000e+02  7.60856e-03 
 2.68500e+02  7.69656e-03 
 2.69000e+02  7.60800e-03 
 2.69500e+02  7.70112e-03 
 2.70000e+02  7.77768e-03 
 2.70500e+02  7.75224e-03 
 2.71000e+02  7.61280e-03 
 2.71500e+02  7.50352e-03 
 2.72000e+02  7.85688e-03 
 2.72500e+02  7.91488e-03 
 2.73000e+02  7.95440e-03 
 2.73500e+02  8.17312e-03 
 2.74000e+02  8.18736e-03 
 2.74500e+02  8.46968e-03 
 2.75000e+02  8.77000e-03 
 2.75500e+02  9.42744e-03 
 2.76000e+02  9.79776e-03 
 2.76500e+02  9.98432e-03 
 2.77000e+02  1.03371e-02 
 2.77500e+02  9.77920e-03 
 2.78000e+02  8.55560e-03 
 2.78500e+02  7.36064e-03 
 2.79000e+02  6.15656e-03 
 2.79500e+02  5.59896e-03 
 2.80000e+02  4.70776e-03 
 2.80500e+02  4.34528e-03 
 2.81000e+02  4.33048e-03 
 2.81500e+02  4.07824e-03 
 2.82000e+02  3.86272e-03 
 2.82500e+02  3.79496e-03 
 2.83000e+02  3.71272e-03 
 2.83500e+02  3.60904e-03 
 2.84000e+02  3.64824e-03 
 2.84500e+02  3.59328e-03 
 2.85000e+02  3.65136e-03 
 2.85500e+02  3.65920e-03 
 2.86000e+02  3.55832e-03 
 2.86500e+02  3.45456e-03 
 2.87000e+02  3.35720e-03 
 2.87500e+02  3.30952e-03 
 2.88000e+02  3.29184e-03 
 2.88500e+02  3.30712e-03 
 2.89000e+02  3.36784e-03 
 2.89500e+02  3.45448e-03 
 2.90000e+02  3.64896e-03 
 2.90500e+02  3.56264e-03 
 2.91000e+02  3.49944e-03 
 2.91500e+02  3.39544e-03 
 2.92000e+02  3.37296e-03 
 2.92500e+02  3.39984e-03 
 2.93000e+02  3.37184e-03 
 2.93500e+02  3.43040e-03 
 2.94000e+02  3.30472e-03 
 2.94500e+02  3.38064e-03 
 2.95000e+02  3.43016e-03 
 2.95500e+02  3.44544e-03 
 2.96000e+02  3.27616e-03 
 2.96500e+02  3.34608e-03 
 2.97000e+02  3.26752e-03 
 2.97500e+02  3.33768e-03 
 2.98000e+02  3.27960e-03 
 2.98500e+02  3.29624e-03 
 2.99000e+02  3.33688e-03 
 2.99500e+02  3.36616e-03 
 3.00000e+02  3.46680e-03 
 3.00500e+02  3.43608e-03 
 3.01000e+02  3.47400e-03 
 3.01500e+02  3.61304e-03 
 3.02000e+02  3.60376e-03 
 3.02500e+02  3.53200e-03 
 3.03000e+02  3.54000e-03 
 3.03500e+02  3.55576e-03 
 3.04000e+02  3.63512e-03 
 3.04500e+02  3.63160e-03 
 3.05000e+02  3.83000e-03 
 3.05500e+02  3.89536e-03 
 3.06000e+02  3.85120e-03 
 3.06500e+02  3.94696e-03 
 3.07000e+02  3.93952e-03 
 3.07500e+02  3.85600e-03 
 3.08000e+02  3.92864e-03 
 3.08500e+02  3.90736e-03 
 3.09000e+02  3.99248e-03 
 3.09500e+02  4.17056e-03 
 3.10000e+02  4.46888e-03 
 3.10500e+02  4.58264e-03 
 3.11000e+02  4.55544e-03 
 3.11500e+02  4.50512e-03 
 3.12000e+02  4.55728e-03 
 3.12500e+02  4.67736e-03 
 3.13000e+02  4.89600e-03 
 3.13500e+02  5.15456e-03 
 3.14000e+02  5.40312e-03 
 3.14500e+02  5.57224e-03 
 3.15000e+02  5.68272e-03 
 3.15500e+02  5.91248e-03 
 3.16000e+02  6.31600e-03 
 3.16500e+02  6.80488e-03 
 3.17000e+02  7.54864e-03 
 3.17500e+02  8.17664e-03 
 3.18000e+02  8.95856e-03 
 3.18500e+02  1.06671e-02 
 3.19000e+02  1.43654e-02 
 3.19500e+02  3.18349e-02 
