 0.00000e+00  9.19120e-04 
 5.00000e-01  8.83280e-04 
 1.00000e+00  7.09520e-04 
 1.50000e+00  5.47120e-04 
 2.00000e+00  5.05920e-04 
 2.50000e+00  4.57440e-04 
 3.00000e+00  4.36480e-04 
 3.50000e+00  4.16960e-04 
 4.00000e+00  4.13360e-04 
 4.50000e+00  3.97520e-04 
 5.00000e+00  3.74800e-04 
 5.50000e+00  3.56320e-04 
 6.00000e+00  3.62960e-04 
 6.50000e+00  3.41120e-04 
 7.00000e+00  3.40400e-04 
 7.50000e+00  3.44560e-04 
 8.00000e+00  3.70640e-04 
 8.50000e+00  3.45840e-04 
 9.00000e+00  3.32000e-04 
 9.50000e+00  3.18240e-04 
 1.00000e+01  3.13840e-04 
 1.05000e+01  3.13440e-04 
 1.10000e+01  2.94160e-04 
 1.15000e+01  2.83680e-04 
 1.20000e+01  2.97280e-04 
 1.25000e+01  3.13280e-04 
 1.30000e+01  2.99440e-04 
 1.35000e+01  2.90320e-04 
 1.40000e+01  2.85600e-04 
 1.45000e+01  2.77360e-04 
 1.50000e+01  2.90880e-04 
 1.55000e+01  3.11440e-04 
 1.60000e+01  3.07440e-04 
 1.65000e+01  3.15760e-04 
 1.70000e+01  3.75600e-04 
 1.75000e+01  3.34880e-04 
 1.80000e+01  3.44960e-04 
 1.85000e+01  3.47920e-04 
 1.90000e+01  3.49840e-04 
 1.95000e+01  3.30000e-04 
 2.00000e+01  3.26560e-04 
 2.05000e+01  3.26080e-04 
 2.10000e+01  3.20240e-04 
 2.15000e+01  3.13440e-04 
 2.20000e+01  3.82000e-04 
 2.25000e+01  3.36640e-04 
 2.30000e+01  3.60320e-04 
 2.35000e+01  4.37440e-04 
 2.40000e+01  4.34880e-04 
 2.45000e+01  4.18640e-04 
 2.50000e+01  4.00800e-04 
 2.55000e+01  4.02160e-04 
 2.60000e+01  4.06960e-04 
 2.65000e+01  4.19520e-04 
 2.70000e+01  4.01360e-04 
 2.75000e+01  5.00080e-04 
 2.80000e+01  4.62720e-04 
 2.85000e+01  4.14800e-04 
 2.90000e+01  4.23680e-04 
 2.95000e+01  4.22560e-04 
 3.00000e+01  4.38800e-04 
 3.05000e+01  4.11360e-04 
 3.10000e+01  4.36640e-04 
 3.15000e+01  4.55120e-04 
 3.20000e+01  4.39760e-04 
 3.25000e+01  4.84720e-04 
 3.30000e+01  4.89040e-04 
 3.35000e+01  5.46480e-04 
 3.40000e+01  4.98720e-04 
 3.45000e+01  5.44400e-04 
 3.50000e+01  5.46880e-04 
 3.55000e+01  5.35600e-04 
 3.60000e+01  5.22000e-04 
 3.65000e+01  7.21520e-04 
 3.70000e+01  6.89040e-04 
 3.75000e+01  8.92800e-04 
 3.80000e+01  1.09992e-03 
 3.85000e+01  1.16016e-03 
 3.90000e+01  1.19480e-03 
 3.95000e+01  1.41496e-03 
 4.00000e+01  1.48568e-03 
 4.05000e+01  1.44184e-03 
 4.10000e+01  1.44744e-03 
 4.15000e+01  1.35088e-03 
 4.20000e+01  1.29712e-03 
 4.25000e+01  1.37880e-03 
 4.30000e+01  1.29392e-03 
 4.35000e+01  1.26576e-03 
 4.40000e+01  1.39520e-03 
 4.45000e+01  1.42840e-03 
 4.50000e+01  1.39144e-03 
 4.55000e+01  1.48296e-03 
 4.60000e+01  1.50760e-03 
 4.65000e+01  1.49496e-03 
 4.70000e+01  1.52088e-03 
 4.75000e+01  1.67944e-03 
 4.80000e+01  1.62160e-03 
 4.85000e+01  1.59112e-03 
 4.90000e+01  1.74480e-03 
 4.95000e+01  1.65448e-03 
 5.00000e+01  1.95504e-03 
 5.05000e+01  1.87240e-03 
 5.10000e+01  1.85904e-03 
 5.15000e+01  1.95144e-03 
 5.20000e+01  2.05224e-03 
 5.25000e+01  2.26664e-03 
 5.30000e+01  2.46488e-03 
 5.35000e+01  2.28888e-03 
 5.40000e+01  2.46080e-03 
 5.45000e+01  2.41144e-03 
 5.50000e+01  2.55288e-03 
 5.55000e+01  2.64984e-03 
 5.60000e+01  2.48624e-03 
 5.65000e+01  2.60832e-03 
 5.70000e+01  2.96408e-03 
 5.75000e+01  3.08288e-03 
 5.80000e+01  2.87720e-03 
 5.85000e+01  2.96488e-03 
 5.90000e+01  3.20440e-03 
 5.95000e+01  3.53632e-03 
 6.00000e+01  4.00416e-03 
 6.05000e+01  3.59120e-03 
 6.10000e+01  3.81592e-03 
 6.15000e+01  4.11568e-03 
 6.20000e+01  4.04640e-03 
 6.25000e+01  4.01240e-03 
 6.30000e+01  4.59856e-03 
 6.35000e+01  5.09416e-03 
 6.40000e+01  4.58816e-03 
 6.45000e+01  4.69240e-03 
 6.50000e+01  4.63856e-03 
 6.55000e+01  4.89808e-03 
 6.60000e+01  4.91592e-03 
 6.65000e+01  4.84384e-03 
 6.70000e+01  5.11296e-03 
 6.75000e+01  4.77440e-03 
 6.80000e+01  5.57264e-03 
 6.85000e+01  5.35208e-03 
 6.90000e+01  5.47280e-03 
 6.95000e+01  5.15632e-03 
 7.00000e+01  5.57128e-03 
 7.05000e+01  5.39144e-03 
 7.10000e+01  5.36368e-03 
 7.15000e+01  5.42560e-03 
 7.20000e+01  5.30376e-03 
 7.25000e+01  6.36584e-03 
 7.30000e+01  6.15472e-03 
 7.35000e+01  5.93992e-03 
 7.40000e+01  6.41456e-03 
 7.45000e+01  6.05064e-03 
 7.50000e+01  5.88424e-03 
 7.55000e+01  6.06344e-03 
 7.60000e+01  6.09776e-03 
 7.65000e+01  6.48312e-03 
 7.70000e+01  7.07416e-03 
 7.75000e+01  6.97952e-03 
 7.80000e+01  7.15896e-03 
 7.85000e+01  8.07536e-03 
 7.90000e+01  7.71272e-03 
 7.95000e+01  6.96328e-03 
 8.00000e+01  6.55776e-03 
 8.05000e+01  7.10160e-03 
 8.10000e+01  7.71616e-03 
 8.15000e+01  7.98808e-03 
 8.20000e+01  7.54632e-03 
 8.25000e+01  7.48912e-03 
 8.30000e+01  8.53112e-03 
 8.35000e+01  8.61464e-03 
 8.40000e+01  8.02696e-03 
 8.45000e+01  8.01432e-03 
 8.50000e+01  8.79728e-03 
 8.55000e+01  8.17840e-03 
 8.60000e+01  8.55072e-03 
 8.65000e+01  8.93744e-03 
 8.70000e+01  9.68976e-03 
 8.75000e+01  9.82216e-03 
 8.80000e+01  1.00110e-02 
 8.85000e+01  1.08591e-02 
 8.90000e+01  1.08623e-02 
 8.95000e+01  1.18583e-02 
 9.00000e+01  1.15337e-02 
 9.05000e+01  1.18451e-02 
 9.10000e+01  1.12662e-02 
 9.15000e+01  1.18426e-02 
 9.20000e+01  1.27214e-02 
 9.25000e+01  1.36437e-02 
 9.30000e+01  1.28222e-02 
 9.35000e+01  1.27531e-02 
 9.40000e+01  1.33188e-02 
 9.45000e+01  1.29180e-02 
 9.50000e+01  1.44731e-02 
 9.55000e+01  1.64686e-02 
 9.60000e+01  1.64514e-02 
 9.65000e+01  1.67706e-02 
 9.70000e+01  1.71487e-02 
 9.75000e+01  1.93062e-02 
 9.80000e+01  2.04263e-02 
 9.85000e+01  2.09873e-02 
 9.90000e+01  2.29982e-02 
 9.95000e+01  2.23894e-02 
 1.00000e+02  2.42703e-02 
 1.00500e+02  2.73626e-02 
 1.01000e+02  2.81978e-02 
 1.01500e+02  3.01210e-02 
 1.02000e+02  3.15661e-02 
 1.02500e+02  3.10641e-02 
 1.03000e+02  3.27174e-02 
 1.03500e+02  3.51166e-02 
 1.04000e+02  3.58429e-02 
 1.04500e+02  3.80144e-02 
 1.05000e+02  4.00761e-02 
 1.05500e+02  4.21081e-02 
 1.06000e+02  4.12802e-02 
 1.06500e+02  4.36527e-02 
 1.07000e+02  4.58241e-02 
 1.07500e+02  4.83765e-02 
 1.08000e+02  5.23221e-02 
 1.08500e+02  5.24048e-02 
 1.09000e+02  5.54817e-02 
 1.09500e+02  5.85987e-02 
 1.10000e+02  6.03318e-02 
 1.10500e+02  5.91501e-02 
 1.11000e+02  5.85706e-02 
 1.11500e+02  6.23811e-02 
 1.12000e+02  6.49684e-02 
 1.12500e+02  6.64436e-02 
 1.13000e+02  6.57027e-02 
 1.13500e+02  6.72635e-02 
 1.14000e+02  6.60482e-02 
 1.14500e+02  6.95233e-02 
 1.15000e+02  7.03357e-02 
 1.15500e+02  7.28769e-02 
 1.16000e+02  6.95046e-02 
 1.16500e+02  7.16282e-02 
 1.17000e+02  7.31330e-02 
 1.17500e+02  7.38721e-02 
 1.18000e+02  7.60619e-02 
 1.18500e+02  7.78829e-02 
 1.19000e+02  8.23436e-02 
 1.19500e+02  8.58869e-02 
 1.20000e+02  8.87819e-02 
 1.20500e+02  9.47678e-02 
 1.21000e+02  9.06546e-02 
 1.21500e+02  9.42771e-02 
 1.22000e+02  9.80458e-02 
 1.22500e+02  9.82661e-02 
 1.23000e+02  1.02449e-01 
 1.23500e+02  1.02722e-01 
 1.24000e+02  1.06505e-01 
 1.24500e+02  1.05164e-01 
 1.25000e+02  1.03262e-01 
 1.25500e+02  1.03795e-01 
 1.26000e+02  1.05603e-01 
 1.26500e+02  1.11475e-01 
 1.27000e+02  1.08854e-01 
 1.27500e+02  1.08672e-01 
 1.28000e+02  1.15282e-01 
 1.28500e+02  1.13382e-01 
 1.29000e+02  1.20310e-01 
 1.29500e+02  1.20353e-01 
 1.30000e+02  1.21311e-01 
 1.30500e+02  1.21805e-01 
 1.31000e+02  1.21975e-01 
 1.31500e+02  1.22785e-01 
 1.32000e+02  1.21939e-01 
 1.32500e+02  1.17101e-01 
 1.33000e+02  1.21336e-01 
 1.33500e+02  1.19963e-01 
 1.34000e+02  1.19267e-01 
 1.34500e+02  1.19605e-01 
 1.35000e+02  1.24637e-01 
 1.35500e+02  1.27424e-01 
 1.36000e+02  1.25929e-01 
 1.36500e+02  1.24587e-01 
 1.37000e+02  1.32944e-01 
 1.37500e+02  1.30416e-01 
 1.38000e+02  1.29507e-01 
 1.38500e+02  1.29734e-01 
 1.39000e+02  1.34630e-01 
 1.39500e+02  1.36300e-01 
 1.40000e+02  1.34808e-01 
 1.40500e+02  1.43483e-01 
 1.41000e+02  1.37667e-01 
 1.41500e+02  1.42264e-01 
 1.42000e+02  1.39084e-01 
 1.42500e+02  1.43709e-01 
 1.43000e+02  1.51961e-01 
 1.43500e+02  1.41098e-01 
 1.44000e+02  1.41276e-01 
 1.44500e+02  1.42063e-01 
 1.45000e+02  1.43936e-01 
 1.45500e+02  1.47191e-01 
 1.46000e+02  1.49756e-01 
 1.46500e+02  1.51487e-01 
 1.47000e+02  1.49339e-01 
 1.47500e+02  1.48800e-01 
 1.48000e+02  1.46486e-01 
 1.48500e+02  1.47362e-01 
 1.49000e+02  1.48071e-01 
 1.49500e+02  1.52007e-01 
 1.50000e+02  1.53815e-01 
 1.50500e+02  1.53997e-01 
 1.51000e+02  1.50561e-01 
 1.51500e+02  1.52258e-01 
 1.52000e+02  1.54224e-01 
 1.52500e+02  1.55631e-01 
 1.53000e+02  1.57516e-01 
 1.53500e+02  1.48693e-01 
 1.54000e+02  1.52887e-01 
 1.54500e+02  1.48335e-01 
 1.55000e+02  1.49181e-01 
 1.55500e+02  1.54791e-01 
 1.56000e+02  1.53989e-01 
 1.56500e+02  1.57110e-01 
 1.57000e+02  1.58062e-01 
 1.57500e+02  1.58978e-01 
 1.58000e+02  1.61638e-01 
 1.58500e+02  1.57404e-01 
 1.59000e+02  1.58059e-01 
 1.59500e+02  1.56949e-01 
 1.60000e+02  1.55426e-01 
 1.60500e+02  1.53564e-01 
 1.61000e+02  1.57277e-01 
 1.61500e+02  1.55711e-01 
 1.62000e+02  1.54596e-01 
 1.62500e+02  1.53420e-01 
 1.63000e+02  1.57952e-01 
 1.63500e+02  1.53428e-01 
 1.64000e+02  1.52831e-01 
 1.64500e+02  1.56797e-01 
 1.65000e+02  1.54556e-01 
 1.65500e+02  1.54615e-01 
 1.66000e+02  1.57401e-01 
 1.66500e+02  1.59312e-01 
 1.67000e+02  1.62811e-01 
 1.67500e+02  1.66611e-01 
 1.68000e+02  1.62265e-01 
 1.68500e+02  1.60055e-01 
 1.69000e+02  1.54125e-01 
 1.69500e+02  1.53582e-01 
 1.70000e+02  1.52381e-01 
 1.70500e+02  1.49028e-01 
 1.71000e+02  1.62499e-01 
 1.71500e+02  1.58028e-01 
 1.72000e+02  1.53571e-01 
 1.72500e+02  1.54986e-01 
 1.73000e+02  1.49343e-01 
 1.73500e+02  1.52004e-01 
 1.74000e+02  1.51999e-01 
 1.74500e+02  1.56072e-01 
 1.75000e+02  1.56952e-01 
 1.75500e+02  1.52704e-01 
 1.76000e+02  1.54405e-01 
 1.76500e+02  1.53702e-01 
 1.77000e+02  1.53162e-01 
 1.77500e+02  1.58365e-01 
 1.78000e+02  1.55722e-01 
 1.78500e+02  1.63094e-01 
 1.79000e+02  1.56627e-01 
 1.79500e+02  1.53105e-01 
 1.80000e+02  1.52246e-01 
 1.80500e+02  1.48473e-01 
 1.81000e+02  1.47180e-01 
 1.81500e+02  1.47829e-01 
 1.82000e+02  1.46929e-01 
 1.82500e+02  1.44774e-01 
 1.83000e+02  1.36618e-01 
 1.83500e+02  1.39184e-01 
 1.84000e+02  1.40999e-01 
 1.84500e+02  1.37901e-01 
 1.85000e+02  1.38740e-01 
 1.85500e+02  1.33020e-01 
 1.86000e+02  1.36477e-01 
 1.86500e+02  1.28442e-01 
 1.87000e+02  1.28610e-01 
 1.87500e+02  1.26355e-01 
 1.88000e+02  1.27798e-01 
 1.88500e+02  1.29042e-01 
 1.89000e+02  1.23838e-01 
 1.89500e+02  1.23476e-01 
 1.90000e+02  1.22450e-01 
 1.90500e+02  1.21443e-01 
 1.91000e+02  1.14157e-01 
 1.91500e+02  1.13241e-01 
 1.92000e+02  1.12740e-01 
 1.92500e+02  1.12256e-01 
 1.93000e+02  1.10141e-01 
 1.93500e+02  1.08227e-01 
 1.94000e+02  1.06004e-01 
 1.94500e+02  1.06219e-01 
 1.95000e+02  1.05931e-01 
 1.95500e+02  1.00990e-01 
 1.96000e+02  1.05170e-01 
 1.96500e+02  1.00044e-01 
 1.97000e+02  9.90004e-02 
 1.97500e+02  1.00346e-01 
 1.98000e+02  9.71961e-02 
 1.98500e+02  9.55107e-02 
 1.99000e+02  9.80898e-02 
 1.99500e+02  9.60806e-02 
 2.00000e+02  9.18196e-02 
 2.00500e+02  9.02385e-02 
 2.01000e+02  8.96846e-02 
 2.01500e+02  9.06473e-02 
 2.02000e+02  8.64858e-02 
 2.02500e+02  8.38288e-02 
 2.03000e+02  7.75487e-02 
 2.03500e+02  7.37066e-02 
 2.04000e+02  7.38371e-02 
 2.04500e+02  7.38310e-02 
 2.05000e+02  7.14467e-02 
 2.05500e+02  6.97430e-02 
 2.06000e+02  6.63773e-02 
 2.06500e+02  6.72123e-02 
 2.07000e+02  6.82756e-02 
 2.07500e+02  6.59957e-02 
 2.08000e+02  6.66440e-02 
 2.08500e+02  6.41546e-02 
 2.09000e+02  6.41706e-02 
 2.09500e+02  6.11515e-02 
 2.10000e+02  5.87697e-02 
 2.10500e+02  5.46751e-02 
 2.11000e+02  5.14652e-02 
 2.11500e+02  4.86942e-02 
 2.12000e+02  4.47771e-02 
 2.12500e+02  4.55294e-02 
 2.13000e+02  4.18428e-02 
 2.13500e+02  4.06073e-02 
 2.14000e+02  4.20330e-02 
 2.14500e+02  3.84541e-02 
 2.15000e+02  3.60178e-02 
 2.15500e+02  3.34922e-02 
 2.16000e+02  3.27516e-02 
 2.16500e+02  3.24161e-02 
 2.17000e+02  3.35354e-02 
 2.17500e+02  3.25476e-02 
 2.18000e+02  3.22277e-02 
 2.18500e+02  3.18771e-02 
 2.19000e+02  3.21528e-02 
 2.19500e+02  3.02607e-02 
 2.20000e+02  2.83748e-02 
 2.20500e+02  2.88702e-02 
 2.21000e+02  2.79550e-02 
 2.21500e+02  2.67206e-02 
 2.22000e+02  2.63845e-02 
 2.22500e+02  2.50149e-02 
 2.23000e+02  2.48194e-02 
 2.23500e+02  2.47851e-02 
 2.24000e+02  2.37003e-02 
 2.24500e+02  2.37010e-02 
 2.25000e+02  2.27214e-02 
 2.25500e+02  2.32217e-02 
 2.26000e+02  2.19824e-02 
 2.26500e+02  2.09962e-02 
 2.27000e+02  1.99648e-02 
 2.27500e+02  2.04985e-02 
 2.28000e+02  2.11790e-02 
 2.28500e+02  2.14646e-02 
 2.29000e+02  2.18254e-02 
 2.29500e+02  2.28286e-02 
 2.30000e+02  2.20721e-02 
 2.30500e+02  2.21401e-02 
 2.31000e+02  2.23132e-02 
 2.31500e+02  2.19798e-02 
 2.32000e+02  2.11809e-02 
 2.32500e+02  2.20576e-02 
 2.33000e+02  2.14807e-02 
 2.33500e+02  2.05517e-02 
 2.34000e+02  1.97455e-02 
 2.34500e+02  1.93490e-02 
 2.35000e+02  1.93709e-02 
 2.35500e+02  1.91320e-02 
 2.36000e+02  1.87878e-02 
 2.36500e+02  1.87443e-02 
 2.37000e+02  1.82926e-02 
 2.37500e+02  1.95942e-02 
 2.38000e+02  1.72379e-02 
 2.38500e+02  1.73074e-02 
 2.39000e+02  1.63973e-02 
 2.39500e+02  1.60941e-02 
 2.40000e+02  1.64763e-02 
 2.40500e+02  1.64761e-02 
 2.41000e+02  1.58151e-02 
 2.41500e+02  1.55445e-02 
 2.42000e+02  1.45021e-02 
 2.42500e+02  1.48949e-02 
 2.43000e+02  1.52148e-02 
 2.43500e+02  1.41235e-02 
 2.44000e+02  1.38762e-02 
 2.44500e+02  1.37186e-02 
 2.45000e+02  1.41849e-02 
 2.45500e+02  1.44778e-02 
 2.46000e+02  1.39013e-02 
 2.46500e+02  1.33364e-02 
 2.47000e+02  1.30855e-02 
 2.47500e+02  1.36014e-02 
 2.48000e+02  1.38592e-02 
 2.48500e+02  1.29916e-02 
 2.49000e+02  1.31830e-02 
 2.49500e+02  1.28310e-02 
 2.50000e+02  1.27314e-02 
 2.50500e+02  1.26897e-02 
 2.51000e+02  1.26530e-02 
 2.51500e+02  1.24644e-02 
 2.52000e+02  1.26437e-02 
 2.52500e+02  1.28048e-02 
 2.53000e+02  1.25066e-02 
 2.53500e+02  1.22047e-02 
 2.54000e+02  1.24772e-02 
 2.54500e+02  1.19590e-02 
 2.55000e+02  1.18806e-02 
 2.55500e+02  1.17876e-02 
 2.56000e+02  1.17794e-02 
 2.56500e+02  1.15214e-02 
 2.57000e+02  1.11775e-02 
 2.57500e+02  1.08779e-02 
 2.58000e+02  1.10122e-02 
 2.58500e+02  1.03693e-02 
 2.59000e+02  1.04354e-02 
 2.59500e+02  9.98672e-03 
 2.60000e+02  1.00643e-02 
 2.60500e+02  9.24064e-03 
 2.61000e+02  9.33432e-03 
 2.61500e+02  9.45912e-03 
 2.62000e+02  9.15864e-03 
 2.62500e+02  8.83744e-03 
 2.63000e+02  8.82232e-03 
 2.63500e+02  8.52248e-03 
 2.64000e+02  8.56768e-03 
 2.64500e+02  8.14888e-03 
 2.65000e+02  8.04680e-03 
 2.65500e+02  8.02112e-03 
 2.66000e+02  7.79376e-03 
 2.66500e+02  7.80968e-03 
 2.67000e+02  7.76392e-03 
 2.67500e+02  7.68336e-03 
 2.68000e+02  7.42752e-03 
 2.68500e+02  7.30976e-03 
 2.69000e+02  7.28552e-03 
 2.69500e+02  7.16816e-03 
 2.70000e+02  7.19536e-03 
 2.70500e+02  7.27424e-03 
 2.71000e+02  7.10832e-03 
 2.71500e+02  7.23112e-03 
 2.72000e+02  7.34432e-03 
 2.72500e+02  7.46288e-03 
 2.73000e+02  7.59416e-03 
 2.73500e+02  7.74912e-03 
 2.74000e+02  7.76232e-03 
 2.74500e+02  8.09856e-03 
 2.75000e+02  8.44232e-03 
 2.75500e+02  9.06216e-03 
 2.76000e+02  9.33376e-03 
 2.76500e+02  9.71128e-03 
 2.77000e+02  9.37272e-03 
 2.77500e+02  8.78512e-03 
 2.78000e+02  7.98472e-03 
 2.78500e+02  6.94744e-03 
 2.79000e+02  5.61832e-03 
 2.79500e+02  4.80848e-03 
 2.80000e+02  4.37632e-03 
 2.80500e+02  4.08248e-03 
 2.81000e+02  4.16480e-03 
 2.81500e+02  4.03504e-03 
 2.82000e+02  3.86936e-03 
 2.82500e+02  3.93096e-03 
 2.83000e+02  3.79984e-03 
 2.83500e+02  3.66632e-03 
 2.84000e+02  3.61224e-03 
 2.84500e+02  3.71944e-03 
 2.85000e+02  3.72392e-03 
 2.85500e+02  3.51912e-03 
 2.86000e+02  3.49856e-03 
 2.86500e+02  3.41392e-03 
 2.87000e+02  3.52656e-03 
 2.87500e+02  3.49400e-03 
 2.88000e+02  3.37416e-03 
 2.88500e+02  3.41824e-03 
 2.89000e+02  3.36600e-03 
 2.89500e+02  3.19432e-03 
 2.90000e+02  3.24648e-03 
 2.90500e+02  3.28984e-03 
 2.91000e+02  3.23600e-03 
 2.91500e+02  3.24168e-03 
 2.92000e+02  3.20008e-03 
 2.92500e+02  3.10896e-03 
 2.93000e+02  3.16640e-03 
 2.93500e+02  3.23960e-03 
 2.94000e+02  3.31240e-03 
 2.94500e+02  3.33232e-03 
 2.95000e+02  3.36040e-03 
 2.95500e+02  3.34048e-03 
 2.96000e+02  3.36880e-03 
 2.96500e+02  3.27464e-03 
 2.97000e+02  3.28336e-03 
 2.97500e+02  3.13352e-03 
 2.98000e+02  3.20864e-03 
 2.98500e+02  3.27952e-03 
 2.99000e+02  3.23600e-03 
 2.99500e+02  3.36160e-03 
 3.00000e+02  3.32064e-03 
 3.00500e+02  3.31664e-03 
 3.01000e+02  3.31520e-03 
 3.01500e+02  3.41280e-03 
 3.02000e+02  3.39880e-03 
 3.02500e+02  3.33680e-03 
 3.03000e+02  3.42792e-03 
 3.03500e+02  3.37096e-03 
 3.04000e+02  3.38144e-03 
 3.04500e+02  3.44392e-03 
 3.05000e+02  3.58360e-03 
 3.05500e+02  3.80536e-03 
 3.06000e+02  3.88648e-03 
 3.06500e+02  4.00496e-03 
 3.07000e+02  4.09496e-03 
 3.07500e+02  3.96288e-03 
 3.08000e+02  3.90048e-03 
 3.08500e+02  3.95552e-03 
 3.09000e+02  4.03848e-03 
 3.09500e+02  4.04200e-03 
 3.10000e+02  4.21768e-03 
 3.10500e+02  4.38656e-03 
 3.11000e+02  4.55696e-03 
 3.11500e+02  4.55728e-03 
 3.12000e+02  4.63128e-03 
 3.12500e+02  4.64992e-03 
 3.13000e+02  4.80912e-03 
 3.13500e+02  4.85384e-03 
 3.14000e+02  5.18560e-03 
 3.14500e+02  5.44440e-03 
 3.15000e+02  5.59280e-03 
 3.15500e+02  5.87216e-03 
 3.16000e+02  6.04328e-03 
 3.16500e+02  6.55064e-03 
 3.17000e+02  7.30936e-03 
 3.17500e+02  7.87776e-03 
 3.18000e+02  8.65016e-03 
 3.18500e+02  1.01781e-02 
 3.19000e+02  1.38790e-02 
 3.19500e+02  3.08975e-02 
