 0.00000e+00  7.46880e-04 
 5.00000e-01  8.58000e-04 
 1.00000e+00  6.88640e-04 
 1.50000e+00  5.59600e-04 
 2.00000e+00  4.87040e-04 
 2.50000e+00  4.19760e-04 
 3.00000e+00  4.10560e-04 
 3.50000e+00  4.03600e-04 
 4.00000e+00  4.02560e-04 
 4.50000e+00  3.66080e-04 
 5.00000e+00  3.74240e-04 
 5.50000e+00  3.73520e-04 
 6.00000e+00  3.44400e-04 
 6.50000e+00  3.19280e-04 
 7.00000e+00  3.17040e-04 
 7.50000e+00  3.03120e-04 
 8.00000e+00  2.87440e-04 
 8.50000e+00  2.85600e-04 
 9.00000e+00  2.79440e-04 
 9.50000e+00  2.80960e-04 
 1.00000e+01  2.99520e-04 
 1.05000e+01  3.06080e-04 
 1.10000e+01  2.97520e-04 
 1.15000e+01  2.88880e-04 
 1.20000e+01  2.88160e-04 
 1.25000e+01  3.11360e-04 
 1.30000e+01  3.03440e-04 
 1.35000e+01  3.06960e-04 
 1.40000e+01  2.86720e-04 
 1.45000e+01  2.85120e-04 
 1.50000e+01  2.90640e-04 
 1.55000e+01  2.98560e-04 
 1.60000e+01  2.99840e-04 
 1.65000e+01  3.01920e-04 
 1.70000e+01  2.94720e-04 
 1.75000e+01  3.18640e-04 
 1.80000e+01  3.04560e-04 
 1.85000e+01  3.01280e-04 
 1.90000e+01  3.25280e-04 
 1.95000e+01  3.25600e-04 
 2.00000e+01  3.25520e-04 
 2.05000e+01  3.40240e-04 
 2.10000e+01  3.26000e-04 
 2.15000e+01  3.19680e-04 
 2.20000e+01  3.27120e-04 
 2.25000e+01  3.04080e-04 
 2.30000e+01  2.96560e-04 
 2.35000e+01  3.41040e-04 
 2.40000e+01  3.14160e-04 
 2.45000e+01  3.14320e-04 
 2.50000e+01  3.48480e-04 
 2.55000e+01  3.91840e-04 
 2.60000e+01  4.28560e-04 
 2.65000e+01  4.51760e-04 
 2.70000e+01  4.54320e-04 
 2.75000e+01  4.08880e-04 
 2.80000e+01  3.76560e-04 
 2.85000e+01  3.76480e-04 
 2.90000e+01  3.64800e-04 
 2.95000e+01  4.32000e-04 
 3.00000e+01  4.20320e-04 
 3.05000e+01  4.36160e-04 
 3.10000e+01  4.09680e-04 
 3.15000e+01  4.09200e-04 
 3.20000e+01  4.38480e-04 
 3.25000e+01  4.19600e-04 
 3.30000e+01  4.86000e-04 
 3.35000e+01  4.86560e-04 
 3.40000e+01  4.77280e-04 
 3.45000e+01  5.14320e-04 
 3.50000e+01  4.99760e-04 
 3.55000e+01  5.44080e-04 
 3.60000e+01  6.08960e-04 
 3.65000e+01  6.09760e-04 
 3.70000e+01  7.37200e-04 
 3.75000e+01  7.98720e-04 
 3.80000e+01  9.77200e-04 
 3.85000e+01  1.10608e-03 
 3.90000e+01  1.17264e-03 
 3.95000e+01  1.33984e-03 
 4.00000e+01  1.41112e-03 
 4.05000e+01  1.31504e-03 
 4.10000e+01  1.30192e-03 
 4.15000e+01  1.37048e-03 
 4.20000e+01  1.35736e-03 
 4.25000e+01  1.26712e-03 
 4.30000e+01  1.30632e-03 
 4.35000e+01  1.31984e-03 
 4.40000e+01  1.38592e-03 
 4.45000e+01  1.42584e-03 
 4.50000e+01  1.50304e-03 
 4.55000e+01  1.51088e-03 
 4.60000e+01  1.42144e-03 
 4.65000e+01  1.39864e-03 
 4.70000e+01  1.53040e-03 
 4.75000e+01  1.51696e-03 
 4.80000e+01  1.44696e-03 
 4.85000e+01  1.36400e-03 
 4.90000e+01  1.43360e-03 
 4.95000e+01  1.51432e-03 
 5.00000e+01  1.59112e-03 
 5.05000e+01  1.72672e-03 
 5.10000e+01  1.69744e-03 
 5.15000e+01  1.69432e-03 
 5.20000e+01  1.72512e-03 
 5.25000e+01  1.83592e-03 
 5.30000e+01  2.03136e-03 
 5.35000e+01  2.05984e-03 
 5.40000e+01  2.36368e-03 
 5.45000e+01  2.57560e-03 
 5.50000e+01  2.52040e-03 
 5.55000e+01  2.54016e-03 
 5.60000e+01  2.56984e-03 
 5.65000e+01  2.72600e-03 
 5.70000e+01  2.98400e-03 
 5.75000e+01  3.38880e-03 
 5.80000e+01  3.10376e-03 
 5.85000e+01  3.36560e-03 
 5.90000e+01  3.27408e-03 
 5.95000e+01  3.13224e-03 
 6.00000e+01  3.43368e-03 
 6.05000e+01  3.26784e-03 
 6.10000e+01  3.36048e-03 
 6.15000e+01  3.80824e-03 
 6.20000e+01  3.56264e-03 
 6.25000e+01  3.74520e-03 
 6.30000e+01  4.13360e-03 
 6.35000e+01  4.48640e-03 
 6.40000e+01  4.05432e-03 
 6.45000e+01  4.06768e-03 
 6.50000e+01  4.08288e-03 
 6.55000e+01  3.90496e-03 
 6.60000e+01  4.20816e-03 
 6.65000e+01  4.20568e-03 
 6.70000e+01  3.96696e-03 
 6.75000e+01  4.10208e-03 
 6.80000e+01  4.30096e-03 
 6.85000e+01  4.27712e-03 
 6.90000e+01  4.24400e-03 
 6.95000e+01  4.24656e-03 
 7.00000e+01  4.60192e-03 
 7.05000e+01  4.97056e-03 
 7.10000e+01  5.71480e-03 
 7.15000e+01  5.26704e-03 
 7.20000e+01  5.53560e-03 
 7.25000e+01  5.58168e-03 
 7.30000e+01  5.39576e-03 
 7.35000e+01  5.44896e-03 
 7.40000e+01  5.62696e-03 
 7.45000e+01  5.42968e-03 
 7.50000e+01  5.84808e-03 
 7.55000e+01  5.45560e-03 
 7.60000e+01  5.32632e-03 
 7.65000e+01  5.34272e-03 
 7.70000e+01  5.35464e-03 
 7.75000e+01  5.58328e-03 
 7.80000e+01  6.35048e-03 
 7.85000e+01  6.33632e-03 
 7.90000e+01  6.69600e-03 
 7.95000e+01  7.08048e-03 
 8.00000e+01  7.35960e-03 
 8.05000e+01  7.65424e-03 
 8.10000e+01  7.52200e-03 
 8.15000e+01  7.76544e-03 
 8.20000e+01  7.90080e-03 
 8.25000e+01  7.75816e-03 
 8.30000e+01  7.70072e-03 
 8.35000e+01  8.31448e-03 
 8.40000e+01  8.79032e-03 
 8.45000e+01  8.44528e-03 
 8.50000e+01  9.14312e-03 
 8.55000e+01  8.84544e-03 
 8.60000e+01  8.93656e-03 
 8.65000e+01  9.23720e-03 
 8.70000e+01  8.94576e-03 
 8.75000e+01  9.15384e-03 
 8.80000e+01  9.29976e-03 
 8.85000e+01  8.62816e-03 
 8.90000e+01  9.23512e-03 
 8.95000e+01  1.04351e-02 
 9.00000e+01  9.95936e-03 
 9.05000e+01  1.08365e-02 
 9.10000e+01  1.01002e-02 
 9.15000e+01  1.04730e-02 
 9.20000e+01  1.11853e-02 
 9.25000e+01  1.03942e-02 
 9.30000e+01  1.06695e-02 
 9.35000e+01  1.21874e-02 
 9.40000e+01  1.22423e-02 
 9.45000e+01  1.26591e-02 
 9.50000e+01  1.33227e-02 
 9.55000e+01  1.27690e-02 
 9.60000e+01  1.36903e-02 
 9.65000e+01  1.51666e-02 
 9.70000e+01  1.50640e-02 
 9.75000e+01  1.53622e-02 
 9.80000e+01  1.70624e-02 
 9.85000e+01  1.92505e-02 
 9.90000e+01  2.02881e-02 
 9.95000e+01  2.08041e-02 
 1.00000e+02  2.19932e-02 
 1.00500e+02  2.28282e-02 
 1.01000e+02  2.35434e-02 
 1.01500e+02  2.47710e-02 
 1.02000e+02  2.80818e-02 
 1.02500e+02  2.74435e-02 
 1.03000e+02  3.10822e-02 
 1.03500e+02  3.31958e-02 
 1.04000e+02  3.64661e-02 
 1.04500e+02  3.73832e-02 
 1.05000e+02  3.82508e-02 
 1.05500e+02  4.26602e-02 
 1.06000e+02  4.26579e-02 
 1.06500e+02  4.34742e-02 
 1.07000e+02  4.78493e-02 
 1.07500e+02  5.05749e-02 
 1.08000e+02  4.96523e-02 
 1.08500e+02  5.42934e-02 
 1.09000e+02  5.57143e-02 
 1.09500e+02  5.63137e-02 
 1.10000e+02  5.86450e-02 
 1.10500e+02  6.13707e-02 
 1.11000e+02  6.14764e-02 
 1.11500e+02  6.34802e-02 
 1.12000e+02  6.32368e-02 
 1.12500e+02  6.73648e-02 
 1.13000e+02  6.60374e-02 
 1.13500e+02  6.64052e-02 
 1.14000e+02  7.16958e-02 
 1.14500e+02  7.37270e-02 
 1.15000e+02  7.52337e-02 
 1.15500e+02  7.67751e-02 
 1.16000e+02  7.55385e-02 
 1.16500e+02  7.72801e-02 
 1.17000e+02  8.10740e-02 
 1.17500e+02  8.21942e-02 
 1.18000e+02  8.53630e-02 
 1.18500e+02  8.60814e-02 
 1.19000e+02  8.83101e-02 
 1.19500e+02  9.01974e-02 
 1.20000e+02  9.14083e-02 
 1.20500e+02  9.11608e-02 
 1.21000e+02  9.07646e-02 
 1.21500e+02  9.26146e-02 
 1.22000e+02  9.38668e-02 
 1.22500e+02  9.47721e-02 
 1.23000e+02  9.52882e-02 
 1.23500e+02  9.62811e-02 
 1.24000e+02  1.01294e-01 
 1.24500e+02  1.01796e-01 
 1.25000e+02  1.03924e-01 
 1.25500e+02  1.06552e-01 
 1.26000e+02  1.11570e-01 
 1.26500e+02  1.12231e-01 
 1.27000e+02  1.06449e-01 
 1.27500e+02  1.09431e-01 
 1.28000e+02  1.11722e-01 
 1.28500e+02  1.12396e-01 
 1.29000e+02  1.21750e-01 
 1.29500e+02  1.20860e-01 
 1.30000e+02  1.19167e-01 
 1.30500e+02  1.23072e-01 
 1.31000e+02  1.19936e-01 
 1.31500e+02  1.25531e-01 
 1.32000e+02  1.24615e-01 
 1.32500e+02  1.28904e-01 
 1.33000e+02  1.29162e-01 
 1.33500e+02  1.34396e-01 
 1.34000e+02  1.28266e-01 
 1.34500e+02  1.29709e-01 
 1.35000e+02  1.24642e-01 
 1.35500e+02  1.28070e-01 
 1.36000e+02  1.28970e-01 
 1.36500e+02  1.28657e-01 
 1.37000e+02  1.30444e-01 
 1.37500e+02  1.33887e-01 
 1.38000e+02  1.37722e-01 
 1.38500e+02  1.34307e-01 
 1.39000e+02  1.39379e-01 
 1.39500e+02  1.36911e-01 
 1.40000e+02  1.42836e-01 
 1.40500e+02  1.40868e-01 
 1.41000e+02  1.37133e-01 
 1.41500e+02  1.35861e-01 
 1.42000e+02  1.37762e-01 
 1.42500e+02  1.38986e-01 
 1.43000e+02  1.40532e-01 
 1.43500e+02  1.40315e-01 
 1.44000e+02  1.36026e-01 
 1.44500e+02  1.39802e-01 
 1.45000e+02  1.44617e-01 
 1.45500e+02  1.44815e-01 
 1.46000e+02  1.46179e-01 
 1.46500e+02  1.44597e-01 
 1.47000e+02  1.37477e-01 
 1.47500e+02  1.39440e-01 
 1.48000e+02  1.45907e-01 
 1.48500e+02  1.47367e-01 
 1.49000e+02  1.42445e-01 
 1.49500e+02  1.46562e-01 
 1.50000e+02  1.50430e-01 
 1.50500e+02  1.43269e-01 
 1.51000e+02  1.45011e-01 
 1.51500e+02  1.46237e-01 
 1.52000e+02  1.48736e-01 
 1.52500e+02  1.50067e-01 
 1.53000e+02  1.52067e-01 
 1.53500e+02  1.55939e-01 
 1.54000e+02  1.50764e-01 
 1.54500e+02  1.47818e-01 
 1.55000e+02  1.49641e-01 
 1.55500e+02  1.53798e-01 
 1.56000e+02  1.50407e-01 
 1.56500e+02  1.47273e-01 
 1.57000e+02  1.45237e-01 
 1.57500e+02  1.40021e-01 
 1.58000e+02  1.39646e-01 
 1.58500e+02  1.44340e-01 
 1.59000e+02  1.47818e-01 
 1.59500e+02  1.44368e-01 
 1.60000e+02  1.48388e-01 
 1.60500e+02  1.44330e-01 
 1.61000e+02  1.50828e-01 
 1.61500e+02  1.50841e-01 
 1.62000e+02  1.59773e-01 
 1.62500e+02  1.57282e-01 
 1.63000e+02  1.51565e-01 
 1.63500e+02  1.50104e-01 
 1.64000e+02  1.48546e-01 
 1.64500e+02  1.49833e-01 
 1.65000e+02  1.52025e-01 
 1.65500e+02  1.54985e-01 
 1.66000e+02  1.48714e-01 
 1.66500e+02  1.48049e-01 
 1.67000e+02  1.49644e-01 
 1.67500e+02  1.53282e-01 
 1.68000e+02  1.50482e-01 
 1.68500e+02  1.50189e-01 
 1.69000e+02  1.49896e-01 
 1.69500e+02  1.55330e-01 
 1.70000e+02  1.55048e-01 
 1.70500e+02  1.55989e-01 
 1.71000e+02  1.59106e-01 
 1.71500e+02  1.61813e-01 
 1.72000e+02  1.55627e-01 
 1.72500e+02  1.54264e-01 
 1.73000e+02  1.50830e-01 
 1.73500e+02  1.48818e-01 
 1.74000e+02  1.48763e-01 
 1.74500e+02  1.49794e-01 
 1.75000e+02  1.50230e-01 
 1.75500e+02  1.52172e-01 
 1.76000e+02  1.48690e-01 
 1.76500e+02  1.49765e-01 
 1.77000e+02  1.52098e-01 
 1.77500e+02  1.51834e-01 
 1.78000e+02  1.43650e-01 
 1.78500e+02  1.43406e-01 
 1.79000e+02  1.47761e-01 
 1.79500e+02  1.43484e-01 
 1.80000e+02  1.43231e-01 
 1.80500e+02  1.46711e-01 
 1.81000e+02  1.45363e-01 
 1.81500e+02  1.40825e-01 
 1.82000e+02  1.39860e-01 
 1.82500e+02  1.38420e-01 
 1.83000e+02  1.37328e-01 
 1.83500e+02  1.40481e-01 
 1.84000e+02  1.44594e-01 
 1.84500e+02  1.33507e-01 
 1.85000e+02  1.30897e-01 
 1.85500e+02  1.31428e-01 
 1.86000e+02  1.24637e-01 
 1.86500e+02  1.26389e-01 
 1.87000e+02  1.24582e-01 
 1.87500e+02  1.20148e-01 
 1.88000e+02  1.19366e-01 
 1.88500e+02  1.21070e-01 
 1.89000e+02  1.20084e-01 
 1.89500e+02  1.18056e-01 
 1.90000e+02  1.20313e-01 
 1.90500e+02  1.22043e-01 
 1.91000e+02  1.20232e-01 
 1.91500e+02  1.22689e-01 
 1.92000e+02  1.18683e-01 
 1.92500e+02  1.13453e-01 
 1.93000e+02  1.08967e-01 
 1.93500e+02  1.03060e-01 
 1.94000e+02  1.02988e-01 
 1.94500e+02  1.01683e-01 
 1.95000e+02  1.01854e-01 
 1.95500e+02  1.04745e-01 
 1.96000e+02  9.84206e-02 
 1.96500e+02  9.72294e-02 
 1.97000e+02  9.74022e-02 
 1.97500e+02  9.56221e-02 
 1.98000e+02  8.89132e-02 
 1.98500e+02  8.95412e-02 
 1.99000e+02  8.91932e-02 
 1.99500e+02  9.14910e-02 
 2.00000e+02  9.09655e-02 
 2.00500e+02  9.30323e-02 
 2.01000e+02  8.98087e-02 
 2.01500e+02  8.57739e-02 
 2.02000e+02  8.65986e-02 
 2.02500e+02  8.50098e-02 
 2.03000e+02  8.19004e-02 
 2.03500e+02  8.22730e-02 
 2.04000e+02  7.78786e-02 
 2.04500e+02  7.83217e-02 
 2.05000e+02  7.89796e-02 
 2.05500e+02  7.75206e-02 
 2.06000e+02  7.45286e-02 
 2.06500e+02  7.15397e-02 
 2.07000e+02  6.97798e-02 
 2.07500e+02  6.43082e-02 
 2.08000e+02  6.53859e-02 
 2.08500e+02  6.53306e-02 
 2.09000e+02  6.50126e-02 
 2.09500e+02  6.15475e-02 
 2.10000e+02  5.93816e-02 
 2.10500e+02  5.86323e-02 
 2.11000e+02  5.60729e-02 
 2.11500e+02  5.31554e-02 
 2.12000e+02  5.02505e-02 
 2.12500e+02  4.86934e-02 
 2.13000e+02  4.78930e-02 
 2.13500e+02  4.35990e-02 
 2.14000e+02  4.08283e-02 
 2.14500e+02  3.91708e-02 
 2.15000e+02  3.53606e-02 
 2.15500e+02  3.61907e-02 
 2.16000e+02  3.33988e-02 
 2.16500e+02  3.22507e-02 
 2.17000e+02  3.34396e-02 
 2.17500e+02  3.28503e-02 
 2.18000e+02  3.05360e-02 
 2.18500e+02  2.94333e-02 
 2.19000e+02  2.96610e-02 
 2.19500e+02  3.13374e-02 
 2.20000e+02  2.82527e-02 
 2.20500e+02  2.72520e-02 
 2.21000e+02  2.66516e-02 
 2.21500e+02  2.68405e-02 
 2.22000e+02  2.68098e-02 
 2.22500e+02  2.71378e-02 
 2.23000e+02  2.73134e-02 
 2.23500e+02  2.53998e-02 
 2.24000e+02  2.49966e-02 
 2.24500e+02  2.44048e-02 
 2.25000e+02  2.53002e-02 
 2.25500e+02  2.57996e-02 
 2.26000e+02  2.41044e-02 
 2.26500e+02  2.38417e-02 
 2.27000e+02  2.47326e-02 
 2.27500e+02  2.36070e-02 
 2.28000e+02  2.25001e-02 
 2.28500e+02  2.03197e-02 
 2.29000e+02  1.99307e-02 
 2.29500e+02  1.98670e-02 
 2.30000e+02  2.02898e-02 
 2.30500e+02  1.98644e-02 
 2.31000e+02  1.99333e-02 
 2.31500e+02  2.02149e-02 
 2.32000e+02  2.05191e-02 
 2.32500e+02  1.94782e-02 
 2.33000e+02  1.89107e-02 
 2.33500e+02  1.86223e-02 
 2.34000e+02  2.00638e-02 
 2.34500e+02  2.02831e-02 
 2.35000e+02  1.90906e-02 
 2.35500e+02  1.79797e-02 
 2.36000e+02  1.79822e-02 
 2.36500e+02  1.76698e-02 
 2.37000e+02  1.75955e-02 
 2.37500e+02  1.86386e-02 
 2.38000e+02  1.80622e-02 
 2.38500e+02  1.68546e-02 
 2.39000e+02  1.71298e-02 
 2.39500e+02  1.79457e-02 
 2.40000e+02  1.76832e-02 
 2.40500e+02  1.74158e-02 
 2.41000e+02  1.73844e-02 
 2.41500e+02  1.70928e-02 
 2.42000e+02  1.67589e-02 
 2.42500e+02  1.61617e-02 
 2.43000e+02  1.59594e-02 
 2.43500e+02  1.64282e-02 
 2.44000e+02  1.55239e-02 
 2.44500e+02  1.63105e-02 
 2.45000e+02  1.61136e-02 
 2.45500e+02  1.48903e-02 
 2.46000e+02  1.47003e-02 
 2.46500e+02  1.48027e-02 
 2.47000e+02  1.42238e-02 
 2.47500e+02  1.41244e-02 
 2.48000e+02  1.42630e-02 
 2.48500e+02  1.40661e-02 
 2.49000e+02  1.40416e-02 
 2.49500e+02  1.33771e-02 
 2.50000e+02  1.35285e-02 
 2.50500e+02  1.32289e-02 
 2.51000e+02  1.32220e-02 
 2.51500e+02  1.31271e-02 
 2.52000e+02  1.28371e-02 
 2.52500e+02  1.30072e-02 
 2.53000e+02  1.27318e-02 
 2.53500e+02  1.26687e-02 
 2.54000e+02  1.31505e-02 
 2.54500e+02  1.25435e-02 
 2.55000e+02  1.16657e-02 
 2.55500e+02  1.15599e-02 
 2.56000e+02  1.16359e-02 
 2.56500e+02  1.15468e-02 
 2.57000e+02  1.14190e-02 
 2.57500e+02  1.15265e-02 
 2.58000e+02  1.10122e-02 
 2.58500e+02  1.09119e-02 
 2.59000e+02  1.12339e-02 
 2.59500e+02  1.06830e-02 
 2.60000e+02  1.03902e-02 
 2.60500e+02  9.91016e-03 
 2.61000e+02  9.85504e-03 
 2.61500e+02  9.69720e-03 
 2.62000e+02  9.43808e-03 
 2.62500e+02  9.30936e-03 
 2.63000e+02  8.94104e-03 
 2.63500e+02  8.86424e-03 
 2.64000e+02  8.52056e-03 
 2.64500e+02  8.36352e-03 
 2.65000e+02  8.33456e-03 
 2.65500e+02  8.46896e-03 
 2.66000e+02  8.33016e-03 
 2.66500e+02  8.03744e-03 
 2.67000e+02  7.99808e-03 
 2.67500e+02  8.02176e-03 
 2.68000e+02  8.04808e-03 
 2.68500e+02  7.91648e-03 
 2.69000e+02  7.71112e-03 
 2.69500e+02  7.50304e-03 
 2.70000e+02  7.43832e-03 
 2.70500e+02  7.49736e-03 
 2.71000e+02  7.52376e-03 
 2.71500e+02  7.49664e-03 
 2.72000e+02  7.36736e-03 
 2.72500e+02  7.36520e-03 
 2.73000e+02  7.75352e-03 
 2.73500e+02  8.01880e-03 
 2.74000e+02  8.09168e-03 
 2.74500e+02  8.40480e-03 
 2.75000e+02  8.75760e-03 
 2.75500e+02  9.14656e-03 
 2.76000e+02  9.61056e-03 
 2.76500e+02  1.00354e-02 
 2.77000e+02  1.01002e-02 
 2.77500e+02  9.46472e-03 
 2.78000e+02  8.12968e-03 
 2.78500e+02  6.76320e-03 
 2.79000e+02  5.86352e-03 
 2.79500e+02  4.82968e-03 
 2.80000e+02  4.73616e-03 
 2.80500e+02  4.49760e-03 
 2.81000e+02  4.24544e-03 
 2.81500e+02  4.08760e-03 
 2.82000e+02  3.68968e-03 
 2.82500e+02  3.71976e-03 
 2.83000e+02  3.60376e-03 
 2.83500e+02  3.56000e-03 
 2.84000e+02  3.69536e-03 
 2.84500e+02  3.67640e-03 
 2.85000e+02  3.67352e-03 
 2.85500e+02  3.66408e-03 
 2.86000e+02  3.60640e-03 
 2.86500e+02  3.71136e-03 
 2.87000e+02  3.64528e-03 
 2.87500e+02  3.40008e-03 
 2.88000e+02  3.31736e-03 
 2.88500e+02  3.36976e-03 
 2.89000e+02  3.37080e-03 
 2.89500e+02  3.42296e-03 
 2.90000e+02  3.53096e-03 
 2.90500e+02  3.42160e-03 
 2.91000e+02  3.35240e-03 
 2.91500e+02  3.21312e-03 
 2.92000e+02  3.25088e-03 
 2.92500e+02  3.29504e-03 
 2.93000e+02  3.30936e-03 
 2.93500e+02  3.21720e-03 
 2.94000e+02  3.34616e-03 
 2.94500e+02  3.33792e-03 
 2.95000e+02  3.38744e-03 
 2.95500e+02  3.35848e-03 
 2.96000e+02  3.37824e-03 
 2.96500e+02  3.38472e-03 
 2.97000e+02  3.22872e-03 
 2.97500e+02  3.16416e-03 
 2.98000e+02  3.11296e-03 
 2.98500e+02  3.26784e-03 
 2.99000e+02  3.28048e-03 
 2.99500e+02  3.31192e-03 
 3.00000e+02  3.19312e-03 
 3.00500e+02  3.37384e-03 
 3.01000e+02  3.42920e-03 
 3.01500e+02  3.40800e-03 
 3.02000e+02  3.51360e-03 
 3.02500e+02  3.46032e-03 
 3.03000e+02  3.52992e-03 
 3.03500e+02  3.60088e-03 
 3.04000e+02  3.61832e-03 
 3.04500e+02  3.71688e-03 
 3.05000e+02  3.77816e-03 
 3.05500e+02  3.80640e-03 
 3.06000e+02  3.81104e-03 
 3.06500e+02  3.81704e-03 
 3.07000e+02  3.87560e-03 
 3.07500e+02  3.89968e-03 
 3.08000e+02  3.90952e-03 
 3.08500e+02  3.87424e-03 
 3.09000e+02  3.89056e-03 
 3.09500e+02  4.08432e-03 
 3.10000e+02  4.26504e-03 
 3.10500e+02  4.39888e-03 
 3.11000e+02  4.54696e-03 
 3.11500e+02  4.50552e-03 
 3.12000e+02  4.64520e-03 
 3.12500e+02  4.70464e-03 
 3.13000e+02  4.89432e-03 
 3.13500e+02  4.99592e-03 
 3.14000e+02  5.20520e-03 
 3.14500e+02  5.40416e-03 
 3.15000e+02  5.64224e-03 
 3.15500e+02  5.74488e-03 
 3.16000e+02  6.11560e-03 
 3.16500e+02  6.62640e-03 
 3.17000e+02  7.37088e-03 
 3.17500e+02  8.08104e-03 
 3.18000e+02  8.64864e-03 
 3.18500e+02  1.03652e-02 
 3.19000e+02  1.40747e-02 
 3.19500e+02  3.11100e-02 
