 0.00000e+00  8.05984e-04 
 5.00000e-01  8.19584e-04 
 1.00000e+00  6.97906e-04 
 1.50000e+00  5.61509e-04 
 2.00000e+00  5.01990e-04 
 2.50000e+00  4.53351e-04 
 3.00000e+00  3.98552e-04 
 3.50000e+00  3.78712e-04 
 4.00000e+00  3.84312e-04 
 4.50000e+00  3.87192e-04 
 5.00000e+00  3.60153e-04 
 5.50000e+00  3.69593e-04 
 6.00000e+00  3.64713e-04 
 6.50000e+00  3.39193e-04 
 7.00000e+00  3.30313e-04 
 7.50000e+00  3.24954e-04 
 8.00000e+00  3.20234e-04 
 8.50000e+00  3.23354e-04 
 9.00000e+00  3.14954e-04 
 9.50000e+00  3.02474e-04 
 1.00000e+01  3.07434e-04 
 1.05000e+01  3.24394e-04 
 1.10000e+01  3.79272e-04 
 1.15000e+01  3.76952e-04 
 1.20000e+01  3.46953e-04 
 1.25000e+01  3.40873e-04 
 1.30000e+01  3.27993e-04 
 1.35000e+01  3.05994e-04 
 1.40000e+01  3.12474e-04 
 1.45000e+01  3.21354e-04 
 1.50000e+01  3.31593e-04 
 1.55000e+01  3.22234e-04 
 1.60000e+01  3.31433e-04 
 1.65000e+01  3.34713e-04 
 1.70000e+01  3.20554e-04 
 1.75000e+01  3.40713e-04 
 1.80000e+01  3.61273e-04 
 1.85000e+01  3.27913e-04 
 1.90000e+01  3.44073e-04 
 1.95000e+01  3.61753e-04 
 2.00000e+01  3.41993e-04 
 2.05000e+01  3.30553e-04 
 2.10000e+01  3.16074e-04 
 2.15000e+01  3.31353e-04 
 2.20000e+01  3.41113e-04 
 2.25000e+01  3.27513e-04 
 2.30000e+01  3.38633e-04 
 2.35000e+01  3.36313e-04 
 2.40000e+01  3.40473e-04 
 2.45000e+01  3.20954e-04 
 2.50000e+01  3.59673e-04 
 2.55000e+01  3.48553e-04 
 2.60000e+01  3.69833e-04 
 2.65000e+01  3.58793e-04 
 2.70000e+01  3.62313e-04 
 2.75000e+01  3.76232e-04 
 2.80000e+01  4.25271e-04 
 2.85000e+01  4.36871e-04 
 2.90000e+01  4.52551e-04 
 2.95000e+01  5.13830e-04 
 3.00000e+01  4.73831e-04 
 3.05000e+01  4.76550e-04 
 3.10000e+01  5.12870e-04 
 3.15000e+01  4.93110e-04 
 3.20000e+01  4.91670e-04 
 3.25000e+01  5.28549e-04 
 3.30000e+01  4.94070e-04 
 3.35000e+01  4.78310e-04 
 3.40000e+01  5.42069e-04 
 3.45000e+01  5.69829e-04 
 3.50000e+01  6.37267e-04 
 3.55000e+01  6.35027e-04 
 3.60000e+01  6.79746e-04 
 3.65000e+01  6.57027e-04 
 3.70000e+01  6.67667e-04 
 3.75000e+01  8.49663e-04 
 3.80000e+01  9.71261e-04 
 3.85000e+01  1.15846e-03 
 3.90000e+01  1.27525e-03 
 3.95000e+01  1.36957e-03 
 4.00000e+01  1.49421e-03 
 4.05000e+01  1.43317e-03 
 4.10000e+01  1.31805e-03 
 4.15000e+01  1.29293e-03 
 4.20000e+01  1.20894e-03 
 4.25000e+01  1.20878e-03 
 4.30000e+01  1.21846e-03 
 4.35000e+01  1.24366e-03 
 4.40000e+01  1.35685e-03 
 4.45000e+01  1.35789e-03 
 4.50000e+01  1.33293e-03 
 4.55000e+01  1.35437e-03 
 4.60000e+01  1.30981e-03 
 4.65000e+01  1.38509e-03 
 4.70000e+01  1.36501e-03 
 4.75000e+01  1.52301e-03 
 4.80000e+01  1.59301e-03 
 4.85000e+01  1.57749e-03 
 4.90000e+01  1.69117e-03 
 4.95000e+01  1.62749e-03 
 5.00000e+01  1.49965e-03 
 5.05000e+01  1.67845e-03 
 5.10000e+01  1.62869e-03 
 5.15000e+01  1.68805e-03 
 5.20000e+01  1.73293e-03 
 5.25000e+01  1.96380e-03 
 5.30000e+01  1.98828e-03 
 5.35000e+01  2.18964e-03 
 5.40000e+01  2.32539e-03 
 5.45000e+01  2.53771e-03 
 5.50000e+01  2.59659e-03 
 5.55000e+01  2.90874e-03 
 5.60000e+01  2.87338e-03 
 5.65000e+01  3.01786e-03 
 5.70000e+01  3.14266e-03 
 5.75000e+01  3.15562e-03 
 5.80000e+01  3.26721e-03 
 5.85000e+01  3.36105e-03 
 5.90000e+01  3.50761e-03 
 5.95000e+01  3.49665e-03 
 6.00000e+01  3.36745e-03 
 6.05000e+01  3.64025e-03 
 6.10000e+01  3.84272e-03 
 6.15000e+01  3.62953e-03 
 6.20000e+01  3.91584e-03 
 6.25000e+01  3.62449e-03 
 6.30000e+01  3.85304e-03 
 6.35000e+01  3.91520e-03 
 6.40000e+01  3.99840e-03 
 6.45000e+01  4.26311e-03 
 6.50000e+01  4.44207e-03 
 6.55000e+01  4.52743e-03 
 6.60000e+01  4.32543e-03 
 6.65000e+01  4.30135e-03 
 6.70000e+01  4.17536e-03 
 6.75000e+01  4.38527e-03 
 6.80000e+01  4.63775e-03 
 6.85000e+01  4.75766e-03 
 6.90000e+01  4.89470e-03 
 6.95000e+01  4.99238e-03 
 7.00000e+01  4.95438e-03 
 7.05000e+01  4.91342e-03 
 7.10000e+01  4.85046e-03 
 7.15000e+01  5.27413e-03 
 7.20000e+01  5.30701e-03 
 7.25000e+01  5.59285e-03 
 7.30000e+01  5.73341e-03 
 7.35000e+01  6.05916e-03 
 7.40000e+01  5.95308e-03 
 7.45000e+01  5.96132e-03 
 7.50000e+01  5.96940e-03 
 7.55000e+01  6.15276e-03 
 7.60000e+01  6.95994e-03 
 7.65000e+01  6.80114e-03 
 7.70000e+01  6.99874e-03 
 7.75000e+01  7.05706e-03 
 7.80000e+01  7.71265e-03 
 7.85000e+01  7.16290e-03 
 7.90000e+01  7.24994e-03 
 7.95000e+01  7.52913e-03 
 8.00000e+01  8.28031e-03 
 8.05000e+01  7.60545e-03 
 8.10000e+01  7.47265e-03 
 8.15000e+01  7.67401e-03 
 8.20000e+01  8.70999e-03 
 8.25000e+01  7.71673e-03 
 8.30000e+01  8.09880e-03 
 8.35000e+01  8.21096e-03 
 8.40000e+01  9.25125e-03 
 8.45000e+01  9.03606e-03 
 8.50000e+01  9.28349e-03 
 8.55000e+01  1.01386e-02 
 8.60000e+01  9.90500e-03 
 8.65000e+01  9.93108e-03 
 8.70000e+01  9.82724e-03 
 8.75000e+01  1.00248e-02 
 8.80000e+01  1.00240e-02 
 8.85000e+01  1.07775e-02 
 8.90000e+01  1.09696e-02 
 8.95000e+01  1.21857e-02 
 9.00000e+01  1.14943e-02 
 9.05000e+01  1.24019e-02 
 9.10000e+01  1.16916e-02 
 9.15000e+01  1.22950e-02 
 9.20000e+01  1.17810e-02 
 9.25000e+01  1.23395e-02 
 9.30000e+01  1.39602e-02 
 9.35000e+01  1.50030e-02 
 9.40000e+01  1.61404e-02 
 9.45000e+01  1.53645e-02 
 9.50000e+01  1.69907e-02 
 9.55000e+01  1.66647e-02 
 9.60000e+01  1.61379e-02 
 9.65000e+01  1.60261e-02 
 9.70000e+01  1.74616e-02 
 9.75000e+01  1.96206e-02 
 9.80000e+01  2.06877e-02 
 9.85000e+01  1.97740e-02 
 9.90000e+01  1.97182e-02 
 9.95000e+01  2.07721e-02 
 1.00000e+02  2.32314e-02 
 1.00500e+02  2.51587e-02 
 1.01000e+02  2.37849e-02 
 1.01500e+02  2.52392e-02 
 1.02000e+02  2.48529e-02 
 1.02500e+02  2.50320e-02 
 1.03000e+02  2.65982e-02 
 1.03500e+02  2.87773e-02 
 1.04000e+02  2.88001e-02 
 1.04500e+02  3.23611e-02 
 1.05000e+02  3.51392e-02 
 1.05500e+02  3.67690e-02 
 1.06000e+02  4.34187e-02 
 1.06500e+02  4.38000e-02 
 1.07000e+02  4.61901e-02 
 1.07500e+02  4.57502e-02 
 1.08000e+02  4.66839e-02 
 1.08500e+02  5.03884e-02 
 1.09000e+02  4.83099e-02 
 1.09500e+02  4.87687e-02 
 1.10000e+02  5.47918e-02 
 1.10500e+02  5.62712e-02 
 1.11000e+02  5.87459e-02 
 1.11500e+02  6.33584e-02 
 1.12000e+02  6.58263e-02 
 1.12500e+02  6.42585e-02 
 1.13000e+02  7.01264e-02 
 1.13500e+02  7.22452e-02 
 1.14000e+02  7.91019e-02 
 1.14500e+02  7.70891e-02 
 1.15000e+02  7.99379e-02 
 1.15500e+02  7.93719e-02 
 1.16000e+02  8.44670e-02 
 1.16500e+02  8.70457e-02 
 1.17000e+02  9.01607e-02 
 1.17500e+02  9.23762e-02 
 1.18000e+02  9.03024e-02 
 1.18500e+02  9.01843e-02 
 1.19000e+02  9.08608e-02 
 1.19500e+02  9.28153e-02 
 1.20000e+02  9.64436e-02 
 1.20500e+02  9.73539e-02 
 1.21000e+02  9.71852e-02 
 1.21500e+02  9.73174e-02 
 1.22000e+02  9.56574e-02 
 1.22500e+02  9.58498e-02 
 1.23000e+02  9.80767e-02 
 1.23500e+02  9.70705e-02 
 1.24000e+02  9.96526e-02 
 1.24500e+02  1.02921e-01 
 1.25000e+02  1.02353e-01 
 1.25500e+02  1.01888e-01 
 1.26000e+02  1.00643e-01 
 1.26500e+02  1.05704e-01 
 1.27000e+02  1.09668e-01 
 1.27500e+02  1.07427e-01 
 1.28000e+02  1.04583e-01 
 1.28500e+02  1.08121e-01 
 1.29000e+02  1.10314e-01 
 1.29500e+02  1.11121e-01 
 1.30000e+02  1.15617e-01 
 1.30500e+02  1.17412e-01 
 1.31000e+02  1.15170e-01 
 1.31500e+02  1.23011e-01 
 1.32000e+02  1.23438e-01 
 1.32500e+02  1.26467e-01 
 1.33000e+02  1.25146e-01 
 1.33500e+02  1.28072e-01 
 1.34000e+02  1.29242e-01 
 1.34500e+02  1.30901e-01 
 1.35000e+02  1.32835e-01 
 1.35500e+02  1.38100e-01 
 1.36000e+02  1.39354e-01 
 1.36500e+02  1.42266e-01 
 1.37000e+02  1.39730e-01 
 1.37500e+02  1.40476e-01 
 1.38000e+02  1.42269e-01 
 1.38500e+02  1.40115e-01 
 1.39000e+02  1.41691e-01 
 1.39500e+02  1.42280e-01 
 1.40000e+02  1.44319e-01 
 1.40500e+02  1.39729e-01 
 1.41000e+02  1.42634e-01 
 1.41500e+02  1.44361e-01 
 1.42000e+02  1.41611e-01 
 1.42500e+02  1.38111e-01 
 1.43000e+02  1.42558e-01 
 1.43500e+02  1.40479e-01 
 1.44000e+02  1.41315e-01 
 1.44500e+02  1.40537e-01 
 1.45000e+02  1.47172e-01 
 1.45500e+02  1.45059e-01 
 1.46000e+02  1.49611e-01 
 1.46500e+02  1.48983e-01 
 1.47000e+02  1.46435e-01 
 1.47500e+02  1.39957e-01 
 1.48000e+02  1.40155e-01 
 1.48500e+02  1.43066e-01 
 1.49000e+02  1.42911e-01 
 1.49500e+02  1.44468e-01 
 1.50000e+02  1.48685e-01 
 1.50500e+02  1.48253e-01 
 1.51000e+02  1.45192e-01 
 1.51500e+02  1.46614e-01 
 1.52000e+02  1.50506e-01 
 1.52500e+02  1.46566e-01 
 1.53000e+02  1.50401e-01 
 1.53500e+02  1.50432e-01 
 1.54000e+02  1.53409e-01 
 1.54500e+02  1.51130e-01 
 1.55000e+02  1.50907e-01 
 1.55500e+02  1.53744e-01 
 1.56000e+02  1.48320e-01 
 1.56500e+02  1.49516e-01 
 1.57000e+02  1.52086e-01 
 1.57500e+02  1.49917e-01 
 1.58000e+02  1.48753e-01 
 1.58500e+02  1.54803e-01 
 1.59000e+02  1.52978e-01 
 1.59500e+02  1.58041e-01 
 1.60000e+02  1.57305e-01 
 1.60500e+02  1.57418e-01 
 1.61000e+02  1.54386e-01 
 1.61500e+02  1.52889e-01 
 1.62000e+02  1.51704e-01 
 1.62500e+02  1.51517e-01 
 1.63000e+02  1.52461e-01 
 1.63500e+02  1.55385e-01 
 1.64000e+02  1.51223e-01 
 1.64500e+02  1.56592e-01 
 1.65000e+02  1.52646e-01 
 1.65500e+02  1.55281e-01 
 1.66000e+02  1.56671e-01 
 1.66500e+02  1.54564e-01 
 1.67000e+02  1.53594e-01 
 1.67500e+02  1.50102e-01 
 1.68000e+02  1.57009e-01 
 1.68500e+02  1.58343e-01 
 1.69000e+02  1.51969e-01 
 1.69500e+02  1.52375e-01 
 1.70000e+02  1.53798e-01 
 1.70500e+02  1.53384e-01 
 1.71000e+02  1.55767e-01 
 1.71500e+02  1.52562e-01 
 1.72000e+02  1.52142e-01 
 1.72500e+02  1.51262e-01 
 1.73000e+02  1.51286e-01 
 1.73500e+02  1.50584e-01 
 1.74000e+02  1.48931e-01 
 1.74500e+02  1.41464e-01 
 1.75000e+02  1.43910e-01 
 1.75500e+02  1.44400e-01 
 1.76000e+02  1.43528e-01 
 1.76500e+02  1.43958e-01 
 1.77000e+02  1.42120e-01 
 1.77500e+02  1.45065e-01 
 1.78000e+02  1.46493e-01 
 1.78500e+02  1.47999e-01 
 1.79000e+02  1.45747e-01 
 1.79500e+02  1.37792e-01 
 1.80000e+02  1.45146e-01 
 1.80500e+02  1.46384e-01 
 1.81000e+02  1.40488e-01 
 1.81500e+02  1.46569e-01 
 1.82000e+02  1.44485e-01 
 1.82500e+02  1.45934e-01 
 1.83000e+02  1.46107e-01 
 1.83500e+02  1.42572e-01 
 1.84000e+02  1.38536e-01 
 1.84500e+02  1.37028e-01 
 1.85000e+02  1.33492e-01 
 1.85500e+02  1.32105e-01 
 1.86000e+02  1.31371e-01 
 1.86500e+02  1.32267e-01 
 1.87000e+02  1.28076e-01 
 1.87500e+02  1.26534e-01 
 1.88000e+02  1.26147e-01 
 1.88500e+02  1.25828e-01 
 1.89000e+02  1.24985e-01 
 1.89500e+02  1.23295e-01 
 1.90000e+02  1.27339e-01 
 1.90500e+02  1.23967e-01 
 1.91000e+02  1.21729e-01 
 1.91500e+02  1.21807e-01 
 1.92000e+02  1.24494e-01 
 1.92500e+02  1.15103e-01 
 1.93000e+02  1.16005e-01 
 1.93500e+02  1.21884e-01 
 1.94000e+02  1.23662e-01 
 1.94500e+02  1.16326e-01 
 1.95000e+02  1.14739e-01 
 1.95500e+02  1.15329e-01 
 1.96000e+02  1.09921e-01 
 1.96500e+02  1.11137e-01 
 1.97000e+02  1.07132e-01 
 1.97500e+02  1.12290e-01 
 1.98000e+02  1.07026e-01 
 1.98500e+02  1.03416e-01 
 1.99000e+02  1.01819e-01 
 1.99500e+02  9.93263e-02 
 2.00000e+02  1.02277e-01 
 2.00500e+02  9.96531e-02 
 2.01000e+02  1.01242e-01 
 2.01500e+02  9.82676e-02 
 2.02000e+02  9.19599e-02 
 2.02500e+02  9.12659e-02 
 2.03000e+02  8.99896e-02 
 2.03500e+02  8.73040e-02 
 2.04000e+02  8.48700e-02 
 2.04500e+02  8.15660e-02 
 2.05000e+02  8.16418e-02 
 2.05500e+02  7.57678e-02 
 2.06000e+02  7.67889e-02 
 2.06500e+02  7.36616e-02 
 2.07000e+02  7.17641e-02 
 2.07500e+02  7.09999e-02 
 2.08000e+02  6.83152e-02 
 2.08500e+02  6.93275e-02 
 2.09000e+02  6.90429e-02 
 2.09500e+02  6.44159e-02 
 2.10000e+02  5.96928e-02 
 2.10500e+02  6.06585e-02 
 2.11000e+02  5.99271e-02 
 2.11500e+02  5.63239e-02 
 2.12000e+02  5.36746e-02 
 2.12500e+02  5.19206e-02 
 2.13000e+02  4.99668e-02 
 2.13500e+02  4.62219e-02 
 2.14000e+02  4.32846e-02 
 2.14500e+02  4.29049e-02 
 2.15000e+02  4.11653e-02 
 2.15500e+02  3.81083e-02 
 2.16000e+02  3.60731e-02 
 2.16500e+02  3.31473e-02 
 2.17000e+02  3.28498e-02 
 2.17500e+02  3.19932e-02 
 2.18000e+02  3.16172e-02 
 2.18500e+02  3.12774e-02 
 2.19000e+02  2.92914e-02 
 2.19500e+02  2.93261e-02 
 2.20000e+02  2.84159e-02 
 2.20500e+02  2.88316e-02 
 2.21000e+02  2.77789e-02 
 2.21500e+02  2.61370e-02 
 2.22000e+02  2.66472e-02 
 2.22500e+02  2.54115e-02 
 2.23000e+02  2.45338e-02 
 2.23500e+02  2.56993e-02 
 2.24000e+02  2.49940e-02 
 2.24500e+02  2.52793e-02 
 2.25000e+02  2.41878e-02 
 2.25500e+02  2.22868e-02 
 2.26000e+02  2.31444e-02 
 2.26500e+02  2.20354e-02 
 2.27000e+02  2.38274e-02 
 2.27500e+02  2.21824e-02 
 2.28000e+02  2.17651e-02 
 2.28500e+02  2.16070e-02 
 2.29000e+02  2.14472e-02 
 2.29500e+02  2.17735e-02 
 2.30000e+02  2.10766e-02 
 2.30500e+02  2.07501e-02 
 2.31000e+02  1.94261e-02 
 2.31500e+02  1.97432e-02 
 2.32000e+02  1.99134e-02 
 2.32500e+02  1.95903e-02 
 2.33000e+02  1.80079e-02 
 2.33500e+02  1.70873e-02 
 2.34000e+02  1.72662e-02 
 2.34500e+02  1.75074e-02 
 2.35000e+02  1.80652e-02 
 2.35500e+02  1.70634e-02 
 2.36000e+02  1.72832e-02 
 2.36500e+02  1.60543e-02 
 2.37000e+02  1.62470e-02 
 2.37500e+02  1.65558e-02 
 2.38000e+02  1.62779e-02 
 2.38500e+02  1.63182e-02 
 2.39000e+02  1.57185e-02 
 2.39500e+02  1.57540e-02 
 2.40000e+02  1.60058e-02 
 2.40500e+02  1.58486e-02 
 2.41000e+02  1.50727e-02 
 2.41500e+02  1.54155e-02 
 2.42000e+02  1.52532e-02 
 2.42500e+02  1.53745e-02 
 2.43000e+02  1.50022e-02 
 2.43500e+02  1.49437e-02 
 2.44000e+02  1.44447e-02 
 2.44500e+02  1.43264e-02 
 2.45000e+02  1.40984e-02 
 2.45500e+02  1.46170e-02 
 2.46000e+02  1.43617e-02 
 2.46500e+02  1.37952e-02 
 2.47000e+02  1.30753e-02 
 2.47500e+02  1.32199e-02 
 2.48000e+02  1.33582e-02 
 2.48500e+02  1.35921e-02 
 2.49000e+02  1.33969e-02 
 2.49500e+02  1.39189e-02 
 2.50000e+02  1.38773e-02 
 2.50500e+02  1.30595e-02 
 2.51000e+02  1.29722e-02 
 2.51500e+02  1.29188e-02 
 2.52000e+02  1.31773e-02 
 2.52500e+02  1.28972e-02 
 2.53000e+02  1.28771e-02 
 2.53500e+02  1.29404e-02 
 2.54000e+02  1.25704e-02 
 2.54500e+02  1.29593e-02 
 2.55000e+02  1.24999e-02 
 2.55500e+02  1.16261e-02 
 2.56000e+02  1.15434e-02 
 2.56500e+02  1.18580e-02 
 2.57000e+02  1.16963e-02 
 2.57500e+02  1.16871e-02 
 2.58000e+02  1.09513e-02 
 2.58500e+02  1.06255e-02 
 2.59000e+02  1.04124e-02 
 2.59500e+02  1.02758e-02 
 2.60000e+02  1.01413e-02 
 2.60500e+02  9.70109e-03 
 2.61000e+02  9.46389e-03 
 2.61500e+02  9.49037e-03 
 2.62000e+02  9.34853e-03 
 2.62500e+02  9.25853e-03 
 2.63000e+02  9.07350e-03 
 2.63500e+02  8.97446e-03 
 2.64000e+02  8.43599e-03 
 2.64500e+02  8.55319e-03 
 2.65000e+02  8.25823e-03 
 2.65500e+02  7.96720e-03 
 2.66000e+02  8.02240e-03 
 2.66500e+02  8.07120e-03 
 2.67000e+02  8.16416e-03 
 2.67500e+02  7.83064e-03 
 2.68000e+02  7.45401e-03 
 2.68500e+02  7.34361e-03 
 2.69000e+02  7.38393e-03 
 2.69500e+02  7.46097e-03 
 2.70000e+02  7.42305e-03 
 2.70500e+02  7.52633e-03 
 2.71000e+02  7.50625e-03 
 2.71500e+02  7.63817e-03 
 2.72000e+02  7.77736e-03 
 2.72500e+02  7.67513e-03 
 2.73000e+02  7.77768e-03 
 2.73500e+02  7.71153e-03 
 2.74000e+02  7.95240e-03 
 2.74500e+02  8.29175e-03 
 2.75000e+02  8.69103e-03 
 2.75500e+02  9.09310e-03 
 2.76000e+02  9.89812e-03 
 2.76500e+02  1.04428e-02 
 2.77000e+02  1.01267e-02 
 2.77500e+02  9.93468e-03 
 2.78000e+02  9.13326e-03 
 2.78500e+02  7.92720e-03 
 2.79000e+02  6.11788e-03 
 2.79500e+02  5.17262e-03 
 2.80000e+02  4.50407e-03 
 2.80500e+02  4.31143e-03 
 2.81000e+02  4.22168e-03 
 2.81500e+02  3.97120e-03 
 2.82000e+02  3.85376e-03 
 2.82500e+02  3.66169e-03 
 2.83000e+02  3.73345e-03 
 2.83500e+02  3.55057e-03 
 2.84000e+02  3.55745e-03 
 2.84500e+02  3.56129e-03 
 2.85000e+02  3.45769e-03 
 2.85500e+02  3.57257e-03 
 2.86000e+02  3.58329e-03 
 2.86500e+02  3.37449e-03 
 2.87000e+02  3.24026e-03 
 2.87500e+02  3.35761e-03 
 2.88000e+02  3.26193e-03 
 2.88500e+02  3.17346e-03 
 2.89000e+02  3.18210e-03 
 2.89500e+02  3.21642e-03 
 2.90000e+02  3.16106e-03 
 2.90500e+02  3.18850e-03 
 2.91000e+02  3.16226e-03 
 2.91500e+02  3.23826e-03 
 2.92000e+02  3.18234e-03 
 2.92500e+02  3.16418e-03 
 2.93000e+02  3.24946e-03 
 2.93500e+02  3.24914e-03 
 2.94000e+02  3.33457e-03 
 2.94500e+02  3.31049e-03 
 2.95000e+02  3.29473e-03 
 2.95500e+02  3.24106e-03 
 2.96000e+02  3.28681e-03 
 2.96500e+02  3.15402e-03 
 2.97000e+02  3.22810e-03 
 2.97500e+02  3.20650e-03 
 2.98000e+02  3.33265e-03 
 2.98500e+02  3.27465e-03 
 2.99000e+02  3.31937e-03 
 2.99500e+02  3.46361e-03 
 3.00000e+02  3.46505e-03 
 3.00500e+02  3.58873e-03 
 3.01000e+02  3.53609e-03 
 3.01500e+02  3.56585e-03 
 3.02000e+02  3.55857e-03 
 3.02500e+02  3.41529e-03 
 3.03000e+02  3.42665e-03 
 3.03500e+02  3.48665e-03 
 3.04000e+02  3.60641e-03 
 3.04500e+02  3.52217e-03 
 3.05000e+02  3.59665e-03 
 3.05500e+02  3.73337e-03 
 3.06000e+02  3.73665e-03 
 3.06500e+02  3.82016e-03 
 3.07000e+02  3.79336e-03 
 3.07500e+02  3.82232e-03 
 3.08000e+02  3.75520e-03 
 3.08500e+02  3.79448e-03 
 3.09000e+02  3.92048e-03 
 3.09500e+02  4.11128e-03 
 3.10000e+02  4.22208e-03 
 3.10500e+02  4.21368e-03 
 3.11000e+02  4.21344e-03 
 3.11500e+02  4.34879e-03 
 3.12000e+02  4.47007e-03 
 3.12500e+02  4.63695e-03 
 3.13000e+02  4.82734e-03 
 3.13500e+02  4.89886e-03 
 3.14000e+02  5.13918e-03 
 3.14500e+02  5.35717e-03 
 3.15000e+02  5.52205e-03 
 3.15500e+02  5.78388e-03 
 3.16000e+02  6.09236e-03 
 3.16500e+02  6.65571e-03 
 3.17000e+02  7.35585e-03 
 3.17500e+02  7.90688e-03 
 3.18000e+02  8.65759e-03 
 3.18500e+02  1.03267e-02 
 3.19000e+02  1.38485e-02 
 3.19500e+02  3.10595e-02 
