 0.00000e+00  0.00000e+00 
 5.00000e-01  3.27186e-01 
 1.00000e+00  6.52084e-01 
 1.50000e+00  9.74654e-01 
 2.00000e+00  1.29486e+00 
 2.50000e+00  1.61266e+00 
 3.00000e+00  1.92802e+00 
 3.50000e+00  2.24093e+00 
 4.00000e+00  2.55137e+00 
 4.50000e+00  2.85929e+00 
 5.00000e+00  3.16471e+00 
 5.50000e+00  3.46760e+00 
 6.00000e+00  3.76797e+00 
 6.50000e+00  4.06580e+00 
 7.00000e+00  4.36108e+00 
 7.50000e+00  4.65380e+00 
 8.00000e+00  4.94394e+00 
 8.50000e+00  5.23149e+00 
 9.00000e+00  5.51644e+00 
 9.50000e+00  5.79878e+00 
 1.00000e+01  6.07849e+00 
 1.05000e+01  6.35557e+00 
 1.10000e+01  6.63002e+00 
 1.15000e+01  6.90182e+00 
 1.20000e+01  7.17095e+00 
 1.25000e+01  7.43740e+00 
 1.30000e+01  7.70118e+00 
 1.35000e+01  7.96225e+00 
 1.40000e+01  8.22062e+00 
 1.45000e+01  8.47627e+00 
 1.50000e+01  8.72923e+00 
 1.55000e+01  8.97948e+00 
 1.60000e+01  9.22706e+00 
 1.65000e+01  9.47194e+00 
 1.70000e+01  9.71415e+00 
 1.75000e+01  9.95368e+00 
 1.80000e+01  1.01905e+01 
 1.85000e+01  1.04247e+01 
 1.90000e+01  1.06562e+01 
 1.95000e+01  1.08849e+01 
 2.00000e+01  1.11109e+01 
 2.05000e+01  1.13341e+01 
 2.10000e+01  1.15546e+01 
 2.15000e+01  1.17724e+01 
 2.20000e+01  1.19875e+01 
 2.25000e+01  1.21997e+01 
 2.30000e+01  1.24091e+01 
 2.35000e+01  1.26156e+01 
 2.40000e+01  1.28193e+01 
 2.45000e+01  1.30202e+01 
 2.50000e+01  1.32181e+01 
 2.55000e+01  1.34131e+01 
 2.60000e+01  1.36052e+01 
 2.65000e+01  1.37943e+01 
 2.70000e+01  1.39805e+01 
 2.75000e+01  1.41637e+01 
 2.80000e+01  1.43438e+01 
 2.85000e+01  1.45210e+01 
 2.90000e+01  1.46951e+01 
 2.95000e+01  1.48661e+01 
 3.00000e+01  1.50339e+01 
 3.05000e+01  1.51987e+01 
 3.10000e+01  1.53605e+01 
 3.15000e+01  1.55191e+01 
 3.20000e+01  1.56746e+01 
 3.25000e+01  1.58269e+01 
 3.30000e+01  1.59761e+01 
 3.35000e+01  1.61221e+01 
 3.40000e+01  1.62647e+01 
 3.45000e+01  1.64041e+01 
 3.50000e+01  1.65401e+01 
 3.55000e+01  1.66727e+01 
 3.60000e+01  1.68020e+01 
 3.65000e+01  1.69279e+01 
 3.70000e+01  1.70503e+01 
 3.75000e+01  1.71695e+01 
 3.80000e+01  1.72852e+01 
 3.85000e+01  1.73976e+01 
 3.90000e+01  1.75066e+01 
 3.95000e+01  1.76123e+01 
 4.00000e+01  1.77147e+01 
 4.05000e+01  1.78138e+01 
 4.10000e+01  1.79096e+01 
 4.15000e+01  1.80022e+01 
 4.20000e+01  1.80915e+01 
 4.25000e+01  1.81775e+01 
 4.30000e+01  1.82601e+01 
 4.35000e+01  1.83394e+01 
 4.40000e+01  1.84154e+01 
 4.45000e+01  1.84882e+01 
 4.50000e+01  1.85576e+01 
 4.55000e+01  1.86239e+01 
 4.60000e+01  1.86869e+01 
 4.65000e+01  1.87468e+01 
 4.70000e+01  1.88034e+01 
 4.75000e+01  1.88569e+01 
 4.80000e+01  1.89076e+01 
 4.85000e+01  1.89554e+01 
 4.90000e+01  1.90005e+01 
 4.95000e+01  1.90428e+01 
 5.00000e+01  1.90823e+01 
 5.05000e+01  1.91191e+01 
 5.10000e+01  1.91534e+01 
 5.15000e+01  1.91855e+01 
 5.20000e+01  1.92154e+01 
 5.25000e+01  1.92431e+01 
 5.30000e+01  1.92688e+01 
 5.35000e+01  1.92928e+01 
 5.40000e+01  1.93152e+01 
 5.45000e+01  1.93361e+01 
 5.50000e+01  1.93557e+01 
 5.55000e+01  1.93739e+01 
 5.60000e+01  1.93909e+01 
 5.65000e+01  1.94067e+01 
 5.70000e+01  1.94214e+01 
 5.75000e+01  1.94351e+01 
 5.80000e+01  1.94478e+01 
 5.85000e+01  1.94596e+01 
 5.90000e+01  1.94705e+01 
 5.95000e+01  1.94807e+01 
 6.00000e+01  1.94903e+01 
 6.05000e+01  1.94993e+01 
 6.10000e+01  1.95077e+01 
 6.15000e+01  1.95154e+01 
 6.20000e+01  1.95222e+01 
 6.25000e+01  1.95284e+01 
 6.30000e+01  1.95343e+01 
 6.35000e+01  1.95397e+01 
 6.40000e+01  1.95449e+01 
 6.45000e+01  1.95501e+01 
 6.50000e+01  1.95554e+01 
 6.55000e+01  1.95607e+01 
 6.60000e+01  1.95660e+01 
 6.65000e+01  1.95714e+01 
 6.70000e+01  1.95768e+01 
 6.75000e+01  1.95819e+01 
 6.80000e+01  1.95864e+01 
 6.85000e+01  1.95907e+01 
 6.90000e+01  1.95949e+01 
 6.95000e+01  1.95992e+01 
 7.00000e+01  1.96034e+01 
 7.05000e+01  1.96072e+01 
 7.10000e+01  1.96106e+01 
 7.15000e+01  1.96137e+01 
 7.20000e+01  1.96164e+01 
 7.25000e+01  1.96192e+01 
 7.30000e+01  1.96225e+01 
 7.35000e+01  1.96262e+01 
 7.40000e+01  1.96302e+01 
 7.45000e+01  1.96338e+01 
 7.50000e+01  1.96373e+01 
 7.55000e+01  1.96404e+01 
 7.60000e+01  1.96436e+01 
 7.65000e+01  1.96469e+01 
 7.70000e+01  1.96502e+01 
 7.75000e+01  1.96525e+01 
 7.80000e+01  1.96543e+01 
 7.85000e+01  1.96567e+01 
 7.90000e+01  1.96597e+01 
 7.95000e+01  1.96626e+01 
 8.00000e+01  1.96651e+01 
 8.05000e+01  1.96673e+01 
 8.10000e+01  1.96698e+01 
 8.15000e+01  1.96725e+01 
 8.20000e+01  1.96747e+01 
 8.25000e+01  1.96767e+01 
 8.30000e+01  1.96787e+01 
 8.35000e+01  1.96810e+01 
 8.40000e+01  1.96834e+01 
 8.45000e+01  1.96857e+01 
 8.50000e+01  1.96875e+01 
 8.55000e+01  1.96893e+01 
 8.60000e+01  1.96911e+01 
 8.65000e+01  1.96930e+01 
 8.70000e+01  1.96949e+01 
 8.75000e+01  1.96968e+01 
 8.80000e+01  1.96986e+01 
 8.85000e+01  1.97006e+01 
 8.90000e+01  1.97025e+01 
 8.95000e+01  1.97044e+01 
 9.00000e+01  1.97059e+01 
 9.05000e+01  1.97076e+01 
 9.10000e+01  1.97091e+01 
 9.15000e+01  1.97107e+01 
 9.20000e+01  1.97124e+01 
 9.25000e+01  1.97140e+01 
 9.30000e+01  1.97160e+01 
 9.35000e+01  1.97177e+01 
 9.40000e+01  1.97190e+01 
 9.45000e+01  1.97200e+01 
 9.50000e+01  1.97212e+01 
 9.55000e+01  1.97225e+01 
 9.60000e+01  1.97241e+01 
 9.65000e+01  1.97258e+01 
 9.70000e+01  1.97275e+01 
 9.75000e+01  1.97293e+01 
 9.80000e+01  1.97307e+01 
 9.85000e+01  1.97317e+01 
 9.90000e+01  1.97327e+01 
 9.95000e+01  1.97339e+01 
 1.00000e+02  1.97355e+01 
 1.00500e+02  1.97366e+01 
 1.01000e+02  1.97376e+01 
 1.01500e+02  1.97382e+01 
 1.02000e+02  1.97388e+01 
 1.02500e+02  1.97402e+01 
 1.03000e+02  1.97415e+01 
 1.03500e+02  1.97426e+01 
 1.04000e+02  1.97432e+01 
 1.04500e+02  1.97438e+01 
 1.05000e+02  1.97446e+01 
 1.05500e+02  1.97459e+01 
 1.06000e+02  1.97466e+01 
 1.06500e+02  1.97469e+01 
 1.07000e+02  1.97476e+01 
 1.07500e+02  1.97483e+01 
 1.08000e+02  1.97494e+01 
 1.08500e+02  1.97502e+01 
 1.09000e+02  1.97506e+01 
 1.09500e+02  1.97513e+01 
 1.10000e+02  1.97517e+01 
 1.10500e+02  1.97524e+01 
 1.11000e+02  1.97525e+01 
 1.11500e+02  1.97530e+01 
 1.12000e+02  1.97538e+01 
 1.12500e+02  1.97533e+01 
 1.13000e+02  1.97536e+01 
 1.13500e+02  1.97543e+01 
 1.14000e+02  1.97542e+01 
 1.14500e+02  1.97544e+01 
 1.15000e+02  1.97546e+01 
 1.15500e+02  1.97553e+01 
 1.16000e+02  1.97556e+01 
 1.16500e+02  1.97555e+01 
 1.17000e+02  1.97562e+01 
 1.17500e+02  1.97562e+01 
 1.18000e+02  1.97565e+01 
 1.18500e+02  1.97566e+01 
 1.19000e+02  1.97569e+01 
 1.19500e+02  1.97571e+01 
 1.20000e+02  1.97573e+01 
 1.20500e+02  1.97575e+01 
 1.21000e+02  1.97574e+01 
 1.21500e+02  1.97577e+01 
 1.22000e+02  1.97583e+01 
 1.22500e+02  1.97579e+01 
 1.23000e+02  1.97582e+01 
 1.23500e+02  1.97587e+01 
 1.24000e+02  1.97589e+01 
 1.24500e+02  1.97589e+01 
 1.25000e+02  1.97591e+01 
 1.25500e+02  1.97591e+01 
 1.26000e+02  1.97593e+01 
 1.26500e+02  1.97593e+01 
 1.27000e+02  1.97593e+01 
 1.27500e+02  1.97597e+01 
 1.28000e+02  1.97596e+01 
 1.28500e+02  1.97597e+01 
 1.29000e+02  1.97600e+01 
 1.29500e+02  1.97598e+01 
 1.30000e+02  1.97599e+01 
 1.30500e+02  1.97603e+01 
 1.31000e+02  1.97603e+01 
 1.31500e+02  1.97604e+01 
 1.32000e+02  1.97605e+01 
 1.32500e+02  1.97604e+01 
 1.33000e+02  1.97605e+01 
 1.33500e+02  1.97605e+01 
 1.34000e+02  1.97608e+01 
 1.34500e+02  1.97608e+01 
 1.35000e+02  1.97610e+01 
 1.35500e+02  1.97612e+01 
 1.36000e+02  1.97613e+01 
 1.36500e+02  1.97613e+01 
 1.37000e+02  1.97614e+01 
 1.37500e+02  1.97614e+01 
 1.38000e+02  1.97618e+01 
 1.38500e+02  1.97619e+01 
 1.39000e+02  1.97619e+01 
 1.39500e+02  1.97618e+01 
 1.40000e+02  1.97618e+01 
 1.40500e+02  1.97617e+01 
 1.41000e+02  1.97618e+01 
 1.41500e+02  1.97621e+01 
 1.42000e+02  1.97617e+01 
 1.42500e+02  1.97620e+01 
 1.43000e+02  1.97617e+01 
 1.43500e+02  1.97620e+01 
 1.44000e+02  1.97619e+01 
 1.44500e+02  1.97616e+01 
 1.45000e+02  1.97621e+01 
 1.45500e+02  1.97621e+01 
 1.46000e+02  1.97620e+01 
 1.46500e+02  1.97618e+01 
 1.47000e+02  1.97620e+01 
 1.47500e+02  1.97622e+01 
 1.48000e+02  1.97616e+01 
 1.48500e+02  1.97619e+01 
 1.49000e+02  1.97621e+01 
 1.49500e+02  1.97620e+01 
 1.50000e+02  1.97624e+01 
 1.50500e+02  1.97624e+01 
 1.51000e+02  1.97624e+01 
 1.51500e+02  1.97626e+01 
 1.52000e+02  1.97629e+01 
 1.52500e+02  1.97623e+01 
 1.53000e+02  1.97627e+01 
 1.53500e+02  1.97624e+01 
 1.54000e+02  1.97625e+01 
 1.54500e+02  1.97624e+01 
 1.55000e+02  1.97626e+01 
 1.55500e+02  1.97626e+01 
 1.56000e+02  1.97623e+01 
 1.56500e+02  1.97623e+01 
 1.57000e+02  1.97622e+01 
 1.57500e+02  1.97625e+01 
 1.58000e+02  1.97623e+01 
 1.58500e+02  1.97622e+01 
 1.59000e+02  1.97622e+01 
 1.59500e+02  1.97620e+01 
 1.60000e+02  1.97622e+01 
 1.60500e+02  1.97620e+01 
 1.61000e+02  1.97617e+01 
 1.61500e+02  1.97620e+01 
 1.62000e+02  1.97619e+01 
 1.62500e+02  1.97618e+01 
 1.63000e+02  1.97618e+01 
 1.63500e+02  1.97620e+01 
 1.64000e+02  1.97616e+01 
 1.64500e+02  1.97620e+01 
 1.65000e+02  1.97616e+01 
 1.65500e+02  1.97615e+01 
 1.66000e+02  1.97619e+01 
 1.66500e+02  1.97613e+01 
 1.67000e+02  1.97617e+01 
 1.67500e+02  1.97615e+01 
 1.68000e+02  1.97615e+01 
 1.68500e+02  1.97611e+01 
 1.69000e+02  1.97612e+01 
 1.69500e+02  1.97614e+01 
 1.70000e+02  1.97613e+01 
 1.70500e+02  1.97611e+01 
 1.71000e+02  1.97611e+01 
 1.71500e+02  1.97608e+01 
 1.72000e+02  1.97610e+01 
 1.72500e+02  1.97608e+01 
 1.73000e+02  1.97606e+01 
 1.73500e+02  1.97607e+01 
 1.74000e+02  1.97606e+01 
 1.74500e+02  1.97601e+01 
 1.75000e+02  1.97604e+01 
 1.75500e+02  1.97603e+01 
 1.76000e+02  1.97600e+01 
 1.76500e+02  1.97600e+01 
 1.77000e+02  1.97598e+01 
 1.77500e+02  1.97597e+01 
 1.78000e+02  1.97599e+01 
 1.78500e+02  1.97596e+01 
 1.79000e+02  1.97598e+01 
 1.79500e+02  1.97595e+01 
 1.80000e+02  1.97595e+01 
 1.80500e+02  1.97590e+01 
 1.81000e+02  1.97589e+01 
 1.81500e+02  1.97590e+01 
 1.82000e+02  1.97589e+01 
 1.82500e+02  1.97589e+01 
 1.83000e+02  1.97587e+01 
 1.83500e+02  1.97585e+01 
 1.84000e+02  1.97586e+01 
 1.84500e+02  1.97584e+01 
 1.85000e+02  1.97585e+01 
 1.85500e+02  1.97581e+01 
 1.86000e+02  1.97581e+01 
 1.86500e+02  1.97580e+01 
 1.87000e+02  1.97576e+01 
 1.87500e+02  1.97577e+01 
 1.88000e+02  1.97577e+01 
 1.88500e+02  1.97572e+01 
 1.89000e+02  1.97573e+01 
 1.89500e+02  1.97569e+01 
 1.90000e+02  1.97567e+01 
 1.90500e+02  1.97568e+01 
 1.91000e+02  1.97566e+01 
 1.91500e+02  1.97564e+01 
 1.92000e+02  1.97563e+01 
 1.92500e+02  1.97561e+01 
 1.93000e+02  1.97558e+01 
 1.93500e+02  1.97555e+01 
 1.94000e+02  1.97552e+01 
 1.94500e+02  1.97552e+01 
 1.95000e+02  1.97550e+01 
 1.95500e+02  1.97544e+01 
 1.96000e+02  1.97544e+01 
 1.96500e+02  1.97542e+01 
 1.97000e+02  1.97541e+01 
 1.97500e+02  1.97538e+01 
 1.98000e+02  1.97536e+01 
 1.98500e+02  1.97536e+01 
 1.99000e+02  1.97532e+01 
 1.99500e+02  1.97527e+01 
 2.00000e+02  1.97526e+01 
 2.00500e+02  1.97524e+01 
 2.01000e+02  1.97518e+01 
 2.01500e+02  1.97517e+01 
 2.02000e+02  1.97511e+01 
 2.02500e+02  1.97509e+01 
 2.03000e+02  1.97505e+01 
 2.03500e+02  1.97497e+01 
 2.04000e+02  1.97494e+01 
 2.04500e+02  1.97488e+01 
 2.05000e+02  1.97487e+01 
 2.05500e+02  1.97486e+01 
 2.06000e+02  1.97479e+01 
 2.06500e+02  1.97474e+01 
 2.07000e+02  1.97471e+01 
 2.07500e+02  1.97464e+01 
 2.08000e+02  1.97459e+01 
 2.08500e+02  1.97452e+01 
 2.09000e+02  1.97444e+01 
 2.09500e+02  1.97436e+01 
 2.10000e+02  1.97431e+01 
 2.10500e+02  1.97426e+01 
 2.11000e+02  1.97418e+01 
 2.11500e+02  1.97408e+01 
 2.12000e+02  1.97401e+01 
 2.12500e+02  1.97395e+01 
 2.13000e+02  1.97384e+01 
 2.13500e+02  1.97375e+01 
 2.14000e+02  1.97368e+01 
 2.14500e+02  1.97361e+01 
 2.15000e+02  1.97351e+01 
 2.15500e+02  1.97338e+01 
 2.16000e+02  1.97318e+01 
 2.16500e+02  1.97304e+01 
 2.17000e+02  1.97285e+01 
 2.17500e+02  1.97264e+01 
 2.18000e+02  1.97248e+01 
 2.18500e+02  1.97238e+01 
 2.19000e+02  1.97229e+01 
 2.19500e+02  1.97219e+01 
 2.20000e+02  1.97208e+01 
 2.20500e+02  1.97196e+01 
 2.21000e+02  1.97183e+01 
 2.21500e+02  1.97165e+01 
 2.22000e+02  1.97147e+01 
 2.22500e+02  1.97130e+01 
 2.23000e+02  1.97115e+01 
 2.23500e+02  1.97099e+01 
 2.24000e+02  1.97081e+01 
 2.24500e+02  1.97068e+01 
 2.25000e+02  1.97054e+01 
 2.25500e+02  1.97038e+01 
 2.26000e+02  1.97022e+01 
 2.26500e+02  1.97005e+01 
 2.27000e+02  1.96983e+01 
 2.27500e+02  1.96963e+01 
 2.28000e+02  1.96944e+01 
 2.28500e+02  1.96925e+01 
 2.29000e+02  1.96906e+01 
 2.29500e+02  1.96885e+01 
 2.30000e+02  1.96863e+01 
 2.30500e+02  1.96838e+01 
 2.31000e+02  1.96818e+01 
 2.31500e+02  1.96799e+01 
 2.32000e+02  1.96779e+01 
 2.32500e+02  1.96758e+01 
 2.33000e+02  1.96732e+01 
 2.33500e+02  1.96704e+01 
 2.34000e+02  1.96679e+01 
 2.34500e+02  1.96659e+01 
 2.35000e+02  1.96637e+01 
 2.35500e+02  1.96615e+01 
 2.36000e+02  1.96592e+01 
 2.36500e+02  1.96565e+01 
 2.37000e+02  1.96538e+01 
 2.37500e+02  1.96511e+01 
 2.38000e+02  1.96483e+01 
 2.38500e+02  1.96458e+01 
 2.39000e+02  1.96432e+01 
 2.39500e+02  1.96405e+01 
 2.40000e+02  1.96376e+01 
 2.40500e+02  1.96347e+01 
 2.41000e+02  1.96318e+01 
 2.41500e+02  1.96290e+01 
 2.42000e+02  1.96264e+01 
 2.42500e+02  1.96233e+01 
 2.43000e+02  1.96197e+01 
 2.43500e+02  1.96157e+01 
 2.44000e+02  1.96116e+01 
 2.44500e+02  1.96079e+01 
 2.45000e+02  1.96042e+01 
 2.45500e+02  1.96006e+01 
 2.46000e+02  1.95969e+01 
 2.46500e+02  1.95930e+01 
 2.47000e+02  1.95887e+01 
 2.47500e+02  1.95845e+01 
 2.48000e+02  1.95803e+01 
 2.48500e+02  1.95758e+01 
 2.49000e+02  1.95709e+01 
 2.49500e+02  1.95657e+01 
 2.50000e+02  1.95600e+01 
 2.50500e+02  1.95541e+01 
 2.51000e+02  1.95478e+01 
 2.51500e+02  1.95412e+01 
 2.52000e+02  1.95348e+01 
 2.52500e+02  1.95283e+01 
 2.53000e+02  1.95215e+01 
 2.53500e+02  1.95143e+01 
 2.54000e+02  1.95070e+01 
 2.54500e+02  1.94993e+01 
 2.55000e+02  1.94916e+01 
 2.55500e+02  1.94835e+01 
 2.56000e+02  1.94749e+01 
 2.56500e+02  1.94653e+01 
 2.57000e+02  1.94547e+01 
 2.57500e+02  1.94434e+01 
 2.58000e+02  1.94314e+01 
 2.58500e+02  1.94186e+01 
 2.59000e+02  1.94049e+01 
 2.59500e+02  1.93904e+01 
 2.60000e+02  1.93751e+01 
 2.60500e+02  1.93590e+01 
 2.61000e+02  1.93415e+01 
 2.61500e+02  1.93227e+01 
 2.62000e+02  1.93026e+01 
 2.62500e+02  1.92813e+01 
 2.63000e+02  1.92585e+01 
 2.63500e+02  1.92342e+01 
 2.64000e+02  1.92080e+01 
 2.64500e+02  1.91799e+01 
 2.65000e+02  1.91499e+01 
 2.65500e+02  1.91178e+01 
 2.66000e+02  1.90836e+01 
 2.66500e+02  1.90470e+01 
 2.67000e+02  1.90082e+01 
 2.67500e+02  1.89670e+01 
 2.68000e+02  1.89232e+01 
 2.68500e+02  1.88767e+01 
 2.69000e+02  1.88275e+01 
 2.69500e+02  1.87754e+01 
 2.70000e+02  1.87204e+01 
 2.70500e+02  1.86625e+01 
 2.71000e+02  1.86017e+01 
 2.71500e+02  1.85381e+01 
 2.72000e+02  1.84715e+01 
 2.72500e+02  1.84020e+01 
 2.73000e+02  1.83297e+01 
 2.73500e+02  1.82545e+01 
 2.74000e+02  1.81765e+01 
 2.74500e+02  1.80958e+01 
 2.75000e+02  1.80125e+01 
 2.75500e+02  1.79265e+01 
 2.76000e+02  1.78380e+01 
 2.76500e+02  1.77473e+01 
 2.77000e+02  1.76542e+01 
 2.77500e+02  1.75591e+01 
 2.78000e+02  1.74618e+01 
 2.78500e+02  1.73622e+01 
 2.79000e+02  1.72602e+01 
 2.79500e+02  1.71554e+01 
 2.80000e+02  1.70477e+01 
 2.80500e+02  1.69368e+01 
 2.81000e+02  1.68226e+01 
 2.81500e+02  1.67053e+01 
 2.82000e+02  1.65848e+01 
 2.82500e+02  1.64611e+01 
 2.83000e+02  1.63342e+01 
 2.83500e+02  1.62040e+01 
 2.84000e+02  1.60706e+01 
 2.84500e+02  1.59340e+01 
 2.85000e+02  1.57943e+01 
 2.85500e+02  1.56515e+01 
 2.86000e+02  1.55057e+01 
 2.86500e+02  1.53569e+01 
 2.87000e+02  1.52052e+01 
 2.87500e+02  1.50506e+01 
 2.88000e+02  1.48930e+01 
 2.88500e+02  1.47326e+01 
 2.89000e+02  1.45693e+01 
 2.89500e+02  1.44031e+01 
 2.90000e+02  1.42342e+01 
 2.90500e+02  1.40626e+01 
 2.91000e+02  1.38883e+01 
 2.91500e+02  1.37114e+01 
 2.92000e+02  1.35318e+01 
 2.92500e+02  1.33496e+01 
 2.93000e+02  1.31647e+01 
 2.93500e+02  1.29772e+01 
 2.94000e+02  1.27871e+01 
 2.94500e+02  1.25944e+01 
 2.95000e+02  1.23993e+01 
 2.95500e+02  1.22016e+01 
 2.96000e+02  1.20014e+01 
 2.96500e+02  1.17989e+01 
 2.97000e+02  1.15938e+01 
 2.97500e+02  1.13864e+01 
 2.98000e+02  1.11765e+01 
 2.98500e+02  1.09643e+01 
 2.99000e+02  1.07496e+01 
 2.99500e+02  1.05326e+01 
 3.00000e+02  1.03133e+01 
 3.00500e+02  1.00917e+01 
 3.01000e+02  9.86793e+00 
 3.01500e+02  9.64194e+00 
 3.02000e+02  9.41378e+00 
 3.02500e+02  9.18348e+00 
 3.03000e+02  8.95102e+00 
 3.03500e+02  8.71641e+00 
 3.04000e+02  8.47971e+00 
 3.04500e+02  8.24091e+00 
 3.05000e+02  8.00004e+00 
 3.05500e+02  7.75713e+00 
 3.06000e+02  7.51225e+00 
 3.06500e+02  7.26540e+00 
 3.07000e+02  7.01659e+00 
 3.07500e+02  6.76587e+00 
 3.08000e+02  6.51326e+00 
 3.08500e+02  6.25875e+00 
 3.09000e+02  6.00235e+00 
 3.09500e+02  5.74406e+00 
 3.10000e+02  5.48393e+00 
 3.10500e+02  5.22203e+00 
 3.11000e+02  4.95842e+00 
 3.11500e+02  4.69314e+00 
 3.12000e+02  4.42619e+00 
 3.12500e+02  4.15756e+00 
 3.13000e+02  3.88728e+00 
 3.13500e+02  3.61543e+00 
 3.14000e+02  3.34209e+00 
 3.14500e+02  3.06731e+00 
 3.15000e+02  2.79116e+00 
 3.15500e+02  2.51367e+00 
 3.16000e+02  2.23493e+00 
 3.16500e+02  1.95500e+00 
 3.17000e+02  1.67400e+00 
 3.17500e+02  1.39208e+00 
 3.18000e+02  1.10943e+00 
 3.18500e+02  8.26248e-01 
 3.19000e+02  5.42837e-01 
 3.19500e+02  2.59850e-01 
