 0.00000e+00  0.00000e+00 
 5.00000e-01  3.27318e-01 
 1.00000e+00  6.52333e-01 
 1.50000e+00  9.75030e-01 
 2.00000e+00  1.29536e+00 
 2.50000e+00  1.61329e+00 
 3.00000e+00  1.92876e+00 
 3.50000e+00  2.24177e+00 
 4.00000e+00  2.55228e+00 
 4.50000e+00  2.86026e+00 
 5.00000e+00  3.16571e+00 
 5.50000e+00  3.46860e+00 
 6.00000e+00  3.76892e+00 
 6.50000e+00  4.06668e+00 
 7.00000e+00  4.36187e+00 
 7.50000e+00  4.65443e+00 
 8.00000e+00  4.94435e+00 
 8.50000e+00  5.23164e+00 
 9.00000e+00  5.51632e+00 
 9.50000e+00  5.79839e+00 
 1.00000e+01  6.07784e+00 
 1.05000e+01  6.35468e+00 
 1.10000e+01  6.62887e+00 
 1.15000e+01  6.90046e+00 
 1.20000e+01  7.16943e+00 
 1.25000e+01  7.43578e+00 
 1.30000e+01  7.69951e+00 
 1.35000e+01  7.96064e+00 
 1.40000e+01  8.21914e+00 
 1.45000e+01  8.47503e+00 
 1.50000e+01  8.72829e+00 
 1.55000e+01  8.97893e+00 
 1.60000e+01  9.22692e+00 
 1.65000e+01  9.47225e+00 
 1.70000e+01  9.71492e+00 
 1.75000e+01  9.95494e+00 
 1.80000e+01  1.01923e+01 
 1.85000e+01  1.04270e+01 
 1.90000e+01  1.06590e+01 
 1.95000e+01  1.08882e+01 
 2.00000e+01  1.11148e+01 
 2.05000e+01  1.13387e+01 
 2.10000e+01  1.15599e+01 
 2.15000e+01  1.17783e+01 
 2.20000e+01  1.19940e+01 
 2.25000e+01  1.22068e+01 
 2.30000e+01  1.24169e+01 
 2.35000e+01  1.26241e+01 
 2.40000e+01  1.28285e+01 
 2.45000e+01  1.30300e+01 
 2.50000e+01  1.32285e+01 
 2.55000e+01  1.34242e+01 
 2.60000e+01  1.36169e+01 
 2.65000e+01  1.38068e+01 
 2.70000e+01  1.39938e+01 
 2.75000e+01  1.41778e+01 
 2.80000e+01  1.43588e+01 
 2.85000e+01  1.45368e+01 
 2.90000e+01  1.47117e+01 
 2.95000e+01  1.48836e+01 
 3.00000e+01  1.50523e+01 
 3.05000e+01  1.52180e+01 
 3.10000e+01  1.53806e+01 
 3.15000e+01  1.55400e+01 
 3.20000e+01  1.56962e+01 
 3.25000e+01  1.58493e+01 
 3.30000e+01  1.59991e+01 
 3.35000e+01  1.61456e+01 
 3.40000e+01  1.62887e+01 
 3.45000e+01  1.64285e+01 
 3.50000e+01  1.65649e+01 
 3.55000e+01  1.66979e+01 
 3.60000e+01  1.68276e+01 
 3.65000e+01  1.69537e+01 
 3.70000e+01  1.70765e+01 
 3.75000e+01  1.71958e+01 
 3.80000e+01  1.73118e+01 
 3.85000e+01  1.74243e+01 
 3.90000e+01  1.75335e+01 
 3.95000e+01  1.76394e+01 
 4.00000e+01  1.77420e+01 
 4.05000e+01  1.78412e+01 
 4.10000e+01  1.79372e+01 
 4.15000e+01  1.80299e+01 
 4.20000e+01  1.81192e+01 
 4.25000e+01  1.82051e+01 
 4.30000e+01  1.82876e+01 
 4.35000e+01  1.83666e+01 
 4.40000e+01  1.84423e+01 
 4.45000e+01  1.85146e+01 
 4.50000e+01  1.85836e+01 
 4.55000e+01  1.86492e+01 
 4.60000e+01  1.87115e+01 
 4.65000e+01  1.87706e+01 
 4.70000e+01  1.88265e+01 
 4.75000e+01  1.88793e+01 
 4.80000e+01  1.89291e+01 
 4.85000e+01  1.89760e+01 
 4.90000e+01  1.90201e+01 
 4.95000e+01  1.90614e+01 
 5.00000e+01  1.91000e+01 
 5.05000e+01  1.91360e+01 
 5.10000e+01  1.91695e+01 
 5.15000e+01  1.92007e+01 
 5.20000e+01  1.92297e+01 
 5.25000e+01  1.92565e+01 
 5.30000e+01  1.92813e+01 
 5.35000e+01  1.93043e+01 
 5.40000e+01  1.93257e+01 
 5.45000e+01  1.93456e+01 
 5.50000e+01  1.93642e+01 
 5.55000e+01  1.93817e+01 
 5.60000e+01  1.93980e+01 
 5.65000e+01  1.94134e+01 
 5.70000e+01  1.94280e+01 
 5.75000e+01  1.94418e+01 
 5.80000e+01  1.94548e+01 
 5.85000e+01  1.94668e+01 
 5.90000e+01  1.94781e+01 
 5.95000e+01  1.94888e+01 
 6.00000e+01  1.94989e+01 
 6.05000e+01  1.95081e+01 
 6.10000e+01  1.95165e+01 
 6.15000e+01  1.95242e+01 
 6.20000e+01  1.95313e+01 
 6.25000e+01  1.95379e+01 
 6.30000e+01  1.95442e+01 
 6.35000e+01  1.95500e+01 
 6.40000e+01  1.95552e+01 
 6.45000e+01  1.95603e+01 
 6.50000e+01  1.95655e+01 
 6.55000e+01  1.95710e+01 
 6.60000e+01  1.95767e+01 
 6.65000e+01  1.95822e+01 
 6.70000e+01  1.95875e+01 
 6.75000e+01  1.95927e+01 
 6.80000e+01  1.95977e+01 
 6.85000e+01  1.96025e+01 
 6.90000e+01  1.96070e+01 
 6.95000e+01  1.96109e+01 
 7.00000e+01  1.96147e+01 
 7.05000e+01  1.96186e+01 
 7.10000e+01  1.96226e+01 
 7.15000e+01  1.96267e+01 
 7.20000e+01  1.96304e+01 
 7.25000e+01  1.96339e+01 
 7.30000e+01  1.96373e+01 
 7.35000e+01  1.96403e+01 
 7.40000e+01  1.96436e+01 
 7.45000e+01  1.96471e+01 
 7.50000e+01  1.96508e+01 
 7.55000e+01  1.96544e+01 
 7.60000e+01  1.96578e+01 
 7.65000e+01  1.96609e+01 
 7.70000e+01  1.96635e+01 
 7.75000e+01  1.96660e+01 
 7.80000e+01  1.96682e+01 
 7.85000e+01  1.96704e+01 
 7.90000e+01  1.96729e+01 
 7.95000e+01  1.96755e+01 
 8.00000e+01  1.96780e+01 
 8.05000e+01  1.96805e+01 
 8.10000e+01  1.96833e+01 
 8.15000e+01  1.96860e+01 
 8.20000e+01  1.96884e+01 
 8.25000e+01  1.96906e+01 
 8.30000e+01  1.96927e+01 
 8.35000e+01  1.96947e+01 
 8.40000e+01  1.96967e+01 
 8.45000e+01  1.96988e+01 
 8.50000e+01  1.97011e+01 
 8.55000e+01  1.97030e+01 
 8.60000e+01  1.97040e+01 
 8.65000e+01  1.97051e+01 
 8.70000e+01  1.97068e+01 
 8.75000e+01  1.97089e+01 
 8.80000e+01  1.97109e+01 
 8.85000e+01  1.97127e+01 
 8.90000e+01  1.97141e+01 
 8.95000e+01  1.97157e+01 
 9.00000e+01  1.97174e+01 
 9.05000e+01  1.97192e+01 
 9.10000e+01  1.97205e+01 
 9.15000e+01  1.97218e+01 
 9.20000e+01  1.97233e+01 
 9.25000e+01  1.97253e+01 
 9.30000e+01  1.97273e+01 
 9.35000e+01  1.97287e+01 
 9.40000e+01  1.97303e+01 
 9.45000e+01  1.97318e+01 
 9.50000e+01  1.97330e+01 
 9.55000e+01  1.97336e+01 
 9.60000e+01  1.97348e+01 
 9.65000e+01  1.97361e+01 
 9.70000e+01  1.97372e+01 
 9.75000e+01  1.97382e+01 
 9.80000e+01  1.97392e+01 
 9.85000e+01  1.97404e+01 
 9.90000e+01  1.97421e+01 
 9.95000e+01  1.97440e+01 
 1.00000e+02  1.97457e+01 
 1.00500e+02  1.97466e+01 
 1.01000e+02  1.97477e+01 
 1.01500e+02  1.97484e+01 
 1.02000e+02  1.97491e+01 
 1.02500e+02  1.97501e+01 
 1.03000e+02  1.97507e+01 
 1.03500e+02  1.97516e+01 
 1.04000e+02  1.97526e+01 
 1.04500e+02  1.97536e+01 
 1.05000e+02  1.97542e+01 
 1.05500e+02  1.97551e+01 
 1.06000e+02  1.97559e+01 
 1.06500e+02  1.97563e+01 
 1.07000e+02  1.97566e+01 
 1.07500e+02  1.97568e+01 
 1.08000e+02  1.97574e+01 
 1.08500e+02  1.97582e+01 
 1.09000e+02  1.97586e+01 
 1.09500e+02  1.97591e+01 
 1.10000e+02  1.97600e+01 
 1.10500e+02  1.97602e+01 
 1.11000e+02  1.97608e+01 
 1.11500e+02  1.97617e+01 
 1.12000e+02  1.97618e+01 
 1.12500e+02  1.97623e+01 
 1.13000e+02  1.97621e+01 
 1.13500e+02  1.97628e+01 
 1.14000e+02  1.97628e+01 
 1.14500e+02  1.97632e+01 
 1.15000e+02  1.97634e+01 
 1.15500e+02  1.97638e+01 
 1.16000e+02  1.97644e+01 
 1.16500e+02  1.97644e+01 
 1.17000e+02  1.97650e+01 
 1.17500e+02  1.97649e+01 
 1.18000e+02  1.97651e+01 
 1.18500e+02  1.97652e+01 
 1.19000e+02  1.97651e+01 
 1.19500e+02  1.97654e+01 
 1.20000e+02  1.97657e+01 
 1.20500e+02  1.97659e+01 
 1.21000e+02  1.97658e+01 
 1.21500e+02  1.97660e+01 
 1.22000e+02  1.97660e+01 
 1.22500e+02  1.97663e+01 
 1.23000e+02  1.97667e+01 
 1.23500e+02  1.97667e+01 
 1.24000e+02  1.97666e+01 
 1.24500e+02  1.97669e+01 
 1.25000e+02  1.97673e+01 
 1.25500e+02  1.97674e+01 
 1.26000e+02  1.97673e+01 
 1.26500e+02  1.97677e+01 
 1.27000e+02  1.97678e+01 
 1.27500e+02  1.97679e+01 
 1.28000e+02  1.97678e+01 
 1.28500e+02  1.97675e+01 
 1.29000e+02  1.97681e+01 
 1.29500e+02  1.97685e+01 
 1.30000e+02  1.97681e+01 
 1.30500e+02  1.97683e+01 
 1.31000e+02  1.97684e+01 
 1.31500e+02  1.97688e+01 
 1.32000e+02  1.97686e+01 
 1.32500e+02  1.97688e+01 
 1.33000e+02  1.97686e+01 
 1.33500e+02  1.97687e+01 
 1.34000e+02  1.97687e+01 
 1.34500e+02  1.97688e+01 
 1.35000e+02  1.97690e+01 
 1.35500e+02  1.97689e+01 
 1.36000e+02  1.97687e+01 
 1.36500e+02  1.97689e+01 
 1.37000e+02  1.97693e+01 
 1.37500e+02  1.97691e+01 
 1.38000e+02  1.97692e+01 
 1.38500e+02  1.97691e+01 
 1.39000e+02  1.97693e+01 
 1.39500e+02  1.97694e+01 
 1.40000e+02  1.97696e+01 
 1.40500e+02  1.97695e+01 
 1.41000e+02  1.97698e+01 
 1.41500e+02  1.97697e+01 
 1.42000e+02  1.97700e+01 
 1.42500e+02  1.97697e+01 
 1.43000e+02  1.97700e+01 
 1.43500e+02  1.97701e+01 
 1.44000e+02  1.97702e+01 
 1.44500e+02  1.97702e+01 
 1.45000e+02  1.97703e+01 
 1.45500e+02  1.97701e+01 
 1.46000e+02  1.97705e+01 
 1.46500e+02  1.97701e+01 
 1.47000e+02  1.97706e+01 
 1.47500e+02  1.97700e+01 
 1.48000e+02  1.97705e+01 
 1.48500e+02  1.97704e+01 
 1.49000e+02  1.97702e+01 
 1.49500e+02  1.97704e+01 
 1.50000e+02  1.97703e+01 
 1.50500e+02  1.97703e+01 
 1.51000e+02  1.97702e+01 
 1.51500e+02  1.97704e+01 
 1.52000e+02  1.97704e+01 
 1.52500e+02  1.97702e+01 
 1.53000e+02  1.97705e+01 
 1.53500e+02  1.97702e+01 
 1.54000e+02  1.97705e+01 
 1.54500e+02  1.97699e+01 
 1.55000e+02  1.97704e+01 
 1.55500e+02  1.97701e+01 
 1.56000e+02  1.97699e+01 
 1.56500e+02  1.97700e+01 
 1.57000e+02  1.97699e+01 
 1.57500e+02  1.97700e+01 
 1.58000e+02  1.97699e+01 
 1.58500e+02  1.97699e+01 
 1.59000e+02  1.97698e+01 
 1.59500e+02  1.97699e+01 
 1.60000e+02  1.97699e+01 
 1.60500e+02  1.97697e+01 
 1.61000e+02  1.97701e+01 
 1.61500e+02  1.97697e+01 
 1.62000e+02  1.97697e+01 
 1.62500e+02  1.97695e+01 
 1.63000e+02  1.97695e+01 
 1.63500e+02  1.97693e+01 
 1.64000e+02  1.97698e+01 
 1.64500e+02  1.97697e+01 
 1.65000e+02  1.97693e+01 
 1.65500e+02  1.97693e+01 
 1.66000e+02  1.97693e+01 
 1.66500e+02  1.97694e+01 
 1.67000e+02  1.97691e+01 
 1.67500e+02  1.97694e+01 
 1.68000e+02  1.97693e+01 
 1.68500e+02  1.97693e+01 
 1.69000e+02  1.97691e+01 
 1.69500e+02  1.97689e+01 
 1.70000e+02  1.97687e+01 
 1.70500e+02  1.97689e+01 
 1.71000e+02  1.97686e+01 
 1.71500e+02  1.97688e+01 
 1.72000e+02  1.97687e+01 
 1.72500e+02  1.97686e+01 
 1.73000e+02  1.97690e+01 
 1.73500e+02  1.97689e+01 
 1.74000e+02  1.97686e+01 
 1.74500e+02  1.97689e+01 
 1.75000e+02  1.97687e+01 
 1.75500e+02  1.97685e+01 
 1.76000e+02  1.97685e+01 
 1.76500e+02  1.97682e+01 
 1.77000e+02  1.97681e+01 
 1.77500e+02  1.97678e+01 
 1.78000e+02  1.97680e+01 
 1.78500e+02  1.97677e+01 
 1.79000e+02  1.97676e+01 
 1.79500e+02  1.97677e+01 
 1.80000e+02  1.97673e+01 
 1.80500e+02  1.97671e+01 
 1.81000e+02  1.97676e+01 
 1.81500e+02  1.97670e+01 
 1.82000e+02  1.97671e+01 
 1.82500e+02  1.97669e+01 
 1.83000e+02  1.97668e+01 
 1.83500e+02  1.97668e+01 
 1.84000e+02  1.97666e+01 
 1.84500e+02  1.97666e+01 
 1.85000e+02  1.97662e+01 
 1.85500e+02  1.97660e+01 
 1.86000e+02  1.97657e+01 
 1.86500e+02  1.97660e+01 
 1.87000e+02  1.97658e+01 
 1.87500e+02  1.97657e+01 
 1.88000e+02  1.97655e+01 
 1.88500e+02  1.97655e+01 
 1.89000e+02  1.97650e+01 
 1.89500e+02  1.97651e+01 
 1.90000e+02  1.97648e+01 
 1.90500e+02  1.97645e+01 
 1.91000e+02  1.97646e+01 
 1.91500e+02  1.97643e+01 
 1.92000e+02  1.97641e+01 
 1.92500e+02  1.97641e+01 
 1.93000e+02  1.97639e+01 
 1.93500e+02  1.97636e+01 
 1.94000e+02  1.97633e+01 
 1.94500e+02  1.97635e+01 
 1.95000e+02  1.97631e+01 
 1.95500e+02  1.97628e+01 
 1.96000e+02  1.97629e+01 
 1.96500e+02  1.97625e+01 
 1.97000e+02  1.97620e+01 
 1.97500e+02  1.97619e+01 
 1.98000e+02  1.97616e+01 
 1.98500e+02  1.97613e+01 
 1.99000e+02  1.97610e+01 
 1.99500e+02  1.97606e+01 
 2.00000e+02  1.97597e+01 
 2.00500e+02  1.97598e+01 
 2.01000e+02  1.97596e+01 
 2.01500e+02  1.97596e+01 
 2.02000e+02  1.97590e+01 
 2.02500e+02  1.97585e+01 
 2.03000e+02  1.97583e+01 
 2.03500e+02  1.97582e+01 
 2.04000e+02  1.97579e+01 
 2.04500e+02  1.97574e+01 
 2.05000e+02  1.97570e+01 
 2.05500e+02  1.97563e+01 
 2.06000e+02  1.97561e+01 
 2.06500e+02  1.97561e+01 
 2.07000e+02  1.97550e+01 
 2.07500e+02  1.97544e+01 
 2.08000e+02  1.97537e+01 
 2.08500e+02  1.97531e+01 
 2.09000e+02  1.97523e+01 
 2.09500e+02  1.97523e+01 
 2.10000e+02  1.97514e+01 
 2.10500e+02  1.97503e+01 
 2.11000e+02  1.97495e+01 
 2.11500e+02  1.97493e+01 
 2.12000e+02  1.97482e+01 
 2.12500e+02  1.97474e+01 
 2.13000e+02  1.97465e+01 
 2.13500e+02  1.97454e+01 
 2.14000e+02  1.97445e+01 
 2.14500e+02  1.97432e+01 
 2.15000e+02  1.97424e+01 
 2.15500e+02  1.97414e+01 
 2.16000e+02  1.97398e+01 
 2.16500e+02  1.97379e+01 
 2.17000e+02  1.97362e+01 
 2.17500e+02  1.97352e+01 
 2.18000e+02  1.97346e+01 
 2.18500e+02  1.97335e+01 
 2.19000e+02  1.97322e+01 
 2.19500e+02  1.97308e+01 
 2.20000e+02  1.97297e+01 
 2.20500e+02  1.97283e+01 
 2.21000e+02  1.97265e+01 
 2.21500e+02  1.97245e+01 
 2.22000e+02  1.97229e+01 
 2.22500e+02  1.97216e+01 
 2.23000e+02  1.97204e+01 
 2.23500e+02  1.97191e+01 
 2.24000e+02  1.97176e+01 
 2.24500e+02  1.97162e+01 
 2.25000e+02  1.97145e+01 
 2.25500e+02  1.97128e+01 
 2.26000e+02  1.97105e+01 
 2.26500e+02  1.97087e+01 
 2.27000e+02  1.97070e+01 
 2.27500e+02  1.97050e+01 
 2.28000e+02  1.97034e+01 
 2.28500e+02  1.97010e+01 
 2.29000e+02  1.96983e+01 
 2.29500e+02  1.96960e+01 
 2.30000e+02  1.96946e+01 
 2.30500e+02  1.96933e+01 
 2.31000e+02  1.96915e+01 
 2.31500e+02  1.96892e+01 
 2.32000e+02  1.96866e+01 
 2.32500e+02  1.96843e+01 
 2.33000e+02  1.96818e+01 
 2.33500e+02  1.96794e+01 
 2.34000e+02  1.96769e+01 
 2.34500e+02  1.96744e+01 
 2.35000e+02  1.96719e+01 
 2.35500e+02  1.96693e+01 
 2.36000e+02  1.96669e+01 
 2.36500e+02  1.96643e+01 
 2.37000e+02  1.96613e+01 
 2.37500e+02  1.96580e+01 
 2.38000e+02  1.96548e+01 
 2.38500e+02  1.96522e+01 
 2.39000e+02  1.96496e+01 
 2.39500e+02  1.96470e+01 
 2.40000e+02  1.96443e+01 
 2.40500e+02  1.96416e+01 
 2.41000e+02  1.96387e+01 
 2.41500e+02  1.96356e+01 
 2.42000e+02  1.96323e+01 
 2.42500e+02  1.96290e+01 
 2.43000e+02  1.96257e+01 
 2.43500e+02  1.96226e+01 
 2.44000e+02  1.96197e+01 
 2.44500e+02  1.96163e+01 
 2.45000e+02  1.96125e+01 
 2.45500e+02  1.96084e+01 
 2.46000e+02  1.96041e+01 
 2.46500e+02  1.95994e+01 
 2.47000e+02  1.95946e+01 
 2.47500e+02  1.95901e+01 
 2.48000e+02  1.95856e+01 
 2.48500e+02  1.95810e+01 
 2.49000e+02  1.95765e+01 
 2.49500e+02  1.95720e+01 
 2.50000e+02  1.95672e+01 
 2.50500e+02  1.95622e+01 
 2.51000e+02  1.95572e+01 
 2.51500e+02  1.95515e+01 
 2.52000e+02  1.95456e+01 
 2.52500e+02  1.95397e+01 
 2.53000e+02  1.95334e+01 
 2.53500e+02  1.95268e+01 
 2.54000e+02  1.95198e+01 
 2.54500e+02  1.95124e+01 
 2.55000e+02  1.95044e+01 
 2.55500e+02  1.94962e+01 
 2.56000e+02  1.94874e+01 
 2.56500e+02  1.94777e+01 
 2.57000e+02  1.94672e+01 
 2.57500e+02  1.94561e+01 
 2.58000e+02  1.94446e+01 
 2.58500e+02  1.94324e+01 
 2.59000e+02  1.94196e+01 
 2.59500e+02  1.94058e+01 
 2.60000e+02  1.93911e+01 
 2.60500e+02  1.93755e+01 
 2.61000e+02  1.93587e+01 
 2.61500e+02  1.93408e+01 
 2.62000e+02  1.93217e+01 
 2.62500e+02  1.93016e+01 
 2.63000e+02  1.92802e+01 
 2.63500e+02  1.92573e+01 
 2.64000e+02  1.92326e+01 
 2.64500e+02  1.92060e+01 
 2.65000e+02  1.91774e+01 
 2.65500e+02  1.91467e+01 
 2.66000e+02  1.91138e+01 
 2.66500e+02  1.90783e+01 
 2.67000e+02  1.90403e+01 
 2.67500e+02  1.89998e+01 
 2.68000e+02  1.89567e+01 
 2.68500e+02  1.89110e+01 
 2.69000e+02  1.88623e+01 
 2.69500e+02  1.88108e+01 
 2.70000e+02  1.87563e+01 
 2.70500e+02  1.86989e+01 
 2.71000e+02  1.86386e+01 
 2.71500e+02  1.85753e+01 
 2.72000e+02  1.85091e+01 
 2.72500e+02  1.84399e+01 
 2.73000e+02  1.83678e+01 
 2.73500e+02  1.82927e+01 
 2.74000e+02  1.82147e+01 
 2.74500e+02  1.81339e+01 
 2.75000e+02  1.80503e+01 
 2.75500e+02  1.79641e+01 
 2.76000e+02  1.78753e+01 
 2.76500e+02  1.77842e+01 
 2.77000e+02  1.76909e+01 
 2.77500e+02  1.75954e+01 
 2.78000e+02  1.74977e+01 
 2.78500e+02  1.73978e+01 
 2.79000e+02  1.72955e+01 
 2.79500e+02  1.71904e+01 
 2.80000e+02  1.70822e+01 
 2.80500e+02  1.69708e+01 
 2.81000e+02  1.68563e+01 
 2.81500e+02  1.67385e+01 
 2.82000e+02  1.66176e+01 
 2.82500e+02  1.64935e+01 
 2.83000e+02  1.63662e+01 
 2.83500e+02  1.62356e+01 
 2.84000e+02  1.61019e+01 
 2.84500e+02  1.59649e+01 
 2.85000e+02  1.58249e+01 
 2.85500e+02  1.56818e+01 
 2.86000e+02  1.55357e+01 
 2.86500e+02  1.53866e+01 
 2.87000e+02  1.52345e+01 
 2.87500e+02  1.50795e+01 
 2.88000e+02  1.49216e+01 
 2.88500e+02  1.47607e+01 
 2.89000e+02  1.45970e+01 
 2.89500e+02  1.44305e+01 
 2.90000e+02  1.42611e+01 
 2.90500e+02  1.40890e+01 
 2.91000e+02  1.39141e+01 
 2.91500e+02  1.37366e+01 
 2.92000e+02  1.35564e+01 
 2.92500e+02  1.33735e+01 
 2.93000e+02  1.31881e+01 
 2.93500e+02  1.30000e+01 
 2.94000e+02  1.28095e+01 
 2.94500e+02  1.26164e+01 
 2.95000e+02  1.24208e+01 
 2.95500e+02  1.22228e+01 
 2.96000e+02  1.20222e+01 
 2.96500e+02  1.18193e+01 
 2.97000e+02  1.16139e+01 
 2.97500e+02  1.14062e+01 
 2.98000e+02  1.11961e+01 
 2.98500e+02  1.09837e+01 
 2.99000e+02  1.07690e+01 
 2.99500e+02  1.05520e+01 
 3.00000e+02  1.03328e+01 
 3.00500e+02  1.01114e+01 
 3.01000e+02  9.88794e+00 
 3.01500e+02  9.66234e+00 
 3.02000e+02  9.43463e+00 
 3.02500e+02  9.20479e+00 
 3.03000e+02  8.97284e+00 
 3.03500e+02  8.73876e+00 
 3.04000e+02  8.50256e+00 
 3.04500e+02  8.26431e+00 
 3.05000e+02  8.02403e+00 
 3.05500e+02  7.78174e+00 
 3.06000e+02  7.53746e+00 
 3.06500e+02  7.29121e+00 
 3.07000e+02  7.04302e+00 
 3.07500e+02  6.79291e+00 
 3.08000e+02  6.54093e+00 
 3.08500e+02  6.28710e+00 
 3.09000e+02  6.03144e+00 
 3.09500e+02  5.77395e+00 
 3.10000e+02  5.51467e+00 
 3.10500e+02  5.25366e+00 
 3.11000e+02  4.99097e+00 
 3.11500e+02  4.72659e+00 
 3.12000e+02  4.46053e+00 
 3.12500e+02  4.19283e+00 
 3.13000e+02  3.92353e+00 
 3.13500e+02  3.65270e+00 
 3.14000e+02  3.38040e+00 
 3.14500e+02  3.10667e+00 
 3.15000e+02  2.83155e+00 
 3.15500e+02  2.55509e+00 
 3.16000e+02  2.27734e+00 
 3.16500e+02  1.99838e+00 
 3.17000e+02  1.71834e+00 
 3.17500e+02  1.43735e+00 
 3.18000e+02  1.15558e+00 
 3.18500e+02  8.73219e-01 
 3.19000e+02  5.90533e-01 
 3.19500e+02  3.08194e-01 
