 0.00000e+00  0.00000e+00 
 5.00000e-01  3.29573e-01 
 1.00000e+00  6.56834e-01 
 1.50000e+00  9.81737e-01 
 2.00000e+00  1.30422e+00 
 2.50000e+00  1.62425e+00 
 3.00000e+00  1.94181e+00 
 3.50000e+00  2.25688e+00 
 4.00000e+00  2.56942e+00 
 4.50000e+00  2.87941e+00 
 5.00000e+00  3.18686e+00 
 5.50000e+00  3.49176e+00 
 6.00000e+00  3.79410e+00 
 6.50000e+00  4.09385e+00 
 7.00000e+00  4.39102e+00 
 7.50000e+00  4.68560e+00 
 8.00000e+00  4.97755e+00 
 8.50000e+00  5.26685e+00 
 9.00000e+00  5.55349e+00 
 9.50000e+00  5.83746e+00 
 1.00000e+01  6.11875e+00 
 1.05000e+01  6.39734e+00 
 1.10000e+01  6.67320e+00 
 1.15000e+01  6.94635e+00 
 1.20000e+01  7.21676e+00 
 1.25000e+01  7.48445e+00 
 1.30000e+01  7.74943e+00 
 1.35000e+01  8.01168e+00 
 1.40000e+01  8.27116e+00 
 1.45000e+01  8.52787e+00 
 1.50000e+01  8.78184e+00 
 1.55000e+01  9.03303e+00 
 1.60000e+01  9.28149e+00 
 1.65000e+01  9.52721e+00 
 1.70000e+01  9.77022e+00 
 1.75000e+01  1.00105e+01 
 1.80000e+01  1.02481e+01 
 1.85000e+01  1.04829e+01 
 1.90000e+01  1.07151e+01 
 1.95000e+01  1.09445e+01 
 2.00000e+01  1.11712e+01 
 2.05000e+01  1.13951e+01 
 2.10000e+01  1.16163e+01 
 2.15000e+01  1.18347e+01 
 2.20000e+01  1.20503e+01 
 2.25000e+01  1.22631e+01 
 2.30000e+01  1.24731e+01 
 2.35000e+01  1.26802e+01 
 2.40000e+01  1.28846e+01 
 2.45000e+01  1.30860e+01 
 2.50000e+01  1.32847e+01 
 2.55000e+01  1.34804e+01 
 2.60000e+01  1.36733e+01 
 2.65000e+01  1.38632e+01 
 2.70000e+01  1.40502e+01 
 2.75000e+01  1.42343e+01 
 2.80000e+01  1.44153e+01 
 2.85000e+01  1.45934e+01 
 2.90000e+01  1.47683e+01 
 2.95000e+01  1.49402e+01 
 3.00000e+01  1.51090e+01 
 3.05000e+01  1.52747e+01 
 3.10000e+01  1.54371e+01 
 3.15000e+01  1.55964e+01 
 3.20000e+01  1.57525e+01 
 3.25000e+01  1.59053e+01 
 3.30000e+01  1.60549e+01 
 3.35000e+01  1.62013e+01 
 3.40000e+01  1.63443e+01 
 3.45000e+01  1.64840e+01 
 3.50000e+01  1.66203e+01 
 3.55000e+01  1.67533e+01 
 3.60000e+01  1.68829e+01 
 3.65000e+01  1.70089e+01 
 3.70000e+01  1.71315e+01 
 3.75000e+01  1.72506e+01 
 3.80000e+01  1.73662e+01 
 3.85000e+01  1.74784e+01 
 3.90000e+01  1.75872e+01 
 3.95000e+01  1.76926e+01 
 4.00000e+01  1.77947e+01 
 4.05000e+01  1.78936e+01 
 4.10000e+01  1.79891e+01 
 4.15000e+01  1.80814e+01 
 4.20000e+01  1.81703e+01 
 4.25000e+01  1.82559e+01 
 4.30000e+01  1.83382e+01 
 4.35000e+01  1.84171e+01 
 4.40000e+01  1.84927e+01 
 4.45000e+01  1.85650e+01 
 4.50000e+01  1.86339e+01 
 4.55000e+01  1.86996e+01 
 4.60000e+01  1.87621e+01 
 4.65000e+01  1.88215e+01 
 4.70000e+01  1.88776e+01 
 4.75000e+01  1.89307e+01 
 4.80000e+01  1.89808e+01 
 4.85000e+01  1.90282e+01 
 4.90000e+01  1.90727e+01 
 4.95000e+01  1.91144e+01 
 5.00000e+01  1.91535e+01 
 5.05000e+01  1.91899e+01 
 5.10000e+01  1.92239e+01 
 5.15000e+01  1.92556e+01 
 5.20000e+01  1.92851e+01 
 5.25000e+01  1.93126e+01 
 5.30000e+01  1.93379e+01 
 5.35000e+01  1.93612e+01 
 5.40000e+01  1.93828e+01 
 5.45000e+01  1.94029e+01 
 5.50000e+01  1.94218e+01 
 5.55000e+01  1.94394e+01 
 5.60000e+01  1.94558e+01 
 5.65000e+01  1.94709e+01 
 5.70000e+01  1.94849e+01 
 5.75000e+01  1.94981e+01 
 5.80000e+01  1.95106e+01 
 5.85000e+01  1.95223e+01 
 5.90000e+01  1.95331e+01 
 5.95000e+01  1.95436e+01 
 6.00000e+01  1.95533e+01 
 6.05000e+01  1.95624e+01 
 6.10000e+01  1.95708e+01 
 6.15000e+01  1.95785e+01 
 6.20000e+01  1.95856e+01 
 6.25000e+01  1.95922e+01 
 6.30000e+01  1.95982e+01 
 6.35000e+01  1.96038e+01 
 6.40000e+01  1.96089e+01 
 6.45000e+01  1.96137e+01 
 6.50000e+01  1.96186e+01 
 6.55000e+01  1.96237e+01 
 6.60000e+01  1.96293e+01 
 6.65000e+01  1.96350e+01 
 6.70000e+01  1.96405e+01 
 6.75000e+01  1.96456e+01 
 6.80000e+01  1.96499e+01 
 6.85000e+01  1.96543e+01 
 6.90000e+01  1.96590e+01 
 6.95000e+01  1.96634e+01 
 7.00000e+01  1.96676e+01 
 7.05000e+01  1.96715e+01 
 7.10000e+01  1.96753e+01 
 7.15000e+01  1.96792e+01 
 7.20000e+01  1.96829e+01 
 7.25000e+01  1.96862e+01 
 7.30000e+01  1.96891e+01 
 7.35000e+01  1.96923e+01 
 7.40000e+01  1.96954e+01 
 7.45000e+01  1.96987e+01 
 7.50000e+01  1.97024e+01 
 7.55000e+01  1.97057e+01 
 7.60000e+01  1.97087e+01 
 7.65000e+01  1.97115e+01 
 7.70000e+01  1.97140e+01 
 7.75000e+01  1.97161e+01 
 7.80000e+01  1.97180e+01 
 7.85000e+01  1.97203e+01 
 7.90000e+01  1.97226e+01 
 7.95000e+01  1.97256e+01 
 8.00000e+01  1.97285e+01 
 8.05000e+01  1.97307e+01 
 8.10000e+01  1.97328e+01 
 8.15000e+01  1.97350e+01 
 8.20000e+01  1.97367e+01 
 8.25000e+01  1.97381e+01 
 8.30000e+01  1.97398e+01 
 8.35000e+01  1.97417e+01 
 8.40000e+01  1.97440e+01 
 8.45000e+01  1.97462e+01 
 8.50000e+01  1.97481e+01 
 8.55000e+01  1.97498e+01 
 8.60000e+01  1.97512e+01 
 8.65000e+01  1.97526e+01 
 8.70000e+01  1.97543e+01 
 8.75000e+01  1.97560e+01 
 8.80000e+01  1.97580e+01 
 8.85000e+01  1.97599e+01 
 8.90000e+01  1.97615e+01 
 8.95000e+01  1.97631e+01 
 9.00000e+01  1.97646e+01 
 9.05000e+01  1.97663e+01 
 9.10000e+01  1.97680e+01 
 9.15000e+01  1.97697e+01 
 9.20000e+01  1.97714e+01 
 9.25000e+01  1.97728e+01 
 9.30000e+01  1.97741e+01 
 9.35000e+01  1.97753e+01 
 9.40000e+01  1.97769e+01 
 9.45000e+01  1.97787e+01 
 9.50000e+01  1.97802e+01 
 9.55000e+01  1.97816e+01 
 9.60000e+01  1.97830e+01 
 9.65000e+01  1.97840e+01 
 9.70000e+01  1.97853e+01 
 9.75000e+01  1.97867e+01 
 9.80000e+01  1.97881e+01 
 9.85000e+01  1.97892e+01 
 9.90000e+01  1.97905e+01 
 9.95000e+01  1.97919e+01 
 1.00000e+02  1.97933e+01 
 1.00500e+02  1.97939e+01 
 1.01000e+02  1.97948e+01 
 1.01500e+02  1.97957e+01 
 1.02000e+02  1.97965e+01 
 1.02500e+02  1.97973e+01 
 1.03000e+02  1.97982e+01 
 1.03500e+02  1.97989e+01 
 1.04000e+02  1.97995e+01 
 1.04500e+02  1.98008e+01 
 1.05000e+02  1.98017e+01 
 1.05500e+02  1.98026e+01 
 1.06000e+02  1.98033e+01 
 1.06500e+02  1.98039e+01 
 1.07000e+02  1.98047e+01 
 1.07500e+02  1.98053e+01 
 1.08000e+02  1.98059e+01 
 1.08500e+02  1.98063e+01 
 1.09000e+02  1.98069e+01 
 1.09500e+02  1.98071e+01 
 1.10000e+02  1.98078e+01 
 1.10500e+02  1.98081e+01 
 1.11000e+02  1.98084e+01 
 1.11500e+02  1.98086e+01 
 1.12000e+02  1.98087e+01 
 1.12500e+02  1.98093e+01 
 1.13000e+02  1.98099e+01 
 1.13500e+02  1.98096e+01 
 1.14000e+02  1.98100e+01 
 1.14500e+02  1.98103e+01 
 1.15000e+02  1.98107e+01 
 1.15500e+02  1.98106e+01 
 1.16000e+02  1.98113e+01 
 1.16500e+02  1.98116e+01 
 1.17000e+02  1.98117e+01 
 1.17500e+02  1.98122e+01 
 1.18000e+02  1.98125e+01 
 1.18500e+02  1.98124e+01 
 1.19000e+02  1.98127e+01 
 1.19500e+02  1.98132e+01 
 1.20000e+02  1.98136e+01 
 1.20500e+02  1.98136e+01 
 1.21000e+02  1.98136e+01 
 1.21500e+02  1.98139e+01 
 1.22000e+02  1.98142e+01 
 1.22500e+02  1.98143e+01 
 1.23000e+02  1.98143e+01 
 1.23500e+02  1.98146e+01 
 1.24000e+02  1.98149e+01 
 1.24500e+02  1.98152e+01 
 1.25000e+02  1.98153e+01 
 1.25500e+02  1.98151e+01 
 1.26000e+02  1.98155e+01 
 1.26500e+02  1.98156e+01 
 1.27000e+02  1.98153e+01 
 1.27500e+02  1.98156e+01 
 1.28000e+02  1.98156e+01 
 1.28500e+02  1.98159e+01 
 1.29000e+02  1.98159e+01 
 1.29500e+02  1.98158e+01 
 1.30000e+02  1.98161e+01 
 1.30500e+02  1.98160e+01 
 1.31000e+02  1.98162e+01 
 1.31500e+02  1.98164e+01 
 1.32000e+02  1.98162e+01 
 1.32500e+02  1.98164e+01 
 1.33000e+02  1.98167e+01 
 1.33500e+02  1.98169e+01 
 1.34000e+02  1.98167e+01 
 1.34500e+02  1.98169e+01 
 1.35000e+02  1.98170e+01 
 1.35500e+02  1.98171e+01 
 1.36000e+02  1.98171e+01 
 1.36500e+02  1.98172e+01 
 1.37000e+02  1.98171e+01 
 1.37500e+02  1.98172e+01 
 1.38000e+02  1.98170e+01 
 1.38500e+02  1.98174e+01 
 1.39000e+02  1.98175e+01 
 1.39500e+02  1.98175e+01 
 1.40000e+02  1.98177e+01 
 1.40500e+02  1.98177e+01 
 1.41000e+02  1.98178e+01 
 1.41500e+02  1.98176e+01 
 1.42000e+02  1.98179e+01 
 1.42500e+02  1.98178e+01 
 1.43000e+02  1.98179e+01 
 1.43500e+02  1.98180e+01 
 1.44000e+02  1.98180e+01 
 1.44500e+02  1.98178e+01 
 1.45000e+02  1.98180e+01 
 1.45500e+02  1.98179e+01 
 1.46000e+02  1.98179e+01 
 1.46500e+02  1.98180e+01 
 1.47000e+02  1.98180e+01 
 1.47500e+02  1.98180e+01 
 1.48000e+02  1.98183e+01 
 1.48500e+02  1.98182e+01 
 1.49000e+02  1.98182e+01 
 1.49500e+02  1.98182e+01 
 1.50000e+02  1.98179e+01 
 1.50500e+02  1.98183e+01 
 1.51000e+02  1.98181e+01 
 1.51500e+02  1.98182e+01 
 1.52000e+02  1.98183e+01 
 1.52500e+02  1.98182e+01 
 1.53000e+02  1.98182e+01 
 1.53500e+02  1.98185e+01 
 1.54000e+02  1.98188e+01 
 1.54500e+02  1.98183e+01 
 1.55000e+02  1.98186e+01 
 1.55500e+02  1.98184e+01 
 1.56000e+02  1.98184e+01 
 1.56500e+02  1.98182e+01 
 1.57000e+02  1.98183e+01 
 1.57500e+02  1.98183e+01 
 1.58000e+02  1.98181e+01 
 1.58500e+02  1.98184e+01 
 1.59000e+02  1.98183e+01 
 1.59500e+02  1.98183e+01 
 1.60000e+02  1.98185e+01 
 1.60500e+02  1.98183e+01 
 1.61000e+02  1.98180e+01 
 1.61500e+02  1.98182e+01 
 1.62000e+02  1.98181e+01 
 1.62500e+02  1.98182e+01 
 1.63000e+02  1.98181e+01 
 1.63500e+02  1.98180e+01 
 1.64000e+02  1.98181e+01 
 1.64500e+02  1.98180e+01 
 1.65000e+02  1.98179e+01 
 1.65500e+02  1.98180e+01 
 1.66000e+02  1.98176e+01 
 1.66500e+02  1.98180e+01 
 1.67000e+02  1.98178e+01 
 1.67500e+02  1.98176e+01 
 1.68000e+02  1.98176e+01 
 1.68500e+02  1.98175e+01 
 1.69000e+02  1.98173e+01 
 1.69500e+02  1.98173e+01 
 1.70000e+02  1.98173e+01 
 1.70500e+02  1.98172e+01 
 1.71000e+02  1.98173e+01 
 1.71500e+02  1.98174e+01 
 1.72000e+02  1.98173e+01 
 1.72500e+02  1.98170e+01 
 1.73000e+02  1.98170e+01 
 1.73500e+02  1.98167e+01 
 1.74000e+02  1.98166e+01 
 1.74500e+02  1.98163e+01 
 1.75000e+02  1.98167e+01 
 1.75500e+02  1.98164e+01 
 1.76000e+02  1.98165e+01 
 1.76500e+02  1.98163e+01 
 1.77000e+02  1.98164e+01 
 1.77500e+02  1.98160e+01 
 1.78000e+02  1.98162e+01 
 1.78500e+02  1.98157e+01 
 1.79000e+02  1.98158e+01 
 1.79500e+02  1.98155e+01 
 1.80000e+02  1.98155e+01 
 1.80500e+02  1.98152e+01 
 1.81000e+02  1.98154e+01 
 1.81500e+02  1.98150e+01 
 1.82000e+02  1.98152e+01 
 1.82500e+02  1.98148e+01 
 1.83000e+02  1.98152e+01 
 1.83500e+02  1.98151e+01 
 1.84000e+02  1.98147e+01 
 1.84500e+02  1.98146e+01 
 1.85000e+02  1.98146e+01 
 1.85500e+02  1.98142e+01 
 1.86000e+02  1.98145e+01 
 1.86500e+02  1.98141e+01 
 1.87000e+02  1.98140e+01 
 1.87500e+02  1.98135e+01 
 1.88000e+02  1.98137e+01 
 1.88500e+02  1.98134e+01 
 1.89000e+02  1.98135e+01 
 1.89500e+02  1.98135e+01 
 1.90000e+02  1.98128e+01 
 1.90500e+02  1.98130e+01 
 1.91000e+02  1.98126e+01 
 1.91500e+02  1.98123e+01 
 1.92000e+02  1.98120e+01 
 1.92500e+02  1.98117e+01 
 1.93000e+02  1.98115e+01 
 1.93500e+02  1.98113e+01 
 1.94000e+02  1.98108e+01 
 1.94500e+02  1.98106e+01 
 1.95000e+02  1.98103e+01 
 1.95500e+02  1.98102e+01 
 1.96000e+02  1.98095e+01 
 1.96500e+02  1.98092e+01 
 1.97000e+02  1.98094e+01 
 1.97500e+02  1.98087e+01 
 1.98000e+02  1.98087e+01 
 1.98500e+02  1.98083e+01 
 1.99000e+02  1.98078e+01 
 1.99500e+02  1.98077e+01 
 2.00000e+02  1.98074e+01 
 2.00500e+02  1.98066e+01 
 2.01000e+02  1.98066e+01 
 2.01500e+02  1.98063e+01 
 2.02000e+02  1.98060e+01 
 2.02500e+02  1.98057e+01 
 2.03000e+02  1.98051e+01 
 2.03500e+02  1.98045e+01 
 2.04000e+02  1.98037e+01 
 2.04500e+02  1.98033e+01 
 2.05000e+02  1.98034e+01 
 2.05500e+02  1.98030e+01 
 2.06000e+02  1.98021e+01 
 2.06500e+02  1.98014e+01 
 2.07000e+02  1.98004e+01 
 2.07500e+02  1.97999e+01 
 2.08000e+02  1.97996e+01 
 2.08500e+02  1.97992e+01 
 2.09000e+02  1.97989e+01 
 2.09500e+02  1.97982e+01 
 2.10000e+02  1.97973e+01 
 2.10500e+02  1.97973e+01 
 2.11000e+02  1.97966e+01 
 2.11500e+02  1.97955e+01 
 2.12000e+02  1.97943e+01 
 2.12500e+02  1.97929e+01 
 2.13000e+02  1.97917e+01 
 2.13500e+02  1.97910e+01 
 2.14000e+02  1.97898e+01 
 2.14500e+02  1.97887e+01 
 2.15000e+02  1.97878e+01 
 2.15500e+02  1.97864e+01 
 2.16000e+02  1.97852e+01 
 2.16500e+02  1.97839e+01 
 2.17000e+02  1.97826e+01 
 2.17500e+02  1.97818e+01 
 2.18000e+02  1.97809e+01 
 2.18500e+02  1.97795e+01 
 2.19000e+02  1.97776e+01 
 2.19500e+02  1.97761e+01 
 2.20000e+02  1.97750e+01 
 2.20500e+02  1.97736e+01 
 2.21000e+02  1.97722e+01 
 2.21500e+02  1.97708e+01 
 2.22000e+02  1.97691e+01 
 2.22500e+02  1.97671e+01 
 2.23000e+02  1.97650e+01 
 2.23500e+02  1.97629e+01 
 2.24000e+02  1.97610e+01 
 2.24500e+02  1.97601e+01 
 2.25000e+02  1.97588e+01 
 2.25500e+02  1.97575e+01 
 2.26000e+02  1.97560e+01 
 2.26500e+02  1.97541e+01 
 2.27000e+02  1.97521e+01 
 2.27500e+02  1.97503e+01 
 2.28000e+02  1.97481e+01 
 2.28500e+02  1.97457e+01 
 2.29000e+02  1.97436e+01 
 2.29500e+02  1.97416e+01 
 2.30000e+02  1.97397e+01 
 2.30500e+02  1.97383e+01 
 2.31000e+02  1.97365e+01 
 2.31500e+02  1.97346e+01 
 2.32000e+02  1.97324e+01 
 2.32500e+02  1.97302e+01 
 2.33000e+02  1.97282e+01 
 2.33500e+02  1.97260e+01 
 2.34000e+02  1.97240e+01 
 2.34500e+02  1.97216e+01 
 2.35000e+02  1.97187e+01 
 2.35500e+02  1.97154e+01 
 2.36000e+02  1.97123e+01 
 2.36500e+02  1.97097e+01 
 2.37000e+02  1.97073e+01 
 2.37500e+02  1.97045e+01 
 2.38000e+02  1.97019e+01 
 2.38500e+02  1.96994e+01 
 2.39000e+02  1.96969e+01 
 2.39500e+02  1.96940e+01 
 2.40000e+02  1.96906e+01 
 2.40500e+02  1.96874e+01 
 2.41000e+02  1.96847e+01 
 2.41500e+02  1.96822e+01 
 2.42000e+02  1.96794e+01 
 2.42500e+02  1.96760e+01 
 2.43000e+02  1.96727e+01 
 2.43500e+02  1.96694e+01 
 2.44000e+02  1.96658e+01 
 2.44500e+02  1.96615e+01 
 2.45000e+02  1.96567e+01 
 2.45500e+02  1.96520e+01 
 2.46000e+02  1.96475e+01 
 2.46500e+02  1.96434e+01 
 2.47000e+02  1.96392e+01 
 2.47500e+02  1.96349e+01 
 2.48000e+02  1.96303e+01 
 2.48500e+02  1.96259e+01 
 2.49000e+02  1.96213e+01 
 2.49500e+02  1.96165e+01 
 2.50000e+02  1.96114e+01 
 2.50500e+02  1.96059e+01 
 2.51000e+02  1.96001e+01 
 2.51500e+02  1.95940e+01 
 2.52000e+02  1.95876e+01 
 2.52500e+02  1.95809e+01 
 2.53000e+02  1.95743e+01 
 2.53500e+02  1.95677e+01 
 2.54000e+02  1.95610e+01 
 2.54500e+02  1.95540e+01 
 2.55000e+02  1.95469e+01 
 2.55500e+02  1.95393e+01 
 2.56000e+02  1.95308e+01 
 2.56500e+02  1.95215e+01 
 2.57000e+02  1.95114e+01 
 2.57500e+02  1.95004e+01 
 2.58000e+02  1.94883e+01 
 2.58500e+02  1.94756e+01 
 2.59000e+02  1.94619e+01 
 2.59500e+02  1.94473e+01 
 2.60000e+02  1.94320e+01 
 2.60500e+02  1.94159e+01 
 2.61000e+02  1.93989e+01 
 2.61500e+02  1.93808e+01 
 2.62000e+02  1.93614e+01 
 2.62500e+02  1.93406e+01 
 2.63000e+02  1.93183e+01 
 2.63500e+02  1.92942e+01 
 2.64000e+02  1.92680e+01 
 2.64500e+02  1.92399e+01 
 2.65000e+02  1.92096e+01 
 2.65500e+02  1.91771e+01 
 2.66000e+02  1.91426e+01 
 2.66500e+02  1.91058e+01 
 2.67000e+02  1.90664e+01 
 2.67500e+02  1.90246e+01 
 2.68000e+02  1.89802e+01 
 2.68500e+02  1.89331e+01 
 2.69000e+02  1.88832e+01 
 2.69500e+02  1.88305e+01 
 2.70000e+02  1.87749e+01 
 2.70500e+02  1.87163e+01 
 2.71000e+02  1.86547e+01 
 2.71500e+02  1.85901e+01 
 2.72000e+02  1.85226e+01 
 2.72500e+02  1.84521e+01 
 2.73000e+02  1.83787e+01 
 2.73500e+02  1.83025e+01 
 2.74000e+02  1.82234e+01 
 2.74500e+02  1.81414e+01 
 2.75000e+02  1.80567e+01 
 2.75500e+02  1.79694e+01 
 2.76000e+02  1.78797e+01 
 2.76500e+02  1.77876e+01 
 2.77000e+02  1.76934e+01 
 2.77500e+02  1.75971e+01 
 2.78000e+02  1.74985e+01 
 2.78500e+02  1.73974e+01 
 2.79000e+02  1.72938e+01 
 2.79500e+02  1.71873e+01 
 2.80000e+02  1.70777e+01 
 2.80500e+02  1.69649e+01 
 2.81000e+02  1.68489e+01 
 2.81500e+02  1.67296e+01 
 2.82000e+02  1.66072e+01 
 2.82500e+02  1.64816e+01 
 2.83000e+02  1.63529e+01 
 2.83500e+02  1.62211e+01 
 2.84000e+02  1.60861e+01 
 2.84500e+02  1.59480e+01 
 2.85000e+02  1.58070e+01 
 2.85500e+02  1.56629e+01 
 2.86000e+02  1.55160e+01 
 2.86500e+02  1.53661e+01 
 2.87000e+02  1.52132e+01 
 2.87500e+02  1.50576e+01 
 2.88000e+02  1.48991e+01 
 2.88500e+02  1.47377e+01 
 2.89000e+02  1.45736e+01 
 2.89500e+02  1.44067e+01 
 2.90000e+02  1.42371e+01 
 2.90500e+02  1.40647e+01 
 2.91000e+02  1.38897e+01 
 2.91500e+02  1.37119e+01 
 2.92000e+02  1.35316e+01 
 2.92500e+02  1.33487e+01 
 2.93000e+02  1.31631e+01 
 2.93500e+02  1.29750e+01 
 2.94000e+02  1.27843e+01 
 2.94500e+02  1.25911e+01 
 2.95000e+02  1.23954e+01 
 2.95500e+02  1.21972e+01 
 2.96000e+02  1.19967e+01 
 2.96500e+02  1.17937e+01 
 2.97000e+02  1.15884e+01 
 2.97500e+02  1.13808e+01 
 2.98000e+02  1.11708e+01 
 2.98500e+02  1.09584e+01 
 2.99000e+02  1.07438e+01 
 2.99500e+02  1.05269e+01 
 3.00000e+02  1.03077e+01 
 3.00500e+02  1.00863e+01 
 3.01000e+02  9.86276e+00 
 3.01500e+02  9.63699e+00 
 3.02000e+02  9.40903e+00 
 3.02500e+02  9.17890e+00 
 3.03000e+02  8.94662e+00 
 3.03500e+02  8.71223e+00 
 3.04000e+02  8.47576e+00 
 3.04500e+02  8.23724e+00 
 3.05000e+02  7.99666e+00 
 3.05500e+02  7.75407e+00 
 3.06000e+02  7.50954e+00 
 3.06500e+02  7.26313e+00 
 3.07000e+02  7.01484e+00 
 3.07500e+02  6.76471e+00 
 3.08000e+02  6.51276e+00 
 3.08500e+02  6.25898e+00 
 3.09000e+02  6.00338e+00 
 3.09500e+02  5.74600e+00 
 3.10000e+02  5.48687e+00 
 3.10500e+02  5.22601e+00 
 3.11000e+02  4.96349e+00 
 3.11500e+02  4.69938e+00 
 3.12000e+02  4.43368e+00 
 3.12500e+02  4.16639e+00 
 3.13000e+02  3.89753e+00 
 3.13500e+02  3.62712e+00 
 3.14000e+02  3.35520e+00 
 3.14500e+02  3.08184e+00 
 3.15000e+02  2.80714e+00 
 3.15500e+02  2.53116e+00 
 3.16000e+02  2.25394e+00 
 3.16500e+02  1.97554e+00 
 3.17000e+02  1.69605e+00 
 3.17500e+02  1.41564e+00 
 3.18000e+02  1.13449e+00 
 3.18500e+02  8.52766e-01 
 3.19000e+02  5.70730e-01 
 3.19500e+02  2.89034e-01 
