 0.00000e+00  3.72952e-05 
 5.00000e-01  3.87648e-05 
 1.00000e+00  4.25128e-05 
 1.50000e+00  4.64416e-05 
 2.00000e+00  5.02904e-05 
 2.50000e+00  5.44960e-05 
 3.00000e+00  5.78336e-05 
 3.50000e+00  6.15920e-05 
 4.00000e+00  6.53608e-05 
 4.50000e+00  6.89816e-05 
 5.00000e+00  7.42248e-05 
 5.50000e+00  7.87936e-05 
 6.00000e+00  8.38336e-05 
 6.50000e+00  8.87520e-05 
 7.00000e+00  9.37760e-05 
 7.50000e+00  9.88304e-05 
 8.00000e+00  1.03994e-04 
 8.50000e+00  1.10624e-04 
 9.00000e+00  1.16206e-04 
 9.50000e+00  1.24633e-04 
 1.00000e+01  1.31443e-04 
 1.05000e+01  1.39216e-04 
 1.10000e+01  1.48722e-04 
 1.15000e+01  1.57744e-04 
 1.20000e+01  1.65862e-04 
 1.25000e+01  1.75198e-04 
 1.30000e+01  1.84750e-04 
 1.35000e+01  1.95946e-04 
 1.40000e+01  2.06091e-04 
 1.45000e+01  2.16772e-04 
 1.50000e+01  2.32331e-04 
 1.55000e+01  2.45048e-04 
 1.60000e+01  2.58789e-04 
 1.65000e+01  2.71750e-04 
 1.70000e+01  2.87226e-04 
 1.75000e+01  3.05416e-04 
 1.80000e+01  3.20806e-04 
 1.85000e+01  3.37888e-04 
 1.90000e+01  3.54753e-04 
 1.95000e+01  3.73523e-04 
 2.00000e+01  3.93973e-04 
 2.05000e+01  4.15790e-04 
 2.10000e+01  4.40133e-04 
 2.15000e+01  4.63358e-04 
 2.20000e+01  4.89229e-04 
 2.25000e+01  5.13506e-04 
 2.30000e+01  5.39712e-04 
 2.35000e+01  5.65481e-04 
 2.40000e+01  5.86758e-04 
 2.45000e+01  6.13854e-04 
 2.50000e+01  6.39981e-04 
 2.55000e+01  6.67511e-04 
 2.60000e+01  6.93118e-04 
 2.65000e+01  7.20714e-04 
 2.70000e+01  7.48897e-04 
 2.75000e+01  7.76714e-04 
 2.80000e+01  8.07170e-04 
 2.85000e+01  8.36277e-04 
 2.90000e+01  8.68798e-04 
 2.95000e+01  9.04022e-04 
 3.00000e+01  9.34654e-04 
 3.05000e+01  9.67805e-04 
 3.10000e+01  1.00207e-03 
 3.15000e+01  1.04445e-03 
 3.20000e+01  1.08300e-03 
 3.25000e+01  1.12430e-03 
 3.30000e+01  1.16908e-03 
 3.35000e+01  1.21449e-03 
 3.40000e+01  1.25980e-03 
 3.45000e+01  1.31060e-03 
 3.50000e+01  1.36489e-03 
 3.55000e+01  1.42193e-03 
 3.60000e+01  1.47796e-03 
 3.65000e+01  1.53408e-03 
 3.70000e+01  1.60619e-03 
 3.75000e+01  1.67916e-03 
 3.80000e+01  1.75688e-03 
 3.85000e+01  1.83724e-03 
 3.90000e+01  1.92935e-03 
 3.95000e+01  2.03468e-03 
 4.00000e+01  2.13706e-03 
 4.05000e+01  2.24526e-03 
 4.10000e+01  2.36466e-03 
 4.15000e+01  2.49601e-03 
 4.20000e+01  2.63818e-03 
 4.25000e+01  2.78281e-03 
 4.30000e+01  2.94172e-03 
 4.35000e+01  3.11298e-03 
 4.40000e+01  3.29061e-03 
 4.45000e+01  3.48797e-03 
 4.50000e+01  3.69966e-03 
 4.55000e+01  3.92460e-03 
 4.60000e+01  4.16879e-03 
 4.65000e+01  4.43996e-03 
 4.70000e+01  4.71361e-03 
 4.75000e+01  5.01044e-03 
 4.80000e+01  5.32789e-03 
 4.85000e+01  5.65911e-03 
 4.90000e+01  6.00856e-03 
 4.95000e+01  6.36092e-03 
 5.00000e+01  6.72115e-03 
 5.05000e+01  7.08733e-03 
 5.10000e+01  7.47295e-03 
 5.15000e+01  7.84589e-03 
 5.20000e+01  8.22511e-03 
 5.25000e+01  8.59770e-03 
 5.30000e+01  8.95619e-03 
 5.35000e+01  9.32256e-03 
 5.40000e+01  9.66378e-03 
 5.45000e+01  1.00179e-02 
 5.50000e+01  1.03464e-02 
 5.55000e+01  1.06756e-02 
 5.60000e+01  1.09716e-02 
 5.65000e+01  1.12517e-02 
 5.70000e+01  1.15104e-02 
 5.75000e+01  1.17677e-02 
 5.80000e+01  1.20127e-02 
 5.85000e+01  1.22448e-02 
 5.90000e+01  1.24807e-02 
 5.95000e+01  1.27079e-02 
 6.00000e+01  1.29214e-02 
 6.05000e+01  1.31261e-02 
 6.10000e+01  1.33073e-02 
 6.15000e+01  1.34883e-02 
 6.20000e+01  1.36461e-02 
 6.25000e+01  1.38377e-02 
 6.30000e+01  1.39971e-02 
 6.35000e+01  1.41742e-02 
 6.40000e+01  1.43275e-02 
 6.45000e+01  1.44764e-02 
 6.50000e+01  1.46103e-02 
 6.55000e+01  1.47569e-02 
 6.60000e+01  1.49000e-02 
 6.65000e+01  1.50434e-02 
 6.70000e+01  1.51790e-02 
 6.75000e+01  1.53086e-02 
 6.80000e+01  1.54504e-02 
 6.85000e+01  1.55994e-02 
 6.90000e+01  1.57248e-02 
 6.95000e+01  1.58874e-02 
 7.00000e+01  1.60351e-02 
 7.05000e+01  1.61597e-02 
 7.10000e+01  1.62884e-02 
 7.15000e+01  1.63992e-02 
 7.20000e+01  1.65219e-02 
 7.25000e+01  1.66032e-02 
 7.30000e+01  1.67032e-02 
 7.35000e+01  1.68057e-02 
 7.40000e+01  1.68892e-02 
 7.45000e+01  1.70121e-02 
 7.50000e+01  1.71353e-02 
 7.55000e+01  1.72427e-02 
 7.60000e+01  1.73371e-02 
 7.65000e+01  1.74483e-02 
 7.70000e+01  1.75399e-02 
 7.75000e+01  1.76432e-02 
 7.80000e+01  1.77283e-02 
 7.85000e+01  1.78328e-02 
 7.90000e+01  1.79162e-02 
 7.95000e+01  1.80057e-02 
 8.00000e+01  1.81047e-02 
 8.05000e+01  1.81795e-02 
 8.10000e+01  1.82553e-02 
 8.15000e+01  1.83291e-02 
 8.20000e+01  1.83884e-02 
 8.25000e+01  1.84583e-02 
 8.30000e+01  1.85325e-02 
 8.35000e+01  1.86082e-02 
 8.40000e+01  1.86913e-02 
 8.45000e+01  1.87701e-02 
 8.50000e+01  1.88273e-02 
 8.55000e+01  1.89101e-02 
 8.60000e+01  1.89690e-02 
 8.65000e+01  1.90408e-02 
 8.70000e+01  1.90669e-02 
 8.75000e+01  1.91256e-02 
 8.80000e+01  1.92001e-02 
 8.85000e+01  1.92803e-02 
 8.90000e+01  1.93438e-02 
 8.95000e+01  1.94321e-02 
 9.00000e+01  1.95156e-02 
 9.05000e+01  1.95875e-02 
 9.10000e+01  1.96485e-02 
 9.15000e+01  1.96785e-02 
 9.20000e+01  1.97291e-02 
 9.25000e+01  1.97803e-02 
 9.30000e+01  1.98638e-02 
 9.35000e+01  1.99119e-02 
 9.40000e+01  1.99884e-02 
 9.45000e+01  2.00389e-02 
 9.50000e+01  2.00860e-02 
 9.55000e+01  2.01564e-02 
 9.60000e+01  2.01917e-02 
 9.65000e+01  2.02494e-02 
 9.70000e+01  2.02920e-02 
 9.75000e+01  2.03327e-02 
 9.80000e+01  2.03769e-02 
 9.85000e+01  2.04415e-02 
 9.90000e+01  2.04744e-02 
 9.95000e+01  2.05064e-02 
 1.00000e+02  2.05610e-02 
 1.00500e+02  2.06389e-02 
 1.01000e+02  2.06673e-02 
 1.01500e+02  2.07149e-02 
 1.02000e+02  2.07683e-02 
 1.02500e+02  2.08004e-02 
 1.03000e+02  2.08389e-02 
 1.03500e+02  2.08780e-02 
 1.04000e+02  2.08980e-02 
 1.04500e+02  2.09216e-02 
 1.05000e+02  2.09379e-02 
 1.05500e+02  2.09243e-02 
 1.06000e+02  2.09603e-02 
 1.06500e+02  2.09858e-02 
 1.07000e+02  2.10189e-02 
 1.07500e+02  2.10493e-02 
 1.08000e+02  2.10786e-02 
 1.08500e+02  2.10743e-02 
 1.09000e+02  2.10927e-02 
 1.09500e+02  2.11415e-02 
 1.10000e+02  2.11629e-02 
 1.10500e+02  2.11777e-02 
 1.11000e+02  2.11897e-02 
 1.11500e+02  2.12193e-02 
 1.12000e+02  2.12523e-02 
 1.12500e+02  2.12381e-02 
 1.13000e+02  2.12400e-02 
 1.13500e+02  2.12678e-02 
 1.14000e+02  2.12949e-02 
 1.14500e+02  2.13128e-02 
 1.15000e+02  2.13206e-02 
 1.15500e+02  2.13469e-02 
 1.16000e+02  2.13468e-02 
 1.16500e+02  2.13491e-02 
 1.17000e+02  2.13394e-02 
 1.17500e+02  2.13436e-02 
 1.18000e+02  2.13585e-02 
 1.18500e+02  2.13569e-02 
 1.19000e+02  2.13600e-02 
 1.19500e+02  2.13800e-02 
 1.20000e+02  2.13887e-02 
 1.20500e+02  2.13775e-02 
 1.21000e+02  2.13980e-02 
 1.21500e+02  2.14131e-02 
 1.22000e+02  2.14261e-02 
 1.22500e+02  2.14494e-02 
 1.23000e+02  2.14477e-02 
 1.23500e+02  2.14362e-02 
 1.24000e+02  2.14583e-02 
 1.24500e+02  2.14490e-02 
 1.25000e+02  2.14600e-02 
 1.25500e+02  2.14813e-02 
 1.26000e+02  2.14654e-02 
 1.26500e+02  2.14933e-02 
 1.27000e+02  2.14862e-02 
 1.27500e+02  2.15083e-02 
 1.28000e+02  2.14965e-02 
 1.28500e+02  2.15065e-02 
 1.29000e+02  2.15143e-02 
 1.29500e+02  2.15099e-02 
 1.30000e+02  2.15113e-02 
 1.30500e+02  2.15175e-02 
 1.31000e+02  2.15252e-02 
 1.31500e+02  2.15554e-02 
 1.32000e+02  2.15478e-02 
 1.32500e+02  2.15660e-02 
 1.33000e+02  2.15682e-02 
 1.33500e+02  2.15976e-02 
 1.34000e+02  2.16310e-02 
 1.34500e+02  2.16409e-02 
 1.35000e+02  2.16139e-02 
 1.35500e+02  2.16259e-02 
 1.36000e+02  2.16271e-02 
 1.36500e+02  2.16364e-02 
 1.37000e+02  2.16033e-02 
 1.37500e+02  2.16223e-02 
 1.38000e+02  2.16224e-02 
 1.38500e+02  2.16243e-02 
 1.39000e+02  2.16351e-02 
 1.39500e+02  2.16409e-02 
 1.40000e+02  2.16478e-02 
 1.40500e+02  2.16569e-02 
 1.41000e+02  2.16686e-02 
 1.41500e+02  2.16637e-02 
 1.42000e+02  2.16565e-02 
 1.42500e+02  2.16640e-02 
 1.43000e+02  2.16916e-02 
 1.43500e+02  2.16808e-02 
 1.44000e+02  2.16844e-02 
 1.44500e+02  2.16768e-02 
 1.45000e+02  2.16715e-02 
 1.45500e+02  2.16474e-02 
 1.46000e+02  2.16488e-02 
 1.46500e+02  2.16474e-02 
 1.47000e+02  2.16552e-02 
 1.47500e+02  2.16585e-02 
 1.48000e+02  2.16683e-02 
 1.48500e+02  2.16413e-02 
 1.49000e+02  2.16407e-02 
 1.49500e+02  2.16304e-02 
 1.50000e+02  2.16539e-02 
 1.50500e+02  2.16326e-02 
 1.51000e+02  2.16456e-02 
 1.51500e+02  2.16347e-02 
 1.52000e+02  2.16271e-02 
 1.52500e+02  2.16451e-02 
 1.53000e+02  2.16335e-02 
 1.53500e+02  2.16377e-02 
 1.54000e+02  2.16300e-02 
 1.54500e+02  2.16436e-02 
 1.55000e+02  2.16535e-02 
 1.55500e+02  2.16392e-02 
 1.56000e+02  2.16268e-02 
 1.56500e+02  2.16152e-02 
 1.57000e+02  2.16155e-02 
 1.57500e+02  2.16245e-02 
 1.58000e+02  2.16157e-02 
 1.58500e+02  2.16097e-02 
 1.59000e+02  2.16236e-02 
 1.59500e+02  2.16324e-02 
 1.60000e+02  2.16425e-02 
 1.60500e+02  2.16416e-02 
 1.61000e+02  2.16468e-02 
 1.61500e+02  2.16330e-02 
 1.62000e+02  2.16223e-02 
 1.62500e+02  2.16194e-02 
 1.63000e+02  2.16172e-02 
 1.63500e+02  2.16032e-02 
 1.64000e+02  2.15960e-02 
 1.64500e+02  2.15996e-02 
 1.65000e+02  2.15956e-02 
 1.65500e+02  2.16082e-02 
 1.66000e+02  2.16157e-02 
 1.66500e+02  2.16189e-02 
 1.67000e+02  2.16038e-02 
 1.67500e+02  2.16114e-02 
 1.68000e+02  2.16230e-02 
 1.68500e+02  2.16177e-02 
 1.69000e+02  2.16022e-02 
 1.69500e+02  2.16040e-02 
 1.70000e+02  2.15945e-02 
 1.70500e+02  2.15811e-02 
 1.71000e+02  2.16039e-02 
 1.71500e+02  2.15779e-02 
 1.72000e+02  2.15856e-02 
 1.72500e+02  2.15707e-02 
 1.73000e+02  2.15641e-02 
 1.73500e+02  2.15575e-02 
 1.74000e+02  2.15548e-02 
 1.74500e+02  2.15570e-02 
 1.75000e+02  2.15432e-02 
 1.75500e+02  2.15527e-02 
 1.76000e+02  2.15430e-02 
 1.76500e+02  2.15567e-02 
 1.77000e+02  2.15350e-02 
 1.77500e+02  2.15219e-02 
 1.78000e+02  2.15006e-02 
 1.78500e+02  2.14873e-02 
 1.79000e+02  2.14728e-02 
 1.79500e+02  2.14801e-02 
 1.80000e+02  2.14984e-02 
 1.80500e+02  2.14954e-02 
 1.81000e+02  2.14857e-02 
 1.81500e+02  2.14987e-02 
 1.82000e+02  2.14949e-02 
 1.82500e+02  2.14897e-02 
 1.83000e+02  2.15075e-02 
 1.83500e+02  2.15153e-02 
 1.84000e+02  2.14842e-02 
 1.84500e+02  2.14741e-02 
 1.85000e+02  2.14468e-02 
 1.85500e+02  2.14434e-02 
 1.86000e+02  2.14422e-02 
 1.86500e+02  2.14258e-02 
 1.87000e+02  2.14115e-02 
 1.87500e+02  2.14213e-02 
 1.88000e+02  2.13967e-02 
 1.88500e+02  2.13995e-02 
 1.89000e+02  2.13975e-02 
 1.89500e+02  2.13926e-02 
 1.90000e+02  2.13640e-02 
 1.90500e+02  2.13660e-02 
 1.91000e+02  2.13481e-02 
 1.91500e+02  2.13325e-02 
 1.92000e+02  2.13374e-02 
 1.92500e+02  2.13499e-02 
 1.93000e+02  2.13400e-02 
 1.93500e+02  2.13045e-02 
 1.94000e+02  2.12833e-02 
 1.94500e+02  2.12550e-02 
 1.95000e+02  2.12417e-02 
 1.95500e+02  2.12186e-02 
 1.96000e+02  2.12266e-02 
 1.96500e+02  2.12056e-02 
 1.97000e+02  2.12200e-02 
 1.97500e+02  2.11823e-02 
 1.98000e+02  2.11776e-02 
 1.98500e+02  2.11611e-02 
 1.99000e+02  2.11622e-02 
 1.99500e+02  2.11462e-02 
 2.00000e+02  2.11364e-02 
 2.00500e+02  2.11295e-02 
 2.01000e+02  2.11049e-02 
 2.01500e+02  2.10897e-02 
 2.02000e+02  2.10606e-02 
 2.02500e+02  2.10418e-02 
 2.03000e+02  2.10323e-02 
 2.03500e+02  2.10075e-02 
 2.04000e+02  2.09985e-02 
 2.04500e+02  2.09662e-02 
 2.05000e+02  2.09476e-02 
 2.05500e+02  2.09190e-02 
 2.06000e+02  2.08940e-02 
 2.06500e+02  2.08864e-02 
 2.07000e+02  2.08546e-02 
 2.07500e+02  2.08281e-02 
 2.08000e+02  2.08009e-02 
 2.08500e+02  2.07733e-02 
 2.09000e+02  2.07554e-02 
 2.09500e+02  2.07712e-02 
 2.10000e+02  2.07610e-02 
 2.10500e+02  2.07248e-02 
 2.11000e+02  2.07166e-02 
 2.11500e+02  2.07014e-02 
 2.12000e+02  2.06560e-02 
 2.12500e+02  2.06054e-02 
 2.13000e+02  2.05685e-02 
 2.13500e+02  2.05302e-02 
 2.14000e+02  2.04866e-02 
 2.14500e+02  2.04361e-02 
 2.15000e+02  2.04076e-02 
 2.15500e+02  2.03375e-02 
 2.16000e+02  2.02569e-02 
 2.16500e+02  2.02259e-02 
 2.17000e+02  2.01744e-02 
 2.17500e+02  2.01138e-02 
 2.18000e+02  2.00675e-02 
 2.18500e+02  2.00322e-02 
 2.19000e+02  1.99922e-02 
 2.19500e+02  1.99377e-02 
 2.20000e+02  1.98933e-02 
 2.20500e+02  1.98373e-02 
 2.21000e+02  1.97686e-02 
 2.21500e+02  1.96936e-02 
 2.22000e+02  1.96334e-02 
 2.22500e+02  1.95825e-02 
 2.23000e+02  1.95066e-02 
 2.23500e+02  1.94224e-02 
 2.24000e+02  1.93451e-02 
 2.24500e+02  1.93310e-02 
 2.25000e+02  1.92976e-02 
 2.25500e+02  1.92278e-02 
 2.26000e+02  1.91664e-02 
 2.26500e+02  1.90832e-02 
 2.27000e+02  1.90047e-02 
 2.27500e+02  1.89174e-02 
 2.28000e+02  1.88279e-02 
 2.28500e+02  1.87287e-02 
 2.29000e+02  1.86252e-02 
 2.29500e+02  1.85587e-02 
 2.30000e+02  1.84714e-02 
 2.30500e+02  1.83987e-02 
 2.31000e+02  1.83182e-02 
 2.31500e+02  1.82455e-02 
 2.32000e+02  1.81828e-02 
 2.32500e+02  1.81214e-02 
 2.33000e+02  1.80146e-02 
 2.33500e+02  1.79274e-02 
 2.34000e+02  1.78426e-02 
 2.34500e+02  1.77646e-02 
 2.35000e+02  1.76858e-02 
 2.35500e+02  1.76022e-02 
 2.36000e+02  1.75461e-02 
 2.36500e+02  1.74603e-02 
 2.37000e+02  1.73737e-02 
 2.37500e+02  1.72757e-02 
 2.38000e+02  1.71626e-02 
 2.38500e+02  1.70658e-02 
 2.39000e+02  1.69560e-02 
 2.39500e+02  1.68474e-02 
 2.40000e+02  1.67385e-02 
 2.40500e+02  1.66368e-02 
 2.41000e+02  1.65315e-02 
 2.41500e+02  1.64225e-02 
 2.42000e+02  1.63107e-02 
 2.42500e+02  1.61807e-02 
 2.43000e+02  1.60538e-02 
 2.43500e+02  1.59222e-02 
 2.44000e+02  1.58227e-02 
 2.44500e+02  1.57173e-02 
 2.45000e+02  1.56122e-02 
 2.45500e+02  1.54707e-02 
 2.46000e+02  1.53320e-02 
 2.46500e+02  1.52061e-02 
 2.47000e+02  1.50609e-02 
 2.47500e+02  1.49293e-02 
 2.48000e+02  1.48062e-02 
 2.48500e+02  1.47164e-02 
 2.49000e+02  1.45899e-02 
 2.49500e+02  1.44687e-02 
 2.50000e+02  1.43507e-02 
 2.50500e+02  1.41788e-02 
 2.51000e+02  1.40296e-02 
 2.51500e+02  1.38520e-02 
 2.52000e+02  1.36904e-02 
 2.52500e+02  1.35124e-02 
 2.53000e+02  1.33495e-02 
 2.53500e+02  1.31765e-02 
 2.54000e+02  1.30157e-02 
 2.54500e+02  1.28270e-02 
 2.55000e+02  1.26455e-02 
 2.55500e+02  1.24548e-02 
 2.56000e+02  1.22413e-02 
 2.56500e+02  1.20072e-02 
 2.57000e+02  1.17570e-02 
 2.57500e+02  1.14702e-02 
 2.58000e+02  1.11991e-02 
 2.58500e+02  1.09220e-02 
 2.59000e+02  1.06348e-02 
 2.59500e+02  1.03449e-02 
 2.60000e+02  1.00725e-02 
 2.60500e+02  9.77966e-03 
 2.61000e+02  9.46025e-03 
 2.61500e+02  9.16289e-03 
 2.62000e+02  8.85676e-03 
 2.62500e+02  8.53446e-03 
 2.63000e+02  8.20715e-03 
 2.63500e+02  7.87442e-03 
 2.64000e+02  7.53211e-03 
 2.64500e+02  7.18592e-03 
 2.65000e+02  6.83286e-03 
 2.65500e+02  6.48899e-03 
 2.66000e+02  6.14057e-03 
 2.66500e+02  5.80146e-03 
 2.67000e+02  5.47657e-03 
 2.67500e+02  5.16074e-03 
 2.68000e+02  4.85622e-03 
 2.68500e+02  4.56877e-03 
 2.69000e+02  4.29304e-03 
 2.69500e+02  4.03220e-03 
 2.70000e+02  3.78741e-03 
 2.70500e+02  3.55342e-03 
 2.71000e+02  3.34273e-03 
 2.71500e+02  3.14537e-03 
 2.72000e+02  2.95105e-03 
 2.72500e+02  2.77811e-03 
 2.73000e+02  2.61559e-03 
 2.73500e+02  2.47175e-03 
 2.74000e+02  2.32942e-03 
 2.74500e+02  2.20177e-03 
 2.75000e+02  2.07893e-03 
 2.75500e+02  1.97232e-03 
 2.76000e+02  1.87284e-03 
 2.76500e+02  1.77739e-03 
 2.77000e+02  1.69752e-03 
 2.77500e+02  1.61968e-03 
 2.78000e+02  1.54962e-03 
 2.78500e+02  1.48325e-03 
 2.79000e+02  1.42361e-03 
 2.79500e+02  1.37207e-03 
 2.80000e+02  1.32444e-03 
 2.80500e+02  1.28252e-03 
 2.81000e+02  1.24393e-03 
 2.81500e+02  1.20614e-03 
 2.82000e+02  1.17125e-03 
 2.82500e+02  1.13584e-03 
 2.83000e+02  1.10853e-03 
 2.83500e+02  1.07718e-03 
 2.84000e+02  1.04708e-03 
 2.84500e+02  1.01840e-03 
 2.85000e+02  9.94167e-04 
 2.85500e+02  9.67564e-04 
 2.86000e+02  9.41919e-04 
 2.86500e+02  9.11895e-04 
 2.87000e+02  8.84702e-04 
 2.87500e+02  8.56470e-04 
 2.88000e+02  8.29368e-04 
 2.88500e+02  8.05866e-04 
 2.89000e+02  7.80134e-04 
 2.89500e+02  7.55260e-04 
 2.90000e+02  7.29653e-04 
 2.90500e+02  7.05242e-04 
 2.91000e+02  6.83960e-04 
 2.91500e+02  6.61830e-04 
 2.92000e+02  6.40630e-04 
 2.92500e+02  6.20186e-04 
 2.93000e+02  5.95132e-04 
 2.93500e+02  5.72773e-04 
 2.94000e+02  5.55685e-04 
 2.94500e+02  5.36731e-04 
 2.95000e+02  5.17456e-04 
 2.95500e+02  4.99375e-04 
 2.96000e+02  4.78659e-04 
 2.96500e+02  4.64327e-04 
 2.97000e+02  4.45311e-04 
 2.97500e+02  4.26879e-04 
 2.98000e+02  4.11800e-04 
 2.98500e+02  3.96511e-04 
 2.99000e+02  3.81862e-04 
 2.99500e+02  3.67995e-04 
 3.00000e+02  3.56613e-04 
 3.00500e+02  3.42516e-04 
 3.01000e+02  3.31065e-04 
 3.01500e+02  3.17284e-04 
 3.02000e+02  3.06348e-04 
 3.02500e+02  2.96075e-04 
 3.03000e+02  2.85406e-04 
 3.03500e+02  2.75326e-04 
 3.04000e+02  2.64503e-04 
 3.04500e+02  2.54781e-04 
 3.05000e+02  2.44457e-04 
 3.05500e+02  2.36222e-04 
 3.06000e+02  2.25794e-04 
 3.06500e+02  2.19572e-04 
 3.07000e+02  2.12018e-04 
 3.07500e+02  2.05089e-04 
 3.08000e+02  1.96813e-04 
 3.08500e+02  1.89570e-04 
 3.09000e+02  1.82511e-04 
 3.09500e+02  1.74548e-04 
 3.10000e+02  1.68717e-04 
 3.10500e+02  1.62530e-04 
 3.11000e+02  1.55697e-04 
 3.11500e+02  1.49422e-04 
 3.12000e+02  1.43863e-04 
 3.12500e+02  1.38517e-04 
 3.13000e+02  1.32450e-04 
 3.13500e+02  1.25837e-04 
 3.14000e+02  1.21350e-04 
 3.14500e+02  1.16559e-04 
 3.15000e+02  1.11953e-04 
 3.15500e+02  1.06675e-04 
 3.16000e+02  9.97368e-05 
 3.16500e+02  9.53536e-05 
 3.17000e+02  9.10440e-05 
 3.17500e+02  8.68096e-05 
 3.18000e+02  8.22784e-05 
 3.18500e+02  7.66112e-05 
 3.19000e+02  7.16456e-05 
 3.19500e+02  7.07400e-05 
