 0.00000e+00  3.53976e-05 
 5.00000e-01  3.73360e-05 
 1.00000e+00  4.11848e-05 
 1.50000e+00  4.49576e-05 
 2.00000e+00  4.97824e-05 
 2.50000e+00  5.31248e-05 
 3.00000e+00  5.64072e-05 
 3.50000e+00  5.96888e-05 
 4.00000e+00  6.32464e-05 
 4.50000e+00  6.84088e-05 
 5.00000e+00  7.27424e-05 
 5.50000e+00  7.70952e-05 
 6.00000e+00  8.07888e-05 
 6.50000e+00  8.50504e-05 
 7.00000e+00  8.95528e-05 
 7.50000e+00  9.53080e-05 
 8.00000e+00  1.01093e-04 
 8.50000e+00  1.07230e-04 
 9.00000e+00  1.13394e-04 
 9.50000e+00  1.19498e-04 
 1.00000e+01  1.26573e-04 
 1.05000e+01  1.34875e-04 
 1.10000e+01  1.43898e-04 
 1.15000e+01  1.51014e-04 
 1.20000e+01  1.58248e-04 
 1.25000e+01  1.68590e-04 
 1.30000e+01  1.79816e-04 
 1.35000e+01  1.90198e-04 
 1.40000e+01  2.00717e-04 
 1.45000e+01  2.11507e-04 
 1.50000e+01  2.23780e-04 
 1.55000e+01  2.35246e-04 
 1.60000e+01  2.51167e-04 
 1.65000e+01  2.66539e-04 
 1.70000e+01  2.82223e-04 
 1.75000e+01  2.96214e-04 
 1.80000e+01  3.12840e-04 
 1.85000e+01  3.32031e-04 
 1.90000e+01  3.49539e-04 
 1.95000e+01  3.70236e-04 
 2.00000e+01  3.91495e-04 
 2.05000e+01  4.11464e-04 
 2.10000e+01  4.35438e-04 
 2.15000e+01  4.58200e-04 
 2.20000e+01  4.81833e-04 
 2.25000e+01  5.04702e-04 
 2.30000e+01  5.29517e-04 
 2.35000e+01  5.53392e-04 
 2.40000e+01  5.78433e-04 
 2.45000e+01  6.03529e-04 
 2.50000e+01  6.26574e-04 
 2.55000e+01  6.53134e-04 
 2.60000e+01  6.80182e-04 
 2.65000e+01  7.06438e-04 
 2.70000e+01  7.35234e-04 
 2.75000e+01  7.58557e-04 
 2.80000e+01  7.87477e-04 
 2.85000e+01  8.17270e-04 
 2.90000e+01  8.43270e-04 
 2.95000e+01  8.71724e-04 
 3.00000e+01  9.06084e-04 
 3.05000e+01  9.39393e-04 
 3.10000e+01  9.76666e-04 
 3.15000e+01  1.01262e-03 
 3.20000e+01  1.05108e-03 
 3.25000e+01  1.09060e-03 
 3.30000e+01  1.13068e-03 
 3.35000e+01  1.17690e-03 
 3.40000e+01  1.22308e-03 
 3.45000e+01  1.27713e-03 
 3.50000e+01  1.32981e-03 
 3.55000e+01  1.38228e-03 
 3.60000e+01  1.44379e-03 
 3.65000e+01  1.50085e-03 
 3.70000e+01  1.56349e-03 
 3.75000e+01  1.63298e-03 
 3.80000e+01  1.70788e-03 
 3.85000e+01  1.78709e-03 
 3.90000e+01  1.87247e-03 
 3.95000e+01  1.96726e-03 
 4.00000e+01  2.07214e-03 
 4.05000e+01  2.18407e-03 
 4.10000e+01  2.29691e-03 
 4.15000e+01  2.42145e-03 
 4.20000e+01  2.55411e-03 
 4.25000e+01  2.69778e-03 
 4.30000e+01  2.84369e-03 
 4.35000e+01  3.00097e-03 
 4.40000e+01  3.17981e-03 
 4.45000e+01  3.36191e-03 
 4.50000e+01  3.55288e-03 
 4.55000e+01  3.76832e-03 
 4.60000e+01  3.98988e-03 
 4.65000e+01  4.23002e-03 
 4.70000e+01  4.49240e-03 
 4.75000e+01  4.77143e-03 
 4.80000e+01  5.06880e-03 
 4.85000e+01  5.37131e-03 
 4.90000e+01  5.69714e-03 
 4.95000e+01  6.02920e-03 
 5.00000e+01  6.38530e-03 
 5.05000e+01  6.74454e-03 
 5.10000e+01  7.09488e-03 
 5.15000e+01  7.46037e-03 
 5.20000e+01  7.83768e-03 
 5.25000e+01  8.19713e-03 
 5.30000e+01  8.55521e-03 
 5.35000e+01  8.92667e-03 
 5.40000e+01  9.26360e-03 
 5.45000e+01  9.60600e-03 
 5.50000e+01  9.93466e-03 
 5.55000e+01  1.02517e-02 
 5.60000e+01  1.05449e-02 
 5.65000e+01  1.08352e-02 
 5.70000e+01  1.11254e-02 
 5.75000e+01  1.13838e-02 
 5.80000e+01  1.16495e-02 
 5.85000e+01  1.18979e-02 
 5.90000e+01  1.21343e-02 
 5.95000e+01  1.23751e-02 
 6.00000e+01  1.26060e-02 
 6.05000e+01  1.28301e-02 
 6.10000e+01  1.30486e-02 
 6.15000e+01  1.32481e-02 
 6.20000e+01  1.34128e-02 
 6.25000e+01  1.35700e-02 
 6.30000e+01  1.37380e-02 
 6.35000e+01  1.38943e-02 
 6.40000e+01  1.40440e-02 
 6.45000e+01  1.41667e-02 
 6.50000e+01  1.42872e-02 
 6.55000e+01  1.44382e-02 
 6.60000e+01  1.45957e-02 
 6.65000e+01  1.47667e-02 
 6.70000e+01  1.49167e-02 
 6.75000e+01  1.50471e-02 
 6.80000e+01  1.51826e-02 
 6.85000e+01  1.53126e-02 
 6.90000e+01  1.54481e-02 
 6.95000e+01  1.55891e-02 
 7.00000e+01  1.57063e-02 
 7.05000e+01  1.58263e-02 
 7.10000e+01  1.59621e-02 
 7.15000e+01  1.60772e-02 
 7.20000e+01  1.62000e-02 
 7.25000e+01  1.63243e-02 
 7.30000e+01  1.64472e-02 
 7.35000e+01  1.65723e-02 
 7.40000e+01  1.66644e-02 
 7.45000e+01  1.67554e-02 
 7.50000e+01  1.68659e-02 
 7.55000e+01  1.69841e-02 
 7.60000e+01  1.70854e-02 
 7.65000e+01  1.71897e-02 
 7.70000e+01  1.72649e-02 
 7.75000e+01  1.73123e-02 
 7.80000e+01  1.73776e-02 
 7.85000e+01  1.74656e-02 
 7.90000e+01  1.75816e-02 
 7.95000e+01  1.76902e-02 
 8.00000e+01  1.78015e-02 
 8.05000e+01  1.78814e-02 
 8.10000e+01  1.79771e-02 
 8.15000e+01  1.80797e-02 
 8.20000e+01  1.81796e-02 
 8.25000e+01  1.82667e-02 
 8.30000e+01  1.83303e-02 
 8.35000e+01  1.83878e-02 
 8.40000e+01  1.84645e-02 
 8.45000e+01  1.85484e-02 
 8.50000e+01  1.86373e-02 
 8.55000e+01  1.87141e-02 
 8.60000e+01  1.87917e-02 
 8.65000e+01  1.88452e-02 
 8.70000e+01  1.88718e-02 
 8.75000e+01  1.89293e-02 
 8.80000e+01  1.89802e-02 
 8.85000e+01  1.90541e-02 
 8.90000e+01  1.91213e-02 
 8.95000e+01  1.92196e-02 
 9.00000e+01  1.92888e-02 
 9.05000e+01  1.93628e-02 
 9.10000e+01  1.94303e-02 
 9.15000e+01  1.94960e-02 
 9.20000e+01  1.95407e-02 
 9.25000e+01  1.95612e-02 
 9.30000e+01  1.96439e-02 
 9.35000e+01  1.97065e-02 
 9.40000e+01  1.97730e-02 
 9.45000e+01  1.98280e-02 
 9.50000e+01  1.98799e-02 
 9.55000e+01  1.99438e-02 
 9.60000e+01  2.00052e-02 
 9.65000e+01  2.00026e-02 
 9.70000e+01  2.00730e-02 
 9.75000e+01  2.01103e-02 
 9.80000e+01  2.01738e-02 
 9.85000e+01  2.02084e-02 
 9.90000e+01  2.02402e-02 
 9.95000e+01  2.02719e-02 
 1.00000e+02  2.03076e-02 
 1.00500e+02  2.03945e-02 
 1.01000e+02  2.04153e-02 
 1.01500e+02  2.04689e-02 
 1.02000e+02  2.05018e-02 
 1.02500e+02  2.05155e-02 
 1.03000e+02  2.05383e-02 
 1.03500e+02  2.05801e-02 
 1.04000e+02  2.06206e-02 
 1.04500e+02  2.06534e-02 
 1.05000e+02  2.06970e-02 
 1.05500e+02  2.07392e-02 
 1.06000e+02  2.07755e-02 
 1.06500e+02  2.07848e-02 
 1.07000e+02  2.08136e-02 
 1.07500e+02  2.08296e-02 
 1.08000e+02  2.08612e-02 
 1.08500e+02  2.08915e-02 
 1.09000e+02  2.09136e-02 
 1.09500e+02  2.09576e-02 
 1.10000e+02  2.09682e-02 
 1.10500e+02  2.10002e-02 
 1.11000e+02  2.10175e-02 
 1.11500e+02  2.10212e-02 
 1.12000e+02  2.10178e-02 
 1.12500e+02  2.10398e-02 
 1.13000e+02  2.10532e-02 
 1.13500e+02  2.10493e-02 
 1.14000e+02  2.10644e-02 
 1.14500e+02  2.10847e-02 
 1.15000e+02  2.11008e-02 
 1.15500e+02  2.11202e-02 
 1.16000e+02  2.11234e-02 
 1.16500e+02  2.11288e-02 
 1.17000e+02  2.11415e-02 
 1.17500e+02  2.11679e-02 
 1.18000e+02  2.11728e-02 
 1.18500e+02  2.11759e-02 
 1.19000e+02  2.11805e-02 
 1.19500e+02  2.11969e-02 
 1.20000e+02  2.12088e-02 
 1.20500e+02  2.12107e-02 
 1.21000e+02  2.12104e-02 
 1.21500e+02  2.12081e-02 
 1.22000e+02  2.12236e-02 
 1.22500e+02  2.12362e-02 
 1.23000e+02  2.12431e-02 
 1.23500e+02  2.12501e-02 
 1.24000e+02  2.12599e-02 
 1.24500e+02  2.12898e-02 
 1.25000e+02  2.12927e-02 
 1.25500e+02  2.13173e-02 
 1.26000e+02  2.12954e-02 
 1.26500e+02  2.12902e-02 
 1.27000e+02  2.12917e-02 
 1.27500e+02  2.13119e-02 
 1.28000e+02  2.13347e-02 
 1.28500e+02  2.13418e-02 
 1.29000e+02  2.13416e-02 
 1.29500e+02  2.13515e-02 
 1.30000e+02  2.13914e-02 
 1.30500e+02  2.14183e-02 
 1.31000e+02  2.14145e-02 
 1.31500e+02  2.14238e-02 
 1.32000e+02  2.14211e-02 
 1.32500e+02  2.13990e-02 
 1.33000e+02  2.13981e-02 
 1.33500e+02  2.14069e-02 
 1.34000e+02  2.14004e-02 
 1.34500e+02  2.13901e-02 
 1.35000e+02  2.13932e-02 
 1.35500e+02  2.13926e-02 
 1.36000e+02  2.14153e-02 
 1.36500e+02  2.14201e-02 
 1.37000e+02  2.14334e-02 
 1.37500e+02  2.14216e-02 
 1.38000e+02  2.14119e-02 
 1.38500e+02  2.13927e-02 
 1.39000e+02  2.13733e-02 
 1.39500e+02  2.13805e-02 
 1.40000e+02  2.13745e-02 
 1.40500e+02  2.13790e-02 
 1.41000e+02  2.13643e-02 
 1.41500e+02  2.13832e-02 
 1.42000e+02  2.13809e-02 
 1.42500e+02  2.13971e-02 
 1.43000e+02  2.13918e-02 
 1.43500e+02  2.13996e-02 
 1.44000e+02  2.14026e-02 
 1.44500e+02  2.13931e-02 
 1.45000e+02  2.13876e-02 
 1.45500e+02  2.13776e-02 
 1.46000e+02  2.13822e-02 
 1.46500e+02  2.13824e-02 
 1.47000e+02  2.13694e-02 
 1.47500e+02  2.13789e-02 
 1.48000e+02  2.13741e-02 
 1.48500e+02  2.13755e-02 
 1.49000e+02  2.13866e-02 
 1.49500e+02  2.13733e-02 
 1.50000e+02  2.13858e-02 
 1.50500e+02  2.13801e-02 
 1.51000e+02  2.13756e-02 
 1.51500e+02  2.14020e-02 
 1.52000e+02  2.14159e-02 
 1.52500e+02  2.14246e-02 
 1.53000e+02  2.14111e-02 
 1.53500e+02  2.14082e-02 
 1.54000e+02  2.14246e-02 
 1.54500e+02  2.14369e-02 
 1.55000e+02  2.14391e-02 
 1.55500e+02  2.14296e-02 
 1.56000e+02  2.14112e-02 
 1.56500e+02  2.13981e-02 
 1.57000e+02  2.13981e-02 
 1.57500e+02  2.14045e-02 
 1.58000e+02  2.13803e-02 
 1.58500e+02  2.13658e-02 
 1.59000e+02  2.13854e-02 
 1.59500e+02  2.13756e-02 
 1.60000e+02  2.13976e-02 
 1.60500e+02  2.13941e-02 
 1.61000e+02  2.13866e-02 
 1.61500e+02  2.13974e-02 
 1.62000e+02  2.14204e-02 
 1.62500e+02  2.14339e-02 
 1.63000e+02  2.14342e-02 
 1.63500e+02  2.14100e-02 
 1.64000e+02  2.13834e-02 
 1.64500e+02  2.13787e-02 
 1.65000e+02  2.13932e-02 
 1.65500e+02  2.14092e-02 
 1.66000e+02  2.14126e-02 
 1.66500e+02  2.14129e-02 
 1.67000e+02  2.14076e-02 
 1.67500e+02  2.13922e-02 
 1.68000e+02  2.13854e-02 
 1.68500e+02  2.13804e-02 
 1.69000e+02  2.13753e-02 
 1.69500e+02  2.13728e-02 
 1.70000e+02  2.13791e-02 
 1.70500e+02  2.13767e-02 
 1.71000e+02  2.13706e-02 
 1.71500e+02  2.13751e-02 
 1.72000e+02  2.13602e-02 
 1.72500e+02  2.13535e-02 
 1.73000e+02  2.13527e-02 
 1.73500e+02  2.13358e-02 
 1.74000e+02  2.13211e-02 
 1.74500e+02  2.13298e-02 
 1.75000e+02  2.13133e-02 
 1.75500e+02  2.13262e-02 
 1.76000e+02  2.13321e-02 
 1.76500e+02  2.13337e-02 
 1.77000e+02  2.13251e-02 
 1.77500e+02  2.13310e-02 
 1.78000e+02  2.13322e-02 
 1.78500e+02  2.13249e-02 
 1.79000e+02  2.13151e-02 
 1.79500e+02  2.13079e-02 
 1.80000e+02  2.12951e-02 
 1.80500e+02  2.12989e-02 
 1.81000e+02  2.12948e-02 
 1.81500e+02  2.12975e-02 
 1.82000e+02  2.12801e-02 
 1.82500e+02  2.12802e-02 
 1.83000e+02  2.12745e-02 
 1.83500e+02  2.12636e-02 
 1.84000e+02  2.12484e-02 
 1.84500e+02  2.12120e-02 
 1.85000e+02  2.12068e-02 
 1.85500e+02  2.12171e-02 
 1.86000e+02  2.12076e-02 
 1.86500e+02  2.11886e-02 
 1.87000e+02  2.11626e-02 
 1.87500e+02  2.11765e-02 
 1.88000e+02  2.11638e-02 
 1.88500e+02  2.11701e-02 
 1.89000e+02  2.11586e-02 
 1.89500e+02  2.11345e-02 
 1.90000e+02  2.11348e-02 
 1.90500e+02  2.11302e-02 
 1.91000e+02  2.11317e-02 
 1.91500e+02  2.11139e-02 
 1.92000e+02  2.11087e-02 
 1.92500e+02  2.11214e-02 
 1.93000e+02  2.11074e-02 
 1.93500e+02  2.11073e-02 
 1.94000e+02  2.10988e-02 
 1.94500e+02  2.10815e-02 
 1.95000e+02  2.10646e-02 
 1.95500e+02  2.10351e-02 
 1.96000e+02  2.10186e-02 
 1.96500e+02  2.09787e-02 
 1.97000e+02  2.09622e-02 
 1.97500e+02  2.09528e-02 
 1.98000e+02  2.09554e-02 
 1.98500e+02  2.09360e-02 
 1.99000e+02  2.09372e-02 
 1.99500e+02  2.09150e-02 
 2.00000e+02  2.09109e-02 
 2.00500e+02  2.08890e-02 
 2.01000e+02  2.08764e-02 
 2.01500e+02  2.08584e-02 
 2.02000e+02  2.08445e-02 
 2.02500e+02  2.08156e-02 
 2.03000e+02  2.08001e-02 
 2.03500e+02  2.07930e-02 
 2.04000e+02  2.07915e-02 
 2.04500e+02  2.07527e-02 
 2.05000e+02  2.07246e-02 
 2.05500e+02  2.07074e-02 
 2.06000e+02  2.06991e-02 
 2.06500e+02  2.06747e-02 
 2.07000e+02  2.06633e-02 
 2.07500e+02  2.06446e-02 
 2.08000e+02  2.06415e-02 
 2.08500e+02  2.06122e-02 
 2.09000e+02  2.05966e-02 
 2.09500e+02  2.05722e-02 
 2.10000e+02  2.05349e-02 
 2.10500e+02  2.05069e-02 
 2.11000e+02  2.04807e-02 
 2.11500e+02  2.04709e-02 
 2.12000e+02  2.04308e-02 
 2.12500e+02  2.03826e-02 
 2.13000e+02  2.03612e-02 
 2.13500e+02  2.03189e-02 
 2.14000e+02  2.02584e-02 
 2.14500e+02  2.02380e-02 
 2.15000e+02  2.02206e-02 
 2.15500e+02  2.01657e-02 
 2.16000e+02  2.01184e-02 
 2.16500e+02  2.00587e-02 
 2.17000e+02  2.00006e-02 
 2.17500e+02  1.99182e-02 
 2.18000e+02  1.98804e-02 
 2.18500e+02  1.98593e-02 
 2.19000e+02  1.98356e-02 
 2.19500e+02  1.97897e-02 
 2.20000e+02  1.97107e-02 
 2.20500e+02  1.96378e-02 
 2.21000e+02  1.95704e-02 
 2.21500e+02  1.95025e-02 
 2.22000e+02  1.94367e-02 
 2.22500e+02  1.93634e-02 
 2.23000e+02  1.93246e-02 
 2.23500e+02  1.92594e-02 
 2.24000e+02  1.91898e-02 
 2.24500e+02  1.91411e-02 
 2.25000e+02  1.90608e-02 
 2.25500e+02  1.89729e-02 
 2.26000e+02  1.89188e-02 
 2.26500e+02  1.88450e-02 
 2.27000e+02  1.87677e-02 
 2.27500e+02  1.86857e-02 
 2.28000e+02  1.85939e-02 
 2.28500e+02  1.85141e-02 
 2.29000e+02  1.84041e-02 
 2.29500e+02  1.83210e-02 
 2.30000e+02  1.82600e-02 
 2.30500e+02  1.81921e-02 
 2.31000e+02  1.80878e-02 
 2.31500e+02  1.80070e-02 
 2.32000e+02  1.79125e-02 
 2.32500e+02  1.78545e-02 
 2.33000e+02  1.77700e-02 
 2.33500e+02  1.77031e-02 
 2.34000e+02  1.76424e-02 
 2.34500e+02  1.75733e-02 
 2.35000e+02  1.74634e-02 
 2.35500e+02  1.73879e-02 
 2.36000e+02  1.72920e-02 
 2.36500e+02  1.72112e-02 
 2.37000e+02  1.70931e-02 
 2.37500e+02  1.69900e-02 
 2.38000e+02  1.69121e-02 
 2.38500e+02  1.68309e-02 
 2.39000e+02  1.67504e-02 
 2.39500e+02  1.66407e-02 
 2.40000e+02  1.65389e-02 
 2.40500e+02  1.64069e-02 
 2.41000e+02  1.63128e-02 
 2.41500e+02  1.62066e-02 
 2.42000e+02  1.60993e-02 
 2.42500e+02  1.59683e-02 
 2.43000e+02  1.58596e-02 
 2.43500e+02  1.57432e-02 
 2.44000e+02  1.56130e-02 
 2.44500e+02  1.54843e-02 
 2.45000e+02  1.53713e-02 
 2.45500e+02  1.52387e-02 
 2.46000e+02  1.50975e-02 
 2.46500e+02  1.49785e-02 
 2.47000e+02  1.48360e-02 
 2.47500e+02  1.47040e-02 
 2.48000e+02  1.45602e-02 
 2.48500e+02  1.44185e-02 
 2.49000e+02  1.42706e-02 
 2.49500e+02  1.41057e-02 
 2.50000e+02  1.39268e-02 
 2.50500e+02  1.37514e-02 
 2.51000e+02  1.35876e-02 
 2.51500e+02  1.34137e-02 
 2.52000e+02  1.32657e-02 
 2.52500e+02  1.30965e-02 
 2.53000e+02  1.29208e-02 
 2.53500e+02  1.27559e-02 
 2.54000e+02  1.25786e-02 
 2.54500e+02  1.24110e-02 
 2.55000e+02  1.22254e-02 
 2.55500e+02  1.20253e-02 
 2.56000e+02  1.18110e-02 
 2.56500e+02  1.16069e-02 
 2.57000e+02  1.13815e-02 
 2.57500e+02  1.11622e-02 
 2.58000e+02  1.09278e-02 
 2.58500e+02  1.06928e-02 
 2.59000e+02  1.04338e-02 
 2.59500e+02  1.01528e-02 
 2.60000e+02  9.86340e-03 
 2.60500e+02  9.55081e-03 
 2.61000e+02  9.23671e-03 
 2.61500e+02  8.91144e-03 
 2.62000e+02  8.57565e-03 
 2.62500e+02  8.23777e-03 
 2.63000e+02  7.88994e-03 
 2.63500e+02  7.53204e-03 
 2.64000e+02  7.17680e-03 
 2.64500e+02  6.81818e-03 
 2.65000e+02  6.46605e-03 
 2.65500e+02  6.11380e-03 
 2.66000e+02  5.77780e-03 
 2.66500e+02  5.45263e-03 
 2.67000e+02  5.14070e-03 
 2.67500e+02  4.83960e-03 
 2.68000e+02  4.54866e-03 
 2.68500e+02  4.27992e-03 
 2.69000e+02  4.00943e-03 
 2.69500e+02  3.77653e-03 
 2.70000e+02  3.55159e-03 
 2.70500e+02  3.33988e-03 
 2.71000e+02  3.14059e-03 
 2.71500e+02  2.96130e-03 
 2.72000e+02  2.78295e-03 
 2.72500e+02  2.61826e-03 
 2.73000e+02  2.46497e-03 
 2.73500e+02  2.32858e-03 
 2.74000e+02  2.19792e-03 
 2.74500e+02  2.08121e-03 
 2.75000e+02  1.97195e-03 
 2.75500e+02  1.86715e-03 
 2.76000e+02  1.77909e-03 
 2.76500e+02  1.68793e-03 
 2.77000e+02  1.60866e-03 
 2.77500e+02  1.53551e-03 
 2.78000e+02  1.47260e-03 
 2.78500e+02  1.41796e-03 
 2.79000e+02  1.36354e-03 
 2.79500e+02  1.31940e-03 
 2.80000e+02  1.27767e-03 
 2.80500e+02  1.24234e-03 
 2.81000e+02  1.20584e-03 
 2.81500e+02  1.16538e-03 
 2.82000e+02  1.13195e-03 
 2.82500e+02  1.10557e-03 
 2.83000e+02  1.07390e-03 
 2.83500e+02  1.04405e-03 
 2.84000e+02  1.01555e-03 
 2.84500e+02  9.88021e-04 
 2.85000e+02  9.63688e-04 
 2.85500e+02  9.37710e-04 
 2.86000e+02  9.10115e-04 
 2.86500e+02  8.82761e-04 
 2.87000e+02  8.56940e-04 
 2.87500e+02  8.31346e-04 
 2.88000e+02  8.04428e-04 
 2.88500e+02  7.83378e-04 
 2.89000e+02  7.56530e-04 
 2.89500e+02  7.35070e-04 
 2.90000e+02  7.08504e-04 
 2.90500e+02  6.85963e-04 
 2.91000e+02  6.64648e-04 
 2.91500e+02  6.40560e-04 
 2.92000e+02  6.19130e-04 
 2.92500e+02  5.97874e-04 
 2.93000e+02  5.80368e-04 
 2.93500e+02  5.60669e-04 
 2.94000e+02  5.43215e-04 
 2.94500e+02  5.22222e-04 
 2.95000e+02  5.06858e-04 
 2.95500e+02  4.87214e-04 
 2.96000e+02  4.68969e-04 
 2.96500e+02  4.53200e-04 
 2.97000e+02  4.34998e-04 
 2.97500e+02  4.19613e-04 
 2.98000e+02  4.05855e-04 
 2.98500e+02  3.89507e-04 
 2.99000e+02  3.76041e-04 
 2.99500e+02  3.62620e-04 
 3.00000e+02  3.49054e-04 
 3.00500e+02  3.38046e-04 
 3.01000e+02  3.27625e-04 
 3.01500e+02  3.14874e-04 
 3.02000e+02  3.02414e-04 
 3.02500e+02  2.90734e-04 
 3.03000e+02  2.81830e-04 
 3.03500e+02  2.69786e-04 
 3.04000e+02  2.59854e-04 
 3.04500e+02  2.50818e-04 
 3.05000e+02  2.41271e-04 
 3.05500e+02  2.32230e-04 
 3.06000e+02  2.24336e-04 
 3.06500e+02  2.16010e-04 
 3.07000e+02  2.09986e-04 
 3.07500e+02  2.01865e-04 
 3.08000e+02  1.94075e-04 
 3.08500e+02  1.86376e-04 
 3.09000e+02  1.79458e-04 
 3.09500e+02  1.71955e-04 
 3.10000e+02  1.65640e-04 
 3.10500e+02  1.59500e-04 
 3.11000e+02  1.53677e-04 
 3.11500e+02  1.48434e-04 
 3.12000e+02  1.41786e-04 
 3.12500e+02  1.35625e-04 
 3.13000e+02  1.29823e-04 
 3.13500e+02  1.24805e-04 
 3.14000e+02  1.20006e-04 
 3.14500e+02  1.15898e-04 
 3.15000e+02  1.09282e-04 
 3.15500e+02  1.04008e-04 
 3.16000e+02  9.84616e-05 
 3.16500e+02  9.38360e-05 
 3.17000e+02  8.90928e-05 
 3.17500e+02  8.47672e-05 
 3.18000e+02  7.98968e-05 
 3.18500e+02  7.42784e-05 
 3.19000e+02  7.04072e-05 
 3.19500e+02  6.84824e-05 
