 0.00000e+00  3.64424e-05 
 5.00000e-01  3.86576e-05 
 1.00000e+00  4.30992e-05 
 1.50000e+00  4.72560e-05 
 2.00000e+00  5.06440e-05 
 2.50000e+00  5.40968e-05 
 3.00000e+00  5.71568e-05 
 3.50000e+00  6.08424e-05 
 4.00000e+00  6.56560e-05 
 4.50000e+00  6.98328e-05 
 5.00000e+00  7.44568e-05 
 5.50000e+00  7.82584e-05 
 6.00000e+00  8.28512e-05 
 6.50000e+00  8.73664e-05 
 7.00000e+00  9.34104e-05 
 7.50000e+00  9.83352e-05 
 8.00000e+00  1.03886e-04 
 8.50000e+00  1.09942e-04 
 9.00000e+00  1.16646e-04 
 9.50000e+00  1.23709e-04 
 1.00000e+01  1.32094e-04 
 1.05000e+01  1.38988e-04 
 1.10000e+01  1.46966e-04 
 1.15000e+01  1.55548e-04 
 1.20000e+01  1.65677e-04 
 1.25000e+01  1.75951e-04 
 1.30000e+01  1.86280e-04 
 1.35000e+01  1.97596e-04 
 1.40000e+01  2.08405e-04 
 1.45000e+01  2.19968e-04 
 1.50000e+01  2.33117e-04 
 1.55000e+01  2.47398e-04 
 1.60000e+01  2.61446e-04 
 1.65000e+01  2.75466e-04 
 1.70000e+01  2.90308e-04 
 1.75000e+01  3.06312e-04 
 1.80000e+01  3.23754e-04 
 1.85000e+01  3.42756e-04 
 1.90000e+01  3.60923e-04 
 1.95000e+01  3.79567e-04 
 2.00000e+01  4.04079e-04 
 2.05000e+01  4.25444e-04 
 2.10000e+01  4.47074e-04 
 2.15000e+01  4.72079e-04 
 2.20000e+01  4.97498e-04 
 2.25000e+01  5.18382e-04 
 2.30000e+01  5.40051e-04 
 2.35000e+01  5.64783e-04 
 2.40000e+01  5.89795e-04 
 2.45000e+01  6.12141e-04 
 2.50000e+01  6.35652e-04 
 2.55000e+01  6.60429e-04 
 2.60000e+01  6.87881e-04 
 2.65000e+01  7.11822e-04 
 2.70000e+01  7.38634e-04 
 2.75000e+01  7.65246e-04 
 2.80000e+01  7.95606e-04 
 2.85000e+01  8.22547e-04 
 2.90000e+01  8.49839e-04 
 2.95000e+01  8.83906e-04 
 3.00000e+01  9.15434e-04 
 3.05000e+01  9.51187e-04 
 3.10000e+01  9.86148e-04 
 3.15000e+01  1.02279e-03 
 3.20000e+01  1.06444e-03 
 3.25000e+01  1.10530e-03 
 3.30000e+01  1.14747e-03 
 3.35000e+01  1.19177e-03 
 3.40000e+01  1.23606e-03 
 3.45000e+01  1.28373e-03 
 3.50000e+01  1.33648e-03 
 3.55000e+01  1.39307e-03 
 3.60000e+01  1.45519e-03 
 3.65000e+01  1.51440e-03 
 3.70000e+01  1.57724e-03 
 3.75000e+01  1.64403e-03 
 3.80000e+01  1.72191e-03 
 3.85000e+01  1.80298e-03 
 3.90000e+01  1.88997e-03 
 3.95000e+01  1.98302e-03 
 4.00000e+01  2.08572e-03 
 4.05000e+01  2.18951e-03 
 4.10000e+01  2.30891e-03 
 4.15000e+01  2.43418e-03 
 4.20000e+01  2.56318e-03 
 4.25000e+01  2.70278e-03 
 4.30000e+01  2.85037e-03 
 4.35000e+01  3.00774e-03 
 4.40000e+01  3.17896e-03 
 4.45000e+01  3.36461e-03 
 4.50000e+01  3.56045e-03 
 4.55000e+01  3.78045e-03 
 4.60000e+01  4.01151e-03 
 4.65000e+01  4.26035e-03 
 4.70000e+01  4.52940e-03 
 4.75000e+01  4.80507e-03 
 4.80000e+01  5.09878e-03 
 4.85000e+01  5.41753e-03 
 4.90000e+01  5.74247e-03 
 4.95000e+01  6.08623e-03 
 5.00000e+01  6.42047e-03 
 5.05000e+01  6.78875e-03 
 5.10000e+01  7.15322e-03 
 5.15000e+01  7.51391e-03 
 5.20000e+01  7.87000e-03 
 5.25000e+01  8.23370e-03 
 5.30000e+01  8.58676e-03 
 5.35000e+01  8.92423e-03 
 5.40000e+01  9.26744e-03 
 5.45000e+01  9.59192e-03 
 5.50000e+01  9.90421e-03 
 5.55000e+01  1.02099e-02 
 5.60000e+01  1.04942e-02 
 5.65000e+01  1.07835e-02 
 5.70000e+01  1.10215e-02 
 5.75000e+01  1.12618e-02 
 5.80000e+01  1.15132e-02 
 5.85000e+01  1.17578e-02 
 5.90000e+01  1.19839e-02 
 5.95000e+01  1.22021e-02 
 6.00000e+01  1.24386e-02 
 6.05000e+01  1.26615e-02 
 6.10000e+01  1.28620e-02 
 6.15000e+01  1.30447e-02 
 6.20000e+01  1.32359e-02 
 6.25000e+01  1.34151e-02 
 6.30000e+01  1.35830e-02 
 6.35000e+01  1.37383e-02 
 6.40000e+01  1.38731e-02 
 6.45000e+01  1.40075e-02 
 6.50000e+01  1.41577e-02 
 6.55000e+01  1.42808e-02 
 6.60000e+01  1.44225e-02 
 6.65000e+01  1.45649e-02 
 6.70000e+01  1.47152e-02 
 6.75000e+01  1.48519e-02 
 6.80000e+01  1.49627e-02 
 6.85000e+01  1.50929e-02 
 6.90000e+01  1.52188e-02 
 6.95000e+01  1.53449e-02 
 7.00000e+01  1.54485e-02 
 7.05000e+01  1.55590e-02 
 7.10000e+01  1.56763e-02 
 7.15000e+01  1.58205e-02 
 7.20000e+01  1.59452e-02 
 7.25000e+01  1.60683e-02 
 7.30000e+01  1.61783e-02 
 7.35000e+01  1.62924e-02 
 7.40000e+01  1.63963e-02 
 7.45000e+01  1.64839e-02 
 7.50000e+01  1.65932e-02 
 7.55000e+01  1.66901e-02 
 7.60000e+01  1.67910e-02 
 7.65000e+01  1.69116e-02 
 7.70000e+01  1.69855e-02 
 7.75000e+01  1.70536e-02 
 7.80000e+01  1.71338e-02 
 7.85000e+01  1.72100e-02 
 7.90000e+01  1.73190e-02 
 7.95000e+01  1.74297e-02 
 8.00000e+01  1.75537e-02 
 8.05000e+01  1.76508e-02 
 8.10000e+01  1.77153e-02 
 8.15000e+01  1.77969e-02 
 8.20000e+01  1.78598e-02 
 8.25000e+01  1.79424e-02 
 8.30000e+01  1.80046e-02 
 8.35000e+01  1.80648e-02 
 8.40000e+01  1.81261e-02 
 8.45000e+01  1.81843e-02 
 8.50000e+01  1.82299e-02 
 8.55000e+01  1.82884e-02 
 8.60000e+01  1.83479e-02 
 8.65000e+01  1.84085e-02 
 8.70000e+01  1.84796e-02 
 8.75000e+01  1.85476e-02 
 8.80000e+01  1.86314e-02 
 8.85000e+01  1.87001e-02 
 8.90000e+01  1.87743e-02 
 8.95000e+01  1.88315e-02 
 9.00000e+01  1.88937e-02 
 9.05000e+01  1.89618e-02 
 9.10000e+01  1.90008e-02 
 9.15000e+01  1.90624e-02 
 9.20000e+01  1.91416e-02 
 9.25000e+01  1.92047e-02 
 9.30000e+01  1.92714e-02 
 9.35000e+01  1.93543e-02 
 9.40000e+01  1.94281e-02 
 9.45000e+01  1.94713e-02 
 9.50000e+01  1.95219e-02 
 9.55000e+01  1.95885e-02 
 9.60000e+01  1.96097e-02 
 9.65000e+01  1.96611e-02 
 9.70000e+01  1.97093e-02 
 9.75000e+01  1.97972e-02 
 9.80000e+01  1.98680e-02 
 9.85000e+01  1.99291e-02 
 9.90000e+01  1.99689e-02 
 9.95000e+01  2.00117e-02 
 1.00000e+02  2.00603e-02 
 1.00500e+02  2.01115e-02 
 1.01000e+02  2.01547e-02 
 1.01500e+02  2.02032e-02 
 1.02000e+02  2.02471e-02 
 1.02500e+02  2.02900e-02 
 1.03000e+02  2.03209e-02 
 1.03500e+02  2.03572e-02 
 1.04000e+02  2.03899e-02 
 1.04500e+02  2.04175e-02 
 1.05000e+02  2.04517e-02 
 1.05500e+02  2.04788e-02 
 1.06000e+02  2.05103e-02 
 1.06500e+02  2.05301e-02 
 1.07000e+02  2.05707e-02 
 1.07500e+02  2.05616e-02 
 1.08000e+02  2.05788e-02 
 1.08500e+02  2.06147e-02 
 1.09000e+02  2.06086e-02 
 1.09500e+02  2.06316e-02 
 1.10000e+02  2.06514e-02 
 1.10500e+02  2.06610e-02 
 1.11000e+02  2.06909e-02 
 1.11500e+02  2.07195e-02 
 1.12000e+02  2.07072e-02 
 1.12500e+02  2.07311e-02 
 1.13000e+02  2.07470e-02 
 1.13500e+02  2.07611e-02 
 1.14000e+02  2.07882e-02 
 1.14500e+02  2.07893e-02 
 1.15000e+02  2.07940e-02 
 1.15500e+02  2.07943e-02 
 1.16000e+02  2.08152e-02 
 1.16500e+02  2.08413e-02 
 1.17000e+02  2.08258e-02 
 1.17500e+02  2.08457e-02 
 1.18000e+02  2.08460e-02 
 1.18500e+02  2.08587e-02 
 1.19000e+02  2.08655e-02 
 1.19500e+02  2.08850e-02 
 1.20000e+02  2.08915e-02 
 1.20500e+02  2.09008e-02 
 1.21000e+02  2.08888e-02 
 1.21500e+02  2.08985e-02 
 1.22000e+02  2.09010e-02 
 1.22500e+02  2.08954e-02 
 1.23000e+02  2.09180e-02 
 1.23500e+02  2.09426e-02 
 1.24000e+02  2.09554e-02 
 1.24500e+02  2.09561e-02 
 1.25000e+02  2.09667e-02 
 1.25500e+02  2.09699e-02 
 1.26000e+02  2.09870e-02 
 1.26500e+02  2.09928e-02 
 1.27000e+02  2.10000e-02 
 1.27500e+02  2.09872e-02 
 1.28000e+02  2.10163e-02 
 1.28500e+02  2.10268e-02 
 1.29000e+02  2.10383e-02 
 1.29500e+02  2.10601e-02 
 1.30000e+02  2.10586e-02 
 1.30500e+02  2.10626e-02 
 1.31000e+02  2.10684e-02 
 1.31500e+02  2.10695e-02 
 1.32000e+02  2.10782e-02 
 1.32500e+02  2.10797e-02 
 1.33000e+02  2.11042e-02 
 1.33500e+02  2.11056e-02 
 1.34000e+02  2.11110e-02 
 1.34500e+02  2.11069e-02 
 1.35000e+02  2.11037e-02 
 1.35500e+02  2.10921e-02 
 1.36000e+02  2.10898e-02 
 1.36500e+02  2.11039e-02 
 1.37000e+02  2.11109e-02 
 1.37500e+02  2.10794e-02 
 1.38000e+02  2.11048e-02 
 1.38500e+02  2.10987e-02 
 1.39000e+02  2.11277e-02 
 1.39500e+02  2.11256e-02 
 1.40000e+02  2.11197e-02 
 1.40500e+02  2.11265e-02 
 1.41000e+02  2.11315e-02 
 1.41500e+02  2.11251e-02 
 1.42000e+02  2.11408e-02 
 1.42500e+02  2.11531e-02 
 1.43000e+02  2.11570e-02 
 1.43500e+02  2.11558e-02 
 1.44000e+02  2.11417e-02 
 1.44500e+02  2.11278e-02 
 1.45000e+02  2.11447e-02 
 1.45500e+02  2.11057e-02 
 1.46000e+02  2.11221e-02 
 1.46500e+02  2.11232e-02 
 1.47000e+02  2.11234e-02 
 1.47500e+02  2.11146e-02 
 1.48000e+02  2.11377e-02 
 1.48500e+02  2.11522e-02 
 1.49000e+02  2.11548e-02 
 1.49500e+02  2.11524e-02 
 1.50000e+02  2.11566e-02 
 1.50500e+02  2.11571e-02 
 1.51000e+02  2.11423e-02 
 1.51500e+02  2.11285e-02 
 1.52000e+02  2.11221e-02 
 1.52500e+02  2.11207e-02 
 1.53000e+02  2.11105e-02 
 1.53500e+02  2.11010e-02 
 1.54000e+02  2.11021e-02 
 1.54500e+02  2.11177e-02 
 1.55000e+02  2.11226e-02 
 1.55500e+02  2.11239e-02 
 1.56000e+02  2.11338e-02 
 1.56500e+02  2.11317e-02 
 1.57000e+02  2.11079e-02 
 1.57500e+02  2.11226e-02 
 1.58000e+02  2.11247e-02 
 1.58500e+02  2.11417e-02 
 1.59000e+02  2.11423e-02 
 1.59500e+02  2.11335e-02 
 1.60000e+02  2.11461e-02 
 1.60500e+02  2.11287e-02 
 1.61000e+02  2.11140e-02 
 1.61500e+02  2.11156e-02 
 1.62000e+02  2.11298e-02 
 1.62500e+02  2.11215e-02 
 1.63000e+02  2.11067e-02 
 1.63500e+02  2.10914e-02 
 1.64000e+02  2.10841e-02 
 1.64500e+02  2.10816e-02 
 1.65000e+02  2.10636e-02 
 1.65500e+02  2.10517e-02 
 1.66000e+02  2.10563e-02 
 1.66500e+02  2.10575e-02 
 1.67000e+02  2.10487e-02 
 1.67500e+02  2.10514e-02 
 1.68000e+02  2.10386e-02 
 1.68500e+02  2.10480e-02 
 1.69000e+02  2.10314e-02 
 1.69500e+02  2.10283e-02 
 1.70000e+02  2.10394e-02 
 1.70500e+02  2.10398e-02 
 1.71000e+02  2.10306e-02 
 1.71500e+02  2.10302e-02 
 1.72000e+02  2.10302e-02 
 1.72500e+02  2.10368e-02 
 1.73000e+02  2.10470e-02 
 1.73500e+02  2.10330e-02 
 1.74000e+02  2.10492e-02 
 1.74500e+02  2.10291e-02 
 1.75000e+02  2.10196e-02 
 1.75500e+02  2.09972e-02 
 1.76000e+02  2.10011e-02 
 1.76500e+02  2.10129e-02 
 1.77000e+02  2.10023e-02 
 1.77500e+02  2.09681e-02 
 1.78000e+02  2.09822e-02 
 1.78500e+02  2.09852e-02 
 1.79000e+02  2.09847e-02 
 1.79500e+02  2.09644e-02 
 1.80000e+02  2.09611e-02 
 1.80500e+02  2.09438e-02 
 1.81000e+02  2.09417e-02 
 1.81500e+02  2.09546e-02 
 1.82000e+02  2.09324e-02 
 1.82500e+02  2.09249e-02 
 1.83000e+02  2.09374e-02 
 1.83500e+02  2.09288e-02 
 1.84000e+02  2.09539e-02 
 1.84500e+02  2.09249e-02 
 1.85000e+02  2.09330e-02 
 1.85500e+02  2.09272e-02 
 1.86000e+02  2.09373e-02 
 1.86500e+02  2.09267e-02 
 1.87000e+02  2.09024e-02 
 1.87500e+02  2.08795e-02 
 1.88000e+02  2.08768e-02 
 1.88500e+02  2.08716e-02 
 1.89000e+02  2.08687e-02 
 1.89500e+02  2.08824e-02 
 1.90000e+02  2.08663e-02 
 1.90500e+02  2.08636e-02 
 1.91000e+02  2.08497e-02 
 1.91500e+02  2.08256e-02 
 1.92000e+02  2.08341e-02 
 1.92500e+02  2.08272e-02 
 1.93000e+02  2.08264e-02 
 1.93500e+02  2.07938e-02 
 1.94000e+02  2.07890e-02 
 1.94500e+02  2.07660e-02 
 1.95000e+02  2.07322e-02 
 1.95500e+02  2.07286e-02 
 1.96000e+02  2.07341e-02 
 1.96500e+02  2.07422e-02 
 1.97000e+02  2.07127e-02 
 1.97500e+02  2.07233e-02 
 1.98000e+02  2.07102e-02 
 1.98500e+02  2.06882e-02 
 1.99000e+02  2.07026e-02 
 1.99500e+02  2.06853e-02 
 2.00000e+02  2.06582e-02 
 2.00500e+02  2.06653e-02 
 2.01000e+02  2.06600e-02 
 2.01500e+02  2.06488e-02 
 2.02000e+02  2.06156e-02 
 2.02500e+02  2.05907e-02 
 2.03000e+02  2.05856e-02 
 2.03500e+02  2.05443e-02 
 2.04000e+02  2.05204e-02 
 2.04500e+02  2.05259e-02 
 2.05000e+02  2.05281e-02 
 2.05500e+02  2.05162e-02 
 2.06000e+02  2.04812e-02 
 2.06500e+02  2.04369e-02 
 2.07000e+02  2.04033e-02 
 2.07500e+02  2.03913e-02 
 2.08000e+02  2.03776e-02 
 2.08500e+02  2.03484e-02 
 2.09000e+02  2.03451e-02 
 2.09500e+02  2.03234e-02 
 2.10000e+02  2.02895e-02 
 2.10500e+02  2.02745e-02 
 2.11000e+02  2.02566e-02 
 2.11500e+02  2.02097e-02 
 2.12000e+02  2.01993e-02 
 2.12500e+02  2.01560e-02 
 2.13000e+02  2.01151e-02 
 2.13500e+02  2.00846e-02 
 2.14000e+02  2.00069e-02 
 2.14500e+02  1.99875e-02 
 2.15000e+02  1.99550e-02 
 2.15500e+02  1.99068e-02 
 2.16000e+02  1.98558e-02 
 2.16500e+02  1.98079e-02 
 2.17000e+02  1.97506e-02 
 2.17500e+02  1.97139e-02 
 2.18000e+02  1.96633e-02 
 2.18500e+02  1.96277e-02 
 2.19000e+02  1.95788e-02 
 2.19500e+02  1.95271e-02 
 2.20000e+02  1.94571e-02 
 2.20500e+02  1.93995e-02 
 2.21000e+02  1.93458e-02 
 2.21500e+02  1.92968e-02 
 2.22000e+02  1.92208e-02 
 2.22500e+02  1.91748e-02 
 2.23000e+02  1.90961e-02 
 2.23500e+02  1.90202e-02 
 2.24000e+02  1.89869e-02 
 2.24500e+02  1.89413e-02 
 2.25000e+02  1.88903e-02 
 2.25500e+02  1.88381e-02 
 2.26000e+02  1.87726e-02 
 2.26500e+02  1.86801e-02 
 2.27000e+02  1.85922e-02 
 2.27500e+02  1.85139e-02 
 2.28000e+02  1.84244e-02 
 2.28500e+02  1.83498e-02 
 2.29000e+02  1.82596e-02 
 2.29500e+02  1.81806e-02 
 2.30000e+02  1.81189e-02 
 2.30500e+02  1.80255e-02 
 2.31000e+02  1.79324e-02 
 2.31500e+02  1.78568e-02 
 2.32000e+02  1.78144e-02 
 2.32500e+02  1.77411e-02 
 2.33000e+02  1.76689e-02 
 2.33500e+02  1.76019e-02 
 2.34000e+02  1.75234e-02 
 2.34500e+02  1.74417e-02 
 2.35000e+02  1.73686e-02 
 2.35500e+02  1.72763e-02 
 2.36000e+02  1.71961e-02 
 2.36500e+02  1.71138e-02 
 2.37000e+02  1.70355e-02 
 2.37500e+02  1.69548e-02 
 2.38000e+02  1.68571e-02 
 2.38500e+02  1.67642e-02 
 2.39000e+02  1.66591e-02 
 2.39500e+02  1.65426e-02 
 2.40000e+02  1.64133e-02 
 2.40500e+02  1.63226e-02 
 2.41000e+02  1.62243e-02 
 2.41500e+02  1.61085e-02 
 2.42000e+02  1.60060e-02 
 2.42500e+02  1.59050e-02 
 2.43000e+02  1.57998e-02 
 2.43500e+02  1.56882e-02 
 2.44000e+02  1.55971e-02 
 2.44500e+02  1.54938e-02 
 2.45000e+02  1.53750e-02 
 2.45500e+02  1.52328e-02 
 2.46000e+02  1.50918e-02 
 2.46500e+02  1.49681e-02 
 2.47000e+02  1.48314e-02 
 2.47500e+02  1.47036e-02 
 2.48000e+02  1.45793e-02 
 2.48500e+02  1.44468e-02 
 2.49000e+02  1.43290e-02 
 2.49500e+02  1.42032e-02 
 2.50000e+02  1.40620e-02 
 2.50500e+02  1.38926e-02 
 2.51000e+02  1.37256e-02 
 2.51500e+02  1.35601e-02 
 2.52000e+02  1.33934e-02 
 2.52500e+02  1.32060e-02 
 2.53000e+02  1.30149e-02 
 2.53500e+02  1.28283e-02 
 2.54000e+02  1.26423e-02 
 2.54500e+02  1.24502e-02 
 2.55000e+02  1.22604e-02 
 2.55500e+02  1.20717e-02 
 2.56000e+02  1.18751e-02 
 2.56500e+02  1.16616e-02 
 2.57000e+02  1.14230e-02 
 2.57500e+02  1.11897e-02 
 2.58000e+02  1.09325e-02 
 2.58500e+02  1.06688e-02 
 2.59000e+02  1.04068e-02 
 2.59500e+02  1.01344e-02 
 2.60000e+02  9.85013e-03 
 2.60500e+02  9.56035e-03 
 2.61000e+02  9.25886e-03 
 2.61500e+02  8.95039e-03 
 2.62000e+02  8.65446e-03 
 2.62500e+02  8.34505e-03 
 2.63000e+02  8.01701e-03 
 2.63500e+02  7.68814e-03 
 2.64000e+02  7.35256e-03 
 2.64500e+02  7.01882e-03 
 2.65000e+02  6.67308e-03 
 2.65500e+02  6.34126e-03 
 2.66000e+02  6.01861e-03 
 2.66500e+02  5.68609e-03 
 2.67000e+02  5.36865e-03 
 2.67500e+02  5.06998e-03 
 2.68000e+02  4.77293e-03 
 2.68500e+02  4.49084e-03 
 2.69000e+02  4.22658e-03 
 2.69500e+02  3.97009e-03 
 2.70000e+02  3.73395e-03 
 2.70500e+02  3.50844e-03 
 2.71000e+02  3.29833e-03 
 2.71500e+02  3.10656e-03 
 2.72000e+02  2.91603e-03 
 2.72500e+02  2.74836e-03 
 2.73000e+02  2.58359e-03 
 2.73500e+02  2.43290e-03 
 2.74000e+02  2.29879e-03 
 2.74500e+02  2.17425e-03 
 2.75000e+02  2.06613e-03 
 2.75500e+02  1.95973e-03 
 2.76000e+02  1.85989e-03 
 2.76500e+02  1.76790e-03 
 2.77000e+02  1.68397e-03 
 2.77500e+02  1.60472e-03 
 2.78000e+02  1.53476e-03 
 2.78500e+02  1.47242e-03 
 2.79000e+02  1.41722e-03 
 2.79500e+02  1.36419e-03 
 2.80000e+02  1.32137e-03 
 2.80500e+02  1.27820e-03 
 2.81000e+02  1.23908e-03 
 2.81500e+02  1.20349e-03 
 2.82000e+02  1.16594e-03 
 2.82500e+02  1.13283e-03 
 2.83000e+02  1.10212e-03 
 2.83500e+02  1.07049e-03 
 2.84000e+02  1.03864e-03 
 2.84500e+02  1.01209e-03 
 2.85000e+02  9.83832e-04 
 2.85500e+02  9.57210e-04 
 2.86000e+02  9.30238e-04 
 2.86500e+02  9.02842e-04 
 2.87000e+02  8.73182e-04 
 2.87500e+02  8.48128e-04 
 2.88000e+02  8.21709e-04 
 2.88500e+02  7.96449e-04 
 2.89000e+02  7.72118e-04 
 2.89500e+02  7.50640e-04 
 2.90000e+02  7.27162e-04 
 2.90500e+02  7.01942e-04 
 2.91000e+02  6.79034e-04 
 2.91500e+02  6.60107e-04 
 2.92000e+02  6.37730e-04 
 2.92500e+02  6.18427e-04 
 2.93000e+02  6.00094e-04 
 2.93500e+02  5.81360e-04 
 2.94000e+02  5.64093e-04 
 2.94500e+02  5.42236e-04 
 2.95000e+02  5.22581e-04 
 2.95500e+02  5.07482e-04 
 2.96000e+02  4.88334e-04 
 2.96500e+02  4.68525e-04 
 2.97000e+02  4.50970e-04 
 2.97500e+02  4.37082e-04 
 2.98000e+02  4.21046e-04 
 2.98500e+02  4.05222e-04 
 2.99000e+02  3.90679e-04 
 2.99500e+02  3.76552e-04 
 3.00000e+02  3.63475e-04 
 3.00500e+02  3.48442e-04 
 3.01000e+02  3.36399e-04 
 3.01500e+02  3.21961e-04 
 3.02000e+02  3.09082e-04 
 3.02500e+02  2.97607e-04 
 3.03000e+02  2.87671e-04 
 3.03500e+02  2.75958e-04 
 3.04000e+02  2.65253e-04 
 3.04500e+02  2.55128e-04 
 3.05000e+02  2.46836e-04 
 3.05500e+02  2.36866e-04 
 3.06000e+02  2.28657e-04 
 3.06500e+02  2.20772e-04 
 3.07000e+02  2.12450e-04 
 3.07500e+02  2.03925e-04 
 3.08000e+02  1.96866e-04 
 3.08500e+02  1.89878e-04 
 3.09000e+02  1.82764e-04 
 3.09500e+02  1.73570e-04 
 3.10000e+02  1.67313e-04 
 3.10500e+02  1.59357e-04 
 3.11000e+02  1.53406e-04 
 3.11500e+02  1.47090e-04 
 3.12000e+02  1.42300e-04 
 3.12500e+02  1.37771e-04 
 3.13000e+02  1.31802e-04 
 3.13500e+02  1.25759e-04 
 3.14000e+02  1.21270e-04 
 3.14500e+02  1.15638e-04 
 3.15000e+02  1.08931e-04 
 3.15500e+02  1.04482e-04 
 3.16000e+02  9.92904e-05 
 3.16500e+02  9.43624e-05 
 3.17000e+02  8.83688e-05 
 3.17500e+02  8.31336e-05 
 3.18000e+02  7.85608e-05 
 3.18500e+02  7.33032e-05 
 3.19000e+02  7.00360e-05 
 3.19500e+02  6.86928e-05 
