 0.00000e+00  1.28893e-03 
 5.00000e-01  1.30480e-03 
 1.00000e+00  1.31447e-03 
 1.50000e+00  1.30757e-03 
 2.00000e+00  1.32517e-03 
 2.50000e+00  1.32616e-03 
 3.00000e+00  1.35079e-03 
 3.50000e+00  1.35968e-03 
 4.00000e+00  1.37452e-03 
 4.50000e+00  1.38771e-03 
 5.00000e+00  1.39037e-03 
 5.50000e+00  1.40149e-03 
 6.00000e+00  1.41674e-03 
 6.50000e+00  1.42577e-03 
 7.00000e+00  1.44165e-03 
 7.50000e+00  1.46192e-03 
 8.00000e+00  1.46853e-03 
 8.50000e+00  1.48588e-03 
 9.00000e+00  1.49579e-03 
 9.50000e+00  1.51888e-03 
 1.00000e+01  1.53659e-03 
 1.05000e+01  1.54043e-03 
 1.10000e+01  1.56367e-03 
 1.15000e+01  1.58247e-03 
 1.20000e+01  1.60731e-03 
 1.25000e+01  1.62097e-03 
 1.30000e+01  1.63929e-03 
 1.35000e+01  1.66033e-03 
 1.40000e+01  1.67374e-03 
 1.45000e+01  1.68925e-03 
 1.50000e+01  1.70259e-03 
 1.55000e+01  1.72909e-03 
 1.60000e+01  1.74646e-03 
 1.65000e+01  1.75703e-03 
 1.70000e+01  1.79210e-03 
 1.75000e+01  1.80835e-03 
 1.80000e+01  1.82103e-03 
 1.85000e+01  1.84464e-03 
 1.90000e+01  1.86725e-03 
 1.95000e+01  1.88705e-03 
 2.00000e+01  1.91597e-03 
 2.05000e+01  1.92241e-03 
 2.10000e+01  1.95746e-03 
 2.15000e+01  1.98816e-03 
 2.20000e+01  2.00126e-03 
 2.25000e+01  2.03252e-03 
 2.30000e+01  2.07134e-03 
 2.35000e+01  2.08827e-03 
 2.40000e+01  2.11196e-03 
 2.45000e+01  2.16396e-03 
 2.50000e+01  2.19146e-03 
 2.55000e+01  2.20423e-03 
 2.60000e+01  2.22667e-03 
 2.65000e+01  2.28235e-03 
 2.70000e+01  2.31446e-03 
 2.75000e+01  2.35345e-03 
 2.80000e+01  2.37574e-03 
 2.85000e+01  2.43458e-03 
 2.90000e+01  2.49298e-03 
 2.95000e+01  2.53183e-03 
 3.00000e+01  2.57190e-03 
 3.05000e+01  2.62718e-03 
 3.10000e+01  2.65708e-03 
 3.15000e+01  2.72190e-03 
 3.20000e+01  2.78069e-03 
 3.25000e+01  2.83345e-03 
 3.30000e+01  2.90970e-03 
 3.35000e+01  2.96457e-03 
 3.40000e+01  3.02210e-03 
 3.45000e+01  3.08202e-03 
 3.50000e+01  3.15307e-03 
 3.55000e+01  3.22650e-03 
 3.60000e+01  3.32723e-03 
 3.65000e+01  3.39535e-03 
 3.70000e+01  3.46730e-03 
 3.75000e+01  3.55220e-03 
 3.80000e+01  3.63663e-03 
 3.85000e+01  3.71648e-03 
 3.90000e+01  3.84376e-03 
 3.95000e+01  3.95368e-03 
 4.00000e+01  4.04869e-03 
 4.05000e+01  4.15302e-03 
 4.10000e+01  4.28542e-03 
 4.15000e+01  4.42734e-03 
 4.20000e+01  4.57177e-03 
 4.25000e+01  4.70598e-03 
 4.30000e+01  4.87792e-03 
 4.35000e+01  5.02550e-03 
 4.40000e+01  5.22458e-03 
 4.45000e+01  5.38098e-03 
 4.50000e+01  5.55906e-03 
 4.55000e+01  5.74627e-03 
 4.60000e+01  5.97919e-03 
 4.65000e+01  6.22334e-03 
 4.70000e+01  6.45651e-03 
 4.75000e+01  6.63058e-03 
 4.80000e+01  6.92040e-03 
 4.85000e+01  7.14179e-03 
 4.90000e+01  7.38577e-03 
 4.95000e+01  7.69840e-03 
 5.00000e+01  8.00942e-03 
 5.05000e+01  8.21406e-03 
 5.10000e+01  8.44417e-03 
 5.15000e+01  8.78294e-03 
 5.20000e+01  9.11767e-03 
 5.25000e+01  9.40243e-03 
 5.30000e+01  9.73219e-03 
 5.35000e+01  9.95184e-03 
 5.40000e+01  1.02938e-02 
 5.45000e+01  1.06240e-02 
 5.50000e+01  1.08976e-02 
 5.55000e+01  1.11393e-02 
 5.60000e+01  1.15005e-02 
 5.65000e+01  1.17398e-02 
 5.70000e+01  1.17970e-02 
 5.75000e+01  1.20424e-02 
 5.80000e+01  1.23515e-02 
 5.85000e+01  1.26286e-02 
 5.90000e+01  1.28336e-02 
 5.95000e+01  1.31388e-02 
 6.00000e+01  1.35655e-02 
 6.05000e+01  1.36682e-02 
 6.10000e+01  1.40601e-02 
 6.15000e+01  1.40827e-02 
 6.20000e+01  1.41054e-02 
 6.25000e+01  1.44442e-02 
 6.30000e+01  1.45796e-02 
 6.35000e+01  1.49310e-02 
 6.40000e+01  1.49615e-02 
 6.45000e+01  1.49849e-02 
 6.50000e+01  1.50966e-02 
 6.55000e+01  1.51361e-02 
 6.60000e+01  1.54499e-02 
 6.65000e+01  1.57672e-02 
 6.70000e+01  1.58286e-02 
 6.75000e+01  1.59722e-02 
 6.80000e+01  1.59596e-02 
 6.85000e+01  1.61430e-02 
 6.90000e+01  1.67198e-02 
 6.95000e+01  1.65751e-02 
 7.00000e+01  1.68895e-02 
 7.05000e+01  1.70775e-02 
 7.10000e+01  1.72537e-02 
 7.15000e+01  1.73273e-02 
 7.20000e+01  1.75647e-02 
 7.25000e+01  1.77466e-02 
 7.30000e+01  1.77520e-02 
 7.35000e+01  1.79317e-02 
 7.40000e+01  1.79545e-02 
 7.45000e+01  1.79552e-02 
 7.50000e+01  1.80986e-02 
 7.55000e+01  1.85242e-02 
 7.60000e+01  1.85046e-02 
 7.65000e+01  1.86679e-02 
 7.70000e+01  1.90836e-02 
 7.75000e+01  1.89770e-02 
 7.80000e+01  1.88454e-02 
 7.85000e+01  1.89434e-02 
 7.90000e+01  1.91520e-02 
 7.95000e+01  1.97015e-02 
 8.00000e+01  1.96210e-02 
 8.05000e+01  1.93753e-02 
 8.10000e+01  1.96699e-02 
 8.15000e+01  1.99303e-02 
 8.20000e+01  1.99939e-02 
 8.25000e+01  2.01237e-02 
 8.30000e+01  2.02457e-02 
 8.35000e+01  2.03385e-02 
 8.40000e+01  2.05118e-02 
 8.45000e+01  2.04367e-02 
 8.50000e+01  2.04996e-02 
 8.55000e+01  2.10925e-02 
 8.60000e+01  2.13347e-02 
 8.65000e+01  2.09960e-02 
 8.70000e+01  2.09283e-02 
 8.75000e+01  2.11884e-02 
 8.80000e+01  2.16042e-02 
 8.85000e+01  2.15436e-02 
 8.90000e+01  2.14812e-02 
 8.95000e+01  2.17486e-02 
 9.00000e+01  2.22460e-02 
 9.05000e+01  2.23166e-02 
 9.10000e+01  2.22074e-02 
 9.15000e+01  2.23025e-02 
 9.20000e+01  2.27487e-02 
 9.25000e+01  2.25552e-02 
 9.30000e+01  2.27497e-02 
 9.35000e+01  2.31486e-02 
 9.40000e+01  2.26129e-02 
 9.45000e+01  2.31941e-02 
 9.50000e+01  2.30895e-02 
 9.55000e+01  2.32155e-02 
 9.60000e+01  2.31537e-02 
 9.65000e+01  2.33022e-02 
 9.70000e+01  2.37018e-02 
 9.75000e+01  2.41479e-02 
 9.80000e+01  2.47774e-02 
 9.85000e+01  2.44267e-02 
 9.90000e+01  2.48700e-02 
 9.95000e+01  2.54204e-02 
 1.00000e+02  2.53214e-02 
 1.00500e+02  2.52272e-02 
 1.01000e+02  2.60276e-02 
 1.01500e+02  2.57959e-02 
 1.02000e+02  2.60214e-02 
 1.02500e+02  2.64636e-02 
 1.03000e+02  2.72850e-02 
 1.03500e+02  2.74052e-02 
 1.04000e+02  2.74758e-02 
 1.04500e+02  2.82541e-02 
 1.05000e+02  2.80699e-02 
 1.05500e+02  2.86423e-02 
 1.06000e+02  2.90526e-02 
 1.06500e+02  2.93914e-02 
 1.07000e+02  2.98040e-02 
 1.07500e+02  3.04012e-02 
 1.08000e+02  3.06421e-02 
 1.08500e+02  3.12973e-02 
 1.09000e+02  3.17816e-02 
 1.09500e+02  3.15871e-02 
 1.10000e+02  3.19981e-02 
 1.10500e+02  3.27345e-02 
 1.11000e+02  3.29226e-02 
 1.11500e+02  3.37936e-02 
 1.12000e+02  3.39035e-02 
 1.12500e+02  3.39247e-02 
 1.13000e+02  3.48126e-02 
 1.13500e+02  3.50685e-02 
 1.14000e+02  3.54000e-02 
 1.14500e+02  3.60402e-02 
 1.15000e+02  3.64239e-02 
 1.15500e+02  3.76154e-02 
 1.16000e+02  3.72824e-02 
 1.16500e+02  3.78489e-02 
 1.17000e+02  3.91972e-02 
 1.17500e+02  3.88628e-02 
 1.18000e+02  3.92390e-02 
 1.18500e+02  3.94982e-02 
 1.19000e+02  3.96160e-02 
 1.19500e+02  4.02314e-02 
 1.20000e+02  3.96048e-02 
 1.20500e+02  4.11188e-02 
 1.21000e+02  4.07301e-02 
 1.21500e+02  4.18359e-02 
 1.22000e+02  4.08780e-02 
 1.22500e+02  4.18301e-02 
 1.23000e+02  4.14977e-02 
 1.23500e+02  4.27339e-02 
 1.24000e+02  4.22919e-02 
 1.24500e+02  4.22244e-02 
 1.25000e+02  4.21919e-02 
 1.25500e+02  4.21102e-02 
 1.26000e+02  4.28751e-02 
 1.26500e+02  4.25758e-02 
 1.27000e+02  4.35076e-02 
 1.27500e+02  4.35336e-02 
 1.28000e+02  4.36886e-02 
 1.28500e+02  4.28060e-02 
 1.29000e+02  4.37531e-02 
 1.29500e+02  4.30881e-02 
 1.30000e+02  4.48962e-02 
 1.30500e+02  4.51874e-02 
 1.31000e+02  4.62410e-02 
 1.31500e+02  4.60252e-02 
 1.32000e+02  4.62510e-02 
 1.32500e+02  4.66333e-02 
 1.33000e+02  4.62688e-02 
 1.33500e+02  4.66285e-02 
 1.34000e+02  4.62456e-02 
 1.34500e+02  4.64674e-02 
 1.35000e+02  4.68971e-02 
 1.35500e+02  4.69944e-02 
 1.36000e+02  4.81389e-02 
 1.36500e+02  4.73781e-02 
 1.37000e+02  4.85161e-02 
 1.37500e+02  4.89388e-02 
 1.38000e+02  4.94966e-02 
 1.38500e+02  4.79859e-02 
 1.39000e+02  4.81686e-02 
 1.39500e+02  4.83930e-02 
 1.40000e+02  4.84734e-02 
 1.40500e+02  4.83531e-02 
 1.41000e+02  4.82492e-02 
 1.41500e+02  4.85374e-02 
 1.42000e+02  4.88323e-02 
 1.42500e+02  4.84316e-02 
 1.43000e+02  4.88724e-02 
 1.43500e+02  4.91344e-02 
 1.44000e+02  4.86746e-02 
 1.44500e+02  4.82284e-02 
 1.45000e+02  4.81160e-02 
 1.45500e+02  4.87284e-02 
 1.46000e+02  4.84578e-02 
 1.46500e+02  4.91942e-02 
 1.47000e+02  4.87889e-02 
 1.47500e+02  4.97504e-02 
 1.48000e+02  4.93879e-02 
 1.48500e+02  4.90607e-02 
 1.49000e+02  4.95970e-02 
 1.49500e+02  5.00418e-02 
 1.50000e+02  4.95699e-02 
 1.50500e+02  5.05850e-02 
 1.51000e+02  5.07788e-02 
 1.51500e+02  5.07506e-02 
 1.52000e+02  5.03277e-02 
 1.52500e+02  5.06397e-02 
 1.53000e+02  5.10250e-02 
 1.53500e+02  5.04242e-02 
 1.54000e+02  5.09376e-02 
 1.54500e+02  5.02416e-02 
 1.55000e+02  5.06953e-02 
 1.55500e+02  5.13797e-02 
 1.56000e+02  5.07791e-02 
 1.56500e+02  5.08553e-02 
 1.57000e+02  5.03882e-02 
 1.57500e+02  5.05360e-02 
 1.58000e+02  5.05772e-02 
 1.58500e+02  5.06013e-02 
 1.59000e+02  5.01354e-02 
 1.59500e+02  5.00336e-02 
 1.60000e+02  5.02058e-02 
 1.60500e+02  5.09373e-02 
 1.61000e+02  4.96776e-02 
 1.61500e+02  5.05309e-02 
 1.62000e+02  5.00406e-02 
 1.62500e+02  4.98959e-02 
 1.63000e+02  5.05947e-02 
 1.63500e+02  4.98395e-02 
 1.64000e+02  4.99504e-02 
 1.64500e+02  5.08831e-02 
 1.65000e+02  5.16688e-02 
 1.65500e+02  5.07565e-02 
 1.66000e+02  5.09488e-02 
 1.66500e+02  5.09702e-02 
 1.67000e+02  5.12044e-02 
 1.67500e+02  5.23913e-02 
 1.68000e+02  5.23054e-02 
 1.68500e+02  5.12462e-02 
 1.69000e+02  5.13688e-02 
 1.69500e+02  5.05634e-02 
 1.70000e+02  5.08517e-02 
 1.70500e+02  5.05260e-02 
 1.71000e+02  5.13022e-02 
 1.71500e+02  5.15252e-02 
 1.72000e+02  5.15519e-02 
 1.72500e+02  5.17846e-02 
 1.73000e+02  5.15479e-02 
 1.73500e+02  5.11312e-02 
 1.74000e+02  5.11168e-02 
 1.74500e+02  5.03658e-02 
 1.75000e+02  5.07187e-02 
 1.75500e+02  4.95248e-02 
 1.76000e+02  4.97926e-02 
 1.76500e+02  4.89111e-02 
 1.77000e+02  4.99282e-02 
 1.77500e+02  4.93540e-02 
 1.78000e+02  4.94363e-02 
 1.78500e+02  5.00293e-02 
 1.79000e+02  4.98349e-02 
 1.79500e+02  4.90275e-02 
 1.80000e+02  4.99225e-02 
 1.80500e+02  4.94666e-02 
 1.81000e+02  4.90863e-02 
 1.81500e+02  4.89348e-02 
 1.82000e+02  4.82621e-02 
 1.82500e+02  4.78124e-02 
 1.83000e+02  4.77866e-02 
 1.83500e+02  4.82755e-02 
 1.84000e+02  4.82659e-02 
 1.84500e+02  4.74591e-02 
 1.85000e+02  4.72851e-02 
 1.85500e+02  4.76283e-02 
 1.86000e+02  4.74826e-02 
 1.86500e+02  4.76603e-02 
 1.87000e+02  4.81774e-02 
 1.87500e+02  4.67457e-02 
 1.88000e+02  4.63459e-02 
 1.88500e+02  4.67467e-02 
 1.89000e+02  4.70401e-02 
 1.89500e+02  4.64842e-02 
 1.90000e+02  4.67647e-02 
 1.90500e+02  4.71026e-02 
 1.91000e+02  4.65937e-02 
 1.91500e+02  4.64891e-02 
 1.92000e+02  4.54946e-02 
 1.92500e+02  4.51204e-02 
 1.93000e+02  4.47889e-02 
 1.93500e+02  4.42055e-02 
 1.94000e+02  4.33267e-02 
 1.94500e+02  4.30042e-02 
 1.95000e+02  4.33491e-02 
 1.95500e+02  4.20736e-02 
 1.96000e+02  4.23450e-02 
 1.96500e+02  4.11610e-02 
 1.97000e+02  4.13078e-02 
 1.97500e+02  4.24750e-02 
 1.98000e+02  4.16471e-02 
 1.98500e+02  4.08974e-02 
 1.99000e+02  4.05736e-02 
 1.99500e+02  4.09102e-02 
 2.00000e+02  4.07286e-02 
 2.00500e+02  3.97754e-02 
 2.01000e+02  4.05459e-02 
 2.01500e+02  3.91604e-02 
 2.02000e+02  3.84871e-02 
 2.02500e+02  3.81786e-02 
 2.03000e+02  3.73986e-02 
 2.03500e+02  3.67747e-02 
 2.04000e+02  3.67470e-02 
 2.04500e+02  3.63382e-02 
 2.05000e+02  3.61170e-02 
 2.05500e+02  3.63520e-02 
 2.06000e+02  3.54695e-02 
 2.06500e+02  3.56544e-02 
 2.07000e+02  3.50656e-02 
 2.07500e+02  3.44520e-02 
 2.08000e+02  3.41408e-02 
 2.08500e+02  3.33005e-02 
 2.09000e+02  3.28714e-02 
 2.09500e+02  3.25233e-02 
 2.10000e+02  3.22362e-02 
 2.10500e+02  3.19308e-02 
 2.11000e+02  3.12613e-02 
 2.11500e+02  3.09251e-02 
 2.12000e+02  3.10968e-02 
 2.12500e+02  3.12108e-02 
 2.13000e+02  3.04758e-02 
 2.13500e+02  2.95665e-02 
 2.14000e+02  2.88248e-02 
 2.14500e+02  2.85253e-02 
 2.15000e+02  2.84562e-02 
 2.15500e+02  2.78974e-02 
 2.16000e+02  2.73828e-02 
 2.16500e+02  2.70827e-02 
 2.17000e+02  2.69543e-02 
 2.17500e+02  2.66405e-02 
 2.18000e+02  2.58110e-02 
 2.18500e+02  2.63353e-02 
 2.19000e+02  2.58624e-02 
 2.19500e+02  2.55554e-02 
 2.20000e+02  2.51524e-02 
 2.20500e+02  2.48929e-02 
 2.21000e+02  2.47495e-02 
 2.21500e+02  2.44433e-02 
 2.22000e+02  2.40640e-02 
 2.22500e+02  2.42505e-02 
 2.23000e+02  2.39436e-02 
 2.23500e+02  2.33710e-02 
 2.24000e+02  2.31305e-02 
 2.24500e+02  2.30133e-02 
 2.25000e+02  2.34379e-02 
 2.25500e+02  2.35022e-02 
 2.26000e+02  2.29112e-02 
 2.26500e+02  2.28490e-02 
 2.27000e+02  2.24725e-02 
 2.27500e+02  2.26739e-02 
 2.28000e+02  2.23547e-02 
 2.28500e+02  2.23245e-02 
 2.29000e+02  2.22119e-02 
 2.29500e+02  2.17754e-02 
 2.30000e+02  2.20478e-02 
 2.30500e+02  2.18160e-02 
 2.31000e+02  2.16487e-02 
 2.31500e+02  2.12560e-02 
 2.32000e+02  2.12845e-02 
 2.32500e+02  2.15849e-02 
 2.33000e+02  2.09214e-02 
 2.33500e+02  2.09267e-02 
 2.34000e+02  2.09799e-02 
 2.34500e+02  2.09128e-02 
 2.35000e+02  2.02458e-02 
 2.35500e+02  2.00832e-02 
 2.36000e+02  2.04559e-02 
 2.36500e+02  2.04261e-02 
 2.37000e+02  2.01460e-02 
 2.37500e+02  1.99885e-02 
 2.38000e+02  1.97738e-02 
 2.38500e+02  1.97829e-02 
 2.39000e+02  1.96555e-02 
 2.39500e+02  1.94668e-02 
 2.40000e+02  1.92767e-02 
 2.40500e+02  1.91233e-02 
 2.41000e+02  1.89418e-02 
 2.41500e+02  1.88654e-02 
 2.42000e+02  1.88351e-02 
 2.42500e+02  1.84543e-02 
 2.43000e+02  1.85438e-02 
 2.43500e+02  1.89017e-02 
 2.44000e+02  1.84428e-02 
 2.44500e+02  1.79505e-02 
 2.45000e+02  1.76515e-02 
 2.45500e+02  1.75511e-02 
 2.46000e+02  1.76317e-02 
 2.46500e+02  1.75172e-02 
 2.47000e+02  1.73184e-02 
 2.47500e+02  1.75028e-02 
 2.48000e+02  1.71625e-02 
 2.48500e+02  1.69065e-02 
 2.49000e+02  1.65557e-02 
 2.49500e+02  1.63847e-02 
 2.50000e+02  1.60710e-02 
 2.50500e+02  1.57782e-02 
 2.51000e+02  1.56753e-02 
 2.51500e+02  1.56142e-02 
 2.52000e+02  1.51848e-02 
 2.52500e+02  1.51887e-02 
 2.53000e+02  1.49704e-02 
 2.53500e+02  1.49494e-02 
 2.54000e+02  1.47354e-02 
 2.54500e+02  1.43748e-02 
 2.55000e+02  1.41381e-02 
 2.55500e+02  1.39454e-02 
 2.56000e+02  1.38095e-02 
 2.56500e+02  1.36236e-02 
 2.57000e+02  1.32179e-02 
 2.57500e+02  1.29670e-02 
 2.58000e+02  1.27950e-02 
 2.58500e+02  1.24939e-02 
 2.59000e+02  1.21864e-02 
 2.59500e+02  1.19424e-02 
 2.60000e+02  1.17792e-02 
 2.60500e+02  1.14927e-02 
 2.61000e+02  1.10944e-02 
 2.61500e+02  1.07757e-02 
 2.62000e+02  1.05284e-02 
 2.62500e+02  1.02275e-02 
 2.63000e+02  9.88647e-03 
 2.63500e+02  9.54514e-03 
 2.64000e+02  9.27817e-03 
 2.64500e+02  8.95952e-03 
 2.65000e+02  8.62594e-03 
 2.65500e+02  8.36650e-03 
 2.66000e+02  8.09141e-03 
 2.66500e+02  7.78729e-03 
 2.67000e+02  7.58043e-03 
 2.67500e+02  7.29000e-03 
 2.68000e+02  7.07795e-03 
 2.68500e+02  6.85519e-03 
 2.69000e+02  6.68020e-03 
 2.69500e+02  6.44459e-03 
 2.70000e+02  6.27157e-03 
 2.70500e+02  6.02065e-03 
 2.71000e+02  5.86599e-03 
 2.71500e+02  5.63266e-03 
 2.72000e+02  5.45067e-03 
 2.72500e+02  5.29435e-03 
 2.73000e+02  5.13016e-03 
 2.73500e+02  4.98712e-03 
 2.74000e+02  4.85710e-03 
 2.74500e+02  4.68050e-03 
 2.75000e+02  4.51288e-03 
 2.75500e+02  4.42996e-03 
 2.76000e+02  4.32134e-03 
 2.76500e+02  4.18160e-03 
 2.77000e+02  4.08033e-03 
 2.77500e+02  3.99330e-03 
 2.78000e+02  3.89846e-03 
 2.78500e+02  3.81287e-03 
 2.79000e+02  3.74210e-03 
 2.79500e+02  3.65461e-03 
 2.80000e+02  3.56086e-03 
 2.80500e+02  3.46121e-03 
 2.81000e+02  3.39363e-03 
 2.81500e+02  3.35342e-03 
 2.82000e+02  3.31314e-03 
 2.82500e+02  3.24610e-03 
 2.83000e+02  3.16435e-03 
 2.83500e+02  3.13142e-03 
 2.84000e+02  3.05008e-03 
 2.84500e+02  3.00734e-03 
 2.85000e+02  2.95518e-03 
 2.85500e+02  2.91515e-03 
 2.86000e+02  2.84560e-03 
 2.86500e+02  2.78147e-03 
 2.87000e+02  2.74126e-03 
 2.87500e+02  2.69726e-03 
 2.88000e+02  2.65358e-03 
 2.88500e+02  2.59812e-03 
 2.89000e+02  2.56593e-03 
 2.89500e+02  2.53607e-03 
 2.90000e+02  2.49546e-03 
 2.90500e+02  2.46374e-03 
 2.91000e+02  2.42556e-03 
 2.91500e+02  2.39976e-03 
 2.92000e+02  2.36322e-03 
 2.92500e+02  2.33575e-03 
 2.93000e+02  2.29332e-03 
 2.93500e+02  2.27001e-03 
 2.94000e+02  2.24358e-03 
 2.94500e+02  2.19960e-03 
 2.95000e+02  2.17256e-03 
 2.95500e+02  2.13651e-03 
 2.96000e+02  2.12126e-03 
 2.96500e+02  2.09653e-03 
 2.97000e+02  2.05442e-03 
 2.97500e+02  2.03187e-03 
 2.98000e+02  2.02254e-03 
 2.98500e+02  2.00077e-03 
 2.99000e+02  1.99044e-03 
 2.99500e+02  1.95041e-03 
 3.00000e+02  1.91834e-03 
 3.00500e+02  1.89734e-03 
 3.01000e+02  1.89605e-03 
 3.01500e+02  1.85752e-03 
 3.02000e+02  1.82898e-03 
 3.02500e+02  1.82933e-03 
 3.03000e+02  1.81198e-03 
 3.03500e+02  1.77969e-03 
 3.04000e+02  1.75843e-03 
 3.04500e+02  1.75663e-03 
 3.05000e+02  1.73234e-03 
 3.05500e+02  1.71966e-03 
 3.06000e+02  1.70488e-03 
 3.06500e+02  1.68627e-03 
 3.07000e+02  1.66736e-03 
 3.07500e+02  1.65807e-03 
 3.08000e+02  1.63769e-03 
 3.08500e+02  1.62986e-03 
 3.09000e+02  1.61681e-03 
 3.09500e+02  1.61663e-03 
 3.10000e+02  1.58719e-03 
 3.10500e+02  1.57306e-03 
 3.11000e+02  1.57190e-03 
 3.11500e+02  1.55511e-03 
 3.12000e+02  1.54741e-03 
 3.12500e+02  1.53507e-03 
 3.13000e+02  1.52332e-03 
 3.13500e+02  1.50530e-03 
 3.14000e+02  1.50054e-03 
 3.14500e+02  1.48394e-03 
 3.15000e+02  1.47102e-03 
 3.15500e+02  1.46174e-03 
 3.16000e+02  1.45584e-03 
 3.16500e+02  1.45359e-03 
 3.17000e+02  1.44078e-03 
 3.17500e+02  1.41896e-03 
 3.18000e+02  1.41695e-03 
 3.18500e+02  1.41833e-03 
 3.19000e+02  1.40323e-03 
 3.19500e+02  1.40074e-03 
