 0.00000e+00  1.28912e-03 
 5.00000e-01  1.30112e-03 
 1.00000e+00  1.32688e-03 
 1.50000e+00  1.33184e-03 
 2.00000e+00  1.33678e-03 
 2.50000e+00  1.34650e-03 
 3.00000e+00  1.36132e-03 
 3.50000e+00  1.37709e-03 
 4.00000e+00  1.38717e-03 
 4.50000e+00  1.40427e-03 
 5.00000e+00  1.41722e-03 
 5.50000e+00  1.42059e-03 
 6.00000e+00  1.43963e-03 
 6.50000e+00  1.45138e-03 
 7.00000e+00  1.46630e-03 
 7.50000e+00  1.47060e-03 
 8.00000e+00  1.48863e-03 
 8.50000e+00  1.51090e-03 
 9.00000e+00  1.52448e-03 
 9.50000e+00  1.53134e-03 
 1.00000e+01  1.54940e-03 
 1.05000e+01  1.56759e-03 
 1.10000e+01  1.58402e-03 
 1.15000e+01  1.59862e-03 
 1.20000e+01  1.61057e-03 
 1.25000e+01  1.64178e-03 
 1.30000e+01  1.65933e-03 
 1.35000e+01  1.67051e-03 
 1.40000e+01  1.68835e-03 
 1.45000e+01  1.71462e-03 
 1.50000e+01  1.71346e-03 
 1.55000e+01  1.74710e-03 
 1.60000e+01  1.74941e-03 
 1.65000e+01  1.78129e-03 
 1.70000e+01  1.81188e-03 
 1.75000e+01  1.83887e-03 
 1.80000e+01  1.86259e-03 
 1.85000e+01  1.88102e-03 
 1.90000e+01  1.89708e-03 
 1.95000e+01  1.89403e-03 
 2.00000e+01  1.93302e-03 
 2.05000e+01  1.96059e-03 
 2.10000e+01  1.97826e-03 
 2.15000e+01  2.00260e-03 
 2.20000e+01  2.04330e-03 
 2.25000e+01  2.06572e-03 
 2.30000e+01  2.09234e-03 
 2.35000e+01  2.12540e-03 
 2.40000e+01  2.16382e-03 
 2.45000e+01  2.19174e-03 
 2.50000e+01  2.22227e-03 
 2.55000e+01  2.24906e-03 
 2.60000e+01  2.28738e-03 
 2.65000e+01  2.33606e-03 
 2.70000e+01  2.37751e-03 
 2.75000e+01  2.42549e-03 
 2.80000e+01  2.45179e-03 
 2.85000e+01  2.51100e-03 
 2.90000e+01  2.53741e-03 
 2.95000e+01  2.58968e-03 
 3.00000e+01  2.61195e-03 
 3.05000e+01  2.67820e-03 
 3.10000e+01  2.72734e-03 
 3.15000e+01  2.76789e-03 
 3.20000e+01  2.82939e-03 
 3.25000e+01  2.89919e-03 
 3.30000e+01  2.95513e-03 
 3.35000e+01  3.02156e-03 
 3.40000e+01  3.09681e-03 
 3.45000e+01  3.16858e-03 
 3.50000e+01  3.24492e-03 
 3.55000e+01  3.32658e-03 
 3.60000e+01  3.39871e-03 
 3.65000e+01  3.47354e-03 
 3.70000e+01  3.54382e-03 
 3.75000e+01  3.63332e-03 
 3.80000e+01  3.72326e-03 
 3.85000e+01  3.83743e-03 
 3.90000e+01  3.93442e-03 
 3.95000e+01  4.05689e-03 
 4.00000e+01  4.15587e-03 
 4.05000e+01  4.28992e-03 
 4.10000e+01  4.40442e-03 
 4.15000e+01  4.55394e-03 
 4.20000e+01  4.70189e-03 
 4.25000e+01  4.83288e-03 
 4.30000e+01  4.97983e-03 
 4.35000e+01  5.15474e-03 
 4.40000e+01  5.32784e-03 
 4.45000e+01  5.54208e-03 
 4.50000e+01  5.70881e-03 
 4.55000e+01  5.92066e-03 
 4.60000e+01  6.16086e-03 
 4.65000e+01  6.38083e-03 
 4.70000e+01  6.63138e-03 
 4.75000e+01  6.87020e-03 
 4.80000e+01  7.13469e-03 
 4.85000e+01  7.40267e-03 
 4.90000e+01  7.65829e-03 
 4.95000e+01  8.02464e-03 
 5.00000e+01  8.29414e-03 
 5.05000e+01  8.53892e-03 
 5.10000e+01  8.83030e-03 
 5.15000e+01  9.11506e-03 
 5.20000e+01  9.39702e-03 
 5.25000e+01  9.73465e-03 
 5.30000e+01  1.00704e-02 
 5.35000e+01  1.04081e-02 
 5.40000e+01  1.08641e-02 
 5.45000e+01  1.10950e-02 
 5.50000e+01  1.14577e-02 
 5.55000e+01  1.18214e-02 
 5.60000e+01  1.20095e-02 
 5.65000e+01  1.22518e-02 
 5.70000e+01  1.24982e-02 
 5.75000e+01  1.26506e-02 
 5.80000e+01  1.28112e-02 
 5.85000e+01  1.31638e-02 
 5.90000e+01  1.35071e-02 
 5.95000e+01  1.37351e-02 
 6.00000e+01  1.39252e-02 
 6.05000e+01  1.42932e-02 
 6.10000e+01  1.45671e-02 
 6.15000e+01  1.45737e-02 
 6.20000e+01  1.46285e-02 
 6.25000e+01  1.49170e-02 
 6.30000e+01  1.51266e-02 
 6.35000e+01  1.53660e-02 
 6.40000e+01  1.53465e-02 
 6.45000e+01  1.55007e-02 
 6.50000e+01  1.55894e-02 
 6.55000e+01  1.56534e-02 
 6.60000e+01  1.59397e-02 
 6.65000e+01  1.61497e-02 
 6.70000e+01  1.64628e-02 
 6.75000e+01  1.62534e-02 
 6.80000e+01  1.64654e-02 
 6.85000e+01  1.65896e-02 
 6.90000e+01  1.67983e-02 
 6.95000e+01  1.70487e-02 
 7.00000e+01  1.76024e-02 
 7.05000e+01  1.73506e-02 
 7.10000e+01  1.77198e-02 
 7.15000e+01  1.77961e-02 
 7.20000e+01  1.77895e-02 
 7.25000e+01  1.81852e-02 
 7.30000e+01  1.82534e-02 
 7.35000e+01  1.81698e-02 
 7.40000e+01  1.83479e-02 
 7.45000e+01  1.85016e-02 
 7.50000e+01  1.88830e-02 
 7.55000e+01  1.88068e-02 
 7.60000e+01  1.89465e-02 
 7.65000e+01  1.92162e-02 
 7.70000e+01  1.93663e-02 
 7.75000e+01  1.93639e-02 
 7.80000e+01  1.94172e-02 
 7.85000e+01  1.96885e-02 
 7.90000e+01  1.94744e-02 
 7.95000e+01  1.99464e-02 
 8.00000e+01  2.01673e-02 
 8.05000e+01  2.03786e-02 
 8.10000e+01  2.01477e-02 
 8.15000e+01  2.03936e-02 
 8.20000e+01  2.03893e-02 
 8.25000e+01  2.06137e-02 
 8.30000e+01  2.04561e-02 
 8.35000e+01  2.05152e-02 
 8.40000e+01  2.08549e-02 
 8.45000e+01  2.09946e-02 
 8.50000e+01  2.09336e-02 
 8.55000e+01  2.12503e-02 
 8.60000e+01  2.14585e-02 
 8.65000e+01  2.13484e-02 
 8.70000e+01  2.13588e-02 
 8.75000e+01  2.15262e-02 
 8.80000e+01  2.15468e-02 
 8.85000e+01  2.19581e-02 
 8.90000e+01  2.19899e-02 
 8.95000e+01  2.20966e-02 
 9.00000e+01  2.23465e-02 
 9.05000e+01  2.25349e-02 
 9.10000e+01  2.25246e-02 
 9.15000e+01  2.23440e-02 
 9.20000e+01  2.23681e-02 
 9.25000e+01  2.26149e-02 
 9.30000e+01  2.30082e-02 
 9.35000e+01  2.32412e-02 
 9.40000e+01  2.36860e-02 
 9.45000e+01  2.33962e-02 
 9.50000e+01  2.36761e-02 
 9.55000e+01  2.43174e-02 
 9.60000e+01  2.41100e-02 
 9.65000e+01  2.43347e-02 
 9.70000e+01  2.47602e-02 
 9.75000e+01  2.49369e-02 
 9.80000e+01  2.52533e-02 
 9.85000e+01  2.55765e-02 
 9.90000e+01  2.55525e-02 
 9.95000e+01  2.55579e-02 
 1.00000e+02  2.59141e-02 
 1.00500e+02  2.70043e-02 
 1.01000e+02  2.71499e-02 
 1.01500e+02  2.75668e-02 
 1.02000e+02  2.77825e-02 
 1.02500e+02  2.83750e-02 
 1.03000e+02  2.87505e-02 
 1.03500e+02  2.91986e-02 
 1.04000e+02  2.97379e-02 
 1.04500e+02  2.97367e-02 
 1.05000e+02  2.96280e-02 
 1.05500e+02  3.02646e-02 
 1.06000e+02  3.06440e-02 
 1.06500e+02  3.10799e-02 
 1.07000e+02  3.18302e-02 
 1.07500e+02  3.20907e-02 
 1.08000e+02  3.26001e-02 
 1.08500e+02  3.24920e-02 
 1.09000e+02  3.23145e-02 
 1.09500e+02  3.23990e-02 
 1.10000e+02  3.31868e-02 
 1.10500e+02  3.34069e-02 
 1.11000e+02  3.42343e-02 
 1.11500e+02  3.44218e-02 
 1.12000e+02  3.50854e-02 
 1.12500e+02  3.56476e-02 
 1.13000e+02  3.52119e-02 
 1.13500e+02  3.57118e-02 
 1.14000e+02  3.62072e-02 
 1.14500e+02  3.67878e-02 
 1.15000e+02  3.72084e-02 
 1.15500e+02  3.84452e-02 
 1.16000e+02  3.86933e-02 
 1.16500e+02  3.92461e-02 
 1.17000e+02  3.88970e-02 
 1.17500e+02  3.85771e-02 
 1.18000e+02  3.89679e-02 
 1.18500e+02  3.96999e-02 
 1.19000e+02  3.94918e-02 
 1.19500e+02  4.06231e-02 
 1.20000e+02  4.07811e-02 
 1.20500e+02  4.11916e-02 
 1.21000e+02  4.25675e-02 
 1.21500e+02  4.28433e-02 
 1.22000e+02  4.33063e-02 
 1.22500e+02  4.26559e-02 
 1.23000e+02  4.34680e-02 
 1.23500e+02  4.27456e-02 
 1.24000e+02  4.34907e-02 
 1.24500e+02  4.31785e-02 
 1.25000e+02  4.44689e-02 
 1.25500e+02  4.41140e-02 
 1.26000e+02  4.43687e-02 
 1.26500e+02  4.34679e-02 
 1.27000e+02  4.44186e-02 
 1.27500e+02  4.49285e-02 
 1.28000e+02  4.54494e-02 
 1.28500e+02  4.62084e-02 
 1.29000e+02  4.55878e-02 
 1.29500e+02  4.64039e-02 
 1.30000e+02  4.71537e-02 
 1.30500e+02  4.67935e-02 
 1.31000e+02  4.69069e-02 
 1.31500e+02  4.66501e-02 
 1.32000e+02  4.74911e-02 
 1.32500e+02  4.78144e-02 
 1.33000e+02  4.80468e-02 
 1.33500e+02  4.82529e-02 
 1.34000e+02  4.91358e-02 
 1.34500e+02  4.78963e-02 
 1.35000e+02  4.86162e-02 
 1.35500e+02  4.81685e-02 
 1.36000e+02  4.95923e-02 
 1.36500e+02  4.93498e-02 
 1.37000e+02  5.02276e-02 
 1.37500e+02  4.96183e-02 
 1.38000e+02  4.97571e-02 
 1.38500e+02  5.03204e-02 
 1.39000e+02  5.04561e-02 
 1.39500e+02  5.02402e-02 
 1.40000e+02  5.05637e-02 
 1.40500e+02  5.06823e-02 
 1.41000e+02  5.07571e-02 
 1.41500e+02  5.10415e-02 
 1.42000e+02  5.12949e-02 
 1.42500e+02  5.13620e-02 
 1.43000e+02  5.14575e-02 
 1.43500e+02  5.15317e-02 
 1.44000e+02  5.08952e-02 
 1.44500e+02  5.04905e-02 
 1.45000e+02  5.17939e-02 
 1.45500e+02  5.11568e-02 
 1.46000e+02  5.16990e-02 
 1.46500e+02  5.12472e-02 
 1.47000e+02  5.03976e-02 
 1.47500e+02  5.08556e-02 
 1.48000e+02  5.14413e-02 
 1.48500e+02  5.08831e-02 
 1.49000e+02  5.17945e-02 
 1.49500e+02  5.24032e-02 
 1.50000e+02  5.23172e-02 
 1.50500e+02  5.17480e-02 
 1.51000e+02  5.20724e-02 
 1.51500e+02  5.23196e-02 
 1.52000e+02  5.28622e-02 
 1.52500e+02  5.28396e-02 
 1.53000e+02  5.33277e-02 
 1.53500e+02  5.40000e-02 
 1.54000e+02  5.34821e-02 
 1.54500e+02  5.33119e-02 
 1.55000e+02  5.33397e-02 
 1.55500e+02  5.28488e-02 
 1.56000e+02  5.18840e-02 
 1.56500e+02  5.20420e-02 
 1.57000e+02  5.14579e-02 
 1.57500e+02  5.19602e-02 
 1.58000e+02  5.11739e-02 
 1.58500e+02  5.12047e-02 
 1.59000e+02  5.12911e-02 
 1.59500e+02  5.13214e-02 
 1.60000e+02  5.17898e-02 
 1.60500e+02  5.13942e-02 
 1.61000e+02  5.13911e-02 
 1.61500e+02  5.08460e-02 
 1.62000e+02  5.13555e-02 
 1.62500e+02  5.09352e-02 
 1.63000e+02  5.09565e-02 
 1.63500e+02  5.11177e-02 
 1.64000e+02  5.10360e-02 
 1.64500e+02  5.25053e-02 
 1.65000e+02  5.19496e-02 
 1.65500e+02  5.13794e-02 
 1.66000e+02  5.10736e-02 
 1.66500e+02  5.10301e-02 
 1.67000e+02  5.13330e-02 
 1.67500e+02  5.19504e-02 
 1.68000e+02  5.20843e-02 
 1.68500e+02  5.17355e-02 
 1.69000e+02  5.17253e-02 
 1.69500e+02  5.17342e-02 
 1.70000e+02  5.08823e-02 
 1.70500e+02  5.10592e-02 
 1.71000e+02  5.14716e-02 
 1.71500e+02  5.20244e-02 
 1.72000e+02  5.19091e-02 
 1.72500e+02  5.12557e-02 
 1.73000e+02  5.19389e-02 
 1.73500e+02  5.09107e-02 
 1.74000e+02  5.17203e-02 
 1.74500e+02  5.15060e-02 
 1.75000e+02  5.14446e-02 
 1.75500e+02  5.18657e-02 
 1.76000e+02  5.19730e-02 
 1.76500e+02  5.05169e-02 
 1.77000e+02  5.12871e-02 
 1.77500e+02  5.15021e-02 
 1.78000e+02  5.03327e-02 
 1.78500e+02  5.02395e-02 
 1.79000e+02  5.03027e-02 
 1.79500e+02  4.98045e-02 
 1.80000e+02  4.93007e-02 
 1.80500e+02  4.88747e-02 
 1.81000e+02  4.93168e-02 
 1.81500e+02  4.96383e-02 
 1.82000e+02  4.80136e-02 
 1.82500e+02  4.91435e-02 
 1.83000e+02  4.91290e-02 
 1.83500e+02  4.96075e-02 
 1.84000e+02  4.93078e-02 
 1.84500e+02  4.88789e-02 
 1.85000e+02  4.81753e-02 
 1.85500e+02  4.77941e-02 
 1.86000e+02  4.74734e-02 
 1.86500e+02  4.77849e-02 
 1.87000e+02  4.66964e-02 
 1.87500e+02  4.61407e-02 
 1.88000e+02  4.65201e-02 
 1.88500e+02  4.74085e-02 
 1.89000e+02  4.70066e-02 
 1.89500e+02  4.76425e-02 
 1.90000e+02  4.67423e-02 
 1.90500e+02  4.63012e-02 
 1.91000e+02  4.60531e-02 
 1.91500e+02  4.47811e-02 
 1.92000e+02  4.43693e-02 
 1.92500e+02  4.34874e-02 
 1.93000e+02  4.36317e-02 
 1.93500e+02  4.35196e-02 
 1.94000e+02  4.33407e-02 
 1.94500e+02  4.32286e-02 
 1.95000e+02  4.28769e-02 
 1.95500e+02  4.21564e-02 
 1.96000e+02  4.20466e-02 
 1.96500e+02  4.18491e-02 
 1.97000e+02  4.14818e-02 
 1.97500e+02  4.06633e-02 
 1.98000e+02  4.01084e-02 
 1.98500e+02  4.06885e-02 
 1.99000e+02  4.01600e-02 
 1.99500e+02  3.92464e-02 
 2.00000e+02  4.04336e-02 
 2.00500e+02  4.00676e-02 
 2.01000e+02  3.93151e-02 
 2.01500e+02  3.82336e-02 
 2.02000e+02  3.80894e-02 
 2.02500e+02  3.71945e-02 
 2.03000e+02  3.73332e-02 
 2.03500e+02  3.59397e-02 
 2.04000e+02  3.64628e-02 
 2.04500e+02  3.58305e-02 
 2.05000e+02  3.55587e-02 
 2.05500e+02  3.54795e-02 
 2.06000e+02  3.54544e-02 
 2.06500e+02  3.53596e-02 
 2.07000e+02  3.45088e-02 
 2.07500e+02  3.38024e-02 
 2.08000e+02  3.33124e-02 
 2.08500e+02  3.34246e-02 
 2.09000e+02  3.28658e-02 
 2.09500e+02  3.28708e-02 
 2.10000e+02  3.26786e-02 
 2.10500e+02  3.25756e-02 
 2.11000e+02  3.16362e-02 
 2.11500e+02  3.18058e-02 
 2.12000e+02  3.06023e-02 
 2.12500e+02  3.02003e-02 
 2.13000e+02  3.00850e-02 
 2.13500e+02  2.92099e-02 
 2.14000e+02  2.89294e-02 
 2.14500e+02  2.86753e-02 
 2.15000e+02  2.83735e-02 
 2.15500e+02  2.75009e-02 
 2.16000e+02  2.71064e-02 
 2.16500e+02  2.66467e-02 
 2.17000e+02  2.64111e-02 
 2.17500e+02  2.60736e-02 
 2.18000e+02  2.58527e-02 
 2.18500e+02  2.58771e-02 
 2.19000e+02  2.57656e-02 
 2.19500e+02  2.55698e-02 
 2.20000e+02  2.54445e-02 
 2.20500e+02  2.53524e-02 
 2.21000e+02  2.50891e-02 
 2.21500e+02  2.50721e-02 
 2.22000e+02  2.46342e-02 
 2.22500e+02  2.46806e-02 
 2.23000e+02  2.48723e-02 
 2.23500e+02  2.44641e-02 
 2.24000e+02  2.37704e-02 
 2.24500e+02  2.44497e-02 
 2.25000e+02  2.44398e-02 
 2.25500e+02  2.39359e-02 
 2.26000e+02  2.38324e-02 
 2.26500e+02  2.32314e-02 
 2.27000e+02  2.31199e-02 
 2.27500e+02  2.31859e-02 
 2.28000e+02  2.30796e-02 
 2.28500e+02  2.27596e-02 
 2.29000e+02  2.25956e-02 
 2.29500e+02  2.25089e-02 
 2.30000e+02  2.24041e-02 
 2.30500e+02  2.24091e-02 
 2.31000e+02  2.22808e-02 
 2.31500e+02  2.23231e-02 
 2.32000e+02  2.22344e-02 
 2.32500e+02  2.19548e-02 
 2.33000e+02  2.16066e-02 
 2.33500e+02  2.14275e-02 
 2.34000e+02  2.15420e-02 
 2.34500e+02  2.15194e-02 
 2.35000e+02  2.14641e-02 
 2.35500e+02  2.12408e-02 
 2.36000e+02  2.12119e-02 
 2.36500e+02  2.12255e-02 
 2.37000e+02  2.07617e-02 
 2.37500e+02  2.07322e-02 
 2.38000e+02  2.05418e-02 
 2.38500e+02  2.02918e-02 
 2.39000e+02  2.01257e-02 
 2.39500e+02  1.98771e-02 
 2.40000e+02  1.94925e-02 
 2.40500e+02  1.95049e-02 
 2.41000e+02  1.94215e-02 
 2.41500e+02  1.91967e-02 
 2.42000e+02  1.89546e-02 
 2.42500e+02  1.88103e-02 
 2.43000e+02  1.86034e-02 
 2.43500e+02  1.83960e-02 
 2.44000e+02  1.83999e-02 
 2.44500e+02  1.83578e-02 
 2.45000e+02  1.83828e-02 
 2.45500e+02  1.79866e-02 
 2.46000e+02  1.79724e-02 
 2.46500e+02  1.77738e-02 
 2.47000e+02  1.74076e-02 
 2.47500e+02  1.71332e-02 
 2.48000e+02  1.71950e-02 
 2.48500e+02  1.72815e-02 
 2.49000e+02  1.70642e-02 
 2.49500e+02  1.70111e-02 
 2.50000e+02  1.66266e-02 
 2.50500e+02  1.63588e-02 
 2.51000e+02  1.62537e-02 
 2.51500e+02  1.62220e-02 
 2.52000e+02  1.59739e-02 
 2.52500e+02  1.55154e-02 
 2.53000e+02  1.51928e-02 
 2.53500e+02  1.53215e-02 
 2.54000e+02  1.52450e-02 
 2.54500e+02  1.48042e-02 
 2.55000e+02  1.47763e-02 
 2.55500e+02  1.45546e-02 
 2.56000e+02  1.45696e-02 
 2.56500e+02  1.40971e-02 
 2.57000e+02  1.37015e-02 
 2.57500e+02  1.34316e-02 
 2.58000e+02  1.31144e-02 
 2.58500e+02  1.26611e-02 
 2.59000e+02  1.25112e-02 
 2.59500e+02  1.22346e-02 
 2.60000e+02  1.19407e-02 
 2.60500e+02  1.17357e-02 
 2.61000e+02  1.14150e-02 
 2.61500e+02  1.10938e-02 
 2.62000e+02  1.08394e-02 
 2.62500e+02  1.06668e-02 
 2.63000e+02  1.04066e-02 
 2.63500e+02  1.00972e-02 
 2.64000e+02  9.82706e-03 
 2.64500e+02  9.38480e-03 
 2.65000e+02  9.08574e-03 
 2.65500e+02  8.80497e-03 
 2.66000e+02  8.50033e-03 
 2.66500e+02  8.15798e-03 
 2.67000e+02  7.87034e-03 
 2.67500e+02  7.65278e-03 
 2.68000e+02  7.40524e-03 
 2.68500e+02  7.13715e-03 
 2.69000e+02  6.95110e-03 
 2.69500e+02  6.72823e-03 
 2.70000e+02  6.51090e-03 
 2.70500e+02  6.23678e-03 
 2.71000e+02  5.97660e-03 
 2.71500e+02  5.77583e-03 
 2.72000e+02  5.57894e-03 
 2.72500e+02  5.44231e-03 
 2.73000e+02  5.27546e-03 
 2.73500e+02  5.10850e-03 
 2.74000e+02  4.96463e-03 
 2.74500e+02  4.79051e-03 
 2.75000e+02  4.63614e-03 
 2.75500e+02  4.54216e-03 
 2.76000e+02  4.43597e-03 
 2.76500e+02  4.32090e-03 
 2.77000e+02  4.19143e-03 
 2.77500e+02  4.09045e-03 
 2.78000e+02  3.98918e-03 
 2.78500e+02  3.88897e-03 
 2.79000e+02  3.81401e-03 
 2.79500e+02  3.72982e-03 
 2.80000e+02  3.63200e-03 
 2.80500e+02  3.55501e-03 
 2.81000e+02  3.50332e-03 
 2.81500e+02  3.40426e-03 
 2.82000e+02  3.33503e-03 
 2.82500e+02  3.29058e-03 
 2.83000e+02  3.21998e-03 
 2.83500e+02  3.16964e-03 
 2.84000e+02  3.09786e-03 
 2.84500e+02  3.05565e-03 
 2.85000e+02  2.99581e-03 
 2.85500e+02  2.93642e-03 
 2.86000e+02  2.87893e-03 
 2.86500e+02  2.81968e-03 
 2.87000e+02  2.79186e-03 
 2.87500e+02  2.71804e-03 
 2.88000e+02  2.67851e-03 
 2.88500e+02  2.62958e-03 
 2.89000e+02  2.59726e-03 
 2.89500e+02  2.56371e-03 
 2.90000e+02  2.53149e-03 
 2.90500e+02  2.47721e-03 
 2.91000e+02  2.45351e-03 
 2.91500e+02  2.41110e-03 
 2.92000e+02  2.40991e-03 
 2.92500e+02  2.36044e-03 
 2.93000e+02  2.33465e-03 
 2.93500e+02  2.30444e-03 
 2.94000e+02  2.26588e-03 
 2.94500e+02  2.24153e-03 
 2.95000e+02  2.21538e-03 
 2.95500e+02  2.17968e-03 
 2.96000e+02  2.15090e-03 
 2.96500e+02  2.11864e-03 
 2.97000e+02  2.08858e-03 
 2.97500e+02  2.06669e-03 
 2.98000e+02  2.05085e-03 
 2.98500e+02  2.03850e-03 
 2.99000e+02  2.01336e-03 
 2.99500e+02  1.98439e-03 
 3.00000e+02  1.95450e-03 
 3.00500e+02  1.92186e-03 
 3.01000e+02  1.91280e-03 
 3.01500e+02  1.90304e-03 
 3.02000e+02  1.86907e-03 
 3.02500e+02  1.85398e-03 
 3.03000e+02  1.83899e-03 
 3.03500e+02  1.83231e-03 
 3.04000e+02  1.81751e-03 
 3.04500e+02  1.80216e-03 
 3.05000e+02  1.78550e-03 
 3.05500e+02  1.75560e-03 
 3.06000e+02  1.74411e-03 
 3.06500e+02  1.73568e-03 
 3.07000e+02  1.70390e-03 
 3.07500e+02  1.67914e-03 
 3.08000e+02  1.66085e-03 
 3.08500e+02  1.65907e-03 
 3.09000e+02  1.64481e-03 
 3.09500e+02  1.63498e-03 
 3.10000e+02  1.61073e-03 
 3.10500e+02  1.59741e-03 
 3.11000e+02  1.59932e-03 
 3.11500e+02  1.58346e-03 
 3.12000e+02  1.55883e-03 
 3.12500e+02  1.55073e-03 
 3.13000e+02  1.53690e-03 
 3.13500e+02  1.53860e-03 
 3.14000e+02  1.51368e-03 
 3.14500e+02  1.50673e-03 
 3.15000e+02  1.49520e-03 
 3.15500e+02  1.48340e-03 
 3.16000e+02  1.47185e-03 
 3.16500e+02  1.45909e-03 
 3.17000e+02  1.44811e-03 
 3.17500e+02  1.44694e-03 
 3.18000e+02  1.42945e-03 
 3.18500e+02  1.42471e-03 
 3.19000e+02  1.41400e-03 
 3.19500e+02  1.42638e-03 
