 0.00000e+00  1.27260e-03 
 5.00000e-01  1.28074e-03 
 1.00000e+00  1.28913e-03 
 1.50000e+00  1.29320e-03 
 2.00000e+00  1.29894e-03 
 2.50000e+00  1.31714e-03 
 3.00000e+00  1.33188e-03 
 3.50000e+00  1.34570e-03 
 4.00000e+00  1.36690e-03 
 4.50000e+00  1.36718e-03 
 5.00000e+00  1.37218e-03 
 5.50000e+00  1.38405e-03 
 6.00000e+00  1.39288e-03 
 6.50000e+00  1.41085e-03 
 7.00000e+00  1.43253e-03 
 7.50000e+00  1.43185e-03 
 8.00000e+00  1.45463e-03 
 8.50000e+00  1.46602e-03 
 9.00000e+00  1.48206e-03 
 9.50000e+00  1.49052e-03 
 1.00000e+01  1.50954e-03 
 1.05000e+01  1.52438e-03 
 1.10000e+01  1.54215e-03 
 1.15000e+01  1.55592e-03 
 1.20000e+01  1.57169e-03 
 1.25000e+01  1.59572e-03 
 1.30000e+01  1.62284e-03 
 1.35000e+01  1.63545e-03 
 1.40000e+01  1.64875e-03 
 1.45000e+01  1.66161e-03 
 1.50000e+01  1.68915e-03 
 1.55000e+01  1.69670e-03 
 1.60000e+01  1.71046e-03 
 1.65000e+01  1.74265e-03 
 1.70000e+01  1.75899e-03 
 1.75000e+01  1.78898e-03 
 1.80000e+01  1.80180e-03 
 1.85000e+01  1.82539e-03 
 1.90000e+01  1.84319e-03 
 1.95000e+01  1.86607e-03 
 2.00000e+01  1.89570e-03 
 2.05000e+01  1.93045e-03 
 2.10000e+01  1.94081e-03 
 2.15000e+01  1.97185e-03 
 2.20000e+01  1.99559e-03 
 2.25000e+01  2.01443e-03 
 2.30000e+01  2.06089e-03 
 2.35000e+01  2.08110e-03 
 2.40000e+01  2.11996e-03 
 2.45000e+01  2.15053e-03 
 2.50000e+01  2.19177e-03 
 2.55000e+01  2.21442e-03 
 2.60000e+01  2.24600e-03 
 2.65000e+01  2.27546e-03 
 2.70000e+01  2.30921e-03 
 2.75000e+01  2.35567e-03 
 2.80000e+01  2.40378e-03 
 2.85000e+01  2.45438e-03 
 2.90000e+01  2.48419e-03 
 2.95000e+01  2.52096e-03 
 3.00000e+01  2.54767e-03 
 3.05000e+01  2.61370e-03 
 3.10000e+01  2.66216e-03 
 3.15000e+01  2.70587e-03 
 3.20000e+01  2.75963e-03 
 3.25000e+01  2.82683e-03 
 3.30000e+01  2.89461e-03 
 3.35000e+01  2.94268e-03 
 3.40000e+01  2.99401e-03 
 3.45000e+01  3.05908e-03 
 3.50000e+01  3.12957e-03 
 3.55000e+01  3.21297e-03 
 3.60000e+01  3.28875e-03 
 3.65000e+01  3.36697e-03 
 3.70000e+01  3.43026e-03 
 3.75000e+01  3.52843e-03 
 3.80000e+01  3.61927e-03 
 3.85000e+01  3.70874e-03 
 3.90000e+01  3.78211e-03 
 3.95000e+01  3.88787e-03 
 4.00000e+01  3.99627e-03 
 4.05000e+01  4.09524e-03 
 4.10000e+01  4.22719e-03 
 4.15000e+01  4.36005e-03 
 4.20000e+01  4.52897e-03 
 4.25000e+01  4.64512e-03 
 4.30000e+01  4.79497e-03 
 4.35000e+01  4.97161e-03 
 4.40000e+01  5.14703e-03 
 4.45000e+01  5.32361e-03 
 4.50000e+01  5.48333e-03 
 4.55000e+01  5.61539e-03 
 4.60000e+01  5.85407e-03 
 4.65000e+01  6.08583e-03 
 4.70000e+01  6.33815e-03 
 4.75000e+01  6.52508e-03 
 4.80000e+01  6.74206e-03 
 4.85000e+01  7.01385e-03 
 4.90000e+01  7.30956e-03 
 4.95000e+01  7.59463e-03 
 5.00000e+01  7.87036e-03 
 5.05000e+01  8.07418e-03 
 5.10000e+01  8.29022e-03 
 5.15000e+01  8.69723e-03 
 5.20000e+01  8.92673e-03 
 5.25000e+01  9.24656e-03 
 5.30000e+01  9.47943e-03 
 5.35000e+01  9.89785e-03 
 5.40000e+01  1.02498e-02 
 5.45000e+01  1.04961e-02 
 5.50000e+01  1.07868e-02 
 5.55000e+01  1.10839e-02 
 5.60000e+01  1.12712e-02 
 5.65000e+01  1.16627e-02 
 5.70000e+01  1.17315e-02 
 5.75000e+01  1.19325e-02 
 5.80000e+01  1.22824e-02 
 5.85000e+01  1.26503e-02 
 5.90000e+01  1.27682e-02 
 5.95000e+01  1.30992e-02 
 6.00000e+01  1.33128e-02 
 6.05000e+01  1.36816e-02 
 6.10000e+01  1.40314e-02 
 6.15000e+01  1.40275e-02 
 6.20000e+01  1.40764e-02 
 6.25000e+01  1.43885e-02 
 6.30000e+01  1.45493e-02 
 6.35000e+01  1.47742e-02 
 6.40000e+01  1.49837e-02 
 6.45000e+01  1.47615e-02 
 6.50000e+01  1.49177e-02 
 6.55000e+01  1.51434e-02 
 6.60000e+01  1.55236e-02 
 6.65000e+01  1.57307e-02 
 6.70000e+01  1.57241e-02 
 6.75000e+01  1.59186e-02 
 6.80000e+01  1.57192e-02 
 6.85000e+01  1.62237e-02 
 6.90000e+01  1.63063e-02 
 6.95000e+01  1.64750e-02 
 7.00000e+01  1.67094e-02 
 7.05000e+01  1.67810e-02 
 7.10000e+01  1.72015e-02 
 7.15000e+01  1.70587e-02 
 7.20000e+01  1.74124e-02 
 7.25000e+01  1.72348e-02 
 7.30000e+01  1.76921e-02 
 7.35000e+01  1.78063e-02 
 7.40000e+01  1.79488e-02 
 7.45000e+01  1.81029e-02 
 7.50000e+01  1.82216e-02 
 7.55000e+01  1.84793e-02 
 7.60000e+01  1.86025e-02 
 7.65000e+01  1.89294e-02 
 7.70000e+01  1.87662e-02 
 7.75000e+01  1.90324e-02 
 7.80000e+01  1.89679e-02 
 7.85000e+01  1.91292e-02 
 7.90000e+01  1.93043e-02 
 7.95000e+01  1.93357e-02 
 8.00000e+01  1.92428e-02 
 8.05000e+01  1.94090e-02 
 8.10000e+01  1.97738e-02 
 8.15000e+01  1.98700e-02 
 8.20000e+01  1.98198e-02 
 8.25000e+01  2.00837e-02 
 8.30000e+01  2.01666e-02 
 8.35000e+01  1.99555e-02 
 8.40000e+01  2.04028e-02 
 8.45000e+01  2.05534e-02 
 8.50000e+01  2.05821e-02 
 8.55000e+01  2.08472e-02 
 8.60000e+01  2.10166e-02 
 8.65000e+01  2.11026e-02 
 8.70000e+01  2.15250e-02 
 8.75000e+01  2.12867e-02 
 8.80000e+01  2.14513e-02 
 8.85000e+01  2.12697e-02 
 8.90000e+01  2.16464e-02 
 8.95000e+01  2.14783e-02 
 9.00000e+01  2.18845e-02 
 9.05000e+01  2.21127e-02 
 9.10000e+01  2.19340e-02 
 9.15000e+01  2.21597e-02 
 9.20000e+01  2.22561e-02 
 9.25000e+01  2.25828e-02 
 9.30000e+01  2.26593e-02 
 9.35000e+01  2.30459e-02 
 9.40000e+01  2.31620e-02 
 9.45000e+01  2.31720e-02 
 9.50000e+01  2.31959e-02 
 9.55000e+01  2.33440e-02 
 9.60000e+01  2.35091e-02 
 9.65000e+01  2.39219e-02 
 9.70000e+01  2.42713e-02 
 9.75000e+01  2.43371e-02 
 9.80000e+01  2.47310e-02 
 9.85000e+01  2.46083e-02 
 9.90000e+01  2.49823e-02 
 9.95000e+01  2.60902e-02 
 1.00000e+02  2.55888e-02 
 1.00500e+02  2.62241e-02 
 1.01000e+02  2.64227e-02 
 1.01500e+02  2.62736e-02 
 1.02000e+02  2.63157e-02 
 1.02500e+02  2.69531e-02 
 1.03000e+02  2.78021e-02 
 1.03500e+02  2.77916e-02 
 1.04000e+02  2.72610e-02 
 1.04500e+02  2.79392e-02 
 1.05000e+02  2.86519e-02 
 1.05500e+02  2.91175e-02 
 1.06000e+02  2.92940e-02 
 1.06500e+02  2.93092e-02 
 1.07000e+02  3.01206e-02 
 1.07500e+02  3.08696e-02 
 1.08000e+02  3.11034e-02 
 1.08500e+02  3.14616e-02 
 1.09000e+02  3.15843e-02 
 1.09500e+02  3.24010e-02 
 1.10000e+02  3.26600e-02 
 1.10500e+02  3.33844e-02 
 1.11000e+02  3.31098e-02 
 1.11500e+02  3.35583e-02 
 1.12000e+02  3.36384e-02 
 1.12500e+02  3.43821e-02 
 1.13000e+02  3.48206e-02 
 1.13500e+02  3.51881e-02 
 1.14000e+02  3.61722e-02 
 1.14500e+02  3.61800e-02 
 1.15000e+02  3.64930e-02 
 1.15500e+02  3.74962e-02 
 1.16000e+02  3.73676e-02 
 1.16500e+02  3.80129e-02 
 1.17000e+02  3.82244e-02 
 1.17500e+02  3.85174e-02 
 1.18000e+02  3.83050e-02 
 1.18500e+02  3.84491e-02 
 1.19000e+02  3.90119e-02 
 1.19500e+02  3.87774e-02 
 1.20000e+02  3.97317e-02 
 1.20500e+02  4.00893e-02 
 1.21000e+02  4.03069e-02 
 1.21500e+02  4.07106e-02 
 1.22000e+02  4.06107e-02 
 1.22500e+02  4.03580e-02 
 1.23000e+02  4.07525e-02 
 1.23500e+02  4.10128e-02 
 1.24000e+02  4.10499e-02 
 1.24500e+02  4.15380e-02 
 1.25000e+02  4.17693e-02 
 1.25500e+02  4.20358e-02 
 1.26000e+02  4.26263e-02 
 1.26500e+02  4.23327e-02 
 1.27000e+02  4.27332e-02 
 1.27500e+02  4.32075e-02 
 1.28000e+02  4.36563e-02 
 1.28500e+02  4.30048e-02 
 1.29000e+02  4.40413e-02 
 1.29500e+02  4.37240e-02 
 1.30000e+02  4.40509e-02 
 1.30500e+02  4.51288e-02 
 1.31000e+02  4.49140e-02 
 1.31500e+02  4.49491e-02 
 1.32000e+02  4.49059e-02 
 1.32500e+02  4.45665e-02 
 1.33000e+02  4.48762e-02 
 1.33500e+02  4.50811e-02 
 1.34000e+02  4.49069e-02 
 1.34500e+02  4.50796e-02 
 1.35000e+02  4.43504e-02 
 1.35500e+02  4.53986e-02 
 1.36000e+02  4.52314e-02 
 1.36500e+02  4.48864e-02 
 1.37000e+02  4.56679e-02 
 1.37500e+02  4.51239e-02 
 1.38000e+02  4.62714e-02 
 1.38500e+02  4.63750e-02 
 1.39000e+02  4.70315e-02 
 1.39500e+02  4.66746e-02 
 1.40000e+02  4.70915e-02 
 1.40500e+02  4.75888e-02 
 1.41000e+02  4.67518e-02 
 1.41500e+02  4.71103e-02 
 1.42000e+02  4.70953e-02 
 1.42500e+02  4.64951e-02 
 1.43000e+02  4.74792e-02 
 1.43500e+02  4.85003e-02 
 1.44000e+02  4.70422e-02 
 1.44500e+02  4.81359e-02 
 1.45000e+02  4.78483e-02 
 1.45500e+02  4.79845e-02 
 1.46000e+02  4.88103e-02 
 1.46500e+02  4.95294e-02 
 1.47000e+02  4.84100e-02 
 1.47500e+02  4.87077e-02 
 1.48000e+02  4.88376e-02 
 1.48500e+02  4.95054e-02 
 1.49000e+02  4.97305e-02 
 1.49500e+02  4.95568e-02 
 1.50000e+02  4.95560e-02 
 1.50500e+02  5.04798e-02 
 1.51000e+02  4.97931e-02 
 1.51500e+02  4.89821e-02 
 1.52000e+02  4.82435e-02 
 1.52500e+02  4.95911e-02 
 1.53000e+02  4.96429e-02 
 1.53500e+02  5.06738e-02 
 1.54000e+02  5.00789e-02 
 1.54500e+02  4.97224e-02 
 1.55000e+02  4.98082e-02 
 1.55500e+02  5.00191e-02 
 1.56000e+02  4.99832e-02 
 1.56500e+02  5.02909e-02 
 1.57000e+02  5.06901e-02 
 1.57500e+02  5.00400e-02 
 1.58000e+02  5.02644e-02 
 1.58500e+02  5.01437e-02 
 1.59000e+02  5.01146e-02 
 1.59500e+02  4.89600e-02 
 1.60000e+02  4.97392e-02 
 1.60500e+02  4.95932e-02 
 1.61000e+02  4.88120e-02 
 1.61500e+02  5.03144e-02 
 1.62000e+02  4.91420e-02 
 1.62500e+02  4.93462e-02 
 1.63000e+02  4.87520e-02 
 1.63500e+02  5.00826e-02 
 1.64000e+02  4.96119e-02 
 1.64500e+02  4.92504e-02 
 1.65000e+02  4.99617e-02 
 1.65500e+02  4.95644e-02 
 1.66000e+02  5.00971e-02 
 1.66500e+02  5.01136e-02 
 1.67000e+02  5.02236e-02 
 1.67500e+02  5.01745e-02 
 1.68000e+02  5.09346e-02 
 1.68500e+02  5.10220e-02 
 1.69000e+02  5.15557e-02 
 1.69500e+02  4.98396e-02 
 1.70000e+02  5.02178e-02 
 1.70500e+02  5.09977e-02 
 1.71000e+02  5.10291e-02 
 1.71500e+02  5.15485e-02 
 1.72000e+02  5.12750e-02 
 1.72500e+02  5.16937e-02 
 1.73000e+02  5.11167e-02 
 1.73500e+02  5.16163e-02 
 1.74000e+02  5.05616e-02 
 1.74500e+02  5.02769e-02 
 1.75000e+02  5.00899e-02 
 1.75500e+02  5.04576e-02 
 1.76000e+02  4.89550e-02 
 1.76500e+02  5.07671e-02 
 1.77000e+02  5.03236e-02 
 1.77500e+02  4.99064e-02 
 1.78000e+02  4.97818e-02 
 1.78500e+02  5.01207e-02 
 1.79000e+02  4.99174e-02 
 1.79500e+02  4.92940e-02 
 1.80000e+02  4.98111e-02 
 1.80500e+02  4.93926e-02 
 1.81000e+02  5.01571e-02 
 1.81500e+02  4.86179e-02 
 1.82000e+02  4.93092e-02 
 1.82500e+02  4.85618e-02 
 1.83000e+02  4.82081e-02 
 1.83500e+02  4.81294e-02 
 1.84000e+02  4.87529e-02 
 1.84500e+02  4.78544e-02 
 1.85000e+02  4.78360e-02 
 1.85500e+02  4.75954e-02 
 1.86000e+02  4.69404e-02 
 1.86500e+02  4.83249e-02 
 1.87000e+02  4.73410e-02 
 1.87500e+02  4.62266e-02 
 1.88000e+02  4.69165e-02 
 1.88500e+02  4.64138e-02 
 1.89000e+02  4.65155e-02 
 1.89500e+02  4.67610e-02 
 1.90000e+02  4.65904e-02 
 1.90500e+02  4.59623e-02 
 1.91000e+02  4.51981e-02 
 1.91500e+02  4.46301e-02 
 1.92000e+02  4.44462e-02 
 1.92500e+02  4.42559e-02 
 1.93000e+02  4.38621e-02 
 1.93500e+02  4.33942e-02 
 1.94000e+02  4.36976e-02 
 1.94500e+02  4.35607e-02 
 1.95000e+02  4.21510e-02 
 1.95500e+02  4.18021e-02 
 1.96000e+02  4.07583e-02 
 1.96500e+02  4.13213e-02 
 1.97000e+02  4.05246e-02 
 1.97500e+02  4.09311e-02 
 1.98000e+02  4.10646e-02 
 1.98500e+02  4.07747e-02 
 1.99000e+02  4.01521e-02 
 1.99500e+02  4.04893e-02 
 2.00000e+02  3.95650e-02 
 2.00500e+02  3.97416e-02 
 2.01000e+02  3.96210e-02 
 2.01500e+02  3.98639e-02 
 2.02000e+02  3.87194e-02 
 2.02500e+02  3.86905e-02 
 2.03000e+02  3.83346e-02 
 2.03500e+02  3.78056e-02 
 2.04000e+02  3.74246e-02 
 2.04500e+02  3.71348e-02 
 2.05000e+02  3.63669e-02 
 2.05500e+02  3.64499e-02 
 2.06000e+02  3.62047e-02 
 2.06500e+02  3.56821e-02 
 2.07000e+02  3.49092e-02 
 2.07500e+02  3.47734e-02 
 2.08000e+02  3.55312e-02 
 2.08500e+02  3.45131e-02 
 2.09000e+02  3.43668e-02 
 2.09500e+02  3.40171e-02 
 2.10000e+02  3.34144e-02 
 2.10500e+02  3.27783e-02 
 2.11000e+02  3.20268e-02 
 2.11500e+02  3.19817e-02 
 2.12000e+02  3.16034e-02 
 2.12500e+02  3.10745e-02 
 2.13000e+02  3.09810e-02 
 2.13500e+02  3.04982e-02 
 2.14000e+02  2.98254e-02 
 2.14500e+02  3.01572e-02 
 2.15000e+02  3.00044e-02 
 2.15500e+02  2.86116e-02 
 2.16000e+02  2.82135e-02 
 2.16500e+02  2.76188e-02 
 2.17000e+02  2.73501e-02 
 2.17500e+02  2.73349e-02 
 2.18000e+02  2.69247e-02 
 2.18500e+02  2.67692e-02 
 2.19000e+02  2.65020e-02 
 2.19500e+02  2.59662e-02 
 2.20000e+02  2.55878e-02 
 2.20500e+02  2.51443e-02 
 2.21000e+02  2.50720e-02 
 2.21500e+02  2.49836e-02 
 2.22000e+02  2.48626e-02 
 2.22500e+02  2.46575e-02 
 2.23000e+02  2.41307e-02 
 2.23500e+02  2.38038e-02 
 2.24000e+02  2.39257e-02 
 2.24500e+02  2.43443e-02 
 2.25000e+02  2.40739e-02 
 2.25500e+02  2.40288e-02 
 2.26000e+02  2.35435e-02 
 2.26500e+02  2.33686e-02 
 2.27000e+02  2.28483e-02 
 2.27500e+02  2.27494e-02 
 2.28000e+02  2.29006e-02 
 2.28500e+02  2.27786e-02 
 2.29000e+02  2.26683e-02 
 2.29500e+02  2.25922e-02 
 2.30000e+02  2.20169e-02 
 2.30500e+02  2.20645e-02 
 2.31000e+02  2.17993e-02 
 2.31500e+02  2.20703e-02 
 2.32000e+02  2.16920e-02 
 2.32500e+02  2.15440e-02 
 2.33000e+02  2.13950e-02 
 2.33500e+02  2.12882e-02 
 2.34000e+02  2.10675e-02 
 2.34500e+02  2.11437e-02 
 2.35000e+02  2.06024e-02 
 2.35500e+02  2.02995e-02 
 2.36000e+02  2.03551e-02 
 2.36500e+02  2.04120e-02 
 2.37000e+02  2.04082e-02 
 2.37500e+02  1.99263e-02 
 2.38000e+02  1.99184e-02 
 2.38500e+02  1.98157e-02 
 2.39000e+02  1.96997e-02 
 2.39500e+02  1.96447e-02 
 2.40000e+02  1.94850e-02 
 2.40500e+02  1.93051e-02 
 2.41000e+02  1.89681e-02 
 2.41500e+02  1.89133e-02 
 2.42000e+02  1.87686e-02 
 2.42500e+02  1.84775e-02 
 2.43000e+02  1.82666e-02 
 2.43500e+02  1.83492e-02 
 2.44000e+02  1.83693e-02 
 2.44500e+02  1.80653e-02 
 2.45000e+02  1.80863e-02 
 2.45500e+02  1.79758e-02 
 2.46000e+02  1.77281e-02 
 2.46500e+02  1.76649e-02 
 2.47000e+02  1.71480e-02 
 2.47500e+02  1.71247e-02 
 2.48000e+02  1.70321e-02 
 2.48500e+02  1.68690e-02 
 2.49000e+02  1.65497e-02 
 2.49500e+02  1.62400e-02 
 2.50000e+02  1.61152e-02 
 2.50500e+02  1.60672e-02 
 2.51000e+02  1.59456e-02 
 2.51500e+02  1.55939e-02 
 2.52000e+02  1.53732e-02 
 2.52500e+02  1.52311e-02 
 2.53000e+02  1.48623e-02 
 2.53500e+02  1.47434e-02 
 2.54000e+02  1.45736e-02 
 2.54500e+02  1.42101e-02 
 2.55000e+02  1.41711e-02 
 2.55500e+02  1.39984e-02 
 2.56000e+02  1.37593e-02 
 2.56500e+02  1.34857e-02 
 2.57000e+02  1.32321e-02 
 2.57500e+02  1.29055e-02 
 2.58000e+02  1.26508e-02 
 2.58500e+02  1.25142e-02 
 2.59000e+02  1.21002e-02 
 2.59500e+02  1.18160e-02 
 2.60000e+02  1.17083e-02 
 2.60500e+02  1.14233e-02 
 2.61000e+02  1.11390e-02 
 2.61500e+02  1.08013e-02 
 2.62000e+02  1.05555e-02 
 2.62500e+02  1.02481e-02 
 2.63000e+02  9.96882e-03 
 2.63500e+02  9.71475e-03 
 2.64000e+02  9.45128e-03 
 2.64500e+02  9.06458e-03 
 2.65000e+02  8.77447e-03 
 2.65500e+02  8.52357e-03 
 2.66000e+02  8.26654e-03 
 2.66500e+02  7.96916e-03 
 2.67000e+02  7.72469e-03 
 2.67500e+02  7.43746e-03 
 2.68000e+02  7.18522e-03 
 2.68500e+02  7.00926e-03 
 2.69000e+02  6.81417e-03 
 2.69500e+02  6.54503e-03 
 2.70000e+02  6.31979e-03 
 2.70500e+02  6.13689e-03 
 2.71000e+02  5.91971e-03 
 2.71500e+02  5.71221e-03 
 2.72000e+02  5.49109e-03 
 2.72500e+02  5.35382e-03 
 2.73000e+02  5.18523e-03 
 2.73500e+02  5.04572e-03 
 2.74000e+02  4.90620e-03 
 2.74500e+02  4.74276e-03 
 2.75000e+02  4.62980e-03 
 2.75500e+02  4.47263e-03 
 2.76000e+02  4.39607e-03 
 2.76500e+02  4.30316e-03 
 2.77000e+02  4.18790e-03 
 2.77500e+02  4.05521e-03 
 2.78000e+02  3.96483e-03 
 2.78500e+02  3.85794e-03 
 2.79000e+02  3.77323e-03 
 2.79500e+02  3.68289e-03 
 2.80000e+02  3.59365e-03 
 2.80500e+02  3.54711e-03 
 2.81000e+02  3.47908e-03 
 2.81500e+02  3.41711e-03 
 2.82000e+02  3.34221e-03 
 2.82500e+02  3.28870e-03 
 2.83000e+02  3.20957e-03 
 2.83500e+02  3.15219e-03 
 2.84000e+02  3.06580e-03 
 2.84500e+02  2.99354e-03 
 2.85000e+02  2.96057e-03 
 2.85500e+02  2.88591e-03 
 2.86000e+02  2.83734e-03 
 2.86500e+02  2.79084e-03 
 2.87000e+02  2.74154e-03 
 2.87500e+02  2.70609e-03 
 2.88000e+02  2.66145e-03 
 2.88500e+02  2.62395e-03 
 2.89000e+02  2.58496e-03 
 2.89500e+02  2.55578e-03 
 2.90000e+02  2.52894e-03 
 2.90500e+02  2.50190e-03 
 2.91000e+02  2.44438e-03 
 2.91500e+02  2.41792e-03 
 2.92000e+02  2.39273e-03 
 2.92500e+02  2.33918e-03 
 2.93000e+02  2.31095e-03 
 2.93500e+02  2.26987e-03 
 2.94000e+02  2.24373e-03 
 2.94500e+02  2.22072e-03 
 2.95000e+02  2.18940e-03 
 2.95500e+02  2.14839e-03 
 2.96000e+02  2.12376e-03 
 2.96500e+02  2.10493e-03 
 2.97000e+02  2.07225e-03 
 2.97500e+02  2.04485e-03 
 2.98000e+02  2.02759e-03 
 2.98500e+02  2.00511e-03 
 2.99000e+02  1.98999e-03 
 2.99500e+02  1.96024e-03 
 3.00000e+02  1.92456e-03 
 3.00500e+02  1.91312e-03 
 3.01000e+02  1.90251e-03 
 3.01500e+02  1.89878e-03 
 3.02000e+02  1.86777e-03 
 3.02500e+02  1.85929e-03 
 3.03000e+02  1.83570e-03 
 3.03500e+02  1.80824e-03 
 3.04000e+02  1.78230e-03 
 3.04500e+02  1.78744e-03 
 3.05000e+02  1.76668e-03 
 3.05500e+02  1.74393e-03 
 3.06000e+02  1.72277e-03 
 3.06500e+02  1.71540e-03 
 3.07000e+02  1.69201e-03 
 3.07500e+02  1.67494e-03 
 3.08000e+02  1.65115e-03 
 3.08500e+02  1.64316e-03 
 3.09000e+02  1.64648e-03 
 3.09500e+02  1.63202e-03 
 3.10000e+02  1.60817e-03 
 3.10500e+02  1.60025e-03 
 3.11000e+02  1.58744e-03 
 3.11500e+02  1.57417e-03 
 3.12000e+02  1.55426e-03 
 3.12500e+02  1.54335e-03 
 3.13000e+02  1.53017e-03 
 3.13500e+02  1.52233e-03 
 3.14000e+02  1.50541e-03 
 3.14500e+02  1.49621e-03 
 3.15000e+02  1.48346e-03 
 3.15500e+02  1.47495e-03 
 3.16000e+02  1.45426e-03 
 3.16500e+02  1.44622e-03 
 3.17000e+02  1.43235e-03 
 3.17500e+02  1.42304e-03 
 3.18000e+02  1.41892e-03 
 3.18500e+02  1.40485e-03 
 3.19000e+02  1.39851e-03 
 3.19500e+02  1.40291e-03 
