 0.00000e+00  1.28232e-03 
 5.00000e-01  1.29418e-03 
 1.00000e+00  1.30731e-03 
 1.50000e+00  1.30828e-03 
 2.00000e+00  1.32458e-03 
 2.50000e+00  1.33315e-03 
 3.00000e+00  1.34066e-03 
 3.50000e+00  1.35969e-03 
 4.00000e+00  1.37730e-03 
 4.50000e+00  1.38762e-03 
 5.00000e+00  1.39834e-03 
 5.50000e+00  1.39870e-03 
 6.00000e+00  1.41815e-03 
 6.50000e+00  1.42709e-03 
 7.00000e+00  1.44212e-03 
 7.50000e+00  1.45351e-03 
 8.00000e+00  1.46250e-03 
 8.50000e+00  1.48698e-03 
 9.00000e+00  1.49805e-03 
 9.50000e+00  1.50122e-03 
 1.00000e+01  1.51743e-03 
 1.05000e+01  1.53044e-03 
 1.10000e+01  1.55382e-03 
 1.15000e+01  1.56172e-03 
 1.20000e+01  1.57903e-03 
 1.25000e+01  1.60146e-03 
 1.30000e+01  1.61862e-03 
 1.35000e+01  1.63790e-03 
 1.40000e+01  1.65046e-03 
 1.45000e+01  1.67030e-03 
 1.50000e+01  1.68610e-03 
 1.55000e+01  1.71459e-03 
 1.60000e+01  1.72070e-03 
 1.65000e+01  1.75818e-03 
 1.70000e+01  1.77921e-03 
 1.75000e+01  1.79636e-03 
 1.80000e+01  1.81586e-03 
 1.85000e+01  1.84232e-03 
 1.90000e+01  1.87416e-03 
 1.95000e+01  1.88175e-03 
 2.00000e+01  1.90564e-03 
 2.05000e+01  1.92210e-03 
 2.10000e+01  1.95845e-03 
 2.15000e+01  1.98117e-03 
 2.20000e+01  2.01632e-03 
 2.25000e+01  2.04376e-03 
 2.30000e+01  2.07835e-03 
 2.35000e+01  2.10166e-03 
 2.40000e+01  2.13478e-03 
 2.45000e+01  2.15677e-03 
 2.50000e+01  2.20130e-03 
 2.55000e+01  2.22438e-03 
 2.60000e+01  2.26402e-03 
 2.65000e+01  2.30106e-03 
 2.70000e+01  2.32816e-03 
 2.75000e+01  2.36802e-03 
 2.80000e+01  2.40263e-03 
 2.85000e+01  2.44310e-03 
 2.90000e+01  2.49585e-03 
 2.95000e+01  2.54361e-03 
 3.00000e+01  2.58821e-03 
 3.05000e+01  2.64208e-03 
 3.10000e+01  2.69513e-03 
 3.15000e+01  2.72384e-03 
 3.20000e+01  2.78083e-03 
 3.25000e+01  2.85240e-03 
 3.30000e+01  2.91025e-03 
 3.35000e+01  2.96866e-03 
 3.40000e+01  3.03514e-03 
 3.45000e+01  3.10431e-03 
 3.50000e+01  3.19931e-03 
 3.55000e+01  3.29142e-03 
 3.60000e+01  3.35894e-03 
 3.65000e+01  3.42878e-03 
 3.70000e+01  3.49908e-03 
 3.75000e+01  3.58253e-03 
 3.80000e+01  3.65090e-03 
 3.85000e+01  3.73415e-03 
 3.90000e+01  3.84808e-03 
 3.95000e+01  3.94569e-03 
 4.00000e+01  4.06954e-03 
 4.05000e+01  4.14371e-03 
 4.10000e+01  4.27998e-03 
 4.15000e+01  4.43402e-03 
 4.20000e+01  4.57626e-03 
 4.25000e+01  4.72321e-03 
 4.30000e+01  4.86259e-03 
 4.35000e+01  5.00842e-03 
 4.40000e+01  5.16384e-03 
 4.45000e+01  5.34642e-03 
 4.50000e+01  5.53842e-03 
 4.55000e+01  5.69438e-03 
 4.60000e+01  5.95634e-03 
 4.65000e+01  6.18606e-03 
 4.70000e+01  6.42614e-03 
 4.75000e+01  6.67839e-03 
 4.80000e+01  6.87029e-03 
 4.85000e+01  7.13598e-03 
 4.90000e+01  7.41437e-03 
 4.95000e+01  7.75655e-03 
 5.00000e+01  7.98700e-03 
 5.05000e+01  8.21903e-03 
 5.10000e+01  8.51719e-03 
 5.15000e+01  8.86562e-03 
 5.20000e+01  9.12181e-03 
 5.25000e+01  9.42620e-03 
 5.30000e+01  9.72678e-03 
 5.35000e+01  1.00124e-02 
 5.40000e+01  1.03776e-02 
 5.45000e+01  1.05781e-02 
 5.50000e+01  1.09264e-02 
 5.55000e+01  1.13306e-02 
 5.60000e+01  1.15088e-02 
 5.65000e+01  1.17809e-02 
 5.70000e+01  1.19361e-02 
 5.75000e+01  1.21464e-02 
 5.80000e+01  1.24032e-02 
 5.85000e+01  1.26232e-02 
 5.90000e+01  1.27296e-02 
 5.95000e+01  1.30920e-02 
 6.00000e+01  1.33948e-02 
 6.05000e+01  1.37293e-02 
 6.10000e+01  1.39290e-02 
 6.15000e+01  1.39724e-02 
 6.20000e+01  1.41753e-02 
 6.25000e+01  1.43010e-02 
 6.30000e+01  1.46291e-02 
 6.35000e+01  1.49683e-02 
 6.40000e+01  1.48693e-02 
 6.45000e+01  1.50918e-02 
 6.50000e+01  1.50385e-02 
 6.55000e+01  1.51531e-02 
 6.60000e+01  1.55348e-02 
 6.65000e+01  1.57440e-02 
 6.70000e+01  1.59451e-02 
 6.75000e+01  1.60746e-02 
 6.80000e+01  1.62702e-02 
 6.85000e+01  1.62980e-02 
 6.90000e+01  1.65184e-02 
 6.95000e+01  1.65793e-02 
 7.00000e+01  1.69518e-02 
 7.05000e+01  1.66061e-02 
 7.10000e+01  1.68519e-02 
 7.15000e+01  1.71616e-02 
 7.20000e+01  1.73720e-02 
 7.25000e+01  1.76097e-02 
 7.30000e+01  1.76712e-02 
 7.35000e+01  1.78814e-02 
 7.40000e+01  1.78993e-02 
 7.45000e+01  1.77369e-02 
 7.50000e+01  1.80607e-02 
 7.55000e+01  1.83828e-02 
 7.60000e+01  1.87225e-02 
 7.65000e+01  1.87032e-02 
 7.70000e+01  1.90512e-02 
 7.75000e+01  1.90442e-02 
 7.80000e+01  1.90133e-02 
 7.85000e+01  1.88370e-02 
 7.90000e+01  1.87846e-02 
 7.95000e+01  1.94445e-02 
 8.00000e+01  1.95934e-02 
 8.05000e+01  2.00112e-02 
 8.10000e+01  1.97288e-02 
 8.15000e+01  2.01704e-02 
 8.20000e+01  2.02644e-02 
 8.25000e+01  2.03270e-02 
 8.30000e+01  2.04604e-02 
 8.35000e+01  2.05282e-02 
 8.40000e+01  2.06020e-02 
 8.45000e+01  2.04868e-02 
 8.50000e+01  2.04715e-02 
 8.55000e+01  2.05361e-02 
 8.60000e+01  2.07391e-02 
 8.65000e+01  2.07308e-02 
 8.70000e+01  2.05630e-02 
 8.75000e+01  2.07173e-02 
 8.80000e+01  2.10842e-02 
 8.85000e+01  2.14676e-02 
 8.90000e+01  2.10376e-02 
 8.95000e+01  2.16666e-02 
 9.00000e+01  2.19029e-02 
 9.05000e+01  2.17273e-02 
 9.10000e+01  2.17847e-02 
 9.15000e+01  2.19186e-02 
 9.20000e+01  2.19885e-02 
 9.25000e+01  2.23245e-02 
 9.30000e+01  2.23536e-02 
 9.35000e+01  2.25555e-02 
 9.40000e+01  2.27952e-02 
 9.45000e+01  2.31399e-02 
 9.50000e+01  2.32463e-02 
 9.55000e+01  2.33271e-02 
 9.60000e+01  2.37235e-02 
 9.65000e+01  2.33882e-02 
 9.70000e+01  2.32910e-02 
 9.75000e+01  2.37668e-02 
 9.80000e+01  2.41725e-02 
 9.85000e+01  2.47395e-02 
 9.90000e+01  2.46029e-02 
 9.95000e+01  2.50644e-02 
 1.00000e+02  2.51104e-02 
 1.00500e+02  2.59287e-02 
 1.01000e+02  2.61618e-02 
 1.01500e+02  2.64304e-02 
 1.02000e+02  2.69166e-02 
 1.02500e+02  2.71778e-02 
 1.03000e+02  2.81825e-02 
 1.03500e+02  2.82875e-02 
 1.04000e+02  2.84902e-02 
 1.04500e+02  2.85360e-02 
 1.05000e+02  2.94904e-02 
 1.05500e+02  2.97662e-02 
 1.06000e+02  2.96220e-02 
 1.06500e+02  3.00608e-02 
 1.07000e+02  3.06515e-02 
 1.07500e+02  3.08924e-02 
 1.08000e+02  3.15814e-02 
 1.08500e+02  3.15385e-02 
 1.09000e+02  3.18421e-02 
 1.09500e+02  3.22632e-02 
 1.10000e+02  3.30928e-02 
 1.10500e+02  3.35925e-02 
 1.11000e+02  3.40813e-02 
 1.11500e+02  3.46717e-02 
 1.12000e+02  3.47532e-02 
 1.12500e+02  3.49538e-02 
 1.13000e+02  3.60132e-02 
 1.13500e+02  3.61084e-02 
 1.14000e+02  3.58225e-02 
 1.14500e+02  3.70984e-02 
 1.15000e+02  3.76061e-02 
 1.15500e+02  3.80890e-02 
 1.16000e+02  3.83472e-02 
 1.16500e+02  3.82843e-02 
 1.17000e+02  3.87283e-02 
 1.17500e+02  3.79753e-02 
 1.18000e+02  3.89823e-02 
 1.18500e+02  3.94572e-02 
 1.19000e+02  3.94113e-02 
 1.19500e+02  4.04940e-02 
 1.20000e+02  3.97480e-02 
 1.20500e+02  4.04291e-02 
 1.21000e+02  4.06937e-02 
 1.21500e+02  4.13435e-02 
 1.22000e+02  4.16916e-02 
 1.22500e+02  4.20101e-02 
 1.23000e+02  4.26270e-02 
 1.23500e+02  4.27120e-02 
 1.24000e+02  4.28828e-02 
 1.24500e+02  4.17919e-02 
 1.25000e+02  4.30951e-02 
 1.25500e+02  4.36604e-02 
 1.26000e+02  4.33432e-02 
 1.26500e+02  4.44101e-02 
 1.27000e+02  4.49266e-02 
 1.27500e+02  4.45746e-02 
 1.28000e+02  4.45142e-02 
 1.28500e+02  4.47270e-02 
 1.29000e+02  4.51653e-02 
 1.29500e+02  4.61506e-02 
 1.30000e+02  4.60637e-02 
 1.30500e+02  4.73098e-02 
 1.31000e+02  4.63556e-02 
 1.31500e+02  4.69183e-02 
 1.32000e+02  4.80519e-02 
 1.32500e+02  4.72359e-02 
 1.33000e+02  4.77965e-02 
 1.33500e+02  4.85162e-02 
 1.34000e+02  4.81912e-02 
 1.34500e+02  4.83378e-02 
 1.35000e+02  4.92338e-02 
 1.35500e+02  4.85133e-02 
 1.36000e+02  4.89447e-02 
 1.36500e+02  4.86729e-02 
 1.37000e+02  5.00920e-02 
 1.37500e+02  4.92663e-02 
 1.38000e+02  4.93261e-02 
 1.38500e+02  5.04241e-02 
 1.39000e+02  5.02354e-02 
 1.39500e+02  5.02713e-02 
 1.40000e+02  5.00093e-02 
 1.40500e+02  4.97749e-02 
 1.41000e+02  4.99041e-02 
 1.41500e+02  4.93080e-02 
 1.42000e+02  4.99863e-02 
 1.42500e+02  5.08731e-02 
 1.43000e+02  5.16597e-02 
 1.43500e+02  5.14786e-02 
 1.44000e+02  5.00330e-02 
 1.44500e+02  5.04768e-02 
 1.45000e+02  4.95641e-02 
 1.45500e+02  5.08411e-02 
 1.46000e+02  5.07017e-02 
 1.46500e+02  5.15568e-02 
 1.47000e+02  5.05055e-02 
 1.47500e+02  5.06196e-02 
 1.48000e+02  5.09684e-02 
 1.48500e+02  5.09274e-02 
 1.49000e+02  5.13550e-02 
 1.49500e+02  5.10188e-02 
 1.50000e+02  5.06278e-02 
 1.50500e+02  5.10136e-02 
 1.51000e+02  5.15550e-02 
 1.51500e+02  5.18912e-02 
 1.52000e+02  5.15202e-02 
 1.52500e+02  5.15878e-02 
 1.53000e+02  5.14304e-02 
 1.53500e+02  5.23620e-02 
 1.54000e+02  5.17520e-02 
 1.54500e+02  5.20941e-02 
 1.55000e+02  5.05751e-02 
 1.55500e+02  5.25901e-02 
 1.56000e+02  5.19405e-02 
 1.56500e+02  5.16245e-02 
 1.57000e+02  5.16075e-02 
 1.57500e+02  5.07096e-02 
 1.58000e+02  5.13397e-02 
 1.58500e+02  5.16971e-02 
 1.59000e+02  5.26516e-02 
 1.59500e+02  5.20839e-02 
 1.60000e+02  5.25227e-02 
 1.60500e+02  5.27230e-02 
 1.61000e+02  5.19179e-02 
 1.61500e+02  5.23007e-02 
 1.62000e+02  5.16816e-02 
 1.62500e+02  5.17380e-02 
 1.63000e+02  5.10052e-02 
 1.63500e+02  5.16582e-02 
 1.64000e+02  5.12945e-02 
 1.64500e+02  5.11821e-02 
 1.65000e+02  5.14014e-02 
 1.65500e+02  5.19532e-02 
 1.66000e+02  5.18885e-02 
 1.66500e+02  5.13180e-02 
 1.67000e+02  5.20433e-02 
 1.67500e+02  5.11338e-02 
 1.68000e+02  5.13668e-02 
 1.68500e+02  5.12166e-02 
 1.69000e+02  5.17871e-02 
 1.69500e+02  5.09551e-02 
 1.70000e+02  5.11882e-02 
 1.70500e+02  4.99178e-02 
 1.71000e+02  5.14024e-02 
 1.71500e+02  5.16489e-02 
 1.72000e+02  5.22662e-02 
 1.72500e+02  5.18972e-02 
 1.73000e+02  5.13190e-02 
 1.73500e+02  5.19114e-02 
 1.74000e+02  5.15229e-02 
 1.74500e+02  5.22593e-02 
 1.75000e+02  5.18636e-02 
 1.75500e+02  5.13535e-02 
 1.76000e+02  5.12521e-02 
 1.76500e+02  5.05930e-02 
 1.77000e+02  5.03792e-02 
 1.77500e+02  5.02630e-02 
 1.78000e+02  5.05323e-02 
 1.78500e+02  4.96307e-02 
 1.79000e+02  4.84732e-02 
 1.79500e+02  4.97652e-02 
 1.80000e+02  4.98183e-02 
 1.80500e+02  4.88773e-02 
 1.81000e+02  4.94926e-02 
 1.81500e+02  4.86215e-02 
 1.82000e+02  4.88926e-02 
 1.82500e+02  4.81178e-02 
 1.83000e+02  4.74427e-02 
 1.83500e+02  4.85132e-02 
 1.84000e+02  4.81293e-02 
 1.84500e+02  4.84816e-02 
 1.85000e+02  4.75120e-02 
 1.85500e+02  4.67463e-02 
 1.86000e+02  4.78434e-02 
 1.86500e+02  4.80158e-02 
 1.87000e+02  4.64945e-02 
 1.87500e+02  4.71592e-02 
 1.88000e+02  4.70239e-02 
 1.88500e+02  4.68538e-02 
 1.89000e+02  4.68750e-02 
 1.89500e+02  4.69248e-02 
 1.90000e+02  4.63864e-02 
 1.90500e+02  4.61362e-02 
 1.91000e+02  4.52293e-02 
 1.91500e+02  4.46123e-02 
 1.92000e+02  4.40253e-02 
 1.92500e+02  4.40651e-02 
 1.93000e+02  4.29892e-02 
 1.93500e+02  4.21237e-02 
 1.94000e+02  4.09252e-02 
 1.94500e+02  4.13984e-02 
 1.95000e+02  4.19188e-02 
 1.95500e+02  4.14804e-02 
 1.96000e+02  4.14080e-02 
 1.96500e+02  4.13095e-02 
 1.97000e+02  4.13161e-02 
 1.97500e+02  4.11862e-02 
 1.98000e+02  4.10325e-02 
 1.98500e+02  4.12893e-02 
 1.99000e+02  4.08472e-02 
 1.99500e+02  3.96814e-02 
 2.00000e+02  3.93299e-02 
 2.00500e+02  3.89383e-02 
 2.01000e+02  3.89122e-02 
 2.01500e+02  3.82656e-02 
 2.02000e+02  3.78957e-02 
 2.02500e+02  3.75772e-02 
 2.03000e+02  3.74099e-02 
 2.03500e+02  3.65560e-02 
 2.04000e+02  3.68980e-02 
 2.04500e+02  3.63899e-02 
 2.05000e+02  3.68002e-02 
 2.05500e+02  3.61948e-02 
 2.06000e+02  3.45495e-02 
 2.06500e+02  3.42225e-02 
 2.07000e+02  3.37780e-02 
 2.07500e+02  3.42202e-02 
 2.08000e+02  3.33334e-02 
 2.08500e+02  3.30300e-02 
 2.09000e+02  3.33944e-02 
 2.09500e+02  3.23818e-02 
 2.10000e+02  3.15199e-02 
 2.10500e+02  3.18579e-02 
 2.11000e+02  3.09333e-02 
 2.11500e+02  3.10550e-02 
 2.12000e+02  3.07987e-02 
 2.12500e+02  2.99709e-02 
 2.13000e+02  2.97062e-02 
 2.13500e+02  2.90470e-02 
 2.14000e+02  2.84850e-02 
 2.14500e+02  2.82857e-02 
 2.15000e+02  2.82647e-02 
 2.15500e+02  2.79302e-02 
 2.16000e+02  2.72632e-02 
 2.16500e+02  2.66867e-02 
 2.17000e+02  2.66920e-02 
 2.17500e+02  2.62741e-02 
 2.18000e+02  2.62130e-02 
 2.18500e+02  2.61972e-02 
 2.19000e+02  2.57362e-02 
 2.19500e+02  2.58765e-02 
 2.20000e+02  2.56268e-02 
 2.20500e+02  2.49170e-02 
 2.21000e+02  2.49011e-02 
 2.21500e+02  2.46471e-02 
 2.22000e+02  2.40885e-02 
 2.22500e+02  2.42013e-02 
 2.23000e+02  2.39391e-02 
 2.23500e+02  2.34652e-02 
 2.24000e+02  2.34896e-02 
 2.24500e+02  2.38244e-02 
 2.25000e+02  2.36218e-02 
 2.25500e+02  2.36862e-02 
 2.26000e+02  2.34279e-02 
 2.26500e+02  2.31405e-02 
 2.27000e+02  2.26437e-02 
 2.27500e+02  2.26756e-02 
 2.28000e+02  2.27878e-02 
 2.28500e+02  2.23602e-02 
 2.29000e+02  2.23990e-02 
 2.29500e+02  2.22706e-02 
 2.30000e+02  2.23923e-02 
 2.30500e+02  2.21003e-02 
 2.31000e+02  2.18258e-02 
 2.31500e+02  2.19643e-02 
 2.32000e+02  2.16396e-02 
 2.32500e+02  2.21373e-02 
 2.33000e+02  2.12154e-02 
 2.33500e+02  2.12091e-02 
 2.34000e+02  2.13753e-02 
 2.34500e+02  2.11469e-02 
 2.35000e+02  2.08670e-02 
 2.35500e+02  2.06938e-02 
 2.36000e+02  2.08270e-02 
 2.36500e+02  2.03889e-02 
 2.37000e+02  2.03705e-02 
 2.37500e+02  2.03743e-02 
 2.38000e+02  2.00134e-02 
 2.38500e+02  2.00904e-02 
 2.39000e+02  1.99067e-02 
 2.39500e+02  1.95573e-02 
 2.40000e+02  1.93179e-02 
 2.40500e+02  1.94542e-02 
 2.41000e+02  1.91822e-02 
 2.41500e+02  1.88601e-02 
 2.42000e+02  1.89361e-02 
 2.42500e+02  1.88974e-02 
 2.43000e+02  1.86542e-02 
 2.43500e+02  1.85627e-02 
 2.44000e+02  1.84010e-02 
 2.44500e+02  1.83393e-02 
 2.45000e+02  1.80662e-02 
 2.45500e+02  1.79391e-02 
 2.46000e+02  1.76511e-02 
 2.46500e+02  1.74469e-02 
 2.47000e+02  1.72292e-02 
 2.47500e+02  1.72797e-02 
 2.48000e+02  1.70503e-02 
 2.48500e+02  1.70220e-02 
 2.49000e+02  1.67953e-02 
 2.49500e+02  1.68883e-02 
 2.50000e+02  1.65083e-02 
 2.50500e+02  1.62430e-02 
 2.51000e+02  1.60503e-02 
 2.51500e+02  1.59201e-02 
 2.52000e+02  1.58154e-02 
 2.52500e+02  1.53261e-02 
 2.53000e+02  1.51436e-02 
 2.53500e+02  1.48827e-02 
 2.54000e+02  1.46446e-02 
 2.54500e+02  1.42509e-02 
 2.55000e+02  1.42826e-02 
 2.55500e+02  1.41617e-02 
 2.56000e+02  1.40226e-02 
 2.56500e+02  1.38132e-02 
 2.57000e+02  1.34224e-02 
 2.57500e+02  1.30189e-02 
 2.58000e+02  1.28701e-02 
 2.58500e+02  1.25566e-02 
 2.59000e+02  1.23559e-02 
 2.59500e+02  1.21914e-02 
 2.60000e+02  1.19416e-02 
 2.60500e+02  1.17254e-02 
 2.61000e+02  1.13304e-02 
 2.61500e+02  1.09406e-02 
 2.62000e+02  1.07361e-02 
 2.62500e+02  1.04325e-02 
 2.63000e+02  1.02905e-02 
 2.63500e+02  9.87918e-03 
 2.64000e+02  9.60269e-03 
 2.64500e+02  9.27010e-03 
 2.65000e+02  8.96578e-03 
 2.65500e+02  8.64266e-03 
 2.66000e+02  8.42013e-03 
 2.66500e+02  8.07286e-03 
 2.67000e+02  7.88498e-03 
 2.67500e+02  7.60341e-03 
 2.68000e+02  7.37070e-03 
 2.68500e+02  7.12646e-03 
 2.69000e+02  6.87589e-03 
 2.69500e+02  6.63924e-03 
 2.70000e+02  6.41184e-03 
 2.70500e+02  6.18214e-03 
 2.71000e+02  5.95718e-03 
 2.71500e+02  5.75155e-03 
 2.72000e+02  5.54813e-03 
 2.72500e+02  5.40944e-03 
 2.73000e+02  5.24588e-03 
 2.73500e+02  5.04659e-03 
 2.74000e+02  4.89618e-03 
 2.74500e+02  4.72106e-03 
 2.75000e+02  4.60604e-03 
 2.75500e+02  4.49130e-03 
 2.76000e+02  4.39868e-03 
 2.76500e+02  4.31519e-03 
 2.77000e+02  4.20474e-03 
 2.77500e+02  4.09381e-03 
 2.78000e+02  4.00511e-03 
 2.78500e+02  3.90727e-03 
 2.79000e+02  3.83726e-03 
 2.79500e+02  3.71888e-03 
 2.80000e+02  3.63246e-03 
 2.80500e+02  3.54337e-03 
 2.81000e+02  3.45406e-03 
 2.81500e+02  3.39523e-03 
 2.82000e+02  3.34067e-03 
 2.82500e+02  3.30377e-03 
 2.83000e+02  3.22167e-03 
 2.83500e+02  3.15630e-03 
 2.84000e+02  3.07549e-03 
 2.84500e+02  3.02175e-03 
 2.85000e+02  2.96787e-03 
 2.85500e+02  2.92956e-03 
 2.86000e+02  2.86330e-03 
 2.86500e+02  2.81773e-03 
 2.87000e+02  2.75672e-03 
 2.87500e+02  2.71567e-03 
 2.88000e+02  2.67629e-03 
 2.88500e+02  2.63704e-03 
 2.89000e+02  2.61267e-03 
 2.89500e+02  2.58097e-03 
 2.90000e+02  2.53066e-03 
 2.90500e+02  2.49388e-03 
 2.91000e+02  2.45768e-03 
 2.91500e+02  2.43053e-03 
 2.92000e+02  2.40386e-03 
 2.92500e+02  2.34421e-03 
 2.93000e+02  2.33036e-03 
 2.93500e+02  2.30982e-03 
 2.94000e+02  2.26663e-03 
 2.94500e+02  2.23402e-03 
 2.95000e+02  2.20886e-03 
 2.95500e+02  2.18912e-03 
 2.96000e+02  2.15382e-03 
 2.96500e+02  2.12572e-03 
 2.97000e+02  2.09102e-03 
 2.97500e+02  2.06126e-03 
 2.98000e+02  2.03975e-03 
 2.98500e+02  2.02910e-03 
 2.99000e+02  2.02031e-03 
 2.99500e+02  1.98912e-03 
 3.00000e+02  1.95598e-03 
 3.00500e+02  1.94963e-03 
 3.01000e+02  1.92519e-03 
 3.01500e+02  1.89281e-03 
 3.02000e+02  1.87827e-03 
 3.02500e+02  1.87047e-03 
 3.03000e+02  1.83709e-03 
 3.03500e+02  1.81330e-03 
 3.04000e+02  1.81287e-03 
 3.04500e+02  1.80202e-03 
 3.05000e+02  1.78086e-03 
 3.05500e+02  1.75898e-03 
 3.06000e+02  1.72692e-03 
 3.06500e+02  1.71378e-03 
 3.07000e+02  1.68420e-03 
 3.07500e+02  1.67452e-03 
 3.08000e+02  1.64818e-03 
 3.08500e+02  1.63926e-03 
 3.09000e+02  1.62979e-03 
 3.09500e+02  1.61112e-03 
 3.10000e+02  1.60683e-03 
 3.10500e+02  1.58577e-03 
 3.11000e+02  1.57679e-03 
 3.11500e+02  1.56960e-03 
 3.12000e+02  1.54477e-03 
 3.12500e+02  1.53590e-03 
 3.13000e+02  1.52077e-03 
 3.13500e+02  1.52498e-03 
 3.14000e+02  1.50035e-03 
 3.14500e+02  1.48560e-03 
 3.15000e+02  1.49162e-03 
 3.15500e+02  1.48150e-03 
 3.16000e+02  1.46322e-03 
 3.16500e+02  1.45920e-03 
 3.17000e+02  1.44906e-03 
 3.17500e+02  1.43441e-03 
 3.18000e+02  1.42985e-03 
 3.18500e+02  1.41862e-03 
 3.19000e+02  1.41392e-03 
 3.19500e+02  1.39874e-03 
