 0.00000e+00  0.00000e+00 
 5.00000e-01  0.00000e+00 
 1.00000e+00  0.00000e+00 
 1.50000e+00  0.00000e+00 
 2.00000e+00  0.00000e+00 
 2.50000e+00  0.00000e+00 
 3.00000e+00  0.00000e+00 
 3.50000e+00  1.36000e-06 
 4.00000e+00  3.36000e-07 
 4.50000e+00  2.32000e-07 
 5.00000e+00  1.63200e-06 
 5.50000e+00  8.88000e-07 
 6.00000e+00  7.28000e-07 
 6.50000e+00  5.60000e-07 
 7.00000e+00  5.04000e-07 
 7.50000e+00  4.80000e-07 
 8.00000e+00  4.56000e-07 
 8.50000e+00  4.48000e-07 
 9.00000e+00  3.92000e-07 
 9.50000e+00  3.68000e-07 
 1.00000e+01  3.44000e-07 
 1.05000e+01  3.36000e-07 
 1.10000e+01  3.28000e-07 
 1.15000e+01  3.28000e-07 
 1.20000e+01  3.20000e-07 
 1.25000e+01  3.04000e-07 
 1.30000e+01  2.96000e-07 
 1.35000e+01  2.80000e-07 
 1.40000e+01  2.80000e-07 
 1.45000e+01  2.56000e-07 
 1.50000e+01  2.64000e-07 
 1.55000e+01  2.56000e-07 
 1.60000e+01  2.56000e-07 
 1.65000e+01  2.56000e-07 
 1.70000e+01  2.56000e-07 
 1.75000e+01  2.40000e-07 
 1.80000e+01  2.48000e-07 
 1.85000e+01  2.24000e-07 
 1.90000e+01  2.32000e-07 
 1.95000e+01  2.24000e-07 
 2.00000e+01  2.24000e-07 
 2.05000e+01  1.18400e-06 
 2.10000e+01  2.83200e-06 
 2.15000e+01  1.25600e-06 
 2.20000e+01  1.11200e-06 
 2.25000e+01  1.24000e-06 
 2.30000e+01  1.89600e-06 
 2.35000e+01  1.16800e-06 
 2.40000e+01  1.09600e-06 
 2.45000e+01  1.00000e-06 
 2.50000e+01  8.72000e-07 
 2.55000e+01  1.70400e-06 
 2.60000e+01  1.32000e-06 
 2.65000e+01  1.12800e-06 
 2.70000e+01  1.02400e-06 
 2.75000e+01  1.00800e-06 
 2.80000e+01  9.44000e-07 
 2.85000e+01  2.84800e-06 
 2.90000e+01  4.75200e-06 
 2.95000e+01  2.87200e-06 
 3.00000e+01  2.48800e-06 
 3.05000e+01  2.18400e-06 
 3.10000e+01  1.98400e-06 
 3.15000e+01  1.88000e-06 
 3.20000e+01  2.17600e-06 
 3.25000e+01  2.88000e-06 
 3.30000e+01  1.97600e-06 
 3.35000e+01  1.76800e-06 
 3.40000e+01  1.71200e-06 
 3.45000e+01  1.60800e-06 
 3.50000e+01  1.56800e-06 
 3.55000e+01  1.52800e-06 
 3.60000e+01  1.51200e-06 
 3.65000e+01  2.00000e-06 
 3.70000e+01  2.77600e-06 
 3.75000e+01  2.87200e-06 
 3.80000e+01  2.53600e-06 
 3.85000e+01  5.84800e-06 
 3.90000e+01  6.78400e-06 
 3.95000e+01  5.32800e-06 
 4.00000e+01  4.35200e-06 
 4.05000e+01  6.02400e-06 
 4.10000e+01  5.32000e-06 
 4.15000e+01  6.89600e-06 
 4.20000e+01  6.38400e-06 
 4.25000e+01  5.84000e-06 
 4.30000e+01  1.04640e-05 
 4.35000e+01  8.60800e-06 
 4.40000e+01  1.06960e-05 
 4.45000e+01  1.83520e-05 
 4.50000e+01  1.94800e-05 
 4.55000e+01  2.23840e-05 
 4.60000e+01  1.84640e-05 
 4.65000e+01  1.67760e-05 
 4.70000e+01  1.49040e-05 
 4.75000e+01  2.02400e-05 
 4.80000e+01  3.45840e-05 
 4.85000e+01  2.90080e-05 
 4.90000e+01  3.40000e-05 
 4.95000e+01  3.92000e-05 
 5.00000e+01  3.79760e-05 
 5.05000e+01  4.07760e-05 
 5.10000e+01  4.21280e-05 
 5.15000e+01  6.08640e-05 
 5.20000e+01  5.84160e-05 
 5.25000e+01  7.73440e-05 
 5.30000e+01  8.39440e-05 
 5.35000e+01  8.39680e-05 
 5.40000e+01  9.45280e-05 
 5.45000e+01  9.48960e-05 
 5.50000e+01  9.56560e-05 
 5.55000e+01  1.09664e-04 
 5.60000e+01  1.26720e-04 
 5.65000e+01  1.22024e-04 
 5.70000e+01  1.21504e-04 
 5.75000e+01  1.33576e-04 
 5.80000e+01  1.39936e-04 
 5.85000e+01  1.42312e-04 
 5.90000e+01  1.43888e-04 
 5.95000e+01  1.72992e-04 
 6.00000e+01  1.77360e-04 
 6.05000e+01  1.89072e-04 
 6.10000e+01  1.85968e-04 
 6.15000e+01  2.03720e-04 
 6.20000e+01  2.79160e-04 
 6.25000e+01  2.89920e-04 
 6.30000e+01  3.00752e-04 
 6.35000e+01  2.81784e-04 
 6.40000e+01  3.24736e-04 
 6.45000e+01  3.21312e-04 
 6.50000e+01  3.19400e-04 
 6.55000e+01  2.92904e-04 
 6.60000e+01  3.19136e-04 
 6.65000e+01  2.64856e-04 
 6.70000e+01  2.46840e-04 
 6.75000e+01  2.84488e-04 
 6.80000e+01  3.07896e-04 
 6.85000e+01  3.57528e-04 
 6.90000e+01  3.31712e-04 
 6.95000e+01  3.79784e-04 
 7.00000e+01  3.79392e-04 
 7.05000e+01  4.19240e-04 
 7.10000e+01  4.73112e-04 
 7.15000e+01  4.43440e-04 
 7.20000e+01  4.45400e-04 
 7.25000e+01  4.42056e-04 
 7.30000e+01  4.70776e-04 
 7.35000e+01  5.18088e-04 
 7.40000e+01  4.64952e-04 
 7.45000e+01  5.61800e-04 
 7.50000e+01  5.36968e-04 
 7.55000e+01  5.81624e-04 
 7.60000e+01  5.98280e-04 
 7.65000e+01  5.46536e-04 
 7.70000e+01  6.00720e-04 
 7.75000e+01  5.79608e-04 
 7.80000e+01  5.33232e-04 
 7.85000e+01  5.82496e-04 
 7.90000e+01  5.77592e-04 
 7.95000e+01  5.95664e-04 
 8.00000e+01  6.73472e-04 
 8.05000e+01  5.80184e-04 
 8.10000e+01  6.81200e-04 
 8.15000e+01  7.37744e-04 
 8.20000e+01  8.25040e-04 
 8.25000e+01  9.06216e-04 
 8.30000e+01  8.84064e-04 
 8.35000e+01  1.05819e-03 
 8.40000e+01  9.96648e-04 
 8.45000e+01  8.98968e-04 
 8.50000e+01  9.38528e-04 
 8.55000e+01  8.75608e-04 
 8.60000e+01  8.42648e-04 
 8.65000e+01  9.55048e-04 
 8.70000e+01  9.69008e-04 
 8.75000e+01  1.14545e-03 
 8.80000e+01  1.05418e-03 
 8.85000e+01  1.10454e-03 
 8.90000e+01  1.10064e-03 
 8.95000e+01  1.22218e-03 
 9.00000e+01  1.20154e-03 
 9.05000e+01  1.43990e-03 
 9.10000e+01  1.34157e-03 
 9.15000e+01  1.40257e-03 
 9.20000e+01  1.41795e-03 
 9.25000e+01  1.39917e-03 
 9.30000e+01  1.40416e-03 
 9.35000e+01  1.52467e-03 
 9.40000e+01  1.68391e-03 
 9.45000e+01  1.70866e-03 
 9.50000e+01  1.72106e-03 
 9.55000e+01  1.81435e-03 
 9.60000e+01  1.93014e-03 
 9.65000e+01  1.88775e-03 
 9.70000e+01  1.84525e-03 
 9.75000e+01  2.00733e-03 
 9.80000e+01  1.98267e-03 
 9.85000e+01  1.98542e-03 
 9.90000e+01  2.07703e-03 
 9.95000e+01  2.31086e-03 
 1.00000e+02  2.24833e-03 
 1.00500e+02  2.41339e-03 
 1.01000e+02  2.44234e-03 
 1.01500e+02  2.53567e-03 
 1.02000e+02  2.56627e-03 
 1.02500e+02  2.70902e-03 
 1.03000e+02  2.48000e-03 
 1.03500e+02  2.73520e-03 
 1.04000e+02  3.01208e-03 
 1.04500e+02  3.07578e-03 
 1.05000e+02  3.32586e-03 
 1.05500e+02  3.44421e-03 
 1.06000e+02  3.63654e-03 
 1.06500e+02  3.71942e-03 
 1.07000e+02  3.98363e-03 
 1.07500e+02  4.01323e-03 
 1.08000e+02  4.26521e-03 
 1.08500e+02  4.46561e-03 
 1.09000e+02  5.05428e-03 
 1.09500e+02  5.45823e-03 
 1.10000e+02  5.71070e-03 
 1.10500e+02  5.82589e-03 
 1.11000e+02  5.72364e-03 
 1.11500e+02  6.08044e-03 
 1.12000e+02  5.82162e-03 
 1.12500e+02  5.72741e-03 
 1.13000e+02  5.84438e-03 
 1.13500e+02  6.05402e-03 
 1.14000e+02  5.91874e-03 
 1.14500e+02  6.05026e-03 
 1.15000e+02  6.68636e-03 
 1.15500e+02  6.94393e-03 
 1.16000e+02  7.29795e-03 
 1.16500e+02  7.73688e-03 
 1.17000e+02  7.59790e-03 
 1.17500e+02  7.77294e-03 
 1.18000e+02  7.92585e-03 
 1.18500e+02  8.28856e-03 
 1.19000e+02  8.20318e-03 
 1.19500e+02  8.66414e-03 
 1.20000e+02  8.34818e-03 
 1.20500e+02  8.41061e-03 
 1.21000e+02  8.58504e-03 
 1.21500e+02  8.83994e-03 
 1.22000e+02  8.54584e-03 
 1.22500e+02  8.39871e-03 
 1.23000e+02  8.59693e-03 
 1.23500e+02  8.60657e-03 
 1.24000e+02  8.56189e-03 
 1.24500e+02  8.57046e-03 
 1.25000e+02  8.55229e-03 
 1.25500e+02  8.66580e-03 
 1.26000e+02  8.89738e-03 
 1.26500e+02  9.19030e-03 
 1.27000e+02  9.06443e-03 
 1.27500e+02  9.06015e-03 
 1.28000e+02  9.29693e-03 
 1.28500e+02  9.19594e-03 
 1.29000e+02  9.23721e-03 
 1.29500e+02  9.04362e-03 
 1.30000e+02  9.60787e-03 
 1.30500e+02  1.00970e-02 
 1.31000e+02  9.67858e-03 
 1.31500e+02  9.84922e-03 
 1.32000e+02  9.68316e-03 
 1.32500e+02  9.45089e-03 
 1.33000e+02  1.00068e-02 
 1.33500e+02  1.02785e-02 
 1.34000e+02  1.07048e-02 
 1.34500e+02  1.04559e-02 
 1.35000e+02  1.02024e-02 
 1.35500e+02  1.05828e-02 
 1.36000e+02  1.08765e-02 
 1.36500e+02  1.08502e-02 
 1.37000e+02  1.15734e-02 
 1.37500e+02  1.13187e-02 
 1.38000e+02  1.09873e-02 
 1.38500e+02  1.13037e-02 
 1.39000e+02  1.15184e-02 
 1.39500e+02  1.12570e-02 
 1.40000e+02  1.10893e-02 
 1.40500e+02  1.09812e-02 
 1.41000e+02  1.09726e-02 
 1.41500e+02  1.11441e-02 
 1.42000e+02  1.08026e-02 
 1.42500e+02  1.09716e-02 
 1.43000e+02  1.07373e-02 
 1.43500e+02  1.09800e-02 
 1.44000e+02  1.03299e-02 
 1.44500e+02  1.04582e-02 
 1.45000e+02  1.08113e-02 
 1.45500e+02  1.03661e-02 
 1.46000e+02  1.08126e-02 
 1.46500e+02  1.11427e-02 
 1.47000e+02  1.10885e-02 
 1.47500e+02  1.15752e-02 
 1.48000e+02  1.15200e-02 
 1.48500e+02  1.12360e-02 
 1.49000e+02  1.11019e-02 
 1.49500e+02  1.15004e-02 
 1.50000e+02  1.12555e-02 
 1.50500e+02  1.11974e-02 
 1.51000e+02  1.12817e-02 
 1.51500e+02  1.12677e-02 
 1.52000e+02  1.10660e-02 
 1.52500e+02  1.10929e-02 
 1.53000e+02  1.10740e-02 
 1.53500e+02  1.10885e-02 
 1.54000e+02  1.15068e-02 
 1.54500e+02  1.16732e-02 
 1.55000e+02  1.17066e-02 
 1.55500e+02  1.13996e-02 
 1.56000e+02  1.11767e-02 
 1.56500e+02  1.06489e-02 
 1.57000e+02  1.15569e-02 
 1.57500e+02  1.14151e-02 
 1.58000e+02  1.11124e-02 
 1.58500e+02  1.11745e-02 
 1.59000e+02  1.10184e-02 
 1.59500e+02  1.08929e-02 
 1.60000e+02  1.11099e-02 
 1.60500e+02  1.09805e-02 
 1.61000e+02  1.10160e-02 
 1.61500e+02  1.09158e-02 
 1.62000e+02  1.09522e-02 
 1.62500e+02  1.07397e-02 
 1.63000e+02  1.06202e-02 
 1.63500e+02  1.08747e-02 
 1.64000e+02  1.06513e-02 
 1.64500e+02  1.08591e-02 
 1.65000e+02  1.08714e-02 
 1.65500e+02  1.11409e-02 
 1.66000e+02  1.12864e-02 
 1.66500e+02  1.09926e-02 
 1.67000e+02  1.09282e-02 
 1.67500e+02  1.09956e-02 
 1.68000e+02  1.03114e-02 
 1.68500e+02  1.04682e-02 
 1.69000e+02  1.10931e-02 
 1.69500e+02  1.07558e-02 
 1.70000e+02  1.08493e-02 
 1.70500e+02  1.04513e-02 
 1.71000e+02  1.10048e-02 
 1.71500e+02  1.02350e-02 
 1.72000e+02  1.03566e-02 
 1.72500e+02  1.01645e-02 
 1.73000e+02  1.00906e-02 
 1.73500e+02  9.73667e-03 
 1.74000e+02  1.00874e-02 
 1.74500e+02  9.81012e-03 
 1.75000e+02  9.92422e-03 
 1.75500e+02  9.45760e-03 
 1.76000e+02  9.34962e-03 
 1.76500e+02  9.54790e-03 
 1.77000e+02  1.00647e-02 
 1.77500e+02  9.47982e-03 
 1.78000e+02  9.66690e-03 
 1.78500e+02  9.88170e-03 
 1.79000e+02  9.50552e-03 
 1.79500e+02  9.62290e-03 
 1.80000e+02  9.86230e-03 
 1.80500e+02  9.30822e-03 
 1.81000e+02  9.51054e-03 
 1.81500e+02  9.35631e-03 
 1.82000e+02  9.14802e-03 
 1.82500e+02  9.50049e-03 
 1.83000e+02  9.13681e-03 
 1.83500e+02  9.01010e-03 
 1.84000e+02  8.94716e-03 
 1.84500e+02  8.74106e-03 
 1.85000e+02  8.61786e-03 
 1.85500e+02  8.78387e-03 
 1.86000e+02  8.70681e-03 
 1.86500e+02  8.52817e-03 
 1.87000e+02  8.54289e-03 
 1.87500e+02  8.53870e-03 
 1.88000e+02  8.55476e-03 
 1.88500e+02  8.60302e-03 
 1.89000e+02  8.41330e-03 
 1.89500e+02  8.38712e-03 
 1.90000e+02  7.91606e-03 
 1.90500e+02  7.80824e-03 
 1.91000e+02  7.69642e-03 
 1.91500e+02  7.40073e-03 
 1.92000e+02  7.41245e-03 
 1.92500e+02  7.19124e-03 
 1.93000e+02  7.05528e-03 
 1.93500e+02  7.32817e-03 
 1.94000e+02  7.44483e-03 
 1.94500e+02  6.81248e-03 
 1.95000e+02  7.01607e-03 
 1.95500e+02  6.97358e-03 
 1.96000e+02  6.51322e-03 
 1.96500e+02  6.69937e-03 
 1.97000e+02  7.24285e-03 
 1.97500e+02  7.09118e-03 
 1.98000e+02  6.76639e-03 
 1.98500e+02  6.33185e-03 
 1.99000e+02  6.29174e-03 
 1.99500e+02  6.43826e-03 
 2.00000e+02  6.57183e-03 
 2.00500e+02  6.35297e-03 
 2.01000e+02  5.92997e-03 
 2.01500e+02  5.93129e-03 
 2.02000e+02  6.16917e-03 
 2.02500e+02  5.66853e-03 
 2.03000e+02  5.69592e-03 
 2.03500e+02  5.21261e-03 
 2.04000e+02  5.09383e-03 
 2.04500e+02  4.60670e-03 
 2.05000e+02  4.50220e-03 
 2.05500e+02  4.30316e-03 
 2.06000e+02  4.33237e-03 
 2.06500e+02  4.54056e-03 
 2.07000e+02  4.26506e-03 
 2.07500e+02  4.03073e-03 
 2.08000e+02  4.03093e-03 
 2.08500e+02  3.91400e-03 
 2.09000e+02  3.88878e-03 
 2.09500e+02  3.65395e-03 
 2.10000e+02  3.44849e-03 
 2.10500e+02  3.45736e-03 
 2.11000e+02  3.21859e-03 
 2.11500e+02  3.33386e-03 
 2.12000e+02  3.46340e-03 
 2.12500e+02  3.37142e-03 
 2.13000e+02  3.31543e-03 
 2.13500e+02  2.74720e-03 
 2.14000e+02  2.65348e-03 
 2.14500e+02  2.92524e-03 
 2.15000e+02  2.53023e-03 
 2.15500e+02  2.29078e-03 
 2.16000e+02  2.14978e-03 
 2.16500e+02  2.05604e-03 
 2.17000e+02  1.93402e-03 
 2.17500e+02  1.77960e-03 
 2.18000e+02  1.88860e-03 
 2.18500e+02  1.89164e-03 
 2.19000e+02  1.84213e-03 
 2.19500e+02  1.61866e-03 
 2.20000e+02  1.70883e-03 
 2.20500e+02  1.66003e-03 
 2.21000e+02  1.62426e-03 
 2.21500e+02  1.50534e-03 
 2.22000e+02  1.39310e-03 
 2.22500e+02  1.32683e-03 
 2.23000e+02  1.19807e-03 
 2.23500e+02  1.20234e-03 
 2.24000e+02  1.16346e-03 
 2.24500e+02  1.11416e-03 
 2.25000e+02  1.17455e-03 
 2.25500e+02  1.07464e-03 
 2.26000e+02  9.84216e-04 
 2.26500e+02  9.56432e-04 
 2.27000e+02  8.94616e-04 
 2.27500e+02  8.16344e-04 
 2.28000e+02  8.80480e-04 
 2.28500e+02  8.06736e-04 
 2.29000e+02  8.75432e-04 
 2.29500e+02  9.28920e-04 
 2.30000e+02  9.55608e-04 
 2.30500e+02  8.67336e-04 
 2.31000e+02  8.88136e-04 
 2.31500e+02  8.24776e-04 
 2.32000e+02  8.50216e-04 
 2.32500e+02  8.11160e-04 
 2.33000e+02  8.15256e-04 
 2.33500e+02  7.47040e-04 
 2.34000e+02  7.26456e-04 
 2.34500e+02  6.99912e-04 
 2.35000e+02  7.01472e-04 
 2.35500e+02  7.42384e-04 
 2.36000e+02  6.27880e-04 
 2.36500e+02  6.73912e-04 
 2.37000e+02  7.04608e-04 
 2.37500e+02  7.93600e-04 
 2.38000e+02  8.17104e-04 
 2.38500e+02  7.42560e-04 
 2.39000e+02  6.78248e-04 
 2.39500e+02  6.56304e-04 
 2.40000e+02  6.89728e-04 
 2.40500e+02  5.94400e-04 
 2.41000e+02  6.00168e-04 
 2.41500e+02  5.90744e-04 
 2.42000e+02  5.10936e-04 
 2.42500e+02  4.75280e-04 
 2.43000e+02  4.75000e-04 
 2.43500e+02  4.34944e-04 
 2.44000e+02  3.87376e-04 
 2.44500e+02  4.67192e-04 
 2.45000e+02  4.86000e-04 
 2.45500e+02  4.18888e-04 
 2.46000e+02  4.23696e-04 
 2.46500e+02  3.86960e-04 
 2.47000e+02  4.04000e-04 
 2.47500e+02  3.75104e-04 
 2.48000e+02  3.31288e-04 
 2.48500e+02  3.29624e-04 
 2.49000e+02  3.06584e-04 
 2.49500e+02  2.94264e-04 
 2.50000e+02  2.56976e-04 
 2.50500e+02  2.80416e-04 
 2.51000e+02  2.32912e-04 
 2.51500e+02  2.67528e-04 
 2.52000e+02  2.66624e-04 
 2.52500e+02  2.73232e-04 
 2.53000e+02  2.36344e-04 
 2.53500e+02  2.49792e-04 
 2.54000e+02  2.34688e-04 
 2.54500e+02  1.97448e-04 
 2.55000e+02  2.07384e-04 
 2.55500e+02  2.02376e-04 
 2.56000e+02  1.95376e-04 
 2.56500e+02  1.97760e-04 
 2.57000e+02  1.76888e-04 
 2.57500e+02  1.93864e-04 
 2.58000e+02  1.49960e-04 
 2.58500e+02  1.70008e-04 
 2.59000e+02  1.39448e-04 
 2.59500e+02  1.25384e-04 
 2.60000e+02  1.25600e-04 
 2.60500e+02  1.18448e-04 
 2.61000e+02  1.09352e-04 
 2.61500e+02  7.96320e-05 
 2.62000e+02  8.83520e-05 
 2.62500e+02  6.62880e-05 
 2.63000e+02  4.43920e-05 
 2.63500e+02  5.28000e-05 
 2.64000e+02  4.55040e-05 
 2.64500e+02  5.20800e-05 
 2.65000e+02  2.88320e-05 
 2.65500e+02  3.55600e-05 
 2.66000e+02  2.94240e-05 
 2.66500e+02  2.77680e-05 
 2.67000e+02  2.60480e-05 
 2.67500e+02  2.17920e-05 
 2.68000e+02  1.89840e-05 
 2.68500e+02  1.81920e-05 
 2.69000e+02  1.68240e-05 
 2.69500e+02  1.81760e-05 
 2.70000e+02  1.88240e-05 
 2.70500e+02  1.34960e-05 
 2.71000e+02  1.21840e-05 
 2.71500e+02  1.56640e-05 
 2.72000e+02  1.49760e-05 
 2.72500e+02  1.06960e-05 
 2.73000e+02  1.31600e-05 
 2.73500e+02  1.30160e-05 
 2.74000e+02  7.80800e-06 
 2.74500e+02  8.26400e-06 
 2.75000e+02  7.32800e-06 
 2.75500e+02  8.85600e-06 
 2.76000e+02  8.88800e-06 
 2.76500e+02  6.04000e-06 
 2.77000e+02  4.96800e-06 
 2.77500e+02  5.40800e-06 
 2.78000e+02  6.01600e-06 
 2.78500e+02  5.43200e-06 
 2.79000e+02  5.44800e-06 
 2.79500e+02  6.92000e-06 
 2.80000e+02  5.09600e-06 
 2.80500e+02  5.82400e-06 
 2.81000e+02  4.07200e-06 
 2.81500e+02  4.28800e-06 
 2.82000e+02  4.54400e-06 
 2.82500e+02  5.60000e-06 
 2.83000e+02  3.54400e-06 
 2.83500e+02  4.12000e-06 
 2.84000e+02  2.56000e-06 
 2.84500e+02  2.88800e-06 
 2.85000e+02  3.32000e-06 
 2.85500e+02  4.39200e-06 
 2.86000e+02  2.72800e-06 
 2.86500e+02  3.85600e-06 
 2.87000e+02  2.05600e-06 
 2.87500e+02  2.21600e-06 
 2.88000e+02  2.96800e-06 
 2.88500e+02  2.80800e-06 
 2.89000e+02  1.60800e-06 
 2.89500e+02  1.75200e-06 
 2.90000e+02  1.89600e-06 
 2.90500e+02  2.33600e-06 
 2.91000e+02  3.23200e-06 
 2.91500e+02  2.29600e-06 
 2.92000e+02  1.20800e-06 
 2.92500e+02  1.44000e-06 
 2.93000e+02  8.64000e-07 
 2.93500e+02  7.60000e-07 
 2.94000e+02  8.08000e-07 
 2.94500e+02  8.88000e-07 
 2.95000e+02  9.04000e-07 
 2.95500e+02  1.10400e-06 
 2.96000e+02  1.05600e-06 
 2.96500e+02  9.60000e-07 
 2.97000e+02  1.17600e-06 
 2.97500e+02  7.52000e-07 
 2.98000e+02  1.00000e-06 
 2.98500e+02  9.92000e-07 
 2.99000e+02  6.88000e-07 
 2.99500e+02  2.16000e-07 
 3.00000e+02  2.16000e-07 
 3.00500e+02  2.16000e-07 
 3.01000e+02  2.32000e-07 
 3.01500e+02  2.32000e-07 
 3.02000e+02  2.48000e-07 
 3.02500e+02  2.72000e-07 
 3.03000e+02  2.96000e-07 
 3.03500e+02  2.80000e-07 
 3.04000e+02  3.20000e-07 
 3.04500e+02  6.32000e-07 
 3.05000e+02  8.80000e-07 
 3.05500e+02  1.74400e-06 
 3.06000e+02  1.12000e-07 
 3.06500e+02  1.12000e-07 
 3.07000e+02  1.20000e-07 
 3.07500e+02  1.12000e-07 
 3.08000e+02  1.20000e-07 
 3.08500e+02  1.20000e-07 
 3.09000e+02  1.28000e-07 
 3.09500e+02  1.44000e-07 
 3.10000e+02  1.60000e-07 
 3.10500e+02  1.60000e-07 
 3.11000e+02  1.68000e-07 
 3.11500e+02  1.76000e-07 
 3.12000e+02  2.08000e-07 
 3.12500e+02  2.64000e-07 
 3.13000e+02  2.96000e-07 
 3.13500e+02  4.32000e-07 
 3.14000e+02  1.52000e-07 
 3.14500e+02  0.00000e+00 
 3.15000e+02  0.00000e+00 
 3.15500e+02  0.00000e+00 
 3.16000e+02  0.00000e+00 
 3.16500e+02  0.00000e+00 
 3.17000e+02  0.00000e+00 
 3.17500e+02  0.00000e+00 
 3.18000e+02  0.00000e+00 
 3.18500e+02  0.00000e+00 
 3.19000e+02  0.00000e+00 
 3.19500e+02  0.00000e+00 
