 0.00000e+00  0.00000e+00 
 5.00000e-01  0.00000e+00 
 1.00000e+00  2.71990e-07 
 1.50000e+00  3.43987e-07 
 2.00000e+00  2.47991e-07 
 2.50000e+00  2.31991e-07 
 3.00000e+00  1.99992e-07 
 3.50000e+00  1.59994e-07 
 4.00000e+00  1.43995e-07 
 4.50000e+00  1.09596e-06 
 5.00000e+00  1.39195e-06 
 5.50000e+00  1.14396e-06 
 6.00000e+00  1.35195e-06 
 6.50000e+00  9.83963e-07 
 7.00000e+00  7.11973e-07 
 7.50000e+00  6.31976e-07 
 8.00000e+00  5.75978e-07 
 8.50000e+00  5.43979e-07 
 9.00000e+00  5.27980e-07 
 9.50000e+00  4.95981e-07 
 1.00000e+01  4.87981e-07 
 1.05000e+01  2.07192e-06 
 1.10000e+01  1.14396e-06 
 1.15000e+01  5.83978e-07 
 1.20000e+01  6.15977e-07 
 1.25000e+01  8.15969e-07 
 1.30000e+01  7.03973e-07 
 1.35000e+01  6.71974e-07 
 1.40000e+01  6.39976e-07 
 1.45000e+01  5.91978e-07 
 1.50000e+01  5.35980e-07 
 1.55000e+01  5.27980e-07 
 1.60000e+01  5.11981e-07 
 1.65000e+01  5.11981e-07 
 1.70000e+01  4.87981e-07 
 1.75000e+01  4.79982e-07 
 1.80000e+01  4.55983e-07 
 1.85000e+01  2.45591e-06 
 1.90000e+01  1.71993e-06 
 1.95000e+01  1.34395e-06 
 2.00000e+01  1.16796e-06 
 2.05000e+01  9.75963e-07 
 2.10000e+01  1.82393e-06 
 2.15000e+01  3.12788e-06 
 2.20000e+01  2.24791e-06 
 2.25000e+01  1.67194e-06 
 2.30000e+01  1.58394e-06 
 2.35000e+01  1.47994e-06 
 2.40000e+01  1.32795e-06 
 2.45000e+01  1.28795e-06 
 2.50000e+01  1.41595e-06 
 2.55000e+01  2.08792e-06 
 2.60000e+01  1.79193e-06 
 2.65000e+01  1.70394e-06 
 2.70000e+01  1.69594e-06 
 2.75000e+01  2.05592e-06 
 2.80000e+01  1.86393e-06 
 2.85000e+01  1.71193e-06 
 2.90000e+01  1.62394e-06 
 2.95000e+01  1.55994e-06 
 3.00000e+01  1.49594e-06 
 3.05000e+01  1.43195e-06 
 3.10000e+01  1.43195e-06 
 3.15000e+01  1.82393e-06 
 3.20000e+01  3.20788e-06 
 3.25000e+01  2.75190e-06 
 3.30000e+01  5.21580e-06 
 3.35000e+01  5.07181e-06 
 3.40000e+01  4.07984e-06 
 3.45000e+01  3.55187e-06 
 3.50000e+01  4.46383e-06 
 3.55000e+01  3.63986e-06 
 3.60000e+01  4.88781e-06 
 3.65000e+01  3.87185e-06 
 3.70000e+01  4.59183e-06 
 3.75000e+01  5.94377e-06 
 3.80000e+01  1.09996e-05 
 3.85000e+01  9.46364e-06 
 3.90000e+01  7.87170e-06 
 3.95000e+01  1.01996e-05 
 4.00000e+01  8.95966e-06 
 4.05000e+01  1.14716e-05 
 4.10000e+01  1.34075e-05 
 4.15000e+01  1.06796e-05 
 4.20000e+01  1.15276e-05 
 4.25000e+01  1.00076e-05 
 4.30000e+01  1.57114e-05 
 4.35000e+01  1.58474e-05 
 4.40000e+01  1.62634e-05 
 4.45000e+01  1.54474e-05 
 4.50000e+01  1.29195e-05 
 4.55000e+01  1.11996e-05 
 4.60000e+01  1.29435e-05 
 4.65000e+01  1.29355e-05 
 4.70000e+01  1.72393e-05 
 4.75000e+01  1.75113e-05 
 4.80000e+01  1.62394e-05 
 4.85000e+01  1.49354e-05 
 4.90000e+01  2.34631e-05 
 4.95000e+01  2.37271e-05 
 5.00000e+01  2.48951e-05 
 5.05000e+01  4.83822e-05 
 5.10000e+01  5.05021e-05 
 5.15000e+01  5.86218e-05 
 5.20000e+01  5.74458e-05 
 5.25000e+01  6.01417e-05 
 5.30000e+01  5.79018e-05 
 5.35000e+01  7.02933e-05 
 5.40000e+01  7.63251e-05 
 5.45000e+01  7.98370e-05 
 5.50000e+01  9.98762e-05 
 5.55000e+01  9.62043e-05 
 5.60000e+01  1.07876e-04 
 5.65000e+01  1.21411e-04 
 5.70000e+01  1.02180e-04 
 5.75000e+01  1.10444e-04 
 5.80000e+01  1.23347e-04 
 5.85000e+01  1.52322e-04 
 5.90000e+01  1.35371e-04 
 5.95000e+01  1.81585e-04 
 6.00000e+01  2.06152e-04 
 6.05000e+01  2.27495e-04 
 6.10000e+01  2.32047e-04 
 6.15000e+01  2.34287e-04 
 6.20000e+01  2.29063e-04 
 6.25000e+01  2.62494e-04 
 6.30000e+01  2.62230e-04 
 6.35000e+01  2.65342e-04 
 6.40000e+01  2.90357e-04 
 6.45000e+01  3.27860e-04 
 6.50000e+01  3.28116e-04 
 6.55000e+01  3.08972e-04 
 6.60000e+01  3.09788e-04 
 6.65000e+01  3.04868e-04 
 6.70000e+01  3.09748e-04 
 6.75000e+01  3.12764e-04 
 6.80000e+01  3.28084e-04 
 6.85000e+01  3.60978e-04 
 6.90000e+01  3.98025e-04 
 6.95000e+01  3.84481e-04 
 7.00000e+01  4.17784e-04 
 7.05000e+01  4.74510e-04 
 7.10000e+01  4.63814e-04 
 7.15000e+01  4.73366e-04 
 7.20000e+01  4.17272e-04 
 7.25000e+01  4.42319e-04 
 7.30000e+01  4.60774e-04 
 7.35000e+01  5.22228e-04 
 7.40000e+01  5.54499e-04 
 7.45000e+01  5.54739e-04 
 7.50000e+01  6.01633e-04 
 7.55000e+01  6.43632e-04 
 7.60000e+01  6.57487e-04 
 7.65000e+01  6.22112e-04 
 7.70000e+01  6.92142e-04 
 7.75000e+01  7.12453e-04 
 7.80000e+01  8.15193e-04 
 7.85000e+01  7.55251e-04 
 7.90000e+01  7.13965e-04 
 7.95000e+01  7.21837e-04 
 8.00000e+01  7.30772e-04 
 8.05000e+01  6.71406e-04 
 8.10000e+01  6.95158e-04 
 8.15000e+01  7.64331e-04 
 8.20000e+01  7.57355e-04 
 8.25000e+01  7.93058e-04 
 8.30000e+01  8.78431e-04 
 8.35000e+01  8.16257e-04 
 8.40000e+01  8.47224e-04 
 8.45000e+01  9.34037e-04 
 8.50000e+01  8.49408e-04 
 8.55000e+01  9.28885e-04 
 8.60000e+01  9.62171e-04 
 8.65000e+01  1.02275e-03 
 8.70000e+01  1.10161e-03 
 8.75000e+01  1.08340e-03 
 8.80000e+01  1.12089e-03 
 8.85000e+01  1.12599e-03 
 8.90000e+01  1.19330e-03 
 8.95000e+01  1.20166e-03 
 9.00000e+01  1.16889e-03 
 9.05000e+01  1.27561e-03 
 9.10000e+01  1.21674e-03 
 9.15000e+01  1.16782e-03 
 9.20000e+01  1.24041e-03 
 9.25000e+01  1.25906e-03 
 9.30000e+01  1.37837e-03 
 9.35000e+01  1.39071e-03 
 9.40000e+01  1.51948e-03 
 9.45000e+01  1.62628e-03 
 9.50000e+01  1.72060e-03 
 9.55000e+01  1.66435e-03 
 9.60000e+01  1.74316e-03 
 9.65000e+01  1.70330e-03 
 9.70000e+01  1.94482e-03 
 9.75000e+01  2.04591e-03 
 9.80000e+01  2.15406e-03 
 9.85000e+01  2.22144e-03 
 9.90000e+01  2.25855e-03 
 9.95000e+01  2.35341e-03 
 1.00000e+02  2.47379e-03 
 1.00500e+02  2.31478e-03 
 1.01000e+02  2.66919e-03 
 1.01500e+02  2.53896e-03 
 1.02000e+02  2.62533e-03 
 1.02500e+02  2.80133e-03 
 1.03000e+02  3.02364e-03 
 1.03500e+02  3.01947e-03 
 1.04000e+02  3.10287e-03 
 1.04500e+02  2.96535e-03 
 1.05000e+02  3.35623e-03 
 1.05500e+02  3.53300e-03 
 1.06000e+02  3.61876e-03 
 1.06500e+02  3.64936e-03 
 1.07000e+02  3.93644e-03 
 1.07500e+02  4.12496e-03 
 1.08000e+02  4.36116e-03 
 1.08500e+02  4.43799e-03 
 1.09000e+02  4.70612e-03 
 1.09500e+02  4.99983e-03 
 1.10000e+02  5.02790e-03 
 1.10500e+02  5.31791e-03 
 1.11000e+02  5.03618e-03 
 1.11500e+02  5.24890e-03 
 1.12000e+02  5.23083e-03 
 1.12500e+02  5.54332e-03 
 1.13000e+02  5.58259e-03 
 1.13500e+02  5.65825e-03 
 1.14000e+02  6.16613e-03 
 1.14500e+02  6.28682e-03 
 1.15000e+02  6.56371e-03 
 1.15500e+02  6.61744e-03 
 1.16000e+02  6.75764e-03 
 1.16500e+02  6.91970e-03 
 1.17000e+02  6.53634e-03 
 1.17500e+02  7.01277e-03 
 1.18000e+02  6.82061e-03 
 1.18500e+02  6.65215e-03 
 1.19000e+02  7.23924e-03 
 1.19500e+02  7.51134e-03 
 1.20000e+02  7.34191e-03 
 1.20500e+02  7.73298e-03 
 1.21000e+02  7.97945e-03 
 1.21500e+02  8.13477e-03 
 1.22000e+02  7.79534e-03 
 1.22500e+02  8.04519e-03 
 1.23000e+02  7.85929e-03 
 1.23500e+02  8.08788e-03 
 1.24000e+02  8.35476e-03 
 1.24500e+02  8.38283e-03 
 1.25000e+02  8.37005e-03 
 1.25500e+02  8.69105e-03 
 1.26000e+02  8.76563e-03 
 1.26500e+02  8.58344e-03 
 1.27000e+02  8.48993e-03 
 1.27500e+02  8.42686e-03 
 1.28000e+02  8.40778e-03 
 1.28500e+02  8.23217e-03 
 1.29000e+02  8.31282e-03 
 1.29500e+02  8.72451e-03 
 1.30000e+02  8.84033e-03 
 1.30500e+02  9.60871e-03 
 1.31000e+02  9.18465e-03 
 1.31500e+02  9.19498e-03 
 1.32000e+02  9.31033e-03 
 1.32500e+02  9.51233e-03 
 1.33000e+02  9.46742e-03 
 1.33500e+02  9.44136e-03 
 1.34000e+02  9.61877e-03 
 1.34500e+02  9.37740e-03 
 1.35000e+02  9.08161e-03 
 1.35500e+02  9.00208e-03 
 1.36000e+02  9.03178e-03 
 1.36500e+02  8.85706e-03 
 1.37000e+02  9.01834e-03 
 1.37500e+02  8.79800e-03 
 1.38000e+02  8.96348e-03 
 1.38500e+02  9.13468e-03 
 1.39000e+02  9.01158e-03 
 1.39500e+02  9.24324e-03 
 1.40000e+02  9.36254e-03 
 1.40500e+02  9.32325e-03 
 1.41000e+02  9.63081e-03 
 1.41500e+02  9.42047e-03 
 1.42000e+02  8.67657e-03 
 1.42500e+02  8.44900e-03 
 1.43000e+02  9.29877e-03 
 1.43500e+02  9.58545e-03 
 1.44000e+02  9.01071e-03 
 1.44500e+02  9.20204e-03 
 1.45000e+02  9.22107e-03 
 1.45500e+02  9.20350e-03 
 1.46000e+02  9.26162e-03 
 1.46500e+02  9.18419e-03 
 1.47000e+02  9.44874e-03 
 1.47500e+02  9.72601e-03 
 1.48000e+02  9.56417e-03 
 1.48500e+02  1.01170e-02 
 1.49000e+02  9.71519e-03 
 1.49500e+02  9.48890e-03 
 1.50000e+02  9.36328e-03 
 1.50500e+02  1.01238e-02 
 1.51000e+02  9.64188e-03 
 1.51500e+02  9.07132e-03 
 1.52000e+02  8.99795e-03 
 1.52500e+02  9.30040e-03 
 1.53000e+02  9.42239e-03 
 1.53500e+02  9.62863e-03 
 1.54000e+02  9.46474e-03 
 1.54500e+02  9.03988e-03 
 1.55000e+02  9.44016e-03 
 1.55500e+02  9.59588e-03 
 1.56000e+02  9.63367e-03 
 1.56500e+02  9.69450e-03 
 1.57000e+02  9.58088e-03 
 1.57500e+02  9.35263e-03 
 1.58000e+02  9.13744e-03 
 1.58500e+02  9.33590e-03 
 1.59000e+02  8.85658e-03 
 1.59500e+02  8.82348e-03 
 1.60000e+02  9.08865e-03 
 1.60500e+02  9.13968e-03 
 1.61000e+02  9.41119e-03 
 1.61500e+02  9.16224e-03 
 1.62000e+02  9.39918e-03 
 1.62500e+02  8.72504e-03 
 1.63000e+02  8.90821e-03 
 1.63500e+02  9.25446e-03 
 1.64000e+02  8.83115e-03 
 1.64500e+02  9.10823e-03 
 1.65000e+02  9.01499e-03 
 1.65500e+02  9.27235e-03 
 1.66000e+02  9.29661e-03 
 1.66500e+02  9.60461e-03 
 1.67000e+02  9.50337e-03 
 1.67500e+02  9.66510e-03 
 1.68000e+02  9.64718e-03 
 1.68500e+02  9.71230e-03 
 1.69000e+02  1.01366e-02 
 1.69500e+02  9.35424e-03 
 1.70000e+02  9.37354e-03 
 1.70500e+02  9.79444e-03 
 1.71000e+02  9.41887e-03 
 1.71500e+02  9.48201e-03 
 1.72000e+02  9.45813e-03 
 1.72500e+02  9.81974e-03 
 1.73000e+02  9.57383e-03 
 1.73500e+02  9.36277e-03 
 1.74000e+02  8.95926e-03 
 1.74500e+02  9.09487e-03 
 1.75000e+02  8.94092e-03 
 1.75500e+02  8.85158e-03 
 1.76000e+02  8.66908e-03 
 1.76500e+02  8.82588e-03 
 1.77000e+02  9.01140e-03 
 1.77500e+02  8.80699e-03 
 1.78000e+02  8.89876e-03 
 1.78500e+02  8.75300e-03 
 1.79000e+02  9.02734e-03 
 1.79500e+02  8.88392e-03 
 1.80000e+02  8.41912e-03 
 1.80500e+02  8.19458e-03 
 1.81000e+02  8.35429e-03 
 1.81500e+02  8.42233e-03 
 1.82000e+02  8.28902e-03 
 1.82500e+02  8.31971e-03 
 1.83000e+02  7.89128e-03 
 1.83500e+02  8.10492e-03 
 1.84000e+02  8.56215e-03 
 1.84500e+02  8.58630e-03 
 1.85000e+02  8.64186e-03 
 1.85500e+02  8.14635e-03 
 1.86000e+02  8.32981e-03 
 1.86500e+02  8.19488e-03 
 1.87000e+02  8.43904e-03 
 1.87500e+02  7.64868e-03 
 1.88000e+02  7.82661e-03 
 1.88500e+02  7.99677e-03 
 1.89000e+02  7.71620e-03 
 1.89500e+02  7.80633e-03 
 1.90000e+02  7.62569e-03 
 1.90500e+02  7.68812e-03 
 1.91000e+02  7.20200e-03 
 1.91500e+02  7.07629e-03 
 1.92000e+02  7.11193e-03 
 1.92500e+02  7.12958e-03 
 1.93000e+02  7.16367e-03 
 1.93500e+02  7.20641e-03 
 1.94000e+02  6.99892e-03 
 1.94500e+02  6.78847e-03 
 1.95000e+02  6.89008e-03 
 1.95500e+02  6.30826e-03 
 1.96000e+02  6.23816e-03 
 1.96500e+02  5.98351e-03 
 1.97000e+02  6.03122e-03 
 1.97500e+02  6.07530e-03 
 1.98000e+02  6.06389e-03 
 1.98500e+02  6.11441e-03 
 1.99000e+02  5.98839e-03 
 1.99500e+02  5.93464e-03 
 2.00000e+02  5.82805e-03 
 2.00500e+02  5.80668e-03 
 2.01000e+02  5.59222e-03 
 2.01500e+02  5.58037e-03 
 2.02000e+02  5.31894e-03 
 2.02500e+02  5.28398e-03 
 2.03000e+02  5.22411e-03 
 2.03500e+02  5.21735e-03 
 2.04000e+02  5.15338e-03 
 2.04500e+02  4.68455e-03 
 2.05000e+02  4.74098e-03 
 2.05500e+02  4.44339e-03 
 2.06000e+02  4.48205e-03 
 2.06500e+02  4.62697e-03 
 2.07000e+02  4.47370e-03 
 2.07500e+02  4.37535e-03 
 2.08000e+02  4.31485e-03 
 2.08500e+02  4.29376e-03 
 2.09000e+02  4.15855e-03 
 2.09500e+02  3.82511e-03 
 2.10000e+02  3.73876e-03 
 2.10500e+02  3.62556e-03 
 2.11000e+02  3.67891e-03 
 2.11500e+02  3.45126e-03 
 2.12000e+02  3.56322e-03 
 2.12500e+02  3.42624e-03 
 2.13000e+02  3.31508e-03 
 2.13500e+02  3.07499e-03 
 2.14000e+02  2.94494e-03 
 2.14500e+02  2.94562e-03 
 2.15000e+02  2.89186e-03 
 2.15500e+02  2.76335e-03 
 2.16000e+02  2.34471e-03 
 2.16500e+02  2.23197e-03 
 2.17000e+02  2.21228e-03 
 2.17500e+02  2.15119e-03 
 2.18000e+02  2.28931e-03 
 2.18500e+02  1.90253e-03 
 2.19000e+02  1.75860e-03 
 2.19500e+02  1.74517e-03 
 2.20000e+02  1.51142e-03 
 2.20500e+02  1.52641e-03 
 2.21000e+02  1.56664e-03 
 2.21500e+02  1.53859e-03 
 2.22000e+02  1.53894e-03 
 2.22500e+02  1.32721e-03 
 2.23000e+02  1.31120e-03 
 2.23500e+02  1.23716e-03 
 2.24000e+02  1.35283e-03 
 2.24500e+02  1.26608e-03 
 2.25000e+02  1.37716e-03 
 2.25500e+02  1.20220e-03 
 2.26000e+02  1.20462e-03 
 2.26500e+02  1.09766e-03 
 2.27000e+02  1.05840e-03 
 2.27500e+02  1.08993e-03 
 2.28000e+02  1.13116e-03 
 2.28500e+02  1.13817e-03 
 2.29000e+02  1.07822e-03 
 2.29500e+02  1.01269e-03 
 2.30000e+02  1.01371e-03 
 2.30500e+02  9.36804e-04 
 2.31000e+02  9.29989e-04 
 2.31500e+02  9.05286e-04 
 2.32000e+02  8.96830e-04 
 2.32500e+02  8.41688e-04 
 2.33000e+02  8.20521e-04 
 2.33500e+02  8.93454e-04 
 2.34000e+02  7.76778e-04 
 2.34500e+02  7.32044e-04 
 2.35000e+02  6.77558e-04 
 2.35500e+02  7.40764e-04 
 2.36000e+02  7.14885e-04 
 2.36500e+02  6.22080e-04 
 2.37000e+02  7.06669e-04 
 2.37500e+02  6.38200e-04 
 2.38000e+02  5.78426e-04 
 2.38500e+02  6.11001e-04 
 2.39000e+02  6.43528e-04 
 2.39500e+02  5.81186e-04 
 2.40000e+02  5.68410e-04 
 2.40500e+02  5.35084e-04 
 2.41000e+02  4.80230e-04 
 2.41500e+02  4.70222e-04 
 2.42000e+02  4.45439e-04 
 2.42500e+02  4.22400e-04 
 2.43000e+02  4.18544e-04 
 2.43500e+02  4.43727e-04 
 2.44000e+02  4.57631e-04 
 2.44500e+02  4.24432e-04 
 2.45000e+02  4.30000e-04 
 2.45500e+02  3.98633e-04 
 2.46000e+02  3.56018e-04 
 2.46500e+02  3.45635e-04 
 2.47000e+02  3.44403e-04 
 2.47500e+02  3.98577e-04 
 2.48000e+02  3.63210e-04 
 2.48500e+02  3.24052e-04 
 2.49000e+02  3.34347e-04 
 2.49500e+02  2.87493e-04 
 2.50000e+02  2.23480e-04 
 2.50500e+02  2.53406e-04 
 2.51000e+02  2.59574e-04 
 2.51500e+02  2.47231e-04 
 2.52000e+02  2.56894e-04 
 2.52500e+02  2.51286e-04 
 2.53000e+02  2.06984e-04 
 2.53500e+02  1.99760e-04 
 2.54000e+02  1.68890e-04 
 2.54500e+02  1.93673e-04 
 2.55000e+02  2.14176e-04 
 2.55500e+02  1.90945e-04 
 2.56000e+02  1.79209e-04 
 2.56500e+02  1.71002e-04 
 2.57000e+02  1.54506e-04 
 2.57500e+02  1.33883e-04 
 2.58000e+02  1.25787e-04 
 2.58500e+02  1.38979e-04 
 2.59000e+02  1.13572e-04 
 2.59500e+02  8.00530e-05 
 2.60000e+02  1.07756e-04 
 2.60500e+02  8.17489e-05 
 2.61000e+02  8.04369e-05 
 2.61500e+02  8.61487e-05 
 2.62000e+02  6.68695e-05 
 2.62500e+02  7.29172e-05 
 2.63000e+02  6.43256e-05 
 2.63500e+02  4.75262e-05 
 2.64000e+02  5.13900e-05 
 2.64500e+02  4.89181e-05 
 2.65000e+02  3.48147e-05 
 2.65500e+02  2.99909e-05 
 2.66000e+02  2.81269e-05 
 2.66500e+02  2.19432e-05 
 2.67000e+02  1.91033e-05 
 2.67500e+02  2.27751e-05 
 2.68000e+02  2.43111e-05 
 2.68500e+02  2.06152e-05 
 2.69000e+02  1.94473e-05 
 2.69500e+02  1.76073e-05 
 2.70000e+02  2.01592e-05 
 2.70500e+02  1.84393e-05 
 2.71000e+02  1.45594e-05 
 2.71500e+02  1.44155e-05 
 2.72000e+02  1.49914e-05 
 2.72500e+02  1.96313e-05 
 2.73000e+02  1.87753e-05 
 2.73500e+02  1.10636e-05 
 2.74000e+02  9.07965e-06 
 2.74500e+02  9.29565e-06 
 2.75000e+02  7.84770e-06 
 2.75500e+02  9.55164e-06 
 2.76000e+02  1.06396e-05 
 2.76500e+02  1.11836e-05 
 2.77000e+02  8.52768e-06 
 2.77500e+02  9.75963e-06 
 2.78000e+02  9.37564e-06 
 2.78500e+02  7.31172e-06 
 2.79000e+02  5.65579e-06 
 2.79500e+02  6.06377e-06 
 2.80000e+02  7.25572e-06 
 2.80500e+02  9.09565e-06 
 2.81000e+02  6.43976e-06 
 2.81500e+02  8.31168e-06 
 2.82000e+02  4.15984e-06 
 2.82500e+02  3.99185e-06 
 2.83000e+02  5.02381e-06 
 2.83500e+02  5.22380e-06 
 2.84000e+02  5.07181e-06 
 2.84500e+02  4.08784e-06 
 2.85000e+02  3.20788e-06 
 2.85500e+02  3.63186e-06 
 2.86000e+02  5.24780e-06 
 2.86500e+02  4.12784e-06 
 2.87000e+02  4.87181e-06 
 2.87500e+02  3.47187e-06 
 2.88000e+02  4.50383e-06 
 2.88500e+02  1.19995e-06 
 2.89000e+02  7.51971e-07 
 2.89500e+02  7.91970e-07 
 2.90000e+02  7.91970e-07 
 2.90500e+02  8.23969e-07 
 2.91000e+02  8.47968e-07 
 2.91500e+02  8.55967e-07 
 2.92000e+02  8.95966e-07 
 2.92500e+02  9.35964e-07 
 2.93000e+02  9.83963e-07 
 2.93500e+02  1.03996e-06 
 2.94000e+02  1.07196e-06 
 2.94500e+02  1.13596e-06 
 2.95000e+02  1.41595e-06 
 2.95500e+02  1.06396e-06 
 2.96000e+02  1.12796e-06 
 2.96500e+02  1.89593e-06 
 2.97000e+02  7.19973e-07 
 2.97500e+02  7.43972e-07 
 2.98000e+02  8.55967e-07 
 2.98500e+02  9.03966e-07 
 2.99000e+02  1.18396e-06 
 2.99500e+02  5.67978e-07 
 3.00000e+02  6.15977e-07 
 3.00500e+02  6.39976e-07 
 3.01000e+02  6.55975e-07 
 3.01500e+02  6.63975e-07 
 3.02000e+02  7.27972e-07 
 3.02500e+02  7.99970e-07 
 3.03000e+02  8.71967e-07 
 3.03500e+02  9.35964e-07 
 3.04000e+02  1.11196e-06 
 3.04500e+02  8.95966e-07 
 3.05000e+02  1.36795e-06 
 3.05500e+02  5.27980e-07 
 3.06000e+02  5.91978e-07 
 3.06500e+02  7.43972e-07 
 3.07000e+02  9.67963e-07 
 3.07500e+02  1.39995e-06 
 3.08000e+02  1.43995e-07 
 3.08500e+02  3.99985e-08 
 3.09000e+02  0.00000e+00 
 3.09500e+02  0.00000e+00 
 3.10000e+02  0.00000e+00 
 3.10500e+02  0.00000e+00 
 3.11000e+02  0.00000e+00 
 3.11500e+02  0.00000e+00 
 3.12000e+02  0.00000e+00 
 3.12500e+02  0.00000e+00 
 3.13000e+02  0.00000e+00 
 3.13500e+02  0.00000e+00 
 3.14000e+02  0.00000e+00 
 3.14500e+02  0.00000e+00 
 3.15000e+02  0.00000e+00 
 3.15500e+02  0.00000e+00 
 3.16000e+02  0.00000e+00 
 3.16500e+02  0.00000e+00 
 3.17000e+02  0.00000e+00 
 3.17500e+02  0.00000e+00 
 3.18000e+02  0.00000e+00 
 3.18500e+02  0.00000e+00 
 3.19000e+02  0.00000e+00 
 3.19500e+02  0.00000e+00 
