 0.00000e+00  1.19344e-04 
 5.00000e-01  1.10680e-04 
 1.00000e+00  8.74480e-05 
 1.50000e+00  7.24960e-05 
 2.00000e+00  6.12480e-05 
 2.50000e+00  5.59120e-05 
 3.00000e+00  5.15600e-05 
 3.50000e+00  4.80240e-05 
 4.00000e+00  4.57840e-05 
 4.50000e+00  4.21440e-05 
 5.00000e+00  4.36880e-05 
 5.50000e+00  4.17840e-05 
 6.00000e+00  4.10240e-05 
 6.50000e+00  3.89840e-05 
 7.00000e+00  3.79280e-05 
 7.50000e+00  3.69840e-05 
 8.00000e+00  3.51840e-05 
 8.50000e+00  3.45120e-05 
 9.00000e+00  3.50480e-05 
 9.50000e+00  3.49760e-05 
 1.00000e+01  4.05920e-05 
 1.05000e+01  3.88320e-05 
 1.10000e+01  3.74480e-05 
 1.15000e+01  3.68800e-05 
 1.20000e+01  3.63360e-05 
 1.25000e+01  3.64880e-05 
 1.30000e+01  3.74640e-05 
 1.35000e+01  4.04480e-05 
 1.40000e+01  3.90400e-05 
 1.45000e+01  4.02480e-05 
 1.50000e+01  3.95280e-05 
 1.55000e+01  3.98880e-05 
 1.60000e+01  4.28880e-05 
 1.65000e+01  4.27120e-05 
 1.70000e+01  4.01200e-05 
 1.75000e+01  4.11280e-05 
 1.80000e+01  3.95840e-05 
 1.85000e+01  4.14080e-05 
 1.90000e+01  4.01200e-05 
 1.95000e+01  3.94320e-05 
 2.00000e+01  4.14480e-05 
 2.05000e+01  4.14960e-05 
 2.10000e+01  3.90640e-05 
 2.15000e+01  4.51920e-05 
 2.20000e+01  4.36320e-05 
 2.25000e+01  4.26880e-05 
 2.30000e+01  4.09920e-05 
 2.35000e+01  4.08160e-05 
 2.40000e+01  4.08080e-05 
 2.45000e+01  4.56240e-05 
 2.50000e+01  4.20480e-05 
 2.55000e+01  4.43520e-05 
 2.60000e+01  4.65040e-05 
 2.65000e+01  4.61200e-05 
 2.70000e+01  4.79040e-05 
 2.75000e+01  5.13360e-05 
 2.80000e+01  5.32640e-05 
 2.85000e+01  5.47760e-05 
 2.90000e+01  5.32720e-05 
 2.95000e+01  4.97200e-05 
 3.00000e+01  5.50960e-05 
 3.05000e+01  5.73680e-05 
 3.10000e+01  6.41440e-05 
 3.15000e+01  6.63280e-05 
 3.20000e+01  6.62960e-05 
 3.25000e+01  6.44560e-05 
 3.30000e+01  6.47040e-05 
 3.35000e+01  6.96080e-05 
 3.40000e+01  7.76160e-05 
 3.45000e+01  7.07680e-05 
 3.50000e+01  7.42240e-05 
 3.55000e+01  8.52240e-05 
 3.60000e+01  1.14344e-04 
 3.65000e+01  1.30448e-04 
 3.70000e+01  1.79320e-04 
 3.75000e+01  1.95784e-04 
 3.80000e+01  2.16600e-04 
 3.85000e+01  1.91328e-04 
 3.90000e+01  1.92208e-04 
 3.95000e+01  1.75352e-04 
 4.00000e+01  1.71176e-04 
 4.05000e+01  1.80288e-04 
 4.10000e+01  1.88824e-04 
 4.15000e+01  1.81504e-04 
 4.20000e+01  1.82976e-04 
 4.25000e+01  1.83768e-04 
 4.30000e+01  1.86472e-04 
 4.35000e+01  1.86704e-04 
 4.40000e+01  2.00808e-04 
 4.45000e+01  2.01896e-04 
 4.50000e+01  2.12864e-04 
 4.55000e+01  2.11336e-04 
 4.60000e+01  2.01616e-04 
 4.65000e+01  2.13392e-04 
 4.70000e+01  2.21824e-04 
 4.75000e+01  2.26824e-04 
 4.80000e+01  2.38648e-04 
 4.85000e+01  2.52560e-04 
 4.90000e+01  2.51448e-04 
 4.95000e+01  2.79416e-04 
 5.00000e+01  2.83800e-04 
 5.05000e+01  2.97328e-04 
 5.10000e+01  3.01032e-04 
 5.15000e+01  3.28776e-04 
 5.20000e+01  3.70304e-04 
 5.25000e+01  3.66120e-04 
 5.30000e+01  3.50320e-04 
 5.35000e+01  3.93176e-04 
 5.40000e+01  4.25736e-04 
 5.45000e+01  4.11552e-04 
 5.50000e+01  4.33120e-04 
 5.55000e+01  4.59776e-04 
 5.60000e+01  4.81880e-04 
 5.65000e+01  5.04248e-04 
 5.70000e+01  5.15152e-04 
 5.75000e+01  4.84472e-04 
 5.80000e+01  5.19072e-04 
 5.85000e+01  5.57320e-04 
 5.90000e+01  5.39296e-04 
 5.95000e+01  6.61408e-04 
 6.00000e+01  6.59832e-04 
 6.05000e+01  6.02408e-04 
 6.10000e+01  6.21192e-04 
 6.15000e+01  6.94360e-04 
 6.20000e+01  7.28472e-04 
 6.25000e+01  7.22480e-04 
 6.30000e+01  6.61056e-04 
 6.35000e+01  6.61416e-04 
 6.40000e+01  6.67608e-04 
 6.45000e+01  6.37976e-04 
 6.50000e+01  6.25192e-04 
 6.55000e+01  6.67984e-04 
 6.60000e+01  6.58720e-04 
 6.65000e+01  6.59376e-04 
 6.70000e+01  6.94800e-04 
 6.75000e+01  7.22176e-04 
 6.80000e+01  6.79584e-04 
 6.85000e+01  6.94160e-04 
 6.90000e+01  7.68240e-04 
 6.95000e+01  8.16224e-04 
 7.00000e+01  8.30576e-04 
 7.05000e+01  8.11104e-04 
 7.10000e+01  8.70120e-04 
 7.15000e+01  8.79792e-04 
 7.20000e+01  8.88352e-04 
 7.25000e+01  8.50632e-04 
 7.30000e+01  9.38400e-04 
 7.35000e+01  9.51072e-04 
 7.40000e+01  9.57304e-04 
 7.45000e+01  9.32288e-04 
 7.50000e+01  8.91440e-04 
 7.55000e+01  9.09392e-04 
 7.60000e+01  9.95032e-04 
 7.65000e+01  1.04503e-03 
 7.70000e+01  9.78368e-04 
 7.75000e+01  9.97408e-04 
 7.80000e+01  9.66808e-04 
 7.85000e+01  9.62920e-04 
 7.90000e+01  9.26160e-04 
 7.95000e+01  1.02178e-03 
 8.00000e+01  1.10242e-03 
 8.05000e+01  1.18524e-03 
 8.10000e+01  1.08409e-03 
 8.15000e+01  1.10554e-03 
 8.20000e+01  1.08475e-03 
 8.25000e+01  1.04499e-03 
 8.30000e+01  1.12854e-03 
 8.35000e+01  1.15894e-03 
 8.40000e+01  1.24149e-03 
 8.45000e+01  1.17278e-03 
 8.50000e+01  1.22794e-03 
 8.55000e+01  1.35338e-03 
 8.60000e+01  1.29228e-03 
 8.65000e+01  1.27478e-03 
 8.70000e+01  1.44421e-03 
 8.75000e+01  1.47436e-03 
 8.80000e+01  1.46810e-03 
 8.85000e+01  1.49406e-03 
 8.90000e+01  1.44211e-03 
 8.95000e+01  1.50162e-03 
 9.00000e+01  1.49692e-03 
 9.05000e+01  1.46257e-03 
 9.10000e+01  1.67099e-03 
 9.15000e+01  1.60804e-03 
 9.20000e+01  1.49558e-03 
 9.25000e+01  1.63018e-03 
 9.30000e+01  1.68728e-03 
 9.35000e+01  1.75174e-03 
 9.40000e+01  1.84401e-03 
 9.45000e+01  1.88158e-03 
 9.50000e+01  1.92393e-03 
 9.55000e+01  2.04179e-03 
 9.60000e+01  2.15945e-03 
 9.65000e+01  2.12528e-03 
 9.70000e+01  2.30346e-03 
 9.75000e+01  2.45271e-03 
 9.80000e+01  2.57546e-03 
 9.85000e+01  2.63567e-03 
 9.90000e+01  2.68262e-03 
 9.95000e+01  2.84424e-03 
 1.00000e+02  2.97002e-03 
 1.00500e+02  3.37147e-03 
 1.01000e+02  3.58208e-03 
 1.01500e+02  3.86040e-03 
 1.02000e+02  4.08502e-03 
 1.02500e+02  4.49515e-03 
 1.03000e+02  4.75808e-03 
 1.03500e+02  4.90860e-03 
 1.04000e+02  4.79570e-03 
 1.04500e+02  5.03819e-03 
 1.05000e+02  5.11756e-03 
 1.05500e+02  5.39434e-03 
 1.06000e+02  5.65559e-03 
 1.06500e+02  5.94964e-03 
 1.07000e+02  6.22290e-03 
 1.07500e+02  6.84829e-03 
 1.08000e+02  6.74523e-03 
 1.08500e+02  7.00176e-03 
 1.09000e+02  6.53133e-03 
 1.09500e+02  6.82230e-03 
 1.10000e+02  6.87226e-03 
 1.10500e+02  7.07418e-03 
 1.11000e+02  7.06875e-03 
 1.11500e+02  7.45316e-03 
 1.12000e+02  7.51802e-03 
 1.12500e+02  8.26147e-03 
 1.13000e+02  8.27994e-03 
 1.13500e+02  8.19222e-03 
 1.14000e+02  8.48239e-03 
 1.14500e+02  9.10788e-03 
 1.15000e+02  9.20105e-03 
 1.15500e+02  9.88282e-03 
 1.16000e+02  1.01455e-02 
 1.16500e+02  1.05242e-02 
 1.17000e+02  1.03889e-02 
 1.17500e+02  1.00083e-02 
 1.18000e+02  1.04671e-02 
 1.18500e+02  1.06341e-02 
 1.19000e+02  1.07749e-02 
 1.19500e+02  1.12222e-02 
 1.20000e+02  1.15799e-02 
 1.20500e+02  1.19575e-02 
 1.21000e+02  1.23495e-02 
 1.21500e+02  1.22591e-02 
 1.22000e+02  1.25010e-02 
 1.22500e+02  1.19034e-02 
 1.23000e+02  1.23318e-02 
 1.23500e+02  1.23489e-02 
 1.24000e+02  1.24644e-02 
 1.24500e+02  1.31035e-02 
 1.25000e+02  1.31054e-02 
 1.25500e+02  1.31326e-02 
 1.26000e+02  1.30008e-02 
 1.26500e+02  1.29774e-02 
 1.27000e+02  1.29725e-02 
 1.27500e+02  1.39005e-02 
 1.28000e+02  1.40004e-02 
 1.28500e+02  1.40319e-02 
 1.29000e+02  1.41459e-02 
 1.29500e+02  1.40367e-02 
 1.30000e+02  1.47939e-02 
 1.30500e+02  1.50390e-02 
 1.31000e+02  1.44099e-02 
 1.31500e+02  1.49762e-02 
 1.32000e+02  1.51288e-02 
 1.32500e+02  1.55744e-02 
 1.33000e+02  1.52136e-02 
 1.33500e+02  1.53786e-02 
 1.34000e+02  1.53896e-02 
 1.34500e+02  1.54325e-02 
 1.35000e+02  1.56900e-02 
 1.35500e+02  1.60127e-02 
 1.36000e+02  1.65611e-02 
 1.36500e+02  1.65449e-02 
 1.37000e+02  1.72463e-02 
 1.37500e+02  1.68378e-02 
 1.38000e+02  1.66140e-02 
 1.38500e+02  1.70703e-02 
 1.39000e+02  1.73166e-02 
 1.39500e+02  1.73676e-02 
 1.40000e+02  1.73004e-02 
 1.40500e+02  1.70193e-02 
 1.41000e+02  1.78010e-02 
 1.41500e+02  1.76147e-02 
 1.42000e+02  1.77189e-02 
 1.42500e+02  1.81890e-02 
 1.43000e+02  1.84012e-02 
 1.43500e+02  1.81045e-02 
 1.44000e+02  1.80696e-02 
 1.44500e+02  1.78780e-02 
 1.45000e+02  1.90323e-02 
 1.45500e+02  1.89574e-02 
 1.46000e+02  1.85666e-02 
 1.46500e+02  1.81353e-02 
 1.47000e+02  1.75329e-02 
 1.47500e+02  1.76795e-02 
 1.48000e+02  1.82166e-02 
 1.48500e+02  1.83254e-02 
 1.49000e+02  1.89247e-02 
 1.49500e+02  1.92867e-02 
 1.50000e+02  1.89775e-02 
 1.50500e+02  1.89962e-02 
 1.51000e+02  1.87578e-02 
 1.51500e+02  1.91096e-02 
 1.52000e+02  1.92174e-02 
 1.52500e+02  1.96392e-02 
 1.53000e+02  2.02772e-02 
 1.53500e+02  2.03263e-02 
 1.54000e+02  2.04859e-02 
 1.54500e+02  2.01222e-02 
 1.55000e+02  2.01010e-02 
 1.55500e+02  1.95807e-02 
 1.56000e+02  1.95082e-02 
 1.56500e+02  1.93466e-02 
 1.57000e+02  1.94340e-02 
 1.57500e+02  1.95890e-02 
 1.58000e+02  1.95945e-02 
 1.58500e+02  1.91178e-02 
 1.59000e+02  1.93996e-02 
 1.59500e+02  1.92541e-02 
 1.60000e+02  1.88147e-02 
 1.60500e+02  1.92411e-02 
 1.61000e+02  1.88639e-02 
 1.61500e+02  1.83854e-02 
 1.62000e+02  1.84021e-02 
 1.62500e+02  1.84005e-02 
 1.63000e+02  1.80737e-02 
 1.63500e+02  1.86133e-02 
 1.64000e+02  1.86992e-02 
 1.64500e+02  1.91367e-02 
 1.65000e+02  1.89631e-02 
 1.65500e+02  1.87783e-02 
 1.66000e+02  1.85059e-02 
 1.66500e+02  1.82284e-02 
 1.67000e+02  1.93746e-02 
 1.67500e+02  1.95358e-02 
 1.68000e+02  1.90794e-02 
 1.68500e+02  1.90273e-02 
 1.69000e+02  1.88668e-02 
 1.69500e+02  1.87300e-02 
 1.70000e+02  1.84873e-02 
 1.70500e+02  1.79794e-02 
 1.71000e+02  1.87560e-02 
 1.71500e+02  1.89521e-02 
 1.72000e+02  1.92435e-02 
 1.72500e+02  1.89295e-02 
 1.73000e+02  1.86329e-02 
 1.73500e+02  1.86670e-02 
 1.74000e+02  1.87475e-02 
 1.74500e+02  1.87502e-02 
 1.75000e+02  1.91567e-02 
 1.75500e+02  1.95943e-02 
 1.76000e+02  1.90813e-02 
 1.76500e+02  1.93290e-02 
 1.77000e+02  1.89428e-02 
 1.77500e+02  1.91834e-02 
 1.78000e+02  1.82407e-02 
 1.78500e+02  1.80092e-02 
 1.79000e+02  1.86177e-02 
 1.79500e+02  1.83823e-02 
 1.80000e+02  1.80857e-02 
 1.80500e+02  1.80398e-02 
 1.81000e+02  1.75864e-02 
 1.81500e+02  1.78519e-02 
 1.82000e+02  1.70775e-02 
 1.82500e+02  1.77871e-02 
 1.83000e+02  1.76414e-02 
 1.83500e+02  1.77500e-02 
 1.84000e+02  1.81100e-02 
 1.84500e+02  1.76037e-02 
 1.85000e+02  1.72158e-02 
 1.85500e+02  1.70853e-02 
 1.86000e+02  1.68006e-02 
 1.86500e+02  1.71533e-02 
 1.87000e+02  1.62083e-02 
 1.87500e+02  1.57537e-02 
 1.88000e+02  1.68597e-02 
 1.88500e+02  1.70954e-02 
 1.89000e+02  1.67674e-02 
 1.89500e+02  1.69452e-02 
 1.90000e+02  1.66034e-02 
 1.90500e+02  1.63491e-02 
 1.91000e+02  1.60947e-02 
 1.91500e+02  1.54752e-02 
 1.92000e+02  1.52246e-02 
 1.92500e+02  1.50787e-02 
 1.93000e+02  1.49009e-02 
 1.93500e+02  1.49526e-02 
 1.94000e+02  1.46141e-02 
 1.94500e+02  1.45424e-02 
 1.95000e+02  1.44327e-02 
 1.95500e+02  1.37148e-02 
 1.96000e+02  1.38670e-02 
 1.96500e+02  1.39199e-02 
 1.97000e+02  1.37382e-02 
 1.97500e+02  1.26958e-02 
 1.98000e+02  1.31088e-02 
 1.98500e+02  1.28933e-02 
 1.99000e+02  1.23436e-02 
 1.99500e+02  1.17845e-02 
 2.00000e+02  1.27199e-02 
 2.00500e+02  1.24105e-02 
 2.01000e+02  1.18098e-02 
 2.01500e+02  1.13361e-02 
 2.02000e+02  1.09472e-02 
 2.02500e+02  1.08863e-02 
 2.03000e+02  1.04844e-02 
 2.03500e+02  9.84065e-03 
 2.04000e+02  1.00560e-02 
 2.04500e+02  9.56860e-03 
 2.05000e+02  9.38558e-03 
 2.05500e+02  9.38574e-03 
 2.06000e+02  9.43639e-03 
 2.06500e+02  9.31764e-03 
 2.07000e+02  9.10434e-03 
 2.07500e+02  9.02641e-03 
 2.08000e+02  8.71149e-03 
 2.08500e+02  8.66016e-03 
 2.09000e+02  8.35402e-03 
 2.09500e+02  8.11380e-03 
 2.10000e+02  7.97342e-03 
 2.10500e+02  7.75061e-03 
 2.11000e+02  7.66295e-03 
 2.11500e+02  7.18331e-03 
 2.12000e+02  6.83235e-03 
 2.12500e+02  6.75661e-03 
 2.13000e+02  6.30525e-03 
 2.13500e+02  6.09075e-03 
 2.14000e+02  6.12051e-03 
 2.14500e+02  5.83322e-03 
 2.15000e+02  5.28227e-03 
 2.15500e+02  4.98393e-03 
 2.16000e+02  4.67718e-03 
 2.16500e+02  4.67557e-03 
 2.17000e+02  4.23834e-03 
 2.17500e+02  4.26293e-03 
 2.18000e+02  4.21685e-03 
 2.18500e+02  4.05890e-03 
 2.19000e+02  4.00500e-03 
 2.19500e+02  3.93317e-03 
 2.20000e+02  3.94068e-03 
 2.20500e+02  3.86561e-03 
 2.21000e+02  3.85564e-03 
 2.21500e+02  3.92766e-03 
 2.22000e+02  3.75125e-03 
 2.22500e+02  3.74835e-03 
 2.23000e+02  3.83499e-03 
 2.23500e+02  3.86282e-03 
 2.24000e+02  3.71222e-03 
 2.24500e+02  3.60041e-03 
 2.25000e+02  3.67298e-03 
 2.25500e+02  3.71748e-03 
 2.26000e+02  3.37050e-03 
 2.26500e+02  3.22087e-03 
 2.27000e+02  3.16128e-03 
 2.27500e+02  3.14562e-03 
 2.28000e+02  3.18733e-03 
 2.28500e+02  3.13524e-03 
 2.29000e+02  3.05238e-03 
 2.29500e+02  3.01117e-03 
 2.30000e+02  3.10128e-03 
 2.30500e+02  3.04784e-03 
 2.31000e+02  3.13279e-03 
 2.31500e+02  3.20097e-03 
 2.32000e+02  3.01649e-03 
 2.32500e+02  3.05875e-03 
 2.33000e+02  3.04167e-03 
 2.33500e+02  2.91370e-03 
 2.34000e+02  2.94198e-03 
 2.34500e+02  2.98736e-03 
 2.35000e+02  3.05366e-03 
 2.35500e+02  2.92024e-03 
 2.36000e+02  2.91474e-03 
 2.36500e+02  2.78630e-03 
 2.37000e+02  2.78410e-03 
 2.37500e+02  2.77758e-03 
 2.38000e+02  2.57730e-03 
 2.38500e+02  2.49970e-03 
 2.39000e+02  2.46214e-03 
 2.39500e+02  2.52679e-03 
 2.40000e+02  2.50453e-03 
 2.40500e+02  2.36137e-03 
 2.41000e+02  2.31923e-03 
 2.41500e+02  2.18934e-03 
 2.42000e+02  2.19178e-03 
 2.42500e+02  2.15469e-03 
 2.43000e+02  2.16356e-03 
 2.43500e+02  2.14810e-03 
 2.44000e+02  2.12497e-03 
 2.44500e+02  2.20838e-03 
 2.45000e+02  2.10892e-03 
 2.45500e+02  2.13754e-03 
 2.46000e+02  2.10218e-03 
 2.46500e+02  2.14282e-03 
 2.47000e+02  2.06049e-03 
 2.47500e+02  1.99286e-03 
 2.48000e+02  2.03789e-03 
 2.48500e+02  2.07430e-03 
 2.49000e+02  1.94117e-03 
 2.49500e+02  1.89828e-03 
 2.50000e+02  1.89709e-03 
 2.50500e+02  1.82128e-03 
 2.51000e+02  1.85194e-03 
 2.51500e+02  1.84463e-03 
 2.52000e+02  1.86027e-03 
 2.52500e+02  1.79366e-03 
 2.53000e+02  1.76732e-03 
 2.53500e+02  1.77760e-03 
 2.54000e+02  1.80010e-03 
 2.54500e+02  1.75970e-03 
 2.55000e+02  1.74775e-03 
 2.55500e+02  1.63128e-03 
 2.56000e+02  1.60201e-03 
 2.56500e+02  1.60518e-03 
 2.57000e+02  1.60094e-03 
 2.57500e+02  1.58830e-03 
 2.58000e+02  1.56453e-03 
 2.58500e+02  1.51166e-03 
 2.59000e+02  1.44973e-03 
 2.59500e+02  1.43116e-03 
 2.60000e+02  1.48563e-03 
 2.60500e+02  1.44493e-03 
 2.61000e+02  1.45987e-03 
 2.61500e+02  1.44466e-03 
 2.62000e+02  1.38110e-03 
 2.62500e+02  1.36455e-03 
 2.63000e+02  1.31849e-03 
 2.63500e+02  1.27377e-03 
 2.64000e+02  1.28577e-03 
 2.64500e+02  1.25571e-03 
 2.65000e+02  1.22462e-03 
 2.65500e+02  1.14260e-03 
 2.66000e+02  1.09737e-03 
 2.66500e+02  1.06845e-03 
 2.67000e+02  1.02679e-03 
 2.67500e+02  1.00826e-03 
 2.68000e+02  9.94256e-04 
 2.68500e+02  9.79152e-04 
 2.69000e+02  9.83944e-04 
 2.69500e+02  9.83192e-04 
 2.70000e+02  9.81224e-04 
 2.70500e+02  9.61400e-04 
 2.71000e+02  9.96512e-04 
 2.71500e+02  9.84696e-04 
 2.72000e+02  9.50488e-04 
 2.72500e+02  9.34848e-04 
 2.73000e+02  9.51736e-04 
 2.73500e+02  9.73968e-04 
 2.74000e+02  9.70656e-04 
 2.74500e+02  9.79392e-04 
 2.75000e+02  1.00111e-03 
 2.75500e+02  1.02052e-03 
 2.76000e+02  1.03367e-03 
 2.76500e+02  1.07620e-03 
 2.77000e+02  1.13908e-03 
 2.77500e+02  1.24134e-03 
 2.78000e+02  1.33600e-03 
 2.78500e+02  1.43522e-03 
 2.79000e+02  1.32450e-03 
 2.79500e+02  1.12478e-03 
 2.80000e+02  8.56280e-04 
 2.80500e+02  6.65328e-04 
 2.81000e+02  5.96184e-04 
 2.81500e+02  5.24888e-04 
 2.82000e+02  4.76328e-04 
 2.82500e+02  4.53128e-04 
 2.83000e+02  4.65864e-04 
 2.83500e+02  4.70432e-04 
 2.84000e+02  4.45856e-04 
 2.84500e+02  4.42120e-04 
 2.85000e+02  4.44544e-04 
 2.85500e+02  4.36352e-04 
 2.86000e+02  4.12896e-04 
 2.86500e+02  4.12416e-04 
 2.87000e+02  4.10168e-04 
 2.87500e+02  4.19016e-04 
 2.88000e+02  4.10656e-04 
 2.88500e+02  3.97832e-04 
 2.89000e+02  4.01432e-04 
 2.89500e+02  3.92936e-04 
 2.90000e+02  4.09288e-04 
 2.90500e+02  4.13832e-04 
 2.91000e+02  4.00392e-04 
 2.91500e+02  4.04328e-04 
 2.92000e+02  4.17712e-04 
 2.92500e+02  4.06368e-04 
 2.93000e+02  4.07000e-04 
 2.93500e+02  3.95304e-04 
 2.94000e+02  4.08088e-04 
 2.94500e+02  4.08280e-04 
 2.95000e+02  4.17944e-04 
 2.95500e+02  4.14880e-04 
 2.96000e+02  4.17408e-04 
 2.96500e+02  4.20512e-04 
 2.97000e+02  4.24288e-04 
 2.97500e+02  4.24600e-04 
 2.98000e+02  4.14536e-04 
 2.98500e+02  4.09752e-04 
 2.99000e+02  4.14720e-04 
 2.99500e+02  4.06208e-04 
 3.00000e+02  4.04952e-04 
 3.00500e+02  4.18392e-04 
 3.01000e+02  4.28656e-04 
 3.01500e+02  4.14704e-04 
 3.02000e+02  4.15952e-04 
 3.02500e+02  4.28968e-04 
 3.03000e+02  4.37624e-04 
 3.03500e+02  4.53984e-04 
 3.04000e+02  4.58184e-04 
 3.04500e+02  4.58792e-04 
 3.05000e+02  4.48936e-04 
 3.05500e+02  4.39384e-04 
 3.06000e+02  4.42672e-04 
 3.06500e+02  4.57752e-04 
 3.07000e+02  4.74672e-04 
 3.07500e+02  4.84776e-04 
 3.08000e+02  5.04344e-04 
 3.08500e+02  4.97424e-04 
 3.09000e+02  5.08104e-04 
 3.09500e+02  5.14176e-04 
 3.10000e+02  5.14528e-04 
 3.10500e+02  5.22488e-04 
 3.11000e+02  5.41488e-04 
 3.11500e+02  5.57840e-04 
 3.12000e+02  5.83912e-04 
 3.12500e+02  6.07760e-04 
 3.13000e+02  6.18080e-04 
 3.13500e+02  6.20376e-04 
 3.14000e+02  6.31904e-04 
 3.14500e+02  6.64624e-04 
 3.15000e+02  6.87680e-04 
 3.15500e+02  7.22000e-04 
 3.16000e+02  7.89688e-04 
 3.16500e+02  8.49432e-04 
 3.17000e+02  8.96368e-04 
 3.17500e+02  9.62656e-04 
 3.18000e+02  1.08953e-03 
 3.18500e+02  1.33137e-03 
 3.19000e+02  1.71401e-03 
 3.19500e+02  3.89558e-03 
