 0.00000e+00  9.78080e-05 
 5.00000e-01  1.14320e-04 
 1.00000e+00  8.23600e-05 
 1.50000e+00  6.44160e-05 
 2.00000e+00  5.67360e-05 
 2.50000e+00  5.30160e-05 
 3.00000e+00  4.90880e-05 
 3.50000e+00  4.51440e-05 
 4.00000e+00  4.40720e-05 
 4.50000e+00  4.20480e-05 
 5.00000e+00  4.19440e-05 
 5.50000e+00  3.84560e-05 
 6.00000e+00  3.79840e-05 
 6.50000e+00  3.91280e-05 
 7.00000e+00  4.00960e-05 
 7.50000e+00  3.88560e-05 
 8.00000e+00  3.61680e-05 
 8.50000e+00  3.42960e-05 
 9.00000e+00  3.35200e-05 
 9.50000e+00  3.34240e-05 
 1.00000e+01  3.80160e-05 
 1.05000e+01  3.45760e-05 
 1.10000e+01  3.31040e-05 
 1.15000e+01  3.25680e-05 
 1.20000e+01  3.70400e-05 
 1.25000e+01  3.55120e-05 
 1.30000e+01  3.57600e-05 
 1.35000e+01  3.91680e-05 
 1.40000e+01  3.84160e-05 
 1.45000e+01  3.69440e-05 
 1.50000e+01  3.84240e-05 
 1.55000e+01  3.77920e-05 
 1.60000e+01  3.97280e-05 
 1.65000e+01  3.97600e-05 
 1.70000e+01  3.76240e-05 
 1.75000e+01  3.69280e-05 
 1.80000e+01  3.72080e-05 
 1.85000e+01  3.65200e-05 
 1.90000e+01  3.64320e-05 
 1.95000e+01  3.76400e-05 
 2.00000e+01  3.98720e-05 
 2.05000e+01  3.79120e-05 
 2.10000e+01  3.78800e-05 
 2.15000e+01  4.02240e-05 
 2.20000e+01  3.90560e-05 
 2.25000e+01  4.23520e-05 
 2.30000e+01  4.17440e-05 
 2.35000e+01  4.10000e-05 
 2.40000e+01  4.48480e-05 
 2.45000e+01  4.34240e-05 
 2.50000e+01  4.30160e-05 
 2.55000e+01  4.95520e-05 
 2.60000e+01  4.58640e-05 
 2.65000e+01  4.76960e-05 
 2.70000e+01  5.18880e-05 
 2.75000e+01  4.75440e-05 
 2.80000e+01  4.70000e-05 
 2.85000e+01  4.53840e-05 
 2.90000e+01  5.07200e-05 
 2.95000e+01  4.96880e-05 
 3.00000e+01  5.06000e-05 
 3.05000e+01  5.16560e-05 
 3.10000e+01  5.36240e-05 
 3.15000e+01  5.51520e-05 
 3.20000e+01  5.63360e-05 
 3.25000e+01  5.46080e-05 
 3.30000e+01  5.88720e-05 
 3.35000e+01  6.14640e-05 
 3.40000e+01  5.94000e-05 
 3.45000e+01  6.57440e-05 
 3.50000e+01  7.51360e-05 
 3.55000e+01  7.09040e-05 
 3.60000e+01  9.99440e-05 
 3.65000e+01  1.16304e-04 
 3.70000e+01  1.54992e-04 
 3.75000e+01  1.81288e-04 
 3.80000e+01  1.90824e-04 
 3.85000e+01  1.85800e-04 
 3.90000e+01  1.74696e-04 
 3.95000e+01  1.74184e-04 
 4.00000e+01  1.72600e-04 
 4.05000e+01  1.58984e-04 
 4.10000e+01  1.56872e-04 
 4.15000e+01  1.54160e-04 
 4.20000e+01  1.62136e-04 
 4.25000e+01  1.71424e-04 
 4.30000e+01  1.77872e-04 
 4.35000e+01  1.79360e-04 
 4.40000e+01  1.80272e-04 
 4.45000e+01  1.82344e-04 
 4.50000e+01  1.92024e-04 
 4.55000e+01  1.88456e-04 
 4.60000e+01  1.95744e-04 
 4.65000e+01  2.01576e-04 
 4.70000e+01  2.02224e-04 
 4.75000e+01  2.34040e-04 
 4.80000e+01  2.15960e-04 
 4.85000e+01  2.10216e-04 
 4.90000e+01  2.21096e-04 
 4.95000e+01  2.47840e-04 
 5.00000e+01  2.44648e-04 
 5.05000e+01  2.77952e-04 
 5.10000e+01  3.02504e-04 
 5.15000e+01  3.00616e-04 
 5.20000e+01  3.61008e-04 
 5.25000e+01  3.59136e-04 
 5.30000e+01  3.93296e-04 
 5.35000e+01  4.05136e-04 
 5.40000e+01  4.11128e-04 
 5.45000e+01  4.38016e-04 
 5.50000e+01  4.52792e-04 
 5.55000e+01  4.51632e-04 
 5.60000e+01  4.83792e-04 
 5.65000e+01  5.23456e-04 
 5.70000e+01  4.91680e-04 
 5.75000e+01  5.03120e-04 
 5.80000e+01  5.12576e-04 
 5.85000e+01  5.27024e-04 
 5.90000e+01  5.22848e-04 
 5.95000e+01  5.58480e-04 
 6.00000e+01  5.40056e-04 
 6.05000e+01  5.70624e-04 
 6.10000e+01  5.65816e-04 
 6.15000e+01  5.67424e-04 
 6.20000e+01  5.74400e-04 
 6.25000e+01  6.00984e-04 
 6.30000e+01  6.19784e-04 
 6.35000e+01  6.18392e-04 
 6.40000e+01  6.00440e-04 
 6.45000e+01  6.23264e-04 
 6.50000e+01  6.27808e-04 
 6.55000e+01  6.36232e-04 
 6.60000e+01  6.48448e-04 
 6.65000e+01  6.49984e-04 
 6.70000e+01  6.64256e-04 
 6.75000e+01  7.47656e-04 
 6.80000e+01  7.64936e-04 
 6.85000e+01  7.68208e-04 
 6.90000e+01  8.15008e-04 
 6.95000e+01  7.93520e-04 
 7.00000e+01  7.92592e-04 
 7.05000e+01  8.75752e-04 
 7.10000e+01  8.58648e-04 
 7.15000e+01  8.72976e-04 
 7.20000e+01  8.01624e-04 
 7.25000e+01  8.70368e-04 
 7.30000e+01  8.91696e-04 
 7.35000e+01  9.08232e-04 
 7.40000e+01  9.31040e-04 
 7.45000e+01  9.26112e-04 
 7.50000e+01  8.72256e-04 
 7.55000e+01  9.08728e-04 
 7.60000e+01  1.02334e-03 
 7.65000e+01  9.62944e-04 
 7.70000e+01  9.97216e-04 
 7.75000e+01  1.08579e-03 
 7.80000e+01  1.13082e-03 
 7.85000e+01  1.01740e-03 
 7.90000e+01  1.03496e-03 
 7.95000e+01  1.06074e-03 
 8.00000e+01  1.02650e-03 
 8.05000e+01  1.11465e-03 
 8.10000e+01  1.22172e-03 
 8.15000e+01  1.25226e-03 
 8.20000e+01  1.17853e-03 
 8.25000e+01  1.14673e-03 
 8.30000e+01  1.23162e-03 
 8.35000e+01  1.28278e-03 
 8.40000e+01  1.23254e-03 
 8.45000e+01  1.33036e-03 
 8.50000e+01  1.37147e-03 
 8.55000e+01  1.31962e-03 
 8.60000e+01  1.37902e-03 
 8.65000e+01  1.46510e-03 
 8.70000e+01  1.55998e-03 
 8.75000e+01  1.57200e-03 
 8.80000e+01  1.52756e-03 
 8.85000e+01  1.51390e-03 
 8.90000e+01  1.50324e-03 
 8.95000e+01  1.52124e-03 
 9.00000e+01  1.57882e-03 
 9.05000e+01  1.60838e-03 
 9.10000e+01  1.60563e-03 
 9.15000e+01  1.66361e-03 
 9.20000e+01  1.70677e-03 
 9.25000e+01  1.79404e-03 
 9.30000e+01  1.76917e-03 
 9.35000e+01  1.89443e-03 
 9.40000e+01  2.06038e-03 
 9.45000e+01  2.14045e-03 
 9.50000e+01  2.39962e-03 
 9.55000e+01  2.30747e-03 
 9.60000e+01  2.39516e-03 
 9.65000e+01  2.45257e-03 
 9.70000e+01  2.58776e-03 
 9.75000e+01  2.61961e-03 
 9.80000e+01  2.68302e-03 
 9.85000e+01  2.70795e-03 
 9.90000e+01  3.03764e-03 
 9.95000e+01  2.95222e-03 
 1.00000e+02  3.10297e-03 
 1.00500e+02  3.20526e-03 
 1.01000e+02  3.28731e-03 
 1.01500e+02  3.40930e-03 
 1.02000e+02  3.45214e-03 
 1.02500e+02  3.40122e-03 
 1.03000e+02  3.78087e-03 
 1.03500e+02  3.72442e-03 
 1.04000e+02  3.72099e-03 
 1.04500e+02  4.05922e-03 
 1.05000e+02  4.25002e-03 
 1.05500e+02  4.59870e-03 
 1.06000e+02  5.11358e-03 
 1.06500e+02  5.38382e-03 
 1.07000e+02  5.55420e-03 
 1.07500e+02  5.82542e-03 
 1.08000e+02  5.85090e-03 
 1.08500e+02  6.19974e-03 
 1.09000e+02  6.45056e-03 
 1.09500e+02  6.87483e-03 
 1.10000e+02  7.50574e-03 
 1.10500e+02  7.57013e-03 
 1.11000e+02  7.61751e-03 
 1.11500e+02  7.37942e-03 
 1.12000e+02  7.36815e-03 
 1.12500e+02  7.60310e-03 
 1.13000e+02  7.21510e-03 
 1.13500e+02  8.03882e-03 
 1.14000e+02  8.29037e-03 
 1.14500e+02  8.68742e-03 
 1.15000e+02  9.08094e-03 
 1.15500e+02  9.44741e-03 
 1.16000e+02  9.94534e-03 
 1.16500e+02  9.68191e-03 
 1.17000e+02  9.70782e-03 
 1.17500e+02  9.98132e-03 
 1.18000e+02  9.92167e-03 
 1.18500e+02  1.01147e-02 
 1.19000e+02  1.04036e-02 
 1.19500e+02  1.09979e-02 
 1.20000e+02  1.13312e-02 
 1.20500e+02  1.16515e-02 
 1.21000e+02  1.18216e-02 
 1.21500e+02  1.17586e-02 
 1.22000e+02  1.20638e-02 
 1.22500e+02  1.22958e-02 
 1.23000e+02  1.24793e-02 
 1.23500e+02  1.27923e-02 
 1.24000e+02  1.31356e-02 
 1.24500e+02  1.23848e-02 
 1.25000e+02  1.28833e-02 
 1.25500e+02  1.30894e-02 
 1.26000e+02  1.31695e-02 
 1.26500e+02  1.33203e-02 
 1.27000e+02  1.30963e-02 
 1.27500e+02  1.31427e-02 
 1.28000e+02  1.38773e-02 
 1.28500e+02  1.37628e-02 
 1.29000e+02  1.40133e-02 
 1.29500e+02  1.43053e-02 
 1.30000e+02  1.45885e-02 
 1.30500e+02  1.47411e-02 
 1.31000e+02  1.50566e-02 
 1.31500e+02  1.55274e-02 
 1.32000e+02  1.56809e-02 
 1.32500e+02  1.60064e-02 
 1.33000e+02  1.53347e-02 
 1.33500e+02  1.52845e-02 
 1.34000e+02  1.57105e-02 
 1.34500e+02  1.62085e-02 
 1.35000e+02  1.62205e-02 
 1.35500e+02  1.65202e-02 
 1.36000e+02  1.64998e-02 
 1.36500e+02  1.67508e-02 
 1.37000e+02  1.68493e-02 
 1.37500e+02  1.72198e-02 
 1.38000e+02  1.72838e-02 
 1.38500e+02  1.71302e-02 
 1.39000e+02  1.67561e-02 
 1.39500e+02  1.70783e-02 
 1.40000e+02  1.78241e-02 
 1.40500e+02  1.78577e-02 
 1.41000e+02  1.79976e-02 
 1.41500e+02  1.72889e-02 
 1.42000e+02  1.75008e-02 
 1.42500e+02  1.75305e-02 
 1.43000e+02  1.78731e-02 
 1.43500e+02  1.78173e-02 
 1.44000e+02  1.74882e-02 
 1.44500e+02  1.73131e-02 
 1.45000e+02  1.69219e-02 
 1.45500e+02  1.81068e-02 
 1.46000e+02  1.78530e-02 
 1.46500e+02  1.75924e-02 
 1.47000e+02  1.77889e-02 
 1.47500e+02  1.76581e-02 
 1.48000e+02  1.80173e-02 
 1.48500e+02  1.82582e-02 
 1.49000e+02  1.84202e-02 
 1.49500e+02  1.86926e-02 
 1.50000e+02  1.89170e-02 
 1.50500e+02  1.86228e-02 
 1.51000e+02  1.92549e-02 
 1.51500e+02  1.84613e-02 
 1.52000e+02  1.82138e-02 
 1.52500e+02  1.82679e-02 
 1.53000e+02  1.84245e-02 
 1.53500e+02  1.94892e-02 
 1.54000e+02  1.90290e-02 
 1.54500e+02  1.88146e-02 
 1.55000e+02  1.87196e-02 
 1.55500e+02  1.95959e-02 
 1.56000e+02  1.94410e-02 
 1.56500e+02  1.93510e-02 
 1.57000e+02  1.92279e-02 
 1.57500e+02  1.90992e-02 
 1.58000e+02  1.93712e-02 
 1.58500e+02  1.90901e-02 
 1.59000e+02  1.89637e-02 
 1.59500e+02  1.87620e-02 
 1.60000e+02  1.89490e-02 
 1.60500e+02  1.89518e-02 
 1.61000e+02  1.91326e-02 
 1.61500e+02  1.88652e-02 
 1.62000e+02  1.90921e-02 
 1.62500e+02  1.92445e-02 
 1.63000e+02  1.90920e-02 
 1.63500e+02  1.93190e-02 
 1.64000e+02  1.90811e-02 
 1.64500e+02  1.93255e-02 
 1.65000e+02  1.94897e-02 
 1.65500e+02  1.91708e-02 
 1.66000e+02  1.96314e-02 
 1.66500e+02  1.96940e-02 
 1.67000e+02  1.99334e-02 
 1.67500e+02  1.95978e-02 
 1.68000e+02  1.94374e-02 
 1.68500e+02  1.96081e-02 
 1.69000e+02  1.95082e-02 
 1.69500e+02  2.00740e-02 
 1.70000e+02  1.96324e-02 
 1.70500e+02  1.90286e-02 
 1.71000e+02  1.90394e-02 
 1.71500e+02  1.88405e-02 
 1.72000e+02  1.91604e-02 
 1.72500e+02  1.94269e-02 
 1.73000e+02  1.93636e-02 
 1.73500e+02  1.93725e-02 
 1.74000e+02  1.96127e-02 
 1.74500e+02  1.96129e-02 
 1.75000e+02  2.02342e-02 
 1.75500e+02  2.00415e-02 
 1.76000e+02  1.90348e-02 
 1.76500e+02  1.91974e-02 
 1.77000e+02  1.90826e-02 
 1.77500e+02  1.86111e-02 
 1.78000e+02  1.87408e-02 
 1.78500e+02  1.83907e-02 
 1.79000e+02  1.84376e-02 
 1.79500e+02  1.87847e-02 
 1.80000e+02  1.79716e-02 
 1.80500e+02  1.80184e-02 
 1.81000e+02  1.80959e-02 
 1.81500e+02  1.79344e-02 
 1.82000e+02  1.82500e-02 
 1.82500e+02  1.76257e-02 
 1.83000e+02  1.83225e-02 
 1.83500e+02  1.85179e-02 
 1.84000e+02  1.86209e-02 
 1.84500e+02  1.83119e-02 
 1.85000e+02  1.83904e-02 
 1.85500e+02  1.78778e-02 
 1.86000e+02  1.77468e-02 
 1.86500e+02  1.72629e-02 
 1.87000e+02  1.69624e-02 
 1.87500e+02  1.63027e-02 
 1.88000e+02  1.62763e-02 
 1.88500e+02  1.66625e-02 
 1.89000e+02  1.71375e-02 
 1.89500e+02  1.71220e-02 
 1.90000e+02  1.64098e-02 
 1.90500e+02  1.64943e-02 
 1.91000e+02  1.61998e-02 
 1.91500e+02  1.54630e-02 
 1.92000e+02  1.51358e-02 
 1.92500e+02  1.48366e-02 
 1.93000e+02  1.44613e-02 
 1.93500e+02  1.42968e-02 
 1.94000e+02  1.43721e-02 
 1.94500e+02  1.41894e-02 
 1.95000e+02  1.37703e-02 
 1.95500e+02  1.30882e-02 
 1.96000e+02  1.29360e-02 
 1.96500e+02  1.29244e-02 
 1.97000e+02  1.34501e-02 
 1.97500e+02  1.32050e-02 
 1.98000e+02  1.29910e-02 
 1.98500e+02  1.27070e-02 
 1.99000e+02  1.27587e-02 
 1.99500e+02  1.22458e-02 
 2.00000e+02  1.21300e-02 
 2.00500e+02  1.21877e-02 
 2.01000e+02  1.24604e-02 
 2.01500e+02  1.22344e-02 
 2.02000e+02  1.18408e-02 
 2.02500e+02  1.08876e-02 
 2.03000e+02  1.03640e-02 
 2.03500e+02  1.05464e-02 
 2.04000e+02  1.06364e-02 
 2.04500e+02  9.63107e-03 
 2.05000e+02  9.61928e-03 
 2.05500e+02  9.65130e-03 
 2.06000e+02  9.67562e-03 
 2.06500e+02  9.35894e-03 
 2.07000e+02  9.15126e-03 
 2.07500e+02  9.27742e-03 
 2.08000e+02  8.87666e-03 
 2.08500e+02  8.94762e-03 
 2.09000e+02  8.28071e-03 
 2.09500e+02  8.13070e-03 
 2.10000e+02  7.82824e-03 
 2.10500e+02  7.67322e-03 
 2.11000e+02  7.51592e-03 
 2.11500e+02  7.25429e-03 
 2.12000e+02  7.02175e-03 
 2.12500e+02  6.72662e-03 
 2.13000e+02  6.31234e-03 
 2.13500e+02  6.02935e-03 
 2.14000e+02  5.92732e-03 
 2.14500e+02  5.49778e-03 
 2.15000e+02  5.41334e-03 
 2.15500e+02  5.20844e-03 
 2.16000e+02  4.82909e-03 
 2.16500e+02  4.72332e-03 
 2.17000e+02  4.60255e-03 
 2.17500e+02  4.46086e-03 
 2.18000e+02  4.43358e-03 
 2.18500e+02  4.50796e-03 
 2.19000e+02  4.27737e-03 
 2.19500e+02  4.03515e-03 
 2.20000e+02  3.87902e-03 
 2.20500e+02  3.75187e-03 
 2.21000e+02  3.62729e-03 
 2.21500e+02  3.51771e-03 
 2.22000e+02  3.50209e-03 
 2.22500e+02  3.30320e-03 
 2.23000e+02  3.27554e-03 
 2.23500e+02  3.46316e-03 
 2.24000e+02  3.39433e-03 
 2.24500e+02  3.34920e-03 
 2.25000e+02  3.40083e-03 
 2.25500e+02  3.19403e-03 
 2.26000e+02  3.09688e-03 
 2.26500e+02  2.96143e-03 
 2.27000e+02  3.05114e-03 
 2.27500e+02  3.07105e-03 
 2.28000e+02  3.16365e-03 
 2.28500e+02  3.08146e-03 
 2.29000e+02  3.06563e-03 
 2.29500e+02  2.93877e-03 
 2.30000e+02  3.06094e-03 
 2.30500e+02  2.99958e-03 
 2.31000e+02  2.91853e-03 
 2.31500e+02  2.92696e-03 
 2.32000e+02  2.87926e-03 
 2.32500e+02  2.84890e-03 
 2.33000e+02  2.71610e-03 
 2.33500e+02  2.83858e-03 
 2.34000e+02  2.65118e-03 
 2.34500e+02  2.51754e-03 
 2.35000e+02  2.52490e-03 
 2.35500e+02  2.58134e-03 
 2.36000e+02  2.62243e-03 
 2.36500e+02  2.68494e-03 
 2.37000e+02  2.60532e-03 
 2.37500e+02  2.48694e-03 
 2.38000e+02  2.47339e-03 
 2.38500e+02  2.52928e-03 
 2.39000e+02  2.42873e-03 
 2.39500e+02  2.38660e-03 
 2.40000e+02  2.28314e-03 
 2.40500e+02  2.36592e-03 
 2.41000e+02  2.45848e-03 
 2.41500e+02  2.31302e-03 
 2.42000e+02  2.16398e-03 
 2.42500e+02  2.11961e-03 
 2.43000e+02  2.09386e-03 
 2.43500e+02  2.11658e-03 
 2.44000e+02  2.06324e-03 
 2.44500e+02  2.04546e-03 
 2.45000e+02  1.96203e-03 
 2.45500e+02  1.91174e-03 
 2.46000e+02  1.90107e-03 
 2.46500e+02  1.97914e-03 
 2.47000e+02  1.99022e-03 
 2.47500e+02  1.95027e-03 
 2.48000e+02  1.92970e-03 
 2.48500e+02  1.95204e-03 
 2.49000e+02  1.93578e-03 
 2.49500e+02  1.89223e-03 
 2.50000e+02  1.96667e-03 
 2.50500e+02  1.88737e-03 
 2.51000e+02  1.84214e-03 
 2.51500e+02  1.86460e-03 
 2.52000e+02  1.82141e-03 
 2.52500e+02  1.76668e-03 
 2.53000e+02  1.79365e-03 
 2.53500e+02  1.83654e-03 
 2.54000e+02  1.82701e-03 
 2.54500e+02  1.78300e-03 
 2.55000e+02  1.76180e-03 
 2.55500e+02  1.66360e-03 
 2.56000e+02  1.74249e-03 
 2.56500e+02  1.69703e-03 
 2.57000e+02  1.63798e-03 
 2.57500e+02  1.64114e-03 
 2.58000e+02  1.57252e-03 
 2.58500e+02  1.58191e-03 
 2.59000e+02  1.56222e-03 
 2.59500e+02  1.53008e-03 
 2.60000e+02  1.53259e-03 
 2.60500e+02  1.49833e-03 
 2.61000e+02  1.47987e-03 
 2.61500e+02  1.47112e-03 
 2.62000e+02  1.37886e-03 
 2.62500e+02  1.39668e-03 
 2.63000e+02  1.36354e-03 
 2.63500e+02  1.24695e-03 
 2.64000e+02  1.22586e-03 
 2.64500e+02  1.19414e-03 
 2.65000e+02  1.14779e-03 
 2.65500e+02  1.14118e-03 
 2.66000e+02  1.09946e-03 
 2.66500e+02  1.07626e-03 
 2.67000e+02  1.04876e-03 
 2.67500e+02  1.03608e-03 
 2.68000e+02  1.03182e-03 
 2.68500e+02  1.00654e-03 
 2.69000e+02  9.89312e-04 
 2.69500e+02  9.96904e-04 
 2.70000e+02  1.01522e-03 
 2.70500e+02  9.93592e-04 
 2.71000e+02  1.00937e-03 
 2.71500e+02  9.61184e-04 
 2.72000e+02  9.81592e-04 
 2.72500e+02  9.83224e-04 
 2.73000e+02  9.81200e-04 
 2.73500e+02  9.79904e-04 
 2.74000e+02  9.97264e-04 
 2.74500e+02  9.92904e-04 
 2.75000e+02  1.01262e-03 
 2.75500e+02  1.03535e-03 
 2.76000e+02  1.08905e-03 
 2.76500e+02  1.15322e-03 
 2.77000e+02  1.24414e-03 
 2.77500e+02  1.36234e-03 
 2.78000e+02  1.40391e-03 
 2.78500e+02  1.36851e-03 
 2.79000e+02  1.15746e-03 
 2.79500e+02  9.43264e-04 
 2.80000e+02  7.65184e-04 
 2.80500e+02  6.38512e-04 
 2.81000e+02  5.53776e-04 
 2.81500e+02  5.04168e-04 
 2.82000e+02  4.86056e-04 
 2.82500e+02  4.79496e-04 
 2.83000e+02  4.62112e-04 
 2.83500e+02  4.54144e-04 
 2.84000e+02  4.54232e-04 
 2.84500e+02  4.39832e-04 
 2.85000e+02  4.36824e-04 
 2.85500e+02  4.27480e-04 
 2.86000e+02  4.22072e-04 
 2.86500e+02  4.15904e-04 
 2.87000e+02  4.20592e-04 
 2.87500e+02  4.21048e-04 
 2.88000e+02  4.03584e-04 
 2.88500e+02  4.15272e-04 
 2.89000e+02  4.16040e-04 
 2.89500e+02  4.11592e-04 
 2.90000e+02  4.14264e-04 
 2.90500e+02  4.27360e-04 
 2.91000e+02  4.15072e-04 
 2.91500e+02  4.20656e-04 
 2.92000e+02  4.05616e-04 
 2.92500e+02  4.10296e-04 
 2.93000e+02  4.07048e-04 
 2.93500e+02  4.10896e-04 
 2.94000e+02  4.11904e-04 
 2.94500e+02  4.02976e-04 
 2.95000e+02  4.10832e-04 
 2.95500e+02  4.06496e-04 
 2.96000e+02  4.16736e-04 
 2.96500e+02  4.19296e-04 
 2.97000e+02  4.30656e-04 
 2.97500e+02  4.32992e-04 
 2.98000e+02  4.29760e-04 
 2.98500e+02  4.17560e-04 
 2.99000e+02  4.13200e-04 
 2.99500e+02  4.20296e-04 
 3.00000e+02  4.32424e-04 
 3.00500e+02  4.32360e-04 
 3.01000e+02  4.29488e-04 
 3.01500e+02  4.42856e-04 
 3.02000e+02  4.52528e-04 
 3.02500e+02  4.54624e-04 
 3.03000e+02  4.64664e-04 
 3.03500e+02  4.66720e-04 
 3.04000e+02  4.54072e-04 
 3.04500e+02  4.56968e-04 
 3.05000e+02  4.63880e-04 
 3.05500e+02  4.64568e-04 
 3.06000e+02  4.67968e-04 
 3.06500e+02  4.72216e-04 
 3.07000e+02  4.85800e-04 
 3.07500e+02  4.97504e-04 
 3.08000e+02  5.05400e-04 
 3.08500e+02  5.13056e-04 
 3.09000e+02  5.11760e-04 
 3.09500e+02  5.17704e-04 
 3.10000e+02  5.20680e-04 
 3.10500e+02  5.26440e-04 
 3.11000e+02  5.41696e-04 
 3.11500e+02  5.66256e-04 
 3.12000e+02  5.85104e-04 
 3.12500e+02  5.99048e-04 
 3.13000e+02  6.36968e-04 
 3.13500e+02  6.46616e-04 
 3.14000e+02  6.47264e-04 
 3.14500e+02  6.67016e-04 
 3.15000e+02  6.89120e-04 
 3.15500e+02  7.38688e-04 
 3.16000e+02  7.92632e-04 
 3.16500e+02  8.57320e-04 
 3.17000e+02  9.11304e-04 
 3.17500e+02  9.74016e-04 
 3.18000e+02  1.09246e-03 
 3.18500e+02  1.34359e-03 
 3.19000e+02  1.75023e-03 
 3.19500e+02  3.96195e-03 
