 0.00000e+00  1.09476e-04 
 5.00000e-01  1.11300e-04 
 1.00000e+00  8.61807e-05 
 1.50000e+00  7.03173e-05 
 2.00000e+00  6.24856e-05 
 2.50000e+00  5.76458e-05 
 3.00000e+00  5.30140e-05 
 3.50000e+00  4.93021e-05 
 4.00000e+00  4.82222e-05 
 4.50000e+00  4.49663e-05 
 5.00000e+00  4.76862e-05 
 5.50000e+00  4.50223e-05 
 6.00000e+00  4.26704e-05 
 6.50000e+00  4.46623e-05 
 7.00000e+00  4.12864e-05 
 7.50000e+00  4.18704e-05 
 8.00000e+00  4.27744e-05 
 8.50000e+00  4.43503e-05 
 9.00000e+00  4.14784e-05 
 9.50000e+00  4.46303e-05 
 1.00000e+01  4.21104e-05 
 1.05000e+01  3.90945e-05 
 1.10000e+01  4.37583e-05 
 1.15000e+01  4.50703e-05 
 1.20000e+01  4.64862e-05 
 1.25000e+01  4.22224e-05 
 1.30000e+01  4.14464e-05 
 1.35000e+01  3.86385e-05 
 1.40000e+01  3.98545e-05 
 1.45000e+01  3.96225e-05 
 1.50000e+01  4.12544e-05 
 1.55000e+01  4.03905e-05 
 1.60000e+01  3.94705e-05 
 1.65000e+01  3.90145e-05 
 1.70000e+01  3.89585e-05 
 1.75000e+01  3.79906e-05 
 1.80000e+01  3.96145e-05 
 1.85000e+01  4.07265e-05 
 1.90000e+01  4.04705e-05 
 1.95000e+01  4.69822e-05 
 2.00000e+01  4.55983e-05 
 2.05000e+01  4.71822e-05 
 2.10000e+01  4.68462e-05 
 2.15000e+01  4.62942e-05 
 2.20000e+01  4.34783e-05 
 2.25000e+01  4.17584e-05 
 2.30000e+01  4.22704e-05 
 2.35000e+01  4.66782e-05 
 2.40000e+01  4.72542e-05 
 2.45000e+01  4.80702e-05 
 2.50000e+01  4.78142e-05 
 2.55000e+01  5.20220e-05 
 2.60000e+01  5.06781e-05 
 2.65000e+01  4.76622e-05 
 2.70000e+01  4.87181e-05 
 2.75000e+01  5.15820e-05 
 2.80000e+01  4.89021e-05 
 2.85000e+01  5.15580e-05 
 2.90000e+01  6.11177e-05 
 2.95000e+01  6.20216e-05 
 3.00000e+01  6.08217e-05 
 3.05000e+01  5.63259e-05 
 3.10000e+01  5.62299e-05 
 3.15000e+01  6.00777e-05 
 3.20000e+01  5.60779e-05 
 3.25000e+01  5.62779e-05 
 3.30000e+01  6.30936e-05 
 3.35000e+01  6.33256e-05 
 3.40000e+01  6.73894e-05 
 3.45000e+01  6.57175e-05 
 3.50000e+01  7.26612e-05 
 3.55000e+01  8.93806e-05 
 3.60000e+01  1.03180e-04 
 3.65000e+01  1.13508e-04 
 3.70000e+01  1.36435e-04 
 3.75000e+01  1.70210e-04 
 3.80000e+01  1.72609e-04 
 3.85000e+01  1.83257e-04 
 3.90000e+01  1.73401e-04 
 3.95000e+01  1.65010e-04 
 4.00000e+01  1.53898e-04 
 4.05000e+01  1.62130e-04 
 4.10000e+01  1.52386e-04 
 4.15000e+01  1.46954e-04 
 4.20000e+01  1.61650e-04 
 4.25000e+01  1.66362e-04 
 4.30000e+01  1.65978e-04 
 4.35000e+01  1.62362e-04 
 4.40000e+01  1.68538e-04 
 4.45000e+01  1.76113e-04 
 4.50000e+01  1.75953e-04 
 4.55000e+01  1.80337e-04 
 4.60000e+01  1.81873e-04 
 4.65000e+01  1.97001e-04 
 4.70000e+01  1.96681e-04 
 4.75000e+01  2.07384e-04 
 4.80000e+01  2.33343e-04 
 4.85000e+01  2.50510e-04 
 4.90000e+01  2.50294e-04 
 4.95000e+01  2.61094e-04 
 5.00000e+01  2.73798e-04 
 5.05000e+01  2.78973e-04 
 5.10000e+01  3.06932e-04 
 5.15000e+01  3.31499e-04 
 5.20000e+01  3.62602e-04 
 5.25000e+01  3.77698e-04 
 5.30000e+01  3.47843e-04 
 5.35000e+01  3.85161e-04 
 5.40000e+01  4.22064e-04 
 5.45000e+01  4.17976e-04 
 5.50000e+01  4.18512e-04 
 5.55000e+01  4.02665e-04 
 5.60000e+01  4.08824e-04 
 5.65000e+01  4.68910e-04 
 5.70000e+01  4.69742e-04 
 5.75000e+01  4.76870e-04 
 5.80000e+01  4.79734e-04 
 5.85000e+01  4.68598e-04 
 5.90000e+01  4.73694e-04 
 5.95000e+01  5.00661e-04 
 6.00000e+01  5.33100e-04 
 6.05000e+01  5.44403e-04 
 6.10000e+01  5.83322e-04 
 6.15000e+01  6.08193e-04 
 6.20000e+01  6.13201e-04 
 6.25000e+01  5.74370e-04 
 6.30000e+01  5.54011e-04 
 6.35000e+01  5.88090e-04 
 6.40000e+01  5.84946e-04 
 6.45000e+01  6.17969e-04 
 6.50000e+01  6.50943e-04 
 6.55000e+01  6.75702e-04 
 6.60000e+01  6.72838e-04 
 6.65000e+01  6.25552e-04 
 6.70000e+01  6.43216e-04 
 6.75000e+01  6.33536e-04 
 6.80000e+01  5.98393e-04 
 6.85000e+01  6.26704e-04 
 6.90000e+01  6.76078e-04 
 6.95000e+01  6.49527e-04 
 7.00000e+01  6.86638e-04 
 7.05000e+01  7.14901e-04 
 7.10000e+01  6.58823e-04 
 7.15000e+01  7.23525e-04 
 7.20000e+01  7.47580e-04 
 7.25000e+01  8.42544e-04 
 7.30000e+01  9.19149e-04 
 7.35000e+01  9.16501e-04 
 7.40000e+01  9.11597e-04 
 7.45000e+01  9.65291e-04 
 7.50000e+01  9.86547e-04 
 7.55000e+01  9.61419e-04 
 7.60000e+01  9.37068e-04 
 7.65000e+01  1.07576e-03 
 7.70000e+01  1.08921e-03 
 7.75000e+01  1.06795e-03 
 7.80000e+01  1.08523e-03 
 7.85000e+01  1.14020e-03 
 7.90000e+01  1.13355e-03 
 7.95000e+01  1.15714e-03 
 8.00000e+01  1.12565e-03 
 8.05000e+01  1.14015e-03 
 8.10000e+01  1.12100e-03 
 8.15000e+01  1.20314e-03 
 8.20000e+01  1.23093e-03 
 8.25000e+01  1.27058e-03 
 8.30000e+01  1.27140e-03 
 8.35000e+01  1.24396e-03 
 8.40000e+01  1.31763e-03 
 8.45000e+01  1.28356e-03 
 8.50000e+01  1.22676e-03 
 8.55000e+01  1.39125e-03 
 8.60000e+01  1.44198e-03 
 8.65000e+01  1.46403e-03 
 8.70000e+01  1.62304e-03 
 8.75000e+01  1.61039e-03 
 8.80000e+01  1.51557e-03 
 8.85000e+01  1.49923e-03 
 8.90000e+01  1.53058e-03 
 8.95000e+01  1.52296e-03 
 9.00000e+01  1.58178e-03 
 9.05000e+01  1.71142e-03 
 9.10000e+01  1.71599e-03 
 9.15000e+01  1.68598e-03 
 9.20000e+01  1.76272e-03 
 9.25000e+01  1.97815e-03 
 9.30000e+01  2.07532e-03 
 9.35000e+01  2.11441e-03 
 9.40000e+01  2.15238e-03 
 9.45000e+01  1.95240e-03 
 9.50000e+01  2.09155e-03 
 9.55000e+01  2.18166e-03 
 9.60000e+01  2.27471e-03 
 9.65000e+01  2.33532e-03 
 9.70000e+01  2.47529e-03 
 9.75000e+01  2.62884e-03 
 9.80000e+01  2.54626e-03 
 9.85000e+01  2.70535e-03 
 9.90000e+01  2.96004e-03 
 9.95000e+01  3.23201e-03 
 1.00000e+02  3.50103e-03 
 1.00500e+02  3.60249e-03 
 1.01000e+02  3.70493e-03 
 1.01500e+02  3.51828e-03 
 1.02000e+02  3.70047e-03 
 1.02500e+02  3.87917e-03 
 1.03000e+02  4.20338e-03 
 1.03500e+02  4.37776e-03 
 1.04000e+02  4.40016e-03 
 1.04500e+02  4.58437e-03 
 1.05000e+02  4.77752e-03 
 1.05500e+02  5.07390e-03 
 1.06000e+02  5.15258e-03 
 1.06500e+02  5.34802e-03 
 1.07000e+02  5.46694e-03 
 1.07500e+02  6.41937e-03 
 1.08000e+02  6.12782e-03 
 1.08500e+02  6.36369e-03 
 1.09000e+02  6.53074e-03 
 1.09500e+02  6.47933e-03 
 1.10000e+02  7.27440e-03 
 1.10500e+02  7.44959e-03 
 1.11000e+02  7.61981e-03 
 1.11500e+02  7.51953e-03 
 1.12000e+02  7.60471e-03 
 1.12500e+02  8.12586e-03 
 1.13000e+02  8.55755e-03 
 1.13500e+02  8.74655e-03 
 1.14000e+02  9.10345e-03 
 1.14500e+02  9.33880e-03 
 1.15000e+02  9.31033e-03 
 1.15500e+02  9.79942e-03 
 1.16000e+02  9.82630e-03 
 1.16500e+02  1.05073e-02 
 1.17000e+02  1.05400e-02 
 1.17500e+02  1.08995e-02 
 1.18000e+02  1.06818e-02 
 1.18500e+02  1.07400e-02 
 1.19000e+02  1.08095e-02 
 1.19500e+02  1.09846e-02 
 1.20000e+02  1.11265e-02 
 1.20500e+02  1.15781e-02 
 1.21000e+02  1.15296e-02 
 1.21500e+02  1.16791e-02 
 1.22000e+02  1.18321e-02 
 1.22500e+02  1.16377e-02 
 1.23000e+02  1.17293e-02 
 1.23500e+02  1.17983e-02 
 1.24000e+02  1.18925e-02 
 1.24500e+02  1.21250e-02 
 1.25000e+02  1.22140e-02 
 1.25500e+02  1.24501e-02 
 1.26000e+02  1.27595e-02 
 1.26500e+02  1.30390e-02 
 1.27000e+02  1.29786e-02 
 1.27500e+02  1.38336e-02 
 1.28000e+02  1.40414e-02 
 1.28500e+02  1.39919e-02 
 1.29000e+02  1.42232e-02 
 1.29500e+02  1.42366e-02 
 1.30000e+02  1.41963e-02 
 1.30500e+02  1.43724e-02 
 1.31000e+02  1.46730e-02 
 1.31500e+02  1.46536e-02 
 1.32000e+02  1.43414e-02 
 1.32500e+02  1.41826e-02 
 1.33000e+02  1.44093e-02 
 1.33500e+02  1.43219e-02 
 1.34000e+02  1.43015e-02 
 1.34500e+02  1.44434e-02 
 1.35000e+02  1.45000e-02 
 1.35500e+02  1.53216e-02 
 1.36000e+02  1.49796e-02 
 1.36500e+02  1.48567e-02 
 1.37000e+02  1.53713e-02 
 1.37500e+02  1.55918e-02 
 1.38000e+02  1.59138e-02 
 1.38500e+02  1.61655e-02 
 1.39000e+02  1.67918e-02 
 1.39500e+02  1.64931e-02 
 1.40000e+02  1.67967e-02 
 1.40500e+02  1.68410e-02 
 1.41000e+02  1.64342e-02 
 1.41500e+02  1.64691e-02 
 1.42000e+02  1.70657e-02 
 1.42500e+02  1.68279e-02 
 1.43000e+02  1.72999e-02 
 1.43500e+02  1.75621e-02 
 1.44000e+02  1.71066e-02 
 1.44500e+02  1.77272e-02 
 1.45000e+02  1.74780e-02 
 1.45500e+02  1.74524e-02 
 1.46000e+02  1.85677e-02 
 1.46500e+02  1.89891e-02 
 1.47000e+02  1.83231e-02 
 1.47500e+02  1.74557e-02 
 1.48000e+02  1.78571e-02 
 1.48500e+02  1.85328e-02 
 1.49000e+02  1.87939e-02 
 1.49500e+02  1.91330e-02 
 1.50000e+02  1.85957e-02 
 1.50500e+02  1.93492e-02 
 1.51000e+02  1.90034e-02 
 1.51500e+02  1.87966e-02 
 1.52000e+02  1.80455e-02 
 1.52500e+02  1.88906e-02 
 1.53000e+02  1.91704e-02 
 1.53500e+02  1.99718e-02 
 1.54000e+02  1.92792e-02 
 1.54500e+02  1.97249e-02 
 1.55000e+02  1.92493e-02 
 1.55500e+02  1.90852e-02 
 1.56000e+02  1.94204e-02 
 1.56500e+02  1.95942e-02 
 1.57000e+02  1.97595e-02 
 1.57500e+02  1.96541e-02 
 1.58000e+02  1.97114e-02 
 1.58500e+02  2.00534e-02 
 1.59000e+02  1.96487e-02 
 1.59500e+02  1.94364e-02 
 1.60000e+02  1.93109e-02 
 1.60500e+02  1.91493e-02 
 1.61000e+02  1.83871e-02 
 1.61500e+02  1.96722e-02 
 1.62000e+02  1.93600e-02 
 1.62500e+02  1.88256e-02 
 1.63000e+02  1.92804e-02 
 1.63500e+02  1.95369e-02 
 1.64000e+02  1.93843e-02 
 1.64500e+02  1.91385e-02 
 1.65000e+02  1.94853e-02 
 1.65500e+02  1.95323e-02 
 1.66000e+02  1.93248e-02 
 1.66500e+02  1.95464e-02 
 1.67000e+02  1.96640e-02 
 1.67500e+02  1.93090e-02 
 1.68000e+02  2.00072e-02 
 1.68500e+02  2.04266e-02 
 1.69000e+02  2.00867e-02 
 1.69500e+02  1.95247e-02 
 1.70000e+02  1.95660e-02 
 1.70500e+02  2.00043e-02 
 1.71000e+02  2.06383e-02 
 1.71500e+02  2.08269e-02 
 1.72000e+02  2.06844e-02 
 1.72500e+02  2.05979e-02 
 1.73000e+02  2.07100e-02 
 1.73500e+02  2.09003e-02 
 1.74000e+02  2.04682e-02 
 1.74500e+02  2.03544e-02 
 1.75000e+02  2.01651e-02 
 1.75500e+02  1.97849e-02 
 1.76000e+02  2.00044e-02 
 1.76500e+02  2.04477e-02 
 1.77000e+02  2.04697e-02 
 1.77500e+02  2.00448e-02 
 1.78000e+02  1.99499e-02 
 1.78500e+02  2.01142e-02 
 1.79000e+02  1.97486e-02 
 1.79500e+02  1.94894e-02 
 1.80000e+02  2.00632e-02 
 1.80500e+02  2.05057e-02 
 1.81000e+02  2.04385e-02 
 1.81500e+02  1.97028e-02 
 1.82000e+02  1.97896e-02 
 1.82500e+02  1.92976e-02 
 1.83000e+02  1.90828e-02 
 1.83500e+02  1.93822e-02 
 1.84000e+02  1.90798e-02 
 1.84500e+02  1.84080e-02 
 1.85000e+02  1.81142e-02 
 1.85500e+02  1.82352e-02 
 1.86000e+02  1.82169e-02 
 1.86500e+02  1.85695e-02 
 1.87000e+02  1.80742e-02 
 1.87500e+02  1.78979e-02 
 1.88000e+02  1.80985e-02 
 1.88500e+02  1.75872e-02 
 1.89000e+02  1.76920e-02 
 1.89500e+02  1.82328e-02 
 1.90000e+02  1.78948e-02 
 1.90500e+02  1.74058e-02 
 1.91000e+02  1.71167e-02 
 1.91500e+02  1.64780e-02 
 1.92000e+02  1.66341e-02 
 1.92500e+02  1.60720e-02 
 1.93000e+02  1.59518e-02 
 1.93500e+02  1.54269e-02 
 1.94000e+02  1.58894e-02 
 1.94500e+02  1.54578e-02 
 1.95000e+02  1.49439e-02 
 1.95500e+02  1.42092e-02 
 1.96000e+02  1.42511e-02 
 1.96500e+02  1.42143e-02 
 1.97000e+02  1.39297e-02 
 1.97500e+02  1.40425e-02 
 1.98000e+02  1.43599e-02 
 1.98500e+02  1.38803e-02 
 1.99000e+02  1.35658e-02 
 1.99500e+02  1.35977e-02 
 2.00000e+02  1.34072e-02 
 2.00500e+02  1.31022e-02 
 2.01000e+02  1.36513e-02 
 2.01500e+02  1.33262e-02 
 2.02000e+02  1.30877e-02 
 2.02500e+02  1.27767e-02 
 2.03000e+02  1.25099e-02 
 2.03500e+02  1.19157e-02 
 2.04000e+02  1.18983e-02 
 2.04500e+02  1.15057e-02 
 2.05000e+02  1.14525e-02 
 2.05500e+02  1.15170e-02 
 2.06000e+02  1.12824e-02 
 2.06500e+02  1.04424e-02 
 2.07000e+02  1.00317e-02 
 2.07500e+02  1.02782e-02 
 2.08000e+02  1.02229e-02 
 2.08500e+02  1.02135e-02 
 2.09000e+02  9.86645e-03 
 2.09500e+02  9.71745e-03 
 2.10000e+02  9.35017e-03 
 2.10500e+02  8.54367e-03 
 2.11000e+02  8.32142e-03 
 2.11500e+02  8.18941e-03 
 2.12000e+02  7.87286e-03 
 2.12500e+02  7.72902e-03 
 2.13000e+02  7.30619e-03 
 2.13500e+02  7.21951e-03 
 2.14000e+02  7.00147e-03 
 2.14500e+02  6.94990e-03 
 2.15000e+02  6.81850e-03 
 2.15500e+02  6.04050e-03 
 2.16000e+02  5.90174e-03 
 2.16500e+02  5.42461e-03 
 2.17000e+02  5.37043e-03 
 2.17500e+02  5.11768e-03 
 2.18000e+02  5.18204e-03 
 2.18500e+02  4.86438e-03 
 2.19000e+02  4.80023e-03 
 2.19500e+02  4.69633e-03 
 2.20000e+02  4.34262e-03 
 2.20500e+02  4.07056e-03 
 2.21000e+02  4.06314e-03 
 2.21500e+02  3.86165e-03 
 2.22000e+02  3.82457e-03 
 2.22500e+02  3.85445e-03 
 2.23000e+02  3.72359e-03 
 2.23500e+02  3.67266e-03 
 2.24000e+02  3.72683e-03 
 2.24500e+02  3.78365e-03 
 2.25000e+02  3.63529e-03 
 2.25500e+02  3.55471e-03 
 2.26000e+02  3.45372e-03 
 2.26500e+02  3.47224e-03 
 2.27000e+02  3.29215e-03 
 2.27500e+02  3.19918e-03 
 2.28000e+02  3.05916e-03 
 2.28500e+02  3.16288e-03 
 2.29000e+02  2.99116e-03 
 2.29500e+02  3.05590e-03 
 2.30000e+02  2.93699e-03 
 2.30500e+02  2.84040e-03 
 2.31000e+02  2.92897e-03 
 2.31500e+02  2.91959e-03 
 2.32000e+02  2.84017e-03 
 2.32500e+02  2.69187e-03 
 2.33000e+02  2.66676e-03 
 2.33500e+02  2.75177e-03 
 2.34000e+02  2.62749e-03 
 2.34500e+02  2.55501e-03 
 2.35000e+02  2.50846e-03 
 2.35500e+02  2.44814e-03 
 2.36000e+02  2.41858e-03 
 2.36500e+02  2.48111e-03 
 2.37000e+02  2.36660e-03 
 2.37500e+02  2.38247e-03 
 2.38000e+02  2.32952e-03 
 2.38500e+02  2.38860e-03 
 2.39000e+02  2.33409e-03 
 2.39500e+02  2.25311e-03 
 2.40000e+02  2.22812e-03 
 2.40500e+02  2.14612e-03 
 2.41000e+02  2.29385e-03 
 2.41500e+02  2.21164e-03 
 2.42000e+02  2.16607e-03 
 2.42500e+02  2.18761e-03 
 2.43000e+02  2.22936e-03 
 2.43500e+02  2.13396e-03 
 2.44000e+02  2.11784e-03 
 2.44500e+02  2.15141e-03 
 2.45000e+02  2.18629e-03 
 2.45500e+02  2.12420e-03 
 2.46000e+02  2.05089e-03 
 2.46500e+02  2.01955e-03 
 2.47000e+02  1.96298e-03 
 2.47500e+02  1.90755e-03 
 2.48000e+02  1.95644e-03 
 2.48500e+02  1.86575e-03 
 2.49000e+02  1.81719e-03 
 2.49500e+02  1.78334e-03 
 2.50000e+02  1.77489e-03 
 2.50500e+02  1.75207e-03 
 2.51000e+02  1.73330e-03 
 2.51500e+02  1.64466e-03 
 2.52000e+02  1.65614e-03 
 2.52500e+02  1.61531e-03 
 2.53000e+02  1.67004e-03 
 2.53500e+02  1.68810e-03 
 2.54000e+02  1.67477e-03 
 2.54500e+02  1.61463e-03 
 2.55000e+02  1.60687e-03 
 2.55500e+02  1.65986e-03 
 2.56000e+02  1.63513e-03 
 2.56500e+02  1.55280e-03 
 2.57000e+02  1.55801e-03 
 2.57500e+02  1.56490e-03 
 2.58000e+02  1.49783e-03 
 2.58500e+02  1.46959e-03 
 2.59000e+02  1.45925e-03 
 2.59500e+02  1.49372e-03 
 2.60000e+02  1.41875e-03 
 2.60500e+02  1.41618e-03 
 2.61000e+02  1.38524e-03 
 2.61500e+02  1.38955e-03 
 2.62000e+02  1.35271e-03 
 2.62500e+02  1.31392e-03 
 2.63000e+02  1.29355e-03 
 2.63500e+02  1.28766e-03 
 2.64000e+02  1.23936e-03 
 2.64500e+02  1.18787e-03 
 2.65000e+02  1.16450e-03 
 2.65500e+02  1.14935e-03 
 2.66000e+02  1.13283e-03 
 2.66500e+02  1.05810e-03 
 2.67000e+02  1.04057e-03 
 2.67500e+02  1.00766e-03 
 2.68000e+02  9.98898e-04 
 2.68500e+02  9.76059e-04 
 2.69000e+02  9.52556e-04 
 2.69500e+02  9.33653e-04 
 2.70000e+02  9.58660e-04 
 2.70500e+02  9.29949e-04 
 2.71000e+02  9.13629e-04 
 2.71500e+02  9.28749e-04 
 2.72000e+02  9.39116e-04 
 2.72500e+02  9.24837e-04 
 2.73000e+02  9.25157e-04 
 2.73500e+02  9.34316e-04 
 2.74000e+02  9.57428e-04 
 2.74500e+02  9.77155e-04 
 2.75000e+02  9.73563e-04 
 2.75500e+02  9.78899e-04 
 2.76000e+02  1.01572e-03 
 2.76500e+02  1.07124e-03 
 2.77000e+02  1.13946e-03 
 2.77500e+02  1.23406e-03 
 2.78000e+02  1.34086e-03 
 2.78500e+02  1.36353e-03 
 2.79000e+02  1.26937e-03 
 2.79500e+02  1.04760e-03 
 2.80000e+02  8.71759e-04 
 2.80500e+02  6.58607e-04 
 2.81000e+02  5.59123e-04 
 2.81500e+02  5.13204e-04 
 2.82000e+02  4.79862e-04 
 2.82500e+02  4.65982e-04 
 2.83000e+02  4.54039e-04 
 2.83500e+02  4.67358e-04 
 2.84000e+02  4.52527e-04 
 2.84500e+02  4.68982e-04 
 2.85000e+02  4.58207e-04 
 2.85500e+02  4.46719e-04 
 2.86000e+02  4.24352e-04 
 2.86500e+02  4.18680e-04 
 2.87000e+02  4.14048e-04 
 2.87500e+02  4.18976e-04 
 2.88000e+02  4.16056e-04 
 2.88500e+02  4.24520e-04 
 2.89000e+02  4.07753e-04 
 2.89500e+02  4.06753e-04 
 2.90000e+02  4.22344e-04 
 2.90500e+02  4.13280e-04 
 2.91000e+02  4.15720e-04 
 2.91500e+02  4.05833e-04 
 2.92000e+02  3.99825e-04 
 2.92500e+02  3.85049e-04 
 2.93000e+02  3.95657e-04 
 2.93500e+02  4.01049e-04 
 2.94000e+02  3.93097e-04 
 2.94500e+02  3.86073e-04 
 2.95000e+02  3.88513e-04 
 2.95500e+02  3.96537e-04 
 2.96000e+02  4.00345e-04 
 2.96500e+02  4.03497e-04 
 2.97000e+02  3.99313e-04 
 2.97500e+02  4.06345e-04 
 2.98000e+02  4.09328e-04 
 2.98500e+02  4.12144e-04 
 2.99000e+02  4.12168e-04 
 2.99500e+02  4.02665e-04 
 3.00000e+02  4.02353e-04 
 3.00500e+02  4.06561e-04 
 3.01000e+02  4.11616e-04 
 3.01500e+02  4.23912e-04 
 3.02000e+02  4.35007e-04 
 3.02500e+02  4.41663e-04 
 3.03000e+02  4.50927e-04 
 3.03500e+02  4.45847e-04 
 3.04000e+02  4.35911e-04 
 3.04500e+02  4.43439e-04 
 3.05000e+02  4.40151e-04 
 3.05500e+02  4.47159e-04 
 3.06000e+02  4.55151e-04 
 3.06500e+02  4.71014e-04 
 3.07000e+02  4.75774e-04 
 3.07500e+02  4.86150e-04 
 3.08000e+02  4.91693e-04 
 3.08500e+02  4.98181e-04 
 3.09000e+02  5.04581e-04 
 3.09500e+02  5.24916e-04 
 3.10000e+02  5.24124e-04 
 3.10500e+02  5.36020e-04 
 3.11000e+02  5.36828e-04 
 3.11500e+02  5.54291e-04 
 3.12000e+02  5.76466e-04 
 3.12500e+02  5.92905e-04 
 3.13000e+02  6.09313e-04 
 3.13500e+02  6.37256e-04 
 3.14000e+02  6.37160e-04 
 3.14500e+02  6.58095e-04 
 3.15000e+02  6.76534e-04 
 3.15500e+02  7.17941e-04 
 3.16000e+02  7.85570e-04 
 3.16500e+02  8.50120e-04 
 3.17000e+02  8.99766e-04 
 3.17500e+02  9.58100e-04 
 3.18000e+02  1.07638e-03 
 3.18500e+02  1.33068e-03 
 3.19000e+02  1.71014e-03 
 3.19500e+02  3.89752e-03 
