 0.00000e+00  1.19048e-04 
 5.00000e-01  1.09096e-04 
 1.00000e+00  7.79440e-05 
 1.50000e+00  6.81120e-05 
 2.00000e+00  6.05680e-05 
 2.50000e+00  5.45520e-05 
 3.00000e+00  5.11440e-05 
 3.50000e+00  4.93440e-05 
 4.00000e+00  4.51120e-05 
 4.50000e+00  4.38000e-05 
 5.00000e+00  4.16480e-05 
 5.50000e+00  4.17520e-05 
 6.00000e+00  4.06240e-05 
 6.50000e+00  3.90240e-05 
 7.00000e+00  3.81920e-05 
 7.50000e+00  3.68240e-05 
 8.00000e+00  3.78480e-05 
 8.50000e+00  3.75520e-05 
 9.00000e+00  3.79600e-05 
 9.50000e+00  3.83200e-05 
 1.00000e+01  3.64240e-05 
 1.05000e+01  3.50640e-05 
 1.10000e+01  3.61440e-05 
 1.15000e+01  3.49440e-05 
 1.20000e+01  3.72160e-05 
 1.25000e+01  3.69840e-05 
 1.30000e+01  3.64080e-05 
 1.35000e+01  3.42080e-05 
 1.40000e+01  3.53040e-05 
 1.45000e+01  3.35280e-05 
 1.50000e+01  3.58960e-05 
 1.55000e+01  3.42320e-05 
 1.60000e+01  3.48640e-05 
 1.65000e+01  3.59200e-05 
 1.70000e+01  3.57920e-05 
 1.75000e+01  3.72000e-05 
 1.80000e+01  3.62880e-05 
 1.85000e+01  3.59840e-05 
 1.90000e+01  3.97200e-05 
 1.95000e+01  4.00000e-05 
 2.00000e+01  4.02240e-05 
 2.05000e+01  4.02480e-05 
 2.10000e+01  3.94240e-05 
 2.15000e+01  4.33680e-05 
 2.20000e+01  4.02640e-05 
 2.25000e+01  3.89280e-05 
 2.30000e+01  3.86640e-05 
 2.35000e+01  4.37200e-05 
 2.40000e+01  4.30000e-05 
 2.45000e+01  4.06720e-05 
 2.50000e+01  4.17760e-05 
 2.55000e+01  4.25120e-05 
 2.60000e+01  4.25440e-05 
 2.65000e+01  4.27760e-05 
 2.70000e+01  4.50960e-05 
 2.75000e+01  5.04560e-05 
 2.80000e+01  4.62560e-05 
 2.85000e+01  4.37280e-05 
 2.90000e+01  4.38400e-05 
 2.95000e+01  4.58080e-05 
 3.00000e+01  4.87760e-05 
 3.05000e+01  4.79280e-05 
 3.10000e+01  5.01120e-05 
 3.15000e+01  5.38480e-05 
 3.20000e+01  5.82960e-05 
 3.25000e+01  5.73200e-05 
 3.30000e+01  5.72800e-05 
 3.35000e+01  6.58960e-05 
 3.40000e+01  6.47280e-05 
 3.45000e+01  6.35680e-05 
 3.50000e+01  7.78640e-05 
 3.55000e+01  8.54640e-05 
 3.60000e+01  9.62160e-05 
 3.65000e+01  1.23632e-04 
 3.70000e+01  1.55968e-04 
 3.75000e+01  1.78352e-04 
 3.80000e+01  1.86696e-04 
 3.85000e+01  1.84144e-04 
 3.90000e+01  1.78704e-04 
 3.95000e+01  1.75392e-04 
 4.00000e+01  1.67248e-04 
 4.05000e+01  1.58112e-04 
 4.10000e+01  1.56280e-04 
 4.15000e+01  1.59272e-04 
 4.20000e+01  1.63440e-04 
 4.25000e+01  1.65152e-04 
 4.30000e+01  1.66000e-04 
 4.35000e+01  1.83784e-04 
 4.40000e+01  1.85408e-04 
 4.45000e+01  1.91208e-04 
 4.50000e+01  1.89272e-04 
 4.55000e+01  1.91352e-04 
 4.60000e+01  1.91304e-04 
 4.65000e+01  1.96688e-04 
 4.70000e+01  2.02696e-04 
 4.75000e+01  1.88160e-04 
 4.80000e+01  2.03688e-04 
 4.85000e+01  2.12448e-04 
 4.90000e+01  2.24624e-04 
 4.95000e+01  2.48448e-04 
 5.00000e+01  2.66288e-04 
 5.05000e+01  2.85296e-04 
 5.10000e+01  2.83816e-04 
 5.15000e+01  3.31680e-04 
 5.20000e+01  3.35752e-04 
 5.25000e+01  3.76752e-04 
 5.30000e+01  3.75848e-04 
 5.35000e+01  3.72960e-04 
 5.40000e+01  3.90808e-04 
 5.45000e+01  3.78800e-04 
 5.50000e+01  4.33640e-04 
 5.55000e+01  4.46928e-04 
 5.60000e+01  4.37488e-04 
 5.65000e+01  4.52160e-04 
 5.70000e+01  4.57688e-04 
 5.75000e+01  4.75208e-04 
 5.80000e+01  4.77328e-04 
 5.85000e+01  5.03280e-04 
 5.90000e+01  4.95536e-04 
 5.95000e+01  4.96104e-04 
 6.00000e+01  5.20960e-04 
 6.05000e+01  5.52424e-04 
 6.10000e+01  5.62512e-04 
 6.15000e+01  5.57872e-04 
 6.20000e+01  5.65912e-04 
 6.25000e+01  5.97808e-04 
 6.30000e+01  6.19216e-04 
 6.35000e+01  5.99952e-04 
 6.40000e+01  6.03584e-04 
 6.45000e+01  6.14808e-04 
 6.50000e+01  6.46080e-04 
 6.55000e+01  6.95888e-04 
 6.60000e+01  6.77208e-04 
 6.65000e+01  6.95840e-04 
 6.70000e+01  6.72992e-04 
 6.75000e+01  7.53336e-04 
 6.80000e+01  7.54848e-04 
 6.85000e+01  7.73280e-04 
 6.90000e+01  7.78264e-04 
 6.95000e+01  7.38976e-04 
 7.00000e+01  7.19704e-04 
 7.05000e+01  8.01768e-04 
 7.10000e+01  8.40160e-04 
 7.15000e+01  9.13480e-04 
 7.20000e+01  8.68912e-04 
 7.25000e+01  9.68928e-04 
 7.30000e+01  1.00314e-03 
 7.35000e+01  9.72752e-04 
 7.40000e+01  9.45216e-04 
 7.45000e+01  8.72576e-04 
 7.50000e+01  9.03352e-04 
 7.55000e+01  9.65480e-04 
 7.60000e+01  9.70120e-04 
 7.65000e+01  9.47936e-04 
 7.70000e+01  9.30552e-04 
 7.75000e+01  9.29768e-04 
 7.80000e+01  1.03158e-03 
 7.85000e+01  1.00641e-03 
 7.90000e+01  1.03858e-03 
 7.95000e+01  1.11447e-03 
 8.00000e+01  1.17613e-03 
 8.05000e+01  1.24719e-03 
 8.10000e+01  1.19110e-03 
 8.15000e+01  1.27761e-03 
 8.20000e+01  1.25964e-03 
 8.25000e+01  1.25491e-03 
 8.30000e+01  1.26813e-03 
 8.35000e+01  1.30821e-03 
 8.40000e+01  1.32864e-03 
 8.45000e+01  1.52785e-03 
 8.50000e+01  1.42262e-03 
 8.55000e+01  1.42424e-03 
 8.60000e+01  1.42889e-03 
 8.65000e+01  1.37123e-03 
 8.70000e+01  1.41914e-03 
 8.75000e+01  1.40621e-03 
 8.80000e+01  1.40688e-03 
 8.85000e+01  1.45451e-03 
 8.90000e+01  1.56678e-03 
 8.95000e+01  1.53807e-03 
 9.00000e+01  1.63135e-03 
 9.05000e+01  1.67496e-03 
 9.10000e+01  1.69730e-03 
 9.15000e+01  1.81055e-03 
 9.20000e+01  1.87572e-03 
 9.25000e+01  1.84631e-03 
 9.30000e+01  2.00620e-03 
 9.35000e+01  1.88863e-03 
 9.40000e+01  1.75605e-03 
 9.45000e+01  1.82526e-03 
 9.50000e+01  1.91739e-03 
 9.55000e+01  1.86926e-03 
 9.60000e+01  1.90761e-03 
 9.65000e+01  2.03567e-03 
 9.70000e+01  2.05541e-03 
 9.75000e+01  2.08380e-03 
 9.80000e+01  2.24902e-03 
 9.85000e+01  2.27379e-03 
 9.90000e+01  2.62293e-03 
 9.95000e+01  2.80634e-03 
 1.00000e+02  2.79560e-03 
 1.00500e+02  2.83848e-03 
 1.01000e+02  3.06129e-03 
 1.01500e+02  3.16593e-03 
 1.02000e+02  3.38525e-03 
 1.02500e+02  3.44931e-03 
 1.03000e+02  3.65759e-03 
 1.03500e+02  4.12454e-03 
 1.04000e+02  4.33227e-03 
 1.04500e+02  4.21300e-03 
 1.05000e+02  4.50175e-03 
 1.05500e+02  4.81913e-03 
 1.06000e+02  4.72859e-03 
 1.06500e+02  5.01105e-03 
 1.07000e+02  5.43395e-03 
 1.07500e+02  5.66438e-03 
 1.08000e+02  5.77462e-03 
 1.08500e+02  6.35635e-03 
 1.09000e+02  6.73347e-03 
 1.09500e+02  6.82883e-03 
 1.10000e+02  6.57605e-03 
 1.10500e+02  6.98223e-03 
 1.11000e+02  7.36670e-03 
 1.11500e+02  7.77333e-03 
 1.12000e+02  7.53901e-03 
 1.12500e+02  7.70242e-03 
 1.13000e+02  7.98690e-03 
 1.13500e+02  8.26935e-03 
 1.14000e+02  8.13335e-03 
 1.14500e+02  8.68367e-03 
 1.15000e+02  9.05855e-03 
 1.15500e+02  9.39491e-03 
 1.16000e+02  9.66446e-03 
 1.16500e+02  9.69532e-03 
 1.17000e+02  1.04846e-02 
 1.17500e+02  1.06412e-02 
 1.18000e+02  1.04507e-02 
 1.18500e+02  1.04856e-02 
 1.19000e+02  1.12663e-02 
 1.19500e+02  1.10190e-02 
 1.20000e+02  1.12366e-02 
 1.20500e+02  1.12836e-02 
 1.21000e+02  1.13731e-02 
 1.21500e+02  1.18782e-02 
 1.22000e+02  1.18847e-02 
 1.22500e+02  1.21889e-02 
 1.23000e+02  1.17903e-02 
 1.23500e+02  1.23781e-02 
 1.24000e+02  1.24547e-02 
 1.24500e+02  1.23874e-02 
 1.25000e+02  1.24753e-02 
 1.25500e+02  1.25994e-02 
 1.26000e+02  1.28000e-02 
 1.26500e+02  1.31963e-02 
 1.27000e+02  1.31037e-02 
 1.27500e+02  1.32343e-02 
 1.28000e+02  1.33535e-02 
 1.28500e+02  1.33133e-02 
 1.29000e+02  1.33139e-02 
 1.29500e+02  1.33602e-02 
 1.30000e+02  1.37497e-02 
 1.30500e+02  1.42398e-02 
 1.31000e+02  1.46005e-02 
 1.31500e+02  1.49458e-02 
 1.32000e+02  1.51472e-02 
 1.32500e+02  1.53684e-02 
 1.33000e+02  1.55168e-02 
 1.33500e+02  1.51023e-02 
 1.34000e+02  1.55090e-02 
 1.34500e+02  1.52875e-02 
 1.35000e+02  1.56379e-02 
 1.35500e+02  1.62252e-02 
 1.36000e+02  1.65772e-02 
 1.36500e+02  1.71884e-02 
 1.37000e+02  1.72853e-02 
 1.37500e+02  1.80081e-02 
 1.38000e+02  1.81011e-02 
 1.38500e+02  1.74535e-02 
 1.39000e+02  1.70483e-02 
 1.39500e+02  1.70252e-02 
 1.40000e+02  1.74610e-02 
 1.40500e+02  1.68244e-02 
 1.41000e+02  1.72062e-02 
 1.41500e+02  1.73806e-02 
 1.42000e+02  1.79061e-02 
 1.42500e+02  1.77092e-02 
 1.43000e+02  1.80204e-02 
 1.43500e+02  1.77035e-02 
 1.44000e+02  1.73278e-02 
 1.44500e+02  1.67895e-02 
 1.45000e+02  1.68437e-02 
 1.45500e+02  1.71726e-02 
 1.46000e+02  1.71046e-02 
 1.46500e+02  1.69827e-02 
 1.47000e+02  1.75288e-02 
 1.47500e+02  1.79873e-02 
 1.48000e+02  1.79864e-02 
 1.48500e+02  1.76851e-02 
 1.49000e+02  1.77821e-02 
 1.49500e+02  1.81387e-02 
 1.50000e+02  1.84383e-02 
 1.50500e+02  1.89463e-02 
 1.51000e+02  1.94073e-02 
 1.51500e+02  1.89733e-02 
 1.52000e+02  1.89624e-02 
 1.52500e+02  1.89866e-02 
 1.53000e+02  1.89401e-02 
 1.53500e+02  1.87520e-02 
 1.54000e+02  1.89581e-02 
 1.54500e+02  1.84025e-02 
 1.55000e+02  1.90358e-02 
 1.55500e+02  1.97279e-02 
 1.56000e+02  1.92632e-02 
 1.56500e+02  1.87869e-02 
 1.57000e+02  1.82375e-02 
 1.57500e+02  1.87243e-02 
 1.58000e+02  1.83759e-02 
 1.58500e+02  1.89250e-02 
 1.59000e+02  1.77999e-02 
 1.59500e+02  1.81915e-02 
 1.60000e+02  1.84495e-02 
 1.60500e+02  1.85801e-02 
 1.61000e+02  1.84890e-02 
 1.61500e+02  1.83671e-02 
 1.62000e+02  1.85140e-02 
 1.62500e+02  1.86309e-02 
 1.63000e+02  1.85233e-02 
 1.63500e+02  1.78635e-02 
 1.64000e+02  1.83518e-02 
 1.64500e+02  1.91186e-02 
 1.65000e+02  1.94353e-02 
 1.65500e+02  1.92242e-02 
 1.66000e+02  1.90943e-02 
 1.66500e+02  1.93474e-02 
 1.67000e+02  1.93366e-02 
 1.67500e+02  2.02474e-02 
 1.68000e+02  2.02204e-02 
 1.68500e+02  1.99364e-02 
 1.69000e+02  1.98528e-02 
 1.69500e+02  1.97449e-02 
 1.70000e+02  1.97305e-02 
 1.70500e+02  1.92999e-02 
 1.71000e+02  1.95217e-02 
 1.71500e+02  2.00808e-02 
 1.72000e+02  2.02622e-02 
 1.72500e+02  2.07836e-02 
 1.73000e+02  2.04415e-02 
 1.73500e+02  2.07675e-02 
 1.74000e+02  1.99605e-02 
 1.74500e+02  1.98390e-02 
 1.75000e+02  1.96886e-02 
 1.75500e+02  1.97639e-02 
 1.76000e+02  1.90874e-02 
 1.76500e+02  1.90670e-02 
 1.77000e+02  1.91159e-02 
 1.77500e+02  1.91523e-02 
 1.78000e+02  1.87463e-02 
 1.78500e+02  1.91422e-02 
 1.79000e+02  1.94339e-02 
 1.79500e+02  1.87736e-02 
 1.80000e+02  1.92969e-02 
 1.80500e+02  1.92386e-02 
 1.81000e+02  1.90088e-02 
 1.81500e+02  1.86564e-02 
 1.82000e+02  1.85152e-02 
 1.82500e+02  1.83402e-02 
 1.83000e+02  1.78574e-02 
 1.83500e+02  1.89665e-02 
 1.84000e+02  1.83017e-02 
 1.84500e+02  1.75533e-02 
 1.85000e+02  1.82071e-02 
 1.85500e+02  1.78974e-02 
 1.86000e+02  1.82696e-02 
 1.86500e+02  1.83681e-02 
 1.87000e+02  1.85442e-02 
 1.87500e+02  1.79426e-02 
 1.88000e+02  1.75484e-02 
 1.88500e+02  1.74412e-02 
 1.89000e+02  1.82709e-02 
 1.89500e+02  1.79710e-02 
 1.90000e+02  1.76004e-02 
 1.90500e+02  1.80683e-02 
 1.91000e+02  1.76052e-02 
 1.91500e+02  1.74427e-02 
 1.92000e+02  1.66027e-02 
 1.92500e+02  1.64370e-02 
 1.93000e+02  1.58980e-02 
 1.93500e+02  1.61723e-02 
 1.94000e+02  1.59659e-02 
 1.94500e+02  1.50938e-02 
 1.95000e+02  1.50710e-02 
 1.95500e+02  1.49324e-02 
 1.96000e+02  1.41242e-02 
 1.96500e+02  1.42492e-02 
 1.97000e+02  1.43193e-02 
 1.97500e+02  1.45904e-02 
 1.98000e+02  1.40643e-02 
 1.98500e+02  1.36635e-02 
 1.99000e+02  1.30509e-02 
 1.99500e+02  1.33303e-02 
 2.00000e+02  1.31929e-02 
 2.00500e+02  1.29808e-02 
 2.01000e+02  1.28834e-02 
 2.01500e+02  1.26355e-02 
 2.02000e+02  1.20567e-02 
 2.02500e+02  1.18449e-02 
 2.03000e+02  1.13764e-02 
 2.03500e+02  1.08886e-02 
 2.04000e+02  1.07855e-02 
 2.04500e+02  1.05758e-02 
 2.05000e+02  1.06184e-02 
 2.05500e+02  1.03803e-02 
 2.06000e+02  1.00813e-02 
 2.06500e+02  1.00819e-02 
 2.07000e+02  9.63318e-03 
 2.07500e+02  9.63284e-03 
 2.08000e+02  9.37129e-03 
 2.08500e+02  8.73867e-03 
 2.09000e+02  8.61930e-03 
 2.09500e+02  8.34798e-03 
 2.10000e+02  8.02266e-03 
 2.10500e+02  7.59543e-03 
 2.11000e+02  7.62793e-03 
 2.11500e+02  7.39428e-03 
 2.12000e+02  7.40444e-03 
 2.12500e+02  7.39750e-03 
 2.13000e+02  6.97288e-03 
 2.13500e+02  6.58014e-03 
 2.14000e+02  5.99768e-03 
 2.14500e+02  5.70922e-03 
 2.15000e+02  5.54572e-03 
 2.15500e+02  5.41748e-03 
 2.16000e+02  5.21554e-03 
 2.16500e+02  5.03250e-03 
 2.17000e+02  4.70498e-03 
 2.17500e+02  4.74806e-03 
 2.18000e+02  4.38964e-03 
 2.18500e+02  4.40324e-03 
 2.19000e+02  4.20175e-03 
 2.19500e+02  3.93972e-03 
 2.20000e+02  3.90070e-03 
 2.20500e+02  3.95218e-03 
 2.21000e+02  3.78497e-03 
 2.21500e+02  3.78987e-03 
 2.22000e+02  3.70304e-03 
 2.22500e+02  3.42539e-03 
 2.23000e+02  3.27478e-03 
 2.23500e+02  3.22735e-03 
 2.24000e+02  3.19118e-03 
 2.24500e+02  3.12951e-03 
 2.25000e+02  3.32470e-03 
 2.25500e+02  3.16306e-03 
 2.26000e+02  3.15189e-03 
 2.26500e+02  3.05326e-03 
 2.27000e+02  2.94922e-03 
 2.27500e+02  3.02967e-03 
 2.28000e+02  3.00784e-03 
 2.28500e+02  2.85180e-03 
 2.29000e+02  2.79629e-03 
 2.29500e+02  2.84335e-03 
 2.30000e+02  2.85842e-03 
 2.30500e+02  2.86666e-03 
 2.31000e+02  2.81235e-03 
 2.31500e+02  2.82030e-03 
 2.32000e+02  2.70367e-03 
 2.32500e+02  2.60514e-03 
 2.33000e+02  2.63134e-03 
 2.33500e+02  2.61596e-03 
 2.34000e+02  2.64032e-03 
 2.34500e+02  2.49178e-03 
 2.35000e+02  2.50925e-03 
 2.35500e+02  2.57490e-03 
 2.36000e+02  2.60186e-03 
 2.36500e+02  2.66850e-03 
 2.37000e+02  2.49667e-03 
 2.37500e+02  2.43528e-03 
 2.38000e+02  2.34448e-03 
 2.38500e+02  2.34433e-03 
 2.39000e+02  2.50046e-03 
 2.39500e+02  2.37810e-03 
 2.40000e+02  2.35254e-03 
 2.40500e+02  2.26851e-03 
 2.41000e+02  2.31871e-03 
 2.41500e+02  2.32251e-03 
 2.42000e+02  2.30894e-03 
 2.42500e+02  2.27448e-03 
 2.43000e+02  2.24137e-03 
 2.43500e+02  2.35309e-03 
 2.44000e+02  2.23251e-03 
 2.44500e+02  2.15600e-03 
 2.45000e+02  2.22913e-03 
 2.45500e+02  2.17744e-03 
 2.46000e+02  2.24153e-03 
 2.46500e+02  2.18545e-03 
 2.47000e+02  2.16395e-03 
 2.47500e+02  2.12774e-03 
 2.48000e+02  2.01502e-03 
 2.48500e+02  1.93184e-03 
 2.49000e+02  1.85186e-03 
 2.49500e+02  1.83681e-03 
 2.50000e+02  1.88245e-03 
 2.50500e+02  1.84781e-03 
 2.51000e+02  1.79366e-03 
 2.51500e+02  1.75699e-03 
 2.52000e+02  1.79163e-03 
 2.52500e+02  1.80536e-03 
 2.53000e+02  1.78702e-03 
 2.53500e+02  1.73356e-03 
 2.54000e+02  1.72200e-03 
 2.54500e+02  1.67314e-03 
 2.55000e+02  1.64234e-03 
 2.55500e+02  1.58882e-03 
 2.56000e+02  1.62768e-03 
 2.56500e+02  1.64860e-03 
 2.57000e+02  1.60252e-03 
 2.57500e+02  1.59598e-03 
 2.58000e+02  1.54381e-03 
 2.58500e+02  1.47450e-03 
 2.59000e+02  1.47143e-03 
 2.59500e+02  1.42735e-03 
 2.60000e+02  1.40800e-03 
 2.60500e+02  1.40601e-03 
 2.61000e+02  1.40823e-03 
 2.61500e+02  1.38274e-03 
 2.62000e+02  1.32886e-03 
 2.62500e+02  1.33535e-03 
 2.63000e+02  1.26582e-03 
 2.63500e+02  1.24744e-03 
 2.64000e+02  1.23370e-03 
 2.64500e+02  1.19785e-03 
 2.65000e+02  1.18130e-03 
 2.65500e+02  1.15474e-03 
 2.66000e+02  1.12316e-03 
 2.66500e+02  1.14504e-03 
 2.67000e+02  1.07571e-03 
 2.67500e+02  1.05779e-03 
 2.68000e+02  1.00182e-03 
 2.68500e+02  9.92176e-04 
 2.69000e+02  9.77304e-04 
 2.69500e+02  9.60112e-04 
 2.70000e+02  9.44760e-04 
 2.70500e+02  9.45296e-04 
 2.71000e+02  9.48168e-04 
 2.71500e+02  9.43384e-04 
 2.72000e+02  9.34896e-04 
 2.72500e+02  9.41872e-04 
 2.73000e+02  9.38832e-04 
 2.73500e+02  9.60128e-04 
 2.74000e+02  9.62248e-04 
 2.74500e+02  9.67072e-04 
 2.75000e+02  9.87840e-04 
 2.75500e+02  1.01237e-03 
 2.76000e+02  1.03588e-03 
 2.76500e+02  1.09182e-03 
 2.77000e+02  1.16488e-03 
 2.77500e+02  1.25761e-03 
 2.78000e+02  1.32942e-03 
 2.78500e+02  1.32535e-03 
 2.79000e+02  1.15432e-03 
 2.79500e+02  9.48320e-04 
 2.80000e+02  7.79880e-04 
 2.80500e+02  6.62152e-04 
 2.81000e+02  5.58200e-04 
 2.81500e+02  5.16784e-04 
 2.82000e+02  4.88736e-04 
 2.82500e+02  4.70128e-04 
 2.83000e+02  4.43872e-04 
 2.83500e+02  4.41248e-04 
 2.84000e+02  4.38792e-04 
 2.84500e+02  4.35416e-04 
 2.85000e+02  4.30472e-04 
 2.85500e+02  4.23656e-04 
 2.86000e+02  4.17416e-04 
 2.86500e+02  4.03824e-04 
 2.87000e+02  3.86088e-04 
 2.87500e+02  4.04048e-04 
 2.88000e+02  4.05128e-04 
 2.88500e+02  4.14144e-04 
 2.89000e+02  4.10288e-04 
 2.89500e+02  4.04888e-04 
 2.90000e+02  4.18008e-04 
 2.90500e+02  4.23040e-04 
 2.91000e+02  4.16616e-04 
 2.91500e+02  4.16344e-04 
 2.92000e+02  4.18136e-04 
 2.92500e+02  4.18200e-04 
 2.93000e+02  4.30568e-04 
 2.93500e+02  4.23832e-04 
 2.94000e+02  4.19560e-04 
 2.94500e+02  4.18408e-04 
 2.95000e+02  4.20568e-04 
 2.95500e+02  4.14856e-04 
 2.96000e+02  4.28384e-04 
 2.96500e+02  4.26376e-04 
 2.97000e+02  4.15928e-04 
 2.97500e+02  4.25592e-04 
 2.98000e+02  4.05552e-04 
 2.98500e+02  4.01264e-04 
 2.99000e+02  4.05520e-04 
 2.99500e+02  4.10344e-04 
 3.00000e+02  4.17504e-04 
 3.00500e+02  4.15216e-04 
 3.01000e+02  4.20672e-04 
 3.01500e+02  4.26256e-04 
 3.02000e+02  4.45640e-04 
 3.02500e+02  4.45248e-04 
 3.03000e+02  4.50240e-04 
 3.03500e+02  4.47560e-04 
 3.04000e+02  4.48224e-04 
 3.04500e+02  4.48864e-04 
 3.05000e+02  4.51976e-04 
 3.05500e+02  4.70824e-04 
 3.06000e+02  4.78440e-04 
 3.06500e+02  4.86216e-04 
 3.07000e+02  4.92288e-04 
 3.07500e+02  4.85616e-04 
 3.08000e+02  5.06912e-04 
 3.08500e+02  5.02528e-04 
 3.09000e+02  5.01600e-04 
 3.09500e+02  5.06512e-04 
 3.10000e+02  5.19608e-04 
 3.10500e+02  5.28272e-04 
 3.11000e+02  5.39144e-04 
 3.11500e+02  5.51128e-04 
 3.12000e+02  5.66840e-04 
 3.12500e+02  6.01784e-04 
 3.13000e+02  6.19432e-04 
 3.13500e+02  6.26288e-04 
 3.14000e+02  6.40264e-04 
 3.14500e+02  6.49776e-04 
 3.15000e+02  6.82808e-04 
 3.15500e+02  7.36616e-04 
 3.16000e+02  8.00408e-04 
 3.16500e+02  8.53152e-04 
 3.17000e+02  9.07472e-04 
 3.17500e+02  9.73880e-04 
 3.18000e+02  1.08555e-03 
 3.18500e+02  1.33612e-03 
 3.19000e+02  1.71802e-03 
 3.19500e+02  3.93518e-03 
