 0.00000e+00  0.00000e+00 
 5.00000e-01  4.19628e-02 
 1.00000e+00  8.36420e-02 
 1.50000e+00  1.25028e-01 
 2.00000e+00  1.66112e-01 
 2.50000e+00  2.06891e-01 
 3.00000e+00  2.47362e-01 
 3.50000e+00  2.87523e-01 
 4.00000e+00  3.27368e-01 
 4.50000e+00  3.66896e-01 
 5.00000e+00  4.06102e-01 
 5.50000e+00  4.44985e-01 
 6.00000e+00  4.83543e-01 
 6.50000e+00  5.21775e-01 
 7.00000e+00  5.59676e-01 
 7.50000e+00  5.97246e-01 
 8.00000e+00  6.34482e-01 
 8.50000e+00  6.71383e-01 
 9.00000e+00  7.07944e-01 
 9.50000e+00  7.44163e-01 
 1.00000e+01  7.80039e-01 
 1.05000e+01  8.15571e-01 
 1.10000e+01  8.50758e-01 
 1.15000e+01  8.85596e-01 
 1.20000e+01  9.20084e-01 
 1.25000e+01  9.54222e-01 
 1.30000e+01  9.88005e-01 
 1.35000e+01  1.02143e+00 
 1.40000e+01  1.05450e+00 
 1.45000e+01  1.08720e+00 
 1.50000e+01  1.11955e+00 
 1.55000e+01  1.15153e+00 
 1.60000e+01  1.18315e+00 
 1.65000e+01  1.21440e+00 
 1.70000e+01  1.24530e+00 
 1.75000e+01  1.27582e+00 
 1.80000e+01  1.30597e+00 
 1.85000e+01  1.33575e+00 
 1.90000e+01  1.36515e+00 
 1.95000e+01  1.39418e+00 
 2.00000e+01  1.42283e+00 
 2.05000e+01  1.45111e+00 
 2.10000e+01  1.47902e+00 
 2.15000e+01  1.50655e+00 
 2.20000e+01  1.53371e+00 
 2.25000e+01  1.56049e+00 
 2.30000e+01  1.58690e+00 
 2.35000e+01  1.61292e+00 
 2.40000e+01  1.63857e+00 
 2.45000e+01  1.66384e+00 
 2.50000e+01  1.68873e+00 
 2.55000e+01  1.71323e+00 
 2.60000e+01  1.73734e+00 
 2.65000e+01  1.76107e+00 
 2.70000e+01  1.78441e+00 
 2.75000e+01  1.80736e+00 
 2.80000e+01  1.82991e+00 
 2.85000e+01  1.85206e+00 
 2.90000e+01  1.87381e+00 
 2.95000e+01  1.89516e+00 
 3.00000e+01  1.91610e+00 
 3.05000e+01  1.93664e+00 
 3.10000e+01  1.95676e+00 
 3.15000e+01  1.97647e+00 
 3.20000e+01  1.99577e+00 
 3.25000e+01  2.01465e+00 
 3.30000e+01  2.03311e+00 
 3.35000e+01  2.05114e+00 
 3.40000e+01  2.06874e+00 
 3.45000e+01  2.08590e+00 
 3.50000e+01  2.10262e+00 
 3.55000e+01  2.11890e+00 
 3.60000e+01  2.13471e+00 
 3.65000e+01  2.15008e+00 
 3.70000e+01  2.16500e+00 
 3.75000e+01  2.17947e+00 
 3.80000e+01  2.19351e+00 
 3.85000e+01  2.20711e+00 
 3.90000e+01  2.22026e+00 
 3.95000e+01  2.23297e+00 
 4.00000e+01  2.24522e+00 
 4.05000e+01  2.25701e+00 
 4.10000e+01  2.26834e+00 
 4.15000e+01  2.27921e+00 
 4.20000e+01  2.28961e+00 
 4.25000e+01  2.29955e+00 
 4.30000e+01  2.30902e+00 
 4.35000e+01  2.31803e+00 
 4.40000e+01  2.32658e+00 
 4.45000e+01  2.33467e+00 
 4.50000e+01  2.34230e+00 
 4.55000e+01  2.34948e+00 
 4.60000e+01  2.35622e+00 
 4.65000e+01  2.36251e+00 
 4.70000e+01  2.36837e+00 
 4.75000e+01  2.37381e+00 
 4.80000e+01  2.37884e+00 
 4.85000e+01  2.38347e+00 
 4.90000e+01  2.38773e+00 
 4.95000e+01  2.39164e+00 
 5.00000e+01  2.39522e+00 
 5.05000e+01  2.39847e+00 
 5.10000e+01  2.40142e+00 
 5.15000e+01  2.40412e+00 
 5.20000e+01  2.40659e+00 
 5.25000e+01  2.40886e+00 
 5.30000e+01  2.41095e+00 
 5.35000e+01  2.41287e+00 
 5.40000e+01  2.41463e+00 
 5.45000e+01  2.41623e+00 
 5.50000e+01  2.41768e+00 
 5.55000e+01  2.41900e+00 
 5.60000e+01  2.42018e+00 
 5.65000e+01  2.42125e+00 
 5.70000e+01  2.42222e+00 
 5.75000e+01  2.42313e+00 
 5.80000e+01  2.42397e+00 
 5.85000e+01  2.42478e+00 
 5.90000e+01  2.42558e+00 
 5.95000e+01  2.42634e+00 
 6.00000e+01  2.42705e+00 
 6.05000e+01  2.42773e+00 
 6.10000e+01  2.42836e+00 
 6.15000e+01  2.42893e+00 
 6.20000e+01  2.42942e+00 
 6.25000e+01  2.42992e+00 
 6.30000e+01  2.43044e+00 
 6.35000e+01  2.43093e+00 
 6.40000e+01  2.43138e+00 
 6.45000e+01  2.43181e+00 
 6.50000e+01  2.43220e+00 
 6.55000e+01  2.43260e+00 
 6.60000e+01  2.43300e+00 
 6.65000e+01  2.43341e+00 
 6.70000e+01  2.43379e+00 
 6.75000e+01  2.43413e+00 
 6.80000e+01  2.43447e+00 
 6.85000e+01  2.43484e+00 
 6.90000e+01  2.43520e+00 
 6.95000e+01  2.43558e+00 
 7.00000e+01  2.43598e+00 
 7.05000e+01  2.43634e+00 
 7.10000e+01  2.43665e+00 
 7.15000e+01  2.43695e+00 
 7.20000e+01  2.43722e+00 
 7.25000e+01  2.43750e+00 
 7.30000e+01  2.43776e+00 
 7.35000e+01  2.43798e+00 
 7.40000e+01  2.43820e+00 
 7.45000e+01  2.43846e+00 
 7.50000e+01  2.43875e+00 
 7.55000e+01  2.43904e+00 
 7.60000e+01  2.43927e+00 
 7.65000e+01  2.43950e+00 
 7.70000e+01  2.43976e+00 
 7.75000e+01  2.43998e+00 
 7.80000e+01  2.44019e+00 
 7.85000e+01  2.44041e+00 
 7.90000e+01  2.44060e+00 
 7.95000e+01  2.44080e+00 
 8.00000e+01  2.44102e+00 
 8.05000e+01  2.44123e+00 
 8.10000e+01  2.44140e+00 
 8.15000e+01  2.44156e+00 
 8.20000e+01  2.44173e+00 
 8.25000e+01  2.44189e+00 
 8.30000e+01  2.44203e+00 
 8.35000e+01  2.44216e+00 
 8.40000e+01  2.44232e+00 
 8.45000e+01  2.44252e+00 
 8.50000e+01  2.44271e+00 
 8.55000e+01  2.44287e+00 
 8.60000e+01  2.44305e+00 
 8.65000e+01  2.44318e+00 
 8.70000e+01  2.44327e+00 
 8.75000e+01  2.44340e+00 
 8.80000e+01  2.44353e+00 
 8.85000e+01  2.44369e+00 
 8.90000e+01  2.44387e+00 
 8.95000e+01  2.44402e+00 
 9.00000e+01  2.44419e+00 
 9.05000e+01  2.44435e+00 
 9.10000e+01  2.44448e+00 
 9.15000e+01  2.44456e+00 
 9.20000e+01  2.44465e+00 
 9.25000e+01  2.44476e+00 
 9.30000e+01  2.44492e+00 
 9.35000e+01  2.44511e+00 
 9.40000e+01  2.44527e+00 
 9.45000e+01  2.44539e+00 
 9.50000e+01  2.44547e+00 
 9.55000e+01  2.44559e+00 
 9.60000e+01  2.44569e+00 
 9.65000e+01  2.44576e+00 
 9.70000e+01  2.44588e+00 
 9.75000e+01  2.44600e+00 
 9.80000e+01  2.44612e+00 
 9.85000e+01  2.44623e+00 
 9.90000e+01  2.44629e+00 
 9.95000e+01  2.44637e+00 
 1.00000e+02  2.44645e+00 
 1.00500e+02  2.44662e+00 
 1.01000e+02  2.44673e+00 
 1.01500e+02  2.44680e+00 
 1.02000e+02  2.44687e+00 
 1.02500e+02  2.44696e+00 
 1.03000e+02  2.44704e+00 
 1.03500e+02  2.44713e+00 
 1.04000e+02  2.44723e+00 
 1.04500e+02  2.44727e+00 
 1.05000e+02  2.44730e+00 
 1.05500e+02  2.44735e+00 
 1.06000e+02  2.44743e+00 
 1.06500e+02  2.44750e+00 
 1.07000e+02  2.44758e+00 
 1.07500e+02  2.44762e+00 
 1.08000e+02  2.44765e+00 
 1.08500e+02  2.44771e+00 
 1.09000e+02  2.44772e+00 
 1.09500e+02  2.44775e+00 
 1.10000e+02  2.44783e+00 
 1.10500e+02  2.44791e+00 
 1.11000e+02  2.44797e+00 
 1.11500e+02  2.44798e+00 
 1.12000e+02  2.44803e+00 
 1.12500e+02  2.44806e+00 
 1.13000e+02  2.44805e+00 
 1.13500e+02  2.44806e+00 
 1.14000e+02  2.44810e+00 
 1.14500e+02  2.44815e+00 
 1.15000e+02  2.44816e+00 
 1.15500e+02  2.44823e+00 
 1.16000e+02  2.44825e+00 
 1.16500e+02  2.44829e+00 
 1.17000e+02  2.44829e+00 
 1.17500e+02  2.44831e+00 
 1.18000e+02  2.44833e+00 
 1.18500e+02  2.44836e+00 
 1.19000e+02  2.44839e+00 
 1.19500e+02  2.44842e+00 
 1.20000e+02  2.44845e+00 
 1.20500e+02  2.44843e+00 
 1.21000e+02  2.44848e+00 
 1.21500e+02  2.44849e+00 
 1.22000e+02  2.44850e+00 
 1.22500e+02  2.44849e+00 
 1.23000e+02  2.44853e+00 
 1.23500e+02  2.44854e+00 
 1.24000e+02  2.44855e+00 
 1.24500e+02  2.44857e+00 
 1.25000e+02  2.44858e+00 
 1.25500e+02  2.44861e+00 
 1.26000e+02  2.44862e+00 
 1.26500e+02  2.44862e+00 
 1.27000e+02  2.44861e+00 
 1.27500e+02  2.44865e+00 
 1.28000e+02  2.44863e+00 
 1.28500e+02  2.44867e+00 
 1.29000e+02  2.44867e+00 
 1.29500e+02  2.44868e+00 
 1.30000e+02  2.44871e+00 
 1.30500e+02  2.44869e+00 
 1.31000e+02  2.44873e+00 
 1.31500e+02  2.44872e+00 
 1.32000e+02  2.44873e+00 
 1.32500e+02  2.44874e+00 
 1.33000e+02  2.44875e+00 
 1.33500e+02  2.44874e+00 
 1.34000e+02  2.44878e+00 
 1.34500e+02  2.44875e+00 
 1.35000e+02  2.44879e+00 
 1.35500e+02  2.44877e+00 
 1.36000e+02  2.44879e+00 
 1.36500e+02  2.44881e+00 
 1.37000e+02  2.44880e+00 
 1.37500e+02  2.44882e+00 
 1.38000e+02  2.44881e+00 
 1.38500e+02  2.44884e+00 
 1.39000e+02  2.44882e+00 
 1.39500e+02  2.44882e+00 
 1.40000e+02  2.44885e+00 
 1.40500e+02  2.44883e+00 
 1.41000e+02  2.44887e+00 
 1.41500e+02  2.44884e+00 
 1.42000e+02  2.44886e+00 
 1.42500e+02  2.44887e+00 
 1.43000e+02  2.44885e+00 
 1.43500e+02  2.44886e+00 
 1.44000e+02  2.44890e+00 
 1.44500e+02  2.44888e+00 
 1.45000e+02  2.44890e+00 
 1.45500e+02  2.44890e+00 
 1.46000e+02  2.44889e+00 
 1.46500e+02  2.44890e+00 
 1.47000e+02  2.44890e+00 
 1.47500e+02  2.44889e+00 
 1.48000e+02  2.44892e+00 
 1.48500e+02  2.44887e+00 
 1.49000e+02  2.44888e+00 
 1.49500e+02  2.44887e+00 
 1.50000e+02  2.44889e+00 
 1.50500e+02  2.44889e+00 
 1.51000e+02  2.44888e+00 
 1.51500e+02  2.44889e+00 
 1.52000e+02  2.44888e+00 
 1.52500e+02  2.44890e+00 
 1.53000e+02  2.44889e+00 
 1.53500e+02  2.44890e+00 
 1.54000e+02  2.44890e+00 
 1.54500e+02  2.44890e+00 
 1.55000e+02  2.44890e+00 
 1.55500e+02  2.44888e+00 
 1.56000e+02  2.44890e+00 
 1.56500e+02  2.44890e+00 
 1.57000e+02  2.44886e+00 
 1.57500e+02  2.44890e+00 
 1.58000e+02  2.44887e+00 
 1.58500e+02  2.44889e+00 
 1.59000e+02  2.44887e+00 
 1.59500e+02  2.44888e+00 
 1.60000e+02  2.44890e+00 
 1.60500e+02  2.44890e+00 
 1.61000e+02  2.44890e+00 
 1.61500e+02  2.44887e+00 
 1.62000e+02  2.44889e+00 
 1.62500e+02  2.44887e+00 
 1.63000e+02  2.44887e+00 
 1.63500e+02  2.44885e+00 
 1.64000e+02  2.44886e+00 
 1.64500e+02  2.44886e+00 
 1.65000e+02  2.44887e+00 
 1.65500e+02  2.44885e+00 
 1.66000e+02  2.44886e+00 
 1.66500e+02  2.44885e+00 
 1.67000e+02  2.44886e+00 
 1.67500e+02  2.44883e+00 
 1.68000e+02  2.44883e+00 
 1.68500e+02  2.44883e+00 
 1.69000e+02  2.44884e+00 
 1.69500e+02  2.44879e+00 
 1.70000e+02  2.44882e+00 
 1.70500e+02  2.44877e+00 
 1.71000e+02  2.44880e+00 
 1.71500e+02  2.44878e+00 
 1.72000e+02  2.44877e+00 
 1.72500e+02  2.44877e+00 
 1.73000e+02  2.44875e+00 
 1.73500e+02  2.44877e+00 
 1.74000e+02  2.44875e+00 
 1.74500e+02  2.44875e+00 
 1.75000e+02  2.44873e+00 
 1.75500e+02  2.44873e+00 
 1.76000e+02  2.44872e+00 
 1.76500e+02  2.44872e+00 
 1.77000e+02  2.44871e+00 
 1.77500e+02  2.44871e+00 
 1.78000e+02  2.44873e+00 
 1.78500e+02  2.44868e+00 
 1.79000e+02  2.44869e+00 
 1.79500e+02  2.44867e+00 
 1.80000e+02  2.44869e+00 
 1.80500e+02  2.44867e+00 
 1.81000e+02  2.44864e+00 
 1.81500e+02  2.44867e+00 
 1.82000e+02  2.44862e+00 
 1.82500e+02  2.44865e+00 
 1.83000e+02  2.44861e+00 
 1.83500e+02  2.44862e+00 
 1.84000e+02  2.44858e+00 
 1.84500e+02  2.44859e+00 
 1.85000e+02  2.44854e+00 
 1.85500e+02  2.44852e+00 
 1.86000e+02  2.44850e+00 
 1.86500e+02  2.44850e+00 
 1.87000e+02  2.44846e+00 
 1.87500e+02  2.44846e+00 
 1.88000e+02  2.44842e+00 
 1.88500e+02  2.44841e+00 
 1.89000e+02  2.44841e+00 
 1.89500e+02  2.44840e+00 
 1.90000e+02  2.44836e+00 
 1.90500e+02  2.44837e+00 
 1.91000e+02  2.44833e+00 
 1.91500e+02  2.44834e+00 
 1.92000e+02  2.44828e+00 
 1.92500e+02  2.44830e+00 
 1.93000e+02  2.44825e+00 
 1.93500e+02  2.44819e+00 
 1.94000e+02  2.44820e+00 
 1.94500e+02  2.44819e+00 
 1.95000e+02  2.44814e+00 
 1.95500e+02  2.44814e+00 
 1.96000e+02  2.44813e+00 
 1.96500e+02  2.44808e+00 
 1.97000e+02  2.44805e+00 
 1.97500e+02  2.44805e+00 
 1.98000e+02  2.44796e+00 
 1.98500e+02  2.44794e+00 
 1.99000e+02  2.44792e+00 
 1.99500e+02  2.44786e+00 
 2.00000e+02  2.44785e+00 
 2.00500e+02  2.44784e+00 
 2.01000e+02  2.44782e+00 
 2.01500e+02  2.44777e+00 
 2.02000e+02  2.44773e+00 
 2.02500e+02  2.44766e+00 
 2.03000e+02  2.44765e+00 
 2.03500e+02  2.44763e+00 
 2.04000e+02  2.44758e+00 
 2.04500e+02  2.44755e+00 
 2.05000e+02  2.44748e+00 
 2.05500e+02  2.44742e+00 
 2.06000e+02  2.44735e+00 
 2.06500e+02  2.44733e+00 
 2.07000e+02  2.44729e+00 
 2.07500e+02  2.44723e+00 
 2.08000e+02  2.44716e+00 
 2.08500e+02  2.44711e+00 
 2.09000e+02  2.44709e+00 
 2.09500e+02  2.44704e+00 
 2.10000e+02  2.44702e+00 
 2.10500e+02  2.44695e+00 
 2.11000e+02  2.44687e+00 
 2.11500e+02  2.44684e+00 
 2.12000e+02  2.44679e+00 
 2.12500e+02  2.44665e+00 
 2.13000e+02  2.44660e+00 
 2.13500e+02  2.44651e+00 
 2.14000e+02  2.44641e+00 
 2.14500e+02  2.44630e+00 
 2.15000e+02  2.44622e+00 
 2.15500e+02  2.44613e+00 
 2.16000e+02  2.44601e+00 
 2.16500e+02  2.44589e+00 
 2.17000e+02  2.44578e+00 
 2.17500e+02  2.44567e+00 
 2.18000e+02  2.44553e+00 
 2.18500e+02  2.44542e+00 
 2.19000e+02  2.44534e+00 
 2.19500e+02  2.44525e+00 
 2.20000e+02  2.44513e+00 
 2.20500e+02  2.44502e+00 
 2.21000e+02  2.44488e+00 
 2.21500e+02  2.44475e+00 
 2.22000e+02  2.44460e+00 
 2.22500e+02  2.44445e+00 
 2.23000e+02  2.44434e+00 
 2.23500e+02  2.44415e+00 
 2.24000e+02  2.44399e+00 
 2.24500e+02  2.44391e+00 
 2.25000e+02  2.44385e+00 
 2.25500e+02  2.44372e+00 
 2.26000e+02  2.44357e+00 
 2.26500e+02  2.44340e+00 
 2.27000e+02  2.44320e+00 
 2.27500e+02  2.44304e+00 
 2.28000e+02  2.44285e+00 
 2.28500e+02  2.44264e+00 
 2.29000e+02  2.44241e+00 
 2.29500e+02  2.44222e+00 
 2.30000e+02  2.44205e+00 
 2.30500e+02  2.44191e+00 
 2.31000e+02  2.44176e+00 
 2.31500e+02  2.44158e+00 
 2.32000e+02  2.44143e+00 
 2.32500e+02  2.44126e+00 
 2.33000e+02  2.44106e+00 
 2.33500e+02  2.44085e+00 
 2.34000e+02  2.44068e+00 
 2.34500e+02  2.44050e+00 
 2.35000e+02  2.44032e+00 
 2.35500e+02  2.44014e+00 
 2.36000e+02  2.43999e+00 
 2.36500e+02  2.43983e+00 
 2.37000e+02  2.43965e+00 
 2.37500e+02  2.43943e+00 
 2.38000e+02  2.43924e+00 
 2.38500e+02  2.43902e+00 
 2.39000e+02  2.43877e+00 
 2.39500e+02  2.43848e+00 
 2.40000e+02  2.43819e+00 
 2.40500e+02  2.43793e+00 
 2.41000e+02  2.43770e+00 
 2.41500e+02  2.43745e+00 
 2.42000e+02  2.43716e+00 
 2.42500e+02  2.43685e+00 
 2.43000e+02  2.43654e+00 
 2.43500e+02  2.43623e+00 
 2.44000e+02  2.43592e+00 
 2.44500e+02  2.43565e+00 
 2.45000e+02  2.43537e+00 
 2.45500e+02  2.43507e+00 
 2.46000e+02  2.43473e+00 
 2.46500e+02  2.43436e+00 
 2.47000e+02  2.43399e+00 
 2.47500e+02  2.43362e+00 
 2.48000e+02  2.43328e+00 
 2.48500e+02  2.43297e+00 
 2.49000e+02  2.43267e+00 
 2.49500e+02  2.43235e+00 
 2.50000e+02  2.43196e+00 
 2.50500e+02  2.43154e+00 
 2.51000e+02  2.43111e+00 
 2.51500e+02  2.43066e+00 
 2.52000e+02  2.43018e+00 
 2.52500e+02  2.42965e+00 
 2.53000e+02  2.42911e+00 
 2.53500e+02  2.42859e+00 
 2.54000e+02  2.42808e+00 
 2.54500e+02  2.42752e+00 
 2.55000e+02  2.42695e+00 
 2.55500e+02  2.42635e+00 
 2.56000e+02  2.42571e+00 
 2.56500e+02  2.42497e+00 
 2.57000e+02  2.42411e+00 
 2.57500e+02  2.42321e+00 
 2.58000e+02  2.42225e+00 
 2.58500e+02  2.42126e+00 
 2.59000e+02  2.42022e+00 
 2.59500e+02  2.41914e+00 
 2.60000e+02  2.41800e+00 
 2.60500e+02  2.41679e+00 
 2.61000e+02  2.41550e+00 
 2.61500e+02  2.41411e+00 
 2.62000e+02  2.41263e+00 
 2.62500e+02  2.41104e+00 
 2.63000e+02  2.40930e+00 
 2.63500e+02  2.40737e+00 
 2.64000e+02  2.40523e+00 
 2.64500e+02  2.40286e+00 
 2.65000e+02  2.40026e+00 
 2.65500e+02  2.39744e+00 
 2.66000e+02  2.39435e+00 
 2.66500e+02  2.39097e+00 
 2.67000e+02  2.38727e+00 
 2.67500e+02  2.38326e+00 
 2.68000e+02  2.37889e+00 
 2.68500e+02  2.37415e+00 
 2.69000e+02  2.36903e+00 
 2.69500e+02  2.36350e+00 
 2.70000e+02  2.35756e+00 
 2.70500e+02  2.35118e+00 
 2.71000e+02  2.34438e+00 
 2.71500e+02  2.33716e+00 
 2.72000e+02  2.32954e+00 
 2.72500e+02  2.32150e+00 
 2.73000e+02  2.31304e+00 
 2.73500e+02  2.30416e+00 
 2.74000e+02  2.29485e+00 
 2.74500e+02  2.28514e+00 
 2.75000e+02  2.27501e+00 
 2.75500e+02  2.26449e+00 
 2.76000e+02  2.25359e+00 
 2.76500e+02  2.24231e+00 
 2.77000e+02  2.23065e+00 
 2.77500e+02  2.21864e+00 
 2.78000e+02  2.20631e+00 
 2.78500e+02  2.19369e+00 
 2.79000e+02  2.18081e+00 
 2.79500e+02  2.16769e+00 
 2.80000e+02  2.15428e+00 
 2.80500e+02  2.14054e+00 
 2.81000e+02  2.12642e+00 
 2.81500e+02  2.11188e+00 
 2.82000e+02  2.09694e+00 
 2.82500e+02  2.08157e+00 
 2.83000e+02  2.06577e+00 
 2.83500e+02  2.04957e+00 
 2.84000e+02  2.03295e+00 
 2.84500e+02  2.01593e+00 
 2.85000e+02  1.99851e+00 
 2.85500e+02  1.98070e+00 
 2.86000e+02  1.96250e+00 
 2.86500e+02  1.94393e+00 
 2.87000e+02  1.92497e+00 
 2.87500e+02  1.90564e+00 
 2.88000e+02  1.88595e+00 
 2.88500e+02  1.86589e+00 
 2.89000e+02  1.84548e+00 
 2.89500e+02  1.82472e+00 
 2.90000e+02  1.80360e+00 
 2.90500e+02  1.78213e+00 
 2.91000e+02  1.76031e+00 
 2.91500e+02  1.73816e+00 
 2.92000e+02  1.71567e+00 
 2.92500e+02  1.69284e+00 
 2.93000e+02  1.66968e+00 
 2.93500e+02  1.64618e+00 
 2.94000e+02  1.62235e+00 
 2.94500e+02  1.59819e+00 
 2.95000e+02  1.57371e+00 
 2.95500e+02  1.54890e+00 
 2.96000e+02  1.52378e+00 
 2.96500e+02  1.49834e+00 
 2.97000e+02  1.47259e+00 
 2.97500e+02  1.44653e+00 
 2.98000e+02  1.42017e+00 
 2.98500e+02  1.39351e+00 
 2.99000e+02  1.36654e+00 
 2.99500e+02  1.33926e+00 
 3.00000e+02  1.31168e+00 
 3.00500e+02  1.28380e+00 
 3.01000e+02  1.25563e+00 
 3.01500e+02  1.22716e+00 
 3.02000e+02  1.19841e+00 
 3.02500e+02  1.16937e+00 
 3.03000e+02  1.14004e+00 
 3.03500e+02  1.11043e+00 
 3.04000e+02  1.08055e+00 
 3.04500e+02  1.05039e+00 
 3.05000e+02  1.01995e+00 
 3.05500e+02  9.89250e-01 
 3.06000e+02  9.58274e-01 
 3.06500e+02  9.27029e-01 
 3.07000e+02  8.95516e-01 
 3.07500e+02  8.63745e-01 
 3.08000e+02  8.31722e-01 
 3.08500e+02  7.99457e-01 
 3.09000e+02  7.66950e-01 
 3.09500e+02  7.34203e-01 
 3.10000e+02  7.01218e-01 
 3.10500e+02  6.68000e-01 
 3.11000e+02  6.34552e-01 
 3.11500e+02  6.00876e-01 
 3.12000e+02  5.66978e-01 
 3.12500e+02  5.32868e-01 
 3.13000e+02  4.98553e-01 
 3.13500e+02  4.64038e-01 
 3.14000e+02  4.29327e-01 
 3.14500e+02  3.94421e-01 
 3.15000e+02  3.59330e-01 
 3.15500e+02  3.24061e-01 
 3.16000e+02  2.88623e-01 
 3.16500e+02  2.53029e-01 
 3.17000e+02  2.17298e-01 
 3.17500e+02  1.81446e-01 
 3.18000e+02  1.45486e-01 
 3.18500e+02  1.09443e-01 
 3.19000e+02  7.33614e-02 
 3.19500e+02  3.73225e-02 
