 0.00000e+00  0.00000e+00 
 5.00000e-01  4.16975e-02 
 1.00000e+00  8.31102e-02 
 1.50000e+00  1.24227e-01 
 2.00000e+00  1.65045e-01 
 2.50000e+00  2.05562e-01 
 3.00000e+00  2.45774e-01 
 3.50000e+00  2.85679e-01 
 4.00000e+00  3.25271e-01 
 4.50000e+00  3.64548e-01 
 5.00000e+00  4.03507e-01 
 5.50000e+00  4.42146e-01 
 6.00000e+00  4.80466e-01 
 6.50000e+00  5.18463e-01 
 7.00000e+00  5.56135e-01 
 7.50000e+00  5.93479e-01 
 8.00000e+00  6.30493e-01 
 8.50000e+00  6.67175e-01 
 9.00000e+00  7.03523e-01 
 9.50000e+00  7.39535e-01 
 1.00000e+01  7.75209e-01 
 1.05000e+01  8.10541e-01 
 1.10000e+01  8.45530e-01 
 1.15000e+01  8.80175e-01 
 1.20000e+01  9.14473e-01 
 1.25000e+01  9.48420e-01 
 1.30000e+01  9.82016e-01 
 1.35000e+01  1.01526e+00 
 1.40000e+01  1.04814e+00 
 1.45000e+01  1.08067e+00 
 1.50000e+01  1.11283e+00 
 1.55000e+01  1.14464e+00 
 1.60000e+01  1.17609e+00 
 1.65000e+01  1.20717e+00 
 1.70000e+01  1.23789e+00 
 1.75000e+01  1.26825e+00 
 1.80000e+01  1.29823e+00 
 1.85000e+01  1.32785e+00 
 1.90000e+01  1.35711e+00 
 1.95000e+01  1.38599e+00 
 2.00000e+01  1.41451e+00 
 2.05000e+01  1.44266e+00 
 2.10000e+01  1.47044e+00 
 2.15000e+01  1.49786e+00 
 2.20000e+01  1.52491e+00 
 2.25000e+01  1.55158e+00 
 2.30000e+01  1.57789e+00 
 2.35000e+01  1.60383e+00 
 2.40000e+01  1.62939e+00 
 2.45000e+01  1.65458e+00 
 2.50000e+01  1.67939e+00 
 2.55000e+01  1.70383e+00 
 2.60000e+01  1.72789e+00 
 2.65000e+01  1.75157e+00 
 2.70000e+01  1.77487e+00 
 2.75000e+01  1.79780e+00 
 2.80000e+01  1.82033e+00 
 2.85000e+01  1.84248e+00 
 2.90000e+01  1.86424e+00 
 2.95000e+01  1.88561e+00 
 3.00000e+01  1.90658e+00 
 3.05000e+01  1.92714e+00 
 3.10000e+01  1.94730e+00 
 3.15000e+01  1.96705e+00 
 3.20000e+01  1.98639e+00 
 3.25000e+01  2.00532e+00 
 3.30000e+01  2.02383e+00 
 3.35000e+01  2.04191e+00 
 3.40000e+01  2.05957e+00 
 3.45000e+01  2.07679e+00 
 3.50000e+01  2.09358e+00 
 3.55000e+01  2.10993e+00 
 3.60000e+01  2.12584e+00 
 3.65000e+01  2.14130e+00 
 3.70000e+01  2.15633e+00 
 3.75000e+01  2.17091e+00 
 3.80000e+01  2.18505e+00 
 3.85000e+01  2.19876e+00 
 3.90000e+01  2.21203e+00 
 3.95000e+01  2.22486e+00 
 4.00000e+01  2.23724e+00 
 4.05000e+01  2.24917e+00 
 4.10000e+01  2.26065e+00 
 4.15000e+01  2.27167e+00 
 4.20000e+01  2.28223e+00 
 4.25000e+01  2.29233e+00 
 4.30000e+01  2.30196e+00 
 4.35000e+01  2.31113e+00 
 4.40000e+01  2.31984e+00 
 4.45000e+01  2.32810e+00 
 4.50000e+01  2.33590e+00 
 4.55000e+01  2.34325e+00 
 4.60000e+01  2.35015e+00 
 4.65000e+01  2.35661e+00 
 4.70000e+01  2.36264e+00 
 4.75000e+01  2.36823e+00 
 4.80000e+01  2.37341e+00 
 4.85000e+01  2.37819e+00 
 4.90000e+01  2.38258e+00 
 4.95000e+01  2.38662e+00 
 5.00000e+01  2.39032e+00 
 5.05000e+01  2.39368e+00 
 5.10000e+01  2.39675e+00 
 5.15000e+01  2.39955e+00 
 5.20000e+01  2.40213e+00 
 5.25000e+01  2.40447e+00 
 5.30000e+01  2.40661e+00 
 5.35000e+01  2.40856e+00 
 5.40000e+01  2.41035e+00 
 5.45000e+01  2.41200e+00 
 5.50000e+01  2.41350e+00 
 5.55000e+01  2.41487e+00 
 5.60000e+01  2.41613e+00 
 5.65000e+01  2.41727e+00 
 5.70000e+01  2.41831e+00 
 5.75000e+01  2.41928e+00 
 5.80000e+01  2.42022e+00 
 5.85000e+01  2.42112e+00 
 5.90000e+01  2.42198e+00 
 5.95000e+01  2.42282e+00 
 6.00000e+01  2.42362e+00 
 6.05000e+01  2.42435e+00 
 6.10000e+01  2.42503e+00 
 6.15000e+01  2.42565e+00 
 6.20000e+01  2.42620e+00 
 6.25000e+01  2.42674e+00 
 6.30000e+01  2.42726e+00 
 6.35000e+01  2.42777e+00 
 6.40000e+01  2.42823e+00 
 6.45000e+01  2.42864e+00 
 6.50000e+01  2.42902e+00 
 6.55000e+01  2.42941e+00 
 6.60000e+01  2.42981e+00 
 6.65000e+01  2.43023e+00 
 6.70000e+01  2.43062e+00 
 6.75000e+01  2.43099e+00 
 6.80000e+01  2.43134e+00 
 6.85000e+01  2.43172e+00 
 6.90000e+01  2.43214e+00 
 6.95000e+01  2.43255e+00 
 7.00000e+01  2.43294e+00 
 7.05000e+01  2.43330e+00 
 7.10000e+01  2.43363e+00 
 7.15000e+01  2.43395e+00 
 7.20000e+01  2.43427e+00 
 7.25000e+01  2.43456e+00 
 7.30000e+01  2.43483e+00 
 7.35000e+01  2.43507e+00 
 7.40000e+01  2.43531e+00 
 7.45000e+01  2.43554e+00 
 7.50000e+01  2.43576e+00 
 7.55000e+01  2.43602e+00 
 7.60000e+01  2.43628e+00 
 7.65000e+01  2.43653e+00 
 7.70000e+01  2.43678e+00 
 7.75000e+01  2.43700e+00 
 7.80000e+01  2.43715e+00 
 7.85000e+01  2.43730e+00 
 7.90000e+01  2.43752e+00 
 7.95000e+01  2.43776e+00 
 8.00000e+01  2.43798e+00 
 8.05000e+01  2.43814e+00 
 8.10000e+01  2.43832e+00 
 8.15000e+01  2.43856e+00 
 8.20000e+01  2.43877e+00 
 8.25000e+01  2.43897e+00 
 8.30000e+01  2.43916e+00 
 8.35000e+01  2.43932e+00 
 8.40000e+01  2.43948e+00 
 8.45000e+01  2.43963e+00 
 8.50000e+01  2.43978e+00 
 8.55000e+01  2.44000e+00 
 8.60000e+01  2.44021e+00 
 8.65000e+01  2.44033e+00 
 8.70000e+01  2.44042e+00 
 8.75000e+01  2.44056e+00 
 8.80000e+01  2.44076e+00 
 8.85000e+01  2.44095e+00 
 8.90000e+01  2.44109e+00 
 8.95000e+01  2.44127e+00 
 9.00000e+01  2.44148e+00 
 9.05000e+01  2.44164e+00 
 9.10000e+01  2.44173e+00 
 9.15000e+01  2.44182e+00 
 9.20000e+01  2.44196e+00 
 9.25000e+01  2.44207e+00 
 9.30000e+01  2.44215e+00 
 9.35000e+01  2.44230e+00 
 9.40000e+01  2.44241e+00 
 9.45000e+01  2.44253e+00 
 9.50000e+01  2.44268e+00 
 9.55000e+01  2.44280e+00 
 9.60000e+01  2.44290e+00 
 9.65000e+01  2.44300e+00 
 9.70000e+01  2.44314e+00 
 9.75000e+01  2.44330e+00 
 9.80000e+01  2.44346e+00 
 9.85000e+01  2.44352e+00 
 9.90000e+01  2.44361e+00 
 9.95000e+01  2.44372e+00 
 1.00000e+02  2.44382e+00 
 1.00500e+02  2.44390e+00 
 1.01000e+02  2.44402e+00 
 1.01500e+02  2.44409e+00 
 1.02000e+02  2.44416e+00 
 1.02500e+02  2.44424e+00 
 1.03000e+02  2.44436e+00 
 1.03500e+02  2.44441e+00 
 1.04000e+02  2.44444e+00 
 1.04500e+02  2.44454e+00 
 1.05000e+02  2.44463e+00 
 1.05500e+02  2.44470e+00 
 1.06000e+02  2.44481e+00 
 1.06500e+02  2.44487e+00 
 1.07000e+02  2.44491e+00 
 1.07500e+02  2.44495e+00 
 1.08000e+02  2.44501e+00 
 1.08500e+02  2.44509e+00 
 1.09000e+02  2.44516e+00 
 1.09500e+02  2.44517e+00 
 1.10000e+02  2.44524e+00 
 1.10500e+02  2.44533e+00 
 1.11000e+02  2.44533e+00 
 1.11500e+02  2.44536e+00 
 1.12000e+02  2.44542e+00 
 1.12500e+02  2.44542e+00 
 1.13000e+02  2.44547e+00 
 1.13500e+02  2.44550e+00 
 1.14000e+02  2.44554e+00 
 1.14500e+02  2.44559e+00 
 1.15000e+02  2.44561e+00 
 1.15500e+02  2.44568e+00 
 1.16000e+02  2.44571e+00 
 1.16500e+02  2.44570e+00 
 1.17000e+02  2.44577e+00 
 1.17500e+02  2.44577e+00 
 1.18000e+02  2.44577e+00 
 1.18500e+02  2.44583e+00 
 1.19000e+02  2.44583e+00 
 1.19500e+02  2.44584e+00 
 1.20000e+02  2.44585e+00 
 1.20500e+02  2.44587e+00 
 1.21000e+02  2.44591e+00 
 1.21500e+02  2.44590e+00 
 1.22000e+02  2.44593e+00 
 1.22500e+02  2.44594e+00 
 1.23000e+02  2.44593e+00 
 1.23500e+02  2.44596e+00 
 1.24000e+02  2.44601e+00 
 1.24500e+02  2.44599e+00 
 1.25000e+02  2.44600e+00 
 1.25500e+02  2.44600e+00 
 1.26000e+02  2.44606e+00 
 1.26500e+02  2.44605e+00 
 1.27000e+02  2.44609e+00 
 1.27500e+02  2.44610e+00 
 1.28000e+02  2.44610e+00 
 1.28500e+02  2.44615e+00 
 1.29000e+02  2.44615e+00 
 1.29500e+02  2.44615e+00 
 1.30000e+02  2.44616e+00 
 1.30500e+02  2.44618e+00 
 1.31000e+02  2.44620e+00 
 1.31500e+02  2.44621e+00 
 1.32000e+02  2.44622e+00 
 1.32500e+02  2.44623e+00 
 1.33000e+02  2.44620e+00 
 1.33500e+02  2.44624e+00 
 1.34000e+02  2.44624e+00 
 1.34500e+02  2.44622e+00 
 1.35000e+02  2.44626e+00 
 1.35500e+02  2.44625e+00 
 1.36000e+02  2.44626e+00 
 1.36500e+02  2.44626e+00 
 1.37000e+02  2.44628e+00 
 1.37500e+02  2.44628e+00 
 1.38000e+02  2.44631e+00 
 1.38500e+02  2.44629e+00 
 1.39000e+02  2.44632e+00 
 1.39500e+02  2.44631e+00 
 1.40000e+02  2.44633e+00 
 1.40500e+02  2.44633e+00 
 1.41000e+02  2.44633e+00 
 1.41500e+02  2.44633e+00 
 1.42000e+02  2.44633e+00 
 1.42500e+02  2.44636e+00 
 1.43000e+02  2.44631e+00 
 1.43500e+02  2.44637e+00 
 1.44000e+02  2.44634e+00 
 1.44500e+02  2.44638e+00 
 1.45000e+02  2.44637e+00 
 1.45500e+02  2.44640e+00 
 1.46000e+02  2.44639e+00 
 1.46500e+02  2.44639e+00 
 1.47000e+02  2.44644e+00 
 1.47500e+02  2.44641e+00 
 1.48000e+02  2.44641e+00 
 1.48500e+02  2.44644e+00 
 1.49000e+02  2.44642e+00 
 1.49500e+02  2.44645e+00 
 1.50000e+02  2.44642e+00 
 1.50500e+02  2.44641e+00 
 1.51000e+02  2.44645e+00 
 1.51500e+02  2.44642e+00 
 1.52000e+02  2.44644e+00 
 1.52500e+02  2.44643e+00 
 1.53000e+02  2.44643e+00 
 1.53500e+02  2.44642e+00 
 1.54000e+02  2.44642e+00 
 1.54500e+02  2.44644e+00 
 1.55000e+02  2.44641e+00 
 1.55500e+02  2.44641e+00 
 1.56000e+02  2.44640e+00 
 1.56500e+02  2.44642e+00 
 1.57000e+02  2.44641e+00 
 1.57500e+02  2.44642e+00 
 1.58000e+02  2.44643e+00 
 1.58500e+02  2.44641e+00 
 1.59000e+02  2.44643e+00 
 1.59500e+02  2.44638e+00 
 1.60000e+02  2.44641e+00 
 1.60500e+02  2.44643e+00 
 1.61000e+02  2.44639e+00 
 1.61500e+02  2.44641e+00 
 1.62000e+02  2.44639e+00 
 1.62500e+02  2.44639e+00 
 1.63000e+02  2.44635e+00 
 1.63500e+02  2.44637e+00 
 1.64000e+02  2.44636e+00 
 1.64500e+02  2.44635e+00 
 1.65000e+02  2.44637e+00 
 1.65500e+02  2.44633e+00 
 1.66000e+02  2.44639e+00 
 1.66500e+02  2.44635e+00 
 1.67000e+02  2.44637e+00 
 1.67500e+02  2.44636e+00 
 1.68000e+02  2.44636e+00 
 1.68500e+02  2.44636e+00 
 1.69000e+02  2.44632e+00 
 1.69500e+02  2.44635e+00 
 1.70000e+02  2.44631e+00 
 1.70500e+02  2.44634e+00 
 1.71000e+02  2.44632e+00 
 1.71500e+02  2.44632e+00 
 1.72000e+02  2.44629e+00 
 1.72500e+02  2.44626e+00 
 1.73000e+02  2.44627e+00 
 1.73500e+02  2.44625e+00 
 1.74000e+02  2.44625e+00 
 1.74500e+02  2.44622e+00 
 1.75000e+02  2.44624e+00 
 1.75500e+02  2.44621e+00 
 1.76000e+02  2.44620e+00 
 1.76500e+02  2.44621e+00 
 1.77000e+02  2.44617e+00 
 1.77500e+02  2.44618e+00 
 1.78000e+02  2.44614e+00 
 1.78500e+02  2.44614e+00 
 1.79000e+02  2.44615e+00 
 1.79500e+02  2.44614e+00 
 1.80000e+02  2.44615e+00 
 1.80500e+02  2.44611e+00 
 1.81000e+02  2.44609e+00 
 1.81500e+02  2.44609e+00 
 1.82000e+02  2.44606e+00 
 1.82500e+02  2.44604e+00 
 1.83000e+02  2.44605e+00 
 1.83500e+02  2.44601e+00 
 1.84000e+02  2.44600e+00 
 1.84500e+02  2.44602e+00 
 1.85000e+02  2.44599e+00 
 1.85500e+02  2.44597e+00 
 1.86000e+02  2.44597e+00 
 1.86500e+02  2.44595e+00 
 1.87000e+02  2.44597e+00 
 1.87500e+02  2.44594e+00 
 1.88000e+02  2.44592e+00 
 1.88500e+02  2.44590e+00 
 1.89000e+02  2.44587e+00 
 1.89500e+02  2.44588e+00 
 1.90000e+02  2.44585e+00 
 1.90500e+02  2.44583e+00 
 1.91000e+02  2.44583e+00 
 1.91500e+02  2.44581e+00 
 1.92000e+02  2.44578e+00 
 1.92500e+02  2.44577e+00 
 1.93000e+02  2.44574e+00 
 1.93500e+02  2.44577e+00 
 1.94000e+02  2.44568e+00 
 1.94500e+02  2.44569e+00 
 1.95000e+02  2.44566e+00 
 1.95500e+02  2.44564e+00 
 1.96000e+02  2.44564e+00 
 1.96500e+02  2.44558e+00 
 1.97000e+02  2.44555e+00 
 1.97500e+02  2.44554e+00 
 1.98000e+02  2.44554e+00 
 1.98500e+02  2.44551e+00 
 1.99000e+02  2.44546e+00 
 1.99500e+02  2.44543e+00 
 2.00000e+02  2.44542e+00 
 2.00500e+02  2.44538e+00 
 2.01000e+02  2.44535e+00 
 2.01500e+02  2.44533e+00 
 2.02000e+02  2.44528e+00 
 2.02500e+02  2.44524e+00 
 2.03000e+02  2.44522e+00 
 2.03500e+02  2.44516e+00 
 2.04000e+02  2.44514e+00 
 2.04500e+02  2.44510e+00 
 2.05000e+02  2.44504e+00 
 2.05500e+02  2.44505e+00 
 2.06000e+02  2.44500e+00 
 2.06500e+02  2.44492e+00 
 2.07000e+02  2.44489e+00 
 2.07500e+02  2.44484e+00 
 2.08000e+02  2.44478e+00 
 2.08500e+02  2.44475e+00 
 2.09000e+02  2.44469e+00 
 2.09500e+02  2.44461e+00 
 2.10000e+02  2.44456e+00 
 2.10500e+02  2.44451e+00 
 2.11000e+02  2.44443e+00 
 2.11500e+02  2.44433e+00 
 2.12000e+02  2.44428e+00 
 2.12500e+02  2.44423e+00 
 2.13000e+02  2.44417e+00 
 2.13500e+02  2.44408e+00 
 2.14000e+02  2.44397e+00 
 2.14500e+02  2.44388e+00 
 2.15000e+02  2.44380e+00 
 2.15500e+02  2.44372e+00 
 2.16000e+02  2.44358e+00 
 2.16500e+02  2.44351e+00 
 2.17000e+02  2.44345e+00 
 2.17500e+02  2.44335e+00 
 2.18000e+02  2.44322e+00 
 2.18500e+02  2.44308e+00 
 2.19000e+02  2.44304e+00 
 2.19500e+02  2.44295e+00 
 2.20000e+02  2.44282e+00 
 2.20500e+02  2.44267e+00 
 2.21000e+02  2.44253e+00 
 2.21500e+02  2.44235e+00 
 2.22000e+02  2.44217e+00 
 2.22500e+02  2.44206e+00 
 2.23000e+02  2.44194e+00 
 2.23500e+02  2.44174e+00 
 2.24000e+02  2.44155e+00 
 2.24500e+02  2.44138e+00 
 2.25000e+02  2.44126e+00 
 2.25500e+02  2.44117e+00 
 2.26000e+02  2.44101e+00 
 2.26500e+02  2.44081e+00 
 2.27000e+02  2.44062e+00 
 2.27500e+02  2.44044e+00 
 2.28000e+02  2.44027e+00 
 2.28500e+02  2.44010e+00 
 2.29000e+02  2.43995e+00 
 2.29500e+02  2.43976e+00 
 2.30000e+02  2.43959e+00 
 2.30500e+02  2.43943e+00 
 2.31000e+02  2.43922e+00 
 2.31500e+02  2.43900e+00 
 2.32000e+02  2.43882e+00 
 2.32500e+02  2.43869e+00 
 2.33000e+02  2.43848e+00 
 2.33500e+02  2.43824e+00 
 2.34000e+02  2.43807e+00 
 2.34500e+02  2.43786e+00 
 2.35000e+02  2.43759e+00 
 2.35500e+02  2.43731e+00 
 2.36000e+02  2.43714e+00 
 2.36500e+02  2.43697e+00 
 2.37000e+02  2.43678e+00 
 2.37500e+02  2.43658e+00 
 2.38000e+02  2.43635e+00 
 2.38500e+02  2.43612e+00 
 2.39000e+02  2.43587e+00 
 2.39500e+02  2.43560e+00 
 2.40000e+02  2.43534e+00 
 2.40500e+02  2.43509e+00 
 2.41000e+02  2.43482e+00 
 2.41500e+02  2.43454e+00 
 2.42000e+02  2.43431e+00 
 2.42500e+02  2.43405e+00 
 2.43000e+02  2.43381e+00 
 2.43500e+02  2.43357e+00 
 2.44000e+02  2.43328e+00 
 2.44500e+02  2.43289e+00 
 2.45000e+02  2.43247e+00 
 2.45500e+02  2.43210e+00 
 2.46000e+02  2.43180e+00 
 2.46500e+02  2.43152e+00 
 2.47000e+02  2.43126e+00 
 2.47500e+02  2.43098e+00 
 2.48000e+02  2.43068e+00 
 2.48500e+02  2.43030e+00 
 2.49000e+02  2.42986e+00 
 2.49500e+02  2.42938e+00 
 2.50000e+02  2.42887e+00 
 2.50500e+02  2.42834e+00 
 2.51000e+02  2.42785e+00 
 2.51500e+02  2.42737e+00 
 2.52000e+02  2.42687e+00 
 2.52500e+02  2.42635e+00 
 2.53000e+02  2.42584e+00 
 2.53500e+02  2.42533e+00 
 2.54000e+02  2.42478e+00 
 2.54500e+02  2.42415e+00 
 2.55000e+02  2.42349e+00 
 2.55500e+02  2.42281e+00 
 2.56000e+02  2.42210e+00 
 2.56500e+02  2.42135e+00 
 2.57000e+02  2.42053e+00 
 2.57500e+02  2.41967e+00 
 2.58000e+02  2.41879e+00 
 2.58500e+02  2.41785e+00 
 2.59000e+02  2.41683e+00 
 2.59500e+02  2.41574e+00 
 2.60000e+02  2.41456e+00 
 2.60500e+02  2.41327e+00 
 2.61000e+02  2.41184e+00 
 2.61500e+02  2.41028e+00 
 2.62000e+02  2.40860e+00 
 2.62500e+02  2.40678e+00 
 2.63000e+02  2.40480e+00 
 2.63500e+02  2.40263e+00 
 2.64000e+02  2.40027e+00 
 2.64500e+02  2.39771e+00 
 2.65000e+02  2.39491e+00 
 2.65500e+02  2.39187e+00 
 2.66000e+02  2.38857e+00 
 2.66500e+02  2.38498e+00 
 2.67000e+02  2.38110e+00 
 2.67500e+02  2.37690e+00 
 2.68000e+02  2.37235e+00 
 2.68500e+02  2.36745e+00 
 2.69000e+02  2.36217e+00 
 2.69500e+02  2.35648e+00 
 2.70000e+02  2.35039e+00 
 2.70500e+02  2.34387e+00 
 2.71000e+02  2.33693e+00 
 2.71500e+02  2.32956e+00 
 2.72000e+02  2.32176e+00 
 2.72500e+02  2.31355e+00 
 2.73000e+02  2.30492e+00 
 2.73500e+02  2.29587e+00 
 2.74000e+02  2.28640e+00 
 2.74500e+02  2.27653e+00 
 2.75000e+02  2.26624e+00 
 2.75500e+02  2.25557e+00 
 2.76000e+02  2.24453e+00 
 2.76500e+02  2.23311e+00 
 2.77000e+02  2.22133e+00 
 2.77500e+02  2.20923e+00 
 2.78000e+02  2.19682e+00 
 2.78500e+02  2.18414e+00 
 2.79000e+02  2.17119e+00 
 2.79500e+02  2.15796e+00 
 2.80000e+02  2.14442e+00 
 2.80500e+02  2.13051e+00 
 2.81000e+02  2.11623e+00 
 2.81500e+02  2.10155e+00 
 2.82000e+02  2.08647e+00 
 2.82500e+02  2.07097e+00 
 2.83000e+02  2.05505e+00 
 2.83500e+02  2.03872e+00 
 2.84000e+02  2.02199e+00 
 2.84500e+02  2.00485e+00 
 2.85000e+02  1.98732e+00 
 2.85500e+02  1.96940e+00 
 2.86000e+02  1.95109e+00 
 2.86500e+02  1.93241e+00 
 2.87000e+02  1.91334e+00 
 2.87500e+02  1.89391e+00 
 2.88000e+02  1.87411e+00 
 2.88500e+02  1.85395e+00 
 2.89000e+02  1.83343e+00 
 2.89500e+02  1.81257e+00 
 2.90000e+02  1.79136e+00 
 2.90500e+02  1.76980e+00 
 2.91000e+02  1.74791e+00 
 2.91500e+02  1.72567e+00 
 2.92000e+02  1.70310e+00 
 2.92500e+02  1.68020e+00 
 2.93000e+02  1.65697e+00 
 2.93500e+02  1.63342e+00 
 2.94000e+02  1.60954e+00 
 2.94500e+02  1.58535e+00 
 2.95000e+02  1.56084e+00 
 2.95500e+02  1.53602e+00 
 2.96000e+02  1.51089e+00 
 2.96500e+02  1.48545e+00 
 2.97000e+02  1.45971e+00 
 2.97500e+02  1.43367e+00 
 2.98000e+02  1.40733e+00 
 2.98500e+02  1.38070e+00 
 2.99000e+02  1.35376e+00 
 2.99500e+02  1.32652e+00 
 3.00000e+02  1.29899e+00 
 3.00500e+02  1.27116e+00 
 3.01000e+02  1.24305e+00 
 3.01500e+02  1.21465e+00 
 3.02000e+02  1.18597e+00 
 3.02500e+02  1.15701e+00 
 3.03000e+02  1.12779e+00 
 3.03500e+02  1.09829e+00 
 3.04000e+02  1.06852e+00 
 3.04500e+02  1.03849e+00 
 3.05000e+02  1.00819e+00 
 3.05500e+02  9.77637e-01 
 3.06000e+02  9.46824e-01 
 3.06500e+02  9.15758e-01 
 3.07000e+02  8.84445e-01 
 3.07500e+02  8.52888e-01 
 3.08000e+02  8.21089e-01 
 3.08500e+02  7.89050e-01 
 3.09000e+02  7.56778e-01 
 3.09500e+02  7.24271e-01 
 3.10000e+02  6.91530e-01 
 3.10500e+02  6.58559e-01 
 3.11000e+02  6.25365e-01 
 3.11500e+02  5.91951e-01 
 3.12000e+02  5.58320e-01 
 3.12500e+02  5.24476e-01 
 3.13000e+02  4.90427e-01 
 3.13500e+02  4.56182e-01 
 3.14000e+02  4.21746e-01 
 3.14500e+02  3.87123e-01 
 3.15000e+02  3.52317e-01 
 3.15500e+02  3.17337e-01 
 3.16000e+02  2.82193e-01 
 3.16500e+02  2.46901e-01 
 3.17000e+02  2.11477e-01 
 3.17500e+02  1.75932e-01 
 3.18000e+02  1.40288e-01 
 3.18500e+02  1.04565e-01 
 3.19000e+02  6.88066e-02 
 3.19500e+02  3.30936e-02 
