 0.00000e+00  0.00000e+00 
 5.00000e-01  4.17522e-02 
 1.00000e+00  8.32205e-02 
 1.50000e+00  1.24399e-01 
 2.00000e+00  1.65281e-01 
 2.50000e+00  2.05864e-01 
 3.00000e+00  2.46144e-01 
 3.50000e+00  2.86118e-01 
 4.00000e+00  3.25782e-01 
 4.50000e+00  3.65131e-01 
 5.00000e+00  4.04164e-01 
 5.50000e+00  4.42879e-01 
 6.00000e+00  4.81278e-01 
 6.50000e+00  5.19354e-01 
 7.00000e+00  5.57108e-01 
 7.50000e+00  5.94535e-01 
 8.00000e+00  6.31635e-01 
 8.50000e+00  6.68404e-01 
 9.00000e+00  7.04842e-01 
 9.50000e+00  7.40946e-01 
 1.00000e+01  7.76714e-01 
 1.05000e+01  8.12146e-01 
 1.10000e+01  8.47236e-01 
 1.15000e+01  8.81980e-01 
 1.20000e+01  9.16378e-01 
 1.25000e+01  9.50428e-01 
 1.30000e+01  9.84128e-01 
 1.35000e+01  1.01747e+00 
 1.40000e+01  1.05046e+00 
 1.45000e+01  1.08309e+00 
 1.50000e+01  1.11536e+00 
 1.55000e+01  1.14727e+00 
 1.60000e+01  1.17882e+00 
 1.65000e+01  1.21000e+00 
 1.70000e+01  1.24082e+00 
 1.75000e+01  1.27127e+00 
 1.80000e+01  1.30136e+00 
 1.85000e+01  1.33107e+00 
 1.90000e+01  1.36042e+00 
 1.95000e+01  1.38940e+00 
 2.00000e+01  1.41800e+00 
 2.05000e+01  1.44624e+00 
 2.10000e+01  1.47411e+00 
 2.15000e+01  1.50162e+00 
 2.20000e+01  1.52875e+00 
 2.25000e+01  1.55551e+00 
 2.30000e+01  1.58189e+00 
 2.35000e+01  1.60791e+00 
 2.40000e+01  1.63355e+00 
 2.45000e+01  1.65881e+00 
 2.50000e+01  1.68369e+00 
 2.55000e+01  1.70820e+00 
 2.60000e+01  1.73232e+00 
 2.65000e+01  1.75606e+00 
 2.70000e+01  1.77942e+00 
 2.75000e+01  1.80240e+00 
 2.80000e+01  1.82500e+00 
 2.85000e+01  1.84720e+00 
 2.90000e+01  1.86901e+00 
 2.95000e+01  1.89042e+00 
 3.00000e+01  1.91143e+00 
 3.05000e+01  1.93203e+00 
 3.10000e+01  1.95222e+00 
 3.15000e+01  1.97201e+00 
 3.20000e+01  1.99138e+00 
 3.25000e+01  2.01033e+00 
 3.30000e+01  2.02887e+00 
 3.35000e+01  2.04699e+00 
 3.40000e+01  2.06469e+00 
 3.45000e+01  2.08195e+00 
 3.50000e+01  2.09879e+00 
 3.55000e+01  2.11518e+00 
 3.60000e+01  2.13114e+00 
 3.65000e+01  2.14664e+00 
 3.70000e+01  2.16169e+00 
 3.75000e+01  2.17629e+00 
 3.80000e+01  2.19046e+00 
 3.85000e+01  2.20419e+00 
 3.90000e+01  2.21748e+00 
 3.95000e+01  2.23033e+00 
 4.00000e+01  2.24273e+00 
 4.05000e+01  2.25468e+00 
 4.10000e+01  2.26617e+00 
 4.15000e+01  2.27720e+00 
 4.20000e+01  2.28776e+00 
 4.25000e+01  2.29784e+00 
 4.30000e+01  2.30746e+00 
 4.35000e+01  2.31662e+00 
 4.40000e+01  2.32530e+00 
 4.45000e+01  2.33352e+00 
 4.50000e+01  2.34129e+00 
 4.55000e+01  2.34862e+00 
 4.60000e+01  2.35550e+00 
 4.65000e+01  2.36195e+00 
 4.70000e+01  2.36797e+00 
 4.75000e+01  2.37355e+00 
 4.80000e+01  2.37873e+00 
 4.85000e+01  2.38351e+00 
 4.90000e+01  2.38793e+00 
 4.95000e+01  2.39199e+00 
 5.00000e+01  2.39571e+00 
 5.05000e+01  2.39911e+00 
 5.10000e+01  2.40222e+00 
 5.15000e+01  2.40507e+00 
 5.20000e+01  2.40768e+00 
 5.25000e+01  2.41007e+00 
 5.30000e+01  2.41227e+00 
 5.35000e+01  2.41428e+00 
 5.40000e+01  2.41612e+00 
 5.45000e+01  2.41782e+00 
 5.50000e+01  2.41937e+00 
 5.55000e+01  2.42076e+00 
 5.60000e+01  2.42202e+00 
 5.65000e+01  2.42318e+00 
 5.70000e+01  2.42427e+00 
 5.75000e+01  2.42527e+00 
 5.80000e+01  2.42619e+00 
 5.85000e+01  2.42706e+00 
 5.90000e+01  2.42789e+00 
 5.95000e+01  2.42870e+00 
 6.00000e+01  2.42950e+00 
 6.05000e+01  2.43028e+00 
 6.10000e+01  2.43100e+00 
 6.15000e+01  2.43164e+00 
 6.20000e+01  2.43221e+00 
 6.25000e+01  2.43274e+00 
 6.30000e+01  2.43323e+00 
 6.35000e+01  2.43371e+00 
 6.40000e+01  2.43415e+00 
 6.45000e+01  2.43452e+00 
 6.50000e+01  2.43487e+00 
 6.55000e+01  2.43523e+00 
 6.60000e+01  2.43566e+00 
 6.65000e+01  2.43615e+00 
 6.70000e+01  2.43661e+00 
 6.75000e+01  2.43703e+00 
 6.80000e+01  2.43741e+00 
 6.85000e+01  2.43778e+00 
 6.90000e+01  2.43814e+00 
 6.95000e+01  2.43849e+00 
 7.00000e+01  2.43884e+00 
 7.05000e+01  2.43916e+00 
 7.10000e+01  2.43946e+00 
 7.15000e+01  2.43977e+00 
 7.20000e+01  2.44010e+00 
 7.25000e+01  2.44039e+00 
 7.30000e+01  2.44067e+00 
 7.35000e+01  2.44098e+00 
 7.40000e+01  2.44128e+00 
 7.45000e+01  2.44150e+00 
 7.50000e+01  2.44173e+00 
 7.55000e+01  2.44202e+00 
 7.60000e+01  2.44230e+00 
 7.65000e+01  2.44255e+00 
 7.70000e+01  2.44275e+00 
 7.75000e+01  2.44291e+00 
 7.80000e+01  2.44307e+00 
 7.85000e+01  2.44325e+00 
 7.90000e+01  2.44348e+00 
 7.95000e+01  2.44376e+00 
 8.00000e+01  2.44402e+00 
 8.05000e+01  2.44428e+00 
 8.10000e+01  2.44448e+00 
 8.15000e+01  2.44466e+00 
 8.20000e+01  2.44488e+00 
 8.25000e+01  2.44505e+00 
 8.30000e+01  2.44521e+00 
 8.35000e+01  2.44535e+00 
 8.40000e+01  2.44549e+00 
 8.45000e+01  2.44567e+00 
 8.50000e+01  2.44582e+00 
 8.55000e+01  2.44601e+00 
 8.60000e+01  2.44621e+00 
 8.65000e+01  2.44637e+00 
 8.70000e+01  2.44647e+00 
 8.75000e+01  2.44658e+00 
 8.80000e+01  2.44671e+00 
 8.85000e+01  2.44685e+00 
 8.90000e+01  2.44700e+00 
 8.95000e+01  2.44718e+00 
 9.00000e+01  2.44738e+00 
 9.05000e+01  2.44751e+00 
 9.10000e+01  2.44766e+00 
 9.15000e+01  2.44781e+00 
 9.20000e+01  2.44792e+00 
 9.25000e+01  2.44800e+00 
 9.30000e+01  2.44815e+00 
 9.35000e+01  2.44833e+00 
 9.40000e+01  2.44847e+00 
 9.45000e+01  2.44856e+00 
 9.50000e+01  2.44866e+00 
 9.55000e+01  2.44879e+00 
 9.60000e+01  2.44887e+00 
 9.65000e+01  2.44894e+00 
 9.70000e+01  2.44903e+00 
 9.75000e+01  2.44914e+00 
 9.80000e+01  2.44924e+00 
 9.85000e+01  2.44931e+00 
 9.90000e+01  2.44942e+00 
 9.95000e+01  2.44954e+00 
 1.00000e+02  2.44965e+00 
 1.00500e+02  2.44975e+00 
 1.01000e+02  2.44981e+00 
 1.01500e+02  2.44994e+00 
 1.02000e+02  2.45005e+00 
 1.02500e+02  2.45009e+00 
 1.03000e+02  2.45016e+00 
 1.03500e+02  2.45022e+00 
 1.04000e+02  2.45029e+00 
 1.04500e+02  2.45037e+00 
 1.05000e+02  2.45047e+00 
 1.05500e+02  2.45054e+00 
 1.06000e+02  2.45059e+00 
 1.06500e+02  2.45064e+00 
 1.07000e+02  2.45070e+00 
 1.07500e+02  2.45077e+00 
 1.08000e+02  2.45083e+00 
 1.08500e+02  2.45087e+00 
 1.09000e+02  2.45095e+00 
 1.09500e+02  2.45099e+00 
 1.10000e+02  2.45108e+00 
 1.10500e+02  2.45110e+00 
 1.11000e+02  2.45111e+00 
 1.11500e+02  2.45116e+00 
 1.12000e+02  2.45119e+00 
 1.12500e+02  2.45120e+00 
 1.13000e+02  2.45126e+00 
 1.13500e+02  2.45129e+00 
 1.14000e+02  2.45132e+00 
 1.14500e+02  2.45137e+00 
 1.15000e+02  2.45139e+00 
 1.15500e+02  2.45142e+00 
 1.16000e+02  2.45148e+00 
 1.16500e+02  2.45146e+00 
 1.17000e+02  2.45151e+00 
 1.17500e+02  2.45153e+00 
 1.18000e+02  2.45153e+00 
 1.18500e+02  2.45156e+00 
 1.19000e+02  2.45159e+00 
 1.19500e+02  2.45163e+00 
 1.20000e+02  2.45165e+00 
 1.20500e+02  2.45166e+00 
 1.21000e+02  2.45169e+00 
 1.21500e+02  2.45169e+00 
 1.22000e+02  2.45175e+00 
 1.22500e+02  2.45175e+00 
 1.23000e+02  2.45176e+00 
 1.23500e+02  2.45180e+00 
 1.24000e+02  2.45178e+00 
 1.24500e+02  2.45180e+00 
 1.25000e+02  2.45183e+00 
 1.25500e+02  2.45182e+00 
 1.26000e+02  2.45186e+00 
 1.26500e+02  2.45184e+00 
 1.27000e+02  2.45185e+00 
 1.27500e+02  2.45189e+00 
 1.28000e+02  2.45190e+00 
 1.28500e+02  2.45191e+00 
 1.29000e+02  2.45194e+00 
 1.29500e+02  2.45191e+00 
 1.30000e+02  2.45197e+00 
 1.30500e+02  2.45196e+00 
 1.31000e+02  2.45196e+00 
 1.31500e+02  2.45197e+00 
 1.32000e+02  2.45197e+00 
 1.32500e+02  2.45200e+00 
 1.33000e+02  2.45199e+00 
 1.33500e+02  2.45201e+00 
 1.34000e+02  2.45201e+00 
 1.34500e+02  2.45203e+00 
 1.35000e+02  2.45204e+00 
 1.35500e+02  2.45205e+00 
 1.36000e+02  2.45204e+00 
 1.36500e+02  2.45205e+00 
 1.37000e+02  2.45207e+00 
 1.37500e+02  2.45207e+00 
 1.38000e+02  2.45204e+00 
 1.38500e+02  2.45207e+00 
 1.39000e+02  2.45205e+00 
 1.39500e+02  2.45208e+00 
 1.40000e+02  2.45207e+00 
 1.40500e+02  2.45210e+00 
 1.41000e+02  2.45208e+00 
 1.41500e+02  2.45211e+00 
 1.42000e+02  2.45211e+00 
 1.42500e+02  2.45215e+00 
 1.43000e+02  2.45214e+00 
 1.43500e+02  2.45217e+00 
 1.44000e+02  2.45213e+00 
 1.44500e+02  2.45215e+00 
 1.45000e+02  2.45213e+00 
 1.45500e+02  2.45213e+00 
 1.46000e+02  2.45212e+00 
 1.46500e+02  2.45212e+00 
 1.47000e+02  2.45212e+00 
 1.47500e+02  2.45215e+00 
 1.48000e+02  2.45214e+00 
 1.48500e+02  2.45215e+00 
 1.49000e+02  2.45213e+00 
 1.49500e+02  2.45216e+00 
 1.50000e+02  2.45215e+00 
 1.50500e+02  2.45218e+00 
 1.51000e+02  2.45215e+00 
 1.51500e+02  2.45217e+00 
 1.52000e+02  2.45216e+00 
 1.52500e+02  2.45215e+00 
 1.53000e+02  2.45219e+00 
 1.53500e+02  2.45216e+00 
 1.54000e+02  2.45217e+00 
 1.54500e+02  2.45218e+00 
 1.55000e+02  2.45218e+00 
 1.55500e+02  2.45215e+00 
 1.56000e+02  2.45217e+00 
 1.56500e+02  2.45214e+00 
 1.57000e+02  2.45215e+00 
 1.57500e+02  2.45214e+00 
 1.58000e+02  2.45218e+00 
 1.58500e+02  2.45213e+00 
 1.59000e+02  2.45218e+00 
 1.59500e+02  2.45216e+00 
 1.60000e+02  2.45214e+00 
 1.60500e+02  2.45215e+00 
 1.61000e+02  2.45219e+00 
 1.61500e+02  2.45214e+00 
 1.62000e+02  2.45216e+00 
 1.62500e+02  2.45216e+00 
 1.63000e+02  2.45215e+00 
 1.63500e+02  2.45215e+00 
 1.64000e+02  2.45212e+00 
 1.64500e+02  2.45214e+00 
 1.65000e+02  2.45212e+00 
 1.65500e+02  2.45214e+00 
 1.66000e+02  2.45211e+00 
 1.66500e+02  2.45211e+00 
 1.67000e+02  2.45210e+00 
 1.67500e+02  2.45208e+00 
 1.68000e+02  2.45210e+00 
 1.68500e+02  2.45206e+00 
 1.69000e+02  2.45207e+00 
 1.69500e+02  2.45205e+00 
 1.70000e+02  2.45207e+00 
 1.70500e+02  2.45206e+00 
 1.71000e+02  2.45208e+00 
 1.71500e+02  2.45207e+00 
 1.72000e+02  2.45206e+00 
 1.72500e+02  2.45205e+00 
 1.73000e+02  2.45202e+00 
 1.73500e+02  2.45204e+00 
 1.74000e+02  2.45201e+00 
 1.74500e+02  2.45203e+00 
 1.75000e+02  2.45200e+00 
 1.75500e+02  2.45198e+00 
 1.76000e+02  2.45200e+00 
 1.76500e+02  2.45200e+00 
 1.77000e+02  2.45199e+00 
 1.77500e+02  2.45197e+00 
 1.78000e+02  2.45198e+00 
 1.78500e+02  2.45198e+00 
 1.79000e+02  2.45195e+00 
 1.79500e+02  2.45195e+00 
 1.80000e+02  2.45193e+00 
 1.80500e+02  2.45191e+00 
 1.81000e+02  2.45191e+00 
 1.81500e+02  2.45191e+00 
 1.82000e+02  2.45186e+00 
 1.82500e+02  2.45187e+00 
 1.83000e+02  2.45186e+00 
 1.83500e+02  2.45186e+00 
 1.84000e+02  2.45185e+00 
 1.84500e+02  2.45183e+00 
 1.85000e+02  2.45184e+00 
 1.85500e+02  2.45182e+00 
 1.86000e+02  2.45180e+00 
 1.86500e+02  2.45180e+00 
 1.87000e+02  2.45176e+00 
 1.87500e+02  2.45174e+00 
 1.88000e+02  2.45175e+00 
 1.88500e+02  2.45172e+00 
 1.89000e+02  2.45170e+00 
 1.89500e+02  2.45168e+00 
 1.90000e+02  2.45168e+00 
 1.90500e+02  2.45167e+00 
 1.91000e+02  2.45164e+00 
 1.91500e+02  2.45165e+00 
 1.92000e+02  2.45161e+00 
 1.92500e+02  2.45156e+00 
 1.93000e+02  2.45157e+00 
 1.93500e+02  2.45151e+00 
 1.94000e+02  2.45151e+00 
 1.94500e+02  2.45149e+00 
 1.95000e+02  2.45143e+00 
 1.95500e+02  2.45141e+00 
 1.96000e+02  2.45138e+00 
 1.96500e+02  2.45135e+00 
 1.97000e+02  2.45130e+00 
 1.97500e+02  2.45132e+00 
 1.98000e+02  2.45128e+00 
 1.98500e+02  2.45124e+00 
 1.99000e+02  2.45122e+00 
 1.99500e+02  2.45120e+00 
 2.00000e+02  2.45119e+00 
 2.00500e+02  2.45118e+00 
 2.01000e+02  2.45112e+00 
 2.01500e+02  2.45111e+00 
 2.02000e+02  2.45106e+00 
 2.02500e+02  2.45105e+00 
 2.03000e+02  2.45099e+00 
 2.03500e+02  2.45094e+00 
 2.04000e+02  2.45094e+00 
 2.04500e+02  2.45088e+00 
 2.05000e+02  2.45082e+00 
 2.05500e+02  2.45075e+00 
 2.06000e+02  2.45070e+00 
 2.06500e+02  2.45067e+00 
 2.07000e+02  2.45066e+00 
 2.07500e+02  2.45060e+00 
 2.08000e+02  2.45052e+00 
 2.08500e+02  2.45051e+00 
 2.09000e+02  2.45047e+00 
 2.09500e+02  2.45041e+00 
 2.10000e+02  2.45038e+00 
 2.10500e+02  2.45028e+00 
 2.11000e+02  2.45023e+00 
 2.11500e+02  2.45018e+00 
 2.12000e+02  2.45010e+00 
 2.12500e+02  2.45003e+00 
 2.13000e+02  2.45000e+00 
 2.13500e+02  2.44988e+00 
 2.14000e+02  2.44975e+00 
 2.14500e+02  2.44969e+00 
 2.15000e+02  2.44964e+00 
 2.15500e+02  2.44955e+00 
 2.16000e+02  2.44938e+00 
 2.16500e+02  2.44923e+00 
 2.17000e+02  2.44913e+00 
 2.17500e+02  2.44905e+00 
 2.18000e+02  2.44894e+00 
 2.18500e+02  2.44889e+00 
 2.19000e+02  2.44882e+00 
 2.19500e+02  2.44871e+00 
 2.20000e+02  2.44855e+00 
 2.20500e+02  2.44836e+00 
 2.21000e+02  2.44825e+00 
 2.21500e+02  2.44812e+00 
 2.22000e+02  2.44794e+00 
 2.22500e+02  2.44775e+00 
 2.23000e+02  2.44761e+00 
 2.23500e+02  2.44747e+00 
 2.24000e+02  2.44732e+00 
 2.24500e+02  2.44720e+00 
 2.25000e+02  2.44705e+00 
 2.25500e+02  2.44692e+00 
 2.26000e+02  2.44677e+00 
 2.26500e+02  2.44657e+00 
 2.27000e+02  2.44637e+00 
 2.27500e+02  2.44621e+00 
 2.28000e+02  2.44607e+00 
 2.28500e+02  2.44588e+00 
 2.29000e+02  2.44563e+00 
 2.29500e+02  2.44545e+00 
 2.30000e+02  2.44527e+00 
 2.30500e+02  2.44513e+00 
 2.31000e+02  2.44493e+00 
 2.31500e+02  2.44472e+00 
 2.32000e+02  2.44455e+00 
 2.32500e+02  2.44440e+00 
 2.33000e+02  2.44424e+00 
 2.33500e+02  2.44402e+00 
 2.34000e+02  2.44384e+00 
 2.34500e+02  2.44371e+00 
 2.35000e+02  2.44351e+00 
 2.35500e+02  2.44325e+00 
 2.36000e+02  2.44303e+00 
 2.36500e+02  2.44280e+00 
 2.37000e+02  2.44257e+00 
 2.37500e+02  2.44236e+00 
 2.38000e+02  2.44213e+00 
 2.38500e+02  2.44195e+00 
 2.39000e+02  2.44177e+00 
 2.39500e+02  2.44151e+00 
 2.40000e+02  2.44121e+00 
 2.40500e+02  2.44094e+00 
 2.41000e+02  2.44071e+00 
 2.41500e+02  2.44049e+00 
 2.42000e+02  2.44024e+00 
 2.42500e+02  2.43993e+00 
 2.43000e+02  2.43959e+00 
 2.43500e+02  2.43928e+00 
 2.44000e+02  2.43897e+00 
 2.44500e+02  2.43864e+00 
 2.45000e+02  2.43828e+00 
 2.45500e+02  2.43794e+00 
 2.46000e+02  2.43765e+00 
 2.46500e+02  2.43731e+00 
 2.47000e+02  2.43694e+00 
 2.47500e+02  2.43657e+00 
 2.48000e+02  2.43620e+00 
 2.48500e+02  2.43582e+00 
 2.49000e+02  2.43542e+00 
 2.49500e+02  2.43497e+00 
 2.50000e+02  2.43446e+00 
 2.50500e+02  2.43392e+00 
 2.51000e+02  2.43340e+00 
 2.51500e+02  2.43291e+00 
 2.52000e+02  2.43240e+00 
 2.52500e+02  2.43191e+00 
 2.53000e+02  2.43140e+00 
 2.53500e+02  2.43086e+00 
 2.54000e+02  2.43031e+00 
 2.54500e+02  2.42973e+00 
 2.55000e+02  2.42912e+00 
 2.55500e+02  2.42847e+00 
 2.56000e+02  2.42777e+00 
 2.56500e+02  2.42703e+00 
 2.57000e+02  2.42628e+00 
 2.57500e+02  2.42549e+00 
 2.58000e+02  2.42470e+00 
 2.58500e+02  2.42387e+00 
 2.59000e+02  2.42294e+00 
 2.59500e+02  2.42191e+00 
 2.60000e+02  2.42077e+00 
 2.60500e+02  2.41948e+00 
 2.61000e+02  2.41805e+00 
 2.61500e+02  2.41647e+00 
 2.62000e+02  2.41477e+00 
 2.62500e+02  2.41294e+00 
 2.63000e+02  2.41093e+00 
 2.63500e+02  2.40874e+00 
 2.64000e+02  2.40635e+00 
 2.64500e+02  2.40374e+00 
 2.65000e+02  2.40087e+00 
 2.65500e+02  2.39774e+00 
 2.66000e+02  2.39434e+00 
 2.66500e+02  2.39063e+00 
 2.67000e+02  2.38659e+00 
 2.67500e+02  2.38222e+00 
 2.68000e+02  2.37750e+00 
 2.68500e+02  2.37241e+00 
 2.69000e+02  2.36695e+00 
 2.69500e+02  2.36110e+00 
 2.70000e+02  2.35483e+00 
 2.70500e+02  2.34815e+00 
 2.71000e+02  2.34106e+00 
 2.71500e+02  2.33356e+00 
 2.72000e+02  2.32564e+00 
 2.72500e+02  2.31731e+00 
 2.73000e+02  2.30857e+00 
 2.73500e+02  2.29941e+00 
 2.74000e+02  2.28984e+00 
 2.74500e+02  2.27987e+00 
 2.75000e+02  2.26950e+00 
 2.75500e+02  2.25873e+00 
 2.76000e+02  2.24758e+00 
 2.76500e+02  2.23607e+00 
 2.77000e+02  2.22420e+00 
 2.77500e+02  2.21202e+00 
 2.78000e+02  2.19954e+00 
 2.78500e+02  2.18680e+00 
 2.79000e+02  2.17381e+00 
 2.79500e+02  2.16055e+00 
 2.80000e+02  2.14697e+00 
 2.80500e+02  2.13302e+00 
 2.81000e+02  2.11869e+00 
 2.81500e+02  2.10397e+00 
 2.82000e+02  2.08882e+00 
 2.82500e+02  2.07327e+00 
 2.83000e+02  2.05731e+00 
 2.83500e+02  2.04094e+00 
 2.84000e+02  2.02418e+00 
 2.84500e+02  2.00702e+00 
 2.85000e+02  1.98947e+00 
 2.85500e+02  1.97154e+00 
 2.86000e+02  1.95323e+00 
 2.86500e+02  1.93454e+00 
 2.87000e+02  1.91549e+00 
 2.87500e+02  1.89607e+00 
 2.88000e+02  1.87630e+00 
 2.88500e+02  1.85616e+00 
 2.89000e+02  1.83567e+00 
 2.89500e+02  1.81483e+00 
 2.90000e+02  1.79365e+00 
 2.90500e+02  1.77212e+00 
 2.91000e+02  1.75025e+00 
 2.91500e+02  1.72806e+00 
 2.92000e+02  1.70553e+00 
 2.92500e+02  1.68268e+00 
 2.93000e+02  1.65950e+00 
 2.93500e+02  1.63599e+00 
 2.94000e+02  1.61216e+00 
 2.94500e+02  1.58801e+00 
 2.95000e+02  1.56355e+00 
 2.95500e+02  1.53877e+00 
 2.96000e+02  1.51368e+00 
 2.96500e+02  1.48828e+00 
 2.97000e+02  1.46257e+00 
 2.97500e+02  1.43656e+00 
 2.98000e+02  1.41025e+00 
 2.98500e+02  1.38364e+00 
 2.99000e+02  1.35674e+00 
 2.99500e+02  1.32953e+00 
 3.00000e+02  1.30203e+00 
 3.00500e+02  1.27424e+00 
 3.01000e+02  1.24616e+00 
 3.01500e+02  1.21780e+00 
 3.02000e+02  1.18916e+00 
 3.02500e+02  1.16024e+00 
 3.03000e+02  1.13105e+00 
 3.03500e+02  1.10159e+00 
 3.04000e+02  1.07186e+00 
 3.04500e+02  1.04186e+00 
 3.05000e+02  1.01159e+00 
 3.05500e+02  9.81067e-01 
 3.06000e+02  9.50282e-01 
 3.06500e+02  9.19238e-01 
 3.07000e+02  8.87934e-01 
 3.07500e+02  8.56375e-01 
 3.08000e+02  8.24569e-01 
 3.08500e+02  7.92520e-01 
 3.09000e+02  7.60235e-01 
 3.09500e+02  7.27714e-01 
 3.10000e+02  6.94959e-01 
 3.10500e+02  6.61971e-01 
 3.11000e+02  6.28752e-01 
 3.11500e+02  5.95305e-01 
 3.12000e+02  5.61638e-01 
 3.12500e+02  5.27761e-01 
 3.13000e+02  4.93680e-01 
 3.13500e+02  4.59402e-01 
 3.14000e+02  4.24939e-01 
 3.14500e+02  3.90293e-01 
 3.15000e+02  3.55467e-01 
 3.15500e+02  3.20468e-01 
 3.16000e+02  2.85305e-01 
 3.16500e+02  2.49992e-01 
 3.17000e+02  2.14547e-01 
 3.17500e+02  1.78985e-01 
 3.18000e+02  1.43321e-01 
 3.18500e+02  1.07577e-01 
 3.19000e+02  7.17993e-02 
 3.19500e+02  3.60714e-02 
