 0.00000e+00  0.00000e+00 
 5.00000e-01  4.13940e-02 
 1.00000e+00  8.25070e-02 
 1.50000e+00  1.23333e-01 
 2.00000e+00  1.63867e-01 
 2.50000e+00  2.04106e-01 
 3.00000e+00  2.44046e-01 
 3.50000e+00  2.83682e-01 
 4.00000e+00  3.23011e-01 
 4.50000e+00  3.62029e-01 
 5.00000e+00  4.00734e-01 
 5.50000e+00  4.39125e-01 
 6.00000e+00  4.77203e-01 
 6.50000e+00  5.14964e-01 
 7.00000e+00  5.52408e-01 
 7.50000e+00  5.89528e-01 
 8.00000e+00  6.26325e-01 
 8.50000e+00  6.62796e-01 
 9.00000e+00  6.98940e-01 
 9.50000e+00  7.34753e-01 
 1.00000e+01  7.70236e-01 
 1.05000e+01  8.05387e-01 
 1.10000e+01  8.40203e-01 
 1.15000e+01  8.74681e-01 
 1.20000e+01  9.08821e-01 
 1.25000e+01  9.42623e-01 
 1.30000e+01  9.76082e-01 
 1.35000e+01  1.00919e+00 
 1.40000e+01  1.04196e+00 
 1.45000e+01  1.07437e+00 
 1.50000e+01  1.10643e+00 
 1.55000e+01  1.13814e+00 
 1.60000e+01  1.16950e+00 
 1.65000e+01  1.20050e+00 
 1.70000e+01  1.23115e+00 
 1.75000e+01  1.26144e+00 
 1.80000e+01  1.29138e+00 
 1.85000e+01  1.32095e+00 
 1.90000e+01  1.35016e+00 
 1.95000e+01  1.37901e+00 
 2.00000e+01  1.40750e+00 
 2.05000e+01  1.43564e+00 
 2.10000e+01  1.46340e+00 
 2.15000e+01  1.49081e+00 
 2.20000e+01  1.51785e+00 
 2.25000e+01  1.54453e+00 
 2.30000e+01  1.57084e+00 
 2.35000e+01  1.59678e+00 
 2.40000e+01  1.62236e+00 
 2.45000e+01  1.64757e+00 
 2.50000e+01  1.67240e+00 
 2.55000e+01  1.69686e+00 
 2.60000e+01  1.72094e+00 
 2.65000e+01  1.74464e+00 
 2.70000e+01  1.76797e+00 
 2.75000e+01  1.79091e+00 
 2.80000e+01  1.81347e+00 
 2.85000e+01  1.83564e+00 
 2.90000e+01  1.85741e+00 
 2.95000e+01  1.87879e+00 
 3.00000e+01  1.89977e+00 
 3.05000e+01  1.92035e+00 
 3.10000e+01  1.94054e+00 
 3.15000e+01  1.96032e+00 
 3.20000e+01  1.97968e+00 
 3.25000e+01  1.99864e+00 
 3.30000e+01  2.01718e+00 
 3.35000e+01  2.03529e+00 
 3.40000e+01  2.05297e+00 
 3.45000e+01  2.07023e+00 
 3.50000e+01  2.08706e+00 
 3.55000e+01  2.10346e+00 
 3.60000e+01  2.11941e+00 
 3.65000e+01  2.13493e+00 
 3.70000e+01  2.15000e+00 
 3.75000e+01  2.16463e+00 
 3.80000e+01  2.17882e+00 
 3.85000e+01  2.19258e+00 
 3.90000e+01  2.20589e+00 
 3.95000e+01  2.21877e+00 
 4.00000e+01  2.23121e+00 
 4.05000e+01  2.24320e+00 
 4.10000e+01  2.25474e+00 
 4.15000e+01  2.26583e+00 
 4.20000e+01  2.27647e+00 
 4.25000e+01  2.28665e+00 
 4.30000e+01  2.29637e+00 
 4.35000e+01  2.30563e+00 
 4.40000e+01  2.31444e+00 
 4.45000e+01  2.32278e+00 
 4.50000e+01  2.33067e+00 
 4.55000e+01  2.33810e+00 
 4.60000e+01  2.34509e+00 
 4.65000e+01  2.35164e+00 
 4.70000e+01  2.35776e+00 
 4.75000e+01  2.36345e+00 
 4.80000e+01  2.36873e+00 
 4.85000e+01  2.37361e+00 
 4.90000e+01  2.37813e+00 
 4.95000e+01  2.38228e+00 
 5.00000e+01  2.38608e+00 
 5.05000e+01  2.38954e+00 
 5.10000e+01  2.39269e+00 
 5.15000e+01  2.39559e+00 
 5.20000e+01  2.39824e+00 
 5.25000e+01  2.40066e+00 
 5.30000e+01  2.40289e+00 
 5.35000e+01  2.40495e+00 
 5.40000e+01  2.40683e+00 
 5.45000e+01  2.40855e+00 
 5.50000e+01  2.41011e+00 
 5.55000e+01  2.41155e+00 
 5.60000e+01  2.41286e+00 
 5.65000e+01  2.41406e+00 
 5.70000e+01  2.41516e+00 
 5.75000e+01  2.41618e+00 
 5.80000e+01  2.41716e+00 
 5.85000e+01  2.41811e+00 
 5.90000e+01  2.41899e+00 
 5.95000e+01  2.41981e+00 
 6.00000e+01  2.42058e+00 
 6.05000e+01  2.42132e+00 
 6.10000e+01  2.42202e+00 
 6.15000e+01  2.42265e+00 
 6.20000e+01  2.42321e+00 
 6.25000e+01  2.42375e+00 
 6.30000e+01  2.42428e+00 
 6.35000e+01  2.42477e+00 
 6.40000e+01  2.42520e+00 
 6.45000e+01  2.42558e+00 
 6.50000e+01  2.42595e+00 
 6.55000e+01  2.42637e+00 
 6.60000e+01  2.42683e+00 
 6.65000e+01  2.42729e+00 
 6.70000e+01  2.42772e+00 
 6.75000e+01  2.42810e+00 
 6.80000e+01  2.42845e+00 
 6.85000e+01  2.42883e+00 
 6.90000e+01  2.42922e+00 
 6.95000e+01  2.42958e+00 
 7.00000e+01  2.42995e+00 
 7.05000e+01  2.43030e+00 
 7.10000e+01  2.43065e+00 
 7.15000e+01  2.43098e+00 
 7.20000e+01  2.43128e+00 
 7.25000e+01  2.43156e+00 
 7.30000e+01  2.43182e+00 
 7.35000e+01  2.43210e+00 
 7.40000e+01  2.43237e+00 
 7.45000e+01  2.43264e+00 
 7.50000e+01  2.43291e+00 
 7.55000e+01  2.43318e+00 
 7.60000e+01  2.43346e+00 
 7.65000e+01  2.43370e+00 
 7.70000e+01  2.43392e+00 
 7.75000e+01  2.43409e+00 
 7.80000e+01  2.43427e+00 
 7.85000e+01  2.43446e+00 
 7.90000e+01  2.43465e+00 
 7.95000e+01  2.43487e+00 
 8.00000e+01  2.43504e+00 
 8.05000e+01  2.43525e+00 
 8.10000e+01  2.43550e+00 
 8.15000e+01  2.43571e+00 
 8.20000e+01  2.43588e+00 
 8.25000e+01  2.43605e+00 
 8.30000e+01  2.43623e+00 
 8.35000e+01  2.43638e+00 
 8.40000e+01  2.43656e+00 
 8.45000e+01  2.43678e+00 
 8.50000e+01  2.43700e+00 
 8.55000e+01  2.43719e+00 
 8.60000e+01  2.43737e+00 
 8.65000e+01  2.43753e+00 
 8.70000e+01  2.43767e+00 
 8.75000e+01  2.43778e+00 
 8.80000e+01  2.43790e+00 
 8.85000e+01  2.43802e+00 
 8.90000e+01  2.43816e+00 
 8.95000e+01  2.43829e+00 
 9.00000e+01  2.43846e+00 
 9.05000e+01  2.43862e+00 
 9.10000e+01  2.43874e+00 
 9.15000e+01  2.43888e+00 
 9.20000e+01  2.43901e+00 
 9.25000e+01  2.43914e+00 
 9.30000e+01  2.43926e+00 
 9.35000e+01  2.43938e+00 
 9.40000e+01  2.43951e+00 
 9.45000e+01  2.43962e+00 
 9.50000e+01  2.43972e+00 
 9.55000e+01  2.43980e+00 
 9.60000e+01  2.43992e+00 
 9.65000e+01  2.44008e+00 
 9.70000e+01  2.44022e+00 
 9.75000e+01  2.44032e+00 
 9.80000e+01  2.44044e+00 
 9.85000e+01  2.44054e+00 
 9.90000e+01  2.44064e+00 
 9.95000e+01  2.44079e+00 
 1.00000e+02  2.44087e+00 
 1.00500e+02  2.44095e+00 
 1.01000e+02  2.44106e+00 
 1.01500e+02  2.44111e+00 
 1.02000e+02  2.44120e+00 
 1.02500e+02  2.44130e+00 
 1.03000e+02  2.44140e+00 
 1.03500e+02  2.44149e+00 
 1.04000e+02  2.44150e+00 
 1.04500e+02  2.44153e+00 
 1.05000e+02  2.44169e+00 
 1.05500e+02  2.44177e+00 
 1.06000e+02  2.44184e+00 
 1.06500e+02  2.44190e+00 
 1.07000e+02  2.44195e+00 
 1.07500e+02  2.44200e+00 
 1.08000e+02  2.44202e+00 
 1.08500e+02  2.44211e+00 
 1.09000e+02  2.44214e+00 
 1.09500e+02  2.44219e+00 
 1.10000e+02  2.44221e+00 
 1.10500e+02  2.44226e+00 
 1.11000e+02  2.44230e+00 
 1.11500e+02  2.44234e+00 
 1.12000e+02  2.44242e+00 
 1.12500e+02  2.44246e+00 
 1.13000e+02  2.44249e+00 
 1.13500e+02  2.44253e+00 
 1.14000e+02  2.44256e+00 
 1.14500e+02  2.44259e+00 
 1.15000e+02  2.44260e+00 
 1.15500e+02  2.44262e+00 
 1.16000e+02  2.44268e+00 
 1.16500e+02  2.44267e+00 
 1.17000e+02  2.44273e+00 
 1.17500e+02  2.44276e+00 
 1.18000e+02  2.44278e+00 
 1.18500e+02  2.44280e+00 
 1.19000e+02  2.44285e+00 
 1.19500e+02  2.44285e+00 
 1.20000e+02  2.44288e+00 
 1.20500e+02  2.44292e+00 
 1.21000e+02  2.44292e+00 
 1.21500e+02  2.44293e+00 
 1.22000e+02  2.44297e+00 
 1.22500e+02  2.44296e+00 
 1.23000e+02  2.44298e+00 
 1.23500e+02  2.44303e+00 
 1.24000e+02  2.44305e+00 
 1.24500e+02  2.44304e+00 
 1.25000e+02  2.44308e+00 
 1.25500e+02  2.44312e+00 
 1.26000e+02  2.44310e+00 
 1.26500e+02  2.44313e+00 
 1.27000e+02  2.44313e+00 
 1.27500e+02  2.44318e+00 
 1.28000e+02  2.44316e+00 
 1.28500e+02  2.44317e+00 
 1.29000e+02  2.44321e+00 
 1.29500e+02  2.44321e+00 
 1.30000e+02  2.44322e+00 
 1.30500e+02  2.44324e+00 
 1.31000e+02  2.44325e+00 
 1.31500e+02  2.44326e+00 
 1.32000e+02  2.44328e+00 
 1.32500e+02  2.44324e+00 
 1.33000e+02  2.44328e+00 
 1.33500e+02  2.44329e+00 
 1.34000e+02  2.44330e+00 
 1.34500e+02  2.44330e+00 
 1.35000e+02  2.44331e+00 
 1.35500e+02  2.44329e+00 
 1.36000e+02  2.44330e+00 
 1.36500e+02  2.44333e+00 
 1.37000e+02  2.44332e+00 
 1.37500e+02  2.44335e+00 
 1.38000e+02  2.44333e+00 
 1.38500e+02  2.44336e+00 
 1.39000e+02  2.44335e+00 
 1.39500e+02  2.44336e+00 
 1.40000e+02  2.44333e+00 
 1.40500e+02  2.44336e+00 
 1.41000e+02  2.44333e+00 
 1.41500e+02  2.44337e+00 
 1.42000e+02  2.44338e+00 
 1.42500e+02  2.44339e+00 
 1.43000e+02  2.44340e+00 
 1.43500e+02  2.44338e+00 
 1.44000e+02  2.44340e+00 
 1.44500e+02  2.44339e+00 
 1.45000e+02  2.44340e+00 
 1.45500e+02  2.44339e+00 
 1.46000e+02  2.44339e+00 
 1.46500e+02  2.44342e+00 
 1.47000e+02  2.44336e+00 
 1.47500e+02  2.44341e+00 
 1.48000e+02  2.44341e+00 
 1.48500e+02  2.44342e+00 
 1.49000e+02  2.44341e+00 
 1.49500e+02  2.44341e+00 
 1.50000e+02  2.44341e+00 
 1.50500e+02  2.44342e+00 
 1.51000e+02  2.44342e+00 
 1.51500e+02  2.44340e+00 
 1.52000e+02  2.44344e+00 
 1.52500e+02  2.44343e+00 
 1.53000e+02  2.44345e+00 
 1.53500e+02  2.44342e+00 
 1.54000e+02  2.44344e+00 
 1.54500e+02  2.44343e+00 
 1.55000e+02  2.44341e+00 
 1.55500e+02  2.44344e+00 
 1.56000e+02  2.44346e+00 
 1.56500e+02  2.44342e+00 
 1.57000e+02  2.44346e+00 
 1.57500e+02  2.44343e+00 
 1.58000e+02  2.44345e+00 
 1.58500e+02  2.44342e+00 
 1.59000e+02  2.44343e+00 
 1.59500e+02  2.44342e+00 
 1.60000e+02  2.44343e+00 
 1.60500e+02  2.44340e+00 
 1.61000e+02  2.44342e+00 
 1.61500e+02  2.44340e+00 
 1.62000e+02  2.44341e+00 
 1.62500e+02  2.44339e+00 
 1.63000e+02  2.44340e+00 
 1.63500e+02  2.44338e+00 
 1.64000e+02  2.44342e+00 
 1.64500e+02  2.44339e+00 
 1.65000e+02  2.44339e+00 
 1.65500e+02  2.44336e+00 
 1.66000e+02  2.44338e+00 
 1.66500e+02  2.44335e+00 
 1.67000e+02  2.44336e+00 
 1.67500e+02  2.44336e+00 
 1.68000e+02  2.44335e+00 
 1.68500e+02  2.44334e+00 
 1.69000e+02  2.44337e+00 
 1.69500e+02  2.44336e+00 
 1.70000e+02  2.44333e+00 
 1.70500e+02  2.44333e+00 
 1.71000e+02  2.44333e+00 
 1.71500e+02  2.44331e+00 
 1.72000e+02  2.44330e+00 
 1.72500e+02  2.44331e+00 
 1.73000e+02  2.44326e+00 
 1.73500e+02  2.44327e+00 
 1.74000e+02  2.44327e+00 
 1.74500e+02  2.44328e+00 
 1.75000e+02  2.44325e+00 
 1.75500e+02  2.44329e+00 
 1.76000e+02  2.44324e+00 
 1.76500e+02  2.44323e+00 
 1.77000e+02  2.44325e+00 
 1.77500e+02  2.44319e+00 
 1.78000e+02  2.44323e+00 
 1.78500e+02  2.44318e+00 
 1.79000e+02  2.44321e+00 
 1.79500e+02  2.44316e+00 
 1.80000e+02  2.44320e+00 
 1.80500e+02  2.44318e+00 
 1.81000e+02  2.44316e+00 
 1.81500e+02  2.44316e+00 
 1.82000e+02  2.44313e+00 
 1.82500e+02  2.44312e+00 
 1.83000e+02  2.44310e+00 
 1.83500e+02  2.44308e+00 
 1.84000e+02  2.44307e+00 
 1.84500e+02  2.44306e+00 
 1.85000e+02  2.44305e+00 
 1.85500e+02  2.44302e+00 
 1.86000e+02  2.44299e+00 
 1.86500e+02  2.44300e+00 
 1.87000e+02  2.44299e+00 
 1.87500e+02  2.44295e+00 
 1.88000e+02  2.44295e+00 
 1.88500e+02  2.44292e+00 
 1.89000e+02  2.44291e+00 
 1.89500e+02  2.44292e+00 
 1.90000e+02  2.44291e+00 
 1.90500e+02  2.44290e+00 
 1.91000e+02  2.44287e+00 
 1.91500e+02  2.44287e+00 
 1.92000e+02  2.44283e+00 
 1.92500e+02  2.44282e+00 
 1.93000e+02  2.44281e+00 
 1.93500e+02  2.44274e+00 
 1.94000e+02  2.44275e+00 
 1.94500e+02  2.44273e+00 
 1.95000e+02  2.44267e+00 
 1.95500e+02  2.44267e+00 
 1.96000e+02  2.44263e+00 
 1.96500e+02  2.44259e+00 
 1.97000e+02  2.44258e+00 
 1.97500e+02  2.44252e+00 
 1.98000e+02  2.44249e+00 
 1.98500e+02  2.44246e+00 
 1.99000e+02  2.44245e+00 
 1.99500e+02  2.44243e+00 
 2.00000e+02  2.44241e+00 
 2.00500e+02  2.44235e+00 
 2.01000e+02  2.44233e+00 
 2.01500e+02  2.44228e+00 
 2.02000e+02  2.44228e+00 
 2.02500e+02  2.44220e+00 
 2.03000e+02  2.44219e+00 
 2.03500e+02  2.44219e+00 
 2.04000e+02  2.44215e+00 
 2.04500e+02  2.44214e+00 
 2.05000e+02  2.44208e+00 
 2.05500e+02  2.44200e+00 
 2.06000e+02  2.44198e+00 
 2.06500e+02  2.44195e+00 
 2.07000e+02  2.44190e+00 
 2.07500e+02  2.44182e+00 
 2.08000e+02  2.44181e+00 
 2.08500e+02  2.44180e+00 
 2.09000e+02  2.44172e+00 
 2.09500e+02  2.44170e+00 
 2.10000e+02  2.44167e+00 
 2.10500e+02  2.44162e+00 
 2.11000e+02  2.44152e+00 
 2.11500e+02  2.44143e+00 
 2.12000e+02  2.44136e+00 
 2.12500e+02  2.44128e+00 
 2.13000e+02  2.44122e+00 
 2.13500e+02  2.44118e+00 
 2.14000e+02  2.44110e+00 
 2.14500e+02  2.44105e+00 
 2.15000e+02  2.44100e+00 
 2.15500e+02  2.44090e+00 
 2.16000e+02  2.44077e+00 
 2.16500e+02  2.44069e+00 
 2.17000e+02  2.44059e+00 
 2.17500e+02  2.44049e+00 
 2.18000e+02  2.44041e+00 
 2.18500e+02  2.44032e+00 
 2.19000e+02  2.44027e+00 
 2.19500e+02  2.44016e+00 
 2.20000e+02  2.44001e+00 
 2.20500e+02  2.43990e+00 
 2.21000e+02  2.43976e+00 
 2.21500e+02  2.43963e+00 
 2.22000e+02  2.43950e+00 
 2.22500e+02  2.43936e+00 
 2.23000e+02  2.43916e+00 
 2.23500e+02  2.43898e+00 
 2.24000e+02  2.43884e+00 
 2.24500e+02  2.43876e+00 
 2.25000e+02  2.43866e+00 
 2.25500e+02  2.43855e+00 
 2.26000e+02  2.43838e+00 
 2.26500e+02  2.43819e+00 
 2.27000e+02  2.43798e+00 
 2.27500e+02  2.43779e+00 
 2.28000e+02  2.43769e+00 
 2.28500e+02  2.43755e+00 
 2.29000e+02  2.43740e+00 
 2.29500e+02  2.43726e+00 
 2.30000e+02  2.43705e+00 
 2.30500e+02  2.43686e+00 
 2.31000e+02  2.43669e+00 
 2.31500e+02  2.43654e+00 
 2.32000e+02  2.43639e+00 
 2.32500e+02  2.43620e+00 
 2.33000e+02  2.43604e+00 
 2.33500e+02  2.43580e+00 
 2.34000e+02  2.43561e+00 
 2.34500e+02  2.43540e+00 
 2.35000e+02  2.43517e+00 
 2.35500e+02  2.43490e+00 
 2.36000e+02  2.43468e+00 
 2.36500e+02  2.43452e+00 
 2.37000e+02  2.43433e+00 
 2.37500e+02  2.43412e+00 
 2.38000e+02  2.43388e+00 
 2.38500e+02  2.43365e+00 
 2.39000e+02  2.43343e+00 
 2.39500e+02  2.43321e+00 
 2.40000e+02  2.43298e+00 
 2.40500e+02  2.43271e+00 
 2.41000e+02  2.43239e+00 
 2.41500e+02  2.43208e+00 
 2.42000e+02  2.43177e+00 
 2.42500e+02  2.43145e+00 
 2.43000e+02  2.43113e+00 
 2.43500e+02  2.43086e+00 
 2.44000e+02  2.43060e+00 
 2.44500e+02  2.43033e+00 
 2.45000e+02  2.43005e+00 
 2.45500e+02  2.42977e+00 
 2.46000e+02  2.42947e+00 
 2.46500e+02  2.42914e+00 
 2.47000e+02  2.42876e+00 
 2.47500e+02  2.42838e+00 
 2.48000e+02  2.42800e+00 
 2.48500e+02  2.42760e+00 
 2.49000e+02  2.42718e+00 
 2.49500e+02  2.42674e+00 
 2.50000e+02  2.42630e+00 
 2.50500e+02  2.42587e+00 
 2.51000e+02  2.42541e+00 
 2.51500e+02  2.42489e+00 
 2.52000e+02  2.42433e+00 
 2.52500e+02  2.42375e+00 
 2.53000e+02  2.42314e+00 
 2.53500e+02  2.42251e+00 
 2.54000e+02  2.42188e+00 
 2.54500e+02  2.42122e+00 
 2.55000e+02  2.42055e+00 
 2.55500e+02  2.41987e+00 
 2.56000e+02  2.41914e+00 
 2.56500e+02  2.41838e+00 
 2.57000e+02  2.41757e+00 
 2.57500e+02  2.41671e+00 
 2.58000e+02  2.41580e+00 
 2.58500e+02  2.41487e+00 
 2.59000e+02  2.41385e+00 
 2.59500e+02  2.41277e+00 
 2.60000e+02  2.41163e+00 
 2.60500e+02  2.41041e+00 
 2.61000e+02  2.40908e+00 
 2.61500e+02  2.40763e+00 
 2.62000e+02  2.40607e+00 
 2.62500e+02  2.40437e+00 
 2.63000e+02  2.40253e+00 
 2.63500e+02  2.40053e+00 
 2.64000e+02  2.39834e+00 
 2.64500e+02  2.39594e+00 
 2.65000e+02  2.39331e+00 
 2.65500e+02  2.39044e+00 
 2.66000e+02  2.38732e+00 
 2.66500e+02  2.38390e+00 
 2.67000e+02  2.38018e+00 
 2.67500e+02  2.37613e+00 
 2.68000e+02  2.37173e+00 
 2.68500e+02  2.36697e+00 
 2.69000e+02  2.36183e+00 
 2.69500e+02  2.35630e+00 
 2.70000e+02  2.35035e+00 
 2.70500e+02  2.34398e+00 
 2.71000e+02  2.33720e+00 
 2.71500e+02  2.32999e+00 
 2.72000e+02  2.32236e+00 
 2.72500e+02  2.31431e+00 
 2.73000e+02  2.30585e+00 
 2.73500e+02  2.29697e+00 
 2.74000e+02  2.28768e+00 
 2.74500e+02  2.27797e+00 
 2.75000e+02  2.26786e+00 
 2.75500e+02  2.25736e+00 
 2.76000e+02  2.24647e+00 
 2.76500e+02  2.23519e+00 
 2.77000e+02  2.22355e+00 
 2.77500e+02  2.21155e+00 
 2.78000e+02  2.19923e+00 
 2.78500e+02  2.18663e+00 
 2.79000e+02  2.17377e+00 
 2.79500e+02  2.16064e+00 
 2.80000e+02  2.14723e+00 
 2.80500e+02  2.13347e+00 
 2.81000e+02  2.11934e+00 
 2.81500e+02  2.10480e+00 
 2.82000e+02  2.08984e+00 
 2.82500e+02  2.07445e+00 
 2.83000e+02  2.05864e+00 
 2.83500e+02  2.04242e+00 
 2.84000e+02  2.02578e+00 
 2.84500e+02  2.00875e+00 
 2.85000e+02  1.99133e+00 
 2.85500e+02  1.97353e+00 
 2.86000e+02  1.95536e+00 
 2.86500e+02  1.93681e+00 
 2.87000e+02  1.91790e+00 
 2.87500e+02  1.89862e+00 
 2.88000e+02  1.87898e+00 
 2.88500e+02  1.85898e+00 
 2.89000e+02  1.83862e+00 
 2.89500e+02  1.81792e+00 
 2.90000e+02  1.79687e+00 
 2.90500e+02  1.77547e+00 
 2.91000e+02  1.75372e+00 
 2.91500e+02  1.73163e+00 
 2.92000e+02  1.70921e+00 
 2.92500e+02  1.68644e+00 
 2.93000e+02  1.66333e+00 
 2.93500e+02  1.63990e+00 
 2.94000e+02  1.61613e+00 
 2.94500e+02  1.59205e+00 
 2.95000e+02  1.56764e+00 
 2.95500e+02  1.54291e+00 
 2.96000e+02  1.51787e+00 
 2.96500e+02  1.49251e+00 
 2.97000e+02  1.46685e+00 
 2.97500e+02  1.44088e+00 
 2.98000e+02  1.41461e+00 
 2.98500e+02  1.38804e+00 
 2.99000e+02  1.36117e+00 
 2.99500e+02  1.33400e+00 
 3.00000e+02  1.30654e+00 
 3.00500e+02  1.27878e+00 
 3.01000e+02  1.25073e+00 
 3.01500e+02  1.22240e+00 
 3.02000e+02  1.19377e+00 
 3.02500e+02  1.16487e+00 
 3.03000e+02  1.13568e+00 
 3.03500e+02  1.10621e+00 
 3.04000e+02  1.07647e+00 
 3.04500e+02  1.04646e+00 
 3.05000e+02  1.01618e+00 
 3.05500e+02  9.85633e-01 
 3.06000e+02  9.54813e-01 
 3.06500e+02  9.23731e-01 
 3.07000e+02  8.92393e-01 
 3.07500e+02  8.60800e-01 
 3.08000e+02  8.28959e-01 
 3.08500e+02  7.96874e-01 
 3.09000e+02  7.64550e-01 
 3.09500e+02  7.31986e-01 
 3.10000e+02  6.99185e-01 
 3.10500e+02  6.66152e-01 
 3.11000e+02  6.32891e-01 
 3.11500e+02  5.99405e-01 
 3.12000e+02  5.65697e-01 
 3.12500e+02  5.31776e-01 
 3.13000e+02  4.97648e-01 
 3.13500e+02  4.63320e-01 
 3.14000e+02  4.28798e-01 
 3.14500e+02  3.94088e-01 
 3.15000e+02  3.59192e-01 
 3.15500e+02  3.24119e-01 
 3.16000e+02  2.88876e-01 
 3.16500e+02  2.53479e-01 
 3.17000e+02  2.17949e-01 
 3.17500e+02  1.82300e-01 
 3.18000e+02  1.46548e-01 
 3.18500e+02  1.10713e-01 
 3.19000e+02  7.48413e-02 
 3.19500e+02  3.90155e-02 
