 0.00000e+00  0.00000e+00 
 5.00000e-01  4.15839e-02 
 1.00000e+00  8.28831e-02 
 1.50000e+00  1.23890e-01 
 2.00000e+00  1.64600e-01 
 2.50000e+00  2.05008e-01 
 3.00000e+00  2.45110e-01 
 3.50000e+00  2.84904e-01 
 4.00000e+00  3.24388e-01 
 4.50000e+00  3.63557e-01 
 5.00000e+00  4.02409e-01 
 5.50000e+00  4.40940e-01 
 6.00000e+00  4.79150e-01 
 6.50000e+00  5.17038e-01 
 7.00000e+00  5.54602e-01 
 7.50000e+00  5.91838e-01 
 8.00000e+00  6.28746e-01 
 8.50000e+00  6.65324e-01 
 9.00000e+00  7.01569e-01 
 9.50000e+00  7.37477e-01 
 1.00000e+01  7.73051e-01 
 1.05000e+01  8.08289e-01 
 1.10000e+01  8.43189e-01 
 1.15000e+01  8.77748e-01 
 1.20000e+01  9.11965e-01 
 1.25000e+01  9.45838e-01 
 1.30000e+01  9.79364e-01 
 1.35000e+01  1.01254e+00 
 1.40000e+01  1.04537e+00 
 1.45000e+01  1.07785e+00 
 1.50000e+01  1.10997e+00 
 1.55000e+01  1.14174e+00 
 1.60000e+01  1.17315e+00 
 1.65000e+01  1.20421e+00 
 1.70000e+01  1.23491e+00 
 1.75000e+01  1.26525e+00 
 1.80000e+01  1.29523e+00 
 1.85000e+01  1.32484e+00 
 1.90000e+01  1.35409e+00 
 1.95000e+01  1.38297e+00 
 2.00000e+01  1.41149e+00 
 2.05000e+01  1.43964e+00 
 2.10000e+01  1.46743e+00 
 2.15000e+01  1.49485e+00 
 2.20000e+01  1.52190e+00 
 2.25000e+01  1.54859e+00 
 2.30000e+01  1.57491e+00 
 2.35000e+01  1.60086e+00 
 2.40000e+01  1.62643e+00 
 2.45000e+01  1.65162e+00 
 2.50000e+01  1.67644e+00 
 2.55000e+01  1.70089e+00 
 2.60000e+01  1.72495e+00 
 2.65000e+01  1.74863e+00 
 2.70000e+01  1.77193e+00 
 2.75000e+01  1.79485e+00 
 2.80000e+01  1.81738e+00 
 2.85000e+01  1.83951e+00 
 2.90000e+01  1.86126e+00 
 2.95000e+01  1.88261e+00 
 3.00000e+01  1.90356e+00 
 3.05000e+01  1.92411e+00 
 3.10000e+01  1.94425e+00 
 3.15000e+01  1.96398e+00 
 3.20000e+01  1.98329e+00 
 3.25000e+01  2.00219e+00 
 3.30000e+01  2.02067e+00 
 3.35000e+01  2.03873e+00 
 3.40000e+01  2.05636e+00 
 3.45000e+01  2.07356e+00 
 3.50000e+01  2.09032e+00 
 3.55000e+01  2.10664e+00 
 3.60000e+01  2.12251e+00 
 3.65000e+01  2.13793e+00 
 3.70000e+01  2.15289e+00 
 3.75000e+01  2.16741e+00 
 3.80000e+01  2.18149e+00 
 3.85000e+01  2.19513e+00 
 3.90000e+01  2.20832e+00 
 3.95000e+01  2.22107e+00 
 4.00000e+01  2.23338e+00 
 4.05000e+01  2.24523e+00 
 4.10000e+01  2.25663e+00 
 4.15000e+01  2.26757e+00 
 4.20000e+01  2.27807e+00 
 4.25000e+01  2.28810e+00 
 4.30000e+01  2.29768e+00 
 4.35000e+01  2.30679e+00 
 4.40000e+01  2.31545e+00 
 4.45000e+01  2.32365e+00 
 4.50000e+01  2.33140e+00 
 4.55000e+01  2.33871e+00 
 4.60000e+01  2.34559e+00 
 4.65000e+01  2.35203e+00 
 4.70000e+01  2.35804e+00 
 4.75000e+01  2.36362e+00 
 4.80000e+01  2.36879e+00 
 4.85000e+01  2.37355e+00 
 4.90000e+01  2.37795e+00 
 4.95000e+01  2.38199e+00 
 5.00000e+01  2.38569e+00 
 5.05000e+01  2.38905e+00 
 5.10000e+01  2.39212e+00 
 5.15000e+01  2.39494e+00 
 5.20000e+01  2.39751e+00 
 5.25000e+01  2.39987e+00 
 5.30000e+01  2.40203e+00 
 5.35000e+01  2.40401e+00 
 5.40000e+01  2.40581e+00 
 5.45000e+01  2.40745e+00 
 5.50000e+01  2.40896e+00 
 5.55000e+01  2.41034e+00 
 5.60000e+01  2.41158e+00 
 5.65000e+01  2.41268e+00 
 5.70000e+01  2.41367e+00 
 5.75000e+01  2.41459e+00 
 5.80000e+01  2.41547e+00 
 5.85000e+01  2.41631e+00 
 5.90000e+01  2.41712e+00 
 5.95000e+01  2.41791e+00 
 6.00000e+01  2.41869e+00 
 6.05000e+01  2.41944e+00 
 6.10000e+01  2.42013e+00 
 6.15000e+01  2.42076e+00 
 6.20000e+01  2.42133e+00 
 6.25000e+01  2.42189e+00 
 6.30000e+01  2.42241e+00 
 6.35000e+01  2.42293e+00 
 6.40000e+01  2.42336e+00 
 6.45000e+01  2.42378e+00 
 6.50000e+01  2.42417e+00 
 6.55000e+01  2.42456e+00 
 6.60000e+01  2.42499e+00 
 6.65000e+01  2.42542e+00 
 6.70000e+01  2.42581e+00 
 6.75000e+01  2.42617e+00 
 6.80000e+01  2.42652e+00 
 6.85000e+01  2.42687e+00 
 6.90000e+01  2.42720e+00 
 6.95000e+01  2.42753e+00 
 7.00000e+01  2.42786e+00 
 7.05000e+01  2.42817e+00 
 7.10000e+01  2.42849e+00 
 7.15000e+01  2.42885e+00 
 7.20000e+01  2.42919e+00 
 7.25000e+01  2.42952e+00 
 7.30000e+01  2.42981e+00 
 7.35000e+01  2.43011e+00 
 7.40000e+01  2.43036e+00 
 7.45000e+01  2.43059e+00 
 7.50000e+01  2.43085e+00 
 7.55000e+01  2.43115e+00 
 7.60000e+01  2.43145e+00 
 7.65000e+01  2.43170e+00 
 7.70000e+01  2.43193e+00 
 7.75000e+01  2.43213e+00 
 7.80000e+01  2.43228e+00 
 7.85000e+01  2.43243e+00 
 7.90000e+01  2.43261e+00 
 7.95000e+01  2.43289e+00 
 8.00000e+01  2.43319e+00 
 8.05000e+01  2.43343e+00 
 8.10000e+01  2.43363e+00 
 8.15000e+01  2.43381e+00 
 8.20000e+01  2.43399e+00 
 8.25000e+01  2.43414e+00 
 8.30000e+01  2.43431e+00 
 8.35000e+01  2.43446e+00 
 8.40000e+01  2.43461e+00 
 8.45000e+01  2.43476e+00 
 8.50000e+01  2.43487e+00 
 8.55000e+01  2.43500e+00 
 8.60000e+01  2.43513e+00 
 8.65000e+01  2.43528e+00 
 8.70000e+01  2.43540e+00 
 8.75000e+01  2.43558e+00 
 8.80000e+01  2.43576e+00 
 8.85000e+01  2.43595e+00 
 8.90000e+01  2.43609e+00 
 8.95000e+01  2.43626e+00 
 9.00000e+01  2.43644e+00 
 9.05000e+01  2.43659e+00 
 9.10000e+01  2.43672e+00 
 9.15000e+01  2.43684e+00 
 9.20000e+01  2.43699e+00 
 9.25000e+01  2.43713e+00 
 9.30000e+01  2.43728e+00 
 9.35000e+01  2.43743e+00 
 9.40000e+01  2.43759e+00 
 9.45000e+01  2.43775e+00 
 9.50000e+01  2.43791e+00 
 9.55000e+01  2.43802e+00 
 9.60000e+01  2.43812e+00 
 9.65000e+01  2.43821e+00 
 9.70000e+01  2.43828e+00 
 9.75000e+01  2.43842e+00 
 9.80000e+01  2.43861e+00 
 9.85000e+01  2.43876e+00 
 9.90000e+01  2.43885e+00 
 9.95000e+01  2.43892e+00 
 1.00000e+02  2.43901e+00 
 1.00500e+02  2.43917e+00 
 1.01000e+02  2.43929e+00 
 1.01500e+02  2.43934e+00 
 1.02000e+02  2.43942e+00 
 1.02500e+02  2.43953e+00 
 1.03000e+02  2.43965e+00 
 1.03500e+02  2.43972e+00 
 1.04000e+02  2.43974e+00 
 1.04500e+02  2.43979e+00 
 1.05000e+02  2.43990e+00 
 1.05500e+02  2.43997e+00 
 1.06000e+02  2.43999e+00 
 1.06500e+02  2.44005e+00 
 1.07000e+02  2.44012e+00 
 1.07500e+02  2.44018e+00 
 1.08000e+02  2.44023e+00 
 1.08500e+02  2.44031e+00 
 1.09000e+02  2.44034e+00 
 1.09500e+02  2.44038e+00 
 1.10000e+02  2.44043e+00 
 1.10500e+02  2.44050e+00 
 1.11000e+02  2.44050e+00 
 1.11500e+02  2.44057e+00 
 1.12000e+02  2.44063e+00 
 1.12500e+02  2.44063e+00 
 1.13000e+02  2.44069e+00 
 1.13500e+02  2.44069e+00 
 1.14000e+02  2.44073e+00 
 1.14500e+02  2.44073e+00 
 1.15000e+02  2.44079e+00 
 1.15500e+02  2.44080e+00 
 1.16000e+02  2.44083e+00 
 1.16500e+02  2.44086e+00 
 1.17000e+02  2.44088e+00 
 1.17500e+02  2.44090e+00 
 1.18000e+02  2.44094e+00 
 1.18500e+02  2.44098e+00 
 1.19000e+02  2.44100e+00 
 1.19500e+02  2.44099e+00 
 1.20000e+02  2.44104e+00 
 1.20500e+02  2.44105e+00 
 1.21000e+02  2.44103e+00 
 1.21500e+02  2.44107e+00 
 1.22000e+02  2.44110e+00 
 1.22500e+02  2.44109e+00 
 1.23000e+02  2.44113e+00 
 1.23500e+02  2.44117e+00 
 1.24000e+02  2.44116e+00 
 1.24500e+02  2.44116e+00 
 1.25000e+02  2.44121e+00 
 1.25500e+02  2.44123e+00 
 1.26000e+02  2.44126e+00 
 1.26500e+02  2.44125e+00 
 1.27000e+02  2.44130e+00 
 1.27500e+02  2.44129e+00 
 1.28000e+02  2.44130e+00 
 1.28500e+02  2.44134e+00 
 1.29000e+02  2.44132e+00 
 1.29500e+02  2.44138e+00 
 1.30000e+02  2.44135e+00 
 1.30500e+02  2.44141e+00 
 1.31000e+02  2.44139e+00 
 1.31500e+02  2.44141e+00 
 1.32000e+02  2.44142e+00 
 1.32500e+02  2.44144e+00 
 1.33000e+02  2.44142e+00 
 1.33500e+02  2.44146e+00 
 1.34000e+02  2.44144e+00 
 1.34500e+02  2.44147e+00 
 1.35000e+02  2.44148e+00 
 1.35500e+02  2.44149e+00 
 1.36000e+02  2.44149e+00 
 1.36500e+02  2.44151e+00 
 1.37000e+02  2.44150e+00 
 1.37500e+02  2.44152e+00 
 1.38000e+02  2.44153e+00 
 1.38500e+02  2.44153e+00 
 1.39000e+02  2.44155e+00 
 1.39500e+02  2.44153e+00 
 1.40000e+02  2.44156e+00 
 1.40500e+02  2.44153e+00 
 1.41000e+02  2.44155e+00 
 1.41500e+02  2.44154e+00 
 1.42000e+02  2.44158e+00 
 1.42500e+02  2.44158e+00 
 1.43000e+02  2.44158e+00 
 1.43500e+02  2.44158e+00 
 1.44000e+02  2.44158e+00 
 1.44500e+02  2.44158e+00 
 1.45000e+02  2.44159e+00 
 1.45500e+02  2.44159e+00 
 1.46000e+02  2.44159e+00 
 1.46500e+02  2.44159e+00 
 1.47000e+02  2.44158e+00 
 1.47500e+02  2.44156e+00 
 1.48000e+02  2.44156e+00 
 1.48500e+02  2.44158e+00 
 1.49000e+02  2.44159e+00 
 1.49500e+02  2.44160e+00 
 1.50000e+02  2.44159e+00 
 1.50500e+02  2.44159e+00 
 1.51000e+02  2.44160e+00 
 1.51500e+02  2.44159e+00 
 1.52000e+02  2.44159e+00 
 1.52500e+02  2.44158e+00 
 1.53000e+02  2.44161e+00 
 1.53500e+02  2.44156e+00 
 1.54000e+02  2.44160e+00 
 1.54500e+02  2.44160e+00 
 1.55000e+02  2.44160e+00 
 1.55500e+02  2.44160e+00 
 1.56000e+02  2.44159e+00 
 1.56500e+02  2.44161e+00 
 1.57000e+02  2.44159e+00 
 1.57500e+02  2.44161e+00 
 1.58000e+02  2.44159e+00 
 1.58500e+02  2.44162e+00 
 1.59000e+02  2.44159e+00 
 1.59500e+02  2.44159e+00 
 1.60000e+02  2.44160e+00 
 1.60500e+02  2.44156e+00 
 1.61000e+02  2.44156e+00 
 1.61500e+02  2.44158e+00 
 1.62000e+02  2.44155e+00 
 1.62500e+02  2.44156e+00 
 1.63000e+02  2.44153e+00 
 1.63500e+02  2.44154e+00 
 1.64000e+02  2.44154e+00 
 1.64500e+02  2.44153e+00 
 1.65000e+02  2.44153e+00 
 1.65500e+02  2.44153e+00 
 1.66000e+02  2.44152e+00 
 1.66500e+02  2.44151e+00 
 1.67000e+02  2.44151e+00 
 1.67500e+02  2.44150e+00 
 1.68000e+02  2.44150e+00 
 1.68500e+02  2.44151e+00 
 1.69000e+02  2.44149e+00 
 1.69500e+02  2.44148e+00 
 1.70000e+02  2.44148e+00 
 1.70500e+02  2.44147e+00 
 1.71000e+02  2.44145e+00 
 1.71500e+02  2.44145e+00 
 1.72000e+02  2.44148e+00 
 1.72500e+02  2.44141e+00 
 1.73000e+02  2.44142e+00 
 1.73500e+02  2.44140e+00 
 1.74000e+02  2.44140e+00 
 1.74500e+02  2.44140e+00 
 1.75000e+02  2.44140e+00 
 1.75500e+02  2.44137e+00 
 1.76000e+02  2.44139e+00 
 1.76500e+02  2.44138e+00 
 1.77000e+02  2.44136e+00 
 1.77500e+02  2.44135e+00 
 1.78000e+02  2.44131e+00 
 1.78500e+02  2.44135e+00 
 1.79000e+02  2.44130e+00 
 1.79500e+02  2.44128e+00 
 1.80000e+02  2.44130e+00 
 1.80500e+02  2.44128e+00 
 1.81000e+02  2.44127e+00 
 1.81500e+02  2.44123e+00 
 1.82000e+02  2.44126e+00 
 1.82500e+02  2.44123e+00 
 1.83000e+02  2.44123e+00 
 1.83500e+02  2.44121e+00 
 1.84000e+02  2.44121e+00 
 1.84500e+02  2.44121e+00 
 1.85000e+02  2.44120e+00 
 1.85500e+02  2.44116e+00 
 1.86000e+02  2.44116e+00 
 1.86500e+02  2.44118e+00 
 1.87000e+02  2.44113e+00 
 1.87500e+02  2.44113e+00 
 1.88000e+02  2.44109e+00 
 1.88500e+02  2.44108e+00 
 1.89000e+02  2.44106e+00 
 1.89500e+02  2.44104e+00 
 1.90000e+02  2.44106e+00 
 1.90500e+02  2.44102e+00 
 1.91000e+02  2.44102e+00 
 1.91500e+02  2.44099e+00 
 1.92000e+02  2.44099e+00 
 1.92500e+02  2.44097e+00 
 1.93000e+02  2.44096e+00 
 1.93500e+02  2.44095e+00 
 1.94000e+02  2.44091e+00 
 1.94500e+02  2.44085e+00 
 1.95000e+02  2.44084e+00 
 1.95500e+02  2.44085e+00 
 1.96000e+02  2.44080e+00 
 1.96500e+02  2.44079e+00 
 1.97000e+02  2.44080e+00 
 1.97500e+02  2.44077e+00 
 1.98000e+02  2.44072e+00 
 1.98500e+02  2.44073e+00 
 1.99000e+02  2.44072e+00 
 1.99500e+02  2.44068e+00 
 2.00000e+02  2.44065e+00 
 2.00500e+02  2.44064e+00 
 2.01000e+02  2.44057e+00 
 2.01500e+02  2.44059e+00 
 2.02000e+02  2.44051e+00 
 2.02500e+02  2.44051e+00 
 2.03000e+02  2.44044e+00 
 2.03500e+02  2.44042e+00 
 2.04000e+02  2.44035e+00 
 2.04500e+02  2.44033e+00 
 2.05000e+02  2.44032e+00 
 2.05500e+02  2.44033e+00 
 2.06000e+02  2.44021e+00 
 2.06500e+02  2.44014e+00 
 2.07000e+02  2.44007e+00 
 2.07500e+02  2.44005e+00 
 2.08000e+02  2.44000e+00 
 2.08500e+02  2.43995e+00 
 2.09000e+02  2.43993e+00 
 2.09500e+02  2.43989e+00 
 2.10000e+02  2.43977e+00 
 2.10500e+02  2.43972e+00 
 2.11000e+02  2.43966e+00 
 2.11500e+02  2.43957e+00 
 2.12000e+02  2.43954e+00 
 2.12500e+02  2.43945e+00 
 2.13000e+02  2.43939e+00 
 2.13500e+02  2.43933e+00 
 2.14000e+02  2.43920e+00 
 2.14500e+02  2.43911e+00 
 2.15000e+02  2.43905e+00 
 2.15500e+02  2.43897e+00 
 2.16000e+02  2.43888e+00 
 2.16500e+02  2.43875e+00 
 2.17000e+02  2.43862e+00 
 2.17500e+02  2.43853e+00 
 2.18000e+02  2.43842e+00 
 2.18500e+02  2.43832e+00 
 2.19000e+02  2.43822e+00 
 2.19500e+02  2.43811e+00 
 2.20000e+02  2.43798e+00 
 2.20500e+02  2.43781e+00 
 2.21000e+02  2.43768e+00 
 2.21500e+02  2.43755e+00 
 2.22000e+02  2.43736e+00 
 2.22500e+02  2.43723e+00 
 2.23000e+02  2.43710e+00 
 2.23500e+02  2.43694e+00 
 2.24000e+02  2.43680e+00 
 2.24500e+02  2.43668e+00 
 2.25000e+02  2.43659e+00 
 2.25500e+02  2.43646e+00 
 2.26000e+02  2.43633e+00 
 2.26500e+02  2.43614e+00 
 2.27000e+02  2.43591e+00 
 2.27500e+02  2.43572e+00 
 2.28000e+02  2.43553e+00 
 2.28500e+02  2.43533e+00 
 2.29000e+02  2.43512e+00 
 2.29500e+02  2.43497e+00 
 2.30000e+02  2.43483e+00 
 2.30500e+02  2.43469e+00 
 2.31000e+02  2.43448e+00 
 2.31500e+02  2.43433e+00 
 2.32000e+02  2.43418e+00 
 2.32500e+02  2.43404e+00 
 2.33000e+02  2.43386e+00 
 2.33500e+02  2.43364e+00 
 2.34000e+02  2.43346e+00 
 2.34500e+02  2.43329e+00 
 2.35000e+02  2.43309e+00 
 2.35500e+02  2.43288e+00 
 2.36000e+02  2.43271e+00 
 2.36500e+02  2.43251e+00 
 2.37000e+02  2.43228e+00 
 2.37500e+02  2.43208e+00 
 2.38000e+02  2.43187e+00 
 2.38500e+02  2.43165e+00 
 2.39000e+02  2.43140e+00 
 2.39500e+02  2.43111e+00 
 2.40000e+02  2.43082e+00 
 2.40500e+02  2.43055e+00 
 2.41000e+02  2.43029e+00 
 2.41500e+02  2.43002e+00 
 2.42000e+02  2.42977e+00 
 2.42500e+02  2.42955e+00 
 2.43000e+02  2.42930e+00 
 2.43500e+02  2.42902e+00 
 2.44000e+02  2.42871e+00 
 2.44500e+02  2.42843e+00 
 2.45000e+02  2.42813e+00 
 2.45500e+02  2.42781e+00 
 2.46000e+02  2.42744e+00 
 2.46500e+02  2.42705e+00 
 2.47000e+02  2.42667e+00 
 2.47500e+02  2.42631e+00 
 2.48000e+02  2.42595e+00 
 2.48500e+02  2.42559e+00 
 2.49000e+02  2.42524e+00 
 2.49500e+02  2.42489e+00 
 2.50000e+02  2.42447e+00 
 2.50500e+02  2.42402e+00 
 2.51000e+02  2.42355e+00 
 2.51500e+02  2.42306e+00 
 2.52000e+02  2.42256e+00 
 2.52500e+02  2.42200e+00 
 2.53000e+02  2.42141e+00 
 2.53500e+02  2.42083e+00 
 2.54000e+02  2.42022e+00 
 2.54500e+02  2.41960e+00 
 2.55000e+02  2.41898e+00 
 2.55500e+02  2.41836e+00 
 2.56000e+02  2.41770e+00 
 2.56500e+02  2.41698e+00 
 2.57000e+02  2.41620e+00 
 2.57500e+02  2.41534e+00 
 2.58000e+02  2.41445e+00 
 2.58500e+02  2.41352e+00 
 2.59000e+02  2.41253e+00 
 2.59500e+02  2.41148e+00 
 2.60000e+02  2.41035e+00 
 2.60500e+02  2.40913e+00 
 2.61000e+02  2.40779e+00 
 2.61500e+02  2.40633e+00 
 2.62000e+02  2.40479e+00 
 2.62500e+02  2.40313e+00 
 2.63000e+02  2.40134e+00 
 2.63500e+02  2.39938e+00 
 2.64000e+02  2.39721e+00 
 2.64500e+02  2.39484e+00 
 2.65000e+02  2.39224e+00 
 2.65500e+02  2.38938e+00 
 2.66000e+02  2.38626e+00 
 2.66500e+02  2.38284e+00 
 2.67000e+02  2.37912e+00 
 2.67500e+02  2.37507e+00 
 2.68000e+02  2.37066e+00 
 2.68500e+02  2.36588e+00 
 2.69000e+02  2.36071e+00 
 2.69500e+02  2.35513e+00 
 2.70000e+02  2.34914e+00 
 2.70500e+02  2.34272e+00 
 2.71000e+02  2.33589e+00 
 2.71500e+02  2.32863e+00 
 2.72000e+02  2.32095e+00 
 2.72500e+02  2.31285e+00 
 2.73000e+02  2.30434e+00 
 2.73500e+02  2.29542e+00 
 2.74000e+02  2.28608e+00 
 2.74500e+02  2.27634e+00 
 2.75000e+02  2.26620e+00 
 2.75500e+02  2.25568e+00 
 2.76000e+02  2.24478e+00 
 2.76500e+02  2.23350e+00 
 2.77000e+02  2.22185e+00 
 2.77500e+02  2.20985e+00 
 2.78000e+02  2.19752e+00 
 2.78500e+02  2.18491e+00 
 2.79000e+02  2.17203e+00 
 2.79500e+02  2.15890e+00 
 2.80000e+02  2.14546e+00 
 2.80500e+02  2.13167e+00 
 2.81000e+02  2.11751e+00 
 2.81500e+02  2.10295e+00 
 2.82000e+02  2.08799e+00 
 2.82500e+02  2.07260e+00 
 2.83000e+02  2.05680e+00 
 2.83500e+02  2.04057e+00 
 2.84000e+02  2.02394e+00 
 2.84500e+02  2.00691e+00 
 2.85000e+02  1.98949e+00 
 2.85500e+02  1.97168e+00 
 2.86000e+02  1.95350e+00 
 2.86500e+02  1.93494e+00 
 2.87000e+02  1.91601e+00 
 2.87500e+02  1.89672e+00 
 2.88000e+02  1.87706e+00 
 2.88500e+02  1.85705e+00 
 2.89000e+02  1.83668e+00 
 2.89500e+02  1.81595e+00 
 2.90000e+02  1.79488e+00 
 2.90500e+02  1.77345e+00 
 2.91000e+02  1.75168e+00 
 2.91500e+02  1.72957e+00 
 2.92000e+02  1.70711e+00 
 2.92500e+02  1.68432e+00 
 2.93000e+02  1.66119e+00 
 2.93500e+02  1.63772e+00 
 2.94000e+02  1.61392e+00 
 2.94500e+02  1.58979e+00 
 2.95000e+02  1.56534e+00 
 2.95500e+02  1.54057e+00 
 2.96000e+02  1.51548e+00 
 2.96500e+02  1.49007e+00 
 2.97000e+02  1.46436e+00 
 2.97500e+02  1.43834e+00 
 2.98000e+02  1.41201e+00 
 2.98500e+02  1.38539e+00 
 2.99000e+02  1.35846e+00 
 2.99500e+02  1.33123e+00 
 3.00000e+02  1.30371e+00 
 3.00500e+02  1.27588e+00 
 3.01000e+02  1.24776e+00 
 3.01500e+02  1.21935e+00 
 3.02000e+02  1.19064e+00 
 3.02500e+02  1.16166e+00 
 3.03000e+02  1.13239e+00 
 3.03500e+02  1.10284e+00 
 3.04000e+02  1.07301e+00 
 3.04500e+02  1.04291e+00 
 3.05000e+02  1.01253e+00 
 3.05500e+02  9.81879e-01 
 3.06000e+02  9.50954e-01 
 3.06500e+02  9.19765e-01 
 3.07000e+02  8.88319e-01 
 3.07500e+02  8.56619e-01 
 3.08000e+02  8.24670e-01 
 3.08500e+02  7.92479e-01 
 3.09000e+02  7.60050e-01 
 3.09500e+02  7.27384e-01 
 3.10000e+02  6.94484e-01 
 3.10500e+02  6.61351e-01 
 3.11000e+02  6.27989e-01 
 3.11500e+02  5.94407e-01 
 3.12000e+02  5.60605e-01 
 3.12500e+02  5.26590e-01 
 3.13000e+02  4.92372e-01 
 3.13500e+02  4.57954e-01 
 3.14000e+02  4.23344e-01 
 3.14500e+02  3.88545e-01 
 3.15000e+02  3.53564e-01 
 3.15500e+02  3.18406e-01 
 3.16000e+02  2.83084e-01 
 3.16500e+02  2.47611e-01 
 3.17000e+02  2.12005e-01 
 3.17500e+02  1.76280e-01 
 3.18000e+02  1.40449e-01 
 3.18500e+02  1.04536e-01 
 3.19000e+02  6.85875e-02 
 3.19500e+02  3.26845e-02 
