 0.00000e+00  4.12974e-05 
 5.00000e-01  4.76198e-05 
 1.00000e+00  5.55614e-05 
 1.50000e+00  6.45886e-05 
 2.00000e+00  7.41701e-05 
 2.50000e+00  8.46245e-05 
 3.00000e+00  9.30188e-05 
 3.50000e+00  1.03138e-04 
 4.00000e+00  1.12732e-04 
 4.50000e+00  1.23012e-04 
 5.00000e+00  1.33086e-04 
 5.50000e+00  1.42639e-04 
 6.00000e+00  1.53199e-04 
 6.50000e+00  1.62991e-04 
 7.00000e+00  1.73958e-04 
 7.50000e+00  1.81323e-04 
 8.00000e+00  1.92748e-04 
 8.50000e+00  2.01782e-04 
 9.00000e+00  2.13456e-04 
 9.50000e+00  2.23245e-04 
 1.00000e+01  2.32552e-04 
 1.05000e+01  2.41545e-04 
 1.10000e+01  2.50181e-04 
 1.15000e+01  2.60741e-04 
 1.20000e+01  2.69727e-04 
 1.25000e+01  2.76736e-04 
 1.30000e+01  2.87740e-04 
 1.35000e+01  2.96243e-04 
 1.40000e+01  3.06898e-04 
 1.45000e+01  3.16984e-04 
 1.50000e+01  3.26447e-04 
 1.55000e+01  3.34136e-04 
 1.60000e+01  3.44364e-04 
 1.65000e+01  3.55696e-04 
 1.70000e+01  3.63495e-04 
 1.75000e+01  3.73072e-04 
 1.80000e+01  3.82124e-04 
 1.85000e+01  3.94430e-04 
 1.90000e+01  4.07550e-04 
 1.95000e+01  4.15534e-04 
 2.00000e+01  4.27665e-04 
 2.05000e+01  4.39765e-04 
 2.10000e+01  4.48821e-04 
 2.15000e+01  4.62276e-04 
 2.20000e+01  4.76620e-04 
 2.25000e+01  4.89256e-04 
 2.30000e+01  5.03691e-04 
 2.35000e+01  5.19104e-04 
 2.40000e+01  5.34461e-04 
 2.45000e+01  5.49657e-04 
 2.50000e+01  5.67551e-04 
 2.55000e+01  5.84303e-04 
 2.60000e+01  6.00905e-04 
 2.65000e+01  6.23175e-04 
 2.70000e+01  6.43519e-04 
 2.75000e+01  6.62997e-04 
 2.80000e+01  6.81221e-04 
 2.85000e+01  7.07339e-04 
 2.90000e+01  7.27800e-04 
 2.95000e+01  7.54345e-04 
 3.00000e+01  7.80012e-04 
 3.05000e+01  8.11876e-04 
 3.10000e+01  8.43310e-04 
 3.15000e+01  8.71313e-04 
 3.20000e+01  9.03913e-04 
 3.25000e+01  9.34275e-04 
 3.30000e+01  9.72899e-04 
 3.35000e+01  1.01275e-03 
 3.40000e+01  1.05590e-03 
 3.45000e+01  1.10338e-03 
 3.50000e+01  1.14451e-03 
 3.55000e+01  1.19121e-03 
 3.60000e+01  1.24555e-03 
 3.65000e+01  1.29665e-03 
 3.70000e+01  1.35482e-03 
 3.75000e+01  1.41383e-03 
 3.80000e+01  1.48242e-03 
 3.85000e+01  1.54943e-03 
 3.90000e+01  1.61619e-03 
 3.95000e+01  1.69408e-03 
 4.00000e+01  1.77529e-03 
 4.05000e+01  1.85803e-03 
 4.10000e+01  1.94196e-03 
 4.15000e+01  2.02995e-03 
 4.20000e+01  2.12716e-03 
 4.25000e+01  2.22238e-03 
 4.30000e+01  2.33129e-03 
 4.35000e+01  2.44259e-03 
 4.40000e+01  2.56142e-03 
 4.45000e+01  2.69249e-03 
 4.50000e+01  2.82806e-03 
 4.55000e+01  2.96942e-03 
 4.60000e+01  3.13039e-03 
 4.65000e+01  3.28527e-03 
 4.70000e+01  3.45991e-03 
 4.75000e+01  3.63994e-03 
 4.80000e+01  3.83405e-03 
 4.85000e+01  4.03304e-03 
 4.90000e+01  4.24204e-03 
 4.95000e+01  4.46160e-03 
 5.00000e+01  4.69129e-03 
 5.05000e+01  4.92263e-03 
 5.10000e+01  5.16191e-03 
 5.15000e+01  5.39759e-03 
 5.20000e+01  5.63829e-03 
 5.25000e+01  5.86748e-03 
 5.30000e+01  6.11334e-03 
 5.35000e+01  6.35318e-03 
 5.40000e+01  6.59194e-03 
 5.45000e+01  6.80682e-03 
 5.50000e+01  7.04081e-03 
 5.55000e+01  7.25686e-03 
 5.60000e+01  7.45688e-03 
 5.65000e+01  7.65162e-03 
 5.70000e+01  7.85166e-03 
 5.75000e+01  8.04216e-03 
 5.80000e+01  8.22921e-03 
 5.85000e+01  8.41541e-03 
 5.90000e+01  8.60700e-03 
 5.95000e+01  8.79479e-03 
 6.00000e+01  8.96533e-03 
 6.05000e+01  9.13478e-03 
 6.10000e+01  9.29750e-03 
 6.15000e+01  9.43672e-03 
 6.20000e+01  9.61104e-03 
 6.25000e+01  9.75363e-03 
 6.30000e+01  9.88741e-03 
 6.35000e+01  1.00148e-02 
 6.40000e+01  1.01331e-02 
 6.45000e+01  1.02527e-02 
 6.50000e+01  1.03580e-02 
 6.55000e+01  1.04747e-02 
 6.60000e+01  1.05721e-02 
 6.65000e+01  1.06995e-02 
 6.70000e+01  1.08014e-02 
 6.75000e+01  1.09075e-02 
 6.80000e+01  1.10214e-02 
 6.85000e+01  1.11263e-02 
 6.90000e+01  1.12315e-02 
 6.95000e+01  1.13208e-02 
 7.00000e+01  1.14305e-02 
 7.05000e+01  1.15271e-02 
 7.10000e+01  1.16189e-02 
 7.15000e+01  1.17050e-02 
 7.20000e+01  1.17923e-02 
 7.25000e+01  1.18818e-02 
 7.30000e+01  1.19729e-02 
 7.35000e+01  1.20732e-02 
 7.40000e+01  1.21603e-02 
 7.45000e+01  1.22413e-02 
 7.50000e+01  1.23135e-02 
 7.55000e+01  1.24193e-02 
 7.60000e+01  1.25169e-02 
 7.65000e+01  1.25992e-02 
 7.70000e+01  1.26718e-02 
 7.75000e+01  1.27267e-02 
 7.80000e+01  1.28024e-02 
 7.85000e+01  1.28765e-02 
 7.90000e+01  1.29388e-02 
 7.95000e+01  1.30192e-02 
 8.00000e+01  1.30953e-02 
 8.05000e+01  1.31767e-02 
 8.10000e+01  1.32533e-02 
 8.15000e+01  1.33250e-02 
 8.20000e+01  1.34107e-02 
 8.25000e+01  1.34918e-02 
 8.30000e+01  1.35544e-02 
 8.35000e+01  1.36452e-02 
 8.40000e+01  1.37133e-02 
 8.45000e+01  1.37802e-02 
 8.50000e+01  1.38553e-02 
 8.55000e+01  1.39017e-02 
 8.60000e+01  1.39487e-02 
 8.65000e+01  1.40106e-02 
 8.70000e+01  1.40634e-02 
 8.75000e+01  1.41151e-02 
 8.80000e+01  1.41751e-02 
 8.85000e+01  1.42405e-02 
 8.90000e+01  1.42943e-02 
 8.95000e+01  1.43682e-02 
 9.00000e+01  1.44095e-02 
 9.05000e+01  1.44421e-02 
 9.10000e+01  1.44854e-02 
 9.15000e+01  1.45399e-02 
 9.20000e+01  1.45804e-02 
 9.25000e+01  1.46108e-02 
 9.30000e+01  1.46824e-02 
 9.35000e+01  1.47283e-02 
 9.40000e+01  1.47717e-02 
 9.45000e+01  1.47977e-02 
 9.50000e+01  1.48395e-02 
 9.55000e+01  1.48635e-02 
 9.60000e+01  1.49213e-02 
 9.65000e+01  1.49426e-02 
 9.70000e+01  1.49860e-02 
 9.75000e+01  1.50114e-02 
 9.80000e+01  1.50499e-02 
 9.85000e+01  1.51104e-02 
 9.90000e+01  1.51642e-02 
 9.95000e+01  1.52380e-02 
 1.00000e+02  1.52741e-02 
 1.00500e+02  1.52896e-02 
 1.01000e+02  1.53268e-02 
 1.01500e+02  1.53594e-02 
 1.02000e+02  1.53993e-02 
 1.02500e+02  1.54355e-02 
 1.03000e+02  1.54576e-02 
 1.03500e+02  1.54766e-02 
 1.04000e+02  1.55052e-02 
 1.04500e+02  1.55391e-02 
 1.05000e+02  1.55688e-02 
 1.05500e+02  1.56319e-02 
 1.06000e+02  1.56580e-02 
 1.06500e+02  1.56862e-02 
 1.07000e+02  1.57319e-02 
 1.07500e+02  1.57688e-02 
 1.08000e+02  1.57965e-02 
 1.08500e+02  1.58370e-02 
 1.09000e+02  1.58729e-02 
 1.09500e+02  1.58950e-02 
 1.10000e+02  1.59123e-02 
 1.10500e+02  1.59301e-02 
 1.11000e+02  1.59600e-02 
 1.11500e+02  1.59787e-02 
 1.12000e+02  1.59904e-02 
 1.12500e+02  1.59970e-02 
 1.13000e+02  1.60072e-02 
 1.13500e+02  1.60378e-02 
 1.14000e+02  1.60723e-02 
 1.14500e+02  1.60942e-02 
 1.15000e+02  1.61052e-02 
 1.15500e+02  1.61295e-02 
 1.16000e+02  1.61744e-02 
 1.16500e+02  1.61935e-02 
 1.17000e+02  1.62241e-02 
 1.17500e+02  1.62424e-02 
 1.18000e+02  1.62918e-02 
 1.18500e+02  1.63074e-02 
 1.19000e+02  1.62977e-02 
 1.19500e+02  1.63241e-02 
 1.20000e+02  1.63151e-02 
 1.20500e+02  1.63396e-02 
 1.21000e+02  1.63602e-02 
 1.21500e+02  1.63874e-02 
 1.22000e+02  1.64027e-02 
 1.22500e+02  1.64249e-02 
 1.23000e+02  1.64441e-02 
 1.23500e+02  1.64522e-02 
 1.24000e+02  1.64573e-02 
 1.24500e+02  1.64735e-02 
 1.25000e+02  1.64825e-02 
 1.25500e+02  1.65054e-02 
 1.26000e+02  1.65220e-02 
 1.26500e+02  1.65292e-02 
 1.27000e+02  1.65297e-02 
 1.27500e+02  1.65386e-02 
 1.28000e+02  1.65549e-02 
 1.28500e+02  1.65770e-02 
 1.29000e+02  1.65869e-02 
 1.29500e+02  1.65859e-02 
 1.30000e+02  1.65987e-02 
 1.30500e+02  1.66081e-02 
 1.31000e+02  1.65934e-02 
 1.31500e+02  1.65890e-02 
 1.32000e+02  1.66219e-02 
 1.32500e+02  1.66146e-02 
 1.33000e+02  1.66098e-02 
 1.33500e+02  1.66298e-02 
 1.34000e+02  1.66441e-02 
 1.34500e+02  1.66558e-02 
 1.35000e+02  1.66577e-02 
 1.35500e+02  1.66620e-02 
 1.36000e+02  1.66931e-02 
 1.36500e+02  1.67060e-02 
 1.37000e+02  1.67132e-02 
 1.37500e+02  1.67114e-02 
 1.38000e+02  1.67204e-02 
 1.38500e+02  1.67365e-02 
 1.39000e+02  1.67401e-02 
 1.39500e+02  1.67572e-02 
 1.40000e+02  1.67550e-02 
 1.40500e+02  1.67673e-02 
 1.41000e+02  1.67892e-02 
 1.41500e+02  1.67831e-02 
 1.42000e+02  1.67749e-02 
 1.42500e+02  1.67786e-02 
 1.43000e+02  1.67883e-02 
 1.43500e+02  1.68100e-02 
 1.44000e+02  1.68081e-02 
 1.44500e+02  1.68276e-02 
 1.45000e+02  1.68239e-02 
 1.45500e+02  1.68263e-02 
 1.46000e+02  1.68220e-02 
 1.46500e+02  1.68153e-02 
 1.47000e+02  1.68198e-02 
 1.47500e+02  1.68241e-02 
 1.48000e+02  1.68349e-02 
 1.48500e+02  1.68456e-02 
 1.49000e+02  1.68632e-02 
 1.49500e+02  1.68483e-02 
 1.50000e+02  1.68688e-02 
 1.50500e+02  1.68674e-02 
 1.51000e+02  1.68591e-02 
 1.51500e+02  1.68522e-02 
 1.52000e+02  1.68597e-02 
 1.52500e+02  1.68571e-02 
 1.53000e+02  1.68578e-02 
 1.53500e+02  1.68378e-02 
 1.54000e+02  1.68311e-02 
 1.54500e+02  1.68376e-02 
 1.55000e+02  1.68496e-02 
 1.55500e+02  1.68547e-02 
 1.56000e+02  1.68510e-02 
 1.56500e+02  1.68575e-02 
 1.57000e+02  1.68583e-02 
 1.57500e+02  1.68523e-02 
 1.58000e+02  1.68539e-02 
 1.58500e+02  1.68767e-02 
 1.59000e+02  1.68781e-02 
 1.59500e+02  1.68833e-02 
 1.60000e+02  1.68839e-02 
 1.60500e+02  1.68792e-02 
 1.61000e+02  1.68742e-02 
 1.61500e+02  1.68638e-02 
 1.62000e+02  1.68461e-02 
 1.62500e+02  1.68492e-02 
 1.63000e+02  1.68430e-02 
 1.63500e+02  1.68472e-02 
 1.64000e+02  1.68455e-02 
 1.64500e+02  1.68575e-02 
 1.65000e+02  1.68429e-02 
 1.65500e+02  1.68476e-02 
 1.66000e+02  1.68581e-02 
 1.66500e+02  1.68545e-02 
 1.67000e+02  1.68386e-02 
 1.67500e+02  1.68448e-02 
 1.68000e+02  1.68504e-02 
 1.68500e+02  1.68536e-02 
 1.69000e+02  1.68401e-02 
 1.69500e+02  1.68297e-02 
 1.70000e+02  1.68190e-02 
 1.70500e+02  1.68353e-02 
 1.71000e+02  1.68225e-02 
 1.71500e+02  1.68154e-02 
 1.72000e+02  1.68160e-02 
 1.72500e+02  1.68028e-02 
 1.73000e+02  1.68109e-02 
 1.73500e+02  1.68120e-02 
 1.74000e+02  1.68152e-02 
 1.74500e+02  1.68187e-02 
 1.75000e+02  1.67970e-02 
 1.75500e+02  1.67644e-02 
 1.76000e+02  1.67716e-02 
 1.76500e+02  1.67553e-02 
 1.77000e+02  1.67681e-02 
 1.77500e+02  1.67582e-02 
 1.78000e+02  1.67598e-02 
 1.78500e+02  1.67617e-02 
 1.79000e+02  1.67449e-02 
 1.79500e+02  1.67313e-02 
 1.80000e+02  1.67119e-02 
 1.80500e+02  1.67083e-02 
 1.81000e+02  1.67199e-02 
 1.81500e+02  1.66929e-02 
 1.82000e+02  1.66757e-02 
 1.82500e+02  1.66660e-02 
 1.83000e+02  1.66427e-02 
 1.83500e+02  1.66307e-02 
 1.84000e+02  1.66157e-02 
 1.84500e+02  1.66190e-02 
 1.85000e+02  1.65971e-02 
 1.85500e+02  1.65768e-02 
 1.86000e+02  1.65703e-02 
 1.86500e+02  1.65672e-02 
 1.87000e+02  1.65603e-02 
 1.87500e+02  1.65453e-02 
 1.88000e+02  1.65304e-02 
 1.88500e+02  1.65077e-02 
 1.89000e+02  1.65048e-02 
 1.89500e+02  1.64945e-02 
 1.90000e+02  1.64970e-02 
 1.90500e+02  1.64818e-02 
 1.91000e+02  1.64775e-02 
 1.91500e+02  1.64675e-02 
 1.92000e+02  1.64651e-02 
 1.92500e+02  1.64418e-02 
 1.93000e+02  1.64329e-02 
 1.93500e+02  1.64267e-02 
 1.94000e+02  1.64170e-02 
 1.94500e+02  1.63944e-02 
 1.95000e+02  1.63832e-02 
 1.95500e+02  1.63818e-02 
 1.96000e+02  1.63675e-02 
 1.96500e+02  1.63559e-02 
 1.97000e+02  1.63319e-02 
 1.97500e+02  1.63258e-02 
 1.98000e+02  1.63095e-02 
 1.98500e+02  1.62632e-02 
 1.99000e+02  1.62476e-02 
 1.99500e+02  1.62335e-02 
 2.00000e+02  1.62273e-02 
 2.00500e+02  1.61935e-02 
 2.01000e+02  1.61622e-02 
 2.01500e+02  1.61746e-02 
 2.02000e+02  1.61315e-02 
 2.02500e+02  1.61016e-02 
 2.03000e+02  1.60958e-02 
 2.03500e+02  1.60565e-02 
 2.04000e+02  1.60436e-02 
 2.04500e+02  1.60057e-02 
 2.05000e+02  1.59953e-02 
 2.05500e+02  1.59696e-02 
 2.06000e+02  1.59560e-02 
 2.06500e+02  1.59391e-02 
 2.07000e+02  1.59114e-02 
 2.07500e+02  1.58776e-02 
 2.08000e+02  1.58456e-02 
 2.08500e+02  1.58316e-02 
 2.09000e+02  1.58076e-02 
 2.09500e+02  1.57919e-02 
 2.10000e+02  1.57714e-02 
 2.10500e+02  1.57423e-02 
 2.11000e+02  1.57191e-02 
 2.11500e+02  1.56949e-02 
 2.12000e+02  1.56726e-02 
 2.12500e+02  1.56401e-02 
 2.13000e+02  1.55982e-02 
 2.13500e+02  1.55819e-02 
 2.14000e+02  1.55689e-02 
 2.14500e+02  1.55450e-02 
 2.15000e+02  1.55209e-02 
 2.15500e+02  1.54808e-02 
 2.16000e+02  1.54418e-02 
 2.16500e+02  1.54031e-02 
 2.17000e+02  1.54005e-02 
 2.17500e+02  1.53763e-02 
 2.18000e+02  1.53298e-02 
 2.18500e+02  1.52858e-02 
 2.19000e+02  1.52516e-02 
 2.19500e+02  1.52108e-02 
 2.20000e+02  1.51584e-02 
 2.20500e+02  1.51300e-02 
 2.21000e+02  1.50984e-02 
 2.21500e+02  1.50537e-02 
 2.22000e+02  1.50056e-02 
 2.22500e+02  1.49671e-02 
 2.23000e+02  1.48984e-02 
 2.23500e+02  1.48437e-02 
 2.24000e+02  1.47959e-02 
 2.24500e+02  1.47814e-02 
 2.25000e+02  1.47401e-02 
 2.25500e+02  1.47012e-02 
 2.26000e+02  1.46465e-02 
 2.26500e+02  1.45772e-02 
 2.27000e+02  1.45080e-02 
 2.27500e+02  1.44287e-02 
 2.28000e+02  1.43399e-02 
 2.28500e+02  1.42998e-02 
 2.29000e+02  1.42529e-02 
 2.29500e+02  1.42068e-02 
 2.30000e+02  1.41551e-02 
 2.30500e+02  1.40966e-02 
 2.31000e+02  1.40310e-02 
 2.31500e+02  1.39523e-02 
 2.32000e+02  1.38870e-02 
 2.32500e+02  1.38473e-02 
 2.33000e+02  1.37926e-02 
 2.33500e+02  1.37257e-02 
 2.34000e+02  1.36451e-02 
 2.34500e+02  1.35799e-02 
 2.35000e+02  1.35137e-02 
 2.35500e+02  1.34364e-02 
 2.36000e+02  1.33760e-02 
 2.36500e+02  1.33020e-02 
 2.37000e+02  1.32491e-02 
 2.37500e+02  1.31797e-02 
 2.38000e+02  1.31027e-02 
 2.38500e+02  1.30387e-02 
 2.39000e+02  1.29667e-02 
 2.39500e+02  1.28803e-02 
 2.40000e+02  1.27913e-02 
 2.40500e+02  1.27241e-02 
 2.41000e+02  1.26710e-02 
 2.41500e+02  1.26010e-02 
 2.42000e+02  1.25247e-02 
 2.42500e+02  1.24372e-02 
 2.43000e+02  1.23588e-02 
 2.43500e+02  1.22830e-02 
 2.44000e+02  1.22128e-02 
 2.44500e+02  1.21323e-02 
 2.45000e+02  1.20625e-02 
 2.45500e+02  1.19799e-02 
 2.46000e+02  1.18984e-02 
 2.46500e+02  1.18165e-02 
 2.47000e+02  1.17239e-02 
 2.47500e+02  1.16186e-02 
 2.48000e+02  1.15362e-02 
 2.48500e+02  1.14619e-02 
 2.49000e+02  1.13644e-02 
 2.49500e+02  1.12784e-02 
 2.50000e+02  1.11665e-02 
 2.50500e+02  1.10506e-02 
 2.51000e+02  1.09349e-02 
 2.51500e+02  1.08304e-02 
 2.52000e+02  1.07039e-02 
 2.52500e+02  1.05726e-02 
 2.53000e+02  1.04644e-02 
 2.53500e+02  1.03549e-02 
 2.54000e+02  1.02428e-02 
 2.54500e+02  1.01330e-02 
 2.55000e+02  1.00217e-02 
 2.55500e+02  9.88569e-03 
 2.56000e+02  9.73169e-03 
 2.56500e+02  9.58200e-03 
 2.57000e+02  9.42545e-03 
 2.57500e+02  9.27869e-03 
 2.58000e+02  9.11897e-03 
 2.58500e+02  8.96565e-03 
 2.59000e+02  8.79470e-03 
 2.59500e+02  8.62792e-03 
 2.60000e+02  8.46688e-03 
 2.60500e+02  8.28878e-03 
 2.61000e+02  8.10485e-03 
 2.61500e+02  7.92722e-03 
 2.62000e+02  7.73945e-03 
 2.62500e+02  7.53361e-03 
 2.63000e+02  7.32675e-03 
 2.63500e+02  7.12167e-03 
 2.64000e+02  6.90889e-03 
 2.64500e+02  6.68604e-03 
 2.65000e+02  6.45049e-03 
 2.65500e+02  6.23141e-03 
 2.66000e+02  5.98993e-03 
 2.66500e+02  5.75421e-03 
 2.67000e+02  5.52505e-03 
 2.67500e+02  5.28449e-03 
 2.68000e+02  5.05159e-03 
 2.68500e+02  4.81388e-03 
 2.69000e+02  4.58652e-03 
 2.69500e+02  4.35640e-03 
 2.70000e+02  4.14167e-03 
 2.70500e+02  3.92165e-03 
 2.71000e+02  3.71648e-03 
 2.71500e+02  3.51585e-03 
 2.72000e+02  3.33052e-03 
 2.72500e+02  3.15700e-03 
 2.73000e+02  2.99523e-03 
 2.73500e+02  2.83567e-03 
 2.74000e+02  2.69028e-03 
 2.74500e+02  2.56400e-03 
 2.75000e+02  2.43562e-03 
 2.75500e+02  2.31856e-03 
 2.76000e+02  2.20963e-03 
 2.76500e+02  2.10284e-03 
 2.77000e+02  2.00805e-03 
 2.77500e+02  1.91126e-03 
 2.78000e+02  1.82763e-03 
 2.78500e+02  1.74198e-03 
 2.79000e+02  1.67201e-03 
 2.79500e+02  1.60001e-03 
 2.80000e+02  1.53133e-03 
 2.80500e+02  1.45929e-03 
 2.81000e+02  1.40116e-03 
 2.81500e+02  1.34225e-03 
 2.82000e+02  1.28616e-03 
 2.82500e+02  1.23563e-03 
 2.83000e+02  1.18334e-03 
 2.83500e+02  1.14083e-03 
 2.84000e+02  1.09786e-03 
 2.84500e+02  1.05802e-03 
 2.85000e+02  1.01775e-03 
 2.85500e+02  9.77858e-04 
 2.86000e+02  9.42962e-04 
 2.86500e+02  9.08269e-04 
 2.87000e+02  8.73877e-04 
 2.87500e+02  8.38762e-04 
 2.88000e+02  8.11613e-04 
 2.88500e+02  7.83735e-04 
 2.89000e+02  7.59026e-04 
 2.89500e+02  7.35369e-04 
 2.90000e+02  7.10831e-04 
 2.90500e+02  6.87505e-04 
 2.91000e+02  6.63396e-04 
 2.91500e+02  6.43746e-04 
 2.92000e+02  6.21298e-04 
 2.92500e+02  6.05568e-04 
 2.93000e+02  5.87513e-04 
 2.93500e+02  5.73071e-04 
 2.94000e+02  5.55809e-04 
 2.94500e+02  5.40099e-04 
 2.95000e+02  5.23400e-04 
 2.95500e+02  5.09616e-04 
 2.96000e+02  4.96828e-04 
 2.96500e+02  4.82625e-04 
 2.97000e+02  4.69073e-04 
 2.97500e+02  4.55365e-04 
 2.98000e+02  4.43583e-04 
 2.98500e+02  4.30682e-04 
 2.99000e+02  4.21646e-04 
 2.99500e+02  4.11006e-04 
 3.00000e+02  4.02026e-04 
 3.00500e+02  3.91800e-04 
 3.01000e+02  3.80997e-04 
 3.01500e+02  3.70801e-04 
 3.02000e+02  3.61935e-04 
 3.02500e+02  3.53819e-04 
 3.03000e+02  3.43333e-04 
 3.03500e+02  3.35131e-04 
 3.04000e+02  3.25542e-04 
 3.04500e+02  3.16966e-04 
 3.05000e+02  3.07652e-04 
 3.05500e+02  3.01684e-04 
 3.06000e+02  2.92482e-04 
 3.06500e+02  2.82757e-04 
 3.07000e+02  2.73541e-04 
 3.07500e+02  2.65030e-04 
 3.08000e+02  2.59616e-04 
 3.08500e+02  2.50082e-04 
 3.09000e+02  2.43029e-04 
 3.09500e+02  2.35935e-04 
 3.10000e+02  2.26105e-04 
 3.10500e+02  2.18645e-04 
 3.11000e+02  2.11286e-04 
 3.11500e+02  2.04177e-04 
 3.12000e+02  1.96648e-04 
 3.12500e+02  1.90338e-04 
 3.13000e+02  1.83074e-04 
 3.13500e+02  1.74481e-04 
 3.14000e+02  1.65311e-04 
 3.14500e+02  1.59323e-04 
 3.15000e+02  1.49623e-04 
 3.15500e+02  1.42051e-04 
 3.16000e+02  1.33683e-04 
 3.16500e+02  1.25136e-04 
 3.17000e+02  1.16025e-04 
 3.17500e+02  1.07082e-04 
 3.18000e+02  9.91468e-05 
 3.18500e+02  8.97917e-05 
 3.19000e+02  7.99029e-05 
 3.19500e+02  7.11965e-05 
