 0.00000e+00  3.76648e-05 
 5.00000e-01  4.36616e-05 
 1.00000e+00  5.21384e-05 
 1.50000e+00  5.89888e-05 
 2.00000e+00  6.62632e-05 
 2.50000e+00  7.47672e-05 
 3.00000e+00  8.40696e-05 
 3.50000e+00  9.29880e-05 
 4.00000e+00  1.02911e-04 
 4.50000e+00  1.12923e-04 
 5.00000e+00  1.21906e-04 
 5.50000e+00  1.29671e-04 
 6.00000e+00  1.42374e-04 
 6.50000e+00  1.53139e-04 
 7.00000e+00  1.64555e-04 
 7.50000e+00  1.74063e-04 
 8.00000e+00  1.86552e-04 
 8.50000e+00  1.96266e-04 
 9.00000e+00  2.06645e-04 
 9.50000e+00  2.17305e-04 
 1.00000e+01  2.30231e-04 
 1.05000e+01  2.40272e-04 
 1.10000e+01  2.48984e-04 
 1.15000e+01  2.58500e-04 
 1.20000e+01  2.68414e-04 
 1.25000e+01  2.77546e-04 
 1.30000e+01  2.86606e-04 
 1.35000e+01  2.93642e-04 
 1.40000e+01  3.05914e-04 
 1.45000e+01  3.17623e-04 
 1.50000e+01  3.24730e-04 
 1.55000e+01  3.32832e-04 
 1.60000e+01  3.42899e-04 
 1.65000e+01  3.51874e-04 
 1.70000e+01  3.62420e-04 
 1.75000e+01  3.74346e-04 
 1.80000e+01  3.86118e-04 
 1.85000e+01  3.96887e-04 
 1.90000e+01  4.08728e-04 
 1.95000e+01  4.19546e-04 
 2.00000e+01  4.28254e-04 
 2.05000e+01  4.39964e-04 
 2.10000e+01  4.53205e-04 
 2.15000e+01  4.68677e-04 
 2.20000e+01  4.81283e-04 
 2.25000e+01  4.91338e-04 
 2.30000e+01  5.04811e-04 
 2.35000e+01  5.21842e-04 
 2.40000e+01  5.35971e-04 
 2.45000e+01  5.54222e-04 
 2.50000e+01  5.67858e-04 
 2.55000e+01  5.84414e-04 
 2.60000e+01  6.02449e-04 
 2.65000e+01  6.19512e-04 
 2.70000e+01  6.36801e-04 
 2.75000e+01  6.56725e-04 
 2.80000e+01  6.79178e-04 
 2.85000e+01  7.04314e-04 
 2.90000e+01  7.29701e-04 
 2.95000e+01  7.54833e-04 
 3.00000e+01  7.78938e-04 
 3.05000e+01  8.04518e-04 
 3.10000e+01  8.32982e-04 
 3.15000e+01  8.63890e-04 
 3.20000e+01  8.98827e-04 
 3.25000e+01  9.34132e-04 
 3.30000e+01  9.67285e-04 
 3.35000e+01  1.00251e-03 
 3.40000e+01  1.04460e-03 
 3.45000e+01  1.08851e-03 
 3.50000e+01  1.13526e-03 
 3.55000e+01  1.18393e-03 
 3.60000e+01  1.23886e-03 
 3.65000e+01  1.28882e-03 
 3.70000e+01  1.34551e-03 
 3.75000e+01  1.40319e-03 
 3.80000e+01  1.46375e-03 
 3.85000e+01  1.53161e-03 
 3.90000e+01  1.59593e-03 
 3.95000e+01  1.67707e-03 
 4.00000e+01  1.75648e-03 
 4.05000e+01  1.83385e-03 
 4.10000e+01  1.91961e-03 
 4.15000e+01  2.01534e-03 
 4.20000e+01  2.11306e-03 
 4.25000e+01  2.20910e-03 
 4.30000e+01  2.31492e-03 
 4.35000e+01  2.43025e-03 
 4.40000e+01  2.55293e-03 
 4.45000e+01  2.68237e-03 
 4.50000e+01  2.81842e-03 
 4.55000e+01  2.96795e-03 
 4.60000e+01  3.12109e-03 
 4.65000e+01  3.29138e-03 
 4.70000e+01  3.46671e-03 
 4.75000e+01  3.66170e-03 
 4.80000e+01  3.86001e-03 
 4.85000e+01  4.06757e-03 
 4.90000e+01  4.28871e-03 
 4.95000e+01  4.50188e-03 
 5.00000e+01  4.73739e-03 
 5.05000e+01  4.96997e-03 
 5.10000e+01  5.20533e-03 
 5.15000e+01  5.44081e-03 
 5.20000e+01  5.66928e-03 
 5.25000e+01  5.92136e-03 
 5.30000e+01  6.14953e-03 
 5.35000e+01  6.38587e-03 
 5.40000e+01  6.62096e-03 
 5.45000e+01  6.84966e-03 
 5.50000e+01  7.06503e-03 
 5.55000e+01  7.29050e-03 
 5.60000e+01  7.50143e-03 
 5.65000e+01  7.70607e-03 
 5.70000e+01  7.90848e-03 
 5.75000e+01  8.10826e-03 
 5.80000e+01  8.29707e-03 
 5.85000e+01  8.46895e-03 
 5.90000e+01  8.63928e-03 
 5.95000e+01  8.80465e-03 
 6.00000e+01  8.96086e-03 
 6.05000e+01  9.12406e-03 
 6.10000e+01  9.27519e-03 
 6.15000e+01  9.42879e-03 
 6.20000e+01  9.57385e-03 
 6.25000e+01  9.71203e-03 
 6.30000e+01  9.84746e-03 
 6.35000e+01  9.98110e-03 
 6.40000e+01  1.00915e-02 
 6.45000e+01  1.02181e-02 
 6.50000e+01  1.03321e-02 
 6.55000e+01  1.04554e-02 
 6.60000e+01  1.05561e-02 
 6.65000e+01  1.06774e-02 
 6.70000e+01  1.08077e-02 
 6.75000e+01  1.09257e-02 
 6.80000e+01  1.10603e-02 
 6.85000e+01  1.11835e-02 
 6.90000e+01  1.13144e-02 
 6.95000e+01  1.14133e-02 
 7.00000e+01  1.15299e-02 
 7.05000e+01  1.16061e-02 
 7.10000e+01  1.17030e-02 
 7.15000e+01  1.17952e-02 
 7.20000e+01  1.18768e-02 
 7.25000e+01  1.19466e-02 
 7.30000e+01  1.20315e-02 
 7.35000e+01  1.21310e-02 
 7.40000e+01  1.22385e-02 
 7.45000e+01  1.23451e-02 
 7.50000e+01  1.24412e-02 
 7.55000e+01  1.25248e-02 
 7.60000e+01  1.26038e-02 
 7.65000e+01  1.26866e-02 
 7.70000e+01  1.27352e-02 
 7.75000e+01  1.27992e-02 
 7.80000e+01  1.28681e-02 
 7.85000e+01  1.29420e-02 
 7.90000e+01  1.30249e-02 
 7.95000e+01  1.31099e-02 
 8.00000e+01  1.31764e-02 
 8.05000e+01  1.32484e-02 
 8.10000e+01  1.33236e-02 
 8.15000e+01  1.33794e-02 
 8.20000e+01  1.34426e-02 
 8.25000e+01  1.35009e-02 
 8.30000e+01  1.35570e-02 
 8.35000e+01  1.36072e-02 
 8.40000e+01  1.36749e-02 
 8.45000e+01  1.37443e-02 
 8.50000e+01  1.38036e-02 
 8.55000e+01  1.38522e-02 
 8.60000e+01  1.38916e-02 
 8.65000e+01  1.39502e-02 
 8.70000e+01  1.40189e-02 
 8.75000e+01  1.40635e-02 
 8.80000e+01  1.41315e-02 
 8.85000e+01  1.41828e-02 
 8.90000e+01  1.42318e-02 
 8.95000e+01  1.42777e-02 
 9.00000e+01  1.43349e-02 
 9.05000e+01  1.43938e-02 
 9.10000e+01  1.44528e-02 
 9.15000e+01  1.45019e-02 
 9.20000e+01  1.45480e-02 
 9.25000e+01  1.46261e-02 
 9.30000e+01  1.46884e-02 
 9.35000e+01  1.47413e-02 
 9.40000e+01  1.47773e-02 
 9.45000e+01  1.48075e-02 
 9.50000e+01  1.48292e-02 
 9.55000e+01  1.48799e-02 
 9.60000e+01  1.48992e-02 
 9.65000e+01  1.49198e-02 
 9.70000e+01  1.49832e-02 
 9.75000e+01  1.50208e-02 
 9.80000e+01  1.50817e-02 
 9.85000e+01  1.51332e-02 
 9.90000e+01  1.51672e-02 
 9.95000e+01  1.52149e-02 
 1.00000e+02  1.52529e-02 
 1.00500e+02  1.52879e-02 
 1.01000e+02  1.53161e-02 
 1.01500e+02  1.53655e-02 
 1.02000e+02  1.54085e-02 
 1.02500e+02  1.54359e-02 
 1.03000e+02  1.54649e-02 
 1.03500e+02  1.54859e-02 
 1.04000e+02  1.55207e-02 
 1.04500e+02  1.55435e-02 
 1.05000e+02  1.55854e-02 
 1.05500e+02  1.56026e-02 
 1.06000e+02  1.56448e-02 
 1.06500e+02  1.56847e-02 
 1.07000e+02  1.57022e-02 
 1.07500e+02  1.57367e-02 
 1.08000e+02  1.57658e-02 
 1.08500e+02  1.58059e-02 
 1.09000e+02  1.58344e-02 
 1.09500e+02  1.58513e-02 
 1.10000e+02  1.58955e-02 
 1.10500e+02  1.59321e-02 
 1.11000e+02  1.59650e-02 
 1.11500e+02  1.59872e-02 
 1.12000e+02  1.60042e-02 
 1.12500e+02  1.60330e-02 
 1.13000e+02  1.60440e-02 
 1.13500e+02  1.60852e-02 
 1.14000e+02  1.60921e-02 
 1.14500e+02  1.61241e-02 
 1.15000e+02  1.61353e-02 
 1.15500e+02  1.61427e-02 
 1.16000e+02  1.61570e-02 
 1.16500e+02  1.61665e-02 
 1.17000e+02  1.61755e-02 
 1.17500e+02  1.62100e-02 
 1.18000e+02  1.62215e-02 
 1.18500e+02  1.62337e-02 
 1.19000e+02  1.62642e-02 
 1.19500e+02  1.62787e-02 
 1.20000e+02  1.63060e-02 
 1.20500e+02  1.63446e-02 
 1.21000e+02  1.63679e-02 
 1.21500e+02  1.63887e-02 
 1.22000e+02  1.64007e-02 
 1.22500e+02  1.64106e-02 
 1.23000e+02  1.64196e-02 
 1.23500e+02  1.64401e-02 
 1.24000e+02  1.64542e-02 
 1.24500e+02  1.64465e-02 
 1.25000e+02  1.64638e-02 
 1.25500e+02  1.64736e-02 
 1.26000e+02  1.64810e-02 
 1.26500e+02  1.64900e-02 
 1.27000e+02  1.65011e-02 
 1.27500e+02  1.65298e-02 
 1.28000e+02  1.65370e-02 
 1.28500e+02  1.65557e-02 
 1.29000e+02  1.65804e-02 
 1.29500e+02  1.65864e-02 
 1.30000e+02  1.65859e-02 
 1.30500e+02  1.65881e-02 
 1.31000e+02  1.66079e-02 
 1.31500e+02  1.66169e-02 
 1.32000e+02  1.66303e-02 
 1.32500e+02  1.66405e-02 
 1.33000e+02  1.66488e-02 
 1.33500e+02  1.66581e-02 
 1.34000e+02  1.66726e-02 
 1.34500e+02  1.66803e-02 
 1.35000e+02  1.66673e-02 
 1.35500e+02  1.66797e-02 
 1.36000e+02  1.66925e-02 
 1.36500e+02  1.67025e-02 
 1.37000e+02  1.66926e-02 
 1.37500e+02  1.67138e-02 
 1.38000e+02  1.67289e-02 
 1.38500e+02  1.67457e-02 
 1.39000e+02  1.67281e-02 
 1.39500e+02  1.67549e-02 
 1.40000e+02  1.67797e-02 
 1.40500e+02  1.67950e-02 
 1.41000e+02  1.67956e-02 
 1.41500e+02  1.67876e-02 
 1.42000e+02  1.67795e-02 
 1.42500e+02  1.67936e-02 
 1.43000e+02  1.68046e-02 
 1.43500e+02  1.68078e-02 
 1.44000e+02  1.67942e-02 
 1.44500e+02  1.68055e-02 
 1.45000e+02  1.68166e-02 
 1.45500e+02  1.68375e-02 
 1.46000e+02  1.68332e-02 
 1.46500e+02  1.68345e-02 
 1.47000e+02  1.68397e-02 
 1.47500e+02  1.68448e-02 
 1.48000e+02  1.68506e-02 
 1.48500e+02  1.68207e-02 
 1.49000e+02  1.68379e-02 
 1.49500e+02  1.68663e-02 
 1.50000e+02  1.68737e-02 
 1.50500e+02  1.68779e-02 
 1.51000e+02  1.68948e-02 
 1.51500e+02  1.68860e-02 
 1.52000e+02  1.68888e-02 
 1.52500e+02  1.68914e-02 
 1.53000e+02  1.69093e-02 
 1.53500e+02  1.69309e-02 
 1.54000e+02  1.69322e-02 
 1.54500e+02  1.69313e-02 
 1.55000e+02  1.69305e-02 
 1.55500e+02  1.69208e-02 
 1.56000e+02  1.68950e-02 
 1.56500e+02  1.68853e-02 
 1.57000e+02  1.68964e-02 
 1.57500e+02  1.69112e-02 
 1.58000e+02  1.69219e-02 
 1.58500e+02  1.69217e-02 
 1.59000e+02  1.69258e-02 
 1.59500e+02  1.69148e-02 
 1.60000e+02  1.69196e-02 
 1.60500e+02  1.69238e-02 
 1.61000e+02  1.69206e-02 
 1.61500e+02  1.69034e-02 
 1.62000e+02  1.69232e-02 
 1.62500e+02  1.69159e-02 
 1.63000e+02  1.69116e-02 
 1.63500e+02  1.68939e-02 
 1.64000e+02  1.68941e-02 
 1.64500e+02  1.69048e-02 
 1.65000e+02  1.68925e-02 
 1.65500e+02  1.68731e-02 
 1.66000e+02  1.68837e-02 
 1.66500e+02  1.68813e-02 
 1.67000e+02  1.68834e-02 
 1.67500e+02  1.68809e-02 
 1.68000e+02  1.68797e-02 
 1.68500e+02  1.68701e-02 
 1.69000e+02  1.68511e-02 
 1.69500e+02  1.68529e-02 
 1.70000e+02  1.68315e-02 
 1.70500e+02  1.68431e-02 
 1.71000e+02  1.68216e-02 
 1.71500e+02  1.68239e-02 
 1.72000e+02  1.68450e-02 
 1.72500e+02  1.68273e-02 
 1.73000e+02  1.68229e-02 
 1.73500e+02  1.68164e-02 
 1.74000e+02  1.68133e-02 
 1.74500e+02  1.68175e-02 
 1.75000e+02  1.68211e-02 
 1.75500e+02  1.67929e-02 
 1.76000e+02  1.67995e-02 
 1.76500e+02  1.68001e-02 
 1.77000e+02  1.68002e-02 
 1.77500e+02  1.67917e-02 
 1.78000e+02  1.67861e-02 
 1.78500e+02  1.67842e-02 
 1.79000e+02  1.67693e-02 
 1.79500e+02  1.67617e-02 
 1.80000e+02  1.67578e-02 
 1.80500e+02  1.67387e-02 
 1.81000e+02  1.67283e-02 
 1.81500e+02  1.67030e-02 
 1.82000e+02  1.66924e-02 
 1.82500e+02  1.66777e-02 
 1.83000e+02  1.66644e-02 
 1.83500e+02  1.66416e-02 
 1.84000e+02  1.66239e-02 
 1.84500e+02  1.66176e-02 
 1.85000e+02  1.66148e-02 
 1.85500e+02  1.66238e-02 
 1.86000e+02  1.66065e-02 
 1.86500e+02  1.65981e-02 
 1.87000e+02  1.65832e-02 
 1.87500e+02  1.65754e-02 
 1.88000e+02  1.65650e-02 
 1.88500e+02  1.65502e-02 
 1.89000e+02  1.65530e-02 
 1.89500e+02  1.65318e-02 
 1.90000e+02  1.65117e-02 
 1.90500e+02  1.64880e-02 
 1.91000e+02  1.64946e-02 
 1.91500e+02  1.64831e-02 
 1.92000e+02  1.64636e-02 
 1.92500e+02  1.64644e-02 
 1.93000e+02  1.64443e-02 
 1.93500e+02  1.64296e-02 
 1.94000e+02  1.64266e-02 
 1.94500e+02  1.63972e-02 
 1.95000e+02  1.63727e-02 
 1.95500e+02  1.63560e-02 
 1.96000e+02  1.63475e-02 
 1.96500e+02  1.63257e-02 
 1.97000e+02  1.63105e-02 
 1.97500e+02  1.62949e-02 
 1.98000e+02  1.62972e-02 
 1.98500e+02  1.62773e-02 
 1.99000e+02  1.62688e-02 
 1.99500e+02  1.62725e-02 
 2.00000e+02  1.62766e-02 
 2.00500e+02  1.62731e-02 
 2.01000e+02  1.62361e-02 
 2.01500e+02  1.62243e-02 
 2.02000e+02  1.61965e-02 
 2.02500e+02  1.61621e-02 
 2.03000e+02  1.61316e-02 
 2.03500e+02  1.61259e-02 
 2.04000e+02  1.61000e-02 
 2.04500e+02  1.60750e-02 
 2.05000e+02  1.60666e-02 
 2.05500e+02  1.60504e-02 
 2.06000e+02  1.60076e-02 
 2.06500e+02  1.59541e-02 
 2.07000e+02  1.59327e-02 
 2.07500e+02  1.58988e-02 
 2.08000e+02  1.58884e-02 
 2.08500e+02  1.58825e-02 
 2.09000e+02  1.58406e-02 
 2.09500e+02  1.58157e-02 
 2.10000e+02  1.57980e-02 
 2.10500e+02  1.57617e-02 
 2.11000e+02  1.57220e-02 
 2.11500e+02  1.57020e-02 
 2.12000e+02  1.56800e-02 
 2.12500e+02  1.56546e-02 
 2.13000e+02  1.56341e-02 
 2.13500e+02  1.55978e-02 
 2.14000e+02  1.55858e-02 
 2.14500e+02  1.55429e-02 
 2.15000e+02  1.55017e-02 
 2.15500e+02  1.54919e-02 
 2.16000e+02  1.54624e-02 
 2.16500e+02  1.54085e-02 
 2.17000e+02  1.53864e-02 
 2.17500e+02  1.53463e-02 
 2.18000e+02  1.53230e-02 
 2.18500e+02  1.52938e-02 
 2.19000e+02  1.52584e-02 
 2.19500e+02  1.52342e-02 
 2.20000e+02  1.51876e-02 
 2.20500e+02  1.51663e-02 
 2.21000e+02  1.51149e-02 
 2.21500e+02  1.50594e-02 
 2.22000e+02  1.50203e-02 
 2.22500e+02  1.49826e-02 
 2.23000e+02  1.49383e-02 
 2.23500e+02  1.48861e-02 
 2.24000e+02  1.48456e-02 
 2.24500e+02  1.47999e-02 
 2.25000e+02  1.47698e-02 
 2.25500e+02  1.47216e-02 
 2.26000e+02  1.46785e-02 
 2.26500e+02  1.46149e-02 
 2.27000e+02  1.45743e-02 
 2.27500e+02  1.45485e-02 
 2.28000e+02  1.45005e-02 
 2.28500e+02  1.44603e-02 
 2.29000e+02  1.43952e-02 
 2.29500e+02  1.43396e-02 
 2.30000e+02  1.42609e-02 
 2.30500e+02  1.42127e-02 
 2.31000e+02  1.41718e-02 
 2.31500e+02  1.41383e-02 
 2.32000e+02  1.40758e-02 
 2.32500e+02  1.40203e-02 
 2.33000e+02  1.39430e-02 
 2.33500e+02  1.38828e-02 
 2.34000e+02  1.38047e-02 
 2.34500e+02  1.37305e-02 
 2.35000e+02  1.36656e-02 
 2.35500e+02  1.35841e-02 
 2.36000e+02  1.35321e-02 
 2.36500e+02  1.34585e-02 
 2.37000e+02  1.33889e-02 
 2.37500e+02  1.33187e-02 
 2.38000e+02  1.32826e-02 
 2.38500e+02  1.32283e-02 
 2.39000e+02  1.31587e-02 
 2.39500e+02  1.30841e-02 
 2.40000e+02  1.29945e-02 
 2.40500e+02  1.29003e-02 
 2.41000e+02  1.28277e-02 
 2.41500e+02  1.27609e-02 
 2.42000e+02  1.26929e-02 
 2.42500e+02  1.26074e-02 
 2.43000e+02  1.25306e-02 
 2.43500e+02  1.24722e-02 
 2.44000e+02  1.23901e-02 
 2.44500e+02  1.23179e-02 
 2.45000e+02  1.22321e-02 
 2.45500e+02  1.21603e-02 
 2.46000e+02  1.20738e-02 
 2.46500e+02  1.19694e-02 
 2.47000e+02  1.18784e-02 
 2.47500e+02  1.17623e-02 
 2.48000e+02  1.16675e-02 
 2.48500e+02  1.15557e-02 
 2.49000e+02  1.14575e-02 
 2.49500e+02  1.13480e-02 
 2.50000e+02  1.12055e-02 
 2.50500e+02  1.10962e-02 
 2.51000e+02  1.09794e-02 
 2.51500e+02  1.08650e-02 
 2.52000e+02  1.07337e-02 
 2.52500e+02  1.06132e-02 
 2.53000e+02  1.05070e-02 
 2.53500e+02  1.03717e-02 
 2.54000e+02  1.02528e-02 
 2.54500e+02  1.01518e-02 
 2.55000e+02  1.00235e-02 
 2.55500e+02  9.89403e-03 
 2.56000e+02  9.75166e-03 
 2.56500e+02  9.60901e-03 
 2.57000e+02  9.45763e-03 
 2.57500e+02  9.28995e-03 
 2.58000e+02  9.11367e-03 
 2.58500e+02  8.93349e-03 
 2.59000e+02  8.76652e-03 
 2.59500e+02  8.60118e-03 
 2.60000e+02  8.42272e-03 
 2.60500e+02  8.24363e-03 
 2.61000e+02  8.05292e-03 
 2.61500e+02  7.86020e-03 
 2.62000e+02  7.65974e-03 
 2.62500e+02  7.45689e-03 
 2.63000e+02  7.24979e-03 
 2.63500e+02  7.04266e-03 
 2.64000e+02  6.81531e-03 
 2.64500e+02  6.58151e-03 
 2.65000e+02  6.36009e-03 
 2.65500e+02  6.12742e-03 
 2.66000e+02  5.88235e-03 
 2.66500e+02  5.63509e-03 
 2.67000e+02  5.39027e-03 
 2.67500e+02  5.14914e-03 
 2.68000e+02  4.92035e-03 
 2.68500e+02  4.67725e-03 
 2.69000e+02  4.45685e-03 
 2.69500e+02  4.24400e-03 
 2.70000e+02  4.03152e-03 
 2.70500e+02  3.82448e-03 
 2.71000e+02  3.63532e-03 
 2.71500e+02  3.44347e-03 
 2.72000e+02  3.26258e-03 
 2.72500e+02  3.09558e-03 
 2.73000e+02  2.94193e-03 
 2.73500e+02  2.79207e-03 
 2.74000e+02  2.65016e-03 
 2.74500e+02  2.52224e-03 
 2.75000e+02  2.40088e-03 
 2.75500e+02  2.28444e-03 
 2.76000e+02  2.17317e-03 
 2.76500e+02  2.06631e-03 
 2.77000e+02  1.96676e-03 
 2.77500e+02  1.87911e-03 
 2.78000e+02  1.79466e-03 
 2.78500e+02  1.71696e-03 
 2.79000e+02  1.64308e-03 
 2.79500e+02  1.57129e-03 
 2.80000e+02  1.50785e-03 
 2.80500e+02  1.44677e-03 
 2.81000e+02  1.37802e-03 
 2.81500e+02  1.32523e-03 
 2.82000e+02  1.27248e-03 
 2.82500e+02  1.22485e-03 
 2.83000e+02  1.17526e-03 
 2.83500e+02  1.12712e-03 
 2.84000e+02  1.08054e-03 
 2.84500e+02  1.03717e-03 
 2.85000e+02  9.96554e-04 
 2.85500e+02  9.57366e-04 
 2.86000e+02  9.25632e-04 
 2.86500e+02  8.92215e-04 
 2.87000e+02  8.60809e-04 
 2.87500e+02  8.28171e-04 
 2.88000e+02  7.97462e-04 
 2.88500e+02  7.71866e-04 
 2.89000e+02  7.45851e-04 
 2.89500e+02  7.21470e-04 
 2.90000e+02  6.97154e-04 
 2.90500e+02  6.75306e-04 
 2.91000e+02  6.53675e-04 
 2.91500e+02  6.31276e-04 
 2.92000e+02  6.11514e-04 
 2.92500e+02  5.91053e-04 
 2.93000e+02  5.72640e-04 
 2.93500e+02  5.58122e-04 
 2.94000e+02  5.43606e-04 
 2.94500e+02  5.26060e-04 
 2.95000e+02  5.09046e-04 
 2.95500e+02  4.94058e-04 
 2.96000e+02  4.81027e-04 
 2.96500e+02  4.69007e-04 
 2.97000e+02  4.57346e-04 
 2.97500e+02  4.46654e-04 
 2.98000e+02  4.34033e-04 
 2.98500e+02  4.21905e-04 
 2.99000e+02  4.09107e-04 
 2.99500e+02  4.00653e-04 
 3.00000e+02  3.90438e-04 
 3.00500e+02  3.80818e-04 
 3.01000e+02  3.71187e-04 
 3.01500e+02  3.60108e-04 
 3.02000e+02  3.50737e-04 
 3.02500e+02  3.41226e-04 
 3.03000e+02  3.33055e-04 
 3.03500e+02  3.25418e-04 
 3.04000e+02  3.16693e-04 
 3.04500e+02  3.08237e-04 
 3.05000e+02  2.99125e-04 
 3.05500e+02  2.91082e-04 
 3.06000e+02  2.83824e-04 
 3.06500e+02  2.73099e-04 
 3.07000e+02  2.65214e-04 
 3.07500e+02  2.58470e-04 
 3.08000e+02  2.52207e-04 
 3.08500e+02  2.45587e-04 
 3.09000e+02  2.36708e-04 
 3.09500e+02  2.28740e-04 
 3.10000e+02  2.22367e-04 
 3.10500e+02  2.14492e-04 
 3.11000e+02  2.07974e-04 
 3.11500e+02  2.00128e-04 
 3.12000e+02  1.92230e-04 
 3.12500e+02  1.86297e-04 
 3.13000e+02  1.77449e-04 
 3.13500e+02  1.70082e-04 
 3.14000e+02  1.61423e-04 
 3.14500e+02  1.55189e-04 
 3.15000e+02  1.48911e-04 
 3.15500e+02  1.41830e-04 
 3.16000e+02  1.33513e-04 
 3.16500e+02  1.24683e-04 
 3.17000e+02  1.16319e-04 
 3.17500e+02  1.08609e-04 
 3.18000e+02  1.00208e-04 
 3.18500e+02  9.05472e-05 
 3.19000e+02  8.18680e-05 
 3.19500e+02  7.33656e-05 
