 0.00000e+00  4.07688e-05 
 5.00000e-01  4.74336e-05 
 1.00000e+00  5.60224e-05 
 1.50000e+00  6.35656e-05 
 2.00000e+00  7.25064e-05 
 2.50000e+00  8.30744e-05 
 3.00000e+00  9.24800e-05 
 3.50000e+00  1.01823e-04 
 4.00000e+00  1.13281e-04 
 4.50000e+00  1.22910e-04 
 5.00000e+00  1.33019e-04 
 5.50000e+00  1.41886e-04 
 6.00000e+00  1.51545e-04 
 6.50000e+00  1.61617e-04 
 7.00000e+00  1.72922e-04 
 7.50000e+00  1.82252e-04 
 8.00000e+00  1.92491e-04 
 8.50000e+00  2.02525e-04 
 9.00000e+00  2.11075e-04 
 9.50000e+00  2.21424e-04 
 1.00000e+01  2.31362e-04 
 1.05000e+01  2.41767e-04 
 1.10000e+01  2.50099e-04 
 1.15000e+01  2.58640e-04 
 1.20000e+01  2.67025e-04 
 1.25000e+01  2.77400e-04 
 1.30000e+01  2.89032e-04 
 1.35000e+01  2.96008e-04 
 1.40000e+01  3.04786e-04 
 1.45000e+01  3.14086e-04 
 1.50000e+01  3.22261e-04 
 1.55000e+01  3.33069e-04 
 1.60000e+01  3.43160e-04 
 1.65000e+01  3.52870e-04 
 1.70000e+01  3.62786e-04 
 1.75000e+01  3.73422e-04 
 1.80000e+01  3.84158e-04 
 1.85000e+01  3.93063e-04 
 1.90000e+01  4.05037e-04 
 1.95000e+01  4.17391e-04 
 2.00000e+01  4.26745e-04 
 2.05000e+01  4.34734e-04 
 2.10000e+01  4.49617e-04 
 2.15000e+01  4.60864e-04 
 2.20000e+01  4.75006e-04 
 2.25000e+01  4.87838e-04 
 2.30000e+01  5.01349e-04 
 2.35000e+01  5.16673e-04 
 2.40000e+01  5.29150e-04 
 2.45000e+01  5.44829e-04 
 2.50000e+01  5.60359e-04 
 2.55000e+01  5.75743e-04 
 2.60000e+01  5.94302e-04 
 2.65000e+01  6.11778e-04 
 2.70000e+01  6.30989e-04 
 2.75000e+01  6.51449e-04 
 2.80000e+01  6.73298e-04 
 2.85000e+01  6.98250e-04 
 2.90000e+01  7.20156e-04 
 2.95000e+01  7.43283e-04 
 3.00000e+01  7.67746e-04 
 3.05000e+01  7.97507e-04 
 3.10000e+01  8.27125e-04 
 3.15000e+01  8.57960e-04 
 3.20000e+01  8.86447e-04 
 3.25000e+01  9.16650e-04 
 3.30000e+01  9.51967e-04 
 3.35000e+01  9.92893e-04 
 3.40000e+01  1.03091e-03 
 3.45000e+01  1.07384e-03 
 3.50000e+01  1.11932e-03 
 3.55000e+01  1.16758e-03 
 3.60000e+01  1.21631e-03 
 3.65000e+01  1.27012e-03 
 3.70000e+01  1.32239e-03 
 3.75000e+01  1.38433e-03 
 3.80000e+01  1.44764e-03 
 3.85000e+01  1.50586e-03 
 3.90000e+01  1.57658e-03 
 3.95000e+01  1.64672e-03 
 4.00000e+01  1.72139e-03 
 4.05000e+01  1.80750e-03 
 4.10000e+01  1.89394e-03 
 4.15000e+01  1.97691e-03 
 4.20000e+01  2.06891e-03 
 4.25000e+01  2.17486e-03 
 4.30000e+01  2.27787e-03 
 4.35000e+01  2.38590e-03 
 4.40000e+01  2.50987e-03 
 4.45000e+01  2.62445e-03 
 4.50000e+01  2.75654e-03 
 4.55000e+01  2.90456e-03 
 4.60000e+01  3.04744e-03 
 4.65000e+01  3.20912e-03 
 4.70000e+01  3.38008e-03 
 4.75000e+01  3.56042e-03 
 4.80000e+01  3.75579e-03 
 4.85000e+01  3.95249e-03 
 4.90000e+01  4.16960e-03 
 4.95000e+01  4.39758e-03 
 5.00000e+01  4.61672e-03 
 5.05000e+01  4.84769e-03 
 5.10000e+01  5.08675e-03 
 5.15000e+01  5.32377e-03 
 5.20000e+01  5.56350e-03 
 5.25000e+01  5.80988e-03 
 5.30000e+01  6.06203e-03 
 5.35000e+01  6.29345e-03 
 5.40000e+01  6.54228e-03 
 5.45000e+01  6.78048e-03 
 5.50000e+01  7.01527e-03 
 5.55000e+01  7.24062e-03 
 5.60000e+01  7.45397e-03 
 5.65000e+01  7.67987e-03 
 5.70000e+01  7.87862e-03 
 5.75000e+01  8.08771e-03 
 5.80000e+01  8.27908e-03 
 5.85000e+01  8.45712e-03 
 5.90000e+01  8.65046e-03 
 5.95000e+01  8.82512e-03 
 6.00000e+01  9.00030e-03 
 6.05000e+01  9.16179e-03 
 6.10000e+01  9.30136e-03 
 6.15000e+01  9.43833e-03 
 6.20000e+01  9.57915e-03 
 6.25000e+01  9.69937e-03 
 6.30000e+01  9.83534e-03 
 6.35000e+01  9.95818e-03 
 6.40000e+01  1.00711e-02 
 6.45000e+01  1.01915e-02 
 6.50000e+01  1.02924e-02 
 6.55000e+01  1.04163e-02 
 6.60000e+01  1.05270e-02 
 6.65000e+01  1.06519e-02 
 6.70000e+01  1.07574e-02 
 6.75000e+01  1.08762e-02 
 6.80000e+01  1.09858e-02 
 6.85000e+01  1.11064e-02 
 6.90000e+01  1.12149e-02 
 6.95000e+01  1.13219e-02 
 7.00000e+01  1.14410e-02 
 7.05000e+01  1.15276e-02 
 7.10000e+01  1.16073e-02 
 7.15000e+01  1.16891e-02 
 7.20000e+01  1.17858e-02 
 7.25000e+01  1.18856e-02 
 7.30000e+01  1.19785e-02 
 7.35000e+01  1.20593e-02 
 7.40000e+01  1.21426e-02 
 7.45000e+01  1.22211e-02 
 7.50000e+01  1.23065e-02 
 7.55000e+01  1.23915e-02 
 7.60000e+01  1.24719e-02 
 7.65000e+01  1.25691e-02 
 7.70000e+01  1.26577e-02 
 7.75000e+01  1.27451e-02 
 7.80000e+01  1.28228e-02 
 7.85000e+01  1.28815e-02 
 7.90000e+01  1.29466e-02 
 7.95000e+01  1.30109e-02 
 8.00000e+01  1.30828e-02 
 8.05000e+01  1.31553e-02 
 8.10000e+01  1.32119e-02 
 8.15000e+01  1.32805e-02 
 8.20000e+01  1.33485e-02 
 8.25000e+01  1.34220e-02 
 8.30000e+01  1.34985e-02 
 8.35000e+01  1.35789e-02 
 8.40000e+01  1.36550e-02 
 8.45000e+01  1.37247e-02 
 8.50000e+01  1.37739e-02 
 8.55000e+01  1.38247e-02 
 8.60000e+01  1.38655e-02 
 8.65000e+01  1.39286e-02 
 8.70000e+01  1.39878e-02 
 8.75000e+01  1.40471e-02 
 8.80000e+01  1.41078e-02 
 8.85000e+01  1.41747e-02 
 8.90000e+01  1.42347e-02 
 8.95000e+01  1.42903e-02 
 9.00000e+01  1.43276e-02 
 9.05000e+01  1.43750e-02 
 9.10000e+01  1.44270e-02 
 9.15000e+01  1.44923e-02 
 9.20000e+01  1.45563e-02 
 9.25000e+01  1.46140e-02 
 9.30000e+01  1.46392e-02 
 9.35000e+01  1.46949e-02 
 9.40000e+01  1.47344e-02 
 9.45000e+01  1.47928e-02 
 9.50000e+01  1.48279e-02 
 9.55000e+01  1.48698e-02 
 9.60000e+01  1.48947e-02 
 9.65000e+01  1.49403e-02 
 9.70000e+01  1.49943e-02 
 9.75000e+01  1.50283e-02 
 9.80000e+01  1.50635e-02 
 9.85000e+01  1.51031e-02 
 9.90000e+01  1.51364e-02 
 9.95000e+01  1.51639e-02 
 1.00000e+02  1.52213e-02 
 1.00500e+02  1.52718e-02 
 1.01000e+02  1.53242e-02 
 1.01500e+02  1.53579e-02 
 1.02000e+02  1.53975e-02 
 1.02500e+02  1.54587e-02 
 1.03000e+02  1.54791e-02 
 1.03500e+02  1.55326e-02 
 1.04000e+02  1.55754e-02 
 1.04500e+02  1.56109e-02 
 1.05000e+02  1.56504e-02 
 1.05500e+02  1.56929e-02 
 1.06000e+02  1.57363e-02 
 1.06500e+02  1.57517e-02 
 1.07000e+02  1.57626e-02 
 1.07500e+02  1.57937e-02 
 1.08000e+02  1.58314e-02 
 1.08500e+02  1.58646e-02 
 1.09000e+02  1.58919e-02 
 1.09500e+02  1.59288e-02 
 1.10000e+02  1.59342e-02 
 1.10500e+02  1.59498e-02 
 1.11000e+02  1.60000e-02 
 1.11500e+02  1.60219e-02 
 1.12000e+02  1.60310e-02 
 1.12500e+02  1.60692e-02 
 1.13000e+02  1.60915e-02 
 1.13500e+02  1.61336e-02 
 1.14000e+02  1.61558e-02 
 1.14500e+02  1.61570e-02 
 1.15000e+02  1.61824e-02 
 1.15500e+02  1.61880e-02 
 1.16000e+02  1.62086e-02 
 1.16500e+02  1.62350e-02 
 1.17000e+02  1.62596e-02 
 1.17500e+02  1.62716e-02 
 1.18000e+02  1.62823e-02 
 1.18500e+02  1.62881e-02 
 1.19000e+02  1.63133e-02 
 1.19500e+02  1.63501e-02 
 1.20000e+02  1.63465e-02 
 1.20500e+02  1.63709e-02 
 1.21000e+02  1.63878e-02 
 1.21500e+02  1.64219e-02 
 1.22000e+02  1.64248e-02 
 1.22500e+02  1.64055e-02 
 1.23000e+02  1.64484e-02 
 1.23500e+02  1.64610e-02 
 1.24000e+02  1.64774e-02 
 1.24500e+02  1.64927e-02 
 1.25000e+02  1.65070e-02 
 1.25500e+02  1.65121e-02 
 1.26000e+02  1.65469e-02 
 1.26500e+02  1.65355e-02 
 1.27000e+02  1.65549e-02 
 1.27500e+02  1.65590e-02 
 1.28000e+02  1.65778e-02 
 1.28500e+02  1.65979e-02 
 1.29000e+02  1.65966e-02 
 1.29500e+02  1.66255e-02 
 1.30000e+02  1.66436e-02 
 1.30500e+02  1.66318e-02 
 1.31000e+02  1.66495e-02 
 1.31500e+02  1.66859e-02 
 1.32000e+02  1.66958e-02 
 1.32500e+02  1.66900e-02 
 1.33000e+02  1.67059e-02 
 1.33500e+02  1.67085e-02 
 1.34000e+02  1.67294e-02 
 1.34500e+02  1.67230e-02 
 1.35000e+02  1.67176e-02 
 1.35500e+02  1.67242e-02 
 1.36000e+02  1.67337e-02 
 1.36500e+02  1.67379e-02 
 1.37000e+02  1.67488e-02 
 1.37500e+02  1.67748e-02 
 1.38000e+02  1.67732e-02 
 1.38500e+02  1.67969e-02 
 1.39000e+02  1.67958e-02 
 1.39500e+02  1.68002e-02 
 1.40000e+02  1.67938e-02 
 1.40500e+02  1.68128e-02 
 1.41000e+02  1.68434e-02 
 1.41500e+02  1.68223e-02 
 1.42000e+02  1.68245e-02 
 1.42500e+02  1.68373e-02 
 1.43000e+02  1.68286e-02 
 1.43500e+02  1.68444e-02 
 1.44000e+02  1.68517e-02 
 1.44500e+02  1.68566e-02 
 1.45000e+02  1.68571e-02 
 1.45500e+02  1.68755e-02 
 1.46000e+02  1.68926e-02 
 1.46500e+02  1.68890e-02 
 1.47000e+02  1.68710e-02 
 1.47500e+02  1.68787e-02 
 1.48000e+02  1.68753e-02 
 1.48500e+02  1.68826e-02 
 1.49000e+02  1.68939e-02 
 1.49500e+02  1.68913e-02 
 1.50000e+02  1.69023e-02 
 1.50500e+02  1.69041e-02 
 1.51000e+02  1.68891e-02 
 1.51500e+02  1.68979e-02 
 1.52000e+02  1.68987e-02 
 1.52500e+02  1.69067e-02 
 1.53000e+02  1.68952e-02 
 1.53500e+02  1.68907e-02 
 1.54000e+02  1.68964e-02 
 1.54500e+02  1.68727e-02 
 1.55000e+02  1.68803e-02 
 1.55500e+02  1.69011e-02 
 1.56000e+02  1.69044e-02 
 1.56500e+02  1.68973e-02 
 1.57000e+02  1.69213e-02 
 1.57500e+02  1.69212e-02 
 1.58000e+02  1.69364e-02 
 1.58500e+02  1.69270e-02 
 1.59000e+02  1.69198e-02 
 1.59500e+02  1.68922e-02 
 1.60000e+02  1.68881e-02 
 1.60500e+02  1.68623e-02 
 1.61000e+02  1.68797e-02 
 1.61500e+02  1.68865e-02 
 1.62000e+02  1.68736e-02 
 1.62500e+02  1.68835e-02 
 1.63000e+02  1.68873e-02 
 1.63500e+02  1.68883e-02 
 1.64000e+02  1.68883e-02 
 1.64500e+02  1.68804e-02 
 1.65000e+02  1.68633e-02 
 1.65500e+02  1.68571e-02 
 1.66000e+02  1.68472e-02 
 1.66500e+02  1.68625e-02 
 1.67000e+02  1.68601e-02 
 1.67500e+02  1.68392e-02 
 1.68000e+02  1.68452e-02 
 1.68500e+02  1.68331e-02 
 1.69000e+02  1.68320e-02 
 1.69500e+02  1.68465e-02 
 1.70000e+02  1.68508e-02 
 1.70500e+02  1.68489e-02 
 1.71000e+02  1.68473e-02 
 1.71500e+02  1.68286e-02 
 1.72000e+02  1.68268e-02 
 1.72500e+02  1.68306e-02 
 1.73000e+02  1.68273e-02 
 1.73500e+02  1.68150e-02 
 1.74000e+02  1.67859e-02 
 1.74500e+02  1.67893e-02 
 1.75000e+02  1.67987e-02 
 1.75500e+02  1.67960e-02 
 1.76000e+02  1.67870e-02 
 1.76500e+02  1.67938e-02 
 1.77000e+02  1.67956e-02 
 1.77500e+02  1.67795e-02 
 1.78000e+02  1.67671e-02 
 1.78500e+02  1.67554e-02 
 1.79000e+02  1.67367e-02 
 1.79500e+02  1.67399e-02 
 1.80000e+02  1.67306e-02 
 1.80500e+02  1.67267e-02 
 1.81000e+02  1.67232e-02 
 1.81500e+02  1.67131e-02 
 1.82000e+02  1.66920e-02 
 1.82500e+02  1.66933e-02 
 1.83000e+02  1.66769e-02 
 1.83500e+02  1.66556e-02 
 1.84000e+02  1.66528e-02 
 1.84500e+02  1.66337e-02 
 1.85000e+02  1.66228e-02 
 1.85500e+02  1.66134e-02 
 1.86000e+02  1.66189e-02 
 1.86500e+02  1.66485e-02 
 1.87000e+02  1.66209e-02 
 1.87500e+02  1.66286e-02 
 1.88000e+02  1.66226e-02 
 1.88500e+02  1.66098e-02 
 1.89000e+02  1.65938e-02 
 1.89500e+02  1.65862e-02 
 1.90000e+02  1.65595e-02 
 1.90500e+02  1.65399e-02 
 1.91000e+02  1.65321e-02 
 1.91500e+02  1.65211e-02 
 1.92000e+02  1.65118e-02 
 1.92500e+02  1.64846e-02 
 1.93000e+02  1.64724e-02 
 1.93500e+02  1.64629e-02 
 1.94000e+02  1.64338e-02 
 1.94500e+02  1.64082e-02 
 1.95000e+02  1.63864e-02 
 1.95500e+02  1.63558e-02 
 1.96000e+02  1.63317e-02 
 1.96500e+02  1.63217e-02 
 1.97000e+02  1.62980e-02 
 1.97500e+02  1.62844e-02 
 1.98000e+02  1.62653e-02 
 1.98500e+02  1.62695e-02 
 1.99000e+02  1.62689e-02 
 1.99500e+02  1.62354e-02 
 2.00000e+02  1.62399e-02 
 2.00500e+02  1.62038e-02 
 2.01000e+02  1.61698e-02 
 2.01500e+02  1.61620e-02 
 2.02000e+02  1.61612e-02 
 2.02500e+02  1.61559e-02 
 2.03000e+02  1.61230e-02 
 2.03500e+02  1.61077e-02 
 2.04000e+02  1.60923e-02 
 2.04500e+02  1.60658e-02 
 2.05000e+02  1.60634e-02 
 2.05500e+02  1.60508e-02 
 2.06000e+02  1.60236e-02 
 2.06500e+02  1.59956e-02 
 2.07000e+02  1.60012e-02 
 2.07500e+02  1.59645e-02 
 2.08000e+02  1.59474e-02 
 2.08500e+02  1.59176e-02 
 2.09000e+02  1.58956e-02 
 2.09500e+02  1.58783e-02 
 2.10000e+02  1.58598e-02 
 2.10500e+02  1.58417e-02 
 2.11000e+02  1.57957e-02 
 2.11500e+02  1.57699e-02 
 2.12000e+02  1.57556e-02 
 2.12500e+02  1.57203e-02 
 2.13000e+02  1.56917e-02 
 2.13500e+02  1.56452e-02 
 2.14000e+02  1.56339e-02 
 2.14500e+02  1.56085e-02 
 2.15000e+02  1.55754e-02 
 2.15500e+02  1.55628e-02 
 2.16000e+02  1.55118e-02 
 2.16500e+02  1.54862e-02 
 2.17000e+02  1.54365e-02 
 2.17500e+02  1.54045e-02 
 2.18000e+02  1.53728e-02 
 2.18500e+02  1.53529e-02 
 2.19000e+02  1.53161e-02 
 2.19500e+02  1.52911e-02 
 2.20000e+02  1.52686e-02 
 2.20500e+02  1.52033e-02 
 2.21000e+02  1.51548e-02 
 2.21500e+02  1.51081e-02 
 2.22000e+02  1.50592e-02 
 2.22500e+02  1.50509e-02 
 2.23000e+02  1.50248e-02 
 2.23500e+02  1.49657e-02 
 2.24000e+02  1.48970e-02 
 2.24500e+02  1.48663e-02 
 2.25000e+02  1.48322e-02 
 2.25500e+02  1.47727e-02 
 2.26000e+02  1.47188e-02 
 2.26500e+02  1.46671e-02 
 2.27000e+02  1.46054e-02 
 2.27500e+02  1.45539e-02 
 2.28000e+02  1.44926e-02 
 2.28500e+02  1.44322e-02 
 2.29000e+02  1.43601e-02 
 2.29500e+02  1.43012e-02 
 2.30000e+02  1.42511e-02 
 2.30500e+02  1.41868e-02 
 2.31000e+02  1.41160e-02 
 2.31500e+02  1.40571e-02 
 2.32000e+02  1.40001e-02 
 2.32500e+02  1.39530e-02 
 2.33000e+02  1.38848e-02 
 2.33500e+02  1.38051e-02 
 2.34000e+02  1.37262e-02 
 2.34500e+02  1.36657e-02 
 2.35000e+02  1.36262e-02 
 2.35500e+02  1.35636e-02 
 2.36000e+02  1.35213e-02 
 2.36500e+02  1.34859e-02 
 2.37000e+02  1.34041e-02 
 2.37500e+02  1.33284e-02 
 2.38000e+02  1.32674e-02 
 2.38500e+02  1.31869e-02 
 2.39000e+02  1.31042e-02 
 2.39500e+02  1.30135e-02 
 2.40000e+02  1.29421e-02 
 2.40500e+02  1.28605e-02 
 2.41000e+02  1.27867e-02 
 2.41500e+02  1.27136e-02 
 2.42000e+02  1.26314e-02 
 2.42500e+02  1.25436e-02 
 2.43000e+02  1.24709e-02 
 2.43500e+02  1.23786e-02 
 2.44000e+02  1.23110e-02 
 2.44500e+02  1.22280e-02 
 2.45000e+02  1.21389e-02 
 2.45500e+02  1.20510e-02 
 2.46000e+02  1.19744e-02 
 2.46500e+02  1.18800e-02 
 2.47000e+02  1.17872e-02 
 2.47500e+02  1.17237e-02 
 2.48000e+02  1.16328e-02 
 2.48500e+02  1.15418e-02 
 2.49000e+02  1.14531e-02 
 2.49500e+02  1.13397e-02 
 2.50000e+02  1.12215e-02 
 2.50500e+02  1.11187e-02 
 2.51000e+02  1.10321e-02 
 2.51500e+02  1.09286e-02 
 2.52000e+02  1.08147e-02 
 2.52500e+02  1.07025e-02 
 2.53000e+02  1.05828e-02 
 2.53500e+02  1.04539e-02 
 2.54000e+02  1.03286e-02 
 2.54500e+02  1.02069e-02 
 2.55000e+02  1.00914e-02 
 2.55500e+02  9.95967e-03 
 2.56000e+02  9.80052e-03 
 2.56500e+02  9.65332e-03 
 2.57000e+02  9.51055e-03 
 2.57500e+02  9.36172e-03 
 2.58000e+02  9.20684e-03 
 2.58500e+02  9.07241e-03 
 2.59000e+02  8.92707e-03 
 2.59500e+02  8.77221e-03 
 2.60000e+02  8.61403e-03 
 2.60500e+02  8.42834e-03 
 2.61000e+02  8.21661e-03 
 2.61500e+02  8.00575e-03 
 2.62000e+02  7.78078e-03 
 2.62500e+02  7.56227e-03 
 2.63000e+02  7.33564e-03 
 2.63500e+02  7.11122e-03 
 2.64000e+02  6.88010e-03 
 2.64500e+02  6.64159e-03 
 2.65000e+02  6.41159e-03 
 2.65500e+02  6.16547e-03 
 2.66000e+02  5.93706e-03 
 2.66500e+02  5.69953e-03 
 2.67000e+02  5.45426e-03 
 2.67500e+02  5.20979e-03 
 2.68000e+02  4.97365e-03 
 2.68500e+02  4.74460e-03 
 2.69000e+02  4.50759e-03 
 2.69500e+02  4.28974e-03 
 2.70000e+02  4.06729e-03 
 2.70500e+02  3.87210e-03 
 2.71000e+02  3.66815e-03 
 2.71500e+02  3.47330e-03 
 2.72000e+02  3.29654e-03 
 2.72500e+02  3.12488e-03 
 2.73000e+02  2.96768e-03 
 2.73500e+02  2.81726e-03 
 2.74000e+02  2.67628e-03 
 2.74500e+02  2.54557e-03 
 2.75000e+02  2.42719e-03 
 2.75500e+02  2.31017e-03 
 2.76000e+02  2.19980e-03 
 2.76500e+02  2.09666e-03 
 2.77000e+02  1.99462e-03 
 2.77500e+02  1.89718e-03 
 2.78000e+02  1.80774e-03 
 2.78500e+02  1.73020e-03 
 2.79000e+02  1.65116e-03 
 2.79500e+02  1.57964e-03 
 2.80000e+02  1.51199e-03 
 2.80500e+02  1.44637e-03 
 2.81000e+02  1.38564e-03 
 2.81500e+02  1.33163e-03 
 2.82000e+02  1.27160e-03 
 2.82500e+02  1.22174e-03 
 2.83000e+02  1.17550e-03 
 2.83500e+02  1.12759e-03 
 2.84000e+02  1.08192e-03 
 2.84500e+02  1.04155e-03 
 2.85000e+02  1.00231e-03 
 2.85500e+02  9.67449e-04 
 2.86000e+02  9.32325e-04 
 2.86500e+02  8.97318e-04 
 2.87000e+02  8.70090e-04 
 2.87500e+02  8.37300e-04 
 2.88000e+02  8.07173e-04 
 2.88500e+02  7.79610e-04 
 2.89000e+02  7.55695e-04 
 2.89500e+02  7.32024e-04 
 2.90000e+02  7.07302e-04 
 2.90500e+02  6.81588e-04 
 2.91000e+02  6.58657e-04 
 2.91500e+02  6.42178e-04 
 2.92000e+02  6.22012e-04 
 2.92500e+02  5.99678e-04 
 2.93000e+02  5.81963e-04 
 2.93500e+02  5.63643e-04 
 2.94000e+02  5.45191e-04 
 2.94500e+02  5.28849e-04 
 2.95000e+02  5.16541e-04 
 2.95500e+02  5.01453e-04 
 2.96000e+02  4.88293e-04 
 2.96500e+02  4.75147e-04 
 2.97000e+02  4.60217e-04 
 2.97500e+02  4.51954e-04 
 2.98000e+02  4.42807e-04 
 2.98500e+02  4.30734e-04 
 2.99000e+02  4.17266e-04 
 2.99500e+02  4.06503e-04 
 3.00000e+02  3.94659e-04 
 3.00500e+02  3.83726e-04 
 3.01000e+02  3.74889e-04 
 3.01500e+02  3.66246e-04 
 3.02000e+02  3.57886e-04 
 3.02500e+02  3.47174e-04 
 3.03000e+02  3.38486e-04 
 3.03500e+02  3.30602e-04 
 3.04000e+02  3.22837e-04 
 3.04500e+02  3.13389e-04 
 3.05000e+02  3.05088e-04 
 3.05500e+02  2.95842e-04 
 3.06000e+02  2.86655e-04 
 3.06500e+02  2.78661e-04 
 3.07000e+02  2.68602e-04 
 3.07500e+02  2.62326e-04 
 3.08000e+02  2.55883e-04 
 3.08500e+02  2.47111e-04 
 3.09000e+02  2.40262e-04 
 3.09500e+02  2.31581e-04 
 3.10000e+02  2.26206e-04 
 3.10500e+02  2.17760e-04 
 3.11000e+02  2.08858e-04 
 3.11500e+02  2.01394e-04 
 3.12000e+02  1.95449e-04 
 3.12500e+02  1.88405e-04 
 3.13000e+02  1.79466e-04 
 3.13500e+02  1.70990e-04 
 3.14000e+02  1.63974e-04 
 3.14500e+02  1.57194e-04 
 3.15000e+02  1.49448e-04 
 3.15500e+02  1.43018e-04 
 3.16000e+02  1.33034e-04 
 3.16500e+02  1.24843e-04 
 3.17000e+02  1.14546e-04 
 3.17500e+02  1.05047e-04 
 3.18000e+02  9.73128e-05 
 3.18500e+02  8.89376e-05 
 3.19000e+02  7.91952e-05 
 3.19500e+02  7.03600e-05 
