 0.00000e+00  4.03504e-05 
 5.00000e-01  4.60712e-05 
 1.00000e+00  5.46384e-05 
 1.50000e+00  6.11936e-05 
 2.00000e+00  6.99872e-05 
 2.50000e+00  7.79560e-05 
 3.00000e+00  8.86344e-05 
 3.50000e+00  9.78384e-05 
 4.00000e+00  1.08543e-04 
 4.50000e+00  1.17539e-04 
 5.00000e+00  1.27514e-04 
 5.50000e+00  1.39021e-04 
 6.00000e+00  1.48324e-04 
 6.50000e+00  1.58024e-04 
 7.00000e+00  1.68582e-04 
 7.50000e+00  1.79734e-04 
 8.00000e+00  1.90565e-04 
 8.50000e+00  2.01410e-04 
 9.00000e+00  2.08905e-04 
 9.50000e+00  2.19084e-04 
 1.00000e+01  2.28984e-04 
 1.05000e+01  2.36955e-04 
 1.10000e+01  2.45981e-04 
 1.15000e+01  2.56608e-04 
 1.20000e+01  2.66106e-04 
 1.25000e+01  2.75182e-04 
 1.30000e+01  2.82552e-04 
 1.35000e+01  2.92321e-04 
 1.40000e+01  3.00650e-04 
 1.45000e+01  3.11029e-04 
 1.50000e+01  3.22303e-04 
 1.55000e+01  3.30638e-04 
 1.60000e+01  3.39748e-04 
 1.65000e+01  3.48727e-04 
 1.70000e+01  3.59400e-04 
 1.75000e+01  3.69331e-04 
 1.80000e+01  3.78005e-04 
 1.85000e+01  3.88604e-04 
 1.90000e+01  3.98739e-04 
 1.95000e+01  4.12803e-04 
 2.00000e+01  4.22141e-04 
 2.05000e+01  4.32766e-04 
 2.10000e+01  4.45086e-04 
 2.15000e+01  4.57665e-04 
 2.20000e+01  4.66530e-04 
 2.25000e+01  4.82463e-04 
 2.30000e+01  4.95423e-04 
 2.35000e+01  5.10485e-04 
 2.40000e+01  5.22466e-04 
 2.45000e+01  5.37675e-04 
 2.50000e+01  5.53942e-04 
 2.55000e+01  5.70850e-04 
 2.60000e+01  5.89783e-04 
 2.65000e+01  6.06434e-04 
 2.70000e+01  6.27852e-04 
 2.75000e+01  6.47093e-04 
 2.80000e+01  6.68969e-04 
 2.85000e+01  6.89246e-04 
 2.90000e+01  7.15513e-04 
 2.95000e+01  7.38322e-04 
 3.00000e+01  7.62790e-04 
 3.05000e+01  7.85306e-04 
 3.10000e+01  8.14590e-04 
 3.15000e+01  8.47248e-04 
 3.20000e+01  8.79763e-04 
 3.25000e+01  9.14772e-04 
 3.30000e+01  9.48574e-04 
 3.35000e+01  9.84081e-04 
 3.40000e+01  1.02538e-03 
 3.45000e+01  1.06924e-03 
 3.50000e+01  1.11496e-03 
 3.55000e+01  1.16323e-03 
 3.60000e+01  1.21374e-03 
 3.65000e+01  1.26856e-03 
 3.70000e+01  1.32714e-03 
 3.75000e+01  1.37918e-03 
 3.80000e+01  1.43961e-03 
 3.85000e+01  1.50513e-03 
 3.90000e+01  1.57343e-03 
 3.95000e+01  1.64393e-03 
 4.00000e+01  1.71542e-03 
 4.05000e+01  1.79610e-03 
 4.10000e+01  1.88175e-03 
 4.15000e+01  1.97304e-03 
 4.20000e+01  2.06731e-03 
 4.25000e+01  2.16968e-03 
 4.30000e+01  2.27588e-03 
 4.35000e+01  2.39182e-03 
 4.40000e+01  2.51310e-03 
 4.45000e+01  2.64660e-03 
 4.50000e+01  2.78262e-03 
 4.55000e+01  2.92746e-03 
 4.60000e+01  3.07308e-03 
 4.65000e+01  3.24336e-03 
 4.70000e+01  3.41238e-03 
 4.75000e+01  3.59442e-03 
 4.80000e+01  3.78748e-03 
 4.85000e+01  3.99388e-03 
 4.90000e+01  4.19891e-03 
 4.95000e+01  4.41832e-03 
 5.00000e+01  4.63409e-03 
 5.05000e+01  4.86569e-03 
 5.10000e+01  5.09510e-03 
 5.15000e+01  5.34054e-03 
 5.20000e+01  5.58933e-03 
 5.25000e+01  5.82092e-03 
 5.30000e+01  6.06742e-03 
 5.35000e+01  6.30984e-03 
 5.40000e+01  6.54593e-03 
 5.45000e+01  6.77670e-03 
 5.50000e+01  7.01819e-03 
 5.55000e+01  7.24651e-03 
 5.60000e+01  7.48961e-03 
 5.65000e+01  7.70832e-03 
 5.70000e+01  7.91461e-03 
 5.75000e+01  8.12257e-03 
 5.80000e+01  8.33063e-03 
 5.85000e+01  8.51389e-03 
 5.90000e+01  8.70026e-03 
 5.95000e+01  8.86948e-03 
 6.00000e+01  9.04102e-03 
 6.05000e+01  9.21178e-03 
 6.10000e+01  9.36105e-03 
 6.15000e+01  9.49135e-03 
 6.20000e+01  9.64051e-03 
 6.25000e+01  9.76724e-03 
 6.30000e+01  9.89637e-03 
 6.35000e+01  1.00369e-02 
 6.40000e+01  1.01566e-02 
 6.45000e+01  1.02617e-02 
 6.50000e+01  1.03746e-02 
 6.55000e+01  1.04812e-02 
 6.60000e+01  1.06118e-02 
 6.65000e+01  1.07411e-02 
 6.70000e+01  1.08491e-02 
 6.75000e+01  1.09638e-02 
 6.80000e+01  1.10645e-02 
 6.85000e+01  1.11774e-02 
 6.90000e+01  1.12965e-02 
 6.95000e+01  1.14056e-02 
 7.00000e+01  1.14992e-02 
 7.05000e+01  1.15896e-02 
 7.10000e+01  1.16932e-02 
 7.15000e+01  1.17830e-02 
 7.20000e+01  1.18721e-02 
 7.25000e+01  1.19538e-02 
 7.30000e+01  1.20191e-02 
 7.35000e+01  1.20997e-02 
 7.40000e+01  1.21937e-02 
 7.45000e+01  1.22869e-02 
 7.50000e+01  1.23837e-02 
 7.55000e+01  1.24645e-02 
 7.60000e+01  1.25566e-02 
 7.65000e+01  1.26546e-02 
 7.70000e+01  1.27259e-02 
 7.75000e+01  1.27976e-02 
 7.80000e+01  1.28631e-02 
 7.85000e+01  1.29178e-02 
 7.90000e+01  1.29773e-02 
 7.95000e+01  1.30551e-02 
 8.00000e+01  1.31609e-02 
 8.05000e+01  1.32359e-02 
 8.10000e+01  1.33049e-02 
 8.15000e+01  1.33704e-02 
 8.20000e+01  1.34323e-02 
 8.25000e+01  1.34911e-02 
 8.30000e+01  1.35779e-02 
 8.35000e+01  1.36412e-02 
 8.40000e+01  1.37050e-02 
 8.45000e+01  1.37698e-02 
 8.50000e+01  1.38399e-02 
 8.55000e+01  1.38893e-02 
 8.60000e+01  1.39637e-02 
 8.65000e+01  1.40041e-02 
 8.70000e+01  1.40610e-02 
 8.75000e+01  1.41461e-02 
 8.80000e+01  1.42107e-02 
 8.85000e+01  1.42554e-02 
 8.90000e+01  1.43189e-02 
 8.95000e+01  1.43748e-02 
 9.00000e+01  1.44332e-02 
 9.05000e+01  1.44917e-02 
 9.10000e+01  1.45400e-02 
 9.15000e+01  1.45907e-02 
 9.20000e+01  1.46505e-02 
 9.25000e+01  1.47030e-02 
 9.30000e+01  1.47563e-02 
 9.35000e+01  1.47845e-02 
 9.40000e+01  1.48170e-02 
 9.45000e+01  1.48714e-02 
 9.50000e+01  1.49376e-02 
 9.55000e+01  1.49721e-02 
 9.60000e+01  1.50369e-02 
 9.65000e+01  1.50613e-02 
 9.70000e+01  1.51011e-02 
 9.75000e+01  1.51365e-02 
 9.80000e+01  1.51775e-02 
 9.85000e+01  1.52210e-02 
 9.90000e+01  1.52648e-02 
 9.95000e+01  1.53145e-02 
 1.00000e+02  1.53356e-02 
 1.00500e+02  1.53807e-02 
 1.01000e+02  1.54249e-02 
 1.01500e+02  1.54683e-02 
 1.02000e+02  1.54822e-02 
 1.02500e+02  1.55175e-02 
 1.03000e+02  1.55640e-02 
 1.03500e+02  1.55924e-02 
 1.04000e+02  1.56201e-02 
 1.04500e+02  1.56577e-02 
 1.05000e+02  1.56960e-02 
 1.05500e+02  1.57279e-02 
 1.06000e+02  1.57325e-02 
 1.06500e+02  1.57666e-02 
 1.07000e+02  1.57936e-02 
 1.07500e+02  1.58394e-02 
 1.08000e+02  1.58821e-02 
 1.08500e+02  1.58966e-02 
 1.09000e+02  1.59375e-02 
 1.09500e+02  1.59692e-02 
 1.10000e+02  1.60001e-02 
 1.10500e+02  1.60151e-02 
 1.11000e+02  1.60334e-02 
 1.11500e+02  1.60378e-02 
 1.12000e+02  1.60610e-02 
 1.12500e+02  1.60721e-02 
 1.13000e+02  1.60867e-02 
 1.13500e+02  1.61113e-02 
 1.14000e+02  1.61396e-02 
 1.14500e+02  1.61610e-02 
 1.15000e+02  1.61912e-02 
 1.15500e+02  1.62150e-02 
 1.16000e+02  1.62179e-02 
 1.16500e+02  1.62480e-02 
 1.17000e+02  1.62646e-02 
 1.17500e+02  1.62963e-02 
 1.18000e+02  1.63121e-02 
 1.18500e+02  1.63410e-02 
 1.19000e+02  1.63735e-02 
 1.19500e+02  1.63942e-02 
 1.20000e+02  1.64200e-02 
 1.20500e+02  1.64077e-02 
 1.21000e+02  1.64190e-02 
 1.21500e+02  1.64392e-02 
 1.22000e+02  1.64608e-02 
 1.22500e+02  1.64818e-02 
 1.23000e+02  1.64999e-02 
 1.23500e+02  1.65092e-02 
 1.24000e+02  1.65227e-02 
 1.24500e+02  1.65371e-02 
 1.25000e+02  1.65624e-02 
 1.25500e+02  1.65789e-02 
 1.26000e+02  1.65921e-02 
 1.26500e+02  1.66092e-02 
 1.27000e+02  1.66291e-02 
 1.27500e+02  1.66326e-02 
 1.28000e+02  1.66348e-02 
 1.28500e+02  1.66454e-02 
 1.29000e+02  1.66411e-02 
 1.29500e+02  1.66556e-02 
 1.30000e+02  1.66596e-02 
 1.30500e+02  1.66805e-02 
 1.31000e+02  1.66934e-02 
 1.31500e+02  1.66949e-02 
 1.32000e+02  1.67176e-02 
 1.32500e+02  1.67138e-02 
 1.33000e+02  1.67170e-02 
 1.33500e+02  1.67361e-02 
 1.34000e+02  1.67368e-02 
 1.34500e+02  1.67394e-02 
 1.35000e+02  1.67593e-02 
 1.35500e+02  1.67649e-02 
 1.36000e+02  1.67590e-02 
 1.36500e+02  1.67441e-02 
 1.37000e+02  1.67777e-02 
 1.37500e+02  1.68043e-02 
 1.38000e+02  1.68016e-02 
 1.38500e+02  1.68016e-02 
 1.39000e+02  1.68116e-02 
 1.39500e+02  1.68297e-02 
 1.40000e+02  1.68306e-02 
 1.40500e+02  1.68267e-02 
 1.41000e+02  1.68534e-02 
 1.41500e+02  1.68495e-02 
 1.42000e+02  1.68561e-02 
 1.42500e+02  1.68801e-02 
 1.43000e+02  1.68619e-02 
 1.43500e+02  1.68673e-02 
 1.44000e+02  1.68712e-02 
 1.44500e+02  1.68721e-02 
 1.45000e+02  1.68828e-02 
 1.45500e+02  1.68861e-02 
 1.46000e+02  1.68931e-02 
 1.46500e+02  1.68913e-02 
 1.47000e+02  1.68944e-02 
 1.47500e+02  1.69060e-02 
 1.48000e+02  1.69005e-02 
 1.48500e+02  1.68953e-02 
 1.49000e+02  1.69046e-02 
 1.49500e+02  1.69086e-02 
 1.50000e+02  1.69086e-02 
 1.50500e+02  1.69156e-02 
 1.51000e+02  1.69323e-02 
 1.51500e+02  1.69299e-02 
 1.52000e+02  1.69222e-02 
 1.52500e+02  1.69140e-02 
 1.53000e+02  1.69207e-02 
 1.53500e+02  1.69341e-02 
 1.54000e+02  1.69444e-02 
 1.54500e+02  1.69583e-02 
 1.55000e+02  1.69411e-02 
 1.55500e+02  1.69263e-02 
 1.56000e+02  1.69250e-02 
 1.56500e+02  1.69425e-02 
 1.57000e+02  1.69319e-02 
 1.57500e+02  1.69175e-02 
 1.58000e+02  1.69297e-02 
 1.58500e+02  1.69193e-02 
 1.59000e+02  1.69262e-02 
 1.59500e+02  1.69360e-02 
 1.60000e+02  1.69158e-02 
 1.60500e+02  1.69230e-02 
 1.61000e+02  1.69215e-02 
 1.61500e+02  1.69117e-02 
 1.62000e+02  1.69148e-02 
 1.62500e+02  1.69099e-02 
 1.63000e+02  1.69157e-02 
 1.63500e+02  1.69134e-02 
 1.64000e+02  1.68977e-02 
 1.64500e+02  1.68998e-02 
 1.65000e+02  1.68838e-02 
 1.65500e+02  1.68892e-02 
 1.66000e+02  1.68782e-02 
 1.66500e+02  1.68894e-02 
 1.67000e+02  1.69013e-02 
 1.67500e+02  1.68947e-02 
 1.68000e+02  1.68699e-02 
 1.68500e+02  1.68748e-02 
 1.69000e+02  1.68674e-02 
 1.69500e+02  1.68734e-02 
 1.70000e+02  1.68637e-02 
 1.70500e+02  1.68497e-02 
 1.71000e+02  1.68546e-02 
 1.71500e+02  1.68459e-02 
 1.72000e+02  1.68315e-02 
 1.72500e+02  1.68287e-02 
 1.73000e+02  1.68328e-02 
 1.73500e+02  1.68156e-02 
 1.74000e+02  1.68253e-02 
 1.74500e+02  1.68321e-02 
 1.75000e+02  1.68215e-02 
 1.75500e+02  1.68260e-02 
 1.76000e+02  1.67973e-02 
 1.76500e+02  1.67991e-02 
 1.77000e+02  1.67915e-02 
 1.77500e+02  1.67736e-02 
 1.78000e+02  1.67731e-02 
 1.78500e+02  1.67444e-02 
 1.79000e+02  1.67450e-02 
 1.79500e+02  1.67450e-02 
 1.80000e+02  1.67340e-02 
 1.80500e+02  1.67154e-02 
 1.81000e+02  1.67224e-02 
 1.81500e+02  1.67136e-02 
 1.82000e+02  1.67063e-02 
 1.82500e+02  1.66919e-02 
 1.83000e+02  1.66945e-02 
 1.83500e+02  1.66805e-02 
 1.84000e+02  1.66580e-02 
 1.84500e+02  1.66538e-02 
 1.85000e+02  1.66417e-02 
 1.85500e+02  1.66206e-02 
 1.86000e+02  1.66217e-02 
 1.86500e+02  1.66009e-02 
 1.87000e+02  1.65765e-02 
 1.87500e+02  1.65768e-02 
 1.88000e+02  1.65750e-02 
 1.88500e+02  1.65667e-02 
 1.89000e+02  1.65341e-02 
 1.89500e+02  1.65161e-02 
 1.90000e+02  1.65108e-02 
 1.90500e+02  1.64933e-02 
 1.91000e+02  1.64846e-02 
 1.91500e+02  1.64718e-02 
 1.92000e+02  1.64598e-02 
 1.92500e+02  1.64569e-02 
 1.93000e+02  1.64419e-02 
 1.93500e+02  1.64091e-02 
 1.94000e+02  1.63899e-02 
 1.94500e+02  1.63944e-02 
 1.95000e+02  1.63868e-02 
 1.95500e+02  1.63667e-02 
 1.96000e+02  1.63736e-02 
 1.96500e+02  1.63655e-02 
 1.97000e+02  1.63519e-02 
 1.97500e+02  1.63170e-02 
 1.98000e+02  1.63108e-02 
 1.98500e+02  1.62993e-02 
 1.99000e+02  1.62690e-02 
 1.99500e+02  1.62492e-02 
 2.00000e+02  1.62397e-02 
 2.00500e+02  1.62501e-02 
 2.01000e+02  1.62374e-02 
 2.01500e+02  1.62199e-02 
 2.02000e+02  1.61819e-02 
 2.02500e+02  1.61708e-02 
 2.03000e+02  1.61696e-02 
 2.03500e+02  1.61358e-02 
 2.04000e+02  1.61178e-02 
 2.04500e+02  1.60782e-02 
 2.05000e+02  1.60682e-02 
 2.05500e+02  1.60602e-02 
 2.06000e+02  1.60430e-02 
 2.06500e+02  1.60053e-02 
 2.07000e+02  1.59814e-02 
 2.07500e+02  1.59452e-02 
 2.08000e+02  1.59302e-02 
 2.08500e+02  1.59254e-02 
 2.09000e+02  1.59112e-02 
 2.09500e+02  1.58776e-02 
 2.10000e+02  1.58804e-02 
 2.10500e+02  1.58613e-02 
 2.11000e+02  1.58310e-02 
 2.11500e+02  1.58084e-02 
 2.12000e+02  1.57983e-02 
 2.12500e+02  1.57693e-02 
 2.13000e+02  1.57163e-02 
 2.13500e+02  1.56751e-02 
 2.14000e+02  1.56522e-02 
 2.14500e+02  1.56248e-02 
 2.15000e+02  1.55799e-02 
 2.15500e+02  1.55405e-02 
 2.16000e+02  1.55050e-02 
 2.16500e+02  1.54763e-02 
 2.17000e+02  1.54276e-02 
 2.17500e+02  1.54027e-02 
 2.18000e+02  1.53706e-02 
 2.18500e+02  1.53303e-02 
 2.19000e+02  1.53150e-02 
 2.19500e+02  1.52665e-02 
 2.20000e+02  1.52232e-02 
 2.20500e+02  1.51819e-02 
 2.21000e+02  1.51611e-02 
 2.21500e+02  1.50945e-02 
 2.22000e+02  1.50529e-02 
 2.22500e+02  1.50244e-02 
 2.23000e+02  1.49919e-02 
 2.23500e+02  1.49331e-02 
 2.24000e+02  1.48938e-02 
 2.24500e+02  1.48620e-02 
 2.25000e+02  1.48168e-02 
 2.25500e+02  1.47691e-02 
 2.26000e+02  1.47100e-02 
 2.26500e+02  1.46617e-02 
 2.27000e+02  1.46385e-02 
 2.27500e+02  1.45831e-02 
 2.28000e+02  1.45390e-02 
 2.28500e+02  1.44569e-02 
 2.29000e+02  1.44153e-02 
 2.29500e+02  1.43467e-02 
 2.30000e+02  1.43230e-02 
 2.30500e+02  1.42844e-02 
 2.31000e+02  1.42335e-02 
 2.31500e+02  1.41955e-02 
 2.32000e+02  1.41083e-02 
 2.32500e+02  1.40409e-02 
 2.33000e+02  1.39779e-02 
 2.33500e+02  1.39053e-02 
 2.34000e+02  1.38225e-02 
 2.34500e+02  1.37392e-02 
 2.35000e+02  1.36631e-02 
 2.35500e+02  1.36147e-02 
 2.36000e+02  1.35567e-02 
 2.36500e+02  1.34859e-02 
 2.37000e+02  1.34355e-02 
 2.37500e+02  1.33701e-02 
 2.38000e+02  1.33015e-02 
 2.38500e+02  1.32408e-02 
 2.39000e+02  1.31727e-02 
 2.39500e+02  1.31076e-02 
 2.40000e+02  1.30296e-02 
 2.40500e+02  1.29510e-02 
 2.41000e+02  1.28469e-02 
 2.41500e+02  1.27805e-02 
 2.42000e+02  1.27219e-02 
 2.42500e+02  1.26391e-02 
 2.43000e+02  1.25633e-02 
 2.43500e+02  1.24930e-02 
 2.44000e+02  1.23968e-02 
 2.44500e+02  1.23187e-02 
 2.45000e+02  1.22131e-02 
 2.45500e+02  1.21163e-02 
 2.46000e+02  1.20329e-02 
 2.46500e+02  1.19474e-02 
 2.47000e+02  1.18481e-02 
 2.47500e+02  1.17625e-02 
 2.48000e+02  1.16535e-02 
 2.48500e+02  1.15438e-02 
 2.49000e+02  1.14298e-02 
 2.49500e+02  1.13200e-02 
 2.50000e+02  1.12085e-02 
 2.50500e+02  1.10818e-02 
 2.51000e+02  1.09636e-02 
 2.51500e+02  1.08530e-02 
 2.52000e+02  1.07199e-02 
 2.52500e+02  1.06057e-02 
 2.53000e+02  1.04864e-02 
 2.53500e+02  1.03779e-02 
 2.54000e+02  1.02705e-02 
 2.54500e+02  1.01428e-02 
 2.55000e+02  1.00209e-02 
 2.55500e+02  9.88324e-03 
 2.56000e+02  9.74355e-03 
 2.56500e+02  9.58835e-03 
 2.57000e+02  9.43201e-03 
 2.57500e+02  9.27109e-03 
 2.58000e+02  9.10757e-03 
 2.58500e+02  8.93986e-03 
 2.59000e+02  8.76155e-03 
 2.59500e+02  8.57917e-03 
 2.60000e+02  8.40046e-03 
 2.60500e+02  8.21036e-03 
 2.61000e+02  8.02770e-03 
 2.61500e+02  7.84259e-03 
 2.62000e+02  7.64392e-03 
 2.62500e+02  7.46039e-03 
 2.63000e+02  7.25069e-03 
 2.63500e+02  7.03138e-03 
 2.64000e+02  6.81389e-03 
 2.64500e+02  6.58504e-03 
 2.65000e+02  6.35183e-03 
 2.65500e+02  6.12202e-03 
 2.66000e+02  5.89667e-03 
 2.66500e+02  5.65552e-03 
 2.67000e+02  5.41977e-03 
 2.67500e+02  5.17688e-03 
 2.68000e+02  4.94581e-03 
 2.68500e+02  4.70406e-03 
 2.69000e+02  4.47266e-03 
 2.69500e+02  4.25576e-03 
 2.70000e+02  4.03644e-03 
 2.70500e+02  3.82563e-03 
 2.71000e+02  3.62627e-03 
 2.71500e+02  3.43518e-03 
 2.72000e+02  3.25038e-03 
 2.72500e+02  3.08592e-03 
 2.73000e+02  2.92732e-03 
 2.73500e+02  2.78480e-03 
 2.74000e+02  2.64028e-03 
 2.74500e+02  2.51437e-03 
 2.75000e+02  2.38806e-03 
 2.75500e+02  2.27553e-03 
 2.76000e+02  2.16330e-03 
 2.76500e+02  2.05746e-03 
 2.77000e+02  1.96693e-03 
 2.77500e+02  1.87683e-03 
 2.78000e+02  1.79149e-03 
 2.78500e+02  1.70909e-03 
 2.79000e+02  1.63773e-03 
 2.79500e+02  1.56342e-03 
 2.80000e+02  1.49442e-03 
 2.80500e+02  1.42887e-03 
 2.81000e+02  1.36775e-03 
 2.81500e+02  1.30829e-03 
 2.82000e+02  1.25445e-03 
 2.82500e+02  1.21014e-03 
 2.83000e+02  1.16145e-03 
 2.83500e+02  1.11428e-03 
 2.84000e+02  1.06854e-03 
 2.84500e+02  1.03133e-03 
 2.85000e+02  9.94238e-04 
 2.85500e+02  9.51178e-04 
 2.86000e+02  9.17226e-04 
 2.86500e+02  8.82723e-04 
 2.87000e+02  8.52610e-04 
 2.87500e+02  8.20351e-04 
 2.88000e+02  7.93051e-04 
 2.88500e+02  7.67485e-04 
 2.89000e+02  7.40154e-04 
 2.89500e+02  7.17013e-04 
 2.90000e+02  6.94422e-04 
 2.90500e+02  6.70847e-04 
 2.91000e+02  6.49143e-04 
 2.91500e+02  6.30302e-04 
 2.92000e+02  6.09466e-04 
 2.92500e+02  5.89034e-04 
 2.93000e+02  5.69041e-04 
 2.93500e+02  5.51965e-04 
 2.94000e+02  5.38368e-04 
 2.94500e+02  5.22174e-04 
 2.95000e+02  5.08577e-04 
 2.95500e+02  4.96263e-04 
 2.96000e+02  4.82336e-04 
 2.96500e+02  4.68106e-04 
 2.97000e+02  4.54400e-04 
 2.97500e+02  4.40984e-04 
 2.98000e+02  4.30609e-04 
 2.98500e+02  4.21078e-04 
 2.99000e+02  4.11160e-04 
 2.99500e+02  3.99179e-04 
 3.00000e+02  3.88164e-04 
 3.00500e+02  3.77046e-04 
 3.01000e+02  3.67509e-04 
 3.01500e+02  3.57824e-04 
 3.02000e+02  3.51695e-04 
 3.02500e+02  3.41009e-04 
 3.03000e+02  3.28630e-04 
 3.03500e+02  3.20958e-04 
 3.04000e+02  3.14359e-04 
 3.04500e+02  3.05056e-04 
 3.05000e+02  2.95549e-04 
 3.05500e+02  2.87562e-04 
 3.06000e+02  2.79160e-04 
 3.06500e+02  2.72795e-04 
 3.07000e+02  2.64742e-04 
 3.07500e+02  2.56818e-04 
 3.08000e+02  2.49495e-04 
 3.08500e+02  2.40284e-04 
 3.09000e+02  2.33839e-04 
 3.09500e+02  2.28022e-04 
 3.10000e+02  2.20449e-04 
 3.10500e+02  2.12975e-04 
 3.11000e+02  2.06655e-04 
 3.11500e+02  1.99076e-04 
 3.12000e+02  1.91892e-04 
 3.12500e+02  1.85922e-04 
 3.13000e+02  1.79376e-04 
 3.13500e+02  1.70481e-04 
 3.14000e+02  1.63778e-04 
 3.14500e+02  1.54927e-04 
 3.15000e+02  1.47943e-04 
 3.15500e+02  1.39942e-04 
 3.16000e+02  1.32482e-04 
 3.16500e+02  1.21931e-04 
 3.17000e+02  1.14542e-04 
 3.17500e+02  1.06826e-04 
 3.18000e+02  9.80272e-05 
 3.18500e+02  8.94344e-05 
 3.19000e+02  8.00264e-05 
 3.19500e+02  7.11000e-05 
