 0.00000e+00  3.66704e-05 
 5.00000e-01  4.22152e-05 
 1.00000e+00  4.96984e-05 
 1.50000e+00  5.70456e-05 
 2.00000e+00  6.54728e-05 
 2.50000e+00  7.37400e-05 
 3.00000e+00  8.17088e-05 
 3.50000e+00  9.09560e-05 
 4.00000e+00  1.00067e-04 
 4.50000e+00  1.10119e-04 
 5.00000e+00  1.20440e-04 
 5.50000e+00  1.32834e-04 
 6.00000e+00  1.42851e-04 
 6.50000e+00  1.53624e-04 
 7.00000e+00  1.64095e-04 
 7.50000e+00  1.74486e-04 
 8.00000e+00  1.85359e-04 
 8.50000e+00  1.94371e-04 
 9.00000e+00  2.04578e-04 
 9.50000e+00  2.15756e-04 
 1.00000e+01  2.23462e-04 
 1.05000e+01  2.33100e-04 
 1.10000e+01  2.43566e-04 
 1.15000e+01  2.54256e-04 
 1.20000e+01  2.62616e-04 
 1.25000e+01  2.69939e-04 
 1.30000e+01  2.79356e-04 
 1.35000e+01  2.88274e-04 
 1.40000e+01  2.98278e-04 
 1.45000e+01  3.06762e-04 
 1.50000e+01  3.17363e-04 
 1.55000e+01  3.28998e-04 
 1.60000e+01  3.38510e-04 
 1.65000e+01  3.47924e-04 
 1.70000e+01  3.56616e-04 
 1.75000e+01  3.68594e-04 
 1.80000e+01  3.79551e-04 
 1.85000e+01  3.90527e-04 
 1.90000e+01  4.01744e-04 
 1.95000e+01  4.14329e-04 
 2.00000e+01  4.27042e-04 
 2.05000e+01  4.33847e-04 
 2.10000e+01  4.48574e-04 
 2.15000e+01  4.62626e-04 
 2.20000e+01  4.74520e-04 
 2.25000e+01  4.87607e-04 
 2.30000e+01  5.03296e-04 
 2.35000e+01  5.15875e-04 
 2.40000e+01  5.26744e-04 
 2.45000e+01  5.43744e-04 
 2.50000e+01  5.59995e-04 
 2.55000e+01  5.76324e-04 
 2.60000e+01  5.96809e-04 
 2.65000e+01  6.14318e-04 
 2.70000e+01  6.32465e-04 
 2.75000e+01  6.53720e-04 
 2.80000e+01  6.77256e-04 
 2.85000e+01  6.99198e-04 
 2.90000e+01  7.20975e-04 
 2.95000e+01  7.43726e-04 
 3.00000e+01  7.67745e-04 
 3.05000e+01  7.96080e-04 
 3.10000e+01  8.25830e-04 
 3.15000e+01  8.58466e-04 
 3.20000e+01  8.92262e-04 
 3.25000e+01  9.23361e-04 
 3.30000e+01  9.55791e-04 
 3.35000e+01  9.97985e-04 
 3.40000e+01  1.03837e-03 
 3.45000e+01  1.08208e-03 
 3.50000e+01  1.12638e-03 
 3.55000e+01  1.17225e-03 
 3.60000e+01  1.22383e-03 
 3.65000e+01  1.27805e-03 
 3.70000e+01  1.33328e-03 
 3.75000e+01  1.38926e-03 
 3.80000e+01  1.44823e-03 
 3.85000e+01  1.51608e-03 
 3.90000e+01  1.58956e-03 
 3.95000e+01  1.65689e-03 
 4.00000e+01  1.73014e-03 
 4.05000e+01  1.80725e-03 
 4.10000e+01  1.89028e-03 
 4.15000e+01  1.97762e-03 
 4.20000e+01  2.07728e-03 
 4.25000e+01  2.17668e-03 
 4.30000e+01  2.27896e-03 
 4.35000e+01  2.39369e-03 
 4.40000e+01  2.51781e-03 
 4.45000e+01  2.63473e-03 
 4.50000e+01  2.76925e-03 
 4.55000e+01  2.91269e-03 
 4.60000e+01  3.05899e-03 
 4.65000e+01  3.21916e-03 
 4.70000e+01  3.39040e-03 
 4.75000e+01  3.57767e-03 
 4.80000e+01  3.76605e-03 
 4.85000e+01  3.97085e-03 
 4.90000e+01  4.17925e-03 
 4.95000e+01  4.40400e-03 
 5.00000e+01  4.62480e-03 
 5.05000e+01  4.85832e-03 
 5.10000e+01  5.09564e-03 
 5.15000e+01  5.33425e-03 
 5.20000e+01  5.57528e-03 
 5.25000e+01  5.81908e-03 
 5.30000e+01  6.06127e-03 
 5.35000e+01  6.31228e-03 
 5.40000e+01  6.55665e-03 
 5.45000e+01  6.80111e-03 
 5.50000e+01  7.03609e-03 
 5.55000e+01  7.25576e-03 
 5.60000e+01  7.48769e-03 
 5.65000e+01  7.70742e-03 
 5.70000e+01  7.89966e-03 
 5.75000e+01  8.08877e-03 
 5.80000e+01  8.26465e-03 
 5.85000e+01  8.42607e-03 
 5.90000e+01  8.59567e-03 
 5.95000e+01  8.75833e-03 
 6.00000e+01  8.95500e-03 
 6.05000e+01  9.12548e-03 
 6.10000e+01  9.27326e-03 
 6.15000e+01  9.43342e-03 
 6.20000e+01  9.60343e-03 
 6.25000e+01  9.74596e-03 
 6.30000e+01  9.87802e-03 
 6.35000e+01  9.99551e-03 
 6.40000e+01  1.01143e-02 
 6.45000e+01  1.02336e-02 
 6.50000e+01  1.03388e-02 
 6.55000e+01  1.04682e-02 
 6.60000e+01  1.05746e-02 
 6.65000e+01  1.06699e-02 
 6.70000e+01  1.07879e-02 
 6.75000e+01  1.09036e-02 
 6.80000e+01  1.10308e-02 
 6.85000e+01  1.11579e-02 
 6.90000e+01  1.12724e-02 
 6.95000e+01  1.13687e-02 
 7.00000e+01  1.14665e-02 
 7.05000e+01  1.15711e-02 
 7.10000e+01  1.16644e-02 
 7.15000e+01  1.17352e-02 
 7.20000e+01  1.18106e-02 
 7.25000e+01  1.19054e-02 
 7.30000e+01  1.19647e-02 
 7.35000e+01  1.20391e-02 
 7.40000e+01  1.21275e-02 
 7.45000e+01  1.22247e-02 
 7.50000e+01  1.23060e-02 
 7.55000e+01  1.24086e-02 
 7.60000e+01  1.24934e-02 
 7.65000e+01  1.25704e-02 
 7.70000e+01  1.26494e-02 
 7.75000e+01  1.27116e-02 
 7.80000e+01  1.27841e-02 
 7.85000e+01  1.28491e-02 
 7.90000e+01  1.29209e-02 
 7.95000e+01  1.29907e-02 
 8.00000e+01  1.30676e-02 
 8.05000e+01  1.31358e-02 
 8.10000e+01  1.32102e-02 
 8.15000e+01  1.32644e-02 
 8.20000e+01  1.33208e-02 
 8.25000e+01  1.33679e-02 
 8.30000e+01  1.34345e-02 
 8.35000e+01  1.34978e-02 
 8.40000e+01  1.35704e-02 
 8.45000e+01  1.36504e-02 
 8.50000e+01  1.37298e-02 
 8.55000e+01  1.37731e-02 
 8.60000e+01  1.38240e-02 
 8.65000e+01  1.38941e-02 
 8.70000e+01  1.39365e-02 
 8.75000e+01  1.39832e-02 
 8.80000e+01  1.40244e-02 
 8.85000e+01  1.40814e-02 
 8.90000e+01  1.41186e-02 
 8.95000e+01  1.41605e-02 
 9.00000e+01  1.42102e-02 
 9.05000e+01  1.42657e-02 
 9.10000e+01  1.43328e-02 
 9.15000e+01  1.43882e-02 
 9.20000e+01  1.44508e-02 
 9.25000e+01  1.44927e-02 
 9.30000e+01  1.45376e-02 
 9.35000e+01  1.45769e-02 
 9.40000e+01  1.46236e-02 
 9.45000e+01  1.46691e-02 
 9.50000e+01  1.47091e-02 
 9.55000e+01  1.47514e-02 
 9.60000e+01  1.48031e-02 
 9.65000e+01  1.48488e-02 
 9.70000e+01  1.48940e-02 
 9.75000e+01  1.49543e-02 
 9.80000e+01  1.49975e-02 
 9.85000e+01  1.50234e-02 
 9.90000e+01  1.50560e-02 
 9.95000e+01  1.50878e-02 
 1.00000e+02  1.51394e-02 
 1.00500e+02  1.51768e-02 
 1.01000e+02  1.52085e-02 
 1.01500e+02  1.52332e-02 
 1.02000e+02  1.52648e-02 
 1.02500e+02  1.53057e-02 
 1.03000e+02  1.53522e-02 
 1.03500e+02  1.53866e-02 
 1.04000e+02  1.54084e-02 
 1.04500e+02  1.54517e-02 
 1.05000e+02  1.54831e-02 
 1.05500e+02  1.55026e-02 
 1.06000e+02  1.55495e-02 
 1.06500e+02  1.55710e-02 
 1.07000e+02  1.56047e-02 
 1.07500e+02  1.56441e-02 
 1.08000e+02  1.56658e-02 
 1.08500e+02  1.56739e-02 
 1.09000e+02  1.56959e-02 
 1.09500e+02  1.57314e-02 
 1.10000e+02  1.57642e-02 
 1.10500e+02  1.58145e-02 
 1.11000e+02  1.58434e-02 
 1.11500e+02  1.58749e-02 
 1.12000e+02  1.58870e-02 
 1.12500e+02  1.59061e-02 
 1.13000e+02  1.59300e-02 
 1.13500e+02  1.59345e-02 
 1.14000e+02  1.59628e-02 
 1.14500e+02  1.59855e-02 
 1.15000e+02  1.60142e-02 
 1.15500e+02  1.60404e-02 
 1.16000e+02  1.60481e-02 
 1.16500e+02  1.60832e-02 
 1.17000e+02  1.60986e-02 
 1.17500e+02  1.61148e-02 
 1.18000e+02  1.61291e-02 
 1.18500e+02  1.61642e-02 
 1.19000e+02  1.61780e-02 
 1.19500e+02  1.61807e-02 
 1.20000e+02  1.61977e-02 
 1.20500e+02  1.62204e-02 
 1.21000e+02  1.62443e-02 
 1.21500e+02  1.62536e-02 
 1.22000e+02  1.62602e-02 
 1.22500e+02  1.62789e-02 
 1.23000e+02  1.62934e-02 
 1.23500e+02  1.63219e-02 
 1.24000e+02  1.63024e-02 
 1.24500e+02  1.62974e-02 
 1.25000e+02  1.63173e-02 
 1.25500e+02  1.63504e-02 
 1.26000e+02  1.63666e-02 
 1.26500e+02  1.63813e-02 
 1.27000e+02  1.63930e-02 
 1.27500e+02  1.63976e-02 
 1.28000e+02  1.64114e-02 
 1.28500e+02  1.64288e-02 
 1.29000e+02  1.64507e-02 
 1.29500e+02  1.64705e-02 
 1.30000e+02  1.64609e-02 
 1.30500e+02  1.64608e-02 
 1.31000e+02  1.64777e-02 
 1.31500e+02  1.64677e-02 
 1.32000e+02  1.64790e-02 
 1.32500e+02  1.64946e-02 
 1.33000e+02  1.64804e-02 
 1.33500e+02  1.65109e-02 
 1.34000e+02  1.65335e-02 
 1.34500e+02  1.65358e-02 
 1.35000e+02  1.65453e-02 
 1.35500e+02  1.65574e-02 
 1.36000e+02  1.65629e-02 
 1.36500e+02  1.65642e-02 
 1.37000e+02  1.65553e-02 
 1.37500e+02  1.65630e-02 
 1.38000e+02  1.65729e-02 
 1.38500e+02  1.65749e-02 
 1.39000e+02  1.65879e-02 
 1.39500e+02  1.66063e-02 
 1.40000e+02  1.66187e-02 
 1.40500e+02  1.66294e-02 
 1.41000e+02  1.66445e-02 
 1.41500e+02  1.66391e-02 
 1.42000e+02  1.66453e-02 
 1.42500e+02  1.66693e-02 
 1.43000e+02  1.66578e-02 
 1.43500e+02  1.66515e-02 
 1.44000e+02  1.66476e-02 
 1.44500e+02  1.66609e-02 
 1.45000e+02  1.66560e-02 
 1.45500e+02  1.66338e-02 
 1.46000e+02  1.66572e-02 
 1.46500e+02  1.66704e-02 
 1.47000e+02  1.66755e-02 
 1.47500e+02  1.66608e-02 
 1.48000e+02  1.66717e-02 
 1.48500e+02  1.66888e-02 
 1.49000e+02  1.66801e-02 
 1.49500e+02  1.66744e-02 
 1.50000e+02  1.66840e-02 
 1.50500e+02  1.67061e-02 
 1.51000e+02  1.67129e-02 
 1.51500e+02  1.66851e-02 
 1.52000e+02  1.66876e-02 
 1.52500e+02  1.66923e-02 
 1.53000e+02  1.67300e-02 
 1.53500e+02  1.67199e-02 
 1.54000e+02  1.67102e-02 
 1.54500e+02  1.67212e-02 
 1.55000e+02  1.66979e-02 
 1.55500e+02  1.67217e-02 
 1.56000e+02  1.67326e-02 
 1.56500e+02  1.67399e-02 
 1.57000e+02  1.67300e-02 
 1.57500e+02  1.67087e-02 
 1.58000e+02  1.67233e-02 
 1.58500e+02  1.67228e-02 
 1.59000e+02  1.66986e-02 
 1.59500e+02  1.66966e-02 
 1.60000e+02  1.67089e-02 
 1.60500e+02  1.67134e-02 
 1.61000e+02  1.67086e-02 
 1.61500e+02  1.67042e-02 
 1.62000e+02  1.66942e-02 
 1.62500e+02  1.67020e-02 
 1.63000e+02  1.66852e-02 
 1.63500e+02  1.66856e-02 
 1.64000e+02  1.67000e-02 
 1.64500e+02  1.67033e-02 
 1.65000e+02  1.66858e-02 
 1.65500e+02  1.66730e-02 
 1.66000e+02  1.66781e-02 
 1.66500e+02  1.66873e-02 
 1.67000e+02  1.66705e-02 
 1.67500e+02  1.66650e-02 
 1.68000e+02  1.66551e-02 
 1.68500e+02  1.66589e-02 
 1.69000e+02  1.66544e-02 
 1.69500e+02  1.66418e-02 
 1.70000e+02  1.66253e-02 
 1.70500e+02  1.66243e-02 
 1.71000e+02  1.66298e-02 
 1.71500e+02  1.66382e-02 
 1.72000e+02  1.66365e-02 
 1.72500e+02  1.66250e-02 
 1.73000e+02  1.66097e-02 
 1.73500e+02  1.65969e-02 
 1.74000e+02  1.65912e-02 
 1.74500e+02  1.65947e-02 
 1.75000e+02  1.65917e-02 
 1.75500e+02  1.65793e-02 
 1.76000e+02  1.66036e-02 
 1.76500e+02  1.65941e-02 
 1.77000e+02  1.65970e-02 
 1.77500e+02  1.65880e-02 
 1.78000e+02  1.65824e-02 
 1.78500e+02  1.65762e-02 
 1.79000e+02  1.65525e-02 
 1.79500e+02  1.65722e-02 
 1.80000e+02  1.65830e-02 
 1.80500e+02  1.65621e-02 
 1.81000e+02  1.65266e-02 
 1.81500e+02  1.65232e-02 
 1.82000e+02  1.65203e-02 
 1.82500e+02  1.65194e-02 
 1.83000e+02  1.65057e-02 
 1.83500e+02  1.64953e-02 
 1.84000e+02  1.64799e-02 
 1.84500e+02  1.64790e-02 
 1.85000e+02  1.64639e-02 
 1.85500e+02  1.64528e-02 
 1.86000e+02  1.64309e-02 
 1.86500e+02  1.64366e-02 
 1.87000e+02  1.64179e-02 
 1.87500e+02  1.64115e-02 
 1.88000e+02  1.64002e-02 
 1.88500e+02  1.63798e-02 
 1.89000e+02  1.63712e-02 
 1.89500e+02  1.63546e-02 
 1.90000e+02  1.63529e-02 
 1.90500e+02  1.63281e-02 
 1.91000e+02  1.63137e-02 
 1.91500e+02  1.63204e-02 
 1.92000e+02  1.63105e-02 
 1.92500e+02  1.62935e-02 
 1.93000e+02  1.62770e-02 
 1.93500e+02  1.62481e-02 
 1.94000e+02  1.62436e-02 
 1.94500e+02  1.62253e-02 
 1.95000e+02  1.62043e-02 
 1.95500e+02  1.61951e-02 
 1.96000e+02  1.61763e-02 
 1.96500e+02  1.61642e-02 
 1.97000e+02  1.61327e-02 
 1.97500e+02  1.61254e-02 
 1.98000e+02  1.60966e-02 
 1.98500e+02  1.60775e-02 
 1.99000e+02  1.60626e-02 
 1.99500e+02  1.60615e-02 
 2.00000e+02  1.60601e-02 
 2.00500e+02  1.60252e-02 
 2.01000e+02  1.60134e-02 
 2.01500e+02  1.59868e-02 
 2.02000e+02  1.59643e-02 
 2.02500e+02  1.59503e-02 
 2.03000e+02  1.59298e-02 
 2.03500e+02  1.59029e-02 
 2.04000e+02  1.58901e-02 
 2.04500e+02  1.58814e-02 
 2.05000e+02  1.58433e-02 
 2.05500e+02  1.58216e-02 
 2.06000e+02  1.57989e-02 
 2.06500e+02  1.57815e-02 
 2.07000e+02  1.57792e-02 
 2.07500e+02  1.57752e-02 
 2.08000e+02  1.57536e-02 
 2.08500e+02  1.57203e-02 
 2.09000e+02  1.56898e-02 
 2.09500e+02  1.56712e-02 
 2.10000e+02  1.56525e-02 
 2.10500e+02  1.56281e-02 
 2.11000e+02  1.56219e-02 
 2.11500e+02  1.56094e-02 
 2.12000e+02  1.55921e-02 
 2.12500e+02  1.55730e-02 
 2.13000e+02  1.55318e-02 
 2.13500e+02  1.54983e-02 
 2.14000e+02  1.54628e-02 
 2.14500e+02  1.54209e-02 
 2.15000e+02  1.53987e-02 
 2.15500e+02  1.53563e-02 
 2.16000e+02  1.53284e-02 
 2.16500e+02  1.52957e-02 
 2.17000e+02  1.52722e-02 
 2.17500e+02  1.52558e-02 
 2.18000e+02  1.52171e-02 
 2.18500e+02  1.51860e-02 
 2.19000e+02  1.51461e-02 
 2.19500e+02  1.51058e-02 
 2.20000e+02  1.50555e-02 
 2.20500e+02  1.50191e-02 
 2.21000e+02  1.49630e-02 
 2.21500e+02  1.49386e-02 
 2.22000e+02  1.48954e-02 
 2.22500e+02  1.48372e-02 
 2.23000e+02  1.47969e-02 
 2.23500e+02  1.47541e-02 
 2.24000e+02  1.47004e-02 
 2.24500e+02  1.46494e-02 
 2.25000e+02  1.46258e-02 
 2.25500e+02  1.45833e-02 
 2.26000e+02  1.45446e-02 
 2.26500e+02  1.44813e-02 
 2.27000e+02  1.44441e-02 
 2.27500e+02  1.43896e-02 
 2.28000e+02  1.43283e-02 
 2.28500e+02  1.42656e-02 
 2.29000e+02  1.41955e-02 
 2.29500e+02  1.41547e-02 
 2.30000e+02  1.41116e-02 
 2.30500e+02  1.40671e-02 
 2.31000e+02  1.40020e-02 
 2.31500e+02  1.39573e-02 
 2.32000e+02  1.38954e-02 
 2.32500e+02  1.38268e-02 
 2.33000e+02  1.37695e-02 
 2.33500e+02  1.36962e-02 
 2.34000e+02  1.36210e-02 
 2.34500e+02  1.35759e-02 
 2.35000e+02  1.35179e-02 
 2.35500e+02  1.34552e-02 
 2.36000e+02  1.33867e-02 
 2.36500e+02  1.33166e-02 
 2.37000e+02  1.32269e-02 
 2.37500e+02  1.31652e-02 
 2.38000e+02  1.30986e-02 
 2.38500e+02  1.30256e-02 
 2.39000e+02  1.29686e-02 
 2.39500e+02  1.29134e-02 
 2.40000e+02  1.28465e-02 
 2.40500e+02  1.27674e-02 
 2.41000e+02  1.26871e-02 
 2.41500e+02  1.25981e-02 
 2.42000e+02  1.25091e-02 
 2.42500e+02  1.24417e-02 
 2.43000e+02  1.23451e-02 
 2.43500e+02  1.22683e-02 
 2.44000e+02  1.21661e-02 
 2.44500e+02  1.20583e-02 
 2.45000e+02  1.19690e-02 
 2.45500e+02  1.18946e-02 
 2.46000e+02  1.18075e-02 
 2.46500e+02  1.17253e-02 
 2.47000e+02  1.16427e-02 
 2.47500e+02  1.15570e-02 
 2.48000e+02  1.14678e-02 
 2.48500e+02  1.13677e-02 
 2.49000e+02  1.12694e-02 
 2.49500e+02  1.11600e-02 
 2.50000e+02  1.10548e-02 
 2.50500e+02  1.09520e-02 
 2.51000e+02  1.08470e-02 
 2.51500e+02  1.07459e-02 
 2.52000e+02  1.06293e-02 
 2.52500e+02  1.05244e-02 
 2.53000e+02  1.03891e-02 
 2.53500e+02  1.02560e-02 
 2.54000e+02  1.01287e-02 
 2.54500e+02  1.00076e-02 
 2.55000e+02  9.89422e-03 
 2.55500e+02  9.75366e-03 
 2.56000e+02  9.61631e-03 
 2.56500e+02  9.48095e-03 
 2.57000e+02  9.32720e-03 
 2.57500e+02  9.17602e-03 
 2.58000e+02  9.01965e-03 
 2.58500e+02  8.85812e-03 
 2.59000e+02  8.68138e-03 
 2.59500e+02  8.50026e-03 
 2.60000e+02  8.31835e-03 
 2.60500e+02  8.13900e-03 
 2.61000e+02  7.95214e-03 
 2.61500e+02  7.76846e-03 
 2.62000e+02  7.56422e-03 
 2.62500e+02  7.35946e-03 
 2.63000e+02  7.16564e-03 
 2.63500e+02  6.94358e-03 
 2.64000e+02  6.72005e-03 
 2.64500e+02  6.49086e-03 
 2.65000e+02  6.25188e-03 
 2.65500e+02  6.03215e-03 
 2.66000e+02  5.80157e-03 
 2.66500e+02  5.56375e-03 
 2.67000e+02  5.33421e-03 
 2.67500e+02  5.10225e-03 
 2.68000e+02  4.85744e-03 
 2.68500e+02  4.63029e-03 
 2.69000e+02  4.40666e-03 
 2.69500e+02  4.19012e-03 
 2.70000e+02  3.98282e-03 
 2.70500e+02  3.77099e-03 
 2.71000e+02  3.57954e-03 
 2.71500e+02  3.38640e-03 
 2.72000e+02  3.21191e-03 
 2.72500e+02  3.04842e-03 
 2.73000e+02  2.89392e-03 
 2.73500e+02  2.75010e-03 
 2.74000e+02  2.61849e-03 
 2.74500e+02  2.48953e-03 
 2.75000e+02  2.36032e-03 
 2.75500e+02  2.25203e-03 
 2.76000e+02  2.14201e-03 
 2.76500e+02  2.03672e-03 
 2.77000e+02  1.94524e-03 
 2.77500e+02  1.86075e-03 
 2.78000e+02  1.77054e-03 
 2.78500e+02  1.68656e-03 
 2.79000e+02  1.61260e-03 
 2.79500e+02  1.54563e-03 
 2.80000e+02  1.47997e-03 
 2.80500e+02  1.41742e-03 
 2.81000e+02  1.35775e-03 
 2.81500e+02  1.30043e-03 
 2.82000e+02  1.24973e-03 
 2.82500e+02  1.20001e-03 
 2.83000e+02  1.15366e-03 
 2.83500e+02  1.10568e-03 
 2.84000e+02  1.06114e-03 
 2.84500e+02  1.01852e-03 
 2.85000e+02  9.82618e-04 
 2.85500e+02  9.46550e-04 
 2.86000e+02  9.09154e-04 
 2.86500e+02  8.78518e-04 
 2.87000e+02  8.46566e-04 
 2.87500e+02  8.20641e-04 
 2.88000e+02  7.85814e-04 
 2.88500e+02  7.63300e-04 
 2.89000e+02  7.37790e-04 
 2.89500e+02  7.11019e-04 
 2.90000e+02  6.86256e-04 
 2.90500e+02  6.65363e-04 
 2.91000e+02  6.43679e-04 
 2.91500e+02  6.25726e-04 
 2.92000e+02  6.04757e-04 
 2.92500e+02  5.87282e-04 
 2.93000e+02  5.70702e-04 
 2.93500e+02  5.51490e-04 
 2.94000e+02  5.34215e-04 
 2.94500e+02  5.20270e-04 
 2.95000e+02  5.06499e-04 
 2.95500e+02  4.92643e-04 
 2.96000e+02  4.80039e-04 
 2.96500e+02  4.66114e-04 
 2.97000e+02  4.56115e-04 
 2.97500e+02  4.43514e-04 
 2.98000e+02  4.32062e-04 
 2.98500e+02  4.20453e-04 
 2.99000e+02  4.08766e-04 
 2.99500e+02  3.97666e-04 
 3.00000e+02  3.87940e-04 
 3.00500e+02  3.79487e-04 
 3.01000e+02  3.67008e-04 
 3.01500e+02  3.58234e-04 
 3.02000e+02  3.48531e-04 
 3.02500e+02  3.39090e-04 
 3.03000e+02  3.30286e-04 
 3.03500e+02  3.22278e-04 
 3.04000e+02  3.14055e-04 
 3.04500e+02  3.06498e-04 
 3.05000e+02  2.97483e-04 
 3.05500e+02  2.90498e-04 
 3.06000e+02  2.84629e-04 
 3.06500e+02  2.75438e-04 
 3.07000e+02  2.66364e-04 
 3.07500e+02  2.57414e-04 
 3.08000e+02  2.48212e-04 
 3.08500e+02  2.40018e-04 
 3.09000e+02  2.34919e-04 
 3.09500e+02  2.27611e-04 
 3.10000e+02  2.20143e-04 
 3.10500e+02  2.11956e-04 
 3.11000e+02  2.05942e-04 
 3.11500e+02  1.98038e-04 
 3.12000e+02  1.92622e-04 
 3.12500e+02  1.84358e-04 
 3.13000e+02  1.78514e-04 
 3.13500e+02  1.69763e-04 
 3.14000e+02  1.61146e-04 
 3.14500e+02  1.54050e-04 
 3.15000e+02  1.46101e-04 
 3.15500e+02  1.38098e-04 
 3.16000e+02  1.31547e-04 
 3.16500e+02  1.24834e-04 
 3.17000e+02  1.15616e-04 
 3.17500e+02  1.07342e-04 
 3.18000e+02  9.92960e-05 
 3.18500e+02  9.17680e-05 
 3.19000e+02  8.12544e-05 
 3.19500e+02  7.19080e-05 
