 0.00000e+00  3.90496e-05 
 5.00000e-01  4.61360e-05 
 1.00000e+00  5.47464e-05 
 1.50000e+00  6.23440e-05 
 2.00000e+00  7.10600e-05 
 2.50000e+00  8.09152e-05 
 3.00000e+00  9.00360e-05 
 3.50000e+00  9.96152e-05 
 4.00000e+00  1.08895e-04 
 4.50000e+00  1.18798e-04 
 5.00000e+00  1.29486e-04 
 5.50000e+00  1.39461e-04 
 6.00000e+00  1.51747e-04 
 6.50000e+00  1.62661e-04 
 7.00000e+00  1.72797e-04 
 7.50000e+00  1.84085e-04 
 8.00000e+00  1.93108e-04 
 8.50000e+00  2.02127e-04 
 9.00000e+00  2.12070e-04 
 9.50000e+00  2.22106e-04 
 1.00000e+01  2.30034e-04 
 1.05000e+01  2.41090e-04 
 1.10000e+01  2.49206e-04 
 1.15000e+01  2.57822e-04 
 1.20000e+01  2.68577e-04 
 1.25000e+01  2.78002e-04 
 1.30000e+01  2.87646e-04 
 1.35000e+01  2.93888e-04 
 1.40000e+01  3.06045e-04 
 1.45000e+01  3.16354e-04 
 1.50000e+01  3.24209e-04 
 1.55000e+01  3.31993e-04 
 1.60000e+01  3.43377e-04 
 1.65000e+01  3.53837e-04 
 1.70000e+01  3.64774e-04 
 1.75000e+01  3.77384e-04 
 1.80000e+01  3.85364e-04 
 1.85000e+01  3.95605e-04 
 1.90000e+01  4.06181e-04 
 1.95000e+01  4.16718e-04 
 2.00000e+01  4.26905e-04 
 2.05000e+01  4.38588e-04 
 2.10000e+01  4.49532e-04 
 2.15000e+01  4.61682e-04 
 2.20000e+01  4.76443e-04 
 2.25000e+01  4.89056e-04 
 2.30000e+01  5.00720e-04 
 2.35000e+01  5.15783e-04 
 2.40000e+01  5.30247e-04 
 2.45000e+01  5.43108e-04 
 2.50000e+01  5.59650e-04 
 2.55000e+01  5.78413e-04 
 2.60000e+01  5.94472e-04 
 2.65000e+01  6.12976e-04 
 2.70000e+01  6.33722e-04 
 2.75000e+01  6.51882e-04 
 2.80000e+01  6.74577e-04 
 2.85000e+01  6.97073e-04 
 2.90000e+01  7.17506e-04 
 2.95000e+01  7.42281e-04 
 3.00000e+01  7.70678e-04 
 3.05000e+01  7.96194e-04 
 3.10000e+01  8.27654e-04 
 3.15000e+01  8.54482e-04 
 3.20000e+01  8.90410e-04 
 3.25000e+01  9.27082e-04 
 3.30000e+01  9.66622e-04 
 3.35000e+01  1.00117e-03 
 3.40000e+01  1.04420e-03 
 3.45000e+01  1.08894e-03 
 3.50000e+01  1.13653e-03 
 3.55000e+01  1.18233e-03 
 3.60000e+01  1.23543e-03 
 3.65000e+01  1.29552e-03 
 3.70000e+01  1.35034e-03 
 3.75000e+01  1.40470e-03 
 3.80000e+01  1.47083e-03 
 3.85000e+01  1.53675e-03 
 3.90000e+01  1.60350e-03 
 3.95000e+01  1.66674e-03 
 4.00000e+01  1.74505e-03 
 4.05000e+01  1.83298e-03 
 4.10000e+01  1.91430e-03 
 4.15000e+01  2.00285e-03 
 4.20000e+01  2.10140e-03 
 4.25000e+01  2.20077e-03 
 4.30000e+01  2.30811e-03 
 4.35000e+01  2.42607e-03 
 4.40000e+01  2.54378e-03 
 4.45000e+01  2.67322e-03 
 4.50000e+01  2.81306e-03 
 4.55000e+01  2.96520e-03 
 4.60000e+01  3.12231e-03 
 4.65000e+01  3.28100e-03 
 4.70000e+01  3.45726e-03 
 4.75000e+01  3.62595e-03 
 4.80000e+01  3.82057e-03 
 4.85000e+01  4.01802e-03 
 4.90000e+01  4.22789e-03 
 4.95000e+01  4.45598e-03 
 5.00000e+01  4.69232e-03 
 5.05000e+01  4.91627e-03 
 5.10000e+01  5.14926e-03 
 5.15000e+01  5.40217e-03 
 5.20000e+01  5.64939e-03 
 5.25000e+01  5.87984e-03 
 5.30000e+01  6.12594e-03 
 5.35000e+01  6.36596e-03 
 5.40000e+01  6.60730e-03 
 5.45000e+01  6.83162e-03 
 5.50000e+01  7.06244e-03 
 5.55000e+01  7.27626e-03 
 5.60000e+01  7.48129e-03 
 5.65000e+01  7.69547e-03 
 5.70000e+01  7.87753e-03 
 5.75000e+01  8.07163e-03 
 5.80000e+01  8.26479e-03 
 5.85000e+01  8.45784e-03 
 5.90000e+01  8.63905e-03 
 5.95000e+01  8.79682e-03 
 6.00000e+01  8.97316e-03 
 6.05000e+01  9.12361e-03 
 6.10000e+01  9.26208e-03 
 6.15000e+01  9.39922e-03 
 6.20000e+01  9.52565e-03 
 6.25000e+01  9.66137e-03 
 6.30000e+01  9.78833e-03 
 6.35000e+01  9.90257e-03 
 6.40000e+01  1.00081e-02 
 6.45000e+01  1.01120e-02 
 6.50000e+01  1.02332e-02 
 6.55000e+01  1.03504e-02 
 6.60000e+01  1.04747e-02 
 6.65000e+01  1.05822e-02 
 6.70000e+01  1.07078e-02 
 6.75000e+01  1.08156e-02 
 6.80000e+01  1.09229e-02 
 6.85000e+01  1.10233e-02 
 6.90000e+01  1.11085e-02 
 6.95000e+01  1.12021e-02 
 7.00000e+01  1.13174e-02 
 7.05000e+01  1.14172e-02 
 7.10000e+01  1.15210e-02 
 7.15000e+01  1.16057e-02 
 7.20000e+01  1.17034e-02 
 7.25000e+01  1.17872e-02 
 7.30000e+01  1.18871e-02 
 7.35000e+01  1.19885e-02 
 7.40000e+01  1.20767e-02 
 7.45000e+01  1.21638e-02 
 7.50000e+01  1.22753e-02 
 7.55000e+01  1.23855e-02 
 7.60000e+01  1.24955e-02 
 7.65000e+01  1.25799e-02 
 7.70000e+01  1.26635e-02 
 7.75000e+01  1.27439e-02 
 7.80000e+01  1.28049e-02 
 7.85000e+01  1.28897e-02 
 7.90000e+01  1.29655e-02 
 7.95000e+01  1.30457e-02 
 8.00000e+01  1.31171e-02 
 8.05000e+01  1.31909e-02 
 8.10000e+01  1.32569e-02 
 8.15000e+01  1.33102e-02 
 8.20000e+01  1.33634e-02 
 8.25000e+01  1.34131e-02 
 8.30000e+01  1.34616e-02 
 8.35000e+01  1.35427e-02 
 8.40000e+01  1.36248e-02 
 8.45000e+01  1.36858e-02 
 8.50000e+01  1.37361e-02 
 8.55000e+01  1.38044e-02 
 8.60000e+01  1.38454e-02 
 8.65000e+01  1.39156e-02 
 8.70000e+01  1.39752e-02 
 8.75000e+01  1.40230e-02 
 8.80000e+01  1.40780e-02 
 8.85000e+01  1.41413e-02 
 8.90000e+01  1.41698e-02 
 8.95000e+01  1.42190e-02 
 9.00000e+01  1.42961e-02 
 9.05000e+01  1.43349e-02 
 9.10000e+01  1.43853e-02 
 9.15000e+01  1.44669e-02 
 9.20000e+01  1.45143e-02 
 9.25000e+01  1.45664e-02 
 9.30000e+01  1.45943e-02 
 9.35000e+01  1.46325e-02 
 9.40000e+01  1.46805e-02 
 9.45000e+01  1.47321e-02 
 9.50000e+01  1.47866e-02 
 9.55000e+01  1.48486e-02 
 9.60000e+01  1.48909e-02 
 9.65000e+01  1.49308e-02 
 9.70000e+01  1.49988e-02 
 9.75000e+01  1.50514e-02 
 9.80000e+01  1.50799e-02 
 9.85000e+01  1.51216e-02 
 9.90000e+01  1.51627e-02 
 9.95000e+01  1.52064e-02 
 1.00000e+02  1.52463e-02 
 1.00500e+02  1.53004e-02 
 1.01000e+02  1.53483e-02 
 1.01500e+02  1.54076e-02 
 1.02000e+02  1.54216e-02 
 1.02500e+02  1.54356e-02 
 1.03000e+02  1.54621e-02 
 1.03500e+02  1.55056e-02 
 1.04000e+02  1.55353e-02 
 1.04500e+02  1.55630e-02 
 1.05000e+02  1.55921e-02 
 1.05500e+02  1.56018e-02 
 1.06000e+02  1.56276e-02 
 1.06500e+02  1.56546e-02 
 1.07000e+02  1.56939e-02 
 1.07500e+02  1.57249e-02 
 1.08000e+02  1.57666e-02 
 1.08500e+02  1.57902e-02 
 1.09000e+02  1.58135e-02 
 1.09500e+02  1.58352e-02 
 1.10000e+02  1.58583e-02 
 1.10500e+02  1.58921e-02 
 1.11000e+02  1.58999e-02 
 1.11500e+02  1.59065e-02 
 1.12000e+02  1.59287e-02 
 1.12500e+02  1.59563e-02 
 1.13000e+02  1.59847e-02 
 1.13500e+02  1.60209e-02 
 1.14000e+02  1.60517e-02 
 1.14500e+02  1.60826e-02 
 1.15000e+02  1.61057e-02 
 1.15500e+02  1.61219e-02 
 1.16000e+02  1.61392e-02 
 1.16500e+02  1.61269e-02 
 1.17000e+02  1.61497e-02 
 1.17500e+02  1.61695e-02 
 1.18000e+02  1.61925e-02 
 1.18500e+02  1.62235e-02 
 1.19000e+02  1.62643e-02 
 1.19500e+02  1.62813e-02 
 1.20000e+02  1.62992e-02 
 1.20500e+02  1.63139e-02 
 1.21000e+02  1.63325e-02 
 1.21500e+02  1.63356e-02 
 1.22000e+02  1.63383e-02 
 1.22500e+02  1.63397e-02 
 1.23000e+02  1.63461e-02 
 1.23500e+02  1.63493e-02 
 1.24000e+02  1.63706e-02 
 1.24500e+02  1.64019e-02 
 1.25000e+02  1.64473e-02 
 1.25500e+02  1.64563e-02 
 1.26000e+02  1.64671e-02 
 1.26500e+02  1.64705e-02 
 1.27000e+02  1.64799e-02 
 1.27500e+02  1.64706e-02 
 1.28000e+02  1.64838e-02 
 1.28500e+02  1.64912e-02 
 1.29000e+02  1.65137e-02 
 1.29500e+02  1.65134e-02 
 1.30000e+02  1.65206e-02 
 1.30500e+02  1.65561e-02 
 1.31000e+02  1.65663e-02 
 1.31500e+02  1.65808e-02 
 1.32000e+02  1.65996e-02 
 1.32500e+02  1.65914e-02 
 1.33000e+02  1.65908e-02 
 1.33500e+02  1.66126e-02 
 1.34000e+02  1.66333e-02 
 1.34500e+02  1.66330e-02 
 1.35000e+02  1.66557e-02 
 1.35500e+02  1.66524e-02 
 1.36000e+02  1.66783e-02 
 1.36500e+02  1.66967e-02 
 1.37000e+02  1.67067e-02 
 1.37500e+02  1.66965e-02 
 1.38000e+02  1.66963e-02 
 1.38500e+02  1.67179e-02 
 1.39000e+02  1.67346e-02 
 1.39500e+02  1.67471e-02 
 1.40000e+02  1.67392e-02 
 1.40500e+02  1.67518e-02 
 1.41000e+02  1.67562e-02 
 1.41500e+02  1.67534e-02 
 1.42000e+02  1.67593e-02 
 1.42500e+02  1.67753e-02 
 1.43000e+02  1.67637e-02 
 1.43500e+02  1.67692e-02 
 1.44000e+02  1.67569e-02 
 1.44500e+02  1.67689e-02 
 1.45000e+02  1.67722e-02 
 1.45500e+02  1.67828e-02 
 1.46000e+02  1.67963e-02 
 1.46500e+02  1.67854e-02 
 1.47000e+02  1.67986e-02 
 1.47500e+02  1.68046e-02 
 1.48000e+02  1.68173e-02 
 1.48500e+02  1.68332e-02 
 1.49000e+02  1.68137e-02 
 1.49500e+02  1.68279e-02 
 1.50000e+02  1.68365e-02 
 1.50500e+02  1.68387e-02 
 1.51000e+02  1.68183e-02 
 1.51500e+02  1.68113e-02 
 1.52000e+02  1.68227e-02 
 1.52500e+02  1.67997e-02 
 1.53000e+02  1.68192e-02 
 1.53500e+02  1.68197e-02 
 1.54000e+02  1.68267e-02 
 1.54500e+02  1.68259e-02 
 1.55000e+02  1.68122e-02 
 1.55500e+02  1.67963e-02 
 1.56000e+02  1.67814e-02 
 1.56500e+02  1.68015e-02 
 1.57000e+02  1.68025e-02 
 1.57500e+02  1.68062e-02 
 1.58000e+02  1.68089e-02 
 1.58500e+02  1.68068e-02 
 1.59000e+02  1.68256e-02 
 1.59500e+02  1.68057e-02 
 1.60000e+02  1.68005e-02 
 1.60500e+02  1.68112e-02 
 1.61000e+02  1.68029e-02 
 1.61500e+02  1.68035e-02 
 1.62000e+02  1.68088e-02 
 1.62500e+02  1.67984e-02 
 1.63000e+02  1.67835e-02 
 1.63500e+02  1.67573e-02 
 1.64000e+02  1.67717e-02 
 1.64500e+02  1.67803e-02 
 1.65000e+02  1.67821e-02 
 1.65500e+02  1.67743e-02 
 1.66000e+02  1.67790e-02 
 1.66500e+02  1.67632e-02 
 1.67000e+02  1.67753e-02 
 1.67500e+02  1.67578e-02 
 1.68000e+02  1.67443e-02 
 1.68500e+02  1.67384e-02 
 1.69000e+02  1.67394e-02 
 1.69500e+02  1.67233e-02 
 1.70000e+02  1.67007e-02 
 1.70500e+02  1.67141e-02 
 1.71000e+02  1.67176e-02 
 1.71500e+02  1.67168e-02 
 1.72000e+02  1.67046e-02 
 1.72500e+02  1.67051e-02 
 1.73000e+02  1.67101e-02 
 1.73500e+02  1.67097e-02 
 1.74000e+02  1.67155e-02 
 1.74500e+02  1.66911e-02 
 1.75000e+02  1.66909e-02 
 1.75500e+02  1.66992e-02 
 1.76000e+02  1.66915e-02 
 1.76500e+02  1.66881e-02 
 1.77000e+02  1.66841e-02 
 1.77500e+02  1.66761e-02 
 1.78000e+02  1.66654e-02 
 1.78500e+02  1.66669e-02 
 1.79000e+02  1.66338e-02 
 1.79500e+02  1.66276e-02 
 1.80000e+02  1.66121e-02 
 1.80500e+02  1.66176e-02 
 1.81000e+02  1.65990e-02 
 1.81500e+02  1.65931e-02 
 1.82000e+02  1.65898e-02 
 1.82500e+02  1.65903e-02 
 1.83000e+02  1.65668e-02 
 1.83500e+02  1.65709e-02 
 1.84000e+02  1.65539e-02 
 1.84500e+02  1.65576e-02 
 1.85000e+02  1.65438e-02 
 1.85500e+02  1.65312e-02 
 1.86000e+02  1.65203e-02 
 1.86500e+02  1.65151e-02 
 1.87000e+02  1.64824e-02 
 1.87500e+02  1.64836e-02 
 1.88000e+02  1.64948e-02 
 1.88500e+02  1.64895e-02 
 1.89000e+02  1.64958e-02 
 1.89500e+02  1.64783e-02 
 1.90000e+02  1.64637e-02 
 1.90500e+02  1.64408e-02 
 1.91000e+02  1.64230e-02 
 1.91500e+02  1.64249e-02 
 1.92000e+02  1.64069e-02 
 1.92500e+02  1.63905e-02 
 1.93000e+02  1.63875e-02 
 1.93500e+02  1.63846e-02 
 1.94000e+02  1.63778e-02 
 1.94500e+02  1.63567e-02 
 1.95000e+02  1.63159e-02 
 1.95500e+02  1.63037e-02 
 1.96000e+02  1.62782e-02 
 1.96500e+02  1.62542e-02 
 1.97000e+02  1.62419e-02 
 1.97500e+02  1.62172e-02 
 1.98000e+02  1.61944e-02 
 1.98500e+02  1.61883e-02 
 1.99000e+02  1.61779e-02 
 1.99500e+02  1.61800e-02 
 2.00000e+02  1.61574e-02 
 2.00500e+02  1.61529e-02 
 2.01000e+02  1.61408e-02 
 2.01500e+02  1.61353e-02 
 2.02000e+02  1.61181e-02 
 2.02500e+02  1.60735e-02 
 2.03000e+02  1.60367e-02 
 2.03500e+02  1.60291e-02 
 2.04000e+02  1.60002e-02 
 2.04500e+02  1.60200e-02 
 2.05000e+02  1.60227e-02 
 2.05500e+02  1.60006e-02 
 2.06000e+02  1.59710e-02 
 2.06500e+02  1.59438e-02 
 2.07000e+02  1.59201e-02 
 2.07500e+02  1.58970e-02 
 2.08000e+02  1.58614e-02 
 2.08500e+02  1.58446e-02 
 2.09000e+02  1.58192e-02 
 2.09500e+02  1.57713e-02 
 2.10000e+02  1.57845e-02 
 2.10500e+02  1.57607e-02 
 2.11000e+02  1.57527e-02 
 2.11500e+02  1.57233e-02 
 2.12000e+02  1.56945e-02 
 2.12500e+02  1.56776e-02 
 2.13000e+02  1.56406e-02 
 2.13500e+02  1.56256e-02 
 2.14000e+02  1.55976e-02 
 2.14500e+02  1.55650e-02 
 2.15000e+02  1.55473e-02 
 2.15500e+02  1.54934e-02 
 2.16000e+02  1.54711e-02 
 2.16500e+02  1.54529e-02 
 2.17000e+02  1.54255e-02 
 2.17500e+02  1.53825e-02 
 2.18000e+02  1.53475e-02 
 2.18500e+02  1.53305e-02 
 2.19000e+02  1.53160e-02 
 2.19500e+02  1.52847e-02 
 2.20000e+02  1.52383e-02 
 2.20500e+02  1.52043e-02 
 2.21000e+02  1.51557e-02 
 2.21500e+02  1.51149e-02 
 2.22000e+02  1.50620e-02 
 2.22500e+02  1.50170e-02 
 2.23000e+02  1.49602e-02 
 2.23500e+02  1.49040e-02 
 2.24000e+02  1.48843e-02 
 2.24500e+02  1.48230e-02 
 2.25000e+02  1.47949e-02 
 2.25500e+02  1.47429e-02 
 2.26000e+02  1.46775e-02 
 2.26500e+02  1.46242e-02 
 2.27000e+02  1.45334e-02 
 2.27500e+02  1.44778e-02 
 2.28000e+02  1.44233e-02 
 2.28500e+02  1.43618e-02 
 2.29000e+02  1.42947e-02 
 2.29500e+02  1.42433e-02 
 2.30000e+02  1.41939e-02 
 2.30500e+02  1.41399e-02 
 2.31000e+02  1.40914e-02 
 2.31500e+02  1.40210e-02 
 2.32000e+02  1.39498e-02 
 2.32500e+02  1.38929e-02 
 2.33000e+02  1.38304e-02 
 2.33500e+02  1.37849e-02 
 2.34000e+02  1.37278e-02 
 2.34500e+02  1.36688e-02 
 2.35000e+02  1.35986e-02 
 2.35500e+02  1.35222e-02 
 2.36000e+02  1.34595e-02 
 2.36500e+02  1.33919e-02 
 2.37000e+02  1.33117e-02 
 2.37500e+02  1.32307e-02 
 2.38000e+02  1.31853e-02 
 2.38500e+02  1.31062e-02 
 2.39000e+02  1.30539e-02 
 2.39500e+02  1.29845e-02 
 2.40000e+02  1.29089e-02 
 2.40500e+02  1.28363e-02 
 2.41000e+02  1.27591e-02 
 2.41500e+02  1.26993e-02 
 2.42000e+02  1.26319e-02 
 2.42500e+02  1.25569e-02 
 2.43000e+02  1.24709e-02 
 2.43500e+02  1.24240e-02 
 2.44000e+02  1.23483e-02 
 2.44500e+02  1.22810e-02 
 2.45000e+02  1.21926e-02 
 2.45500e+02  1.21202e-02 
 2.46000e+02  1.20316e-02 
 2.46500e+02  1.19296e-02 
 2.47000e+02  1.18257e-02 
 2.47500e+02  1.17256e-02 
 2.48000e+02  1.16054e-02 
 2.48500e+02  1.15176e-02 
 2.49000e+02  1.14113e-02 
 2.49500e+02  1.13086e-02 
 2.50000e+02  1.12066e-02 
 2.50500e+02  1.11099e-02 
 2.51000e+02  1.09996e-02 
 2.51500e+02  1.08946e-02 
 2.52000e+02  1.07889e-02 
 2.52500e+02  1.06676e-02 
 2.53000e+02  1.05437e-02 
 2.53500e+02  1.04296e-02 
 2.54000e+02  1.03115e-02 
 2.54500e+02  1.01931e-02 
 2.55000e+02  1.00601e-02 
 2.55500e+02  9.92731e-03 
 2.56000e+02  9.78579e-03 
 2.56500e+02  9.63055e-03 
 2.57000e+02  9.47304e-03 
 2.57500e+02  9.30768e-03 
 2.58000e+02  9.14765e-03 
 2.58500e+02  8.97983e-03 
 2.59000e+02  8.81036e-03 
 2.59500e+02  8.63720e-03 
 2.60000e+02  8.47123e-03 
 2.60500e+02  8.27341e-03 
 2.61000e+02  8.07688e-03 
 2.61500e+02  7.88349e-03 
 2.62000e+02  7.69821e-03 
 2.62500e+02  7.48886e-03 
 2.63000e+02  7.27661e-03 
 2.63500e+02  7.05908e-03 
 2.64000e+02  6.83965e-03 
 2.64500e+02  6.59472e-03 
 2.65000e+02  6.37072e-03 
 2.65500e+02  6.13008e-03 
 2.66000e+02  5.89441e-03 
 2.66500e+02  5.66112e-03 
 2.67000e+02  5.42362e-03 
 2.67500e+02  5.18111e-03 
 2.68000e+02  4.94658e-03 
 2.68500e+02  4.72884e-03 
 2.69000e+02  4.49548e-03 
 2.69500e+02  4.27040e-03 
 2.70000e+02  4.06030e-03 
 2.70500e+02  3.85939e-03 
 2.71000e+02  3.66587e-03 
 2.71500e+02  3.47028e-03 
 2.72000e+02  3.29008e-03 
 2.72500e+02  3.12395e-03 
 2.73000e+02  2.96096e-03 
 2.73500e+02  2.81018e-03 
 2.74000e+02  2.66556e-03 
 2.74500e+02  2.53537e-03 
 2.75000e+02  2.40794e-03 
 2.75500e+02  2.30048e-03 
 2.76000e+02  2.19601e-03 
 2.76500e+02  2.08868e-03 
 2.77000e+02  1.98820e-03 
 2.77500e+02  1.89657e-03 
 2.78000e+02  1.81183e-03 
 2.78500e+02  1.72960e-03 
 2.79000e+02  1.65338e-03 
 2.79500e+02  1.58217e-03 
 2.80000e+02  1.51042e-03 
 2.80500e+02  1.44806e-03 
 2.81000e+02  1.39001e-03 
 2.81500e+02  1.33032e-03 
 2.82000e+02  1.28082e-03 
 2.82500e+02  1.23131e-03 
 2.83000e+02  1.17816e-03 
 2.83500e+02  1.13276e-03 
 2.84000e+02  1.08811e-03 
 2.84500e+02  1.04281e-03 
 2.85000e+02  1.00738e-03 
 2.85500e+02  9.68286e-04 
 2.86000e+02  9.38279e-04 
 2.86500e+02  9.01896e-04 
 2.87000e+02  8.68719e-04 
 2.87500e+02  8.38461e-04 
 2.88000e+02  8.07488e-04 
 2.88500e+02  7.80270e-04 
 2.89000e+02  7.52166e-04 
 2.89500e+02  7.29908e-04 
 2.90000e+02  7.06133e-04 
 2.90500e+02  6.82424e-04 
 2.91000e+02  6.60985e-04 
 2.91500e+02  6.41839e-04 
 2.92000e+02  6.19927e-04 
 2.92500e+02  6.02646e-04 
 2.93000e+02  5.85793e-04 
 2.93500e+02  5.66138e-04 
 2.94000e+02  5.51166e-04 
 2.94500e+02  5.33596e-04 
 2.95000e+02  5.18260e-04 
 2.95500e+02  5.03046e-04 
 2.96000e+02  4.90691e-04 
 2.96500e+02  4.76358e-04 
 2.97000e+02  4.63326e-04 
 2.97500e+02  4.52061e-04 
 2.98000e+02  4.38133e-04 
 2.98500e+02  4.28730e-04 
 2.99000e+02  4.17754e-04 
 2.99500e+02  4.06605e-04 
 3.00000e+02  3.94795e-04 
 3.00500e+02  3.85325e-04 
 3.01000e+02  3.75391e-04 
 3.01500e+02  3.65653e-04 
 3.02000e+02  3.56196e-04 
 3.02500e+02  3.48082e-04 
 3.03000e+02  3.36778e-04 
 3.03500e+02  3.27688e-04 
 3.04000e+02  3.18474e-04 
 3.04500e+02  3.10202e-04 
 3.05000e+02  3.01724e-04 
 3.05500e+02  2.95532e-04 
 3.06000e+02  2.89443e-04 
 3.06500e+02  2.80239e-04 
 3.07000e+02  2.68884e-04 
 3.07500e+02  2.62558e-04 
 3.08000e+02  2.54495e-04 
 3.08500e+02  2.46629e-04 
 3.09000e+02  2.37250e-04 
 3.09500e+02  2.30836e-04 
 3.10000e+02  2.23908e-04 
 3.10500e+02  2.16642e-04 
 3.11000e+02  2.10256e-04 
 3.11500e+02  2.01448e-04 
 3.12000e+02  1.94089e-04 
 3.12500e+02  1.87201e-04 
 3.13000e+02  1.80854e-04 
 3.13500e+02  1.73440e-04 
 3.14000e+02  1.64625e-04 
 3.14500e+02  1.56303e-04 
 3.15000e+02  1.48952e-04 
 3.15500e+02  1.43553e-04 
 3.16000e+02  1.34005e-04 
 3.16500e+02  1.25962e-04 
 3.17000e+02  1.17633e-04 
 3.17500e+02  1.07266e-04 
 3.18000e+02  9.99888e-05 
 3.18500e+02  9.10184e-05 
 3.19000e+02  8.26832e-05 
 3.19500e+02  7.36928e-05 
