 0.00000e+00  4.36432e-05 
 5.00000e-01  5.02880e-05 
 1.00000e+00  5.69032e-05 
 1.50000e+00  6.46136e-05 
 2.00000e+00  7.44424e-05 
 2.50000e+00  8.50120e-05 
 3.00000e+00  9.51504e-05 
 3.50000e+00  1.05387e-04 
 4.00000e+00  1.15331e-04 
 4.50000e+00  1.26722e-04 
 5.00000e+00  1.37347e-04 
 5.50000e+00  1.45892e-04 
 6.00000e+00  1.56696e-04 
 6.50000e+00  1.67010e-04 
 7.00000e+00  1.76317e-04 
 7.50000e+00  1.86688e-04 
 8.00000e+00  1.96067e-04 
 8.50000e+00  2.07094e-04 
 9.00000e+00  2.17103e-04 
 9.50000e+00  2.27110e-04 
 1.00000e+01  2.35393e-04 
 1.05000e+01  2.44424e-04 
 1.10000e+01  2.50556e-04 
 1.15000e+01  2.59547e-04 
 1.20000e+01  2.68938e-04 
 1.25000e+01  2.78777e-04 
 1.30000e+01  2.87157e-04 
 1.35000e+01  2.95753e-04 
 1.40000e+01  3.08389e-04 
 1.45000e+01  3.15347e-04 
 1.50000e+01  3.23534e-04 
 1.55000e+01  3.31497e-04 
 1.60000e+01  3.42590e-04 
 1.65000e+01  3.55794e-04 
 1.70000e+01  3.64131e-04 
 1.75000e+01  3.74418e-04 
 1.80000e+01  3.84342e-04 
 1.85000e+01  3.95310e-04 
 1.90000e+01  4.06986e-04 
 1.95000e+01  4.15126e-04 
 2.00000e+01  4.26042e-04 
 2.05000e+01  4.38982e-04 
 2.10000e+01  4.48038e-04 
 2.15000e+01  4.56773e-04 
 2.20000e+01  4.72165e-04 
 2.25000e+01  4.87854e-04 
 2.30000e+01  5.00126e-04 
 2.35000e+01  5.18450e-04 
 2.40000e+01  5.33103e-04 
 2.45000e+01  5.45864e-04 
 2.50000e+01  5.60304e-04 
 2.55000e+01  5.75506e-04 
 2.60000e+01  5.95459e-04 
 2.65000e+01  6.16670e-04 
 2.70000e+01  6.35670e-04 
 2.75000e+01  6.56670e-04 
 2.80000e+01  6.75633e-04 
 2.85000e+01  6.96786e-04 
 2.90000e+01  7.18373e-04 
 2.95000e+01  7.44645e-04 
 3.00000e+01  7.71377e-04 
 3.05000e+01  7.99520e-04 
 3.10000e+01  8.29950e-04 
 3.15000e+01  8.60720e-04 
 3.20000e+01  8.91050e-04 
 3.25000e+01  9.24894e-04 
 3.30000e+01  9.59468e-04 
 3.35000e+01  9.96901e-04 
 3.40000e+01  1.03930e-03 
 3.45000e+01  1.08437e-03 
 3.50000e+01  1.12678e-03 
 3.55000e+01  1.17417e-03 
 3.60000e+01  1.22676e-03 
 3.65000e+01  1.28329e-03 
 3.70000e+01  1.33947e-03 
 3.75000e+01  1.39542e-03 
 3.80000e+01  1.45664e-03 
 3.85000e+01  1.52496e-03 
 3.90000e+01  1.59056e-03 
 3.95000e+01  1.65921e-03 
 4.00000e+01  1.73799e-03 
 4.05000e+01  1.82067e-03 
 4.10000e+01  1.90453e-03 
 4.15000e+01  1.99670e-03 
 4.20000e+01  2.09503e-03 
 4.25000e+01  2.19565e-03 
 4.30000e+01  2.29670e-03 
 4.35000e+01  2.41301e-03 
 4.40000e+01  2.53486e-03 
 4.45000e+01  2.66668e-03 
 4.50000e+01  2.79689e-03 
 4.55000e+01  2.94289e-03 
 4.60000e+01  3.09708e-03 
 4.65000e+01  3.26204e-03 
 4.70000e+01  3.42853e-03 
 4.75000e+01  3.61515e-03 
 4.80000e+01  3.80836e-03 
 4.85000e+01  4.00423e-03 
 4.90000e+01  4.21388e-03 
 4.95000e+01  4.43217e-03 
 5.00000e+01  4.66059e-03 
 5.05000e+01  4.88890e-03 
 5.10000e+01  5.12593e-03 
 5.15000e+01  5.37713e-03 
 5.20000e+01  5.61405e-03 
 5.25000e+01  5.85367e-03 
 5.30000e+01  6.09259e-03 
 5.35000e+01  6.33804e-03 
 5.40000e+01  6.59183e-03 
 5.45000e+01  6.82442e-03 
 5.50000e+01  7.05770e-03 
 5.55000e+01  7.28536e-03 
 5.60000e+01  7.51566e-03 
 5.65000e+01  7.71399e-03 
 5.70000e+01  7.91477e-03 
 5.75000e+01  8.09961e-03 
 5.80000e+01  8.27456e-03 
 5.85000e+01  8.45266e-03 
 5.90000e+01  8.62900e-03 
 5.95000e+01  8.80894e-03 
 6.00000e+01  8.97506e-03 
 6.05000e+01  9.12401e-03 
 6.10000e+01  9.28815e-03 
 6.15000e+01  9.44698e-03 
 6.20000e+01  9.58646e-03 
 6.25000e+01  9.73247e-03 
 6.30000e+01  9.87502e-03 
 6.35000e+01  1.00014e-02 
 6.40000e+01  1.01164e-02 
 6.45000e+01  1.02236e-02 
 6.50000e+01  1.03271e-02 
 6.55000e+01  1.04526e-02 
 6.60000e+01  1.05554e-02 
 6.65000e+01  1.06794e-02 
 6.70000e+01  1.08114e-02 
 6.75000e+01  1.09285e-02 
 6.80000e+01  1.10524e-02 
 6.85000e+01  1.11674e-02 
 6.90000e+01  1.12946e-02 
 6.95000e+01  1.14100e-02 
 7.00000e+01  1.15171e-02 
 7.05000e+01  1.16357e-02 
 7.10000e+01  1.17094e-02 
 7.15000e+01  1.18038e-02 
 7.20000e+01  1.19086e-02 
 7.25000e+01  1.19825e-02 
 7.30000e+01  1.20571e-02 
 7.35000e+01  1.21508e-02 
 7.40000e+01  1.22088e-02 
 7.45000e+01  1.22682e-02 
 7.50000e+01  1.23626e-02 
 7.55000e+01  1.24398e-02 
 7.60000e+01  1.25173e-02 
 7.65000e+01  1.26065e-02 
 7.70000e+01  1.26721e-02 
 7.75000e+01  1.27377e-02 
 7.80000e+01  1.28153e-02 
 7.85000e+01  1.28747e-02 
 7.90000e+01  1.29373e-02 
 7.95000e+01  1.30279e-02 
 8.00000e+01  1.30918e-02 
 8.05000e+01  1.31664e-02 
 8.10000e+01  1.32536e-02 
 8.15000e+01  1.33143e-02 
 8.20000e+01  1.33934e-02 
 8.25000e+01  1.34586e-02 
 8.30000e+01  1.35204e-02 
 8.35000e+01  1.35747e-02 
 8.40000e+01  1.36410e-02 
 8.45000e+01  1.37081e-02 
 8.50000e+01  1.37668e-02 
 8.55000e+01  1.38231e-02 
 8.60000e+01  1.38462e-02 
 8.65000e+01  1.38921e-02 
 8.70000e+01  1.39306e-02 
 8.75000e+01  1.40036e-02 
 8.80000e+01  1.40873e-02 
 8.85000e+01  1.41728e-02 
 8.90000e+01  1.41983e-02 
 8.95000e+01  1.42631e-02 
 9.00000e+01  1.43339e-02 
 9.05000e+01  1.43642e-02 
 9.10000e+01  1.44264e-02 
 9.15000e+01  1.44991e-02 
 9.20000e+01  1.45310e-02 
 9.25000e+01  1.45720e-02 
 9.30000e+01  1.46058e-02 
 9.35000e+01  1.46652e-02 
 9.40000e+01  1.47094e-02 
 9.45000e+01  1.47455e-02 
 9.50000e+01  1.47886e-02 
 9.55000e+01  1.48234e-02 
 9.60000e+01  1.48770e-02 
 9.65000e+01  1.49260e-02 
 9.70000e+01  1.49604e-02 
 9.75000e+01  1.50113e-02 
 9.80000e+01  1.50524e-02 
 9.85000e+01  1.51066e-02 
 9.90000e+01  1.51421e-02 
 9.95000e+01  1.51719e-02 
 1.00000e+02  1.52121e-02 
 1.00500e+02  1.52527e-02 
 1.01000e+02  1.52905e-02 
 1.01500e+02  1.53190e-02 
 1.02000e+02  1.53668e-02 
 1.02500e+02  1.54197e-02 
 1.03000e+02  1.54462e-02 
 1.03500e+02  1.54977e-02 
 1.04000e+02  1.55407e-02 
 1.04500e+02  1.55525e-02 
 1.05000e+02  1.55918e-02 
 1.05500e+02  1.56219e-02 
 1.06000e+02  1.56629e-02 
 1.06500e+02  1.57033e-02 
 1.07000e+02  1.57431e-02 
 1.07500e+02  1.57771e-02 
 1.08000e+02  1.58045e-02 
 1.08500e+02  1.58190e-02 
 1.09000e+02  1.58418e-02 
 1.09500e+02  1.58814e-02 
 1.10000e+02  1.59082e-02 
 1.10500e+02  1.59196e-02 
 1.11000e+02  1.59526e-02 
 1.11500e+02  1.59652e-02 
 1.12000e+02  1.59950e-02 
 1.12500e+02  1.60210e-02 
 1.13000e+02  1.60448e-02 
 1.13500e+02  1.60691e-02 
 1.14000e+02  1.61024e-02 
 1.14500e+02  1.61134e-02 
 1.15000e+02  1.61317e-02 
 1.15500e+02  1.61471e-02 
 1.16000e+02  1.61749e-02 
 1.16500e+02  1.61820e-02 
 1.17000e+02  1.62257e-02 
 1.17500e+02  1.62417e-02 
 1.18000e+02  1.62713e-02 
 1.18500e+02  1.62906e-02 
 1.19000e+02  1.62915e-02 
 1.19500e+02  1.63193e-02 
 1.20000e+02  1.63485e-02 
 1.20500e+02  1.63496e-02 
 1.21000e+02  1.63651e-02 
 1.21500e+02  1.63576e-02 
 1.22000e+02  1.63754e-02 
 1.22500e+02  1.63881e-02 
 1.23000e+02  1.63888e-02 
 1.23500e+02  1.63974e-02 
 1.24000e+02  1.64094e-02 
 1.24500e+02  1.64275e-02 
 1.25000e+02  1.64332e-02 
 1.25500e+02  1.64729e-02 
 1.26000e+02  1.64763e-02 
 1.26500e+02  1.64993e-02 
 1.27000e+02  1.64946e-02 
 1.27500e+02  1.65052e-02 
 1.28000e+02  1.65273e-02 
 1.28500e+02  1.65766e-02 
 1.29000e+02  1.65927e-02 
 1.29500e+02  1.66152e-02 
 1.30000e+02  1.66224e-02 
 1.30500e+02  1.66233e-02 
 1.31000e+02  1.66479e-02 
 1.31500e+02  1.66633e-02 
 1.32000e+02  1.66753e-02 
 1.32500e+02  1.66660e-02 
 1.33000e+02  1.66788e-02 
 1.33500e+02  1.66846e-02 
 1.34000e+02  1.66711e-02 
 1.34500e+02  1.67079e-02 
 1.35000e+02  1.66997e-02 
 1.35500e+02  1.67084e-02 
 1.36000e+02  1.67028e-02 
 1.36500e+02  1.67128e-02 
 1.37000e+02  1.67263e-02 
 1.37500e+02  1.67272e-02 
 1.38000e+02  1.67473e-02 
 1.38500e+02  1.67635e-02 
 1.39000e+02  1.67581e-02 
 1.39500e+02  1.67696e-02 
 1.40000e+02  1.67751e-02 
 1.40500e+02  1.67841e-02 
 1.41000e+02  1.67849e-02 
 1.41500e+02  1.67905e-02 
 1.42000e+02  1.68016e-02 
 1.42500e+02  1.67938e-02 
 1.43000e+02  1.68109e-02 
 1.43500e+02  1.68180e-02 
 1.44000e+02  1.68228e-02 
 1.44500e+02  1.68123e-02 
 1.45000e+02  1.68225e-02 
 1.45500e+02  1.68278e-02 
 1.46000e+02  1.68187e-02 
 1.46500e+02  1.68268e-02 
 1.47000e+02  1.68381e-02 
 1.47500e+02  1.68278e-02 
 1.48000e+02  1.68328e-02 
 1.48500e+02  1.68356e-02 
 1.49000e+02  1.68184e-02 
 1.49500e+02  1.68141e-02 
 1.50000e+02  1.68433e-02 
 1.50500e+02  1.68557e-02 
 1.51000e+02  1.68577e-02 
 1.51500e+02  1.68583e-02 
 1.52000e+02  1.68514e-02 
 1.52500e+02  1.68589e-02 
 1.53000e+02  1.68694e-02 
 1.53500e+02  1.68480e-02 
 1.54000e+02  1.68525e-02 
 1.54500e+02  1.68577e-02 
 1.55000e+02  1.68659e-02 
 1.55500e+02  1.68724e-02 
 1.56000e+02  1.68758e-02 
 1.56500e+02  1.68847e-02 
 1.57000e+02  1.68969e-02 
 1.57500e+02  1.68940e-02 
 1.58000e+02  1.69103e-02 
 1.58500e+02  1.69055e-02 
 1.59000e+02  1.68757e-02 
 1.59500e+02  1.68720e-02 
 1.60000e+02  1.68663e-02 
 1.60500e+02  1.68804e-02 
 1.61000e+02  1.68872e-02 
 1.61500e+02  1.68741e-02 
 1.62000e+02  1.68700e-02 
 1.62500e+02  1.68648e-02 
 1.63000e+02  1.68545e-02 
 1.63500e+02  1.68644e-02 
 1.64000e+02  1.68619e-02 
 1.64500e+02  1.68675e-02 
 1.65000e+02  1.68710e-02 
 1.65500e+02  1.68669e-02 
 1.66000e+02  1.68452e-02 
 1.66500e+02  1.68527e-02 
 1.67000e+02  1.68489e-02 
 1.67500e+02  1.68599e-02 
 1.68000e+02  1.68525e-02 
 1.68500e+02  1.68544e-02 
 1.69000e+02  1.68442e-02 
 1.69500e+02  1.68482e-02 
 1.70000e+02  1.68241e-02 
 1.70500e+02  1.68136e-02 
 1.71000e+02  1.68067e-02 
 1.71500e+02  1.68067e-02 
 1.72000e+02  1.67983e-02 
 1.72500e+02  1.67928e-02 
 1.73000e+02  1.67910e-02 
 1.73500e+02  1.67846e-02 
 1.74000e+02  1.67808e-02 
 1.74500e+02  1.67935e-02 
 1.75000e+02  1.68001e-02 
 1.75500e+02  1.67874e-02 
 1.76000e+02  1.67805e-02 
 1.76500e+02  1.67608e-02 
 1.77000e+02  1.67638e-02 
 1.77500e+02  1.67608e-02 
 1.78000e+02  1.67662e-02 
 1.78500e+02  1.67594e-02 
 1.79000e+02  1.67456e-02 
 1.79500e+02  1.67444e-02 
 1.80000e+02  1.67256e-02 
 1.80500e+02  1.67138e-02 
 1.81000e+02  1.67040e-02 
 1.81500e+02  1.66950e-02 
 1.82000e+02  1.66960e-02 
 1.82500e+02  1.66856e-02 
 1.83000e+02  1.66849e-02 
 1.83500e+02  1.66797e-02 
 1.84000e+02  1.66591e-02 
 1.84500e+02  1.66747e-02 
 1.85000e+02  1.66586e-02 
 1.85500e+02  1.66443e-02 
 1.86000e+02  1.66404e-02 
 1.86500e+02  1.66370e-02 
 1.87000e+02  1.66392e-02 
 1.87500e+02  1.66336e-02 
 1.88000e+02  1.66159e-02 
 1.88500e+02  1.66149e-02 
 1.89000e+02  1.65931e-02 
 1.89500e+02  1.65831e-02 
 1.90000e+02  1.65765e-02 
 1.90500e+02  1.65600e-02 
 1.91000e+02  1.65451e-02 
 1.91500e+02  1.65396e-02 
 1.92000e+02  1.65263e-02 
 1.92500e+02  1.65313e-02 
 1.93000e+02  1.65273e-02 
 1.93500e+02  1.64942e-02 
 1.94000e+02  1.64737e-02 
 1.94500e+02  1.64499e-02 
 1.95000e+02  1.64389e-02 
 1.95500e+02  1.64464e-02 
 1.96000e+02  1.64340e-02 
 1.96500e+02  1.64122e-02 
 1.97000e+02  1.63936e-02 
 1.97500e+02  1.63818e-02 
 1.98000e+02  1.63448e-02 
 1.98500e+02  1.63110e-02 
 1.99000e+02  1.63131e-02 
 1.99500e+02  1.63032e-02 
 2.00000e+02  1.62874e-02 
 2.00500e+02  1.62850e-02 
 2.01000e+02  1.62650e-02 
 2.01500e+02  1.62566e-02 
 2.02000e+02  1.62462e-02 
 2.02500e+02  1.62160e-02 
 2.03000e+02  1.61771e-02 
 2.03500e+02  1.61380e-02 
 2.04000e+02  1.61182e-02 
 2.04500e+02  1.60890e-02 
 2.05000e+02  1.60596e-02 
 2.05500e+02  1.60534e-02 
 2.06000e+02  1.60419e-02 
 2.06500e+02  1.60389e-02 
 2.07000e+02  1.60221e-02 
 2.07500e+02  1.59972e-02 
 2.08000e+02  1.59776e-02 
 2.08500e+02  1.59465e-02 
 2.09000e+02  1.59221e-02 
 2.09500e+02  1.58971e-02 
 2.10000e+02  1.58779e-02 
 2.10500e+02  1.58691e-02 
 2.11000e+02  1.58537e-02 
 2.11500e+02  1.58394e-02 
 2.12000e+02  1.57921e-02 
 2.12500e+02  1.57738e-02 
 2.13000e+02  1.57599e-02 
 2.13500e+02  1.57247e-02 
 2.14000e+02  1.56870e-02 
 2.14500e+02  1.56592e-02 
 2.15000e+02  1.56275e-02 
 2.15500e+02  1.55708e-02 
 2.16000e+02  1.55284e-02 
 2.16500e+02  1.54969e-02 
 2.17000e+02  1.54504e-02 
 2.17500e+02  1.54204e-02 
 2.18000e+02  1.53965e-02 
 2.18500e+02  1.53804e-02 
 2.19000e+02  1.53501e-02 
 2.19500e+02  1.53154e-02 
 2.20000e+02  1.52862e-02 
 2.20500e+02  1.52415e-02 
 2.21000e+02  1.52069e-02 
 2.21500e+02  1.51615e-02 
 2.22000e+02  1.51095e-02 
 2.22500e+02  1.50725e-02 
 2.23000e+02  1.50368e-02 
 2.23500e+02  1.50052e-02 
 2.24000e+02  1.49708e-02 
 2.24500e+02  1.49389e-02 
 2.25000e+02  1.48975e-02 
 2.25500e+02  1.48399e-02 
 2.26000e+02  1.47865e-02 
 2.26500e+02  1.47330e-02 
 2.27000e+02  1.46800e-02 
 2.27500e+02  1.46134e-02 
 2.28000e+02  1.45453e-02 
 2.28500e+02  1.45034e-02 
 2.29000e+02  1.44684e-02 
 2.29500e+02  1.44358e-02 
 2.30000e+02  1.43960e-02 
 2.30500e+02  1.43409e-02 
 2.31000e+02  1.42955e-02 
 2.31500e+02  1.42537e-02 
 2.32000e+02  1.41901e-02 
 2.32500e+02  1.41096e-02 
 2.33000e+02  1.40377e-02 
 2.33500e+02  1.39672e-02 
 2.34000e+02  1.38978e-02 
 2.34500e+02  1.38433e-02 
 2.35000e+02  1.37836e-02 
 2.35500e+02  1.37317e-02 
 2.36000e+02  1.36737e-02 
 2.36500e+02  1.35974e-02 
 2.37000e+02  1.35311e-02 
 2.37500e+02  1.34623e-02 
 2.38000e+02  1.33883e-02 
 2.38500e+02  1.33171e-02 
 2.39000e+02  1.32538e-02 
 2.39500e+02  1.31776e-02 
 2.40000e+02  1.30916e-02 
 2.40500e+02  1.30101e-02 
 2.41000e+02  1.29358e-02 
 2.41500e+02  1.28457e-02 
 2.42000e+02  1.27723e-02 
 2.42500e+02  1.26870e-02 
 2.43000e+02  1.26124e-02 
 2.43500e+02  1.25447e-02 
 2.44000e+02  1.24560e-02 
 2.44500e+02  1.23793e-02 
 2.45000e+02  1.22829e-02 
 2.45500e+02  1.22050e-02 
 2.46000e+02  1.21195e-02 
 2.46500e+02  1.20470e-02 
 2.47000e+02  1.19458e-02 
 2.47500e+02  1.18517e-02 
 2.48000e+02  1.17719e-02 
 2.48500e+02  1.16756e-02 
 2.49000e+02  1.15869e-02 
 2.49500e+02  1.14984e-02 
 2.50000e+02  1.13897e-02 
 2.50500e+02  1.12746e-02 
 2.51000e+02  1.11551e-02 
 2.51500e+02  1.10356e-02 
 2.52000e+02  1.09255e-02 
 2.52500e+02  1.08139e-02 
 2.53000e+02  1.07114e-02 
 2.53500e+02  1.05972e-02 
 2.54000e+02  1.04765e-02 
 2.54500e+02  1.03582e-02 
 2.55000e+02  1.02332e-02 
 2.55500e+02  1.01007e-02 
 2.56000e+02  9.96699e-03 
 2.56500e+02  9.81053e-03 
 2.57000e+02  9.64823e-03 
 2.57500e+02  9.50499e-03 
 2.58000e+02  9.33080e-03 
 2.58500e+02  9.13519e-03 
 2.59000e+02  8.95502e-03 
 2.59500e+02  8.77435e-03 
 2.60000e+02  8.59000e-03 
 2.60500e+02  8.40152e-03 
 2.61000e+02  8.21922e-03 
 2.61500e+02  8.03360e-03 
 2.62000e+02  7.83686e-03 
 2.62500e+02  7.62996e-03 
 2.63000e+02  7.42137e-03 
 2.63500e+02  7.18534e-03 
 2.64000e+02  6.96293e-03 
 2.64500e+02  6.74458e-03 
 2.65000e+02  6.50462e-03 
 2.65500e+02  6.27698e-03 
 2.66000e+02  6.04232e-03 
 2.66500e+02  5.81468e-03 
 2.67000e+02  5.57934e-03 
 2.67500e+02  5.35068e-03 
 2.68000e+02  5.11413e-03 
 2.68500e+02  4.86786e-03 
 2.69000e+02  4.64015e-03 
 2.69500e+02  4.40541e-03 
 2.70000e+02  4.18408e-03 
 2.70500e+02  3.97144e-03 
 2.71000e+02  3.75913e-03 
 2.71500e+02  3.56358e-03 
 2.72000e+02  3.37579e-03 
 2.72500e+02  3.20506e-03 
 2.73000e+02  3.04096e-03 
 2.73500e+02  2.88494e-03 
 2.74000e+02  2.73841e-03 
 2.74500e+02  2.59985e-03 
 2.75000e+02  2.47493e-03 
 2.75500e+02  2.34450e-03 
 2.76000e+02  2.23738e-03 
 2.76500e+02  2.12957e-03 
 2.77000e+02  2.03923e-03 
 2.77500e+02  1.94217e-03 
 2.78000e+02  1.85915e-03 
 2.78500e+02  1.76663e-03 
 2.79000e+02  1.68510e-03 
 2.79500e+02  1.61533e-03 
 2.80000e+02  1.53900e-03 
 2.80500e+02  1.47496e-03 
 2.81000e+02  1.41552e-03 
 2.81500e+02  1.35685e-03 
 2.82000e+02  1.30161e-03 
 2.82500e+02  1.24845e-03 
 2.83000e+02  1.20154e-03 
 2.83500e+02  1.14988e-03 
 2.84000e+02  1.10798e-03 
 2.84500e+02  1.06401e-03 
 2.85000e+02  1.02578e-03 
 2.85500e+02  9.84539e-04 
 2.86000e+02  9.47427e-04 
 2.86500e+02  9.09426e-04 
 2.87000e+02  8.79759e-04 
 2.87500e+02  8.49798e-04 
 2.88000e+02  8.19654e-04 
 2.88500e+02  7.92827e-04 
 2.89000e+02  7.65051e-04 
 2.89500e+02  7.39119e-04 
 2.90000e+02  7.14492e-04 
 2.90500e+02  6.92919e-04 
 2.91000e+02  6.70330e-04 
 2.91500e+02  6.48118e-04 
 2.92000e+02  6.28540e-04 
 2.92500e+02  6.10576e-04 
 2.93000e+02  5.92874e-04 
 2.93500e+02  5.74782e-04 
 2.94000e+02  5.56272e-04 
 2.94500e+02  5.41198e-04 
 2.95000e+02  5.26848e-04 
 2.95500e+02  5.09854e-04 
 2.96000e+02  4.98859e-04 
 2.96500e+02  4.83767e-04 
 2.97000e+02  4.70078e-04 
 2.97500e+02  4.57557e-04 
 2.98000e+02  4.45398e-04 
 2.98500e+02  4.31546e-04 
 2.99000e+02  4.21974e-04 
 2.99500e+02  4.09535e-04 
 3.00000e+02  3.99641e-04 
 3.00500e+02  3.87581e-04 
 3.01000e+02  3.75119e-04 
 3.01500e+02  3.67033e-04 
 3.02000e+02  3.59733e-04 
 3.02500e+02  3.51238e-04 
 3.03000e+02  3.42166e-04 
 3.03500e+02  3.31378e-04 
 3.04000e+02  3.22351e-04 
 3.04500e+02  3.14887e-04 
 3.05000e+02  3.05695e-04 
 3.05500e+02  2.96150e-04 
 3.06000e+02  2.88407e-04 
 3.06500e+02  2.82374e-04 
 3.07000e+02  2.73178e-04 
 3.07500e+02  2.62678e-04 
 3.08000e+02  2.56843e-04 
 3.08500e+02  2.48757e-04 
 3.09000e+02  2.41194e-04 
 3.09500e+02  2.31336e-04 
 3.10000e+02  2.24026e-04 
 3.10500e+02  2.13736e-04 
 3.11000e+02  2.09037e-04 
 3.11500e+02  2.00492e-04 
 3.12000e+02  1.95232e-04 
 3.12500e+02  1.87337e-04 
 3.13000e+02  1.80152e-04 
 3.13500e+02  1.73598e-04 
 3.14000e+02  1.66006e-04 
 3.14500e+02  1.56048e-04 
 3.15000e+02  1.47042e-04 
 3.15500e+02  1.37411e-04 
 3.16000e+02  1.29749e-04 
 3.16500e+02  1.21466e-04 
 3.17000e+02  1.14003e-04 
 3.17500e+02  1.05406e-04 
 3.18000e+02  9.61312e-05 
 3.18500e+02  8.81640e-05 
 3.19000e+02  7.89096e-05 
 3.19500e+02  6.99408e-05 
