 0.00000e+00  4.03280e-05 
 5.00000e-01  4.81984e-05 
 1.00000e+00  5.62472e-05 
 1.50000e+00  6.35312e-05 
 2.00000e+00  7.29032e-05 
 2.50000e+00  8.15072e-05 
 3.00000e+00  9.04136e-05 
 3.50000e+00  1.01132e-04 
 4.00000e+00  1.10843e-04 
 4.50000e+00  1.21693e-04 
 5.00000e+00  1.31190e-04 
 5.50000e+00  1.43128e-04 
 6.00000e+00  1.51278e-04 
 6.50000e+00  1.63511e-04 
 7.00000e+00  1.74821e-04 
 7.50000e+00  1.83542e-04 
 8.00000e+00  1.94196e-04 
 8.50000e+00  2.03207e-04 
 9.00000e+00  2.13458e-04 
 9.50000e+00  2.25870e-04 
 1.00000e+01  2.33713e-04 
 1.05000e+01  2.45143e-04 
 1.10000e+01  2.54935e-04 
 1.15000e+01  2.62682e-04 
 1.20000e+01  2.71928e-04 
 1.25000e+01  2.81610e-04 
 1.30000e+01  2.90457e-04 
 1.35000e+01  3.01993e-04 
 1.40000e+01  3.10936e-04 
 1.45000e+01  3.21470e-04 
 1.50000e+01  3.29881e-04 
 1.55000e+01  3.38434e-04 
 1.60000e+01  3.49626e-04 
 1.65000e+01  3.59310e-04 
 1.70000e+01  3.68142e-04 
 1.75000e+01  3.78670e-04 
 1.80000e+01  3.86318e-04 
 1.85000e+01  3.97134e-04 
 1.90000e+01  4.06322e-04 
 1.95000e+01  4.18714e-04 
 2.00000e+01  4.31391e-04 
 2.05000e+01  4.41036e-04 
 2.10000e+01  4.52885e-04 
 2.15000e+01  4.66754e-04 
 2.20000e+01  4.81746e-04 
 2.25000e+01  4.91892e-04 
 2.30000e+01  5.06162e-04 
 2.35000e+01  5.21344e-04 
 2.40000e+01  5.38346e-04 
 2.45000e+01  5.54746e-04 
 2.50000e+01  5.70130e-04 
 2.55000e+01  5.86619e-04 
 2.60000e+01  6.02860e-04 
 2.65000e+01  6.22097e-04 
 2.70000e+01  6.42248e-04 
 2.75000e+01  6.61202e-04 
 2.80000e+01  6.79762e-04 
 2.85000e+01  7.03786e-04 
 2.90000e+01  7.28712e-04 
 2.95000e+01  7.52268e-04 
 3.00000e+01  7.80662e-04 
 3.05000e+01  8.04280e-04 
 3.10000e+01  8.33740e-04 
 3.15000e+01  8.65854e-04 
 3.20000e+01  8.97166e-04 
 3.25000e+01  9.36758e-04 
 3.30000e+01  9.74776e-04 
 3.35000e+01  1.01449e-03 
 3.40000e+01  1.05333e-03 
 3.45000e+01  1.09678e-03 
 3.50000e+01  1.14047e-03 
 3.55000e+01  1.19265e-03 
 3.60000e+01  1.24271e-03 
 3.65000e+01  1.29899e-03 
 3.70000e+01  1.35437e-03 
 3.75000e+01  1.41808e-03 
 3.80000e+01  1.47828e-03 
 3.85000e+01  1.54739e-03 
 3.90000e+01  1.61995e-03 
 3.95000e+01  1.69116e-03 
 4.00000e+01  1.77431e-03 
 4.05000e+01  1.85208e-03 
 4.10000e+01  1.94245e-03 
 4.15000e+01  2.03300e-03 
 4.20000e+01  2.13346e-03 
 4.25000e+01  2.23018e-03 
 4.30000e+01  2.33365e-03 
 4.35000e+01  2.44762e-03 
 4.40000e+01  2.56958e-03 
 4.45000e+01  2.70209e-03 
 4.50000e+01  2.83400e-03 
 4.55000e+01  2.97870e-03 
 4.60000e+01  3.14219e-03 
 4.65000e+01  3.30354e-03 
 4.70000e+01  3.48285e-03 
 4.75000e+01  3.66463e-03 
 4.80000e+01  3.86448e-03 
 4.85000e+01  4.06638e-03 
 4.90000e+01  4.29126e-03 
 4.95000e+01  4.51743e-03 
 5.00000e+01  4.74902e-03 
 5.05000e+01  4.99653e-03 
 5.10000e+01  5.24056e-03 
 5.15000e+01  5.49148e-03 
 5.20000e+01  5.74332e-03 
 5.25000e+01  5.98142e-03 
 5.30000e+01  6.22102e-03 
 5.35000e+01  6.46423e-03 
 5.40000e+01  6.70794e-03 
 5.45000e+01  6.94322e-03 
 5.50000e+01  7.18974e-03 
 5.55000e+01  7.40458e-03 
 5.60000e+01  7.62073e-03 
 5.65000e+01  7.82384e-03 
 5.70000e+01  8.02901e-03 
 5.75000e+01  8.22764e-03 
 5.80000e+01  8.40187e-03 
 5.85000e+01  8.58232e-03 
 5.90000e+01  8.76783e-03 
 5.95000e+01  8.94268e-03 
 6.00000e+01  9.11736e-03 
 6.05000e+01  9.28539e-03 
 6.10000e+01  9.44600e-03 
 6.15000e+01  9.59786e-03 
 6.20000e+01  9.75235e-03 
 6.25000e+01  9.89545e-03 
 6.30000e+01  1.00370e-02 
 6.35000e+01  1.01474e-02 
 6.40000e+01  1.02614e-02 
 6.45000e+01  1.03654e-02 
 6.50000e+01  1.04857e-02 
 6.55000e+01  1.05970e-02 
 6.60000e+01  1.07047e-02 
 6.65000e+01  1.08104e-02 
 6.70000e+01  1.09096e-02 
 6.75000e+01  1.10197e-02 
 6.80000e+01  1.11259e-02 
 6.85000e+01  1.12345e-02 
 6.90000e+01  1.13548e-02 
 6.95000e+01  1.14620e-02 
 7.00000e+01  1.15531e-02 
 7.05000e+01  1.16482e-02 
 7.10000e+01  1.17469e-02 
 7.15000e+01  1.18480e-02 
 7.20000e+01  1.19172e-02 
 7.25000e+01  1.20103e-02 
 7.30000e+01  1.20916e-02 
 7.35000e+01  1.21985e-02 
 7.40000e+01  1.23041e-02 
 7.45000e+01  1.23943e-02 
 7.50000e+01  1.24962e-02 
 7.55000e+01  1.25726e-02 
 7.60000e+01  1.26570e-02 
 7.65000e+01  1.27468e-02 
 7.70000e+01  1.28029e-02 
 7.75000e+01  1.28709e-02 
 7.80000e+01  1.29393e-02 
 7.85000e+01  1.30140e-02 
 7.90000e+01  1.31077e-02 
 7.95000e+01  1.31818e-02 
 8.00000e+01  1.32519e-02 
 8.05000e+01  1.33199e-02 
 8.10000e+01  1.34219e-02 
 8.15000e+01  1.34717e-02 
 8.20000e+01  1.35418e-02 
 8.25000e+01  1.35908e-02 
 8.30000e+01  1.36391e-02 
 8.35000e+01  1.37011e-02 
 8.40000e+01  1.37635e-02 
 8.45000e+01  1.38406e-02 
 8.50000e+01  1.39173e-02 
 8.55000e+01  1.39611e-02 
 8.60000e+01  1.39923e-02 
 8.65000e+01  1.40331e-02 
 8.70000e+01  1.40935e-02 
 8.75000e+01  1.41356e-02 
 8.80000e+01  1.42220e-02 
 8.85000e+01  1.42839e-02 
 8.90000e+01  1.43456e-02 
 8.95000e+01  1.43946e-02 
 9.00000e+01  1.44325e-02 
 9.05000e+01  1.44834e-02 
 9.10000e+01  1.45263e-02 
 9.15000e+01  1.45775e-02 
 9.20000e+01  1.46291e-02 
 9.25000e+01  1.46980e-02 
 9.30000e+01  1.47571e-02 
 9.35000e+01  1.48017e-02 
 9.40000e+01  1.48421e-02 
 9.45000e+01  1.48743e-02 
 9.50000e+01  1.49316e-02 
 9.55000e+01  1.49698e-02 
 9.60000e+01  1.50230e-02 
 9.65000e+01  1.50618e-02 
 9.70000e+01  1.51214e-02 
 9.75000e+01  1.51591e-02 
 9.80000e+01  1.51992e-02 
 9.85000e+01  1.52458e-02 
 9.90000e+01  1.52994e-02 
 9.95000e+01  1.53484e-02 
 1.00000e+02  1.53946e-02 
 1.00500e+02  1.54321e-02 
 1.01000e+02  1.54592e-02 
 1.01500e+02  1.54707e-02 
 1.02000e+02  1.54826e-02 
 1.02500e+02  1.55189e-02 
 1.03000e+02  1.55512e-02 
 1.03500e+02  1.55902e-02 
 1.04000e+02  1.56305e-02 
 1.04500e+02  1.56644e-02 
 1.05000e+02  1.56942e-02 
 1.05500e+02  1.57226e-02 
 1.06000e+02  1.57420e-02 
 1.06500e+02  1.57813e-02 
 1.07000e+02  1.58007e-02 
 1.07500e+02  1.58329e-02 
 1.08000e+02  1.58719e-02 
 1.08500e+02  1.58989e-02 
 1.09000e+02  1.59350e-02 
 1.09500e+02  1.59497e-02 
 1.10000e+02  1.59561e-02 
 1.10500e+02  1.59743e-02 
 1.11000e+02  1.60029e-02 
 1.11500e+02  1.60280e-02 
 1.12000e+02  1.60359e-02 
 1.12500e+02  1.60451e-02 
 1.13000e+02  1.60814e-02 
 1.13500e+02  1.60916e-02 
 1.14000e+02  1.61258e-02 
 1.14500e+02  1.61462e-02 
 1.15000e+02  1.61680e-02 
 1.15500e+02  1.61894e-02 
 1.16000e+02  1.62059e-02 
 1.16500e+02  1.62450e-02 
 1.17000e+02  1.62522e-02 
 1.17500e+02  1.62917e-02 
 1.18000e+02  1.62889e-02 
 1.18500e+02  1.62977e-02 
 1.19000e+02  1.63183e-02 
 1.19500e+02  1.63371e-02 
 1.20000e+02  1.63501e-02 
 1.20500e+02  1.63743e-02 
 1.21000e+02  1.64094e-02 
 1.21500e+02  1.64212e-02 
 1.22000e+02  1.64258e-02 
 1.22500e+02  1.64367e-02 
 1.23000e+02  1.64476e-02 
 1.23500e+02  1.64697e-02 
 1.24000e+02  1.64807e-02 
 1.24500e+02  1.65132e-02 
 1.25000e+02  1.65365e-02 
 1.25500e+02  1.65078e-02 
 1.26000e+02  1.65105e-02 
 1.26500e+02  1.65207e-02 
 1.27000e+02  1.65322e-02 
 1.27500e+02  1.65469e-02 
 1.28000e+02  1.65457e-02 
 1.28500e+02  1.65261e-02 
 1.29000e+02  1.65453e-02 
 1.29500e+02  1.65522e-02 
 1.30000e+02  1.65821e-02 
 1.30500e+02  1.66016e-02 
 1.31000e+02  1.66212e-02 
 1.31500e+02  1.66209e-02 
 1.32000e+02  1.66215e-02 
 1.32500e+02  1.66359e-02 
 1.33000e+02  1.66502e-02 
 1.33500e+02  1.66475e-02 
 1.34000e+02  1.66491e-02 
 1.34500e+02  1.66535e-02 
 1.35000e+02  1.66602e-02 
 1.35500e+02  1.66897e-02 
 1.36000e+02  1.67013e-02 
 1.36500e+02  1.66921e-02 
 1.37000e+02  1.67169e-02 
 1.37500e+02  1.67298e-02 
 1.38000e+02  1.67407e-02 
 1.38500e+02  1.67491e-02 
 1.39000e+02  1.67639e-02 
 1.39500e+02  1.67561e-02 
 1.40000e+02  1.67494e-02 
 1.40500e+02  1.67516e-02 
 1.41000e+02  1.67320e-02 
 1.41500e+02  1.67520e-02 
 1.42000e+02  1.67643e-02 
 1.42500e+02  1.67728e-02 
 1.43000e+02  1.67730e-02 
 1.43500e+02  1.68056e-02 
 1.44000e+02  1.68079e-02 
 1.44500e+02  1.67948e-02 
 1.45000e+02  1.67858e-02 
 1.45500e+02  1.67947e-02 
 1.46000e+02  1.68093e-02 
 1.46500e+02  1.68032e-02 
 1.47000e+02  1.67996e-02 
 1.47500e+02  1.68013e-02 
 1.48000e+02  1.68029e-02 
 1.48500e+02  1.68261e-02 
 1.49000e+02  1.68303e-02 
 1.49500e+02  1.68394e-02 
 1.50000e+02  1.68357e-02 
 1.50500e+02  1.68252e-02 
 1.51000e+02  1.68321e-02 
 1.51500e+02  1.68278e-02 
 1.52000e+02  1.68471e-02 
 1.52500e+02  1.68406e-02 
 1.53000e+02  1.68507e-02 
 1.53500e+02  1.68434e-02 
 1.54000e+02  1.68382e-02 
 1.54500e+02  1.68473e-02 
 1.55000e+02  1.68543e-02 
 1.55500e+02  1.68546e-02 
 1.56000e+02  1.68621e-02 
 1.56500e+02  1.68580e-02 
 1.57000e+02  1.68468e-02 
 1.57500e+02  1.68461e-02 
 1.58000e+02  1.68492e-02 
 1.58500e+02  1.68395e-02 
 1.59000e+02  1.68403e-02 
 1.59500e+02  1.68308e-02 
 1.60000e+02  1.68401e-02 
 1.60500e+02  1.68408e-02 
 1.61000e+02  1.68423e-02 
 1.61500e+02  1.68490e-02 
 1.62000e+02  1.68501e-02 
 1.62500e+02  1.68537e-02 
 1.63000e+02  1.68578e-02 
 1.63500e+02  1.68456e-02 
 1.64000e+02  1.68503e-02 
 1.64500e+02  1.68370e-02 
 1.65000e+02  1.68513e-02 
 1.65500e+02  1.68440e-02 
 1.66000e+02  1.68608e-02 
 1.66500e+02  1.68459e-02 
 1.67000e+02  1.68488e-02 
 1.67500e+02  1.68391e-02 
 1.68000e+02  1.68369e-02 
 1.68500e+02  1.68345e-02 
 1.69000e+02  1.68323e-02 
 1.69500e+02  1.68337e-02 
 1.70000e+02  1.68050e-02 
 1.70500e+02  1.68186e-02 
 1.71000e+02  1.68288e-02 
 1.71500e+02  1.68145e-02 
 1.72000e+02  1.68140e-02 
 1.72500e+02  1.68144e-02 
 1.73000e+02  1.67970e-02 
 1.73500e+02  1.67987e-02 
 1.74000e+02  1.67871e-02 
 1.74500e+02  1.67719e-02 
 1.75000e+02  1.67582e-02 
 1.75500e+02  1.67430e-02 
 1.76000e+02  1.67374e-02 
 1.76500e+02  1.67544e-02 
 1.77000e+02  1.67513e-02 
 1.77500e+02  1.67554e-02 
 1.78000e+02  1.67409e-02 
 1.78500e+02  1.67413e-02 
 1.79000e+02  1.67257e-02 
 1.79500e+02  1.67109e-02 
 1.80000e+02  1.66850e-02 
 1.80500e+02  1.66781e-02 
 1.81000e+02  1.66518e-02 
 1.81500e+02  1.66674e-02 
 1.82000e+02  1.66557e-02 
 1.82500e+02  1.66531e-02 
 1.83000e+02  1.66515e-02 
 1.83500e+02  1.66579e-02 
 1.84000e+02  1.66454e-02 
 1.84500e+02  1.66442e-02 
 1.85000e+02  1.66213e-02 
 1.85500e+02  1.65967e-02 
 1.86000e+02  1.65956e-02 
 1.86500e+02  1.65736e-02 
 1.87000e+02  1.65780e-02 
 1.87500e+02  1.65602e-02 
 1.88000e+02  1.65591e-02 
 1.88500e+02  1.65448e-02 
 1.89000e+02  1.65317e-02 
 1.89500e+02  1.65429e-02 
 1.90000e+02  1.65365e-02 
 1.90500e+02  1.65211e-02 
 1.91000e+02  1.65062e-02 
 1.91500e+02  1.64986e-02 
 1.92000e+02  1.64747e-02 
 1.92500e+02  1.64628e-02 
 1.93000e+02  1.64642e-02 
 1.93500e+02  1.64413e-02 
 1.94000e+02  1.64068e-02 
 1.94500e+02  1.64101e-02 
 1.95000e+02  1.64194e-02 
 1.95500e+02  1.64020e-02 
 1.96000e+02  1.63959e-02 
 1.96500e+02  1.63595e-02 
 1.97000e+02  1.63570e-02 
 1.97500e+02  1.63488e-02 
 1.98000e+02  1.63281e-02 
 1.98500e+02  1.62986e-02 
 1.99000e+02  1.62866e-02 
 1.99500e+02  1.62622e-02 
 2.00000e+02  1.62308e-02 
 2.00500e+02  1.62234e-02 
 2.01000e+02  1.62131e-02 
 2.01500e+02  1.61745e-02 
 2.02000e+02  1.61739e-02 
 2.02500e+02  1.61578e-02 
 2.03000e+02  1.61478e-02 
 2.03500e+02  1.61131e-02 
 2.04000e+02  1.61038e-02 
 2.04500e+02  1.60861e-02 
 2.05000e+02  1.60624e-02 
 2.05500e+02  1.60305e-02 
 2.06000e+02  1.60291e-02 
 2.06500e+02  1.59922e-02 
 2.07000e+02  1.59910e-02 
 2.07500e+02  1.59567e-02 
 2.08000e+02  1.59596e-02 
 2.08500e+02  1.59291e-02 
 2.09000e+02  1.59133e-02 
 2.09500e+02  1.58847e-02 
 2.10000e+02  1.58646e-02 
 2.10500e+02  1.58336e-02 
 2.11000e+02  1.57969e-02 
 2.11500e+02  1.57687e-02 
 2.12000e+02  1.57610e-02 
 2.12500e+02  1.57380e-02 
 2.13000e+02  1.57149e-02 
 2.13500e+02  1.56543e-02 
 2.14000e+02  1.56099e-02 
 2.14500e+02  1.56005e-02 
 2.15000e+02  1.55682e-02 
 2.15500e+02  1.55253e-02 
 2.16000e+02  1.54856e-02 
 2.16500e+02  1.54417e-02 
 2.17000e+02  1.54110e-02 
 2.17500e+02  1.53809e-02 
 2.18000e+02  1.53655e-02 
 2.18500e+02  1.53531e-02 
 2.19000e+02  1.53264e-02 
 2.19500e+02  1.52916e-02 
 2.20000e+02  1.52332e-02 
 2.20500e+02  1.52070e-02 
 2.21000e+02  1.51586e-02 
 2.21500e+02  1.51157e-02 
 2.22000e+02  1.50881e-02 
 2.22500e+02  1.50526e-02 
 2.23000e+02  1.49988e-02 
 2.23500e+02  1.49697e-02 
 2.24000e+02  1.49056e-02 
 2.24500e+02  1.48455e-02 
 2.25000e+02  1.48075e-02 
 2.25500e+02  1.47561e-02 
 2.26000e+02  1.46949e-02 
 2.26500e+02  1.46375e-02 
 2.27000e+02  1.45820e-02 
 2.27500e+02  1.45505e-02 
 2.28000e+02  1.44987e-02 
 2.28500e+02  1.44415e-02 
 2.29000e+02  1.43867e-02 
 2.29500e+02  1.43284e-02 
 2.30000e+02  1.42688e-02 
 2.30500e+02  1.42247e-02 
 2.31000e+02  1.41602e-02 
 2.31500e+02  1.41195e-02 
 2.32000e+02  1.40477e-02 
 2.32500e+02  1.39859e-02 
 2.33000e+02  1.39418e-02 
 2.33500e+02  1.38714e-02 
 2.34000e+02  1.37770e-02 
 2.34500e+02  1.37109e-02 
 2.35000e+02  1.36416e-02 
 2.35500e+02  1.35800e-02 
 2.36000e+02  1.35257e-02 
 2.36500e+02  1.34763e-02 
 2.37000e+02  1.34121e-02 
 2.37500e+02  1.33144e-02 
 2.38000e+02  1.32435e-02 
 2.38500e+02  1.31869e-02 
 2.39000e+02  1.31147e-02 
 2.39500e+02  1.30266e-02 
 2.40000e+02  1.29583e-02 
 2.40500e+02  1.28731e-02 
 2.41000e+02  1.27675e-02 
 2.41500e+02  1.26857e-02 
 2.42000e+02  1.26124e-02 
 2.42500e+02  1.25301e-02 
 2.43000e+02  1.24456e-02 
 2.43500e+02  1.23685e-02 
 2.44000e+02  1.23087e-02 
 2.44500e+02  1.22320e-02 
 2.45000e+02  1.21468e-02 
 2.45500e+02  1.20567e-02 
 2.46000e+02  1.19743e-02 
 2.46500e+02  1.18743e-02 
 2.47000e+02  1.17973e-02 
 2.47500e+02  1.17386e-02 
 2.48000e+02  1.16268e-02 
 2.48500e+02  1.15433e-02 
 2.49000e+02  1.14502e-02 
 2.49500e+02  1.13326e-02 
 2.50000e+02  1.12268e-02 
 2.50500e+02  1.10979e-02 
 2.51000e+02  1.09805e-02 
 2.51500e+02  1.08630e-02 
 2.52000e+02  1.07415e-02 
 2.52500e+02  1.06194e-02 
 2.53000e+02  1.05051e-02 
 2.53500e+02  1.03953e-02 
 2.54000e+02  1.02865e-02 
 2.54500e+02  1.01632e-02 
 2.55000e+02  1.00656e-02 
 2.55500e+02  9.95318e-03 
 2.56000e+02  9.82301e-03 
 2.56500e+02  9.68186e-03 
 2.57000e+02  9.53503e-03 
 2.57500e+02  9.39045e-03 
 2.58000e+02  9.25268e-03 
 2.58500e+02  9.08142e-03 
 2.59000e+02  8.93037e-03 
 2.59500e+02  8.76903e-03 
 2.60000e+02  8.60983e-03 
 2.60500e+02  8.42632e-03 
 2.61000e+02  8.22105e-03 
 2.61500e+02  8.01845e-03 
 2.62000e+02  7.81905e-03 
 2.62500e+02  7.62186e-03 
 2.63000e+02  7.40384e-03 
 2.63500e+02  7.18176e-03 
 2.64000e+02  6.97095e-03 
 2.64500e+02  6.75253e-03 
 2.65000e+02  6.51504e-03 
 2.65500e+02  6.27573e-03 
 2.66000e+02  6.05378e-03 
 2.66500e+02  5.81502e-03 
 2.67000e+02  5.57673e-03 
 2.67500e+02  5.33133e-03 
 2.68000e+02  5.09010e-03 
 2.68500e+02  4.86129e-03 
 2.69000e+02  4.62601e-03 
 2.69500e+02  4.40301e-03 
 2.70000e+02  4.17660e-03 
 2.70500e+02  3.96361e-03 
 2.71000e+02  3.75809e-03 
 2.71500e+02  3.55450e-03 
 2.72000e+02  3.37079e-03 
 2.72500e+02  3.19298e-03 
 2.73000e+02  3.02190e-03 
 2.73500e+02  2.87308e-03 
 2.74000e+02  2.73690e-03 
 2.74500e+02  2.59340e-03 
 2.75000e+02  2.46372e-03 
 2.75500e+02  2.34710e-03 
 2.76000e+02  2.23782e-03 
 2.76500e+02  2.13303e-03 
 2.77000e+02  2.03058e-03 
 2.77500e+02  1.93280e-03 
 2.78000e+02  1.84781e-03 
 2.78500e+02  1.76497e-03 
 2.79000e+02  1.69257e-03 
 2.79500e+02  1.61733e-03 
 2.80000e+02  1.54887e-03 
 2.80500e+02  1.47577e-03 
 2.81000e+02  1.41373e-03 
 2.81500e+02  1.35378e-03 
 2.82000e+02  1.30089e-03 
 2.82500e+02  1.24705e-03 
 2.83000e+02  1.19874e-03 
 2.83500e+02  1.15181e-03 
 2.84000e+02  1.10215e-03 
 2.84500e+02  1.06388e-03 
 2.85000e+02  1.02232e-03 
 2.85500e+02  9.82247e-04 
 2.86000e+02  9.48165e-04 
 2.86500e+02  9.11208e-04 
 2.87000e+02  8.77185e-04 
 2.87500e+02  8.44602e-04 
 2.88000e+02  8.18017e-04 
 2.88500e+02  7.88806e-04 
 2.89000e+02  7.58919e-04 
 2.89500e+02  7.34823e-04 
 2.90000e+02  7.05118e-04 
 2.90500e+02  6.81690e-04 
 2.91000e+02  6.62558e-04 
 2.91500e+02  6.43779e-04 
 2.92000e+02  6.23875e-04 
 2.92500e+02  6.05484e-04 
 2.93000e+02  5.85566e-04 
 2.93500e+02  5.69983e-04 
 2.94000e+02  5.52202e-04 
 2.94500e+02  5.36480e-04 
 2.95000e+02  5.21428e-04 
 2.95500e+02  5.06703e-04 
 2.96000e+02  4.94177e-04 
 2.96500e+02  4.80219e-04 
 2.97000e+02  4.68095e-04 
 2.97500e+02  4.55309e-04 
 2.98000e+02  4.46099e-04 
 2.98500e+02  4.33855e-04 
 2.99000e+02  4.21794e-04 
 2.99500e+02  4.10260e-04 
 3.00000e+02  3.98573e-04 
 3.00500e+02  3.86827e-04 
 3.01000e+02  3.77258e-04 
 3.01500e+02  3.67462e-04 
 3.02000e+02  3.58705e-04 
 3.02500e+02  3.49207e-04 
 3.03000e+02  3.39851e-04 
 3.03500e+02  3.32668e-04 
 3.04000e+02  3.22438e-04 
 3.04500e+02  3.14053e-04 
 3.05000e+02  3.04067e-04 
 3.05500e+02  2.93542e-04 
 3.06000e+02  2.85450e-04 
 3.06500e+02  2.79374e-04 
 3.07000e+02  2.70942e-04 
 3.07500e+02  2.63578e-04 
 3.08000e+02  2.55779e-04 
 3.08500e+02  2.46739e-04 
 3.09000e+02  2.39390e-04 
 3.09500e+02  2.31441e-04 
 3.10000e+02  2.25083e-04 
 3.10500e+02  2.17151e-04 
 3.11000e+02  2.10180e-04 
 3.11500e+02  2.02772e-04 
 3.12000e+02  1.94614e-04 
 3.12500e+02  1.87026e-04 
 3.13000e+02  1.79665e-04 
 3.13500e+02  1.72030e-04 
 3.14000e+02  1.63138e-04 
 3.14500e+02  1.56240e-04 
 3.15000e+02  1.48988e-04 
 3.15500e+02  1.40340e-04 
 3.16000e+02  1.32090e-04 
 3.16500e+02  1.24575e-04 
 3.17000e+02  1.15306e-04 
 3.17500e+02  1.08638e-04 
 3.18000e+02  1.01076e-04 
 3.18500e+02  9.11288e-05 
 3.19000e+02  8.11128e-05 
 3.19500e+02  7.14840e-05 
