 0.00000e+00  4.38576e-05 
 5.00000e-01  5.18200e-05 
 1.00000e+00  6.09256e-05 
 1.50000e+00  6.99792e-05 
 2.00000e+00  7.93064e-05 
 2.50000e+00  8.75736e-05 
 3.00000e+00  9.93672e-05 
 3.50000e+00  1.08644e-04 
 4.00000e+00  1.20832e-04 
 4.50000e+00  1.30436e-04 
 5.00000e+00  1.39240e-04 
 5.50000e+00  1.49194e-04 
 6.00000e+00  1.58784e-04 
 6.50000e+00  1.68990e-04 
 7.00000e+00  1.80470e-04 
 7.50000e+00  1.90694e-04 
 8.00000e+00  2.00720e-04 
 8.50000e+00  2.09430e-04 
 9.00000e+00  2.17950e-04 
 9.50000e+00  2.27267e-04 
 1.00000e+01  2.39597e-04 
 1.05000e+01  2.48558e-04 
 1.10000e+01  2.56558e-04 
 1.15000e+01  2.65990e-04 
 1.20000e+01  2.73874e-04 
 1.25000e+01  2.83739e-04 
 1.30000e+01  2.92563e-04 
 1.35000e+01  2.99989e-04 
 1.40000e+01  3.10322e-04 
 1.45000e+01  3.21324e-04 
 1.50000e+01  3.30111e-04 
 1.55000e+01  3.37870e-04 
 1.60000e+01  3.49222e-04 
 1.65000e+01  3.55587e-04 
 1.70000e+01  3.65653e-04 
 1.75000e+01  3.76049e-04 
 1.80000e+01  3.89705e-04 
 1.85000e+01  3.98079e-04 
 1.90000e+01  4.06946e-04 
 1.95000e+01  4.18906e-04 
 2.00000e+01  4.30277e-04 
 2.05000e+01  4.42638e-04 
 2.10000e+01  4.54758e-04 
 2.15000e+01  4.69242e-04 
 2.20000e+01  4.79557e-04 
 2.25000e+01  4.92292e-04 
 2.30000e+01  5.04705e-04 
 2.35000e+01  5.17512e-04 
 2.40000e+01  5.35451e-04 
 2.45000e+01  5.50765e-04 
 2.50000e+01  5.66235e-04 
 2.55000e+01  5.83566e-04 
 2.60000e+01  6.00254e-04 
 2.65000e+01  6.22248e-04 
 2.70000e+01  6.40058e-04 
 2.75000e+01  6.59189e-04 
 2.80000e+01  6.80258e-04 
 2.85000e+01  7.01393e-04 
 2.90000e+01  7.26080e-04 
 2.95000e+01  7.51398e-04 
 3.00000e+01  7.76698e-04 
 3.05000e+01  8.06413e-04 
 3.10000e+01  8.35466e-04 
 3.15000e+01  8.63492e-04 
 3.20000e+01  9.00075e-04 
 3.25000e+01  9.33866e-04 
 3.30000e+01  9.70752e-04 
 3.35000e+01  1.01022e-03 
 3.40000e+01  1.05058e-03 
 3.45000e+01  1.09963e-03 
 3.50000e+01  1.14225e-03 
 3.55000e+01  1.19109e-03 
 3.60000e+01  1.24286e-03 
 3.65000e+01  1.29982e-03 
 3.70000e+01  1.35988e-03 
 3.75000e+01  1.42046e-03 
 3.80000e+01  1.48886e-03 
 3.85000e+01  1.55216e-03 
 3.90000e+01  1.62008e-03 
 3.95000e+01  1.69249e-03 
 4.00000e+01  1.76602e-03 
 4.05000e+01  1.85009e-03 
 4.10000e+01  1.93635e-03 
 4.15000e+01  2.02889e-03 
 4.20000e+01  2.12051e-03 
 4.25000e+01  2.22306e-03 
 4.30000e+01  2.33869e-03 
 4.35000e+01  2.45028e-03 
 4.40000e+01  2.57050e-03 
 4.45000e+01  2.70547e-03 
 4.50000e+01  2.83356e-03 
 4.55000e+01  2.97494e-03 
 4.60000e+01  3.12841e-03 
 4.65000e+01  3.28970e-03 
 4.70000e+01  3.46320e-03 
 4.75000e+01  3.64869e-03 
 4.80000e+01  3.84887e-03 
 4.85000e+01  4.05182e-03 
 4.90000e+01  4.26561e-03 
 4.95000e+01  4.48924e-03 
 5.00000e+01  4.72032e-03 
 5.05000e+01  4.96430e-03 
 5.10000e+01  5.20446e-03 
 5.15000e+01  5.43308e-03 
 5.20000e+01  5.68276e-03 
 5.25000e+01  5.92343e-03 
 5.30000e+01  6.15932e-03 
 5.35000e+01  6.40499e-03 
 5.40000e+01  6.64595e-03 
 5.45000e+01  6.86659e-03 
 5.50000e+01  7.08165e-03 
 5.55000e+01  7.29725e-03 
 5.60000e+01  7.51528e-03 
 5.65000e+01  7.73250e-03 
 5.70000e+01  7.93509e-03 
 5.75000e+01  8.12342e-03 
 5.80000e+01  8.32264e-03 
 5.85000e+01  8.50721e-03 
 5.90000e+01  8.67288e-03 
 5.95000e+01  8.85443e-03 
 6.00000e+01  9.02106e-03 
 6.05000e+01  9.17575e-03 
 6.10000e+01  9.31950e-03 
 6.15000e+01  9.46561e-03 
 6.20000e+01  9.59640e-03 
 6.25000e+01  9.74753e-03 
 6.30000e+01  9.88284e-03 
 6.35000e+01  9.99623e-03 
 6.40000e+01  1.01137e-02 
 6.45000e+01  1.02285e-02 
 6.50000e+01  1.03346e-02 
 6.55000e+01  1.04450e-02 
 6.60000e+01  1.05467e-02 
 6.65000e+01  1.06504e-02 
 6.70000e+01  1.07668e-02 
 6.75000e+01  1.08699e-02 
 6.80000e+01  1.09868e-02 
 6.85000e+01  1.11069e-02 
 6.90000e+01  1.12099e-02 
 6.95000e+01  1.13063e-02 
 7.00000e+01  1.14135e-02 
 7.05000e+01  1.15225e-02 
 7.10000e+01  1.15943e-02 
 7.15000e+01  1.16884e-02 
 7.20000e+01  1.17785e-02 
 7.25000e+01  1.18638e-02 
 7.30000e+01  1.19545e-02 
 7.35000e+01  1.20657e-02 
 7.40000e+01  1.21721e-02 
 7.45000e+01  1.22978e-02 
 7.50000e+01  1.23960e-02 
 7.55000e+01  1.24936e-02 
 7.60000e+01  1.25822e-02 
 7.65000e+01  1.26650e-02 
 7.70000e+01  1.27545e-02 
 7.75000e+01  1.28376e-02 
 7.80000e+01  1.29060e-02 
 7.85000e+01  1.29458e-02 
 7.90000e+01  1.30064e-02 
 7.95000e+01  1.30923e-02 
 8.00000e+01  1.31493e-02 
 8.05000e+01  1.32278e-02 
 8.10000e+01  1.32855e-02 
 8.15000e+01  1.33669e-02 
 8.20000e+01  1.34289e-02 
 8.25000e+01  1.34699e-02 
 8.30000e+01  1.35308e-02 
 8.35000e+01  1.35985e-02 
 8.40000e+01  1.36607e-02 
 8.45000e+01  1.37351e-02 
 8.50000e+01  1.38088e-02 
 8.55000e+01  1.38652e-02 
 8.60000e+01  1.39231e-02 
 8.65000e+01  1.39748e-02 
 8.70000e+01  1.40199e-02 
 8.75000e+01  1.40788e-02 
 8.80000e+01  1.41313e-02 
 8.85000e+01  1.41846e-02 
 8.90000e+01  1.42489e-02 
 8.95000e+01  1.42850e-02 
 9.00000e+01  1.43554e-02 
 9.05000e+01  1.43997e-02 
 9.10000e+01  1.44397e-02 
 9.15000e+01  1.44857e-02 
 9.20000e+01  1.45521e-02 
 9.25000e+01  1.46166e-02 
 9.30000e+01  1.46629e-02 
 9.35000e+01  1.47109e-02 
 9.40000e+01  1.47546e-02 
 9.45000e+01  1.48220e-02 
 9.50000e+01  1.48619e-02 
 9.55000e+01  1.48976e-02 
 9.60000e+01  1.49154e-02 
 9.65000e+01  1.49605e-02 
 9.70000e+01  1.49861e-02 
 9.75000e+01  1.50248e-02 
 9.80000e+01  1.50831e-02 
 9.85000e+01  1.51139e-02 
 9.90000e+01  1.51525e-02 
 9.95000e+01  1.51796e-02 
 1.00000e+02  1.52181e-02 
 1.00500e+02  1.52710e-02 
 1.01000e+02  1.53028e-02 
 1.01500e+02  1.53393e-02 
 1.02000e+02  1.53741e-02 
 1.02500e+02  1.54241e-02 
 1.03000e+02  1.54707e-02 
 1.03500e+02  1.54906e-02 
 1.04000e+02  1.55060e-02 
 1.04500e+02  1.55324e-02 
 1.05000e+02  1.55644e-02 
 1.05500e+02  1.55872e-02 
 1.06000e+02  1.56251e-02 
 1.06500e+02  1.56429e-02 
 1.07000e+02  1.56768e-02 
 1.07500e+02  1.57115e-02 
 1.08000e+02  1.57547e-02 
 1.08500e+02  1.57892e-02 
 1.09000e+02  1.58157e-02 
 1.09500e+02  1.58283e-02 
 1.10000e+02  1.58725e-02 
 1.10500e+02  1.58992e-02 
 1.11000e+02  1.59059e-02 
 1.11500e+02  1.59259e-02 
 1.12000e+02  1.59505e-02 
 1.12500e+02  1.59709e-02 
 1.13000e+02  1.60108e-02 
 1.13500e+02  1.60077e-02 
 1.14000e+02  1.60304e-02 
 1.14500e+02  1.60511e-02 
 1.15000e+02  1.60859e-02 
 1.15500e+02  1.61181e-02 
 1.16000e+02  1.61415e-02 
 1.16500e+02  1.61330e-02 
 1.17000e+02  1.61441e-02 
 1.17500e+02  1.61753e-02 
 1.18000e+02  1.61985e-02 
 1.18500e+02  1.62150e-02 
 1.19000e+02  1.62466e-02 
 1.19500e+02  1.62619e-02 
 1.20000e+02  1.62923e-02 
 1.20500e+02  1.63038e-02 
 1.21000e+02  1.63245e-02 
 1.21500e+02  1.63364e-02 
 1.22000e+02  1.63440e-02 
 1.22500e+02  1.63733e-02 
 1.23000e+02  1.63876e-02 
 1.23500e+02  1.64143e-02 
 1.24000e+02  1.64120e-02 
 1.24500e+02  1.64035e-02 
 1.25000e+02  1.64393e-02 
 1.25500e+02  1.64205e-02 
 1.26000e+02  1.64387e-02 
 1.26500e+02  1.64607e-02 
 1.27000e+02  1.64664e-02 
 1.27500e+02  1.64773e-02 
 1.28000e+02  1.64828e-02 
 1.28500e+02  1.65028e-02 
 1.29000e+02  1.65371e-02 
 1.29500e+02  1.65603e-02 
 1.30000e+02  1.65673e-02 
 1.30500e+02  1.65679e-02 
 1.31000e+02  1.66030e-02 
 1.31500e+02  1.66095e-02 
 1.32000e+02  1.66286e-02 
 1.32500e+02  1.66351e-02 
 1.33000e+02  1.66375e-02 
 1.33500e+02  1.66473e-02 
 1.34000e+02  1.66776e-02 
 1.34500e+02  1.66801e-02 
 1.35000e+02  1.66915e-02 
 1.35500e+02  1.66890e-02 
 1.36000e+02  1.66845e-02 
 1.36500e+02  1.66991e-02 
 1.37000e+02  1.66911e-02 
 1.37500e+02  1.66943e-02 
 1.38000e+02  1.67082e-02 
 1.38500e+02  1.67334e-02 
 1.39000e+02  1.67310e-02 
 1.39500e+02  1.67334e-02 
 1.40000e+02  1.67461e-02 
 1.40500e+02  1.67446e-02 
 1.41000e+02  1.67401e-02 
 1.41500e+02  1.67456e-02 
 1.42000e+02  1.67434e-02 
 1.42500e+02  1.67534e-02 
 1.43000e+02  1.67653e-02 
 1.43500e+02  1.67590e-02 
 1.44000e+02  1.67703e-02 
 1.44500e+02  1.67855e-02 
 1.45000e+02  1.67936e-02 
 1.45500e+02  1.67913e-02 
 1.46000e+02  1.67929e-02 
 1.46500e+02  1.67971e-02 
 1.47000e+02  1.67993e-02 
 1.47500e+02  1.68267e-02 
 1.48000e+02  1.68398e-02 
 1.48500e+02  1.68392e-02 
 1.49000e+02  1.68493e-02 
 1.49500e+02  1.68518e-02 
 1.50000e+02  1.68421e-02 
 1.50500e+02  1.68450e-02 
 1.51000e+02  1.68509e-02 
 1.51500e+02  1.68544e-02 
 1.52000e+02  1.68478e-02 
 1.52500e+02  1.68647e-02 
 1.53000e+02  1.68635e-02 
 1.53500e+02  1.68825e-02 
 1.54000e+02  1.68478e-02 
 1.54500e+02  1.68563e-02 
 1.55000e+02  1.68396e-02 
 1.55500e+02  1.68283e-02 
 1.56000e+02  1.68506e-02 
 1.56500e+02  1.68551e-02 
 1.57000e+02  1.68327e-02 
 1.57500e+02  1.68408e-02 
 1.58000e+02  1.68279e-02 
 1.58500e+02  1.68209e-02 
 1.59000e+02  1.68262e-02 
 1.59500e+02  1.68117e-02 
 1.60000e+02  1.68243e-02 
 1.60500e+02  1.68277e-02 
 1.61000e+02  1.68376e-02 
 1.61500e+02  1.68380e-02 
 1.62000e+02  1.68669e-02 
 1.62500e+02  1.68564e-02 
 1.63000e+02  1.68727e-02 
 1.63500e+02  1.68657e-02 
 1.64000e+02  1.68676e-02 
 1.64500e+02  1.68644e-02 
 1.65000e+02  1.68651e-02 
 1.65500e+02  1.68596e-02 
 1.66000e+02  1.68540e-02 
 1.66500e+02  1.68606e-02 
 1.67000e+02  1.68495e-02 
 1.67500e+02  1.68253e-02 
 1.68000e+02  1.68328e-02 
 1.68500e+02  1.68233e-02 
 1.69000e+02  1.68005e-02 
 1.69500e+02  1.68147e-02 
 1.70000e+02  1.68149e-02 
 1.70500e+02  1.68372e-02 
 1.71000e+02  1.68162e-02 
 1.71500e+02  1.68033e-02 
 1.72000e+02  1.68010e-02 
 1.72500e+02  1.67962e-02 
 1.73000e+02  1.67919e-02 
 1.73500e+02  1.68004e-02 
 1.74000e+02  1.68068e-02 
 1.74500e+02  1.68204e-02 
 1.75000e+02  1.68096e-02 
 1.75500e+02  1.67853e-02 
 1.76000e+02  1.67814e-02 
 1.76500e+02  1.67748e-02 
 1.77000e+02  1.67771e-02 
 1.77500e+02  1.67842e-02 
 1.78000e+02  1.67679e-02 
 1.78500e+02  1.67705e-02 
 1.79000e+02  1.67417e-02 
 1.79500e+02  1.67286e-02 
 1.80000e+02  1.67343e-02 
 1.80500e+02  1.67281e-02 
 1.81000e+02  1.67434e-02 
 1.81500e+02  1.67442e-02 
 1.82000e+02  1.67071e-02 
 1.82500e+02  1.67173e-02 
 1.83000e+02  1.66973e-02 
 1.83500e+02  1.66886e-02 
 1.84000e+02  1.66814e-02 
 1.84500e+02  1.66565e-02 
 1.85000e+02  1.66502e-02 
 1.85500e+02  1.66363e-02 
 1.86000e+02  1.66224e-02 
 1.86500e+02  1.66026e-02 
 1.87000e+02  1.66053e-02 
 1.87500e+02  1.66008e-02 
 1.88000e+02  1.65944e-02 
 1.88500e+02  1.65863e-02 
 1.89000e+02  1.65769e-02 
 1.89500e+02  1.65647e-02 
 1.90000e+02  1.65390e-02 
 1.90500e+02  1.65358e-02 
 1.91000e+02  1.65119e-02 
 1.91500e+02  1.64920e-02 
 1.92000e+02  1.64826e-02 
 1.92500e+02  1.64638e-02 
 1.93000e+02  1.64642e-02 
 1.93500e+02  1.64585e-02 
 1.94000e+02  1.64628e-02 
 1.94500e+02  1.64541e-02 
 1.95000e+02  1.64577e-02 
 1.95500e+02  1.64296e-02 
 1.96000e+02  1.64095e-02 
 1.96500e+02  1.64130e-02 
 1.97000e+02  1.64036e-02 
 1.97500e+02  1.63890e-02 
 1.98000e+02  1.63801e-02 
 1.98500e+02  1.63715e-02 
 1.99000e+02  1.63518e-02 
 1.99500e+02  1.63327e-02 
 2.00000e+02  1.63170e-02 
 2.00500e+02  1.62929e-02 
 2.01000e+02  1.62900e-02 
 2.01500e+02  1.62563e-02 
 2.02000e+02  1.62216e-02 
 2.02500e+02  1.61946e-02 
 2.03000e+02  1.61542e-02 
 2.03500e+02  1.61415e-02 
 2.04000e+02  1.61236e-02 
 2.04500e+02  1.61190e-02 
 2.05000e+02  1.60994e-02 
 2.05500e+02  1.60888e-02 
 2.06000e+02  1.60487e-02 
 2.06500e+02  1.60325e-02 
 2.07000e+02  1.60096e-02 
 2.07500e+02  1.59835e-02 
 2.08000e+02  1.59789e-02 
 2.08500e+02  1.59642e-02 
 2.09000e+02  1.59519e-02 
 2.09500e+02  1.59192e-02 
 2.10000e+02  1.59044e-02 
 2.10500e+02  1.58745e-02 
 2.11000e+02  1.58439e-02 
 2.11500e+02  1.58076e-02 
 2.12000e+02  1.57887e-02 
 2.12500e+02  1.57655e-02 
 2.13000e+02  1.57422e-02 
 2.13500e+02  1.57138e-02 
 2.14000e+02  1.56870e-02 
 2.14500e+02  1.56496e-02 
 2.15000e+02  1.56318e-02 
 2.15500e+02  1.55947e-02 
 2.16000e+02  1.55539e-02 
 2.16500e+02  1.55274e-02 
 2.17000e+02  1.54925e-02 
 2.17500e+02  1.54666e-02 
 2.18000e+02  1.54473e-02 
 2.18500e+02  1.54142e-02 
 2.19000e+02  1.53793e-02 
 2.19500e+02  1.53492e-02 
 2.20000e+02  1.53116e-02 
 2.20500e+02  1.52583e-02 
 2.21000e+02  1.52322e-02 
 2.21500e+02  1.51788e-02 
 2.22000e+02  1.51561e-02 
 2.22500e+02  1.51015e-02 
 2.23000e+02  1.50494e-02 
 2.23500e+02  1.49894e-02 
 2.24000e+02  1.49506e-02 
 2.24500e+02  1.49157e-02 
 2.25000e+02  1.49003e-02 
 2.25500e+02  1.48560e-02 
 2.26000e+02  1.48035e-02 
 2.26500e+02  1.47641e-02 
 2.27000e+02  1.47174e-02 
 2.27500e+02  1.46498e-02 
 2.28000e+02  1.46020e-02 
 2.28500e+02  1.45262e-02 
 2.29000e+02  1.44540e-02 
 2.29500e+02  1.43974e-02 
 2.30000e+02  1.43483e-02 
 2.30500e+02  1.42850e-02 
 2.31000e+02  1.42477e-02 
 2.31500e+02  1.42023e-02 
 2.32000e+02  1.41433e-02 
 2.32500e+02  1.40905e-02 
 2.33000e+02  1.40274e-02 
 2.33500e+02  1.39818e-02 
 2.34000e+02  1.39249e-02 
 2.34500e+02  1.38720e-02 
 2.35000e+02  1.37892e-02 
 2.35500e+02  1.37181e-02 
 2.36000e+02  1.36332e-02 
 2.36500e+02  1.35780e-02 
 2.37000e+02  1.35150e-02 
 2.37500e+02  1.34674e-02 
 2.38000e+02  1.34115e-02 
 2.38500e+02  1.33563e-02 
 2.39000e+02  1.32926e-02 
 2.39500e+02  1.32255e-02 
 2.40000e+02  1.31572e-02 
 2.40500e+02  1.30921e-02 
 2.41000e+02  1.30305e-02 
 2.41500e+02  1.29338e-02 
 2.42000e+02  1.28571e-02 
 2.42500e+02  1.27810e-02 
 2.43000e+02  1.26970e-02 
 2.43500e+02  1.25995e-02 
 2.44000e+02  1.25147e-02 
 2.44500e+02  1.24319e-02 
 2.45000e+02  1.23516e-02 
 2.45500e+02  1.22742e-02 
 2.46000e+02  1.21931e-02 
 2.46500e+02  1.21066e-02 
 2.47000e+02  1.20105e-02 
 2.47500e+02  1.19279e-02 
 2.48000e+02  1.18490e-02 
 2.48500e+02  1.17609e-02 
 2.49000e+02  1.16464e-02 
 2.49500e+02  1.15376e-02 
 2.50000e+02  1.14287e-02 
 2.50500e+02  1.13108e-02 
 2.51000e+02  1.11921e-02 
 2.51500e+02  1.10739e-02 
 2.52000e+02  1.09485e-02 
 2.52500e+02  1.08100e-02 
 2.53000e+02  1.06845e-02 
 2.53500e+02  1.05662e-02 
 2.54000e+02  1.04415e-02 
 2.54500e+02  1.03201e-02 
 2.55000e+02  1.01912e-02 
 2.55500e+02  1.00629e-02 
 2.56000e+02  9.93316e-03 
 2.56500e+02  9.77705e-03 
 2.57000e+02  9.61583e-03 
 2.57500e+02  9.46893e-03 
 2.58000e+02  9.31408e-03 
 2.58500e+02  9.13478e-03 
 2.59000e+02  8.98781e-03 
 2.59500e+02  8.82479e-03 
 2.60000e+02  8.65052e-03 
 2.60500e+02  8.47140e-03 
 2.61000e+02  8.29573e-03 
 2.61500e+02  8.12238e-03 
 2.62000e+02  7.94152e-03 
 2.62500e+02  7.73253e-03 
 2.63000e+02  7.52499e-03 
 2.63500e+02  7.30846e-03 
 2.64000e+02  7.08687e-03 
 2.64500e+02  6.86457e-03 
 2.65000e+02  6.63877e-03 
 2.65500e+02  6.40676e-03 
 2.66000e+02  6.16589e-03 
 2.66500e+02  5.93404e-03 
 2.67000e+02  5.68112e-03 
 2.67500e+02  5.43040e-03 
 2.68000e+02  5.18572e-03 
 2.68500e+02  4.94218e-03 
 2.69000e+02  4.70587e-03 
 2.69500e+02  4.46785e-03 
 2.70000e+02  4.24043e-03 
 2.70500e+02  4.02603e-03 
 2.71000e+02  3.81926e-03 
 2.71500e+02  3.61993e-03 
 2.72000e+02  3.43435e-03 
 2.72500e+02  3.25375e-03 
 2.73000e+02  3.08696e-03 
 2.73500e+02  2.92650e-03 
 2.74000e+02  2.78670e-03 
 2.74500e+02  2.64704e-03 
 2.75000e+02  2.51945e-03 
 2.75500e+02  2.40284e-03 
 2.76000e+02  2.29281e-03 
 2.76500e+02  2.18589e-03 
 2.77000e+02  2.07842e-03 
 2.77500e+02  1.98515e-03 
 2.78000e+02  1.88861e-03 
 2.78500e+02  1.80144e-03 
 2.79000e+02  1.72689e-03 
 2.79500e+02  1.65233e-03 
 2.80000e+02  1.57720e-03 
 2.80500e+02  1.51090e-03 
 2.81000e+02  1.44666e-03 
 2.81500e+02  1.38797e-03 
 2.82000e+02  1.33100e-03 
 2.82500e+02  1.27312e-03 
 2.83000e+02  1.22497e-03 
 2.83500e+02  1.17272e-03 
 2.84000e+02  1.12586e-03 
 2.84500e+02  1.08153e-03 
 2.85000e+02  1.03745e-03 
 2.85500e+02  1.00046e-03 
 2.86000e+02  9.60030e-04 
 2.86500e+02  9.23944e-04 
 2.87000e+02  8.94095e-04 
 2.87500e+02  8.63177e-04 
 2.88000e+02  8.33870e-04 
 2.88500e+02  8.04196e-04 
 2.89000e+02  7.73894e-04 
 2.89500e+02  7.46890e-04 
 2.90000e+02  7.21159e-04 
 2.90500e+02  6.96385e-04 
 2.91000e+02  6.74638e-04 
 2.91500e+02  6.52601e-04 
 2.92000e+02  6.32109e-04 
 2.92500e+02  6.10667e-04 
 2.93000e+02  5.91598e-04 
 2.93500e+02  5.74897e-04 
 2.94000e+02  5.56738e-04 
 2.94500e+02  5.42871e-04 
 2.95000e+02  5.27898e-04 
 2.95500e+02  5.13862e-04 
 2.96000e+02  4.96761e-04 
 2.96500e+02  4.84098e-04 
 2.97000e+02  4.71134e-04 
 2.97500e+02  4.57738e-04 
 2.98000e+02  4.46558e-04 
 2.98500e+02  4.33715e-04 
 2.99000e+02  4.23928e-04 
 2.99500e+02  4.12248e-04 
 3.00000e+02  4.02530e-04 
 3.00500e+02  3.91168e-04 
 3.01000e+02  3.82252e-04 
 3.01500e+02  3.71899e-04 
 3.02000e+02  3.63858e-04 
 3.02500e+02  3.55195e-04 
 3.03000e+02  3.44809e-04 
 3.03500e+02  3.35386e-04 
 3.04000e+02  3.25754e-04 
 3.04500e+02  3.18423e-04 
 3.05000e+02  3.07594e-04 
 3.05500e+02  2.98602e-04 
 3.06000e+02  2.91039e-04 
 3.06500e+02  2.82302e-04 
 3.07000e+02  2.74219e-04 
 3.07500e+02  2.65518e-04 
 3.08000e+02  2.58142e-04 
 3.08500e+02  2.49980e-04 
 3.09000e+02  2.42445e-04 
 3.09500e+02  2.34436e-04 
 3.10000e+02  2.25866e-04 
 3.10500e+02  2.19010e-04 
 3.11000e+02  2.13248e-04 
 3.11500e+02  2.03906e-04 
 3.12000e+02  1.96971e-04 
 3.12500e+02  1.88139e-04 
 3.13000e+02  1.80790e-04 
 3.13500e+02  1.72865e-04 
 3.14000e+02  1.65253e-04 
 3.14500e+02  1.55853e-04 
 3.15000e+02  1.46624e-04 
 3.15500e+02  1.38998e-04 
 3.16000e+02  1.30893e-04 
 3.16500e+02  1.23414e-04 
 3.17000e+02  1.16035e-04 
 3.17500e+02  1.07390e-04 
 3.18000e+02  9.84296e-05 
 3.18500e+02  8.82456e-05 
 3.19000e+02  7.89768e-05 
 3.19500e+02  6.91392e-05 
