 0.00000e+00  1.05564e-03 
 5.00000e-01  1.05710e-03 
 1.00000e+00  1.05274e-03 
 1.50000e+00  1.05889e-03 
 2.00000e+00  1.06667e-03 
 2.50000e+00  1.07498e-03 
 3.00000e+00  1.10414e-03 
 3.50000e+00  1.10415e-03 
 4.00000e+00  1.13150e-03 
 4.50000e+00  1.13775e-03 
 5.00000e+00  1.13412e-03 
 5.50000e+00  1.13477e-03 
 6.00000e+00  1.14830e-03 
 6.50000e+00  1.14849e-03 
 7.00000e+00  1.16325e-03 
 7.50000e+00  1.17329e-03 
 8.00000e+00  1.19131e-03 
 8.50000e+00  1.20720e-03 
 9.00000e+00  1.21424e-03 
 9.50000e+00  1.21597e-03 
 1.00000e+01  1.22248e-03 
 1.05000e+01  1.22740e-03 
 1.10000e+01  1.24500e-03 
 1.15000e+01  1.25830e-03 
 1.20000e+01  1.27879e-03 
 1.25000e+01  1.29232e-03 
 1.30000e+01  1.31395e-03 
 1.35000e+01  1.32726e-03 
 1.40000e+01  1.33396e-03 
 1.45000e+01  1.35489e-03 
 1.50000e+01  1.36055e-03 
 1.55000e+01  1.37920e-03 
 1.60000e+01  1.40396e-03 
 1.65000e+01  1.40236e-03 
 1.70000e+01  1.41942e-03 
 1.75000e+01  1.42030e-03 
 1.80000e+01  1.44434e-03 
 1.85000e+01  1.47617e-03 
 1.90000e+01  1.47938e-03 
 1.95000e+01  1.47793e-03 
 2.00000e+01  1.51073e-03 
 2.05000e+01  1.52112e-03 
 2.10000e+01  1.55086e-03 
 2.15000e+01  1.56651e-03 
 2.20000e+01  1.59030e-03 
 2.25000e+01  1.59574e-03 
 2.30000e+01  1.61321e-03 
 2.35000e+01  1.63729e-03 
 2.40000e+01  1.66122e-03 
 2.45000e+01  1.68870e-03 
 2.50000e+01  1.70218e-03 
 2.55000e+01  1.73851e-03 
 2.60000e+01  1.76198e-03 
 2.65000e+01  1.81302e-03 
 2.70000e+01  1.83826e-03 
 2.75000e+01  1.87252e-03 
 2.80000e+01  1.89349e-03 
 2.85000e+01  1.92236e-03 
 2.90000e+01  1.96077e-03 
 2.95000e+01  1.97846e-03 
 3.00000e+01  2.02728e-03 
 3.05000e+01  2.07145e-03 
 3.10000e+01  2.12272e-03 
 3.15000e+01  2.14198e-03 
 3.20000e+01  2.18610e-03 
 3.25000e+01  2.21514e-03 
 3.30000e+01  2.27480e-03 
 3.35000e+01  2.27251e-03 
 3.40000e+01  2.35761e-03 
 3.45000e+01  2.43112e-03 
 3.50000e+01  2.47510e-03 
 3.55000e+01  2.52126e-03 
 3.60000e+01  2.58808e-03 
 3.65000e+01  2.61319e-03 
 3.70000e+01  2.68565e-03 
 3.75000e+01  2.75199e-03 
 3.80000e+01  2.80942e-03 
 3.85000e+01  2.87771e-03 
 3.90000e+01  2.92960e-03 
 3.95000e+01  3.00307e-03 
 4.00000e+01  3.05774e-03 
 4.05000e+01  3.12204e-03 
 4.10000e+01  3.23373e-03 
 4.15000e+01  3.31857e-03 
 4.20000e+01  3.41322e-03 
 4.25000e+01  3.49807e-03 
 4.30000e+01  3.65762e-03 
 4.35000e+01  3.75483e-03 
 4.40000e+01  3.85332e-03 
 4.45000e+01  3.97870e-03 
 4.50000e+01  4.08869e-03 
 4.55000e+01  4.20786e-03 
 4.60000e+01  4.40342e-03 
 4.65000e+01  4.54854e-03 
 4.70000e+01  4.74022e-03 
 4.75000e+01  4.83507e-03 
 4.80000e+01  4.91643e-03 
 4.85000e+01  5.10697e-03 
 4.90000e+01  5.30923e-03 
 4.95000e+01  5.46648e-03 
 5.00000e+01  5.66430e-03 
 5.05000e+01  5.74095e-03 
 5.10000e+01  5.91650e-03 
 5.15000e+01  6.09511e-03 
 5.20000e+01  6.23906e-03 
 5.25000e+01  6.47815e-03 
 5.30000e+01  6.65555e-03 
 5.35000e+01  6.90819e-03 
 5.40000e+01  7.09246e-03 
 5.45000e+01  7.35904e-03 
 5.50000e+01  7.59790e-03 
 5.55000e+01  7.69918e-03 
 5.60000e+01  7.98390e-03 
 5.65000e+01  8.27501e-03 
 5.70000e+01  8.40950e-03 
 5.75000e+01  8.55409e-03 
 5.80000e+01  8.64742e-03 
 5.85000e+01  9.11715e-03 
 5.90000e+01  9.06573e-03 
 5.95000e+01  9.31068e-03 
 6.00000e+01  9.43294e-03 
 6.05000e+01  9.63735e-03 
 6.10000e+01  9.94578e-03 
 6.15000e+01  9.77890e-03 
 6.20000e+01  9.82706e-03 
 6.25000e+01  9.92602e-03 
 6.30000e+01  1.04134e-02 
 6.35000e+01  1.05280e-02 
 6.40000e+01  1.08235e-02 
 6.45000e+01  1.06575e-02 
 6.50000e+01  1.05500e-02 
 6.55000e+01  1.07708e-02 
 6.60000e+01  1.07162e-02 
 6.65000e+01  1.13551e-02 
 6.70000e+01  1.12577e-02 
 6.75000e+01  1.12882e-02 
 6.80000e+01  1.12886e-02 
 6.85000e+01  1.16535e-02 
 6.90000e+01  1.19563e-02 
 6.95000e+01  1.18472e-02 
 7.00000e+01  1.20561e-02 
 7.05000e+01  1.21276e-02 
 7.10000e+01  1.23273e-02 
 7.15000e+01  1.22363e-02 
 7.20000e+01  1.24510e-02 
 7.25000e+01  1.24369e-02 
 7.30000e+01  1.24426e-02 
 7.35000e+01  1.26099e-02 
 7.40000e+01  1.27740e-02 
 7.45000e+01  1.28282e-02 
 7.50000e+01  1.29083e-02 
 7.55000e+01  1.29152e-02 
 7.60000e+01  1.33034e-02 
 7.65000e+01  1.36468e-02 
 7.70000e+01  1.35883e-02 
 7.75000e+01  1.36148e-02 
 7.80000e+01  1.37533e-02 
 7.85000e+01  1.38317e-02 
 7.90000e+01  1.35477e-02 
 7.95000e+01  1.40171e-02 
 8.00000e+01  1.40870e-02 
 8.05000e+01  1.42863e-02 
 8.10000e+01  1.44779e-02 
 8.15000e+01  1.44590e-02 
 8.20000e+01  1.47002e-02 
 8.25000e+01  1.41870e-02 
 8.30000e+01  1.47692e-02 
 8.35000e+01  1.47766e-02 
 8.40000e+01  1.48896e-02 
 8.45000e+01  1.51803e-02 
 8.50000e+01  1.50236e-02 
 8.55000e+01  1.51541e-02 
 8.60000e+01  1.51873e-02 
 8.65000e+01  1.54793e-02 
 8.70000e+01  1.51704e-02 
 8.75000e+01  1.53498e-02 
 8.80000e+01  1.58641e-02 
 8.85000e+01  1.56505e-02 
 8.90000e+01  1.56966e-02 
 8.95000e+01  1.58715e-02 
 9.00000e+01  1.58704e-02 
 9.05000e+01  1.62190e-02 
 9.10000e+01  1.60736e-02 
 9.15000e+01  1.61195e-02 
 9.20000e+01  1.67195e-02 
 9.25000e+01  1.65599e-02 
 9.30000e+01  1.68132e-02 
 9.35000e+01  1.69322e-02 
 9.40000e+01  1.67183e-02 
 9.45000e+01  1.65474e-02 
 9.50000e+01  1.69047e-02 
 9.55000e+01  1.71168e-02 
 9.60000e+01  1.72104e-02 
 9.65000e+01  1.70221e-02 
 9.70000e+01  1.74726e-02 
 9.75000e+01  1.73353e-02 
 9.80000e+01  1.77463e-02 
 9.85000e+01  1.76753e-02 
 9.90000e+01  1.79411e-02 
 9.95000e+01  1.80141e-02 
 1.00000e+02  1.84664e-02 
 1.00500e+02  1.86528e-02 
 1.01000e+02  1.86550e-02 
 1.01500e+02  1.80626e-02 
 1.02000e+02  1.81971e-02 
 1.02500e+02  1.84343e-02 
 1.03000e+02  1.85275e-02 
 1.03500e+02  1.82336e-02 
 1.04000e+02  1.86441e-02 
 1.04500e+02  1.90266e-02 
 1.05000e+02  1.89762e-02 
 1.05500e+02  1.90260e-02 
 1.06000e+02  1.90419e-02 
 1.06500e+02  1.90960e-02 
 1.07000e+02  1.88983e-02 
 1.07500e+02  1.93070e-02 
 1.08000e+02  1.97349e-02 
 1.08500e+02  1.97790e-02 
 1.09000e+02  1.99790e-02 
 1.09500e+02  1.96629e-02 
 1.10000e+02  2.03867e-02 
 1.10500e+02  2.04058e-02 
 1.11000e+02  2.05077e-02 
 1.11500e+02  2.06468e-02 
 1.12000e+02  2.08748e-02 
 1.12500e+02  2.05464e-02 
 1.13000e+02  2.07424e-02 
 1.13500e+02  2.13120e-02 
 1.14000e+02  2.13581e-02 
 1.14500e+02  2.17277e-02 
 1.15000e+02  2.20113e-02 
 1.15500e+02  2.21540e-02 
 1.16000e+02  2.26267e-02 
 1.16500e+02  2.20004e-02 
 1.17000e+02  2.27766e-02 
 1.17500e+02  2.30877e-02 
 1.18000e+02  2.33754e-02 
 1.18500e+02  2.28742e-02 
 1.19000e+02  2.30566e-02 
 1.19500e+02  2.27140e-02 
 1.20000e+02  2.33814e-02 
 1.20500e+02  2.29530e-02 
 1.21000e+02  2.34448e-02 
 1.21500e+02  2.31177e-02 
 1.22000e+02  2.32836e-02 
 1.22500e+02  2.32884e-02 
 1.23000e+02  2.31416e-02 
 1.23500e+02  2.35703e-02 
 1.24000e+02  2.37087e-02 
 1.24500e+02  2.33923e-02 
 1.25000e+02  2.44351e-02 
 1.25500e+02  2.33242e-02 
 1.26000e+02  2.40660e-02 
 1.26500e+02  2.43048e-02 
 1.27000e+02  2.43738e-02 
 1.27500e+02  2.45607e-02 
 1.28000e+02  2.46654e-02 
 1.28500e+02  2.45232e-02 
 1.29000e+02  2.48772e-02 
 1.29500e+02  2.53617e-02 
 1.30000e+02  2.48617e-02 
 1.30500e+02  2.55761e-02 
 1.31000e+02  2.55676e-02 
 1.31500e+02  2.56614e-02 
 1.32000e+02  2.58956e-02 
 1.32500e+02  2.55692e-02 
 1.33000e+02  2.58085e-02 
 1.33500e+02  2.50964e-02 
 1.34000e+02  2.60514e-02 
 1.34500e+02  2.63671e-02 
 1.35000e+02  2.60696e-02 
 1.35500e+02  2.63683e-02 
 1.36000e+02  2.58026e-02 
 1.36500e+02  2.60642e-02 
 1.37000e+02  2.61854e-02 
 1.37500e+02  2.70543e-02 
 1.38000e+02  2.61549e-02 
 1.38500e+02  2.67679e-02 
 1.39000e+02  2.70623e-02 
 1.39500e+02  2.67256e-02 
 1.40000e+02  2.67119e-02 
 1.40500e+02  2.68388e-02 
 1.41000e+02  2.65806e-02 
 1.41500e+02  2.67136e-02 
 1.42000e+02  2.67646e-02 
 1.42500e+02  2.71565e-02 
 1.43000e+02  2.75725e-02 
 1.43500e+02  2.76576e-02 
 1.44000e+02  2.70634e-02 
 1.44500e+02  2.69777e-02 
 1.45000e+02  2.68622e-02 
 1.45500e+02  2.71682e-02 
 1.46000e+02  2.73214e-02 
 1.46500e+02  2.69913e-02 
 1.47000e+02  2.64822e-02 
 1.47500e+02  2.72513e-02 
 1.48000e+02  2.69812e-02 
 1.48500e+02  2.71919e-02 
 1.49000e+02  2.74826e-02 
 1.49500e+02  2.66272e-02 
 1.50000e+02  2.68999e-02 
 1.50500e+02  2.74458e-02 
 1.51000e+02  2.73498e-02 
 1.51500e+02  2.75954e-02 
 1.52000e+02  2.71551e-02 
 1.52500e+02  2.76117e-02 
 1.53000e+02  2.81871e-02 
 1.53500e+02  2.88912e-02 
 1.54000e+02  2.83981e-02 
 1.54500e+02  2.83270e-02 
 1.55000e+02  2.81751e-02 
 1.55500e+02  2.82097e-02 
 1.56000e+02  2.85213e-02 
 1.56500e+02  2.81733e-02 
 1.57000e+02  2.77695e-02 
 1.57500e+02  2.83444e-02 
 1.58000e+02  2.78394e-02 
 1.58500e+02  2.86513e-02 
 1.59000e+02  2.81944e-02 
 1.59500e+02  2.77280e-02 
 1.60000e+02  2.74712e-02 
 1.60500e+02  2.76083e-02 
 1.61000e+02  2.76816e-02 
 1.61500e+02  2.79798e-02 
 1.62000e+02  2.80070e-02 
 1.62500e+02  2.80738e-02 
 1.63000e+02  2.88833e-02 
 1.63500e+02  2.86023e-02 
 1.64000e+02  2.80606e-02 
 1.64500e+02  2.86035e-02 
 1.65000e+02  2.91710e-02 
 1.65500e+02  2.84196e-02 
 1.66000e+02  2.91302e-02 
 1.66500e+02  2.86658e-02 
 1.67000e+02  2.97076e-02 
 1.67500e+02  2.90138e-02 
 1.68000e+02  2.83643e-02 
 1.68500e+02  2.85265e-02 
 1.69000e+02  2.91144e-02 
 1.69500e+02  2.82935e-02 
 1.70000e+02  2.83881e-02 
 1.70500e+02  2.82690e-02 
 1.71000e+02  2.86698e-02 
 1.71500e+02  2.90188e-02 
 1.72000e+02  2.88656e-02 
 1.72500e+02  2.87531e-02 
 1.73000e+02  2.79974e-02 
 1.73500e+02  2.79354e-02 
 1.74000e+02  2.77792e-02 
 1.74500e+02  2.80509e-02 
 1.75000e+02  2.79245e-02 
 1.75500e+02  2.81549e-02 
 1.76000e+02  2.81457e-02 
 1.76500e+02  2.77168e-02 
 1.77000e+02  2.77545e-02 
 1.77500e+02  2.75402e-02 
 1.78000e+02  2.71187e-02 
 1.78500e+02  2.78361e-02 
 1.79000e+02  2.77122e-02 
 1.79500e+02  2.76341e-02 
 1.80000e+02  2.71203e-02 
 1.80500e+02  2.72822e-02 
 1.81000e+02  2.77095e-02 
 1.81500e+02  2.74173e-02 
 1.82000e+02  2.71648e-02 
 1.82500e+02  2.74273e-02 
 1.83000e+02  2.68082e-02 
 1.83500e+02  2.72683e-02 
 1.84000e+02  2.71015e-02 
 1.84500e+02  2.67842e-02 
 1.85000e+02  2.67920e-02 
 1.85500e+02  2.67912e-02 
 1.86000e+02  2.71687e-02 
 1.86500e+02  2.67327e-02 
 1.87000e+02  2.66428e-02 
 1.87500e+02  2.70422e-02 
 1.88000e+02  2.69200e-02 
 1.88500e+02  2.72325e-02 
 1.89000e+02  2.66652e-02 
 1.89500e+02  2.63644e-02 
 1.90000e+02  2.71958e-02 
 1.90500e+02  2.67088e-02 
 1.91000e+02  2.68786e-02 
 1.91500e+02  2.67050e-02 
 1.92000e+02  2.64572e-02 
 1.92500e+02  2.62136e-02 
 1.93000e+02  2.60122e-02 
 1.93500e+02  2.57725e-02 
 1.94000e+02  2.56394e-02 
 1.94500e+02  2.51397e-02 
 1.95000e+02  2.53378e-02 
 1.95500e+02  2.51988e-02 
 1.96000e+02  2.49727e-02 
 1.96500e+02  2.51877e-02 
 1.97000e+02  2.51402e-02 
 1.97500e+02  2.45719e-02 
 1.98000e+02  2.46872e-02 
 1.98500e+02  2.48713e-02 
 1.99000e+02  2.45079e-02 
 1.99500e+02  2.47902e-02 
 2.00000e+02  2.50882e-02 
 2.00500e+02  2.51683e-02 
 2.01000e+02  2.44684e-02 
 2.01500e+02  2.47626e-02 
 2.02000e+02  2.43806e-02 
 2.02500e+02  2.42744e-02 
 2.03000e+02  2.42265e-02 
 2.03500e+02  2.36438e-02 
 2.04000e+02  2.41020e-02 
 2.04500e+02  2.39559e-02 
 2.05000e+02  2.37817e-02 
 2.05500e+02  2.41106e-02 
 2.06000e+02  2.39789e-02 
 2.06500e+02  2.35223e-02 
 2.07000e+02  2.31102e-02 
 2.07500e+02  2.28815e-02 
 2.08000e+02  2.27443e-02 
 2.08500e+02  2.30238e-02 
 2.09000e+02  2.24047e-02 
 2.09500e+02  2.20293e-02 
 2.10000e+02  2.22659e-02 
 2.10500e+02  2.21719e-02 
 2.11000e+02  2.20648e-02 
 2.11500e+02  2.20905e-02 
 2.12000e+02  2.24119e-02 
 2.12500e+02  2.16898e-02 
 2.13000e+02  2.17085e-02 
 2.13500e+02  2.09034e-02 
 2.14000e+02  2.04015e-02 
 2.14500e+02  2.03652e-02 
 2.15000e+02  2.05080e-02 
 2.15500e+02  2.00518e-02 
 2.16000e+02  2.00466e-02 
 2.16500e+02  1.97693e-02 
 2.17000e+02  1.98167e-02 
 2.17500e+02  1.95593e-02 
 2.18000e+02  1.99881e-02 
 2.18500e+02  1.99777e-02 
 2.19000e+02  2.00244e-02 
 2.19500e+02  1.96188e-02 
 2.20000e+02  1.89825e-02 
 2.20500e+02  1.92325e-02 
 2.21000e+02  1.93605e-02 
 2.21500e+02  1.87689e-02 
 2.22000e+02  1.82958e-02 
 2.22500e+02  1.87542e-02 
 2.23000e+02  1.85923e-02 
 2.23500e+02  1.82162e-02 
 2.24000e+02  1.79871e-02 
 2.24500e+02  1.85396e-02 
 2.25000e+02  1.83897e-02 
 2.25500e+02  1.77752e-02 
 2.26000e+02  1.79096e-02 
 2.26500e+02  1.76727e-02 
 2.27000e+02  1.77021e-02 
 2.27500e+02  1.75828e-02 
 2.28000e+02  1.74757e-02 
 2.28500e+02  1.70273e-02 
 2.29000e+02  1.67374e-02 
 2.29500e+02  1.68839e-02 
 2.30000e+02  1.67697e-02 
 2.30500e+02  1.70220e-02 
 2.31000e+02  1.67276e-02 
 2.31500e+02  1.66410e-02 
 2.32000e+02  1.66302e-02 
 2.32500e+02  1.64343e-02 
 2.33000e+02  1.63931e-02 
 2.33500e+02  1.61789e-02 
 2.34000e+02  1.61846e-02 
 2.34500e+02  1.58195e-02 
 2.35000e+02  1.60504e-02 
 2.35500e+02  1.59213e-02 
 2.36000e+02  1.57983e-02 
 2.36500e+02  1.57644e-02 
 2.37000e+02  1.54718e-02 
 2.37500e+02  1.53538e-02 
 2.38000e+02  1.52582e-02 
 2.38500e+02  1.50732e-02 
 2.39000e+02  1.51591e-02 
 2.39500e+02  1.49293e-02 
 2.40000e+02  1.50295e-02 
 2.40500e+02  1.47454e-02 
 2.41000e+02  1.44683e-02 
 2.41500e+02  1.44782e-02 
 2.42000e+02  1.45077e-02 
 2.42500e+02  1.42687e-02 
 2.43000e+02  1.41693e-02 
 2.43500e+02  1.39557e-02 
 2.44000e+02  1.37583e-02 
 2.44500e+02  1.35932e-02 
 2.45000e+02  1.36295e-02 
 2.45500e+02  1.30739e-02 
 2.46000e+02  1.34093e-02 
 2.46500e+02  1.30458e-02 
 2.47000e+02  1.30844e-02 
 2.47500e+02  1.30450e-02 
 2.48000e+02  1.29293e-02 
 2.48500e+02  1.28497e-02 
 2.49000e+02  1.24104e-02 
 2.49500e+02  1.25045e-02 
 2.50000e+02  1.23329e-02 
 2.50500e+02  1.21260e-02 
 2.51000e+02  1.20575e-02 
 2.51500e+02  1.18991e-02 
 2.52000e+02  1.16626e-02 
 2.52500e+02  1.13705e-02 
 2.53000e+02  1.13688e-02 
 2.53500e+02  1.12649e-02 
 2.54000e+02  1.11825e-02 
 2.54500e+02  1.11099e-02 
 2.55000e+02  1.10005e-02 
 2.55500e+02  1.08348e-02 
 2.56000e+02  1.06472e-02 
 2.56500e+02  1.04349e-02 
 2.57000e+02  1.02044e-02 
 2.57500e+02  1.00373e-02 
 2.58000e+02  9.82182e-03 
 2.58500e+02  9.69116e-03 
 2.59000e+02  9.40906e-03 
 2.59500e+02  9.42692e-03 
 2.60000e+02  9.19942e-03 
 2.60500e+02  8.99508e-03 
 2.61000e+02  8.66422e-03 
 2.61500e+02  8.43839e-03 
 2.62000e+02  8.42758e-03 
 2.62500e+02  8.21896e-03 
 2.63000e+02  8.04110e-03 
 2.63500e+02  7.97190e-03 
 2.64000e+02  7.76430e-03 
 2.64500e+02  7.46426e-03 
 2.65000e+02  7.25050e-03 
 2.65500e+02  7.00010e-03 
 2.66000e+02  6.94519e-03 
 2.66500e+02  6.58572e-03 
 2.67000e+02  6.46245e-03 
 2.67500e+02  6.33651e-03 
 2.68000e+02  6.15641e-03 
 2.68500e+02  5.94316e-03 
 2.69000e+02  5.83637e-03 
 2.69500e+02  5.62001e-03 
 2.70000e+02  5.49178e-03 
 2.70500e+02  5.22937e-03 
 2.71000e+02  5.05766e-03 
 2.71500e+02  4.88388e-03 
 2.72000e+02  4.70732e-03 
 2.72500e+02  4.57663e-03 
 2.73000e+02  4.48485e-03 
 2.73500e+02  4.28717e-03 
 2.74000e+02  4.20779e-03 
 2.74500e+02  4.01318e-03 
 2.75000e+02  3.87754e-03 
 2.75500e+02  3.77354e-03 
 2.76000e+02  3.66383e-03 
 2.76500e+02  3.58690e-03 
 2.77000e+02  3.48495e-03 
 2.77500e+02  3.36570e-03 
 2.78000e+02  3.29360e-03 
 2.78500e+02  3.20365e-03 
 2.79000e+02  3.14941e-03 
 2.79500e+02  3.06070e-03 
 2.80000e+02  2.97086e-03 
 2.80500e+02  2.91540e-03 
 2.81000e+02  2.86196e-03 
 2.81500e+02  2.78352e-03 
 2.82000e+02  2.71669e-03 
 2.82500e+02  2.71610e-03 
 2.83000e+02  2.63626e-03 
 2.83500e+02  2.60346e-03 
 2.84000e+02  2.49071e-03 
 2.84500e+02  2.46646e-03 
 2.85000e+02  2.41243e-03 
 2.85500e+02  2.35734e-03 
 2.86000e+02  2.30865e-03 
 2.86500e+02  2.26725e-03 
 2.87000e+02  2.25730e-03 
 2.87500e+02  2.19633e-03 
 2.88000e+02  2.18114e-03 
 2.88500e+02  2.12640e-03 
 2.89000e+02  2.09728e-03 
 2.89500e+02  2.09034e-03 
 2.90000e+02  2.04055e-03 
 2.90500e+02  1.98438e-03 
 2.91000e+02  1.95072e-03 
 2.91500e+02  1.92682e-03 
 2.92000e+02  1.91034e-03 
 2.92500e+02  1.86643e-03 
 2.93000e+02  1.83650e-03 
 2.93500e+02  1.79802e-03 
 2.94000e+02  1.77090e-03 
 2.94500e+02  1.76094e-03 
 2.95000e+02  1.73758e-03 
 2.95500e+02  1.70120e-03 
 2.96000e+02  1.68222e-03 
 2.96500e+02  1.65482e-03 
 2.97000e+02  1.62217e-03 
 2.97500e+02  1.61042e-03 
 2.98000e+02  1.58846e-03 
 2.98500e+02  1.58281e-03 
 2.99000e+02  1.56133e-03 
 2.99500e+02  1.54566e-03 
 3.00000e+02  1.51947e-03 
 3.00500e+02  1.50488e-03 
 3.01000e+02  1.48958e-03 
 3.01500e+02  1.48503e-03 
 3.02000e+02  1.46063e-03 
 3.02500e+02  1.45393e-03 
 3.03000e+02  1.42689e-03 
 3.03500e+02  1.40081e-03 
 3.04000e+02  1.40284e-03 
 3.04500e+02  1.38371e-03 
 3.05000e+02  1.35281e-03 
 3.05500e+02  1.34337e-03 
 3.06000e+02  1.34867e-03 
 3.06500e+02  1.32562e-03 
 3.07000e+02  1.32162e-03 
 3.07500e+02  1.30710e-03 
 3.08000e+02  1.29519e-03 
 3.08500e+02  1.29315e-03 
 3.09000e+02  1.28365e-03 
 3.09500e+02  1.26730e-03 
 3.10000e+02  1.26201e-03 
 3.10500e+02  1.25672e-03 
 3.11000e+02  1.24995e-03 
 3.11500e+02  1.23958e-03 
 3.12000e+02  1.21791e-03 
 3.12500e+02  1.21094e-03 
 3.13000e+02  1.20640e-03 
 3.13500e+02  1.18777e-03 
 3.14000e+02  1.17352e-03 
 3.14500e+02  1.16514e-03 
 3.15000e+02  1.15654e-03 
 3.15500e+02  1.16224e-03 
 3.16000e+02  1.15383e-03 
 3.16500e+02  1.14153e-03 
 3.17000e+02  1.12079e-03 
 3.17500e+02  1.11473e-03 
 3.18000e+02  1.10438e-03 
 3.18500e+02  1.10145e-03 
 3.19000e+02  1.10820e-03 
 3.19500e+02  1.09324e-03 
