 0.00000e+00  1.05381e-03 
 5.00000e-01  1.05683e-03 
 1.00000e+00  1.06860e-03 
 1.50000e+00  1.07588e-03 
 2.00000e+00  1.07167e-03 
 2.50000e+00  1.06346e-03 
 3.00000e+00  1.07759e-03 
 3.50000e+00  1.11173e-03 
 4.00000e+00  1.10665e-03 
 4.50000e+00  1.12118e-03 
 5.00000e+00  1.12561e-03 
 5.50000e+00  1.14096e-03 
 6.00000e+00  1.15346e-03 
 6.50000e+00  1.16585e-03 
 7.00000e+00  1.17490e-03 
 7.50000e+00  1.18840e-03 
 8.00000e+00  1.20539e-03 
 8.50000e+00  1.20987e-03 
 9.00000e+00  1.22142e-03 
 9.50000e+00  1.22822e-03 
 1.00000e+01  1.22394e-03 
 1.05000e+01  1.24004e-03 
 1.10000e+01  1.25891e-03 
 1.15000e+01  1.28545e-03 
 1.20000e+01  1.29581e-03 
 1.25000e+01  1.29681e-03 
 1.30000e+01  1.31231e-03 
 1.35000e+01  1.30878e-03 
 1.40000e+01  1.32174e-03 
 1.45000e+01  1.33131e-03 
 1.50000e+01  1.36642e-03 
 1.55000e+01  1.37565e-03 
 1.60000e+01  1.38794e-03 
 1.65000e+01  1.38878e-03 
 1.70000e+01  1.42164e-03 
 1.75000e+01  1.43102e-03 
 1.80000e+01  1.45881e-03 
 1.85000e+01  1.48015e-03 
 1.90000e+01  1.48363e-03 
 1.95000e+01  1.48462e-03 
 2.00000e+01  1.51821e-03 
 2.05000e+01  1.55026e-03 
 2.10000e+01  1.56658e-03 
 2.15000e+01  1.59478e-03 
 2.20000e+01  1.60822e-03 
 2.25000e+01  1.60938e-03 
 2.30000e+01  1.64306e-03 
 2.35000e+01  1.65957e-03 
 2.40000e+01  1.69248e-03 
 2.45000e+01  1.72898e-03 
 2.50000e+01  1.75358e-03 
 2.55000e+01  1.76922e-03 
 2.60000e+01  1.77381e-03 
 2.65000e+01  1.80998e-03 
 2.70000e+01  1.84674e-03 
 2.75000e+01  1.85528e-03 
 2.80000e+01  1.89935e-03 
 2.85000e+01  1.92663e-03 
 2.90000e+01  1.95613e-03 
 2.95000e+01  1.99032e-03 
 3.00000e+01  2.02668e-03 
 3.05000e+01  2.07473e-03 
 3.10000e+01  2.11551e-03 
 3.15000e+01  2.16723e-03 
 3.20000e+01  2.19660e-03 
 3.25000e+01  2.23786e-03 
 3.30000e+01  2.30402e-03 
 3.35000e+01  2.33002e-03 
 3.40000e+01  2.40255e-03 
 3.45000e+01  2.46209e-03 
 3.50000e+01  2.48416e-03 
 3.55000e+01  2.54428e-03 
 3.60000e+01  2.61774e-03 
 3.65000e+01  2.66320e-03 
 3.70000e+01  2.70612e-03 
 3.75000e+01  2.74226e-03 
 3.80000e+01  2.81083e-03 
 3.85000e+01  2.85645e-03 
 3.90000e+01  2.95386e-03 
 3.95000e+01  2.99773e-03 
 4.00000e+01  3.08813e-03 
 4.05000e+01  3.13902e-03 
 4.10000e+01  3.25968e-03 
 4.15000e+01  3.33004e-03 
 4.20000e+01  3.48385e-03 
 4.25000e+01  3.55953e-03 
 4.30000e+01  3.69543e-03 
 4.35000e+01  3.80430e-03 
 4.40000e+01  3.91793e-03 
 4.45000e+01  3.99004e-03 
 4.50000e+01  4.08832e-03 
 4.55000e+01  4.25374e-03 
 4.60000e+01  4.43191e-03 
 4.65000e+01  4.59219e-03 
 4.70000e+01  4.70267e-03 
 4.75000e+01  4.86194e-03 
 4.80000e+01  4.97865e-03 
 4.85000e+01  5.17642e-03 
 4.90000e+01  5.26940e-03 
 4.95000e+01  5.45744e-03 
 5.00000e+01  5.69226e-03 
 5.05000e+01  5.77441e-03 
 5.10000e+01  5.95398e-03 
 5.15000e+01  6.15285e-03 
 5.20000e+01  6.30229e-03 
 5.25000e+01  6.54403e-03 
 5.30000e+01  6.73646e-03 
 5.35000e+01  6.87129e-03 
 5.40000e+01  7.15123e-03 
 5.45000e+01  7.44418e-03 
 5.50000e+01  7.66065e-03 
 5.55000e+01  7.86639e-03 
 5.60000e+01  8.00078e-03 
 5.65000e+01  8.40777e-03 
 5.70000e+01  8.45594e-03 
 5.75000e+01  8.58482e-03 
 5.80000e+01  8.60395e-03 
 5.85000e+01  8.78891e-03 
 5.90000e+01  8.98200e-03 
 5.95000e+01  9.13877e-03 
 6.00000e+01  9.47825e-03 
 6.05000e+01  9.45734e-03 
 6.10000e+01  9.62323e-03 
 6.15000e+01  9.81914e-03 
 6.20000e+01  1.00865e-02 
 6.25000e+01  1.01820e-02 
 6.30000e+01  1.05825e-02 
 6.35000e+01  1.06300e-02 
 6.40000e+01  1.06438e-02 
 6.45000e+01  1.06692e-02 
 6.50000e+01  1.05684e-02 
 6.55000e+01  1.06733e-02 
 6.60000e+01  1.07196e-02 
 6.65000e+01  1.11739e-02 
 6.70000e+01  1.13432e-02 
 6.75000e+01  1.13215e-02 
 6.80000e+01  1.14441e-02 
 6.85000e+01  1.15647e-02 
 6.90000e+01  1.17680e-02 
 6.95000e+01  1.19674e-02 
 7.00000e+01  1.23924e-02 
 7.05000e+01  1.21024e-02 
 7.10000e+01  1.22696e-02 
 7.15000e+01  1.24641e-02 
 7.20000e+01  1.25759e-02 
 7.25000e+01  1.30005e-02 
 7.30000e+01  1.28910e-02 
 7.35000e+01  1.31790e-02 
 7.40000e+01  1.28960e-02 
 7.45000e+01  1.29068e-02 
 7.50000e+01  1.30397e-02 
 7.55000e+01  1.31481e-02 
 7.60000e+01  1.34865e-02 
 7.65000e+01  1.36238e-02 
 7.70000e+01  1.36925e-02 
 7.75000e+01  1.37503e-02 
 7.80000e+01  1.36047e-02 
 7.85000e+01  1.35128e-02 
 7.90000e+01  1.39229e-02 
 7.95000e+01  1.40722e-02 
 8.00000e+01  1.40595e-02 
 8.05000e+01  1.43513e-02 
 8.10000e+01  1.46232e-02 
 8.15000e+01  1.43137e-02 
 8.20000e+01  1.46435e-02 
 8.25000e+01  1.46473e-02 
 8.30000e+01  1.47002e-02 
 8.35000e+01  1.47554e-02 
 8.40000e+01  1.48036e-02 
 8.45000e+01  1.53272e-02 
 8.50000e+01  1.54063e-02 
 8.55000e+01  1.54167e-02 
 8.60000e+01  1.53128e-02 
 8.65000e+01  1.53979e-02 
 8.70000e+01  1.50470e-02 
 8.75000e+01  1.50779e-02 
 8.80000e+01  1.57036e-02 
 8.85000e+01  1.58713e-02 
 8.90000e+01  1.55474e-02 
 8.95000e+01  1.58495e-02 
 9.00000e+01  1.61767e-02 
 9.05000e+01  1.60892e-02 
 9.10000e+01  1.56630e-02 
 9.15000e+01  1.60866e-02 
 9.20000e+01  1.65429e-02 
 9.25000e+01  1.65486e-02 
 9.30000e+01  1.63591e-02 
 9.35000e+01  1.64923e-02 
 9.40000e+01  1.66441e-02 
 9.45000e+01  1.67384e-02 
 9.50000e+01  1.68887e-02 
 9.55000e+01  1.69085e-02 
 9.60000e+01  1.69741e-02 
 9.65000e+01  1.70782e-02 
 9.70000e+01  1.67769e-02 
 9.75000e+01  1.70155e-02 
 9.80000e+01  1.71887e-02 
 9.85000e+01  1.76850e-02 
 9.90000e+01  1.75315e-02 
 9.95000e+01  1.79584e-02 
 1.00000e+02  1.73788e-02 
 1.00500e+02  1.77342e-02 
 1.01000e+02  1.76604e-02 
 1.01500e+02  1.78258e-02 
 1.02000e+02  1.75992e-02 
 1.02500e+02  1.76315e-02 
 1.03000e+02  1.79779e-02 
 1.03500e+02  1.83956e-02 
 1.04000e+02  1.85801e-02 
 1.04500e+02  1.86514e-02 
 1.05000e+02  1.91728e-02 
 1.05500e+02  1.90379e-02 
 1.06000e+02  1.92392e-02 
 1.06500e+02  1.90272e-02 
 1.07000e+02  1.93918e-02 
 1.07500e+02  1.97281e-02 
 1.08000e+02  1.99383e-02 
 1.08500e+02  1.98074e-02 
 1.09000e+02  1.99087e-02 
 1.09500e+02  2.04214e-02 
 1.10000e+02  2.04451e-02 
 1.10500e+02  2.02745e-02 
 1.11000e+02  2.07716e-02 
 1.11500e+02  2.07480e-02 
 1.12000e+02  2.07075e-02 
 1.12500e+02  2.05519e-02 
 1.13000e+02  2.08738e-02 
 1.13500e+02  2.16407e-02 
 1.14000e+02  2.14068e-02 
 1.14500e+02  2.14285e-02 
 1.15000e+02  2.16157e-02 
 1.15500e+02  2.18042e-02 
 1.16000e+02  2.20568e-02 
 1.16500e+02  2.22715e-02 
 1.17000e+02  2.23865e-02 
 1.17500e+02  2.26933e-02 
 1.18000e+02  2.28634e-02 
 1.18500e+02  2.25909e-02 
 1.19000e+02  2.24677e-02 
 1.19500e+02  2.26501e-02 
 1.20000e+02  2.28203e-02 
 1.20500e+02  2.30933e-02 
 1.21000e+02  2.23312e-02 
 1.21500e+02  2.30938e-02 
 1.22000e+02  2.33659e-02 
 1.22500e+02  2.34369e-02 
 1.23000e+02  2.36657e-02 
 1.23500e+02  2.35826e-02 
 1.24000e+02  2.31288e-02 
 1.24500e+02  2.28539e-02 
 1.25000e+02  2.32050e-02 
 1.25500e+02  2.34200e-02 
 1.26000e+02  2.35746e-02 
 1.26500e+02  2.39776e-02 
 1.27000e+02  2.36819e-02 
 1.27500e+02  2.38865e-02 
 1.28000e+02  2.42792e-02 
 1.28500e+02  2.43830e-02 
 1.29000e+02  2.51607e-02 
 1.29500e+02  2.49387e-02 
 1.30000e+02  2.55246e-02 
 1.30500e+02  2.46539e-02 
 1.31000e+02  2.52250e-02 
 1.31500e+02  2.52792e-02 
 1.32000e+02  2.58581e-02 
 1.32500e+02  2.54963e-02 
 1.33000e+02  2.60203e-02 
 1.33500e+02  2.52291e-02 
 1.34000e+02  2.54932e-02 
 1.34500e+02  2.56454e-02 
 1.35000e+02  2.60622e-02 
 1.35500e+02  2.56965e-02 
 1.36000e+02  2.52177e-02 
 1.36500e+02  2.57310e-02 
 1.37000e+02  2.56212e-02 
 1.37500e+02  2.59240e-02 
 1.38000e+02  2.56442e-02 
 1.38500e+02  2.68168e-02 
 1.39000e+02  2.52194e-02 
 1.39500e+02  2.60748e-02 
 1.40000e+02  2.64817e-02 
 1.40500e+02  2.57501e-02 
 1.41000e+02  2.61851e-02 
 1.41500e+02  2.62603e-02 
 1.42000e+02  2.69002e-02 
 1.42500e+02  2.63691e-02 
 1.43000e+02  2.73207e-02 
 1.43500e+02  2.75132e-02 
 1.44000e+02  2.66883e-02 
 1.44500e+02  2.66354e-02 
 1.45000e+02  2.65178e-02 
 1.45500e+02  2.75004e-02 
 1.46000e+02  2.68402e-02 
 1.46500e+02  2.69653e-02 
 1.47000e+02  2.72064e-02 
 1.47500e+02  2.64274e-02 
 1.48000e+02  2.69491e-02 
 1.48500e+02  2.68964e-02 
 1.49000e+02  2.76653e-02 
 1.49500e+02  2.69281e-02 
 1.50000e+02  2.77284e-02 
 1.50500e+02  2.76248e-02 
 1.51000e+02  2.80139e-02 
 1.51500e+02  2.76431e-02 
 1.52000e+02  2.72094e-02 
 1.52500e+02  2.72235e-02 
 1.53000e+02  2.81234e-02 
 1.53500e+02  2.80195e-02 
 1.54000e+02  2.84314e-02 
 1.54500e+02  2.83668e-02 
 1.55000e+02  2.80801e-02 
 1.55500e+02  2.80518e-02 
 1.56000e+02  2.77898e-02 
 1.56500e+02  2.73566e-02 
 1.57000e+02  2.77570e-02 
 1.57500e+02  2.76741e-02 
 1.58000e+02  2.80599e-02 
 1.58500e+02  2.80220e-02 
 1.59000e+02  2.82250e-02 
 1.59500e+02  2.83888e-02 
 1.60000e+02  2.84666e-02 
 1.60500e+02  2.83297e-02 
 1.61000e+02  2.80492e-02 
 1.61500e+02  2.90272e-02 
 1.62000e+02  2.83776e-02 
 1.62500e+02  2.81680e-02 
 1.63000e+02  2.85512e-02 
 1.63500e+02  2.83789e-02 
 1.64000e+02  2.74483e-02 
 1.64500e+02  2.86121e-02 
 1.65000e+02  2.77866e-02 
 1.65500e+02  2.79651e-02 
 1.66000e+02  2.86168e-02 
 1.66500e+02  2.81875e-02 
 1.67000e+02  2.83140e-02 
 1.67500e+02  2.84424e-02 
 1.68000e+02  2.82183e-02 
 1.68500e+02  2.76501e-02 
 1.69000e+02  2.79009e-02 
 1.69500e+02  2.73298e-02 
 1.70000e+02  2.80832e-02 
 1.70500e+02  2.72244e-02 
 1.71000e+02  2.83770e-02 
 1.71500e+02  2.85941e-02 
 1.72000e+02  2.79782e-02 
 1.72500e+02  2.80935e-02 
 1.73000e+02  2.75630e-02 
 1.73500e+02  2.81951e-02 
 1.74000e+02  2.85382e-02 
 1.74500e+02  2.82200e-02 
 1.75000e+02  2.86016e-02 
 1.75500e+02  2.83914e-02 
 1.76000e+02  2.80769e-02 
 1.76500e+02  2.77130e-02 
 1.77000e+02  2.84257e-02 
 1.77500e+02  2.84949e-02 
 1.78000e+02  2.88267e-02 
 1.78500e+02  2.78768e-02 
 1.79000e+02  2.86602e-02 
 1.79500e+02  2.78324e-02 
 1.80000e+02  2.78927e-02 
 1.80500e+02  2.77026e-02 
 1.81000e+02  2.79342e-02 
 1.81500e+02  2.84241e-02 
 1.82000e+02  2.79089e-02 
 1.82500e+02  2.73085e-02 
 1.83000e+02  2.66601e-02 
 1.83500e+02  2.70305e-02 
 1.84000e+02  2.75912e-02 
 1.84500e+02  2.67168e-02 
 1.85000e+02  2.67050e-02 
 1.85500e+02  2.62776e-02 
 1.86000e+02  2.71091e-02 
 1.86500e+02  2.70703e-02 
 1.87000e+02  2.67640e-02 
 1.87500e+02  2.62287e-02 
 1.88000e+02  2.65034e-02 
 1.88500e+02  2.62595e-02 
 1.89000e+02  2.64652e-02 
 1.89500e+02  2.70203e-02 
 1.90000e+02  2.66554e-02 
 1.90500e+02  2.62584e-02 
 1.91000e+02  2.63685e-02 
 1.91500e+02  2.56913e-02 
 1.92000e+02  2.57645e-02 
 1.92500e+02  2.56983e-02 
 1.93000e+02  2.54072e-02 
 1.93500e+02  2.51650e-02 
 1.94000e+02  2.52580e-02 
 1.94500e+02  2.54183e-02 
 1.95000e+02  2.56104e-02 
 1.95500e+02  2.51387e-02 
 1.96000e+02  2.54910e-02 
 1.96500e+02  2.55010e-02 
 1.97000e+02  2.50726e-02 
 1.97500e+02  2.46566e-02 
 1.98000e+02  2.45051e-02 
 1.98500e+02  2.43944e-02 
 1.99000e+02  2.44796e-02 
 1.99500e+02  2.47923e-02 
 2.00000e+02  2.42079e-02 
 2.00500e+02  2.39951e-02 
 2.01000e+02  2.39752e-02 
 2.01500e+02  2.37414e-02 
 2.02000e+02  2.37135e-02 
 2.02500e+02  2.32114e-02 
 2.03000e+02  2.29166e-02 
 2.03500e+02  2.29279e-02 
 2.04000e+02  2.31927e-02 
 2.04500e+02  2.32789e-02 
 2.05000e+02  2.35119e-02 
 2.05500e+02  2.33090e-02 
 2.06000e+02  2.27506e-02 
 2.06500e+02  2.29363e-02 
 2.07000e+02  2.30774e-02 
 2.07500e+02  2.28407e-02 
 2.08000e+02  2.24317e-02 
 2.08500e+02  2.25940e-02 
 2.09000e+02  2.23908e-02 
 2.09500e+02  2.19666e-02 
 2.10000e+02  2.20089e-02 
 2.10500e+02  2.14571e-02 
 2.11000e+02  2.20598e-02 
 2.11500e+02  2.14691e-02 
 2.12000e+02  2.17445e-02 
 2.12500e+02  2.13022e-02 
 2.13000e+02  2.07856e-02 
 2.13500e+02  2.06699e-02 
 2.14000e+02  2.06842e-02 
 2.14500e+02  2.05744e-02 
 2.15000e+02  2.03843e-02 
 2.15500e+02  2.00118e-02 
 2.16000e+02  1.97353e-02 
 2.16500e+02  1.95646e-02 
 2.17000e+02  1.96924e-02 
 2.17500e+02  1.95774e-02 
 2.18000e+02  1.94647e-02 
 2.18500e+02  2.02291e-02 
 2.19000e+02  1.96713e-02 
 2.19500e+02  1.96168e-02 
 2.20000e+02  1.93528e-02 
 2.20500e+02  1.91165e-02 
 2.21000e+02  1.89485e-02 
 2.21500e+02  1.89789e-02 
 2.22000e+02  1.89249e-02 
 2.22500e+02  1.88492e-02 
 2.23000e+02  1.84747e-02 
 2.23500e+02  1.84364e-02 
 2.24000e+02  1.84879e-02 
 2.24500e+02  1.85008e-02 
 2.25000e+02  1.84797e-02 
 2.25500e+02  1.79734e-02 
 2.26000e+02  1.78536e-02 
 2.26500e+02  1.77367e-02 
 2.27000e+02  1.72514e-02 
 2.27500e+02  1.75154e-02 
 2.28000e+02  1.74513e-02 
 2.28500e+02  1.72581e-02 
 2.29000e+02  1.68496e-02 
 2.29500e+02  1.75126e-02 
 2.30000e+02  1.71760e-02 
 2.30500e+02  1.70197e-02 
 2.31000e+02  1.69078e-02 
 2.31500e+02  1.67383e-02 
 2.32000e+02  1.65774e-02 
 2.32500e+02  1.64123e-02 
 2.33000e+02  1.63658e-02 
 2.33500e+02  1.59203e-02 
 2.34000e+02  1.62545e-02 
 2.34500e+02  1.59416e-02 
 2.35000e+02  1.58473e-02 
 2.35500e+02  1.57446e-02 
 2.36000e+02  1.56235e-02 
 2.36500e+02  1.56040e-02 
 2.37000e+02  1.53195e-02 
 2.37500e+02  1.49170e-02 
 2.38000e+02  1.50088e-02 
 2.38500e+02  1.51808e-02 
 2.39000e+02  1.48348e-02 
 2.39500e+02  1.52725e-02 
 2.40000e+02  1.45920e-02 
 2.40500e+02  1.45129e-02 
 2.41000e+02  1.44465e-02 
 2.41500e+02  1.44142e-02 
 2.42000e+02  1.40741e-02 
 2.42500e+02  1.40867e-02 
 2.43000e+02  1.40584e-02 
 2.43500e+02  1.40223e-02 
 2.44000e+02  1.38474e-02 
 2.44500e+02  1.39153e-02 
 2.45000e+02  1.35583e-02 
 2.45500e+02  1.37108e-02 
 2.46000e+02  1.35234e-02 
 2.46500e+02  1.33100e-02 
 2.47000e+02  1.29230e-02 
 2.47500e+02  1.32598e-02 
 2.48000e+02  1.27957e-02 
 2.48500e+02  1.27692e-02 
 2.49000e+02  1.28717e-02 
 2.49500e+02  1.27854e-02 
 2.50000e+02  1.24709e-02 
 2.50500e+02  1.23776e-02 
 2.51000e+02  1.21060e-02 
 2.51500e+02  1.21429e-02 
 2.52000e+02  1.18147e-02 
 2.52500e+02  1.18875e-02 
 2.53000e+02  1.16585e-02 
 2.53500e+02  1.16921e-02 
 2.54000e+02  1.14676e-02 
 2.54500e+02  1.10413e-02 
 2.55000e+02  1.10732e-02 
 2.55500e+02  1.11296e-02 
 2.56000e+02  1.10071e-02 
 2.56500e+02  1.07499e-02 
 2.57000e+02  1.04323e-02 
 2.57500e+02  1.01842e-02 
 2.58000e+02  1.02374e-02 
 2.58500e+02  9.85651e-03 
 2.59000e+02  9.60222e-03 
 2.59500e+02  9.35961e-03 
 2.60000e+02  9.37846e-03 
 2.60500e+02  9.29478e-03 
 2.61000e+02  8.97654e-03 
 2.61500e+02  8.70689e-03 
 2.62000e+02  8.64214e-03 
 2.62500e+02  8.52659e-03 
 2.63000e+02  8.18290e-03 
 2.63500e+02  8.00066e-03 
 2.64000e+02  7.82686e-03 
 2.64500e+02  7.61905e-03 
 2.65000e+02  7.25324e-03 
 2.65500e+02  7.17134e-03 
 2.66000e+02  7.09602e-03 
 2.66500e+02  6.84654e-03 
 2.67000e+02  6.66154e-03 
 2.67500e+02  6.48039e-03 
 2.68000e+02  6.33887e-03 
 2.68500e+02  6.09657e-03 
 2.69000e+02  6.05510e-03 
 2.69500e+02  5.76294e-03 
 2.70000e+02  5.62952e-03 
 2.70500e+02  5.37339e-03 
 2.71000e+02  5.21861e-03 
 2.71500e+02  5.01018e-03 
 2.72000e+02  4.83462e-03 
 2.72500e+02  4.70906e-03 
 2.73000e+02  4.61308e-03 
 2.73500e+02  4.41526e-03 
 2.74000e+02  4.32172e-03 
 2.74500e+02  4.16653e-03 
 2.75000e+02  4.02577e-03 
 2.75500e+02  3.90067e-03 
 2.76000e+02  3.76980e-03 
 2.76500e+02  3.71032e-03 
 2.77000e+02  3.59069e-03 
 2.77500e+02  3.45973e-03 
 2.78000e+02  3.37043e-03 
 2.78500e+02  3.29749e-03 
 2.79000e+02  3.22691e-03 
 2.79500e+02  3.17629e-03 
 2.80000e+02  3.07378e-03 
 2.80500e+02  2.97151e-03 
 2.81000e+02  2.90668e-03 
 2.81500e+02  2.83975e-03 
 2.82000e+02  2.79418e-03 
 2.82500e+02  2.75926e-03 
 2.83000e+02  2.71934e-03 
 2.83500e+02  2.67304e-03 
 2.84000e+02  2.58137e-03 
 2.84500e+02  2.53366e-03 
 2.85000e+02  2.46388e-03 
 2.85500e+02  2.45785e-03 
 2.86000e+02  2.38118e-03 
 2.86500e+02  2.35153e-03 
 2.87000e+02  2.30229e-03 
 2.87500e+02  2.26192e-03 
 2.88000e+02  2.20666e-03 
 2.88500e+02  2.15398e-03 
 2.89000e+02  2.13747e-03 
 2.89500e+02  2.11107e-03 
 2.90000e+02  2.07507e-03 
 2.90500e+02  2.03732e-03 
 2.91000e+02  1.99518e-03 
 2.91500e+02  1.96933e-03 
 2.92000e+02  1.94236e-03 
 2.92500e+02  1.90214e-03 
 2.93000e+02  1.88265e-03 
 2.93500e+02  1.85544e-03 
 2.94000e+02  1.84506e-03 
 2.94500e+02  1.81230e-03 
 2.95000e+02  1.79119e-03 
 2.95500e+02  1.75727e-03 
 2.96000e+02  1.73381e-03 
 2.96500e+02  1.69786e-03 
 2.97000e+02  1.68469e-03 
 2.97500e+02  1.67837e-03 
 2.98000e+02  1.64085e-03 
 2.98500e+02  1.63818e-03 
 2.99000e+02  1.60293e-03 
 2.99500e+02  1.58382e-03 
 3.00000e+02  1.56143e-03 
 3.00500e+02  1.52763e-03 
 3.01000e+02  1.53369e-03 
 3.01500e+02  1.53723e-03 
 3.02000e+02  1.49311e-03 
 3.02500e+02  1.48519e-03 
 3.03000e+02  1.47251e-03 
 3.03500e+02  1.45405e-03 
 3.04000e+02  1.43831e-03 
 3.04500e+02  1.43265e-03 
 3.05000e+02  1.41895e-03 
 3.05500e+02  1.39845e-03 
 3.06000e+02  1.38501e-03 
 3.06500e+02  1.36384e-03 
 3.07000e+02  1.35985e-03 
 3.07500e+02  1.33502e-03 
 3.08000e+02  1.31751e-03 
 3.08500e+02  1.30857e-03 
 3.09000e+02  1.30200e-03 
 3.09500e+02  1.29150e-03 
 3.10000e+02  1.27478e-03 
 3.10500e+02  1.26234e-03 
 3.11000e+02  1.26529e-03 
 3.11500e+02  1.24764e-03 
 3.12000e+02  1.23231e-03 
 3.12500e+02  1.23187e-03 
 3.13000e+02  1.21268e-03 
 3.13500e+02  1.21466e-03 
 3.14000e+02  1.20042e-03 
 3.14500e+02  1.17892e-03 
 3.15000e+02  1.18053e-03 
 3.15500e+02  1.16987e-03 
 3.16000e+02  1.15586e-03 
 3.16500e+02  1.15191e-03 
 3.17000e+02  1.12961e-03 
 3.17500e+02  1.12174e-03 
 3.18000e+02  1.11543e-03 
 3.18500e+02  1.10682e-03 
 3.19000e+02  1.09543e-03 
 3.19500e+02  1.10283e-03 
