 0.00000e+00  1.04745e-03 
 5.00000e-01  1.05731e-03 
 1.00000e+00  1.05730e-03 
 1.50000e+00  1.06106e-03 
 2.00000e+00  1.07520e-03 
 2.50000e+00  1.09067e-03 
 3.00000e+00  1.10086e-03 
 3.50000e+00  1.11048e-03 
 4.00000e+00  1.11314e-03 
 4.50000e+00  1.11495e-03 
 5.00000e+00  1.12174e-03 
 5.50000e+00  1.13223e-03 
 6.00000e+00  1.14946e-03 
 6.50000e+00  1.15608e-03 
 7.00000e+00  1.16363e-03 
 7.50000e+00  1.16562e-03 
 8.00000e+00  1.18938e-03 
 8.50000e+00  1.19658e-03 
 9.00000e+00  1.21833e-03 
 9.50000e+00  1.22508e-03 
 1.00000e+01  1.24217e-03 
 1.05000e+01  1.25997e-03 
 1.10000e+01  1.27894e-03 
 1.15000e+01  1.28461e-03 
 1.20000e+01  1.31043e-03 
 1.25000e+01  1.30558e-03 
 1.30000e+01  1.32289e-03 
 1.35000e+01  1.34782e-03 
 1.40000e+01  1.34927e-03 
 1.45000e+01  1.37302e-03 
 1.50000e+01  1.39146e-03 
 1.55000e+01  1.39166e-03 
 1.60000e+01  1.41934e-03 
 1.65000e+01  1.42186e-03 
 1.70000e+01  1.45531e-03 
 1.75000e+01  1.45832e-03 
 1.80000e+01  1.47228e-03 
 1.85000e+01  1.49489e-03 
 1.90000e+01  1.51964e-03 
 1.95000e+01  1.51116e-03 
 2.00000e+01  1.54438e-03 
 2.05000e+01  1.57793e-03 
 2.10000e+01  1.59300e-03 
 2.15000e+01  1.59730e-03 
 2.20000e+01  1.60114e-03 
 2.25000e+01  1.63948e-03 
 2.30000e+01  1.64785e-03 
 2.35000e+01  1.67770e-03 
 2.40000e+01  1.70618e-03 
 2.45000e+01  1.73666e-03 
 2.50000e+01  1.73807e-03 
 2.55000e+01  1.75254e-03 
 2.60000e+01  1.79071e-03 
 2.65000e+01  1.82734e-03 
 2.70000e+01  1.85122e-03 
 2.75000e+01  1.88158e-03 
 2.80000e+01  1.92291e-03 
 2.85000e+01  1.94976e-03 
 2.90000e+01  2.00240e-03 
 2.95000e+01  2.02726e-03 
 3.00000e+01  2.04930e-03 
 3.05000e+01  2.07868e-03 
 3.10000e+01  2.14896e-03 
 3.15000e+01  2.17303e-03 
 3.20000e+01  2.20279e-03 
 3.25000e+01  2.23114e-03 
 3.30000e+01  2.28034e-03 
 3.35000e+01  2.31030e-03 
 3.40000e+01  2.38050e-03 
 3.45000e+01  2.43464e-03 
 3.50000e+01  2.50606e-03 
 3.55000e+01  2.53948e-03 
 3.60000e+01  2.59827e-03 
 3.65000e+01  2.65754e-03 
 3.70000e+01  2.70306e-03 
 3.75000e+01  2.76437e-03 
 3.80000e+01  2.79193e-03 
 3.85000e+01  2.86422e-03 
 3.90000e+01  2.97525e-03 
 3.95000e+01  3.03678e-03 
 4.00000e+01  3.10774e-03 
 4.05000e+01  3.23142e-03 
 4.10000e+01  3.28294e-03 
 4.15000e+01  3.38846e-03 
 4.20000e+01  3.47076e-03 
 4.25000e+01  3.56054e-03 
 4.30000e+01  3.67257e-03 
 4.35000e+01  3.79677e-03 
 4.40000e+01  3.90850e-03 
 4.45000e+01  4.02468e-03 
 4.50000e+01  4.11902e-03 
 4.55000e+01  4.22300e-03 
 4.60000e+01  4.37741e-03 
 4.65000e+01  4.59050e-03 
 4.70000e+01  4.76126e-03 
 4.75000e+01  4.86828e-03 
 4.80000e+01  5.01870e-03 
 4.85000e+01  5.19454e-03 
 4.90000e+01  5.36167e-03 
 4.95000e+01  5.54814e-03 
 5.00000e+01  5.72531e-03 
 5.05000e+01  5.86922e-03 
 5.10000e+01  6.06519e-03 
 5.15000e+01  6.24206e-03 
 5.20000e+01  6.42266e-03 
 5.25000e+01  6.65749e-03 
 5.30000e+01  6.81082e-03 
 5.35000e+01  6.98858e-03 
 5.40000e+01  7.19958e-03 
 5.45000e+01  7.32553e-03 
 5.50000e+01  7.59549e-03 
 5.55000e+01  7.89516e-03 
 5.60000e+01  8.01748e-03 
 5.65000e+01  8.14520e-03 
 5.70000e+01  8.37443e-03 
 5.75000e+01  8.52078e-03 
 5.80000e+01  8.70082e-03 
 5.85000e+01  9.00798e-03 
 5.90000e+01  9.15425e-03 
 5.95000e+01  9.12748e-03 
 6.00000e+01  9.14644e-03 
 6.05000e+01  9.38581e-03 
 6.10000e+01  9.78472e-03 
 6.15000e+01  9.94282e-03 
 6.20000e+01  9.94828e-03 
 6.25000e+01  1.02125e-02 
 6.30000e+01  1.04598e-02 
 6.35000e+01  1.02536e-02 
 6.40000e+01  1.06167e-02 
 6.45000e+01  1.06207e-02 
 6.50000e+01  1.06239e-02 
 6.55000e+01  1.07149e-02 
 6.60000e+01  1.09480e-02 
 6.65000e+01  1.12587e-02 
 6.70000e+01  1.11828e-02 
 6.75000e+01  1.13216e-02 
 6.80000e+01  1.14747e-02 
 6.85000e+01  1.17617e-02 
 6.90000e+01  1.20229e-02 
 6.95000e+01  1.18366e-02 
 7.00000e+01  1.23156e-02 
 7.05000e+01  1.21430e-02 
 7.10000e+01  1.22642e-02 
 7.15000e+01  1.24854e-02 
 7.20000e+01  1.26130e-02 
 7.25000e+01  1.24983e-02 
 7.30000e+01  1.27581e-02 
 7.35000e+01  1.26519e-02 
 7.40000e+01  1.29705e-02 
 7.45000e+01  1.29436e-02 
 7.50000e+01  1.34285e-02 
 7.55000e+01  1.33935e-02 
 7.60000e+01  1.36613e-02 
 7.65000e+01  1.37285e-02 
 7.70000e+01  1.38654e-02 
 7.75000e+01  1.37109e-02 
 7.80000e+01  1.37243e-02 
 7.85000e+01  1.37779e-02 
 7.90000e+01  1.40461e-02 
 7.95000e+01  1.40806e-02 
 8.00000e+01  1.44188e-02 
 8.05000e+01  1.45090e-02 
 8.10000e+01  1.46528e-02 
 8.15000e+01  1.47788e-02 
 8.20000e+01  1.45733e-02 
 8.25000e+01  1.47008e-02 
 8.30000e+01  1.46772e-02 
 8.35000e+01  1.45540e-02 
 8.40000e+01  1.48270e-02 
 8.45000e+01  1.50760e-02 
 8.50000e+01  1.53385e-02 
 8.55000e+01  1.51280e-02 
 8.60000e+01  1.54210e-02 
 8.65000e+01  1.53145e-02 
 8.70000e+01  1.54760e-02 
 8.75000e+01  1.54574e-02 
 8.80000e+01  1.57352e-02 
 8.85000e+01  1.57307e-02 
 8.90000e+01  1.57680e-02 
 8.95000e+01  1.59151e-02 
 9.00000e+01  1.58451e-02 
 9.05000e+01  1.59047e-02 
 9.10000e+01  1.62021e-02 
 9.15000e+01  1.60931e-02 
 9.20000e+01  1.61858e-02 
 9.25000e+01  1.61160e-02 
 9.30000e+01  1.67955e-02 
 9.35000e+01  1.69367e-02 
 9.40000e+01  1.68184e-02 
 9.45000e+01  1.68296e-02 
 9.50000e+01  1.67604e-02 
 9.55000e+01  1.71890e-02 
 9.60000e+01  1.67021e-02 
 9.65000e+01  1.67235e-02 
 9.70000e+01  1.67564e-02 
 9.75000e+01  1.73838e-02 
 9.80000e+01  1.72979e-02 
 9.85000e+01  1.71771e-02 
 9.90000e+01  1.73953e-02 
 9.95000e+01  1.75770e-02 
 1.00000e+02  1.79062e-02 
 1.00500e+02  1.73634e-02 
 1.01000e+02  1.80760e-02 
 1.01500e+02  1.84368e-02 
 1.02000e+02  1.82624e-02 
 1.02500e+02  1.83988e-02 
 1.03000e+02  1.83994e-02 
 1.03500e+02  1.83842e-02 
 1.04000e+02  1.84896e-02 
 1.04500e+02  1.83379e-02 
 1.05000e+02  1.86503e-02 
 1.05500e+02  1.91710e-02 
 1.06000e+02  1.90212e-02 
 1.06500e+02  1.89985e-02 
 1.07000e+02  1.95267e-02 
 1.07500e+02  1.92951e-02 
 1.08000e+02  1.95323e-02 
 1.08500e+02  1.96874e-02 
 1.09000e+02  1.97283e-02 
 1.09500e+02  2.03140e-02 
 1.10000e+02  2.04498e-02 
 1.10500e+02  2.07474e-02 
 1.11000e+02  2.03645e-02 
 1.11500e+02  2.10419e-02 
 1.12000e+02  2.06171e-02 
 1.12500e+02  2.09011e-02 
 1.13000e+02  2.07201e-02 
 1.13500e+02  2.11512e-02 
 1.14000e+02  2.15262e-02 
 1.14500e+02  2.17489e-02 
 1.15000e+02  2.18902e-02 
 1.15500e+02  2.16433e-02 
 1.16000e+02  2.21414e-02 
 1.16500e+02  2.14827e-02 
 1.17000e+02  2.21407e-02 
 1.17500e+02  2.23247e-02 
 1.18000e+02  2.19876e-02 
 1.18500e+02  2.24460e-02 
 1.19000e+02  2.17682e-02 
 1.19500e+02  2.23244e-02 
 1.20000e+02  2.20463e-02 
 1.20500e+02  2.22788e-02 
 1.21000e+02  2.17732e-02 
 1.21500e+02  2.24505e-02 
 1.22000e+02  2.24094e-02 
 1.22500e+02  2.31460e-02 
 1.23000e+02  2.35496e-02 
 1.23500e+02  2.35803e-02 
 1.24000e+02  2.40792e-02 
 1.24500e+02  2.37610e-02 
 1.25000e+02  2.40235e-02 
 1.25500e+02  2.42526e-02 
 1.26000e+02  2.43263e-02 
 1.26500e+02  2.44013e-02 
 1.27000e+02  2.45318e-02 
 1.27500e+02  2.45557e-02 
 1.28000e+02  2.51787e-02 
 1.28500e+02  2.49337e-02 
 1.29000e+02  2.55414e-02 
 1.29500e+02  2.48115e-02 
 1.30000e+02  2.53871e-02 
 1.30500e+02  2.52071e-02 
 1.31000e+02  2.57297e-02 
 1.31500e+02  2.59061e-02 
 1.32000e+02  2.59510e-02 
 1.32500e+02  2.58583e-02 
 1.33000e+02  2.61657e-02 
 1.33500e+02  2.59270e-02 
 1.34000e+02  2.60745e-02 
 1.34500e+02  2.63059e-02 
 1.35000e+02  2.64647e-02 
 1.35500e+02  2.65619e-02 
 1.36000e+02  2.55893e-02 
 1.36500e+02  2.57305e-02 
 1.37000e+02  2.54872e-02 
 1.37500e+02  2.58628e-02 
 1.38000e+02  2.62643e-02 
 1.38500e+02  2.65025e-02 
 1.39000e+02  2.58824e-02 
 1.39500e+02  2.62651e-02 
 1.40000e+02  2.70792e-02 
 1.40500e+02  2.69845e-02 
 1.41000e+02  2.69036e-02 
 1.41500e+02  2.68586e-02 
 1.42000e+02  2.72610e-02 
 1.42500e+02  2.69608e-02 
 1.43000e+02  2.67889e-02 
 1.43500e+02  2.71583e-02 
 1.44000e+02  2.66397e-02 
 1.44500e+02  2.65879e-02 
 1.45000e+02  2.67699e-02 
 1.45500e+02  2.67763e-02 
 1.46000e+02  2.70119e-02 
 1.46500e+02  2.71018e-02 
 1.47000e+02  2.64427e-02 
 1.47500e+02  2.75156e-02 
 1.48000e+02  2.71417e-02 
 1.48500e+02  2.67662e-02 
 1.49000e+02  2.62466e-02 
 1.49500e+02  2.69895e-02 
 1.50000e+02  2.64949e-02 
 1.50500e+02  2.67886e-02 
 1.51000e+02  2.78866e-02 
 1.51500e+02  2.73097e-02 
 1.52000e+02  2.72976e-02 
 1.52500e+02  2.77461e-02 
 1.53000e+02  2.77226e-02 
 1.53500e+02  2.80486e-02 
 1.54000e+02  2.81032e-02 
 1.54500e+02  2.83887e-02 
 1.55000e+02  2.82359e-02 
 1.55500e+02  2.83557e-02 
 1.56000e+02  2.71308e-02 
 1.56500e+02  2.81883e-02 
 1.57000e+02  2.72646e-02 
 1.57500e+02  2.78653e-02 
 1.58000e+02  2.84309e-02 
 1.58500e+02  2.77028e-02 
 1.59000e+02  2.78406e-02 
 1.59500e+02  2.77582e-02 
 1.60000e+02  2.72628e-02 
 1.60500e+02  2.79291e-02 
 1.61000e+02  2.80666e-02 
 1.61500e+02  2.74159e-02 
 1.62000e+02  2.84228e-02 
 1.62500e+02  2.80913e-02 
 1.63000e+02  2.80330e-02 
 1.63500e+02  2.80631e-02 
 1.64000e+02  2.74241e-02 
 1.64500e+02  2.77530e-02 
 1.65000e+02  2.76035e-02 
 1.65500e+02  2.81592e-02 
 1.66000e+02  2.77626e-02 
 1.66500e+02  2.74764e-02 
 1.67000e+02  2.77791e-02 
 1.67500e+02  2.86218e-02 
 1.68000e+02  2.88356e-02 
 1.68500e+02  2.86451e-02 
 1.69000e+02  2.89337e-02 
 1.69500e+02  2.89978e-02 
 1.70000e+02  2.81755e-02 
 1.70500e+02  2.85521e-02 
 1.71000e+02  2.79876e-02 
 1.71500e+02  2.86760e-02 
 1.72000e+02  2.82276e-02 
 1.72500e+02  2.86390e-02 
 1.73000e+02  2.79054e-02 
 1.73500e+02  2.81682e-02 
 1.74000e+02  2.80652e-02 
 1.74500e+02  2.82420e-02 
 1.75000e+02  2.82130e-02 
 1.75500e+02  2.77761e-02 
 1.76000e+02  2.76705e-02 
 1.76500e+02  2.78789e-02 
 1.77000e+02  2.84435e-02 
 1.77500e+02  2.86714e-02 
 1.78000e+02  2.73584e-02 
 1.78500e+02  2.80545e-02 
 1.79000e+02  2.82148e-02 
 1.79500e+02  2.86474e-02 
 1.80000e+02  2.80154e-02 
 1.80500e+02  2.75567e-02 
 1.81000e+02  2.76553e-02 
 1.81500e+02  2.73341e-02 
 1.82000e+02  2.70832e-02 
 1.82500e+02  2.62181e-02 
 1.83000e+02  2.63670e-02 
 1.83500e+02  2.63794e-02 
 1.84000e+02  2.59782e-02 
 1.84500e+02  2.61770e-02 
 1.85000e+02  2.65373e-02 
 1.85500e+02  2.61948e-02 
 1.86000e+02  2.68614e-02 
 1.86500e+02  2.65482e-02 
 1.87000e+02  2.72018e-02 
 1.87500e+02  2.66591e-02 
 1.88000e+02  2.70502e-02 
 1.88500e+02  2.70217e-02 
 1.89000e+02  2.72477e-02 
 1.89500e+02  2.65432e-02 
 1.90000e+02  2.67308e-02 
 1.90500e+02  2.60966e-02 
 1.91000e+02  2.66999e-02 
 1.91500e+02  2.62963e-02 
 1.92000e+02  2.61777e-02 
 1.92500e+02  2.55044e-02 
 1.93000e+02  2.49934e-02 
 1.93500e+02  2.52037e-02 
 1.94000e+02  2.47816e-02 
 1.94500e+02  2.47213e-02 
 1.95000e+02  2.40078e-02 
 1.95500e+02  2.44587e-02 
 1.96000e+02  2.42739e-02 
 1.96500e+02  2.44952e-02 
 1.97000e+02  2.44855e-02 
 1.97500e+02  2.43435e-02 
 1.98000e+02  2.41125e-02 
 1.98500e+02  2.42428e-02 
 1.99000e+02  2.41656e-02 
 1.99500e+02  2.45932e-02 
 2.00000e+02  2.46719e-02 
 2.00500e+02  2.43594e-02 
 2.01000e+02  2.38257e-02 
 2.01500e+02  2.46289e-02 
 2.02000e+02  2.37284e-02 
 2.02500e+02  2.27770e-02 
 2.03000e+02  2.27726e-02 
 2.03500e+02  2.26081e-02 
 2.04000e+02  2.28895e-02 
 2.04500e+02  2.28726e-02 
 2.05000e+02  2.26687e-02 
 2.05500e+02  2.30597e-02 
 2.06000e+02  2.35655e-02 
 2.06500e+02  2.24317e-02 
 2.07000e+02  2.25005e-02 
 2.07500e+02  2.24115e-02 
 2.08000e+02  2.25095e-02 
 2.08500e+02  2.23522e-02 
 2.09000e+02  2.22088e-02 
 2.09500e+02  2.24048e-02 
 2.10000e+02  2.18654e-02 
 2.10500e+02  2.18874e-02 
 2.11000e+02  2.16044e-02 
 2.11500e+02  2.17566e-02 
 2.12000e+02  2.18791e-02 
 2.12500e+02  2.15262e-02 
 2.13000e+02  2.15467e-02 
 2.13500e+02  2.08076e-02 
 2.14000e+02  2.10220e-02 
 2.14500e+02  2.08955e-02 
 2.15000e+02  2.09812e-02 
 2.15500e+02  2.05222e-02 
 2.16000e+02  2.06035e-02 
 2.16500e+02  2.01703e-02 
 2.17000e+02  2.01764e-02 
 2.17500e+02  2.00819e-02 
 2.18000e+02  1.97073e-02 
 2.18500e+02  2.00048e-02 
 2.19000e+02  1.98940e-02 
 2.19500e+02  1.96921e-02 
 2.20000e+02  1.95947e-02 
 2.20500e+02  1.96679e-02 
 2.21000e+02  1.92063e-02 
 2.21500e+02  1.89583e-02 
 2.22000e+02  1.86914e-02 
 2.22500e+02  1.88709e-02 
 2.23000e+02  1.87805e-02 
 2.23500e+02  1.86158e-02 
 2.24000e+02  1.84200e-02 
 2.24500e+02  1.88046e-02 
 2.25000e+02  1.84872e-02 
 2.25500e+02  1.84946e-02 
 2.26000e+02  1.77491e-02 
 2.26500e+02  1.79238e-02 
 2.27000e+02  1.76163e-02 
 2.27500e+02  1.77167e-02 
 2.28000e+02  1.76937e-02 
 2.28500e+02  1.71515e-02 
 2.29000e+02  1.69634e-02 
 2.29500e+02  1.68844e-02 
 2.30000e+02  1.65957e-02 
 2.30500e+02  1.66331e-02 
 2.31000e+02  1.70466e-02 
 2.31500e+02  1.68441e-02 
 2.32000e+02  1.70602e-02 
 2.32500e+02  1.63118e-02 
 2.33000e+02  1.63127e-02 
 2.33500e+02  1.61567e-02 
 2.34000e+02  1.59504e-02 
 2.34500e+02  1.57997e-02 
 2.35000e+02  1.58365e-02 
 2.35500e+02  1.56670e-02 
 2.36000e+02  1.55628e-02 
 2.36500e+02  1.53194e-02 
 2.37000e+02  1.54273e-02 
 2.37500e+02  1.53845e-02 
 2.38000e+02  1.52046e-02 
 2.38500e+02  1.56377e-02 
 2.39000e+02  1.51171e-02 
 2.39500e+02  1.50829e-02 
 2.40000e+02  1.46552e-02 
 2.40500e+02  1.44441e-02 
 2.41000e+02  1.43644e-02 
 2.41500e+02  1.44420e-02 
 2.42000e+02  1.42419e-02 
 2.42500e+02  1.42788e-02 
 2.43000e+02  1.41044e-02 
 2.43500e+02  1.40969e-02 
 2.44000e+02  1.38032e-02 
 2.44500e+02  1.37354e-02 
 2.45000e+02  1.36423e-02 
 2.45500e+02  1.35780e-02 
 2.46000e+02  1.34439e-02 
 2.46500e+02  1.34240e-02 
 2.47000e+02  1.28178e-02 
 2.47500e+02  1.30881e-02 
 2.48000e+02  1.28246e-02 
 2.48500e+02  1.26313e-02 
 2.49000e+02  1.27204e-02 
 2.49500e+02  1.25246e-02 
 2.50000e+02  1.22773e-02 
 2.50500e+02  1.20927e-02 
 2.51000e+02  1.20303e-02 
 2.51500e+02  1.19325e-02 
 2.52000e+02  1.15801e-02 
 2.52500e+02  1.14156e-02 
 2.53000e+02  1.13883e-02 
 2.53500e+02  1.12318e-02 
 2.54000e+02  1.10420e-02 
 2.54500e+02  1.10093e-02 
 2.55000e+02  1.10167e-02 
 2.55500e+02  1.09280e-02 
 2.56000e+02  1.07262e-02 
 2.56500e+02  1.04869e-02 
 2.57000e+02  1.01193e-02 
 2.57500e+02  1.00003e-02 
 2.58000e+02  9.85335e-03 
 2.58500e+02  9.54170e-03 
 2.59000e+02  9.50418e-03 
 2.59500e+02  9.39874e-03 
 2.60000e+02  9.24935e-03 
 2.60500e+02  8.92886e-03 
 2.61000e+02  8.77901e-03 
 2.61500e+02  8.60234e-03 
 2.62000e+02  8.48649e-03 
 2.62500e+02  8.35895e-03 
 2.63000e+02  8.13901e-03 
 2.63500e+02  7.88159e-03 
 2.64000e+02  7.65098e-03 
 2.64500e+02  7.39782e-03 
 2.65000e+02  7.24990e-03 
 2.65500e+02  7.02600e-03 
 2.66000e+02  6.87178e-03 
 2.66500e+02  6.60006e-03 
 2.67000e+02  6.53715e-03 
 2.67500e+02  6.22561e-03 
 2.68000e+02  6.07121e-03 
 2.68500e+02  5.86826e-03 
 2.69000e+02  5.71334e-03 
 2.69500e+02  5.58898e-03 
 2.70000e+02  5.44146e-03 
 2.70500e+02  5.19351e-03 
 2.71000e+02  5.06742e-03 
 2.71500e+02  4.87924e-03 
 2.72000e+02  4.77210e-03 
 2.72500e+02  4.61662e-03 
 2.73000e+02  4.48825e-03 
 2.73500e+02  4.35992e-03 
 2.74000e+02  4.24730e-03 
 2.74500e+02  4.06059e-03 
 2.75000e+02  3.91158e-03 
 2.75500e+02  3.78221e-03 
 2.76000e+02  3.69484e-03 
 2.76500e+02  3.61854e-03 
 2.77000e+02  3.49290e-03 
 2.77500e+02  3.36138e-03 
 2.78000e+02  3.28495e-03 
 2.78500e+02  3.21598e-03 
 2.79000e+02  3.14213e-03 
 2.79500e+02  3.09079e-03 
 2.80000e+02  3.05813e-03 
 2.80500e+02  2.96024e-03 
 2.81000e+02  2.87689e-03 
 2.81500e+02  2.80045e-03 
 2.82000e+02  2.77472e-03 
 2.82500e+02  2.74967e-03 
 2.83000e+02  2.66958e-03 
 2.83500e+02  2.60934e-03 
 2.84000e+02  2.52368e-03 
 2.84500e+02  2.48894e-03 
 2.85000e+02  2.45948e-03 
 2.85500e+02  2.40518e-03 
 2.86000e+02  2.38241e-03 
 2.86500e+02  2.34278e-03 
 2.87000e+02  2.30196e-03 
 2.87500e+02  2.23826e-03 
 2.88000e+02  2.17689e-03 
 2.88500e+02  2.14407e-03 
 2.89000e+02  2.12622e-03 
 2.89500e+02  2.07655e-03 
 2.90000e+02  2.03620e-03 
 2.90500e+02  1.99448e-03 
 2.91000e+02  1.96690e-03 
 2.91500e+02  1.93618e-03 
 2.92000e+02  1.90932e-03 
 2.92500e+02  1.87822e-03 
 2.93000e+02  1.85964e-03 
 2.93500e+02  1.80853e-03 
 2.94000e+02  1.79647e-03 
 2.94500e+02  1.76225e-03 
 2.95000e+02  1.74078e-03 
 2.95500e+02  1.72508e-03 
 2.96000e+02  1.68935e-03 
 2.96500e+02  1.65143e-03 
 2.97000e+02  1.62894e-03 
 2.97500e+02  1.62152e-03 
 2.98000e+02  1.61553e-03 
 2.98500e+02  1.61792e-03 
 2.99000e+02  1.59718e-03 
 2.99500e+02  1.56136e-03 
 3.00000e+02  1.53886e-03 
 3.00500e+02  1.52395e-03 
 3.01000e+02  1.51445e-03 
 3.01500e+02  1.50366e-03 
 3.02000e+02  1.47589e-03 
 3.02500e+02  1.45182e-03 
 3.03000e+02  1.45277e-03 
 3.03500e+02  1.42790e-03 
 3.04000e+02  1.42578e-03 
 3.04500e+02  1.40826e-03 
 3.05000e+02  1.39188e-03 
 3.05500e+02  1.38672e-03 
 3.06000e+02  1.36998e-03 
 3.06500e+02  1.34882e-03 
 3.07000e+02  1.33867e-03 
 3.07500e+02  1.31722e-03 
 3.08000e+02  1.29882e-03 
 3.08500e+02  1.29478e-03 
 3.09000e+02  1.28390e-03 
 3.09500e+02  1.27846e-03 
 3.10000e+02  1.27795e-03 
 3.10500e+02  1.26972e-03 
 3.11000e+02  1.25431e-03 
 3.11500e+02  1.24150e-03 
 3.12000e+02  1.23171e-03 
 3.12500e+02  1.22827e-03 
 3.13000e+02  1.21055e-03 
 3.13500e+02  1.20155e-03 
 3.14000e+02  1.18842e-03 
 3.14500e+02  1.17572e-03 
 3.15000e+02  1.16845e-03 
 3.15500e+02  1.16627e-03 
 3.16000e+02  1.15502e-03 
 3.16500e+02  1.13778e-03 
 3.17000e+02  1.12090e-03 
 3.17500e+02  1.13026e-03 
 3.18000e+02  1.12831e-03 
 3.18500e+02  1.12148e-03 
 3.19000e+02  1.09926e-03 
 3.19500e+02  1.10375e-03 
