 0.00000e+00  1.05643e-03 
 5.00000e-01  1.07097e-03 
 1.00000e+00  1.07502e-03 
 1.50000e+00  1.07938e-03 
 2.00000e+00  1.08365e-03 
 2.50000e+00  1.09397e-03 
 3.00000e+00  1.10109e-03 
 3.50000e+00  1.11306e-03 
 4.00000e+00  1.11968e-03 
 4.50000e+00  1.13007e-03 
 5.00000e+00  1.13539e-03 
 5.50000e+00  1.14018e-03 
 6.00000e+00  1.16263e-03 
 6.50000e+00  1.16550e-03 
 7.00000e+00  1.18582e-03 
 7.50000e+00  1.19998e-03 
 8.00000e+00  1.21342e-03 
 8.50000e+00  1.21027e-03 
 9.00000e+00  1.22237e-03 
 9.50000e+00  1.23366e-03 
 1.00000e+01  1.22978e-03 
 1.05000e+01  1.24122e-03 
 1.10000e+01  1.26139e-03 
 1.15000e+01  1.26176e-03 
 1.20000e+01  1.27644e-03 
 1.25000e+01  1.30510e-03 
 1.30000e+01  1.33751e-03 
 1.35000e+01  1.34478e-03 
 1.40000e+01  1.34171e-03 
 1.45000e+01  1.35459e-03 
 1.50000e+01  1.37074e-03 
 1.55000e+01  1.37859e-03 
 1.60000e+01  1.39914e-03 
 1.65000e+01  1.42646e-03 
 1.70000e+01  1.45524e-03 
 1.75000e+01  1.46785e-03 
 1.80000e+01  1.47990e-03 
 1.85000e+01  1.47746e-03 
 1.90000e+01  1.51262e-03 
 1.95000e+01  1.50469e-03 
 2.00000e+01  1.51884e-03 
 2.05000e+01  1.52670e-03 
 2.10000e+01  1.57407e-03 
 2.15000e+01  1.57730e-03 
 2.20000e+01  1.59424e-03 
 2.25000e+01  1.61496e-03 
 2.30000e+01  1.64206e-03 
 2.35000e+01  1.66797e-03 
 2.40000e+01  1.68328e-03 
 2.45000e+01  1.71480e-03 
 2.50000e+01  1.74069e-03 
 2.55000e+01  1.74614e-03 
 2.60000e+01  1.77754e-03 
 2.65000e+01  1.82006e-03 
 2.70000e+01  1.83866e-03 
 2.75000e+01  1.86715e-03 
 2.80000e+01  1.90825e-03 
 2.85000e+01  1.94494e-03 
 2.90000e+01  1.97818e-03 
 2.95000e+01  2.01329e-03 
 3.00000e+01  2.02458e-03 
 3.05000e+01  2.09078e-03 
 3.10000e+01  2.11546e-03 
 3.15000e+01  2.16140e-03 
 3.20000e+01  2.19816e-03 
 3.25000e+01  2.23991e-03 
 3.30000e+01  2.31587e-03 
 3.35000e+01  2.32690e-03 
 3.40000e+01  2.35952e-03 
 3.45000e+01  2.40130e-03 
 3.50000e+01  2.49393e-03 
 3.55000e+01  2.52545e-03 
 3.60000e+01  2.58736e-03 
 3.65000e+01  2.66814e-03 
 3.70000e+01  2.73490e-03 
 3.75000e+01  2.78466e-03 
 3.80000e+01  2.85063e-03 
 3.85000e+01  2.90077e-03 
 3.90000e+01  2.98989e-03 
 3.95000e+01  3.02982e-03 
 4.00000e+01  3.09396e-03 
 4.05000e+01  3.19710e-03 
 4.10000e+01  3.28616e-03 
 4.15000e+01  3.34834e-03 
 4.20000e+01  3.45974e-03 
 4.25000e+01  3.55687e-03 
 4.30000e+01  3.66946e-03 
 4.35000e+01  3.76979e-03 
 4.40000e+01  3.87128e-03 
 4.45000e+01  4.04577e-03 
 4.50000e+01  4.14999e-03 
 4.55000e+01  4.29042e-03 
 4.60000e+01  4.43587e-03 
 4.65000e+01  4.61096e-03 
 4.70000e+01  4.73932e-03 
 4.75000e+01  4.87064e-03 
 4.80000e+01  4.95364e-03 
 4.85000e+01  5.10958e-03 
 4.90000e+01  5.27170e-03 
 4.95000e+01  5.48495e-03 
 5.00000e+01  5.62631e-03 
 5.05000e+01  5.77803e-03 
 5.10000e+01  5.92790e-03 
 5.15000e+01  6.12430e-03 
 5.20000e+01  6.33689e-03 
 5.25000e+01  6.58050e-03 
 5.30000e+01  6.75047e-03 
 5.35000e+01  7.00483e-03 
 5.40000e+01  7.24674e-03 
 5.45000e+01  7.38421e-03 
 5.50000e+01  7.69299e-03 
 5.55000e+01  7.76503e-03 
 5.60000e+01  8.00151e-03 
 5.65000e+01  8.23490e-03 
 5.70000e+01  8.30610e-03 
 5.75000e+01  8.31681e-03 
 5.80000e+01  8.55481e-03 
 5.85000e+01  8.77883e-03 
 5.90000e+01  9.09098e-03 
 5.95000e+01  9.29893e-03 
 6.00000e+01  9.33146e-03 
 6.05000e+01  9.49866e-03 
 6.10000e+01  9.84120e-03 
 6.15000e+01  9.72601e-03 
 6.20000e+01  9.91215e-03 
 6.25000e+01  9.97361e-03 
 6.30000e+01  1.03578e-02 
 6.35000e+01  1.03709e-02 
 6.40000e+01  1.03060e-02 
 6.45000e+01  1.03678e-02 
 6.50000e+01  1.06188e-02 
 6.55000e+01  1.05626e-02 
 6.60000e+01  1.08239e-02 
 6.65000e+01  1.10932e-02 
 6.70000e+01  1.12982e-02 
 6.75000e+01  1.11791e-02 
 6.80000e+01  1.13184e-02 
 6.85000e+01  1.15015e-02 
 6.90000e+01  1.15445e-02 
 6.95000e+01  1.15684e-02 
 7.00000e+01  1.17722e-02 
 7.05000e+01  1.19826e-02 
 7.10000e+01  1.20302e-02 
 7.15000e+01  1.21414e-02 
 7.20000e+01  1.23472e-02 
 7.25000e+01  1.21880e-02 
 7.30000e+01  1.22930e-02 
 7.35000e+01  1.27054e-02 
 7.40000e+01  1.28275e-02 
 7.45000e+01  1.27634e-02 
 7.50000e+01  1.30052e-02 
 7.55000e+01  1.32709e-02 
 7.60000e+01  1.32569e-02 
 7.65000e+01  1.34988e-02 
 7.70000e+01  1.36886e-02 
 7.75000e+01  1.37179e-02 
 7.80000e+01  1.35400e-02 
 7.85000e+01  1.36288e-02 
 7.90000e+01  1.37677e-02 
 7.95000e+01  1.41072e-02 
 8.00000e+01  1.41577e-02 
 8.05000e+01  1.42238e-02 
 8.10000e+01  1.44987e-02 
 8.15000e+01  1.46933e-02 
 8.20000e+01  1.47165e-02 
 8.25000e+01  1.44862e-02 
 8.30000e+01  1.48174e-02 
 8.35000e+01  1.45849e-02 
 8.40000e+01  1.49079e-02 
 8.45000e+01  1.55221e-02 
 8.50000e+01  1.53572e-02 
 8.55000e+01  1.52817e-02 
 8.60000e+01  1.52294e-02 
 8.65000e+01  1.53639e-02 
 8.70000e+01  1.54491e-02 
 8.75000e+01  1.54556e-02 
 8.80000e+01  1.57909e-02 
 8.85000e+01  1.54699e-02 
 8.90000e+01  1.56430e-02 
 8.95000e+01  1.60097e-02 
 9.00000e+01  1.61658e-02 
 9.05000e+01  1.59253e-02 
 9.10000e+01  1.63432e-02 
 9.15000e+01  1.63410e-02 
 9.20000e+01  1.67859e-02 
 9.25000e+01  1.66418e-02 
 9.30000e+01  1.68628e-02 
 9.35000e+01  1.65481e-02 
 9.40000e+01  1.67411e-02 
 9.45000e+01  1.67968e-02 
 9.50000e+01  1.70864e-02 
 9.55000e+01  1.70492e-02 
 9.60000e+01  1.74132e-02 
 9.65000e+01  1.72041e-02 
 9.70000e+01  1.71958e-02 
 9.75000e+01  1.76631e-02 
 9.80000e+01  1.77884e-02 
 9.85000e+01  1.75546e-02 
 9.90000e+01  1.79224e-02 
 9.95000e+01  1.81879e-02 
 1.00000e+02  1.82599e-02 
 1.00500e+02  1.84965e-02 
 1.01000e+02  1.85878e-02 
 1.01500e+02  1.86226e-02 
 1.02000e+02  1.86763e-02 
 1.02500e+02  1.85634e-02 
 1.03000e+02  1.83831e-02 
 1.03500e+02  1.87945e-02 
 1.04000e+02  1.82408e-02 
 1.04500e+02  1.94101e-02 
 1.05000e+02  1.89725e-02 
 1.05500e+02  1.92170e-02 
 1.06000e+02  1.92016e-02 
 1.06500e+02  1.96820e-02 
 1.07000e+02  1.95551e-02 
 1.07500e+02  2.01393e-02 
 1.08000e+02  2.02612e-02 
 1.08500e+02  2.07750e-02 
 1.09000e+02  2.08785e-02 
 1.09500e+02  2.04692e-02 
 1.10000e+02  2.06516e-02 
 1.10500e+02  2.11323e-02 
 1.11000e+02  2.08501e-02 
 1.11500e+02  2.07827e-02 
 1.12000e+02  2.09233e-02 
 1.12500e+02  2.04425e-02 
 1.13000e+02  2.08533e-02 
 1.13500e+02  2.09354e-02 
 1.14000e+02  2.11229e-02 
 1.14500e+02  2.14853e-02 
 1.15000e+02  2.21711e-02 
 1.15500e+02  2.18475e-02 
 1.16000e+02  2.23182e-02 
 1.16500e+02  2.16924e-02 
 1.17000e+02  2.16852e-02 
 1.17500e+02  2.18538e-02 
 1.18000e+02  2.21143e-02 
 1.18500e+02  2.19448e-02 
 1.19000e+02  2.28454e-02 
 1.19500e+02  2.21544e-02 
 1.20000e+02  2.25840e-02 
 1.20500e+02  2.25180e-02 
 1.21000e+02  2.27063e-02 
 1.21500e+02  2.29735e-02 
 1.22000e+02  2.33043e-02 
 1.22500e+02  2.33042e-02 
 1.23000e+02  2.32168e-02 
 1.23500e+02  2.39010e-02 
 1.24000e+02  2.31533e-02 
 1.24500e+02  2.34383e-02 
 1.25000e+02  2.36708e-02 
 1.25500e+02  2.37446e-02 
 1.26000e+02  2.38004e-02 
 1.26500e+02  2.41477e-02 
 1.27000e+02  2.34583e-02 
 1.27500e+02  2.39822e-02 
 1.28000e+02  2.43516e-02 
 1.28500e+02  2.44495e-02 
 1.29000e+02  2.44618e-02 
 1.29500e+02  2.46002e-02 
 1.30000e+02  2.43091e-02 
 1.30500e+02  2.42639e-02 
 1.31000e+02  2.45348e-02 
 1.31500e+02  2.47350e-02 
 1.32000e+02  2.50504e-02 
 1.32500e+02  2.53203e-02 
 1.33000e+02  2.45838e-02 
 1.33500e+02  2.50395e-02 
 1.34000e+02  2.52697e-02 
 1.34500e+02  2.45749e-02 
 1.35000e+02  2.58978e-02 
 1.35500e+02  2.57759e-02 
 1.36000e+02  2.56637e-02 
 1.36500e+02  2.55372e-02 
 1.37000e+02  2.60369e-02 
 1.37500e+02  2.61568e-02 
 1.38000e+02  2.62512e-02 
 1.38500e+02  2.61381e-02 
 1.39000e+02  2.61671e-02 
 1.39500e+02  2.69565e-02 
 1.40000e+02  2.67184e-02 
 1.40500e+02  2.73330e-02 
 1.41000e+02  2.64485e-02 
 1.41500e+02  2.64345e-02 
 1.42000e+02  2.67584e-02 
 1.42500e+02  2.68055e-02 
 1.43000e+02  2.77510e-02 
 1.43500e+02  2.75970e-02 
 1.44000e+02  2.71812e-02 
 1.44500e+02  2.61624e-02 
 1.45000e+02  2.65778e-02 
 1.45500e+02  2.69665e-02 
 1.46000e+02  2.71015e-02 
 1.46500e+02  2.71070e-02 
 1.47000e+02  2.65607e-02 
 1.47500e+02  2.68272e-02 
 1.48000e+02  2.75230e-02 
 1.48500e+02  2.74845e-02 
 1.49000e+02  2.77038e-02 
 1.49500e+02  2.81110e-02 
 1.50000e+02  2.80702e-02 
 1.50500e+02  2.80909e-02 
 1.51000e+02  2.79602e-02 
 1.51500e+02  2.80315e-02 
 1.52000e+02  2.81499e-02 
 1.52500e+02  2.81613e-02 
 1.53000e+02  2.82228e-02 
 1.53500e+02  2.85803e-02 
 1.54000e+02  2.73724e-02 
 1.54500e+02  2.78237e-02 
 1.55000e+02  2.76591e-02 
 1.55500e+02  2.72954e-02 
 1.56000e+02  2.80741e-02 
 1.56500e+02  2.77669e-02 
 1.57000e+02  2.73122e-02 
 1.57500e+02  2.77480e-02 
 1.58000e+02  2.82445e-02 
 1.58500e+02  2.80597e-02 
 1.59000e+02  2.83893e-02 
 1.59500e+02  2.79293e-02 
 1.60000e+02  2.74129e-02 
 1.60500e+02  2.78054e-02 
 1.61000e+02  2.78106e-02 
 1.61500e+02  2.78216e-02 
 1.62000e+02  2.77544e-02 
 1.62500e+02  2.78880e-02 
 1.63000e+02  2.77503e-02 
 1.63500e+02  2.71860e-02 
 1.64000e+02  2.79337e-02 
 1.64500e+02  2.81375e-02 
 1.65000e+02  2.81648e-02 
 1.65500e+02  2.82119e-02 
 1.66000e+02  2.77131e-02 
 1.66500e+02  2.82906e-02 
 1.67000e+02  2.81854e-02 
 1.67500e+02  2.85820e-02 
 1.68000e+02  2.79839e-02 
 1.68500e+02  2.79315e-02 
 1.69000e+02  2.78772e-02 
 1.69500e+02  2.75988e-02 
 1.70000e+02  2.80459e-02 
 1.70500e+02  2.82958e-02 
 1.71000e+02  2.87808e-02 
 1.71500e+02  2.81091e-02 
 1.72000e+02  2.82603e-02 
 1.72500e+02  2.82202e-02 
 1.73000e+02  2.75988e-02 
 1.73500e+02  2.80636e-02 
 1.74000e+02  2.79635e-02 
 1.74500e+02  2.81869e-02 
 1.75000e+02  2.82000e-02 
 1.75500e+02  2.84266e-02 
 1.76000e+02  2.81978e-02 
 1.76500e+02  2.82994e-02 
 1.77000e+02  2.81026e-02 
 1.77500e+02  2.87622e-02 
 1.78000e+02  2.89071e-02 
 1.78500e+02  2.86974e-02 
 1.79000e+02  2.89787e-02 
 1.79500e+02  2.88189e-02 
 1.80000e+02  2.81140e-02 
 1.80500e+02  2.82768e-02 
 1.81000e+02  2.81222e-02 
 1.81500e+02  2.82465e-02 
 1.82000e+02  2.85624e-02 
 1.82500e+02  2.78476e-02 
 1.83000e+02  2.71318e-02 
 1.83500e+02  2.76857e-02 
 1.84000e+02  2.84997e-02 
 1.84500e+02  2.71523e-02 
 1.85000e+02  2.74248e-02 
 1.85500e+02  2.70898e-02 
 1.86000e+02  2.72658e-02 
 1.86500e+02  2.77140e-02 
 1.87000e+02  2.66681e-02 
 1.87500e+02  2.66406e-02 
 1.88000e+02  2.70213e-02 
 1.88500e+02  2.70138e-02 
 1.89000e+02  2.71299e-02 
 1.89500e+02  2.68320e-02 
 1.90000e+02  2.67800e-02 
 1.90500e+02  2.67176e-02 
 1.91000e+02  2.69146e-02 
 1.91500e+02  2.67912e-02 
 1.92000e+02  2.60688e-02 
 1.92500e+02  2.64014e-02 
 1.93000e+02  2.56636e-02 
 1.93500e+02  2.59080e-02 
 1.94000e+02  2.53345e-02 
 1.94500e+02  2.52987e-02 
 1.95000e+02  2.54269e-02 
 1.95500e+02  2.47345e-02 
 1.96000e+02  2.52607e-02 
 1.96500e+02  2.50045e-02 
 1.97000e+02  2.49985e-02 
 1.97500e+02  2.49700e-02 
 1.98000e+02  2.48299e-02 
 1.98500e+02  2.47483e-02 
 1.99000e+02  2.46545e-02 
 1.99500e+02  2.54014e-02 
 2.00000e+02  2.44579e-02 
 2.00500e+02  2.51984e-02 
 2.01000e+02  2.44514e-02 
 2.01500e+02  2.40049e-02 
 2.02000e+02  2.40104e-02 
 2.02500e+02  2.39304e-02 
 2.03000e+02  2.31096e-02 
 2.03500e+02  2.35756e-02 
 2.04000e+02  2.38866e-02 
 2.04500e+02  2.35947e-02 
 2.05000e+02  2.36039e-02 
 2.05500e+02  2.36510e-02 
 2.06000e+02  2.39380e-02 
 2.06500e+02  2.31929e-02 
 2.07000e+02  2.34515e-02 
 2.07500e+02  2.26373e-02 
 2.08000e+02  2.29162e-02 
 2.08500e+02  2.24101e-02 
 2.09000e+02  2.20006e-02 
 2.09500e+02  2.18878e-02 
 2.10000e+02  2.24831e-02 
 2.10500e+02  2.19432e-02 
 2.11000e+02  2.16633e-02 
 2.11500e+02  2.17408e-02 
 2.12000e+02  2.16855e-02 
 2.12500e+02  2.16429e-02 
 2.13000e+02  2.17002e-02 
 2.13500e+02  2.10563e-02 
 2.14000e+02  2.09319e-02 
 2.14500e+02  2.11007e-02 
 2.15000e+02  2.12300e-02 
 2.15500e+02  2.00495e-02 
 2.16000e+02  1.96770e-02 
 2.16500e+02  2.03459e-02 
 2.17000e+02  1.99869e-02 
 2.17500e+02  1.93947e-02 
 2.18000e+02  1.98009e-02 
 2.18500e+02  2.03694e-02 
 2.19000e+02  1.98207e-02 
 2.19500e+02  1.94569e-02 
 2.20000e+02  1.95576e-02 
 2.20500e+02  1.94793e-02 
 2.21000e+02  1.89052e-02 
 2.21500e+02  1.89224e-02 
 2.22000e+02  1.85537e-02 
 2.22500e+02  1.84875e-02 
 2.23000e+02  1.86044e-02 
 2.23500e+02  1.83000e-02 
 2.24000e+02  1.80967e-02 
 2.24500e+02  1.82199e-02 
 2.25000e+02  1.82010e-02 
 2.25500e+02  1.80039e-02 
 2.26000e+02  1.77696e-02 
 2.26500e+02  1.77821e-02 
 2.27000e+02  1.73120e-02 
 2.27500e+02  1.70569e-02 
 2.28000e+02  1.66538e-02 
 2.28500e+02  1.68485e-02 
 2.29000e+02  1.67412e-02 
 2.29500e+02  1.66270e-02 
 2.30000e+02  1.66294e-02 
 2.30500e+02  1.64676e-02 
 2.31000e+02  1.66508e-02 
 2.31500e+02  1.64199e-02 
 2.32000e+02  1.64521e-02 
 2.32500e+02  1.64456e-02 
 2.33000e+02  1.62042e-02 
 2.33500e+02  1.60215e-02 
 2.34000e+02  1.60470e-02 
 2.34500e+02  1.57974e-02 
 2.35000e+02  1.58610e-02 
 2.35500e+02  1.52932e-02 
 2.36000e+02  1.51311e-02 
 2.36500e+02  1.52760e-02 
 2.37000e+02  1.52650e-02 
 2.37500e+02  1.47793e-02 
 2.38000e+02  1.48333e-02 
 2.38500e+02  1.47867e-02 
 2.39000e+02  1.49897e-02 
 2.39500e+02  1.49008e-02 
 2.40000e+02  1.44359e-02 
 2.40500e+02  1.43757e-02 
 2.41000e+02  1.42690e-02 
 2.41500e+02  1.43704e-02 
 2.42000e+02  1.40676e-02 
 2.42500e+02  1.40147e-02 
 2.43000e+02  1.39895e-02 
 2.43500e+02  1.37817e-02 
 2.44000e+02  1.38849e-02 
 2.44500e+02  1.36325e-02 
 2.45000e+02  1.33336e-02 
 2.45500e+02  1.36393e-02 
 2.46000e+02  1.34889e-02 
 2.46500e+02  1.30001e-02 
 2.47000e+02  1.27187e-02 
 2.47500e+02  1.28375e-02 
 2.48000e+02  1.26201e-02 
 2.48500e+02  1.27655e-02 
 2.49000e+02  1.23797e-02 
 2.49500e+02  1.23067e-02 
 2.50000e+02  1.20235e-02 
 2.50500e+02  1.20824e-02 
 2.51000e+02  1.20065e-02 
 2.51500e+02  1.17502e-02 
 2.52000e+02  1.16594e-02 
 2.52500e+02  1.15985e-02 
 2.53000e+02  1.14232e-02 
 2.53500e+02  1.13720e-02 
 2.54000e+02  1.10266e-02 
 2.54500e+02  1.10468e-02 
 2.55000e+02  1.07553e-02 
 2.55500e+02  1.10573e-02 
 2.56000e+02  1.06229e-02 
 2.56500e+02  1.05185e-02 
 2.57000e+02  1.02032e-02 
 2.57500e+02  9.93254e-03 
 2.58000e+02  1.00248e-02 
 2.58500e+02  9.81214e-03 
 2.59000e+02  9.43151e-03 
 2.59500e+02  9.35073e-03 
 2.60000e+02  9.28112e-03 
 2.60500e+02  9.11045e-03 
 2.61000e+02  8.70346e-03 
 2.61500e+02  8.53216e-03 
 2.62000e+02  8.50047e-03 
 2.62500e+02  8.38095e-03 
 2.63000e+02  8.19992e-03 
 2.63500e+02  7.92709e-03 
 2.64000e+02  7.67529e-03 
 2.64500e+02  7.49770e-03 
 2.65000e+02  7.20139e-03 
 2.65500e+02  7.04937e-03 
 2.66000e+02  6.93196e-03 
 2.66500e+02  6.62026e-03 
 2.67000e+02  6.44781e-03 
 2.67500e+02  6.26761e-03 
 2.68000e+02  6.15419e-03 
 2.68500e+02  5.93163e-03 
 2.69000e+02  5.80761e-03 
 2.69500e+02  5.63850e-03 
 2.70000e+02  5.48499e-03 
 2.70500e+02  5.29210e-03 
 2.71000e+02  5.17227e-03 
 2.71500e+02  4.97333e-03 
 2.72000e+02  4.79808e-03 
 2.72500e+02  4.62060e-03 
 2.73000e+02  4.43406e-03 
 2.73500e+02  4.31425e-03 
 2.74000e+02  4.19225e-03 
 2.74500e+02  4.06210e-03 
 2.75000e+02  3.93635e-03 
 2.75500e+02  3.81581e-03 
 2.76000e+02  3.71515e-03 
 2.76500e+02  3.64810e-03 
 2.77000e+02  3.52862e-03 
 2.77500e+02  3.42628e-03 
 2.78000e+02  3.33526e-03 
 2.78500e+02  3.27012e-03 
 2.79000e+02  3.22662e-03 
 2.79500e+02  3.12531e-03 
 2.80000e+02  3.04013e-03 
 2.80500e+02  2.97049e-03 
 2.81000e+02  2.87218e-03 
 2.81500e+02  2.84138e-03 
 2.82000e+02  2.77290e-03 
 2.82500e+02  2.72677e-03 
 2.83000e+02  2.64358e-03 
 2.83500e+02  2.57663e-03 
 2.84000e+02  2.52293e-03 
 2.84500e+02  2.51023e-03 
 2.85000e+02  2.46661e-03 
 2.85500e+02  2.41393e-03 
 2.86000e+02  2.36370e-03 
 2.86500e+02  2.31056e-03 
 2.87000e+02  2.28478e-03 
 2.87500e+02  2.25479e-03 
 2.88000e+02  2.18306e-03 
 2.88500e+02  2.14173e-03 
 2.89000e+02  2.11254e-03 
 2.89500e+02  2.08003e-03 
 2.90000e+02  2.04038e-03 
 2.90500e+02  1.99726e-03 
 2.91000e+02  1.98234e-03 
 2.91500e+02  1.95709e-03 
 2.92000e+02  1.91874e-03 
 2.92500e+02  1.90358e-03 
 2.93000e+02  1.86576e-03 
 2.93500e+02  1.83947e-03 
 2.94000e+02  1.81270e-03 
 2.94500e+02  1.79310e-03 
 2.95000e+02  1.75066e-03 
 2.95500e+02  1.73486e-03 
 2.96000e+02  1.71618e-03 
 2.96500e+02  1.68190e-03 
 2.97000e+02  1.66833e-03 
 2.97500e+02  1.64661e-03 
 2.98000e+02  1.64425e-03 
 2.98500e+02  1.61301e-03 
 2.99000e+02  1.59465e-03 
 2.99500e+02  1.56006e-03 
 3.00000e+02  1.54178e-03 
 3.00500e+02  1.51598e-03 
 3.01000e+02  1.50608e-03 
 3.01500e+02  1.49150e-03 
 3.02000e+02  1.46959e-03 
 3.02500e+02  1.45076e-03 
 3.03000e+02  1.44730e-03 
 3.03500e+02  1.42385e-03 
 3.04000e+02  1.41224e-03 
 3.04500e+02  1.40990e-03 
 3.05000e+02  1.39542e-03 
 3.05500e+02  1.37859e-03 
 3.06000e+02  1.37703e-03 
 3.06500e+02  1.37316e-03 
 3.07000e+02  1.34612e-03 
 3.07500e+02  1.31858e-03 
 3.08000e+02  1.30118e-03 
 3.08500e+02  1.29558e-03 
 3.09000e+02  1.28706e-03 
 3.09500e+02  1.28326e-03 
 3.10000e+02  1.27070e-03 
 3.10500e+02  1.24945e-03 
 3.11000e+02  1.25381e-03 
 3.11500e+02  1.23306e-03 
 3.12000e+02  1.21978e-03 
 3.12500e+02  1.22743e-03 
 3.13000e+02  1.20811e-03 
 3.13500e+02  1.21385e-03 
 3.14000e+02  1.19452e-03 
 3.14500e+02  1.19324e-03 
 3.15000e+02  1.19130e-03 
 3.15500e+02  1.19789e-03 
 3.16000e+02  1.17828e-03 
 3.16500e+02  1.16565e-03 
 3.17000e+02  1.15774e-03 
 3.17500e+02  1.13850e-03 
 3.18000e+02  1.13531e-03 
 3.18500e+02  1.11877e-03 
 3.19000e+02  1.10854e-03 
 3.19500e+02  1.10634e-03 
