 0.00000e+00  1.05684e-03 
 5.00000e-01  1.06407e-03 
 1.00000e+00  1.08326e-03 
 1.50000e+00  1.07787e-03 
 2.00000e+00  1.07747e-03 
 2.50000e+00  1.08222e-03 
 3.00000e+00  1.08745e-03 
 3.50000e+00  1.11117e-03 
 4.00000e+00  1.12853e-03 
 4.50000e+00  1.13260e-03 
 5.00000e+00  1.14464e-03 
 5.50000e+00  1.15015e-03 
 6.00000e+00  1.15767e-03 
 6.50000e+00  1.15695e-03 
 7.00000e+00  1.17496e-03 
 7.50000e+00  1.18666e-03 
 8.00000e+00  1.20105e-03 
 8.50000e+00  1.20524e-03 
 9.00000e+00  1.23543e-03 
 9.50000e+00  1.24454e-03 
 1.00000e+01  1.23267e-03 
 1.05000e+01  1.23732e-03 
 1.10000e+01  1.26190e-03 
 1.15000e+01  1.27581e-03 
 1.20000e+01  1.28582e-03 
 1.25000e+01  1.29568e-03 
 1.30000e+01  1.30969e-03 
 1.35000e+01  1.32202e-03 
 1.40000e+01  1.33560e-03 
 1.45000e+01  1.35748e-03 
 1.50000e+01  1.36320e-03 
 1.55000e+01  1.37860e-03 
 1.60000e+01  1.39836e-03 
 1.65000e+01  1.41294e-03 
 1.70000e+01  1.41234e-03 
 1.75000e+01  1.43831e-03 
 1.80000e+01  1.45758e-03 
 1.85000e+01  1.47866e-03 
 1.90000e+01  1.50669e-03 
 1.95000e+01  1.51687e-03 
 2.00000e+01  1.54555e-03 
 2.05000e+01  1.55708e-03 
 2.10000e+01  1.58110e-03 
 2.15000e+01  1.59248e-03 
 2.20000e+01  1.60800e-03 
 2.25000e+01  1.63030e-03 
 2.30000e+01  1.65087e-03 
 2.35000e+01  1.66395e-03 
 2.40000e+01  1.70636e-03 
 2.45000e+01  1.72911e-03 
 2.50000e+01  1.75286e-03 
 2.55000e+01  1.77701e-03 
 2.60000e+01  1.77892e-03 
 2.65000e+01  1.82047e-03 
 2.70000e+01  1.85254e-03 
 2.75000e+01  1.88941e-03 
 2.80000e+01  1.92026e-03 
 2.85000e+01  1.97635e-03 
 2.90000e+01  1.98068e-03 
 2.95000e+01  1.99712e-03 
 3.00000e+01  2.02969e-03 
 3.05000e+01  2.06973e-03 
 3.10000e+01  2.13381e-03 
 3.15000e+01  2.18929e-03 
 3.20000e+01  2.21488e-03 
 3.25000e+01  2.26002e-03 
 3.30000e+01  2.33280e-03 
 3.35000e+01  2.35621e-03 
 3.40000e+01  2.40993e-03 
 3.45000e+01  2.44121e-03 
 3.50000e+01  2.50258e-03 
 3.55000e+01  2.56549e-03 
 3.60000e+01  2.65064e-03 
 3.65000e+01  2.69055e-03 
 3.70000e+01  2.71800e-03 
 3.75000e+01  2.79071e-03 
 3.80000e+01  2.85596e-03 
 3.85000e+01  2.92992e-03 
 3.90000e+01  3.00985e-03 
 3.95000e+01  3.07978e-03 
 4.00000e+01  3.14838e-03 
 4.05000e+01  3.22477e-03 
 4.10000e+01  3.33291e-03 
 4.15000e+01  3.37762e-03 
 4.20000e+01  3.50430e-03 
 4.25000e+01  3.59101e-03 
 4.30000e+01  3.71062e-03 
 4.35000e+01  3.79411e-03 
 4.40000e+01  3.94606e-03 
 4.45000e+01  4.06618e-03 
 4.50000e+01  4.16548e-03 
 4.55000e+01  4.25811e-03 
 4.60000e+01  4.41753e-03 
 4.65000e+01  4.51084e-03 
 4.70000e+01  4.64965e-03 
 4.75000e+01  4.75864e-03 
 4.80000e+01  4.94889e-03 
 4.85000e+01  5.14649e-03 
 4.90000e+01  5.30989e-03 
 4.95000e+01  5.48080e-03 
 5.00000e+01  5.65650e-03 
 5.05000e+01  5.90974e-03 
 5.10000e+01  5.95829e-03 
 5.15000e+01  6.10452e-03 
 5.20000e+01  6.30538e-03 
 5.25000e+01  6.54878e-03 
 5.30000e+01  6.78343e-03 
 5.35000e+01  7.00701e-03 
 5.40000e+01  7.18935e-03 
 5.45000e+01  7.41866e-03 
 5.50000e+01  7.61953e-03 
 5.55000e+01  7.75323e-03 
 5.60000e+01  7.85557e-03 
 5.65000e+01  8.14209e-03 
 5.70000e+01  8.33390e-03 
 5.75000e+01  8.39558e-03 
 5.80000e+01  8.44921e-03 
 5.85000e+01  8.82601e-03 
 5.90000e+01  8.92608e-03 
 5.95000e+01  9.25037e-03 
 6.00000e+01  9.42136e-03 
 6.05000e+01  9.68191e-03 
 6.10000e+01  9.81335e-03 
 6.15000e+01  9.85958e-03 
 6.20000e+01  9.89694e-03 
 6.25000e+01  1.00995e-02 
 6.30000e+01  1.04415e-02 
 6.35000e+01  1.06592e-02 
 6.40000e+01  1.08018e-02 
 6.45000e+01  1.07989e-02 
 6.50000e+01  1.07757e-02 
 6.55000e+01  1.06123e-02 
 6.60000e+01  1.10734e-02 
 6.65000e+01  1.11255e-02 
 6.70000e+01  1.14058e-02 
 6.75000e+01  1.12723e-02 
 6.80000e+01  1.14569e-02 
 6.85000e+01  1.16134e-02 
 6.90000e+01  1.19165e-02 
 6.95000e+01  1.21179e-02 
 7.00000e+01  1.20720e-02 
 7.05000e+01  1.20562e-02 
 7.10000e+01  1.24472e-02 
 7.15000e+01  1.23488e-02 
 7.20000e+01  1.24553e-02 
 7.25000e+01  1.24542e-02 
 7.30000e+01  1.27371e-02 
 7.35000e+01  1.29457e-02 
 7.40000e+01  1.30458e-02 
 7.45000e+01  1.26898e-02 
 7.50000e+01  1.30613e-02 
 7.55000e+01  1.30890e-02 
 7.60000e+01  1.32700e-02 
 7.65000e+01  1.34998e-02 
 7.70000e+01  1.36877e-02 
 7.75000e+01  1.36526e-02 
 7.80000e+01  1.36198e-02 
 7.85000e+01  1.37051e-02 
 7.90000e+01  1.38438e-02 
 7.95000e+01  1.42008e-02 
 8.00000e+01  1.39659e-02 
 8.05000e+01  1.39967e-02 
 8.10000e+01  1.42708e-02 
 8.15000e+01  1.44071e-02 
 8.20000e+01  1.45810e-02 
 8.25000e+01  1.45297e-02 
 8.30000e+01  1.46009e-02 
 8.35000e+01  1.47922e-02 
 8.40000e+01  1.48983e-02 
 8.45000e+01  1.52907e-02 
 8.50000e+01  1.55881e-02 
 8.55000e+01  1.56691e-02 
 8.60000e+01  1.54038e-02 
 8.65000e+01  1.56206e-02 
 8.70000e+01  1.56130e-02 
 8.75000e+01  1.56120e-02 
 8.80000e+01  1.56406e-02 
 8.85000e+01  1.58252e-02 
 8.90000e+01  1.59643e-02 
 8.95000e+01  1.62208e-02 
 9.00000e+01  1.63973e-02 
 9.05000e+01  1.66728e-02 
 9.10000e+01  1.64730e-02 
 9.15000e+01  1.65139e-02 
 9.20000e+01  1.67657e-02 
 9.25000e+01  1.63717e-02 
 9.30000e+01  1.67277e-02 
 9.35000e+01  1.70909e-02 
 9.40000e+01  1.70292e-02 
 9.45000e+01  1.67842e-02 
 9.50000e+01  1.68731e-02 
 9.55000e+01  1.71589e-02 
 9.60000e+01  1.70711e-02 
 9.65000e+01  1.69102e-02 
 9.70000e+01  1.68754e-02 
 9.75000e+01  1.69823e-02 
 9.80000e+01  1.67034e-02 
 9.85000e+01  1.70491e-02 
 9.90000e+01  1.76127e-02 
 9.95000e+01  1.80332e-02 
 1.00000e+02  1.79705e-02 
 1.00500e+02  1.78193e-02 
 1.01000e+02  1.81628e-02 
 1.01500e+02  1.84710e-02 
 1.02000e+02  1.84505e-02 
 1.02500e+02  1.86485e-02 
 1.03000e+02  1.83847e-02 
 1.03500e+02  1.86131e-02 
 1.04000e+02  1.85700e-02 
 1.04500e+02  1.86892e-02 
 1.05000e+02  1.86769e-02 
 1.05500e+02  1.91798e-02 
 1.06000e+02  1.92765e-02 
 1.06500e+02  1.89605e-02 
 1.07000e+02  1.95055e-02 
 1.07500e+02  2.02266e-02 
 1.08000e+02  2.00841e-02 
 1.08500e+02  1.99773e-02 
 1.09000e+02  2.01380e-02 
 1.09500e+02  2.04628e-02 
 1.10000e+02  2.04402e-02 
 1.10500e+02  2.03723e-02 
 1.11000e+02  2.03099e-02 
 1.11500e+02  2.09011e-02 
 1.12000e+02  2.08627e-02 
 1.12500e+02  2.03938e-02 
 1.13000e+02  2.09848e-02 
 1.13500e+02  2.12105e-02 
 1.14000e+02  2.11973e-02 
 1.14500e+02  2.12551e-02 
 1.15000e+02  2.15999e-02 
 1.15500e+02  2.17778e-02 
 1.16000e+02  2.23270e-02 
 1.16500e+02  2.18247e-02 
 1.17000e+02  2.24096e-02 
 1.17500e+02  2.24020e-02 
 1.18000e+02  2.28964e-02 
 1.18500e+02  2.31684e-02 
 1.19000e+02  2.31170e-02 
 1.19500e+02  2.26232e-02 
 1.20000e+02  2.27977e-02 
 1.20500e+02  2.32775e-02 
 1.21000e+02  2.30757e-02 
 1.21500e+02  2.35023e-02 
 1.22000e+02  2.32809e-02 
 1.22500e+02  2.38162e-02 
 1.23000e+02  2.36452e-02 
 1.23500e+02  2.40060e-02 
 1.24000e+02  2.40390e-02 
 1.24500e+02  2.35410e-02 
 1.25000e+02  2.36850e-02 
 1.25500e+02  2.43913e-02 
 1.26000e+02  2.39665e-02 
 1.26500e+02  2.39593e-02 
 1.27000e+02  2.48086e-02 
 1.27500e+02  2.45692e-02 
 1.28000e+02  2.46755e-02 
 1.28500e+02  2.46933e-02 
 1.29000e+02  2.48545e-02 
 1.29500e+02  2.48561e-02 
 1.30000e+02  2.48104e-02 
 1.30500e+02  2.52116e-02 
 1.31000e+02  2.55359e-02 
 1.31500e+02  2.56097e-02 
 1.32000e+02  2.53702e-02 
 1.32500e+02  2.55728e-02 
 1.33000e+02  2.56971e-02 
 1.33500e+02  2.56811e-02 
 1.34000e+02  2.56350e-02 
 1.34500e+02  2.60471e-02 
 1.35000e+02  2.64254e-02 
 1.35500e+02  2.56943e-02 
 1.36000e+02  2.58648e-02 
 1.36500e+02  2.59949e-02 
 1.37000e+02  2.60464e-02 
 1.37500e+02  2.56367e-02 
 1.38000e+02  2.59728e-02 
 1.38500e+02  2.63359e-02 
 1.39000e+02  2.64958e-02 
 1.39500e+02  2.67967e-02 
 1.40000e+02  2.58365e-02 
 1.40500e+02  2.59868e-02 
 1.41000e+02  2.61464e-02 
 1.41500e+02  2.64568e-02 
 1.42000e+02  2.67921e-02 
 1.42500e+02  2.68477e-02 
 1.43000e+02  2.66256e-02 
 1.43500e+02  2.72892e-02 
 1.44000e+02  2.62226e-02 
 1.44500e+02  2.64682e-02 
 1.45000e+02  2.66970e-02 
 1.45500e+02  2.65230e-02 
 1.46000e+02  2.70372e-02 
 1.46500e+02  2.78363e-02 
 1.47000e+02  2.68478e-02 
 1.47500e+02  2.72182e-02 
 1.48000e+02  2.67987e-02 
 1.48500e+02  2.70351e-02 
 1.49000e+02  2.66866e-02 
 1.49500e+02  2.67888e-02 
 1.50000e+02  2.73076e-02 
 1.50500e+02  2.65590e-02 
 1.51000e+02  2.71093e-02 
 1.51500e+02  2.66735e-02 
 1.52000e+02  2.67660e-02 
 1.52500e+02  2.66230e-02 
 1.53000e+02  2.73674e-02 
 1.53500e+02  2.72794e-02 
 1.54000e+02  2.69266e-02 
 1.54500e+02  2.71348e-02 
 1.55000e+02  2.67935e-02 
 1.55500e+02  2.67728e-02 
 1.56000e+02  2.73264e-02 
 1.56500e+02  2.77722e-02 
 1.57000e+02  2.72074e-02 
 1.57500e+02  2.76595e-02 
 1.58000e+02  2.77682e-02 
 1.58500e+02  2.75578e-02 
 1.59000e+02  2.73412e-02 
 1.59500e+02  2.73706e-02 
 1.60000e+02  2.71373e-02 
 1.60500e+02  2.77977e-02 
 1.61000e+02  2.75403e-02 
 1.61500e+02  2.80116e-02 
 1.62000e+02  2.82190e-02 
 1.62500e+02  2.76863e-02 
 1.63000e+02  2.79449e-02 
 1.63500e+02  2.78331e-02 
 1.64000e+02  2.77512e-02 
 1.64500e+02  2.78895e-02 
 1.65000e+02  2.81978e-02 
 1.65500e+02  2.80895e-02 
 1.66000e+02  2.85624e-02 
 1.66500e+02  2.84459e-02 
 1.67000e+02  2.78023e-02 
 1.67500e+02  2.75740e-02 
 1.68000e+02  2.77331e-02 
 1.68500e+02  2.82839e-02 
 1.69000e+02  2.76766e-02 
 1.69500e+02  2.79488e-02 
 1.70000e+02  2.83187e-02 
 1.70500e+02  2.80591e-02 
 1.71000e+02  2.78847e-02 
 1.71500e+02  2.81182e-02 
 1.72000e+02  2.82394e-02 
 1.72500e+02  2.79617e-02 
 1.73000e+02  2.78080e-02 
 1.73500e+02  2.79249e-02 
 1.74000e+02  2.77986e-02 
 1.74500e+02  2.81826e-02 
 1.75000e+02  2.85281e-02 
 1.75500e+02  2.77872e-02 
 1.76000e+02  2.74310e-02 
 1.76500e+02  2.78151e-02 
 1.77000e+02  2.75614e-02 
 1.77500e+02  2.77232e-02 
 1.78000e+02  2.72894e-02 
 1.78500e+02  2.78808e-02 
 1.79000e+02  2.81463e-02 
 1.79500e+02  2.78149e-02 
 1.80000e+02  2.77437e-02 
 1.80500e+02  2.78021e-02 
 1.81000e+02  2.84423e-02 
 1.81500e+02  2.84065e-02 
 1.82000e+02  2.77953e-02 
 1.82500e+02  2.80905e-02 
 1.83000e+02  2.67579e-02 
 1.83500e+02  2.70053e-02 
 1.84000e+02  2.64291e-02 
 1.84500e+02  2.68404e-02 
 1.85000e+02  2.68539e-02 
 1.85500e+02  2.69452e-02 
 1.86000e+02  2.73071e-02 
 1.86500e+02  2.70482e-02 
 1.87000e+02  2.73984e-02 
 1.87500e+02  2.71069e-02 
 1.88000e+02  2.63875e-02 
 1.88500e+02  2.70591e-02 
 1.89000e+02  2.69126e-02 
 1.89500e+02  2.71128e-02 
 1.90000e+02  2.71935e-02 
 1.90500e+02  2.66522e-02 
 1.91000e+02  2.68146e-02 
 1.91500e+02  2.64989e-02 
 1.92000e+02  2.53672e-02 
 1.92500e+02  2.52562e-02 
 1.93000e+02  2.53679e-02 
 1.93500e+02  2.53075e-02 
 1.94000e+02  2.56240e-02 
 1.94500e+02  2.48118e-02 
 1.95000e+02  2.51180e-02 
 1.95500e+02  2.51309e-02 
 1.96000e+02  2.46106e-02 
 1.96500e+02  2.53744e-02 
 1.97000e+02  2.52462e-02 
 1.97500e+02  2.48368e-02 
 1.98000e+02  2.49154e-02 
 1.98500e+02  2.47022e-02 
 1.99000e+02  2.39715e-02 
 1.99500e+02  2.43747e-02 
 2.00000e+02  2.44769e-02 
 2.00500e+02  2.41933e-02 
 2.01000e+02  2.42958e-02 
 2.01500e+02  2.40753e-02 
 2.02000e+02  2.38012e-02 
 2.02500e+02  2.34734e-02 
 2.03000e+02  2.31629e-02 
 2.03500e+02  2.34894e-02 
 2.04000e+02  2.30978e-02 
 2.04500e+02  2.31442e-02 
 2.05000e+02  2.35623e-02 
 2.05500e+02  2.39729e-02 
 2.06000e+02  2.32524e-02 
 2.06500e+02  2.23640e-02 
 2.07000e+02  2.23371e-02 
 2.07500e+02  2.24079e-02 
 2.08000e+02  2.18847e-02 
 2.08500e+02  2.19435e-02 
 2.09000e+02  2.19787e-02 
 2.09500e+02  2.14558e-02 
 2.10000e+02  2.20165e-02 
 2.10500e+02  2.15968e-02 
 2.11000e+02  2.09889e-02 
 2.11500e+02  2.15973e-02 
 2.12000e+02  2.10397e-02 
 2.12500e+02  2.07289e-02 
 2.13000e+02  2.07096e-02 
 2.13500e+02  2.08228e-02 
 2.14000e+02  2.12834e-02 
 2.14500e+02  2.10896e-02 
 2.15000e+02  2.11077e-02 
 2.15500e+02  2.01071e-02 
 2.16000e+02  2.06576e-02 
 2.16500e+02  2.03375e-02 
 2.17000e+02  1.96490e-02 
 2.17500e+02  2.02481e-02 
 2.18000e+02  1.95697e-02 
 2.18500e+02  1.96157e-02 
 2.19000e+02  2.01925e-02 
 2.19500e+02  1.90304e-02 
 2.20000e+02  1.89970e-02 
 2.20500e+02  1.90226e-02 
 2.21000e+02  1.88560e-02 
 2.21500e+02  1.90839e-02 
 2.22000e+02  1.88447e-02 
 2.22500e+02  1.85897e-02 
 2.23000e+02  1.82006e-02 
 2.23500e+02  1.80811e-02 
 2.24000e+02  1.79224e-02 
 2.24500e+02  1.84585e-02 
 2.25000e+02  1.81397e-02 
 2.25500e+02  1.79030e-02 
 2.26000e+02  1.77852e-02 
 2.26500e+02  1.73947e-02 
 2.27000e+02  1.72939e-02 
 2.27500e+02  1.71756e-02 
 2.28000e+02  1.67537e-02 
 2.28500e+02  1.69260e-02 
 2.29000e+02  1.69716e-02 
 2.29500e+02  1.70160e-02 
 2.30000e+02  1.67415e-02 
 2.30500e+02  1.65387e-02 
 2.31000e+02  1.65412e-02 
 2.31500e+02  1.57576e-02 
 2.32000e+02  1.60757e-02 
 2.32500e+02  1.63835e-02 
 2.33000e+02  1.60254e-02 
 2.33500e+02  1.57471e-02 
 2.34000e+02  1.54677e-02 
 2.34500e+02  1.57738e-02 
 2.35000e+02  1.52765e-02 
 2.35500e+02  1.51946e-02 
 2.36000e+02  1.53559e-02 
 2.36500e+02  1.52043e-02 
 2.37000e+02  1.52737e-02 
 2.37500e+02  1.49600e-02 
 2.38000e+02  1.48628e-02 
 2.38500e+02  1.51610e-02 
 2.39000e+02  1.46679e-02 
 2.39500e+02  1.46766e-02 
 2.40000e+02  1.42856e-02 
 2.40500e+02  1.44637e-02 
 2.41000e+02  1.44573e-02 
 2.41500e+02  1.43503e-02 
 2.42000e+02  1.42175e-02 
 2.42500e+02  1.39933e-02 
 2.43000e+02  1.36281e-02 
 2.43500e+02  1.38993e-02 
 2.44000e+02  1.37334e-02 
 2.44500e+02  1.37713e-02 
 2.45000e+02  1.38083e-02 
 2.45500e+02  1.37352e-02 
 2.46000e+02  1.33382e-02 
 2.46500e+02  1.32803e-02 
 2.47000e+02  1.31079e-02 
 2.47500e+02  1.28089e-02 
 2.48000e+02  1.28508e-02 
 2.48500e+02  1.28859e-02 
 2.49000e+02  1.27731e-02 
 2.49500e+02  1.25637e-02 
 2.50000e+02  1.21420e-02 
 2.50500e+02  1.20093e-02 
 2.51000e+02  1.20155e-02 
 2.51500e+02  1.18682e-02 
 2.52000e+02  1.15514e-02 
 2.52500e+02  1.15271e-02 
 2.53000e+02  1.12298e-02 
 2.53500e+02  1.12362e-02 
 2.54000e+02  1.11702e-02 
 2.54500e+02  1.11763e-02 
 2.55000e+02  1.10095e-02 
 2.55500e+02  1.08905e-02 
 2.56000e+02  1.07107e-02 
 2.56500e+02  1.04213e-02 
 2.57000e+02  1.01010e-02 
 2.57500e+02  9.93846e-03 
 2.58000e+02  9.86157e-03 
 2.58500e+02  9.65854e-03 
 2.59000e+02  9.41005e-03 
 2.59500e+02  9.24755e-03 
 2.60000e+02  9.29265e-03 
 2.60500e+02  9.03729e-03 
 2.61000e+02  8.82817e-03 
 2.61500e+02  8.77577e-03 
 2.62000e+02  8.55214e-03 
 2.62500e+02  8.38335e-03 
 2.63000e+02  8.19066e-03 
 2.63500e+02  8.02479e-03 
 2.64000e+02  7.82807e-03 
 2.64500e+02  7.53134e-03 
 2.65000e+02  7.29455e-03 
 2.65500e+02  7.19061e-03 
 2.66000e+02  7.14027e-03 
 2.66500e+02  6.76613e-03 
 2.67000e+02  6.55621e-03 
 2.67500e+02  6.39560e-03 
 2.68000e+02  6.18287e-03 
 2.68500e+02  6.03435e-03 
 2.69000e+02  5.93811e-03 
 2.69500e+02  5.79035e-03 
 2.70000e+02  5.60465e-03 
 2.70500e+02  5.33482e-03 
 2.71000e+02  5.16838e-03 
 2.71500e+02  4.97947e-03 
 2.72000e+02  4.80420e-03 
 2.72500e+02  4.66333e-03 
 2.73000e+02  4.48815e-03 
 2.73500e+02  4.33313e-03 
 2.74000e+02  4.19674e-03 
 2.74500e+02  4.07419e-03 
 2.75000e+02  3.93075e-03 
 2.75500e+02  3.82913e-03 
 2.76000e+02  3.70590e-03 
 2.76500e+02  3.60757e-03 
 2.77000e+02  3.54144e-03 
 2.77500e+02  3.44023e-03 
 2.78000e+02  3.35623e-03 
 2.78500e+02  3.27015e-03 
 2.79000e+02  3.23466e-03 
 2.79500e+02  3.14331e-03 
 2.80000e+02  3.06939e-03 
 2.80500e+02  2.95824e-03 
 2.81000e+02  2.88093e-03 
 2.81500e+02  2.82888e-03 
 2.82000e+02  2.76058e-03 
 2.82500e+02  2.70865e-03 
 2.83000e+02  2.64669e-03 
 2.83500e+02  2.63986e-03 
 2.84000e+02  2.55148e-03 
 2.84500e+02  2.53204e-03 
 2.85000e+02  2.44816e-03 
 2.85500e+02  2.40186e-03 
 2.86000e+02  2.37166e-03 
 2.86500e+02  2.30252e-03 
 2.87000e+02  2.26559e-03 
 2.87500e+02  2.24110e-03 
 2.88000e+02  2.23001e-03 
 2.88500e+02  2.15320e-03 
 2.89000e+02  2.10500e-03 
 2.89500e+02  2.05779e-03 
 2.90000e+02  2.03144e-03 
 2.90500e+02  1.99114e-03 
 2.91000e+02  1.98153e-03 
 2.91500e+02  1.94157e-03 
 2.92000e+02  1.91522e-03 
 2.92500e+02  1.89962e-03 
 2.93000e+02  1.89289e-03 
 2.93500e+02  1.84135e-03 
 2.94000e+02  1.83546e-03 
 2.94500e+02  1.80803e-03 
 2.95000e+02  1.75919e-03 
 2.95500e+02  1.72900e-03 
 2.96000e+02  1.71038e-03 
 2.96500e+02  1.69204e-03 
 2.97000e+02  1.67662e-03 
 2.97500e+02  1.64579e-03 
 2.98000e+02  1.64088e-03 
 2.98500e+02  1.64571e-03 
 2.99000e+02  1.62583e-03 
 2.99500e+02  1.60448e-03 
 3.00000e+02  1.56935e-03 
 3.00500e+02  1.55589e-03 
 3.01000e+02  1.53829e-03 
 3.01500e+02  1.53273e-03 
 3.02000e+02  1.51237e-03 
 3.02500e+02  1.49717e-03 
 3.03000e+02  1.47555e-03 
 3.03500e+02  1.43253e-03 
 3.04000e+02  1.42234e-03 
 3.04500e+02  1.41841e-03 
 3.05000e+02  1.40477e-03 
 3.05500e+02  1.39233e-03 
 3.06000e+02  1.38292e-03 
 3.06500e+02  1.36577e-03 
 3.07000e+02  1.35247e-03 
 3.07500e+02  1.34097e-03 
 3.08000e+02  1.30296e-03 
 3.08500e+02  1.30881e-03 
 3.09000e+02  1.30493e-03 
 3.09500e+02  1.29846e-03 
 3.10000e+02  1.28677e-03 
 3.10500e+02  1.27154e-03 
 3.11000e+02  1.27250e-03 
 3.11500e+02  1.26350e-03 
 3.12000e+02  1.26027e-03 
 3.12500e+02  1.24547e-03 
 3.13000e+02  1.21628e-03 
 3.13500e+02  1.22019e-03 
 3.14000e+02  1.20119e-03 
 3.14500e+02  1.18391e-03 
 3.15000e+02  1.16901e-03 
 3.15500e+02  1.17117e-03 
 3.16000e+02  1.15777e-03 
 3.16500e+02  1.14692e-03 
 3.17000e+02  1.13771e-03 
 3.17500e+02  1.14098e-03 
 3.18000e+02  1.13568e-03 
 3.18500e+02  1.12251e-03 
 3.19000e+02  1.11225e-03 
 3.19500e+02  1.10848e-03 
