 0.00000e+00  1.06259e-03 
 5.00000e-01  1.06856e-03 
 1.00000e+00  1.07937e-03 
 1.50000e+00  1.08144e-03 
 2.00000e+00  1.07288e-03 
 2.50000e+00  1.08152e-03 
 3.00000e+00  1.10051e-03 
 3.50000e+00  1.11674e-03 
 4.00000e+00  1.12237e-03 
 4.50000e+00  1.12031e-03 
 5.00000e+00  1.12762e-03 
 5.50000e+00  1.13564e-03 
 6.00000e+00  1.14335e-03 
 6.50000e+00  1.15149e-03 
 7.00000e+00  1.17317e-03 
 7.50000e+00  1.17732e-03 
 8.00000e+00  1.20440e-03 
 8.50000e+00  1.20053e-03 
 9.00000e+00  1.22494e-03 
 9.50000e+00  1.22582e-03 
 1.00000e+01  1.23656e-03 
 1.05000e+01  1.25266e-03 
 1.10000e+01  1.25540e-03 
 1.15000e+01  1.26321e-03 
 1.20000e+01  1.27454e-03 
 1.25000e+01  1.29230e-03 
 1.30000e+01  1.31629e-03 
 1.35000e+01  1.31766e-03 
 1.40000e+01  1.33166e-03 
 1.45000e+01  1.35388e-03 
 1.50000e+01  1.36967e-03 
 1.55000e+01  1.38927e-03 
 1.60000e+01  1.39719e-03 
 1.65000e+01  1.40741e-03 
 1.70000e+01  1.40850e-03 
 1.75000e+01  1.42436e-03 
 1.80000e+01  1.45626e-03 
 1.85000e+01  1.47777e-03 
 1.90000e+01  1.49801e-03 
 1.95000e+01  1.48079e-03 
 2.00000e+01  1.51227e-03 
 2.05000e+01  1.53144e-03 
 2.10000e+01  1.55971e-03 
 2.15000e+01  1.58319e-03 
 2.20000e+01  1.60133e-03 
 2.25000e+01  1.62126e-03 
 2.30000e+01  1.65470e-03 
 2.35000e+01  1.68893e-03 
 2.40000e+01  1.70518e-03 
 2.45000e+01  1.71802e-03 
 2.50000e+01  1.72480e-03 
 2.55000e+01  1.75626e-03 
 2.60000e+01  1.78998e-03 
 2.65000e+01  1.81944e-03 
 2.70000e+01  1.84546e-03 
 2.75000e+01  1.88391e-03 
 2.80000e+01  1.90033e-03 
 2.85000e+01  1.92842e-03 
 2.90000e+01  1.98412e-03 
 2.95000e+01  2.02592e-03 
 3.00000e+01  2.03454e-03 
 3.05000e+01  2.09273e-03 
 3.10000e+01  2.12314e-03 
 3.15000e+01  2.17610e-03 
 3.20000e+01  2.19667e-03 
 3.25000e+01  2.21902e-03 
 3.30000e+01  2.29735e-03 
 3.35000e+01  2.33338e-03 
 3.40000e+01  2.38547e-03 
 3.45000e+01  2.46461e-03 
 3.50000e+01  2.47178e-03 
 3.55000e+01  2.54546e-03 
 3.60000e+01  2.61621e-03 
 3.65000e+01  2.65191e-03 
 3.70000e+01  2.71966e-03 
 3.75000e+01  2.76539e-03 
 3.80000e+01  2.81839e-03 
 3.85000e+01  2.88671e-03 
 3.90000e+01  2.99090e-03 
 3.95000e+01  3.04070e-03 
 4.00000e+01  3.13625e-03 
 4.05000e+01  3.20741e-03 
 4.10000e+01  3.31786e-03 
 4.15000e+01  3.41254e-03 
 4.20000e+01  3.51418e-03 
 4.25000e+01  3.60167e-03 
 4.30000e+01  3.67368e-03 
 4.35000e+01  3.79872e-03 
 4.40000e+01  3.94818e-03 
 4.45000e+01  4.07187e-03 
 4.50000e+01  4.13897e-03 
 4.55000e+01  4.21031e-03 
 4.60000e+01  4.34640e-03 
 4.65000e+01  4.54126e-03 
 4.70000e+01  4.68233e-03 
 4.75000e+01  4.80485e-03 
 4.80000e+01  4.92750e-03 
 4.85000e+01  5.16170e-03 
 4.90000e+01  5.36062e-03 
 4.95000e+01  5.54436e-03 
 5.00000e+01  5.67218e-03 
 5.05000e+01  5.72801e-03 
 5.10000e+01  5.97770e-03 
 5.15000e+01  6.17959e-03 
 5.20000e+01  6.29108e-03 
 5.25000e+01  6.51268e-03 
 5.30000e+01  6.69248e-03 
 5.35000e+01  6.98434e-03 
 5.40000e+01  7.09318e-03 
 5.45000e+01  7.25624e-03 
 5.50000e+01  7.52958e-03 
 5.55000e+01  7.70228e-03 
 5.60000e+01  7.92118e-03 
 5.65000e+01  8.38786e-03 
 5.70000e+01  8.47376e-03 
 5.75000e+01  8.75443e-03 
 5.80000e+01  8.84599e-03 
 5.85000e+01  9.05084e-03 
 5.90000e+01  9.02890e-03 
 5.95000e+01  9.17359e-03 
 6.00000e+01  9.23578e-03 
 6.05000e+01  9.54589e-03 
 6.10000e+01  9.88232e-03 
 6.15000e+01  1.01104e-02 
 6.20000e+01  1.01107e-02 
 6.25000e+01  1.02327e-02 
 6.30000e+01  1.04360e-02 
 6.35000e+01  1.06597e-02 
 6.40000e+01  1.05352e-02 
 6.45000e+01  1.04782e-02 
 6.50000e+01  1.05380e-02 
 6.55000e+01  1.06415e-02 
 6.60000e+01  1.11120e-02 
 6.65000e+01  1.14725e-02 
 6.70000e+01  1.13914e-02 
 6.75000e+01  1.13649e-02 
 6.80000e+01  1.14643e-02 
 6.85000e+01  1.17569e-02 
 6.90000e+01  1.20840e-02 
 6.95000e+01  1.21218e-02 
 7.00000e+01  1.23294e-02 
 7.05000e+01  1.21693e-02 
 7.10000e+01  1.22624e-02 
 7.15000e+01  1.24325e-02 
 7.20000e+01  1.26054e-02 
 7.25000e+01  1.25544e-02 
 7.30000e+01  1.24775e-02 
 7.35000e+01  1.26604e-02 
 7.40000e+01  1.26578e-02 
 7.45000e+01  1.28447e-02 
 7.50000e+01  1.29476e-02 
 7.55000e+01  1.32597e-02 
 7.60000e+01  1.32426e-02 
 7.65000e+01  1.33789e-02 
 7.70000e+01  1.37022e-02 
 7.75000e+01  1.38087e-02 
 7.80000e+01  1.39277e-02 
 7.85000e+01  1.38015e-02 
 7.90000e+01  1.36957e-02 
 7.95000e+01  1.40907e-02 
 8.00000e+01  1.42885e-02 
 8.05000e+01  1.46197e-02 
 8.10000e+01  1.44808e-02 
 8.15000e+01  1.46123e-02 
 8.20000e+01  1.46286e-02 
 8.25000e+01  1.48021e-02 
 8.30000e+01  1.49285e-02 
 8.35000e+01  1.48135e-02 
 8.40000e+01  1.46874e-02 
 8.45000e+01  1.51682e-02 
 8.50000e+01  1.53634e-02 
 8.55000e+01  1.55482e-02 
 8.60000e+01  1.56071e-02 
 8.65000e+01  1.54380e-02 
 8.70000e+01  1.56211e-02 
 8.75000e+01  1.54329e-02 
 8.80000e+01  1.56766e-02 
 8.85000e+01  1.58486e-02 
 8.90000e+01  1.59116e-02 
 8.95000e+01  1.59962e-02 
 9.00000e+01  1.60853e-02 
 9.05000e+01  1.64023e-02 
 9.10000e+01  1.59699e-02 
 9.15000e+01  1.59194e-02 
 9.20000e+01  1.64908e-02 
 9.25000e+01  1.67239e-02 
 9.30000e+01  1.65088e-02 
 9.35000e+01  1.68823e-02 
 9.40000e+01  1.69729e-02 
 9.45000e+01  1.68490e-02 
 9.50000e+01  1.73200e-02 
 9.55000e+01  1.73362e-02 
 9.60000e+01  1.70396e-02 
 9.65000e+01  1.69748e-02 
 9.70000e+01  1.69872e-02 
 9.75000e+01  1.72008e-02 
 9.80000e+01  1.75706e-02 
 9.85000e+01  1.75376e-02 
 9.90000e+01  1.74052e-02 
 9.95000e+01  1.76979e-02 
 1.00000e+02  1.80150e-02 
 1.00500e+02  1.80293e-02 
 1.01000e+02  1.85151e-02 
 1.01500e+02  1.81116e-02 
 1.02000e+02  1.86751e-02 
 1.02500e+02  1.86051e-02 
 1.03000e+02  1.88232e-02 
 1.03500e+02  1.88039e-02 
 1.04000e+02  1.89319e-02 
 1.04500e+02  1.96285e-02 
 1.05000e+02  1.91115e-02 
 1.05500e+02  1.97160e-02 
 1.06000e+02  1.94453e-02 
 1.06500e+02  1.94025e-02 
 1.07000e+02  1.97324e-02 
 1.07500e+02  2.03562e-02 
 1.08000e+02  2.03974e-02 
 1.08500e+02  2.01040e-02 
 1.09000e+02  2.02029e-02 
 1.09500e+02  2.02010e-02 
 1.10000e+02  2.06269e-02 
 1.10500e+02  2.08740e-02 
 1.11000e+02  2.13194e-02 
 1.11500e+02  2.15334e-02 
 1.12000e+02  2.14661e-02 
 1.12500e+02  2.08457e-02 
 1.13000e+02  2.11630e-02 
 1.13500e+02  2.13692e-02 
 1.14000e+02  2.14422e-02 
 1.14500e+02  2.17830e-02 
 1.15000e+02  2.18080e-02 
 1.15500e+02  2.18178e-02 
 1.16000e+02  2.22663e-02 
 1.16500e+02  2.22970e-02 
 1.17000e+02  2.24954e-02 
 1.17500e+02  2.24077e-02 
 1.18000e+02  2.23658e-02 
 1.18500e+02  2.30972e-02 
 1.19000e+02  2.25132e-02 
 1.19500e+02  2.30979e-02 
 1.20000e+02  2.25058e-02 
 1.20500e+02  2.28162e-02 
 1.21000e+02  2.26743e-02 
 1.21500e+02  2.35605e-02 
 1.22000e+02  2.32304e-02 
 1.22500e+02  2.34853e-02 
 1.23000e+02  2.34775e-02 
 1.23500e+02  2.36094e-02 
 1.24000e+02  2.40867e-02 
 1.24500e+02  2.32422e-02 
 1.25000e+02  2.36477e-02 
 1.25500e+02  2.44402e-02 
 1.26000e+02  2.38768e-02 
 1.26500e+02  2.39035e-02 
 1.27000e+02  2.40651e-02 
 1.27500e+02  2.44465e-02 
 1.28000e+02  2.44354e-02 
 1.28500e+02  2.48042e-02 
 1.29000e+02  2.48852e-02 
 1.29500e+02  2.45869e-02 
 1.30000e+02  2.46954e-02 
 1.30500e+02  2.46044e-02 
 1.31000e+02  2.49653e-02 
 1.31500e+02  2.47620e-02 
 1.32000e+02  2.50481e-02 
 1.32500e+02  2.55452e-02 
 1.33000e+02  2.49359e-02 
 1.33500e+02  2.50080e-02 
 1.34000e+02  2.50694e-02 
 1.34500e+02  2.53648e-02 
 1.35000e+02  2.58426e-02 
 1.35500e+02  2.60101e-02 
 1.36000e+02  2.56198e-02 
 1.36500e+02  2.54813e-02 
 1.37000e+02  2.61216e-02 
 1.37500e+02  2.63083e-02 
 1.38000e+02  2.62014e-02 
 1.38500e+02  2.63288e-02 
 1.39000e+02  2.61794e-02 
 1.39500e+02  2.59270e-02 
 1.40000e+02  2.65764e-02 
 1.40500e+02  2.66668e-02 
 1.41000e+02  2.64216e-02 
 1.41500e+02  2.64210e-02 
 1.42000e+02  2.69643e-02 
 1.42500e+02  2.72055e-02 
 1.43000e+02  2.66813e-02 
 1.43500e+02  2.71504e-02 
 1.44000e+02  2.67126e-02 
 1.44500e+02  2.63966e-02 
 1.45000e+02  2.66972e-02 
 1.45500e+02  2.68691e-02 
 1.46000e+02  2.78899e-02 
 1.46500e+02  2.79437e-02 
 1.47000e+02  2.69957e-02 
 1.47500e+02  2.77594e-02 
 1.48000e+02  2.77799e-02 
 1.48500e+02  2.72498e-02 
 1.49000e+02  2.68451e-02 
 1.49500e+02  2.74040e-02 
 1.50000e+02  2.80474e-02 
 1.50500e+02  2.74138e-02 
 1.51000e+02  2.70893e-02 
 1.51500e+02  2.71725e-02 
 1.52000e+02  2.73344e-02 
 1.52500e+02  2.72336e-02 
 1.53000e+02  2.78134e-02 
 1.53500e+02  2.73323e-02 
 1.54000e+02  2.83922e-02 
 1.54500e+02  2.86116e-02 
 1.55000e+02  2.80032e-02 
 1.55500e+02  2.81896e-02 
 1.56000e+02  2.85903e-02 
 1.56500e+02  2.81406e-02 
 1.57000e+02  2.78783e-02 
 1.57500e+02  2.78539e-02 
 1.58000e+02  2.81793e-02 
 1.58500e+02  2.90723e-02 
 1.59000e+02  2.81254e-02 
 1.59500e+02  2.76634e-02 
 1.60000e+02  2.76070e-02 
 1.60500e+02  2.74178e-02 
 1.61000e+02  2.77615e-02 
 1.61500e+02  2.75554e-02 
 1.62000e+02  2.85907e-02 
 1.62500e+02  2.79157e-02 
 1.63000e+02  2.78434e-02 
 1.63500e+02  2.75379e-02 
 1.64000e+02  2.82484e-02 
 1.64500e+02  2.84031e-02 
 1.65000e+02  2.79478e-02 
 1.65500e+02  2.77189e-02 
 1.66000e+02  2.74095e-02 
 1.66500e+02  2.75513e-02 
 1.67000e+02  2.81651e-02 
 1.67500e+02  2.79721e-02 
 1.68000e+02  2.82367e-02 
 1.68500e+02  2.88594e-02 
 1.69000e+02  2.83679e-02 
 1.69500e+02  2.78111e-02 
 1.70000e+02  2.88033e-02 
 1.70500e+02  2.82295e-02 
 1.71000e+02  2.81070e-02 
 1.71500e+02  2.89209e-02 
 1.72000e+02  2.83674e-02 
 1.72500e+02  2.83435e-02 
 1.73000e+02  2.77736e-02 
 1.73500e+02  2.81950e-02 
 1.74000e+02  2.79886e-02 
 1.74500e+02  2.82795e-02 
 1.75000e+02  2.78309e-02 
 1.75500e+02  2.80278e-02 
 1.76000e+02  2.74997e-02 
 1.76500e+02  2.74891e-02 
 1.77000e+02  2.84298e-02 
 1.77500e+02  2.87836e-02 
 1.78000e+02  2.87449e-02 
 1.78500e+02  2.85504e-02 
 1.79000e+02  2.90369e-02 
 1.79500e+02  2.82846e-02 
 1.80000e+02  2.83989e-02 
 1.80500e+02  2.81285e-02 
 1.81000e+02  2.79947e-02 
 1.81500e+02  2.74531e-02 
 1.82000e+02  2.74418e-02 
 1.82500e+02  2.67757e-02 
 1.83000e+02  2.68935e-02 
 1.83500e+02  2.69769e-02 
 1.84000e+02  2.70388e-02 
 1.84500e+02  2.66854e-02 
 1.85000e+02  2.73076e-02 
 1.85500e+02  2.65715e-02 
 1.86000e+02  2.73099e-02 
 1.86500e+02  2.65228e-02 
 1.87000e+02  2.65304e-02 
 1.87500e+02  2.68910e-02 
 1.88000e+02  2.66172e-02 
 1.88500e+02  2.68753e-02 
 1.89000e+02  2.69770e-02 
 1.89500e+02  2.61591e-02 
 1.90000e+02  2.66377e-02 
 1.90500e+02  2.61422e-02 
 1.91000e+02  2.64699e-02 
 1.91500e+02  2.66789e-02 
 1.92000e+02  2.62284e-02 
 1.92500e+02  2.61108e-02 
 1.93000e+02  2.58053e-02 
 1.93500e+02  2.62593e-02 
 1.94000e+02  2.58776e-02 
 1.94500e+02  2.56218e-02 
 1.95000e+02  2.55137e-02 
 1.95500e+02  2.51834e-02 
 1.96000e+02  2.50915e-02 
 1.96500e+02  2.52361e-02 
 1.97000e+02  2.49282e-02 
 1.97500e+02  2.50148e-02 
 1.98000e+02  2.44477e-02 
 1.98500e+02  2.56203e-02 
 1.99000e+02  2.47245e-02 
 1.99500e+02  2.48855e-02 
 2.00000e+02  2.49592e-02 
 2.00500e+02  2.49472e-02 
 2.01000e+02  2.48909e-02 
 2.01500e+02  2.45454e-02 
 2.02000e+02  2.50182e-02 
 2.02500e+02  2.45169e-02 
 2.03000e+02  2.39720e-02 
 2.03500e+02  2.31112e-02 
 2.04000e+02  2.37719e-02 
 2.04500e+02  2.38079e-02 
 2.05000e+02  2.34709e-02 
 2.05500e+02  2.39669e-02 
 2.06000e+02  2.36258e-02 
 2.06500e+02  2.36853e-02 
 2.07000e+02  2.31231e-02 
 2.07500e+02  2.25925e-02 
 2.08000e+02  2.27448e-02 
 2.08500e+02  2.31315e-02 
 2.09000e+02  2.27710e-02 
 2.09500e+02  2.23844e-02 
 2.10000e+02  2.26390e-02 
 2.10500e+02  2.21156e-02 
 2.11000e+02  2.20954e-02 
 2.11500e+02  2.23027e-02 
 2.12000e+02  2.17633e-02 
 2.12500e+02  2.13942e-02 
 2.13000e+02  2.13104e-02 
 2.13500e+02  2.12242e-02 
 2.14000e+02  2.09582e-02 
 2.14500e+02  2.07720e-02 
 2.15000e+02  2.04717e-02 
 2.15500e+02  2.00738e-02 
 2.16000e+02  1.97995e-02 
 2.16500e+02  1.95864e-02 
 2.17000e+02  1.93649e-02 
 2.17500e+02  1.95079e-02 
 2.18000e+02  1.97998e-02 
 2.18500e+02  1.95977e-02 
 2.19000e+02  1.96058e-02 
 2.19500e+02  1.94279e-02 
 2.20000e+02  1.89994e-02 
 2.20500e+02  1.91011e-02 
 2.21000e+02  1.88607e-02 
 2.21500e+02  1.82354e-02 
 2.22000e+02  1.80511e-02 
 2.22500e+02  1.82281e-02 
 2.23000e+02  1.80483e-02 
 2.23500e+02  1.81025e-02 
 2.24000e+02  1.78898e-02 
 2.24500e+02  1.81681e-02 
 2.25000e+02  1.79382e-02 
 2.25500e+02  1.76876e-02 
 2.26000e+02  1.72599e-02 
 2.26500e+02  1.69290e-02 
 2.27000e+02  1.69380e-02 
 2.27500e+02  1.68469e-02 
 2.28000e+02  1.65178e-02 
 2.28500e+02  1.64323e-02 
 2.29000e+02  1.62671e-02 
 2.29500e+02  1.66326e-02 
 2.30000e+02  1.63018e-02 
 2.30500e+02  1.62070e-02 
 2.31000e+02  1.63403e-02 
 2.31500e+02  1.62225e-02 
 2.32000e+02  1.66154e-02 
 2.32500e+02  1.64366e-02 
 2.33000e+02  1.60915e-02 
 2.33500e+02  1.59354e-02 
 2.34000e+02  1.60760e-02 
 2.34500e+02  1.58526e-02 
 2.35000e+02  1.57060e-02 
 2.35500e+02  1.49763e-02 
 2.36000e+02  1.51477e-02 
 2.36500e+02  1.53609e-02 
 2.37000e+02  1.53451e-02 
 2.37500e+02  1.51258e-02 
 2.38000e+02  1.48810e-02 
 2.38500e+02  1.55109e-02 
 2.39000e+02  1.49117e-02 
 2.39500e+02  1.46349e-02 
 2.40000e+02  1.46136e-02 
 2.40500e+02  1.43448e-02 
 2.41000e+02  1.42633e-02 
 2.41500e+02  1.43273e-02 
 2.42000e+02  1.42597e-02 
 2.42500e+02  1.40042e-02 
 2.43000e+02  1.40200e-02 
 2.43500e+02  1.39758e-02 
 2.44000e+02  1.36686e-02 
 2.44500e+02  1.35899e-02 
 2.45000e+02  1.34277e-02 
 2.45500e+02  1.36161e-02 
 2.46000e+02  1.32127e-02 
 2.46500e+02  1.27408e-02 
 2.47000e+02  1.25725e-02 
 2.47500e+02  1.26082e-02 
 2.48000e+02  1.29093e-02 
 2.48500e+02  1.27672e-02 
 2.49000e+02  1.26831e-02 
 2.49500e+02  1.23347e-02 
 2.50000e+02  1.19598e-02 
 2.50500e+02  1.20340e-02 
 2.51000e+02  1.17931e-02 
 2.51500e+02  1.14563e-02 
 2.52000e+02  1.15227e-02 
 2.52500e+02  1.17229e-02 
 2.53000e+02  1.14281e-02 
 2.53500e+02  1.12070e-02 
 2.54000e+02  1.08525e-02 
 2.54500e+02  1.07747e-02 
 2.55000e+02  1.07806e-02 
 2.55500e+02  1.06283e-02 
 2.56000e+02  1.07039e-02 
 2.56500e+02  1.04365e-02 
 2.57000e+02  1.00827e-02 
 2.57500e+02  1.00187e-02 
 2.58000e+02  1.00304e-02 
 2.58500e+02  9.63648e-03 
 2.59000e+02  9.42514e-03 
 2.59500e+02  9.35310e-03 
 2.60000e+02  9.26906e-03 
 2.60500e+02  9.11372e-03 
 2.61000e+02  9.01371e-03 
 2.61500e+02  8.69166e-03 
 2.62000e+02  8.55618e-03 
 2.62500e+02  8.34684e-03 
 2.63000e+02  8.13464e-03 
 2.63500e+02  7.91030e-03 
 2.64000e+02  7.69200e-03 
 2.64500e+02  7.48154e-03 
 2.65000e+02  7.29223e-03 
 2.65500e+02  7.11775e-03 
 2.66000e+02  6.88222e-03 
 2.66500e+02  6.63450e-03 
 2.67000e+02  6.54650e-03 
 2.67500e+02  6.30497e-03 
 2.68000e+02  6.12630e-03 
 2.68500e+02  5.99197e-03 
 2.69000e+02  5.84966e-03 
 2.69500e+02  5.57618e-03 
 2.70000e+02  5.46818e-03 
 2.70500e+02  5.22782e-03 
 2.71000e+02  5.09975e-03 
 2.71500e+02  4.91477e-03 
 2.72000e+02  4.79862e-03 
 2.72500e+02  4.66060e-03 
 2.73000e+02  4.50373e-03 
 2.73500e+02  4.32067e-03 
 2.74000e+02  4.18499e-03 
 2.74500e+02  4.04936e-03 
 2.75000e+02  3.91911e-03 
 2.75500e+02  3.85447e-03 
 2.76000e+02  3.74259e-03 
 2.76500e+02  3.67201e-03 
 2.77000e+02  3.52518e-03 
 2.77500e+02  3.45757e-03 
 2.78000e+02  3.36813e-03 
 2.78500e+02  3.26473e-03 
 2.79000e+02  3.21664e-03 
 2.79500e+02  3.14383e-03 
 2.80000e+02  3.06534e-03 
 2.80500e+02  2.94757e-03 
 2.81000e+02  2.90586e-03 
 2.81500e+02  2.83408e-03 
 2.82000e+02  2.76890e-03 
 2.82500e+02  2.75418e-03 
 2.83000e+02  2.70294e-03 
 2.83500e+02  2.64459e-03 
 2.84000e+02  2.54838e-03 
 2.84500e+02  2.51538e-03 
 2.85000e+02  2.45916e-03 
 2.85500e+02  2.40245e-03 
 2.86000e+02  2.36026e-03 
 2.86500e+02  2.32187e-03 
 2.87000e+02  2.27841e-03 
 2.87500e+02  2.23304e-03 
 2.88000e+02  2.18862e-03 
 2.88500e+02  2.14746e-03 
 2.89000e+02  2.11970e-03 
 2.89500e+02  2.07889e-03 
 2.90000e+02  2.05161e-03 
 2.90500e+02  2.02659e-03 
 2.91000e+02  1.97671e-03 
 2.91500e+02  1.95598e-03 
 2.92000e+02  1.93417e-03 
 2.92500e+02  1.88633e-03 
 2.93000e+02  1.85969e-03 
 2.93500e+02  1.84333e-03 
 2.94000e+02  1.81473e-03 
 2.94500e+02  1.78716e-03 
 2.95000e+02  1.75843e-03 
 2.95500e+02  1.71803e-03 
 2.96000e+02  1.69935e-03 
 2.96500e+02  1.65361e-03 
 2.97000e+02  1.64374e-03 
 2.97500e+02  1.64158e-03 
 2.98000e+02  1.62522e-03 
 2.98500e+02  1.60165e-03 
 2.99000e+02  1.58774e-03 
 2.99500e+02  1.56413e-03 
 3.00000e+02  1.56441e-03 
 3.00500e+02  1.52413e-03 
 3.01000e+02  1.50710e-03 
 3.01500e+02  1.48940e-03 
 3.02000e+02  1.46900e-03 
 3.02500e+02  1.45777e-03 
 3.03000e+02  1.44838e-03 
 3.03500e+02  1.43606e-03 
 3.04000e+02  1.43030e-03 
 3.04500e+02  1.42406e-03 
 3.05000e+02  1.40011e-03 
 3.05500e+02  1.38606e-03 
 3.06000e+02  1.37114e-03 
 3.06500e+02  1.35654e-03 
 3.07000e+02  1.35485e-03 
 3.07500e+02  1.34163e-03 
 3.08000e+02  1.30730e-03 
 3.08500e+02  1.32384e-03 
 3.09000e+02  1.28880e-03 
 3.09500e+02  1.27993e-03 
 3.10000e+02  1.27777e-03 
 3.10500e+02  1.26502e-03 
 3.11000e+02  1.25862e-03 
 3.11500e+02  1.25383e-03 
 3.12000e+02  1.23688e-03 
 3.12500e+02  1.22794e-03 
 3.13000e+02  1.19885e-03 
 3.13500e+02  1.18112e-03 
 3.14000e+02  1.17551e-03 
 3.14500e+02  1.16164e-03 
 3.15000e+02  1.14492e-03 
 3.15500e+02  1.15195e-03 
 3.16000e+02  1.13761e-03 
 3.16500e+02  1.13132e-03 
 3.17000e+02  1.13220e-03 
 3.17500e+02  1.12161e-03 
 3.18000e+02  1.10982e-03 
 3.18500e+02  1.10160e-03 
 3.19000e+02  1.09135e-03 
 3.19500e+02  1.09153e-03 
