 0.00000e+00  1.01945e-03 
 5.00000e-01  1.03647e-03 
 1.00000e+00  1.05140e-03 
 1.50000e+00  1.05428e-03 
 2.00000e+00  1.06454e-03 
 2.50000e+00  1.06928e-03 
 3.00000e+00  1.07914e-03 
 3.50000e+00  1.08290e-03 
 4.00000e+00  1.08894e-03 
 4.50000e+00  1.10224e-03 
 5.00000e+00  1.11978e-03 
 5.50000e+00  1.12198e-03 
 6.00000e+00  1.13997e-03 
 6.50000e+00  1.13050e-03 
 7.00000e+00  1.14826e-03 
 7.50000e+00  1.16352e-03 
 8.00000e+00  1.20570e-03 
 8.50000e+00  1.20171e-03 
 9.00000e+00  1.19439e-03 
 9.50000e+00  1.19602e-03 
 1.00000e+01  1.20654e-03 
 1.05000e+01  1.22090e-03 
 1.10000e+01  1.24496e-03 
 1.15000e+01  1.26370e-03 
 1.20000e+01  1.26978e-03 
 1.25000e+01  1.28171e-03 
 1.30000e+01  1.30102e-03 
 1.35000e+01  1.31223e-03 
 1.40000e+01  1.33168e-03 
 1.45000e+01  1.33770e-03 
 1.50000e+01  1.34234e-03 
 1.55000e+01  1.36531e-03 
 1.60000e+01  1.37542e-03 
 1.65000e+01  1.39804e-03 
 1.70000e+01  1.41485e-03 
 1.75000e+01  1.42781e-03 
 1.80000e+01  1.45189e-03 
 1.85000e+01  1.48104e-03 
 1.90000e+01  1.49673e-03 
 1.95000e+01  1.49966e-03 
 2.00000e+01  1.51840e-03 
 2.05000e+01  1.54113e-03 
 2.10000e+01  1.57674e-03 
 2.15000e+01  1.59670e-03 
 2.20000e+01  1.61794e-03 
 2.25000e+01  1.63983e-03 
 2.30000e+01  1.66246e-03 
 2.35000e+01  1.67372e-03 
 2.40000e+01  1.71795e-03 
 2.45000e+01  1.71609e-03 
 2.50000e+01  1.74863e-03 
 2.55000e+01  1.77849e-03 
 2.60000e+01  1.78725e-03 
 2.65000e+01  1.81504e-03 
 2.70000e+01  1.84326e-03 
 2.75000e+01  1.88084e-03 
 2.80000e+01  1.88879e-03 
 2.85000e+01  1.92154e-03 
 2.90000e+01  1.95802e-03 
 2.95000e+01  2.00502e-03 
 3.00000e+01  2.03592e-03 
 3.05000e+01  2.06473e-03 
 3.10000e+01  2.11069e-03 
 3.15000e+01  2.14081e-03 
 3.20000e+01  2.19383e-03 
 3.25000e+01  2.22810e-03 
 3.30000e+01  2.28945e-03 
 3.35000e+01  2.32828e-03 
 3.40000e+01  2.35878e-03 
 3.45000e+01  2.43852e-03 
 3.50000e+01  2.48585e-03 
 3.55000e+01  2.57255e-03 
 3.60000e+01  2.62755e-03 
 3.65000e+01  2.65206e-03 
 3.70000e+01  2.71462e-03 
 3.75000e+01  2.79800e-03 
 3.80000e+01  2.84440e-03 
 3.85000e+01  2.89344e-03 
 3.90000e+01  2.96710e-03 
 3.95000e+01  3.02845e-03 
 4.00000e+01  3.08909e-03 
 4.05000e+01  3.14722e-03 
 4.10000e+01  3.23840e-03 
 4.15000e+01  3.34854e-03 
 4.20000e+01  3.44810e-03 
 4.25000e+01  3.50806e-03 
 4.30000e+01  3.59008e-03 
 4.35000e+01  3.70808e-03 
 4.40000e+01  3.85291e-03 
 4.45000e+01  3.95199e-03 
 4.50000e+01  4.04886e-03 
 4.55000e+01  4.20225e-03 
 4.60000e+01  4.33949e-03 
 4.65000e+01  4.52062e-03 
 4.70000e+01  4.60278e-03 
 4.75000e+01  4.78065e-03 
 4.80000e+01  4.88383e-03 
 4.85000e+01  5.03237e-03 
 4.90000e+01  5.26075e-03 
 4.95000e+01  5.43557e-03 
 5.00000e+01  5.65292e-03 
 5.05000e+01  5.73294e-03 
 5.10000e+01  5.92817e-03 
 5.15000e+01  6.13964e-03 
 5.20000e+01  6.35622e-03 
 5.25000e+01  6.49269e-03 
 5.30000e+01  6.58365e-03 
 5.35000e+01  6.88946e-03 
 5.40000e+01  7.15253e-03 
 5.45000e+01  7.33245e-03 
 5.50000e+01  7.59508e-03 
 5.55000e+01  7.86886e-03 
 5.60000e+01  8.09116e-03 
 5.65000e+01  8.43251e-03 
 5.70000e+01  8.38370e-03 
 5.75000e+01  8.54450e-03 
 5.80000e+01  8.65652e-03 
 5.85000e+01  8.76234e-03 
 5.90000e+01  8.88346e-03 
 5.95000e+01  9.15188e-03 
 6.00000e+01  9.27542e-03 
 6.05000e+01  9.58858e-03 
 6.10000e+01  9.71366e-03 
 6.15000e+01  9.89209e-03 
 6.20000e+01  1.01389e-02 
 6.25000e+01  1.00994e-02 
 6.30000e+01  1.05168e-02 
 6.35000e+01  1.05542e-02 
 6.40000e+01  1.03612e-02 
 6.45000e+01  1.06827e-02 
 6.50000e+01  1.08417e-02 
 6.55000e+01  1.08818e-02 
 6.60000e+01  1.10119e-02 
 6.65000e+01  1.12075e-02 
 6.70000e+01  1.10820e-02 
 6.75000e+01  1.12278e-02 
 6.80000e+01  1.15446e-02 
 6.85000e+01  1.17334e-02 
 6.90000e+01  1.21063e-02 
 6.95000e+01  1.19158e-02 
 7.00000e+01  1.21736e-02 
 7.05000e+01  1.20950e-02 
 7.10000e+01  1.24964e-02 
 7.15000e+01  1.24231e-02 
 7.20000e+01  1.25408e-02 
 7.25000e+01  1.27722e-02 
 7.30000e+01  1.27716e-02 
 7.35000e+01  1.28254e-02 
 7.40000e+01  1.28702e-02 
 7.45000e+01  1.29346e-02 
 7.50000e+01  1.31757e-02 
 7.55000e+01  1.31763e-02 
 7.60000e+01  1.31964e-02 
 7.65000e+01  1.35911e-02 
 7.70000e+01  1.37999e-02 
 7.75000e+01  1.37192e-02 
 7.80000e+01  1.38324e-02 
 7.85000e+01  1.38044e-02 
 7.90000e+01  1.37854e-02 
 7.95000e+01  1.39621e-02 
 8.00000e+01  1.41214e-02 
 8.05000e+01  1.42180e-02 
 8.10000e+01  1.46156e-02 
 8.15000e+01  1.46270e-02 
 8.20000e+01  1.43039e-02 
 8.25000e+01  1.42810e-02 
 8.30000e+01  1.47220e-02 
 8.35000e+01  1.46431e-02 
 8.40000e+01  1.47127e-02 
 8.45000e+01  1.48519e-02 
 8.50000e+01  1.49558e-02 
 8.55000e+01  1.51662e-02 
 8.60000e+01  1.51950e-02 
 8.65000e+01  1.53901e-02 
 8.70000e+01  1.50545e-02 
 8.75000e+01  1.55550e-02 
 8.80000e+01  1.58726e-02 
 8.85000e+01  1.58870e-02 
 8.90000e+01  1.56463e-02 
 8.95000e+01  1.57500e-02 
 9.00000e+01  1.61680e-02 
 9.05000e+01  1.61799e-02 
 9.10000e+01  1.59427e-02 
 9.15000e+01  1.62205e-02 
 9.20000e+01  1.61976e-02 
 9.25000e+01  1.64024e-02 
 9.30000e+01  1.65083e-02 
 9.35000e+01  1.63583e-02 
 9.40000e+01  1.66916e-02 
 9.45000e+01  1.66133e-02 
 9.50000e+01  1.66343e-02 
 9.55000e+01  1.67916e-02 
 9.60000e+01  1.67384e-02 
 9.65000e+01  1.69251e-02 
 9.70000e+01  1.70791e-02 
 9.75000e+01  1.76632e-02 
 9.80000e+01  1.77973e-02 
 9.85000e+01  1.78322e-02 
 9.90000e+01  1.74419e-02 
 9.95000e+01  1.77429e-02 
 1.00000e+02  1.78348e-02 
 1.00500e+02  1.77634e-02 
 1.01000e+02  1.78916e-02 
 1.01500e+02  1.80322e-02 
 1.02000e+02  1.77970e-02 
 1.02500e+02  1.84201e-02 
 1.03000e+02  1.80665e-02 
 1.03500e+02  1.82637e-02 
 1.04000e+02  1.87547e-02 
 1.04500e+02  1.82414e-02 
 1.05000e+02  1.86198e-02 
 1.05500e+02  1.84779e-02 
 1.06000e+02  1.88472e-02 
 1.06500e+02  1.86605e-02 
 1.07000e+02  1.89807e-02 
 1.07500e+02  1.94621e-02 
 1.08000e+02  1.92989e-02 
 1.08500e+02  1.94582e-02 
 1.09000e+02  1.96986e-02 
 1.09500e+02  1.96341e-02 
 1.10000e+02  1.98567e-02 
 1.10500e+02  2.01768e-02 
 1.11000e+02  2.01107e-02 
 1.11500e+02  2.03962e-02 
 1.12000e+02  2.05367e-02 
 1.12500e+02  2.02172e-02 
 1.13000e+02  2.04985e-02 
 1.13500e+02  2.09339e-02 
 1.14000e+02  2.10600e-02 
 1.14500e+02  2.14908e-02 
 1.15000e+02  2.16816e-02 
 1.15500e+02  2.19533e-02 
 1.16000e+02  2.20534e-02 
 1.16500e+02  2.20748e-02 
 1.17000e+02  2.28543e-02 
 1.17500e+02  2.23385e-02 
 1.18000e+02  2.18734e-02 
 1.18500e+02  2.28289e-02 
 1.19000e+02  2.30215e-02 
 1.19500e+02  2.26849e-02 
 1.20000e+02  2.24359e-02 
 1.20500e+02  2.29937e-02 
 1.21000e+02  2.27461e-02 
 1.21500e+02  2.30127e-02 
 1.22000e+02  2.32049e-02 
 1.22500e+02  2.40243e-02 
 1.23000e+02  2.33672e-02 
 1.23500e+02  2.37568e-02 
 1.24000e+02  2.38451e-02 
 1.24500e+02  2.35546e-02 
 1.25000e+02  2.43311e-02 
 1.25500e+02  2.36535e-02 
 1.26000e+02  2.41446e-02 
 1.26500e+02  2.39765e-02 
 1.27000e+02  2.43957e-02 
 1.27500e+02  2.44843e-02 
 1.28000e+02  2.42728e-02 
 1.28500e+02  2.43586e-02 
 1.29000e+02  2.51331e-02 
 1.29500e+02  2.45109e-02 
 1.30000e+02  2.52009e-02 
 1.30500e+02  2.53923e-02 
 1.31000e+02  2.55356e-02 
 1.31500e+02  2.60014e-02 
 1.32000e+02  2.62116e-02 
 1.32500e+02  2.66241e-02 
 1.33000e+02  2.59709e-02 
 1.33500e+02  2.59887e-02 
 1.34000e+02  2.60088e-02 
 1.34500e+02  2.60234e-02 
 1.35000e+02  2.63326e-02 
 1.35500e+02  2.55429e-02 
 1.36000e+02  2.60874e-02 
 1.36500e+02  2.60479e-02 
 1.37000e+02  2.64243e-02 
 1.37500e+02  2.59831e-02 
 1.38000e+02  2.62642e-02 
 1.38500e+02  2.59988e-02 
 1.39000e+02  2.57122e-02 
 1.39500e+02  2.66857e-02 
 1.40000e+02  2.65003e-02 
 1.40500e+02  2.63976e-02 
 1.41000e+02  2.66298e-02 
 1.41500e+02  2.65914e-02 
 1.42000e+02  2.60998e-02 
 1.42500e+02  2.66392e-02 
 1.43000e+02  2.70500e-02 
 1.43500e+02  2.71051e-02 
 1.44000e+02  2.71922e-02 
 1.44500e+02  2.65953e-02 
 1.45000e+02  2.70638e-02 
 1.45500e+02  2.72466e-02 
 1.46000e+02  2.78405e-02 
 1.46500e+02  2.76675e-02 
 1.47000e+02  2.75412e-02 
 1.47500e+02  2.66402e-02 
 1.48000e+02  2.71088e-02 
 1.48500e+02  2.74029e-02 
 1.49000e+02  2.72977e-02 
 1.49500e+02  2.77440e-02 
 1.50000e+02  2.78152e-02 
 1.50500e+02  2.75335e-02 
 1.51000e+02  2.81538e-02 
 1.51500e+02  2.79036e-02 
 1.52000e+02  2.80518e-02 
 1.52500e+02  2.73982e-02 
 1.53000e+02  2.82676e-02 
 1.53500e+02  2.82989e-02 
 1.54000e+02  2.84837e-02 
 1.54500e+02  2.78808e-02 
 1.55000e+02  2.82981e-02 
 1.55500e+02  2.81123e-02 
 1.56000e+02  2.75885e-02 
 1.56500e+02  2.81632e-02 
 1.57000e+02  2.73167e-02 
 1.57500e+02  2.82493e-02 
 1.58000e+02  2.77242e-02 
 1.58500e+02  2.81282e-02 
 1.59000e+02  2.74953e-02 
 1.59500e+02  2.73642e-02 
 1.60000e+02  2.75222e-02 
 1.60500e+02  2.80058e-02 
 1.61000e+02  2.81682e-02 
 1.61500e+02  2.79291e-02 
 1.62000e+02  2.84648e-02 
 1.62500e+02  2.80948e-02 
 1.63000e+02  2.79647e-02 
 1.63500e+02  2.79569e-02 
 1.64000e+02  2.71503e-02 
 1.64500e+02  2.80346e-02 
 1.65000e+02  2.73298e-02 
 1.65500e+02  2.79740e-02 
 1.66000e+02  2.76759e-02 
 1.66500e+02  2.75979e-02 
 1.67000e+02  2.78352e-02 
 1.67500e+02  2.88011e-02 
 1.68000e+02  2.77808e-02 
 1.68500e+02  2.84974e-02 
 1.69000e+02  2.79593e-02 
 1.69500e+02  2.78284e-02 
 1.70000e+02  2.80398e-02 
 1.70500e+02  2.84978e-02 
 1.71000e+02  2.91076e-02 
 1.71500e+02  2.81803e-02 
 1.72000e+02  2.83630e-02 
 1.72500e+02  2.88296e-02 
 1.73000e+02  2.80601e-02 
 1.73500e+02  2.91739e-02 
 1.74000e+02  2.85106e-02 
 1.74500e+02  2.91836e-02 
 1.75000e+02  2.91685e-02 
 1.75500e+02  2.88965e-02 
 1.76000e+02  2.82849e-02 
 1.76500e+02  2.83039e-02 
 1.77000e+02  2.84011e-02 
 1.77500e+02  2.87883e-02 
 1.78000e+02  2.78791e-02 
 1.78500e+02  2.80679e-02 
 1.79000e+02  2.88718e-02 
 1.79500e+02  2.83769e-02 
 1.80000e+02  2.88167e-02 
 1.80500e+02  2.79091e-02 
 1.81000e+02  2.75858e-02 
 1.81500e+02  2.75423e-02 
 1.82000e+02  2.81554e-02 
 1.82500e+02  2.75820e-02 
 1.83000e+02  2.72904e-02 
 1.83500e+02  2.74655e-02 
 1.84000e+02  2.70491e-02 
 1.84500e+02  2.68673e-02 
 1.85000e+02  2.70977e-02 
 1.85500e+02  2.60263e-02 
 1.86000e+02  2.63781e-02 
 1.86500e+02  2.60410e-02 
 1.87000e+02  2.67729e-02 
 1.87500e+02  2.62476e-02 
 1.88000e+02  2.62349e-02 
 1.88500e+02  2.60669e-02 
 1.89000e+02  2.64622e-02 
 1.89500e+02  2.65546e-02 
 1.90000e+02  2.58733e-02 
 1.90500e+02  2.62371e-02 
 1.91000e+02  2.61613e-02 
 1.91500e+02  2.61340e-02 
 1.92000e+02  2.59901e-02 
 1.92500e+02  2.52086e-02 
 1.93000e+02  2.52611e-02 
 1.93500e+02  2.47514e-02 
 1.94000e+02  2.56220e-02 
 1.94500e+02  2.48759e-02 
 1.95000e+02  2.51414e-02 
 1.95500e+02  2.51768e-02 
 1.96000e+02  2.50924e-02 
 1.96500e+02  2.48090e-02 
 1.97000e+02  2.46624e-02 
 1.97500e+02  2.47685e-02 
 1.98000e+02  2.47198e-02 
 1.98500e+02  2.46497e-02 
 1.99000e+02  2.44816e-02 
 1.99500e+02  2.52203e-02 
 2.00000e+02  2.51319e-02 
 2.00500e+02  2.46395e-02 
 2.01000e+02  2.52547e-02 
 2.01500e+02  2.42816e-02 
 2.02000e+02  2.42547e-02 
 2.02500e+02  2.37857e-02 
 2.03000e+02  2.36768e-02 
 2.03500e+02  2.32080e-02 
 2.04000e+02  2.34714e-02 
 2.04500e+02  2.34875e-02 
 2.05000e+02  2.34011e-02 
 2.05500e+02  2.35281e-02 
 2.06000e+02  2.29526e-02 
 2.06500e+02  2.29487e-02 
 2.07000e+02  2.29007e-02 
 2.07500e+02  2.26782e-02 
 2.08000e+02  2.27199e-02 
 2.08500e+02  2.24606e-02 
 2.09000e+02  2.20596e-02 
 2.09500e+02  2.22324e-02 
 2.10000e+02  2.18044e-02 
 2.10500e+02  2.21905e-02 
 2.11000e+02  2.17966e-02 
 2.11500e+02  2.20720e-02 
 2.12000e+02  2.19306e-02 
 2.12500e+02  2.18842e-02 
 2.13000e+02  2.16207e-02 
 2.13500e+02  2.09586e-02 
 2.14000e+02  2.06844e-02 
 2.14500e+02  2.05779e-02 
 2.15000e+02  2.10102e-02 
 2.15500e+02  2.06070e-02 
 2.16000e+02  2.01059e-02 
 2.16500e+02  2.00962e-02 
 2.17000e+02  1.98931e-02 
 2.17500e+02  2.03541e-02 
 2.18000e+02  1.97849e-02 
 2.18500e+02  2.00983e-02 
 2.19000e+02  1.93442e-02 
 2.19500e+02  1.94139e-02 
 2.20000e+02  1.92383e-02 
 2.20500e+02  1.90792e-02 
 2.21000e+02  1.85619e-02 
 2.21500e+02  1.88697e-02 
 2.22000e+02  1.84618e-02 
 2.22500e+02  1.82972e-02 
 2.23000e+02  1.85889e-02 
 2.23500e+02  1.84337e-02 
 2.24000e+02  1.77304e-02 
 2.24500e+02  1.79520e-02 
 2.25000e+02  1.82715e-02 
 2.25500e+02  1.85526e-02 
 2.26000e+02  1.80512e-02 
 2.26500e+02  1.74549e-02 
 2.27000e+02  1.73288e-02 
 2.27500e+02  1.72342e-02 
 2.28000e+02  1.69103e-02 
 2.28500e+02  1.67298e-02 
 2.29000e+02  1.66488e-02 
 2.29500e+02  1.66559e-02 
 2.30000e+02  1.68079e-02 
 2.30500e+02  1.68819e-02 
 2.31000e+02  1.67212e-02 
 2.31500e+02  1.65833e-02 
 2.32000e+02  1.63236e-02 
 2.32500e+02  1.58914e-02 
 2.33000e+02  1.57452e-02 
 2.33500e+02  1.57048e-02 
 2.34000e+02  1.56680e-02 
 2.34500e+02  1.56420e-02 
 2.35000e+02  1.57102e-02 
 2.35500e+02  1.53810e-02 
 2.36000e+02  1.51002e-02 
 2.36500e+02  1.53708e-02 
 2.37000e+02  1.52889e-02 
 2.37500e+02  1.47431e-02 
 2.38000e+02  1.47198e-02 
 2.38500e+02  1.46140e-02 
 2.39000e+02  1.51232e-02 
 2.39500e+02  1.47632e-02 
 2.40000e+02  1.45791e-02 
 2.40500e+02  1.45133e-02 
 2.41000e+02  1.43919e-02 
 2.41500e+02  1.40512e-02 
 2.42000e+02  1.38418e-02 
 2.42500e+02  1.37847e-02 
 2.43000e+02  1.38271e-02 
 2.43500e+02  1.37186e-02 
 2.44000e+02  1.35117e-02 
 2.44500e+02  1.33095e-02 
 2.45000e+02  1.31438e-02 
 2.45500e+02  1.29983e-02 
 2.46000e+02  1.32158e-02 
 2.46500e+02  1.28246e-02 
 2.47000e+02  1.27375e-02 
 2.47500e+02  1.28487e-02 
 2.48000e+02  1.28838e-02 
 2.48500e+02  1.25161e-02 
 2.49000e+02  1.24419e-02 
 2.49500e+02  1.22533e-02 
 2.50000e+02  1.19800e-02 
 2.50500e+02  1.19446e-02 
 2.51000e+02  1.17707e-02 
 2.51500e+02  1.18301e-02 
 2.52000e+02  1.17891e-02 
 2.52500e+02  1.14424e-02 
 2.53000e+02  1.13588e-02 
 2.53500e+02  1.10762e-02 
 2.54000e+02  1.09729e-02 
 2.54500e+02  1.05490e-02 
 2.55000e+02  1.06354e-02 
 2.55500e+02  1.08423e-02 
 2.56000e+02  1.07394e-02 
 2.56500e+02  1.03818e-02 
 2.57000e+02  1.00960e-02 
 2.57500e+02  9.88627e-03 
 2.58000e+02  9.70417e-03 
 2.58500e+02  9.47162e-03 
 2.59000e+02  9.35826e-03 
 2.59500e+02  9.19622e-03 
 2.60000e+02  9.13104e-03 
 2.60500e+02  8.91511e-03 
 2.61000e+02  8.50855e-03 
 2.61500e+02  8.34318e-03 
 2.62000e+02  8.37613e-03 
 2.62500e+02  8.08115e-03 
 2.63000e+02  7.93897e-03 
 2.63500e+02  7.85372e-03 
 2.64000e+02  7.56370e-03 
 2.64500e+02  7.30027e-03 
 2.65000e+02  7.06834e-03 
 2.65500e+02  6.99573e-03 
 2.66000e+02  6.83578e-03 
 2.66500e+02  6.57652e-03 
 2.67000e+02  6.38750e-03 
 2.67500e+02  6.22516e-03 
 2.68000e+02  6.03910e-03 
 2.68500e+02  5.82099e-03 
 2.69000e+02  5.65752e-03 
 2.69500e+02  5.49810e-03 
 2.70000e+02  5.35169e-03 
 2.70500e+02  5.12031e-03 
 2.71000e+02  4.98439e-03 
 2.71500e+02  4.86652e-03 
 2.72000e+02  4.69494e-03 
 2.72500e+02  4.58776e-03 
 2.73000e+02  4.43661e-03 
 2.73500e+02  4.29857e-03 
 2.74000e+02  4.16647e-03 
 2.74500e+02  4.01206e-03 
 2.75000e+02  3.87762e-03 
 2.75500e+02  3.79047e-03 
 2.76000e+02  3.67556e-03 
 2.76500e+02  3.56472e-03 
 2.77000e+02  3.47606e-03 
 2.77500e+02  3.38205e-03 
 2.78000e+02  3.26726e-03 
 2.78500e+02  3.19101e-03 
 2.79000e+02  3.15119e-03 
 2.79500e+02  3.03736e-03 
 2.80000e+02  2.96925e-03 
 2.80500e+02  2.89244e-03 
 2.81000e+02  2.85141e-03 
 2.81500e+02  2.77314e-03 
 2.82000e+02  2.73819e-03 
 2.82500e+02  2.68734e-03 
 2.83000e+02  2.61394e-03 
 2.83500e+02  2.59930e-03 
 2.84000e+02  2.53036e-03 
 2.84500e+02  2.46593e-03 
 2.85000e+02  2.41454e-03 
 2.85500e+02  2.36819e-03 
 2.86000e+02  2.31349e-03 
 2.86500e+02  2.28385e-03 
 2.87000e+02  2.24780e-03 
 2.87500e+02  2.21223e-03 
 2.88000e+02  2.17030e-03 
 2.88500e+02  2.10685e-03 
 2.89000e+02  2.06781e-03 
 2.89500e+02  2.02273e-03 
 2.90000e+02  1.99654e-03 
 2.90500e+02  1.95890e-03 
 2.91000e+02  1.93452e-03 
 2.91500e+02  1.90677e-03 
 2.92000e+02  1.86542e-03 
 2.92500e+02  1.86191e-03 
 2.93000e+02  1.84658e-03 
 2.93500e+02  1.78102e-03 
 2.94000e+02  1.79471e-03 
 2.94500e+02  1.76326e-03 
 2.95000e+02  1.72995e-03 
 2.95500e+02  1.69201e-03 
 2.96000e+02  1.68717e-03 
 2.96500e+02  1.65490e-03 
 2.97000e+02  1.62990e-03 
 2.97500e+02  1.61192e-03 
 2.98000e+02  1.59370e-03 
 2.98500e+02  1.59929e-03 
 2.99000e+02  1.58061e-03 
 2.99500e+02  1.54146e-03 
 3.00000e+02  1.51850e-03 
 3.00500e+02  1.49970e-03 
 3.01000e+02  1.49650e-03 
 3.01500e+02  1.48568e-03 
 3.02000e+02  1.47523e-03 
 3.02500e+02  1.46949e-03 
 3.03000e+02  1.45231e-03 
 3.03500e+02  1.42308e-03 
 3.04000e+02  1.39199e-03 
 3.04500e+02  1.41202e-03 
 3.05000e+02  1.38979e-03 
 3.05500e+02  1.36838e-03 
 3.06000e+02  1.35082e-03 
 3.06500e+02  1.33590e-03 
 3.07000e+02  1.33833e-03 
 3.07500e+02  1.30517e-03 
 3.08000e+02  1.28749e-03 
 3.08500e+02  1.27441e-03 
 3.09000e+02  1.26799e-03 
 3.09500e+02  1.25938e-03 
 3.10000e+02  1.26410e-03 
 3.10500e+02  1.25246e-03 
 3.11000e+02  1.24700e-03 
 3.11500e+02  1.22063e-03 
 3.12000e+02  1.21480e-03 
 3.12500e+02  1.20756e-03 
 3.13000e+02  1.19880e-03 
 3.13500e+02  1.18860e-03 
 3.14000e+02  1.18653e-03 
 3.14500e+02  1.16924e-03 
 3.15000e+02  1.16162e-03 
 3.15500e+02  1.15072e-03 
 3.16000e+02  1.12799e-03 
 3.16500e+02  1.12784e-03 
 3.17000e+02  1.13934e-03 
 3.17500e+02  1.12218e-03 
 3.18000e+02  1.11894e-03 
 3.18500e+02  1.10658e-03 
 3.19000e+02  1.10978e-03 
 3.19500e+02  1.10127e-03 
