 0.00000e+00  1.05390e-03 
 5.00000e-01  1.07977e-03 
 1.00000e+00  1.07899e-03 
 1.50000e+00  1.08596e-03 
 2.00000e+00  1.08999e-03 
 2.50000e+00  1.10071e-03 
 3.00000e+00  1.10623e-03 
 3.50000e+00  1.13094e-03 
 4.00000e+00  1.14782e-03 
 4.50000e+00  1.13712e-03 
 5.00000e+00  1.13997e-03 
 5.50000e+00  1.14848e-03 
 6.00000e+00  1.14924e-03 
 6.50000e+00  1.16600e-03 
 7.00000e+00  1.17657e-03 
 7.50000e+00  1.19250e-03 
 8.00000e+00  1.21053e-03 
 8.50000e+00  1.21117e-03 
 9.00000e+00  1.21861e-03 
 9.50000e+00  1.23923e-03 
 1.00000e+01  1.25486e-03 
 1.05000e+01  1.26978e-03 
 1.10000e+01  1.27464e-03 
 1.15000e+01  1.29018e-03 
 1.20000e+01  1.30946e-03 
 1.25000e+01  1.31486e-03 
 1.30000e+01  1.32834e-03 
 1.35000e+01  1.34784e-03 
 1.40000e+01  1.34651e-03 
 1.45000e+01  1.36814e-03 
 1.50000e+01  1.38703e-03 
 1.55000e+01  1.38737e-03 
 1.60000e+01  1.39307e-03 
 1.65000e+01  1.41396e-03 
 1.70000e+01  1.43251e-03 
 1.75000e+01  1.44653e-03 
 1.80000e+01  1.47846e-03 
 1.85000e+01  1.49058e-03 
 1.90000e+01  1.51284e-03 
 1.95000e+01  1.51203e-03 
 2.00000e+01  1.52522e-03 
 2.05000e+01  1.53860e-03 
 2.10000e+01  1.58895e-03 
 2.15000e+01  1.59078e-03 
 2.20000e+01  1.60193e-03 
 2.25000e+01  1.61025e-03 
 2.30000e+01  1.65645e-03 
 2.35000e+01  1.67310e-03 
 2.40000e+01  1.71088e-03 
 2.45000e+01  1.72762e-03 
 2.50000e+01  1.75343e-03 
 2.55000e+01  1.77005e-03 
 2.60000e+01  1.79508e-03 
 2.65000e+01  1.83422e-03 
 2.70000e+01  1.86948e-03 
 2.75000e+01  1.89498e-03 
 2.80000e+01  1.93920e-03 
 2.85000e+01  1.95596e-03 
 2.90000e+01  1.98514e-03 
 2.95000e+01  2.02093e-03 
 3.00000e+01  2.03780e-03 
 3.05000e+01  2.10909e-03 
 3.10000e+01  2.14666e-03 
 3.15000e+01  2.16176e-03 
 3.20000e+01  2.21365e-03 
 3.25000e+01  2.25776e-03 
 3.30000e+01  2.31127e-03 
 3.35000e+01  2.34031e-03 
 3.40000e+01  2.38810e-03 
 3.45000e+01  2.43916e-03 
 3.50000e+01  2.51777e-03 
 3.55000e+01  2.57081e-03 
 3.60000e+01  2.62961e-03 
 3.65000e+01  2.66148e-03 
 3.70000e+01  2.72954e-03 
 3.75000e+01  2.76621e-03 
 3.80000e+01  2.83597e-03 
 3.85000e+01  2.91694e-03 
 3.90000e+01  3.00610e-03 
 3.95000e+01  3.05761e-03 
 4.00000e+01  3.16554e-03 
 4.05000e+01  3.24625e-03 
 4.10000e+01  3.33419e-03 
 4.15000e+01  3.40882e-03 
 4.20000e+01  3.55706e-03 
 4.25000e+01  3.59993e-03 
 4.30000e+01  3.67583e-03 
 4.35000e+01  3.81117e-03 
 4.40000e+01  3.91698e-03 
 4.45000e+01  4.05228e-03 
 4.50000e+01  4.17475e-03 
 4.55000e+01  4.25697e-03 
 4.60000e+01  4.43763e-03 
 4.65000e+01  4.55550e-03 
 4.70000e+01  4.72305e-03 
 4.75000e+01  4.84926e-03 
 4.80000e+01  4.97134e-03 
 4.85000e+01  5.14530e-03 
 4.90000e+01  5.31748e-03 
 4.95000e+01  5.55058e-03 
 5.00000e+01  5.66620e-03 
 5.05000e+01  5.85051e-03 
 5.10000e+01  6.09629e-03 
 5.15000e+01  6.32970e-03 
 5.20000e+01  6.51153e-03 
 5.25000e+01  6.61337e-03 
 5.30000e+01  6.89130e-03 
 5.35000e+01  7.12353e-03 
 5.40000e+01  7.31896e-03 
 5.45000e+01  7.48542e-03 
 5.50000e+01  7.70430e-03 
 5.55000e+01  7.93249e-03 
 5.60000e+01  7.94772e-03 
 5.65000e+01  8.33998e-03 
 5.70000e+01  8.47282e-03 
 5.75000e+01  8.67158e-03 
 5.80000e+01  8.69179e-03 
 5.85000e+01  8.84814e-03 
 5.90000e+01  9.05046e-03 
 5.95000e+01  9.31663e-03 
 6.00000e+01  9.36665e-03 
 6.05000e+01  9.61130e-03 
 6.10000e+01  9.95037e-03 
 6.15000e+01  9.95242e-03 
 6.20000e+01  1.01405e-02 
 6.25000e+01  1.02408e-02 
 6.30000e+01  1.06355e-02 
 6.35000e+01  1.05822e-02 
 6.40000e+01  1.06151e-02 
 6.45000e+01  1.06866e-02 
 6.50000e+01  1.09053e-02 
 6.55000e+01  1.10834e-02 
 6.60000e+01  1.11149e-02 
 6.65000e+01  1.13317e-02 
 6.70000e+01  1.13165e-02 
 6.75000e+01  1.13790e-02 
 6.80000e+01  1.15098e-02 
 6.85000e+01  1.16690e-02 
 6.90000e+01  1.18205e-02 
 6.95000e+01  1.21173e-02 
 7.00000e+01  1.21873e-02 
 7.05000e+01  1.20983e-02 
 7.10000e+01  1.23561e-02 
 7.15000e+01  1.24667e-02 
 7.20000e+01  1.24622e-02 
 7.25000e+01  1.23783e-02 
 7.30000e+01  1.26298e-02 
 7.35000e+01  1.27764e-02 
 7.40000e+01  1.29174e-02 
 7.45000e+01  1.29055e-02 
 7.50000e+01  1.31007e-02 
 7.55000e+01  1.31640e-02 
 7.60000e+01  1.36136e-02 
 7.65000e+01  1.35308e-02 
 7.70000e+01  1.36108e-02 
 7.75000e+01  1.36157e-02 
 7.80000e+01  1.36026e-02 
 7.85000e+01  1.39180e-02 
 7.90000e+01  1.39103e-02 
 7.95000e+01  1.40441e-02 
 8.00000e+01  1.41889e-02 
 8.05000e+01  1.42830e-02 
 8.10000e+01  1.46071e-02 
 8.15000e+01  1.45631e-02 
 8.20000e+01  1.47880e-02 
 8.25000e+01  1.46849e-02 
 8.30000e+01  1.45822e-02 
 8.35000e+01  1.48063e-02 
 8.40000e+01  1.50074e-02 
 8.45000e+01  1.52231e-02 
 8.50000e+01  1.53091e-02 
 8.55000e+01  1.54061e-02 
 8.60000e+01  1.52568e-02 
 8.65000e+01  1.53293e-02 
 8.70000e+01  1.53224e-02 
 8.75000e+01  1.51979e-02 
 8.80000e+01  1.55174e-02 
 8.85000e+01  1.55434e-02 
 8.90000e+01  1.56124e-02 
 8.95000e+01  1.59268e-02 
 9.00000e+01  1.59880e-02 
 9.05000e+01  1.58807e-02 
 9.10000e+01  1.59095e-02 
 9.15000e+01  1.61431e-02 
 9.20000e+01  1.60223e-02 
 9.25000e+01  1.64248e-02 
 9.30000e+01  1.69340e-02 
 9.35000e+01  1.71556e-02 
 9.40000e+01  1.68957e-02 
 9.45000e+01  1.68250e-02 
 9.50000e+01  1.70009e-02 
 9.55000e+01  1.73371e-02 
 9.60000e+01  1.72670e-02 
 9.65000e+01  1.71547e-02 
 9.70000e+01  1.73602e-02 
 9.75000e+01  1.76379e-02 
 9.80000e+01  1.73374e-02 
 9.85000e+01  1.75302e-02 
 9.90000e+01  1.77437e-02 
 9.95000e+01  1.81743e-02 
 1.00000e+02  1.77560e-02 
 1.00500e+02  1.82222e-02 
 1.01000e+02  1.86203e-02 
 1.01500e+02  1.86904e-02 
 1.02000e+02  1.86404e-02 
 1.02500e+02  1.83163e-02 
 1.03000e+02  1.85616e-02 
 1.03500e+02  1.87055e-02 
 1.04000e+02  1.85311e-02 
 1.04500e+02  1.90856e-02 
 1.05000e+02  1.87646e-02 
 1.05500e+02  1.94076e-02 
 1.06000e+02  1.96850e-02 
 1.06500e+02  1.95103e-02 
 1.07000e+02  2.03004e-02 
 1.07500e+02  2.00542e-02 
 1.08000e+02  1.97030e-02 
 1.08500e+02  1.97827e-02 
 1.09000e+02  2.00665e-02 
 1.09500e+02  2.02973e-02 
 1.10000e+02  2.06694e-02 
 1.10500e+02  2.04156e-02 
 1.11000e+02  2.02158e-02 
 1.11500e+02  2.08630e-02 
 1.12000e+02  2.08959e-02 
 1.12500e+02  2.07978e-02 
 1.13000e+02  2.11617e-02 
 1.13500e+02  2.05504e-02 
 1.14000e+02  2.12139e-02 
 1.14500e+02  2.10562e-02 
 1.15000e+02  2.17488e-02 
 1.15500e+02  2.18917e-02 
 1.16000e+02  2.17896e-02 
 1.16500e+02  2.18447e-02 
 1.17000e+02  2.19959e-02 
 1.17500e+02  2.22678e-02 
 1.18000e+02  2.25434e-02 
 1.18500e+02  2.24963e-02 
 1.19000e+02  2.24986e-02 
 1.19500e+02  2.29917e-02 
 1.20000e+02  2.24961e-02 
 1.20500e+02  2.27276e-02 
 1.21000e+02  2.31899e-02 
 1.21500e+02  2.30165e-02 
 1.22000e+02  2.31547e-02 
 1.22500e+02  2.31770e-02 
 1.23000e+02  2.35449e-02 
 1.23500e+02  2.36721e-02 
 1.24000e+02  2.35110e-02 
 1.24500e+02  2.38994e-02 
 1.25000e+02  2.40160e-02 
 1.25500e+02  2.40393e-02 
 1.26000e+02  2.42630e-02 
 1.26500e+02  2.45288e-02 
 1.27000e+02  2.47929e-02 
 1.27500e+02  2.50908e-02 
 1.28000e+02  2.56540e-02 
 1.28500e+02  2.46507e-02 
 1.29000e+02  2.50829e-02 
 1.29500e+02  2.49373e-02 
 1.30000e+02  2.51634e-02 
 1.30500e+02  2.48444e-02 
 1.31000e+02  2.50188e-02 
 1.31500e+02  2.54560e-02 
 1.32000e+02  2.53866e-02 
 1.32500e+02  2.56735e-02 
 1.33000e+02  2.52923e-02 
 1.33500e+02  2.57863e-02 
 1.34000e+02  2.51412e-02 
 1.34500e+02  2.53781e-02 
 1.35000e+02  2.59718e-02 
 1.35500e+02  2.60534e-02 
 1.36000e+02  2.60178e-02 
 1.36500e+02  2.61490e-02 
 1.37000e+02  2.64191e-02 
 1.37500e+02  2.61072e-02 
 1.38000e+02  2.57814e-02 
 1.38500e+02  2.66845e-02 
 1.39000e+02  2.63171e-02 
 1.39500e+02  2.66284e-02 
 1.40000e+02  2.67403e-02 
 1.40500e+02  2.71108e-02 
 1.41000e+02  2.68599e-02 
 1.41500e+02  2.72556e-02 
 1.42000e+02  2.67066e-02 
 1.42500e+02  2.77256e-02 
 1.43000e+02  2.72825e-02 
 1.43500e+02  2.68444e-02 
 1.44000e+02  2.66879e-02 
 1.44500e+02  2.64882e-02 
 1.45000e+02  2.67875e-02 
 1.45500e+02  2.78647e-02 
 1.46000e+02  2.75705e-02 
 1.46500e+02  2.77294e-02 
 1.47000e+02  2.77358e-02 
 1.47500e+02  2.74010e-02 
 1.48000e+02  2.71679e-02 
 1.48500e+02  2.71957e-02 
 1.49000e+02  2.71735e-02 
 1.49500e+02  2.78313e-02 
 1.50000e+02  2.77790e-02 
 1.50500e+02  2.77604e-02 
 1.51000e+02  2.74250e-02 
 1.51500e+02  2.80648e-02 
 1.52000e+02  2.74738e-02 
 1.52500e+02  2.75011e-02 
 1.53000e+02  2.79415e-02 
 1.53500e+02  2.83148e-02 
 1.54000e+02  2.82534e-02 
 1.54500e+02  2.77280e-02 
 1.55000e+02  2.82337e-02 
 1.55500e+02  2.74092e-02 
 1.56000e+02  2.85270e-02 
 1.56500e+02  2.81011e-02 
 1.57000e+02  2.80977e-02 
 1.57500e+02  2.76681e-02 
 1.58000e+02  2.84363e-02 
 1.58500e+02  2.83209e-02 
 1.59000e+02  2.76687e-02 
 1.59500e+02  2.75341e-02 
 1.60000e+02  2.72545e-02 
 1.60500e+02  2.70306e-02 
 1.61000e+02  2.74246e-02 
 1.61500e+02  2.74582e-02 
 1.62000e+02  2.76884e-02 
 1.62500e+02  2.73611e-02 
 1.63000e+02  2.78524e-02 
 1.63500e+02  2.74789e-02 
 1.64000e+02  2.78939e-02 
 1.64500e+02  2.74522e-02 
 1.65000e+02  2.80138e-02 
 1.65500e+02  2.77354e-02 
 1.66000e+02  2.79301e-02 
 1.66500e+02  2.82016e-02 
 1.67000e+02  2.81922e-02 
 1.67500e+02  2.82857e-02 
 1.68000e+02  2.83642e-02 
 1.68500e+02  2.80679e-02 
 1.69000e+02  2.79118e-02 
 1.69500e+02  2.80430e-02 
 1.70000e+02  2.85157e-02 
 1.70500e+02  2.82874e-02 
 1.71000e+02  2.87966e-02 
 1.71500e+02  2.86155e-02 
 1.72000e+02  2.86517e-02 
 1.72500e+02  2.86951e-02 
 1.73000e+02  2.79706e-02 
 1.73500e+02  2.79183e-02 
 1.74000e+02  2.83583e-02 
 1.74500e+02  2.78580e-02 
 1.75000e+02  2.77838e-02 
 1.75500e+02  2.80047e-02 
 1.76000e+02  2.75991e-02 
 1.76500e+02  2.72318e-02 
 1.77000e+02  2.80441e-02 
 1.77500e+02  2.79134e-02 
 1.78000e+02  2.72982e-02 
 1.78500e+02  2.80196e-02 
 1.79000e+02  2.86091e-02 
 1.79500e+02  2.83673e-02 
 1.80000e+02  2.79632e-02 
 1.80500e+02  2.81706e-02 
 1.81000e+02  2.88440e-02 
 1.81500e+02  2.81062e-02 
 1.82000e+02  2.83517e-02 
 1.82500e+02  2.75504e-02 
 1.83000e+02  2.72724e-02 
 1.83500e+02  2.66537e-02 
 1.84000e+02  2.74433e-02 
 1.84500e+02  2.68629e-02 
 1.85000e+02  2.70802e-02 
 1.85500e+02  2.66107e-02 
 1.86000e+02  2.65491e-02 
 1.86500e+02  2.65213e-02 
 1.87000e+02  2.67846e-02 
 1.87500e+02  2.63822e-02 
 1.88000e+02  2.69904e-02 
 1.88500e+02  2.64963e-02 
 1.89000e+02  2.70409e-02 
 1.89500e+02  2.76182e-02 
 1.90000e+02  2.67897e-02 
 1.90500e+02  2.65441e-02 
 1.91000e+02  2.69118e-02 
 1.91500e+02  2.64693e-02 
 1.92000e+02  2.60607e-02 
 1.92500e+02  2.60347e-02 
 1.93000e+02  2.56179e-02 
 1.93500e+02  2.56304e-02 
 1.94000e+02  2.57392e-02 
 1.94500e+02  2.54513e-02 
 1.95000e+02  2.58248e-02 
 1.95500e+02  2.49081e-02 
 1.96000e+02  2.51678e-02 
 1.96500e+02  2.44123e-02 
 1.97000e+02  2.47215e-02 
 1.97500e+02  2.46801e-02 
 1.98000e+02  2.43818e-02 
 1.98500e+02  2.41902e-02 
 1.99000e+02  2.45787e-02 
 1.99500e+02  2.44081e-02 
 2.00000e+02  2.41236e-02 
 2.00500e+02  2.42600e-02 
 2.01000e+02  2.41751e-02 
 2.01500e+02  2.37928e-02 
 2.02000e+02  2.37214e-02 
 2.02500e+02  2.36180e-02 
 2.03000e+02  2.35417e-02 
 2.03500e+02  2.31252e-02 
 2.04000e+02  2.33282e-02 
 2.04500e+02  2.23894e-02 
 2.05000e+02  2.31680e-02 
 2.05500e+02  2.26484e-02 
 2.06000e+02  2.29922e-02 
 2.06500e+02  2.32271e-02 
 2.07000e+02  2.33886e-02 
 2.07500e+02  2.27223e-02 
 2.08000e+02  2.28003e-02 
 2.08500e+02  2.27782e-02 
 2.09000e+02  2.22034e-02 
 2.09500e+02  2.18859e-02 
 2.10000e+02  2.17190e-02 
 2.10500e+02  2.17592e-02 
 2.11000e+02  2.16602e-02 
 2.11500e+02  2.15109e-02 
 2.12000e+02  2.16123e-02 
 2.12500e+02  2.15429e-02 
 2.13000e+02  2.10802e-02 
 2.13500e+02  2.10356e-02 
 2.14000e+02  2.11188e-02 
 2.14500e+02  2.10865e-02 
 2.15000e+02  2.07808e-02 
 2.15500e+02  2.02975e-02 
 2.16000e+02  1.97910e-02 
 2.16500e+02  1.92331e-02 
 2.17000e+02  1.94353e-02 
 2.17500e+02  1.95675e-02 
 2.18000e+02  1.98156e-02 
 2.18500e+02  1.97723e-02 
 2.19000e+02  1.97909e-02 
 2.19500e+02  1.93816e-02 
 2.20000e+02  1.91188e-02 
 2.20500e+02  1.92907e-02 
 2.21000e+02  1.93102e-02 
 2.21500e+02  1.88189e-02 
 2.22000e+02  1.87281e-02 
 2.22500e+02  1.84669e-02 
 2.23000e+02  1.85685e-02 
 2.23500e+02  1.81306e-02 
 2.24000e+02  1.79964e-02 
 2.24500e+02  1.82704e-02 
 2.25000e+02  1.81373e-02 
 2.25500e+02  1.76657e-02 
 2.26000e+02  1.78044e-02 
 2.26500e+02  1.76419e-02 
 2.27000e+02  1.71712e-02 
 2.27500e+02  1.76172e-02 
 2.28000e+02  1.76688e-02 
 2.28500e+02  1.69504e-02 
 2.29000e+02  1.67513e-02 
 2.29500e+02  1.71080e-02 
 2.30000e+02  1.66284e-02 
 2.30500e+02  1.63983e-02 
 2.31000e+02  1.68633e-02 
 2.31500e+02  1.64051e-02 
 2.32000e+02  1.65333e-02 
 2.32500e+02  1.65875e-02 
 2.33000e+02  1.63927e-02 
 2.33500e+02  1.59494e-02 
 2.34000e+02  1.56865e-02 
 2.34500e+02  1.56438e-02 
 2.35000e+02  1.57513e-02 
 2.35500e+02  1.52864e-02 
 2.36000e+02  1.53240e-02 
 2.36500e+02  1.54220e-02 
 2.37000e+02  1.52224e-02 
 2.37500e+02  1.47624e-02 
 2.38000e+02  1.47108e-02 
 2.38500e+02  1.49668e-02 
 2.39000e+02  1.47841e-02 
 2.39500e+02  1.46601e-02 
 2.40000e+02  1.46053e-02 
 2.40500e+02  1.47042e-02 
 2.41000e+02  1.44233e-02 
 2.41500e+02  1.41973e-02 
 2.42000e+02  1.43222e-02 
 2.42500e+02  1.41746e-02 
 2.43000e+02  1.40726e-02 
 2.43500e+02  1.38711e-02 
 2.44000e+02  1.38705e-02 
 2.44500e+02  1.37602e-02 
 2.45000e+02  1.36444e-02 
 2.45500e+02  1.35570e-02 
 2.46000e+02  1.34978e-02 
 2.46500e+02  1.31684e-02 
 2.47000e+02  1.28187e-02 
 2.47500e+02  1.30242e-02 
 2.48000e+02  1.30923e-02 
 2.48500e+02  1.30078e-02 
 2.49000e+02  1.27314e-02 
 2.49500e+02  1.25028e-02 
 2.50000e+02  1.22669e-02 
 2.50500e+02  1.21413e-02 
 2.51000e+02  1.19301e-02 
 2.51500e+02  1.17635e-02 
 2.52000e+02  1.16041e-02 
 2.52500e+02  1.14946e-02 
 2.53000e+02  1.13799e-02 
 2.53500e+02  1.14439e-02 
 2.54000e+02  1.11050e-02 
 2.54500e+02  1.08230e-02 
 2.55000e+02  1.11000e-02 
 2.55500e+02  1.09548e-02 
 2.56000e+02  1.07627e-02 
 2.56500e+02  1.05230e-02 
 2.57000e+02  1.02713e-02 
 2.57500e+02  1.01069e-02 
 2.58000e+02  1.00114e-02 
 2.58500e+02  9.86594e-03 
 2.59000e+02  9.66252e-03 
 2.59500e+02  9.64781e-03 
 2.60000e+02  9.55944e-03 
 2.60500e+02  9.25914e-03 
 2.61000e+02  8.82398e-03 
 2.61500e+02  8.72601e-03 
 2.62000e+02  8.59514e-03 
 2.62500e+02  8.34438e-03 
 2.63000e+02  8.16040e-03 
 2.63500e+02  8.03186e-03 
 2.64000e+02  7.85886e-03 
 2.64500e+02  7.63630e-03 
 2.65000e+02  7.32295e-03 
 2.65500e+02  7.23806e-03 
 2.66000e+02  7.10637e-03 
 2.66500e+02  6.84802e-03 
 2.67000e+02  6.62794e-03 
 2.67500e+02  6.34650e-03 
 2.68000e+02  6.23212e-03 
 2.68500e+02  6.05598e-03 
 2.69000e+02  5.93934e-03 
 2.69500e+02  5.72020e-03 
 2.70000e+02  5.57181e-03 
 2.70500e+02  5.37857e-03 
 2.71000e+02  5.23090e-03 
 2.71500e+02  5.04634e-03 
 2.72000e+02  4.87906e-03 
 2.72500e+02  4.68650e-03 
 2.73000e+02  4.57377e-03 
 2.73500e+02  4.38181e-03 
 2.74000e+02  4.23260e-03 
 2.74500e+02  4.07954e-03 
 2.75000e+02  3.93846e-03 
 2.75500e+02  3.87140e-03 
 2.76000e+02  3.77054e-03 
 2.76500e+02  3.69694e-03 
 2.77000e+02  3.59425e-03 
 2.77500e+02  3.47619e-03 
 2.78000e+02  3.37838e-03 
 2.78500e+02  3.28972e-03 
 2.79000e+02  3.23224e-03 
 2.79500e+02  3.16877e-03 
 2.80000e+02  3.06586e-03 
 2.80500e+02  2.96056e-03 
 2.81000e+02  2.91814e-03 
 2.81500e+02  2.87416e-03 
 2.82000e+02  2.81462e-03 
 2.82500e+02  2.82369e-03 
 2.83000e+02  2.72673e-03 
 2.83500e+02  2.66870e-03 
 2.84000e+02  2.57908e-03 
 2.84500e+02  2.53662e-03 
 2.85000e+02  2.47415e-03 
 2.85500e+02  2.41557e-03 
 2.86000e+02  2.38113e-03 
 2.86500e+02  2.32102e-03 
 2.87000e+02  2.28298e-03 
 2.87500e+02  2.23228e-03 
 2.88000e+02  2.19106e-03 
 2.88500e+02  2.14821e-03 
 2.89000e+02  2.10234e-03 
 2.89500e+02  2.06644e-03 
 2.90000e+02  2.02898e-03 
 2.90500e+02  1.98651e-03 
 2.91000e+02  1.95512e-03 
 2.91500e+02  1.93403e-03 
 2.92000e+02  1.92460e-03 
 2.92500e+02  1.88793e-03 
 2.93000e+02  1.88163e-03 
 2.93500e+02  1.83442e-03 
 2.94000e+02  1.81734e-03 
 2.94500e+02  1.79613e-03 
 2.95000e+02  1.77328e-03 
 2.95500e+02  1.74779e-03 
 2.96000e+02  1.73843e-03 
 2.96500e+02  1.70487e-03 
 2.97000e+02  1.66512e-03 
 2.97500e+02  1.64609e-03 
 2.98000e+02  1.62763e-03 
 2.98500e+02  1.62594e-03 
 2.99000e+02  1.59484e-03 
 2.99500e+02  1.57838e-03 
 3.00000e+02  1.55850e-03 
 3.00500e+02  1.53522e-03 
 3.01000e+02  1.51830e-03 
 3.01500e+02  1.50825e-03 
 3.02000e+02  1.49382e-03 
 3.02500e+02  1.48666e-03 
 3.03000e+02  1.48584e-03 
 3.03500e+02  1.44370e-03 
 3.04000e+02  1.42467e-03 
 3.04500e+02  1.42999e-03 
 3.05000e+02  1.40352e-03 
 3.05500e+02  1.39072e-03 
 3.06000e+02  1.39554e-03 
 3.06500e+02  1.35569e-03 
 3.07000e+02  1.34167e-03 
 3.07500e+02  1.32934e-03 
 3.08000e+02  1.30637e-03 
 3.08500e+02  1.29768e-03 
 3.09000e+02  1.28231e-03 
 3.09500e+02  1.26643e-03 
 3.10000e+02  1.25294e-03 
 3.10500e+02  1.26226e-03 
 3.11000e+02  1.26209e-03 
 3.11500e+02  1.26178e-03 
 3.12000e+02  1.23477e-03 
 3.12500e+02  1.21275e-03 
 3.13000e+02  1.21933e-03 
 3.13500e+02  1.20092e-03 
 3.14000e+02  1.19571e-03 
 3.14500e+02  1.18243e-03 
 3.15000e+02  1.17104e-03 
 3.15500e+02  1.17334e-03 
 3.16000e+02  1.16779e-03 
 3.16500e+02  1.15043e-03 
 3.17000e+02  1.14306e-03 
 3.17500e+02  1.12026e-03 
 3.18000e+02  1.10897e-03 
 3.18500e+02  1.11322e-03 
 3.19000e+02  1.11642e-03 
 3.19500e+02  1.10410e-03 
