 0.00000e+00  1.06342e-03 
 5.00000e-01  1.07080e-03 
 1.00000e+00  1.07602e-03 
 1.50000e+00  1.08352e-03 
 2.00000e+00  1.07752e-03 
 2.50000e+00  1.08981e-03 
 3.00000e+00  1.10342e-03 
 3.50000e+00  1.12570e-03 
 4.00000e+00  1.12818e-03 
 4.50000e+00  1.13878e-03 
 5.00000e+00  1.13880e-03 
 5.50000e+00  1.14826e-03 
 6.00000e+00  1.14898e-03 
 6.50000e+00  1.16202e-03 
 7.00000e+00  1.17408e-03 
 7.50000e+00  1.18978e-03 
 8.00000e+00  1.20694e-03 
 8.50000e+00  1.21974e-03 
 9.00000e+00  1.21321e-03 
 9.50000e+00  1.22711e-03 
 1.00000e+01  1.23554e-03 
 1.05000e+01  1.25355e-03 
 1.10000e+01  1.26755e-03 
 1.15000e+01  1.27386e-03 
 1.20000e+01  1.29982e-03 
 1.25000e+01  1.29659e-03 
 1.30000e+01  1.32215e-03 
 1.35000e+01  1.33494e-03 
 1.40000e+01  1.34461e-03 
 1.45000e+01  1.35162e-03 
 1.50000e+01  1.36899e-03 
 1.55000e+01  1.38382e-03 
 1.60000e+01  1.40574e-03 
 1.65000e+01  1.41180e-03 
 1.70000e+01  1.42778e-03 
 1.75000e+01  1.45884e-03 
 1.80000e+01  1.46549e-03 
 1.85000e+01  1.48669e-03 
 1.90000e+01  1.50667e-03 
 1.95000e+01  1.49906e-03 
 2.00000e+01  1.52237e-03 
 2.05000e+01  1.54713e-03 
 2.10000e+01  1.56686e-03 
 2.15000e+01  1.58702e-03 
 2.20000e+01  1.60228e-03 
 2.25000e+01  1.61796e-03 
 2.30000e+01  1.65102e-03 
 2.35000e+01  1.66172e-03 
 2.40000e+01  1.71314e-03 
 2.45000e+01  1.73821e-03 
 2.50000e+01  1.74238e-03 
 2.55000e+01  1.75454e-03 
 2.60000e+01  1.79813e-03 
 2.65000e+01  1.83082e-03 
 2.70000e+01  1.82757e-03 
 2.75000e+01  1.88776e-03 
 2.80000e+01  1.88802e-03 
 2.85000e+01  1.93028e-03 
 2.90000e+01  1.95446e-03 
 2.95000e+01  1.99446e-03 
 3.00000e+01  2.01181e-03 
 3.05000e+01  2.07098e-03 
 3.10000e+01  2.13578e-03 
 3.15000e+01  2.15775e-03 
 3.20000e+01  2.19766e-03 
 3.25000e+01  2.25696e-03 
 3.30000e+01  2.28816e-03 
 3.35000e+01  2.32047e-03 
 3.40000e+01  2.39294e-03 
 3.45000e+01  2.44832e-03 
 3.50000e+01  2.50024e-03 
 3.55000e+01  2.54944e-03 
 3.60000e+01  2.59653e-03 
 3.65000e+01  2.65398e-03 
 3.70000e+01  2.71433e-03 
 3.75000e+01  2.78818e-03 
 3.80000e+01  2.86998e-03 
 3.85000e+01  2.95838e-03 
 3.90000e+01  3.03699e-03 
 3.95000e+01  3.07162e-03 
 4.00000e+01  3.14056e-03 
 4.05000e+01  3.21698e-03 
 4.10000e+01  3.32491e-03 
 4.15000e+01  3.41564e-03 
 4.20000e+01  3.50149e-03 
 4.25000e+01  3.56198e-03 
 4.30000e+01  3.69282e-03 
 4.35000e+01  3.82560e-03 
 4.40000e+01  3.95558e-03 
 4.45000e+01  4.07888e-03 
 4.50000e+01  4.15369e-03 
 4.55000e+01  4.20269e-03 
 4.60000e+01  4.33790e-03 
 4.65000e+01  4.54100e-03 
 4.70000e+01  4.65551e-03 
 4.75000e+01  4.76702e-03 
 4.80000e+01  4.95120e-03 
 4.85000e+01  5.15436e-03 
 4.90000e+01  5.33049e-03 
 4.95000e+01  5.57213e-03 
 5.00000e+01  5.71627e-03 
 5.05000e+01  5.88298e-03 
 5.10000e+01  5.98163e-03 
 5.15000e+01  6.20221e-03 
 5.20000e+01  6.34995e-03 
 5.25000e+01  6.57601e-03 
 5.30000e+01  6.77874e-03 
 5.35000e+01  7.03063e-03 
 5.40000e+01  7.33313e-03 
 5.45000e+01  7.49756e-03 
 5.50000e+01  7.55307e-03 
 5.55000e+01  7.77574e-03 
 5.60000e+01  7.82514e-03 
 5.65000e+01  8.13580e-03 
 5.70000e+01  8.36493e-03 
 5.75000e+01  8.65746e-03 
 5.80000e+01  8.71265e-03 
 5.85000e+01  8.89742e-03 
 5.90000e+01  9.02906e-03 
 5.95000e+01  9.29623e-03 
 6.00000e+01  9.44089e-03 
 6.05000e+01  9.52492e-03 
 6.10000e+01  9.66411e-03 
 6.15000e+01  9.93754e-03 
 6.20000e+01  9.96199e-03 
 6.25000e+01  1.00535e-02 
 6.30000e+01  1.04264e-02 
 6.35000e+01  1.04998e-02 
 6.40000e+01  1.05222e-02 
 6.45000e+01  1.06216e-02 
 6.50000e+01  1.08319e-02 
 6.55000e+01  1.09186e-02 
 6.60000e+01  1.08397e-02 
 6.65000e+01  1.08823e-02 
 6.70000e+01  1.11638e-02 
 6.75000e+01  1.11139e-02 
 6.80000e+01  1.15610e-02 
 6.85000e+01  1.16455e-02 
 6.90000e+01  1.15606e-02 
 6.95000e+01  1.16643e-02 
 7.00000e+01  1.20497e-02 
 7.05000e+01  1.22933e-02 
 7.10000e+01  1.21728e-02 
 7.15000e+01  1.23545e-02 
 7.20000e+01  1.22555e-02 
 7.25000e+01  1.23880e-02 
 7.30000e+01  1.24596e-02 
 7.35000e+01  1.24884e-02 
 7.40000e+01  1.27563e-02 
 7.45000e+01  1.28751e-02 
 7.50000e+01  1.31972e-02 
 7.55000e+01  1.34839e-02 
 7.60000e+01  1.31452e-02 
 7.65000e+01  1.34321e-02 
 7.70000e+01  1.38030e-02 
 7.75000e+01  1.38491e-02 
 7.80000e+01  1.39159e-02 
 7.85000e+01  1.37322e-02 
 7.90000e+01  1.36204e-02 
 7.95000e+01  1.41140e-02 
 8.00000e+01  1.41585e-02 
 8.05000e+01  1.42890e-02 
 8.10000e+01  1.43344e-02 
 8.15000e+01  1.47306e-02 
 8.20000e+01  1.46634e-02 
 8.25000e+01  1.45764e-02 
 8.30000e+01  1.44732e-02 
 8.35000e+01  1.44262e-02 
 8.40000e+01  1.50988e-02 
 8.45000e+01  1.53087e-02 
 8.50000e+01  1.51365e-02 
 8.55000e+01  1.53129e-02 
 8.60000e+01  1.53770e-02 
 8.65000e+01  1.53257e-02 
 8.70000e+01  1.53090e-02 
 8.75000e+01  1.56211e-02 
 8.80000e+01  1.57235e-02 
 8.85000e+01  1.60009e-02 
 8.90000e+01  1.56926e-02 
 8.95000e+01  1.58303e-02 
 9.00000e+01  1.59897e-02 
 9.05000e+01  1.61505e-02 
 9.10000e+01  1.57916e-02 
 9.15000e+01  1.58085e-02 
 9.20000e+01  1.63917e-02 
 9.25000e+01  1.62960e-02 
 9.30000e+01  1.64836e-02 
 9.35000e+01  1.66106e-02 
 9.40000e+01  1.68753e-02 
 9.45000e+01  1.67674e-02 
 9.50000e+01  1.71660e-02 
 9.55000e+01  1.71175e-02 
 9.60000e+01  1.72902e-02 
 9.65000e+01  1.71083e-02 
 9.70000e+01  1.72834e-02 
 9.75000e+01  1.74712e-02 
 9.80000e+01  1.78713e-02 
 9.85000e+01  1.75178e-02 
 9.90000e+01  1.76563e-02 
 9.95000e+01  1.81029e-02 
 1.00000e+02  1.78376e-02 
 1.00500e+02  1.82030e-02 
 1.01000e+02  1.80258e-02 
 1.01500e+02  1.82233e-02 
 1.02000e+02  1.80561e-02 
 1.02500e+02  1.83930e-02 
 1.03000e+02  1.86601e-02 
 1.03500e+02  1.87659e-02 
 1.04000e+02  1.89464e-02 
 1.04500e+02  1.90656e-02 
 1.05000e+02  1.83208e-02 
 1.05500e+02  1.88870e-02 
 1.06000e+02  1.93047e-02 
 1.06500e+02  1.88156e-02 
 1.07000e+02  1.90890e-02 
 1.07500e+02  1.93405e-02 
 1.08000e+02  1.95453e-02 
 1.08500e+02  2.00568e-02 
 1.09000e+02  1.98957e-02 
 1.09500e+02  2.05913e-02 
 1.10000e+02  2.06639e-02 
 1.10500e+02  2.08019e-02 
 1.11000e+02  2.08314e-02 
 1.11500e+02  2.12701e-02 
 1.12000e+02  2.12240e-02 
 1.12500e+02  2.08633e-02 
 1.13000e+02  2.11709e-02 
 1.13500e+02  2.14734e-02 
 1.14000e+02  2.12631e-02 
 1.14500e+02  2.12709e-02 
 1.15000e+02  2.17405e-02 
 1.15500e+02  2.15718e-02 
 1.16000e+02  2.17843e-02 
 1.16500e+02  2.25528e-02 
 1.17000e+02  2.21171e-02 
 1.17500e+02  2.27014e-02 
 1.18000e+02  2.22388e-02 
 1.18500e+02  2.27539e-02 
 1.19000e+02  2.23233e-02 
 1.19500e+02  2.29523e-02 
 1.20000e+02  2.25124e-02 
 1.20500e+02  2.26656e-02 
 1.21000e+02  2.27241e-02 
 1.21500e+02  2.28009e-02 
 1.22000e+02  2.29001e-02 
 1.22500e+02  2.29812e-02 
 1.23000e+02  2.33874e-02 
 1.23500e+02  2.43089e-02 
 1.24000e+02  2.36216e-02 
 1.24500e+02  2.38870e-02 
 1.25000e+02  2.43408e-02 
 1.25500e+02  2.34746e-02 
 1.26000e+02  2.32849e-02 
 1.26500e+02  2.33129e-02 
 1.27000e+02  2.38324e-02 
 1.27500e+02  2.41826e-02 
 1.28000e+02  2.36604e-02 
 1.28500e+02  2.41451e-02 
 1.29000e+02  2.44364e-02 
 1.29500e+02  2.43562e-02 
 1.30000e+02  2.48302e-02 
 1.30500e+02  2.53222e-02 
 1.31000e+02  2.53972e-02 
 1.31500e+02  2.57023e-02 
 1.32000e+02  2.57930e-02 
 1.32500e+02  2.55947e-02 
 1.33000e+02  2.62612e-02 
 1.33500e+02  2.57561e-02 
 1.34000e+02  2.54741e-02 
 1.34500e+02  2.61181e-02 
 1.35000e+02  2.59252e-02 
 1.35500e+02  2.61569e-02 
 1.36000e+02  2.57638e-02 
 1.36500e+02  2.65466e-02 
 1.37000e+02  2.65838e-02 
 1.37500e+02  2.67526e-02 
 1.38000e+02  2.70277e-02 
 1.38500e+02  2.75067e-02 
 1.39000e+02  2.76507e-02 
 1.39500e+02  2.72585e-02 
 1.40000e+02  2.67282e-02 
 1.40500e+02  2.71140e-02 
 1.41000e+02  2.72740e-02 
 1.41500e+02  2.68302e-02 
 1.42000e+02  2.75277e-02 
 1.42500e+02  2.67936e-02 
 1.43000e+02  2.73175e-02 
 1.43500e+02  2.71015e-02 
 1.44000e+02  2.67371e-02 
 1.44500e+02  2.65603e-02 
 1.45000e+02  2.64470e-02 
 1.45500e+02  2.70039e-02 
 1.46000e+02  2.68400e-02 
 1.46500e+02  2.66632e-02 
 1.47000e+02  2.61978e-02 
 1.47500e+02  2.63040e-02 
 1.48000e+02  2.68810e-02 
 1.48500e+02  2.75154e-02 
 1.49000e+02  2.68876e-02 
 1.49500e+02  2.70183e-02 
 1.50000e+02  2.75736e-02 
 1.50500e+02  2.73243e-02 
 1.51000e+02  2.74718e-02 
 1.51500e+02  2.74996e-02 
 1.52000e+02  2.75838e-02 
 1.52500e+02  2.82105e-02 
 1.53000e+02  2.81392e-02 
 1.53500e+02  2.81304e-02 
 1.54000e+02  2.89095e-02 
 1.54500e+02  2.80776e-02 
 1.55000e+02  2.79569e-02 
 1.55500e+02  2.82536e-02 
 1.56000e+02  2.78212e-02 
 1.56500e+02  2.80098e-02 
 1.57000e+02  2.78533e-02 
 1.57500e+02  2.75166e-02 
 1.58000e+02  2.72869e-02 
 1.58500e+02  2.82372e-02 
 1.59000e+02  2.78141e-02 
 1.59500e+02  2.80463e-02 
 1.60000e+02  2.73338e-02 
 1.60500e+02  2.77086e-02 
 1.61000e+02  2.82386e-02 
 1.61500e+02  2.80501e-02 
 1.62000e+02  2.85171e-02 
 1.62500e+02  2.84465e-02 
 1.63000e+02  2.81172e-02 
 1.63500e+02  2.91045e-02 
 1.64000e+02  2.82945e-02 
 1.64500e+02  2.93977e-02 
 1.65000e+02  2.86868e-02 
 1.65500e+02  2.92990e-02 
 1.66000e+02  2.92150e-02 
 1.66500e+02  2.95475e-02 
 1.67000e+02  2.90101e-02 
 1.67500e+02  2.90781e-02 
 1.68000e+02  2.87178e-02 
 1.68500e+02  2.86700e-02 
 1.69000e+02  2.85397e-02 
 1.69500e+02  2.75537e-02 
 1.70000e+02  2.85901e-02 
 1.70500e+02  2.83212e-02 
 1.71000e+02  2.80562e-02 
 1.71500e+02  2.81124e-02 
 1.72000e+02  2.82521e-02 
 1.72500e+02  2.83229e-02 
 1.73000e+02  2.82144e-02 
 1.73500e+02  2.76449e-02 
 1.74000e+02  2.77030e-02 
 1.74500e+02  2.80317e-02 
 1.75000e+02  2.79500e-02 
 1.75500e+02  2.78354e-02 
 1.76000e+02  2.74205e-02 
 1.76500e+02  2.73043e-02 
 1.77000e+02  2.79770e-02 
 1.77500e+02  2.81423e-02 
 1.78000e+02  2.76139e-02 
 1.78500e+02  2.80416e-02 
 1.79000e+02  2.82337e-02 
 1.79500e+02  2.84646e-02 
 1.80000e+02  2.82720e-02 
 1.80500e+02  2.78260e-02 
 1.81000e+02  2.81078e-02 
 1.81500e+02  2.84898e-02 
 1.82000e+02  2.76634e-02 
 1.82500e+02  2.75715e-02 
 1.83000e+02  2.64877e-02 
 1.83500e+02  2.69695e-02 
 1.84000e+02  2.60057e-02 
 1.84500e+02  2.71059e-02 
 1.85000e+02  2.61828e-02 
 1.85500e+02  2.60823e-02 
 1.86000e+02  2.60135e-02 
 1.86500e+02  2.68203e-02 
 1.87000e+02  2.63095e-02 
 1.87500e+02  2.64904e-02 
 1.88000e+02  2.58982e-02 
 1.88500e+02  2.64063e-02 
 1.89000e+02  2.65026e-02 
 1.89500e+02  2.59294e-02 
 1.90000e+02  2.63556e-02 
 1.90500e+02  2.57083e-02 
 1.91000e+02  2.57980e-02 
 1.91500e+02  2.58763e-02 
 1.92000e+02  2.58910e-02 
 1.92500e+02  2.51570e-02 
 1.93000e+02  2.53579e-02 
 1.93500e+02  2.60021e-02 
 1.94000e+02  2.60840e-02 
 1.94500e+02  2.55614e-02 
 1.95000e+02  2.54203e-02 
 1.95500e+02  2.49414e-02 
 1.96000e+02  2.48999e-02 
 1.96500e+02  2.55155e-02 
 1.97000e+02  2.54250e-02 
 1.97500e+02  2.50527e-02 
 1.98000e+02  2.45352e-02 
 1.98500e+02  2.49377e-02 
 1.99000e+02  2.52044e-02 
 1.99500e+02  2.43086e-02 
 2.00000e+02  2.48381e-02 
 2.00500e+02  2.44613e-02 
 2.01000e+02  2.52661e-02 
 2.01500e+02  2.42666e-02 
 2.02000e+02  2.43251e-02 
 2.02500e+02  2.37313e-02 
 2.03000e+02  2.32707e-02 
 2.03500e+02  2.33877e-02 
 2.04000e+02  2.32143e-02 
 2.04500e+02  2.30647e-02 
 2.05000e+02  2.32209e-02 
 2.05500e+02  2.28781e-02 
 2.06000e+02  2.28937e-02 
 2.06500e+02  2.27683e-02 
 2.07000e+02  2.26887e-02 
 2.07500e+02  2.25033e-02 
 2.08000e+02  2.27394e-02 
 2.08500e+02  2.25208e-02 
 2.09000e+02  2.26257e-02 
 2.09500e+02  2.20210e-02 
 2.10000e+02  2.21190e-02 
 2.10500e+02  2.18518e-02 
 2.11000e+02  2.14847e-02 
 2.11500e+02  2.16090e-02 
 2.12000e+02  2.12309e-02 
 2.12500e+02  2.10838e-02 
 2.13000e+02  2.14539e-02 
 2.13500e+02  2.11952e-02 
 2.14000e+02  2.08575e-02 
 2.14500e+02  2.09976e-02 
 2.15000e+02  2.10393e-02 
 2.15500e+02  2.01868e-02 
 2.16000e+02  2.02836e-02 
 2.16500e+02  1.97101e-02 
 2.17000e+02  1.96256e-02 
 2.17500e+02  1.96986e-02 
 2.18000e+02  1.97785e-02 
 2.18500e+02  1.99488e-02 
 2.19000e+02  1.96054e-02 
 2.19500e+02  1.99305e-02 
 2.20000e+02  1.95142e-02 
 2.20500e+02  1.91109e-02 
 2.21000e+02  1.91670e-02 
 2.21500e+02  1.86069e-02 
 2.22000e+02  1.92357e-02 
 2.22500e+02  1.87960e-02 
 2.23000e+02  1.84426e-02 
 2.23500e+02  1.80570e-02 
 2.24000e+02  1.79327e-02 
 2.24500e+02  1.81697e-02 
 2.25000e+02  1.82000e-02 
 2.25500e+02  1.82574e-02 
 2.26000e+02  1.80069e-02 
 2.26500e+02  1.76646e-02 
 2.27000e+02  1.74640e-02 
 2.27500e+02  1.76023e-02 
 2.28000e+02  1.74227e-02 
 2.28500e+02  1.72151e-02 
 2.29000e+02  1.67319e-02 
 2.29500e+02  1.68658e-02 
 2.30000e+02  1.68330e-02 
 2.30500e+02  1.70969e-02 
 2.31000e+02  1.70346e-02 
 2.31500e+02  1.69697e-02 
 2.32000e+02  1.67404e-02 
 2.32500e+02  1.66417e-02 
 2.33000e+02  1.65807e-02 
 2.33500e+02  1.64092e-02 
 2.34000e+02  1.63916e-02 
 2.34500e+02  1.61444e-02 
 2.35000e+02  1.60278e-02 
 2.35500e+02  1.56759e-02 
 2.36000e+02  1.61657e-02 
 2.36500e+02  1.55405e-02 
 2.37000e+02  1.55400e-02 
 2.37500e+02  1.51714e-02 
 2.38000e+02  1.53119e-02 
 2.38500e+02  1.55053e-02 
 2.39000e+02  1.51775e-02 
 2.39500e+02  1.52788e-02 
 2.40000e+02  1.50858e-02 
 2.40500e+02  1.48885e-02 
 2.41000e+02  1.46674e-02 
 2.41500e+02  1.44859e-02 
 2.42000e+02  1.45928e-02 
 2.42500e+02  1.41284e-02 
 2.43000e+02  1.40290e-02 
 2.43500e+02  1.40381e-02 
 2.44000e+02  1.37429e-02 
 2.44500e+02  1.36990e-02 
 2.45000e+02  1.37460e-02 
 2.45500e+02  1.36560e-02 
 2.46000e+02  1.35909e-02 
 2.46500e+02  1.34294e-02 
 2.47000e+02  1.30211e-02 
 2.47500e+02  1.32923e-02 
 2.48000e+02  1.34317e-02 
 2.48500e+02  1.29365e-02 
 2.49000e+02  1.28708e-02 
 2.49500e+02  1.26527e-02 
 2.50000e+02  1.23830e-02 
 2.50500e+02  1.24313e-02 
 2.51000e+02  1.22375e-02 
 2.51500e+02  1.20315e-02 
 2.52000e+02  1.18642e-02 
 2.52500e+02  1.16070e-02 
 2.53000e+02  1.14739e-02 
 2.53500e+02  1.14193e-02 
 2.54000e+02  1.13058e-02 
 2.54500e+02  1.11652e-02 
 2.55000e+02  1.09587e-02 
 2.55500e+02  1.11436e-02 
 2.56000e+02  1.08098e-02 
 2.56500e+02  1.07474e-02 
 2.57000e+02  1.04288e-02 
 2.57500e+02  1.02844e-02 
 2.58000e+02  9.95022e-03 
 2.58500e+02  9.85126e-03 
 2.59000e+02  9.56290e-03 
 2.59500e+02  9.45672e-03 
 2.60000e+02  9.38553e-03 
 2.60500e+02  9.19308e-03 
 2.61000e+02  9.04868e-03 
 2.61500e+02  8.84422e-03 
 2.62000e+02  8.77886e-03 
 2.62500e+02  8.52770e-03 
 2.63000e+02  8.40714e-03 
 2.63500e+02  8.13445e-03 
 2.64000e+02  7.96755e-03 
 2.64500e+02  7.61602e-03 
 2.65000e+02  7.42117e-03 
 2.65500e+02  7.34904e-03 
 2.66000e+02  7.21478e-03 
 2.66500e+02  6.93179e-03 
 2.67000e+02  6.66288e-03 
 2.67500e+02  6.49762e-03 
 2.68000e+02  6.32902e-03 
 2.68500e+02  6.09744e-03 
 2.69000e+02  5.96388e-03 
 2.69500e+02  5.71583e-03 
 2.70000e+02  5.60475e-03 
 2.70500e+02  5.35414e-03 
 2.71000e+02  5.25962e-03 
 2.71500e+02  5.07079e-03 
 2.72000e+02  4.90777e-03 
 2.72500e+02  4.77482e-03 
 2.73000e+02  4.57770e-03 
 2.73500e+02  4.43250e-03 
 2.74000e+02  4.33627e-03 
 2.74500e+02  4.17460e-03 
 2.75000e+02  4.04403e-03 
 2.75500e+02  3.91515e-03 
 2.76000e+02  3.80809e-03 
 2.76500e+02  3.74499e-03 
 2.77000e+02  3.66077e-03 
 2.77500e+02  3.52428e-03 
 2.78000e+02  3.40627e-03 
 2.78500e+02  3.32312e-03 
 2.79000e+02  3.24477e-03 
 2.79500e+02  3.18805e-03 
 2.80000e+02  3.10042e-03 
 2.80500e+02  3.01646e-03 
 2.81000e+02  2.94043e-03 
 2.81500e+02  2.87934e-03 
 2.82000e+02  2.83932e-03 
 2.82500e+02  2.80073e-03 
 2.83000e+02  2.74886e-03 
 2.83500e+02  2.70560e-03 
 2.84000e+02  2.60966e-03 
 2.84500e+02  2.56579e-03 
 2.85000e+02  2.51247e-03 
 2.85500e+02  2.44918e-03 
 2.86000e+02  2.38816e-03 
 2.86500e+02  2.36156e-03 
 2.87000e+02  2.29717e-03 
 2.87500e+02  2.27455e-03 
 2.88000e+02  2.21020e-03 
 2.88500e+02  2.18901e-03 
 2.89000e+02  2.16523e-03 
 2.89500e+02  2.12582e-03 
 2.90000e+02  2.06285e-03 
 2.90500e+02  2.01902e-03 
 2.91000e+02  1.98109e-03 
 2.91500e+02  1.95571e-03 
 2.92000e+02  1.93281e-03 
 2.92500e+02  1.89103e-03 
 2.93000e+02  1.86555e-03 
 2.93500e+02  1.83438e-03 
 2.94000e+02  1.82836e-03 
 2.94500e+02  1.80072e-03 
 2.95000e+02  1.76678e-03 
 2.95500e+02  1.75473e-03 
 2.96000e+02  1.72372e-03 
 2.96500e+02  1.69199e-03 
 2.97000e+02  1.67376e-03 
 2.97500e+02  1.65585e-03 
 2.98000e+02  1.62751e-03 
 2.98500e+02  1.61280e-03 
 2.99000e+02  1.59656e-03 
 2.99500e+02  1.57932e-03 
 3.00000e+02  1.54990e-03 
 3.00500e+02  1.53294e-03 
 3.01000e+02  1.52933e-03 
 3.01500e+02  1.51835e-03 
 3.02000e+02  1.49783e-03 
 3.02500e+02  1.48490e-03 
 3.03000e+02  1.48277e-03 
 3.03500e+02  1.45611e-03 
 3.04000e+02  1.44526e-03 
 3.04500e+02  1.43728e-03 
 3.05000e+02  1.42071e-03 
 3.05500e+02  1.41141e-03 
 3.06000e+02  1.38954e-03 
 3.06500e+02  1.36815e-03 
 3.07000e+02  1.36313e-03 
 3.07500e+02  1.34046e-03 
 3.08000e+02  1.31402e-03 
 3.08500e+02  1.30358e-03 
 3.09000e+02  1.28849e-03 
 3.09500e+02  1.29794e-03 
 3.10000e+02  1.27024e-03 
 3.10500e+02  1.26726e-03 
 3.11000e+02  1.26103e-03 
 3.11500e+02  1.25050e-03 
 3.12000e+02  1.25067e-03 
 3.12500e+02  1.24312e-03 
 3.13000e+02  1.22213e-03 
 3.13500e+02  1.20536e-03 
 3.14000e+02  1.20264e-03 
 3.14500e+02  1.18132e-03 
 3.15000e+02  1.18486e-03 
 3.15500e+02  1.19002e-03 
 3.16000e+02  1.17800e-03 
 3.16500e+02  1.17286e-03 
 3.17000e+02  1.15982e-03 
 3.17500e+02  1.14330e-03 
 3.18000e+02  1.12581e-03 
 3.18500e+02  1.12640e-03 
 3.19000e+02  1.11665e-03 
 3.19500e+02  1.10118e-03 
