 0.00000e+00  0.00000e+00 
 5.00000e-01  0.00000e+00 
 1.00000e+00  0.00000e+00 
 1.50000e+00  0.00000e+00 
 2.00000e+00  0.00000e+00 
 2.50000e+00  0.00000e+00 
 3.00000e+00  0.00000e+00 
 3.50000e+00  0.00000e+00 
 4.00000e+00  0.00000e+00 
 4.50000e+00  0.00000e+00 
 5.00000e+00  0.00000e+00 
 5.50000e+00  0.00000e+00 
 6.00000e+00  0.00000e+00 
 6.50000e+00  0.00000e+00 
 7.00000e+00  0.00000e+00 
 7.50000e+00  0.00000e+00 
 8.00000e+00  0.00000e+00 
 8.50000e+00  0.00000e+00 
 9.00000e+00  0.00000e+00 
 9.50000e+00  0.00000e+00 
 1.00000e+01  0.00000e+00 
 1.05000e+01  1.42400e-06 
 1.10000e+01  3.60000e-07 
 1.15000e+01  3.20000e-07 
 1.20000e+01  2.72000e-07 
 1.25000e+01  2.16000e-07 
 1.30000e+01  1.92000e-07 
 1.35000e+01  2.00000e-07 
 1.40000e+01  1.84000e-07 
 1.45000e+01  1.68000e-07 
 1.50000e+01  1.44000e-07 
 1.55000e+01  1.44000e-07 
 1.60000e+01  1.44000e-07 
 1.65000e+01  1.44000e-07 
 1.70000e+01  1.36000e-07 
 1.75000e+01  8.32000e-07 
 1.80000e+01  5.76000e-07 
 1.85000e+01  4.08000e-07 
 1.90000e+01  3.92000e-07 
 1.95000e+01  1.51200e-06 
 2.00000e+01  6.08000e-07 
 2.05000e+01  4.96000e-07 
 2.10000e+01  3.84000e-07 
 2.15000e+01  3.76000e-07 
 2.20000e+01  3.44000e-07 
 2.25000e+01  1.25600e-06 
 2.30000e+01  1.03200e-06 
 2.35000e+01  1.34400e-06 
 2.40000e+01  1.08800e-06 
 2.45000e+01  9.76000e-07 
 2.50000e+01  8.16000e-07 
 2.55000e+01  7.52000e-07 
 2.60000e+01  7.04000e-07 
 2.65000e+01  1.32000e-06 
 2.70000e+01  2.50400e-06 
 2.75000e+01  3.00800e-06 
 2.80000e+01  2.08000e-06 
 2.85000e+01  1.59200e-06 
 2.90000e+01  1.46400e-06 
 2.95000e+01  1.31200e-06 
 3.00000e+01  1.24800e-06 
 3.05000e+01  1.20000e-06 
 3.10000e+01  1.12000e-06 
 3.15000e+01  1.06400e-06 
 3.20000e+01  2.76000e-06 
 3.25000e+01  1.64800e-06 
 3.30000e+01  1.52000e-06 
 3.35000e+01  1.50400e-06 
 3.40000e+01  2.48000e-06 
 3.45000e+01  7.08800e-06 
 3.50000e+01  7.77600e-06 
 3.55000e+01  4.35200e-06 
 3.60000e+01  3.55200e-06 
 3.65000e+01  7.93600e-06 
 3.70000e+01  8.08800e-06 
 3.75000e+01  7.71200e-06 
 3.80000e+01  9.20800e-06 
 3.85000e+01  1.00960e-05 
 3.90000e+01  9.48800e-06 
 3.95000e+01  8.32000e-06 
 4.00000e+01  9.78400e-06 
 4.05000e+01  9.83200e-06 
 4.10000e+01  1.69920e-05 
 4.15000e+01  1.27920e-05 
 4.20000e+01  1.62880e-05 
 4.25000e+01  1.31760e-05 
 4.30000e+01  1.20800e-05 
 4.35000e+01  1.26160e-05 
 4.40000e+01  1.23600e-05 
 4.45000e+01  1.42960e-05 
 4.50000e+01  1.50640e-05 
 4.55000e+01  1.75680e-05 
 4.60000e+01  1.63920e-05 
 4.65000e+01  1.76000e-05 
 4.70000e+01  1.91840e-05 
 4.75000e+01  2.51360e-05 
 4.80000e+01  3.22160e-05 
 4.85000e+01  3.12080e-05 
 4.90000e+01  3.98640e-05 
 4.95000e+01  3.97440e-05 
 5.00000e+01  5.06720e-05 
 5.05000e+01  5.35760e-05 
 5.10000e+01  5.07200e-05 
 5.15000e+01  6.75280e-05 
 5.20000e+01  5.79840e-05 
 5.25000e+01  8.13040e-05 
 5.30000e+01  8.42640e-05 
 5.35000e+01  8.56160e-05 
 5.40000e+01  1.01640e-04 
 5.45000e+01  9.53680e-05 
 5.50000e+01  1.20960e-04 
 5.55000e+01  1.30120e-04 
 5.60000e+01  1.76648e-04 
 5.65000e+01  1.81448e-04 
 5.70000e+01  1.72048e-04 
 5.75000e+01  1.74632e-04 
 5.80000e+01  2.03624e-04 
 5.85000e+01  1.95048e-04 
 5.90000e+01  1.93288e-04 
 5.95000e+01  2.24480e-04 
 6.00000e+01  2.43808e-04 
 6.05000e+01  2.43352e-04 
 6.10000e+01  2.37440e-04 
 6.15000e+01  2.58720e-04 
 6.20000e+01  2.69720e-04 
 6.25000e+01  3.07536e-04 
 6.30000e+01  3.39464e-04 
 6.35000e+01  2.94040e-04 
 6.40000e+01  3.27440e-04 
 6.45000e+01  3.47352e-04 
 6.50000e+01  2.92592e-04 
 6.55000e+01  3.33896e-04 
 6.60000e+01  3.51808e-04 
 6.65000e+01  3.60512e-04 
 6.70000e+01  3.76936e-04 
 6.75000e+01  4.08096e-04 
 6.80000e+01  3.83200e-04 
 6.85000e+01  4.65336e-04 
 6.90000e+01  4.46832e-04 
 6.95000e+01  4.55304e-04 
 7.00000e+01  5.36384e-04 
 7.05000e+01  5.27608e-04 
 7.10000e+01  5.35824e-04 
 7.15000e+01  5.58480e-04 
 7.20000e+01  5.54152e-04 
 7.25000e+01  6.12504e-04 
 7.30000e+01  6.51144e-04 
 7.35000e+01  6.37672e-04 
 7.40000e+01  6.88856e-04 
 7.45000e+01  6.98160e-04 
 7.50000e+01  7.42120e-04 
 7.55000e+01  8.30584e-04 
 7.60000e+01  9.29824e-04 
 7.65000e+01  9.93248e-04 
 7.70000e+01  9.76480e-04 
 7.75000e+01  9.38328e-04 
 7.80000e+01  8.85824e-04 
 7.85000e+01  8.95600e-04 
 7.90000e+01  9.14784e-04 
 7.95000e+01  9.33528e-04 
 8.00000e+01  1.04453e-03 
 8.05000e+01  1.12202e-03 
 8.10000e+01  1.30483e-03 
 8.15000e+01  1.20388e-03 
 8.20000e+01  1.13507e-03 
 8.25000e+01  1.08323e-03 
 8.30000e+01  1.14078e-03 
 8.35000e+01  1.05043e-03 
 8.40000e+01  1.12918e-03 
 8.45000e+01  1.13263e-03 
 8.50000e+01  1.16691e-03 
 8.55000e+01  1.40424e-03 
 8.60000e+01  1.37683e-03 
 8.65000e+01  1.42248e-03 
 8.70000e+01  1.42665e-03 
 8.75000e+01  1.47478e-03 
 8.80000e+01  1.34826e-03 
 8.85000e+01  1.42562e-03 
 8.90000e+01  1.60717e-03 
 8.95000e+01  1.57402e-03 
 9.00000e+01  1.45470e-03 
 9.05000e+01  1.41629e-03 
 9.10000e+01  1.50103e-03 
 9.15000e+01  1.61215e-03 
 9.20000e+01  1.50448e-03 
 9.25000e+01  1.59713e-03 
 9.30000e+01  1.80686e-03 
 9.35000e+01  1.90153e-03 
 9.40000e+01  1.88945e-03 
 9.45000e+01  1.88340e-03 
 9.50000e+01  2.05820e-03 
 9.55000e+01  1.98952e-03 
 9.60000e+01  1.87804e-03 
 9.65000e+01  1.86113e-03 
 9.70000e+01  1.86174e-03 
 9.75000e+01  1.88710e-03 
 9.80000e+01  2.15893e-03 
 9.85000e+01  2.08751e-03 
 9.90000e+01  2.21912e-03 
 9.95000e+01  2.28484e-03 
 1.00000e+02  2.28572e-03 
 1.00500e+02  2.34483e-03 
 1.01000e+02  2.65870e-03 
 1.01500e+02  2.79478e-03 
 1.02000e+02  2.73998e-03 
 1.02500e+02  2.87611e-03 
 1.03000e+02  2.77546e-03 
 1.03500e+02  2.88374e-03 
 1.04000e+02  2.82485e-03 
 1.04500e+02  2.82339e-03 
 1.05000e+02  3.01753e-03 
 1.05500e+02  3.07302e-03 
 1.06000e+02  3.36575e-03 
 1.06500e+02  3.42654e-03 
 1.07000e+02  3.49658e-03 
 1.07500e+02  3.49580e-03 
 1.08000e+02  3.37480e-03 
 1.08500e+02  3.43432e-03 
 1.09000e+02  3.84625e-03 
 1.09500e+02  3.96484e-03 
 1.10000e+02  4.16489e-03 
 1.10500e+02  4.40316e-03 
 1.11000e+02  4.22793e-03 
 1.11500e+02  4.41582e-03 
 1.12000e+02  4.49478e-03 
 1.12500e+02  4.48000e-03 
 1.13000e+02  4.61185e-03 
 1.13500e+02  4.58498e-03 
 1.14000e+02  4.95214e-03 
 1.14500e+02  5.06094e-03 
 1.15000e+02  5.58660e-03 
 1.15500e+02  5.48406e-03 
 1.16000e+02  5.29927e-03 
 1.16500e+02  5.35677e-03 
 1.17000e+02  5.31950e-03 
 1.17500e+02  5.76578e-03 
 1.18000e+02  5.69471e-03 
 1.18500e+02  5.78531e-03 
 1.19000e+02  5.50193e-03 
 1.19500e+02  5.40141e-03 
 1.20000e+02  5.48538e-03 
 1.20500e+02  5.33439e-03 
 1.21000e+02  5.31518e-03 
 1.21500e+02  5.52294e-03 
 1.22000e+02  5.71109e-03 
 1.22500e+02  6.10095e-03 
 1.23000e+02  6.70201e-03 
 1.23500e+02  6.62613e-03 
 1.24000e+02  6.96561e-03 
 1.24500e+02  7.17854e-03 
 1.25000e+02  7.01585e-03 
 1.25500e+02  6.88793e-03 
 1.26000e+02  7.47083e-03 
 1.26500e+02  7.09879e-03 
 1.27000e+02  7.59138e-03 
 1.27500e+02  7.92546e-03 
 1.28000e+02  7.83974e-03 
 1.28500e+02  8.08343e-03 
 1.29000e+02  8.09154e-03 
 1.29500e+02  8.07662e-03 
 1.30000e+02  7.81670e-03 
 1.30500e+02  8.27987e-03 
 1.31000e+02  8.37502e-03 
 1.31500e+02  8.68222e-03 
 1.32000e+02  8.60366e-03 
 1.32500e+02  8.64776e-03 
 1.33000e+02  8.42684e-03 
 1.33500e+02  8.68109e-03 
 1.34000e+02  8.15874e-03 
 1.34500e+02  8.87511e-03 
 1.35000e+02  8.98966e-03 
 1.35500e+02  8.88894e-03 
 1.36000e+02  8.35437e-03 
 1.36500e+02  8.24228e-03 
 1.37000e+02  8.35146e-03 
 1.37500e+02  8.29507e-03 
 1.38000e+02  8.72292e-03 
 1.38500e+02  8.71200e-03 
 1.39000e+02  8.77290e-03 
 1.39500e+02  8.64033e-03 
 1.40000e+02  9.24682e-03 
 1.40500e+02  8.95842e-03 
 1.41000e+02  9.40102e-03 
 1.41500e+02  9.32931e-03 
 1.42000e+02  9.34752e-03 
 1.42500e+02  9.15458e-03 
 1.43000e+02  8.95459e-03 
 1.43500e+02  8.74210e-03 
 1.44000e+02  8.98350e-03 
 1.44500e+02  8.75293e-03 
 1.45000e+02  8.47710e-03 
 1.45500e+02  9.00590e-03 
 1.46000e+02  8.98767e-03 
 1.46500e+02  8.72544e-03 
 1.47000e+02  8.56585e-03 
 1.47500e+02  9.06108e-03 
 1.48000e+02  9.07254e-03 
 1.48500e+02  8.97018e-03 
 1.49000e+02  8.47258e-03 
 1.49500e+02  8.42316e-03 
 1.50000e+02  8.78531e-03 
 1.50500e+02  8.74474e-03 
 1.51000e+02  9.18572e-03 
 1.51500e+02  9.16911e-03 
 1.52000e+02  9.33815e-03 
 1.52500e+02  9.10114e-03 
 1.53000e+02  9.70791e-03 
 1.53500e+02  9.94536e-03 
 1.54000e+02  9.29090e-03 
 1.54500e+02  1.00290e-02 
 1.55000e+02  1.00278e-02 
 1.55500e+02  9.46143e-03 
 1.56000e+02  9.32461e-03 
 1.56500e+02  9.65461e-03 
 1.57000e+02  9.28134e-03 
 1.57500e+02  9.70461e-03 
 1.58000e+02  9.86052e-03 
 1.58500e+02  9.62183e-03 
 1.59000e+02  8.96125e-03 
 1.59500e+02  9.18083e-03 
 1.60000e+02  9.14606e-03 
 1.60500e+02  8.87370e-03 
 1.61000e+02  9.19965e-03 
 1.61500e+02  9.43631e-03 
 1.62000e+02  9.16606e-03 
 1.62500e+02  9.45534e-03 
 1.63000e+02  9.07680e-03 
 1.63500e+02  9.19559e-03 
 1.64000e+02  8.90979e-03 
 1.64500e+02  8.70056e-03 
 1.65000e+02  8.91239e-03 
 1.65500e+02  9.26659e-03 
 1.66000e+02  9.12112e-03 
 1.66500e+02  8.96494e-03 
 1.67000e+02  9.17833e-03 
 1.67500e+02  9.71031e-03 
 1.68000e+02  9.94990e-03 
 1.68500e+02  1.01156e-02 
 1.69000e+02  9.64238e-03 
 1.69500e+02  1.02312e-02 
 1.70000e+02  9.47483e-03 
 1.70500e+02  9.19651e-03 
 1.71000e+02  9.39763e-03 
 1.71500e+02  9.18970e-03 
 1.72000e+02  9.02318e-03 
 1.72500e+02  9.57497e-03 
 1.73000e+02  9.13686e-03 
 1.73500e+02  9.00694e-03 
 1.74000e+02  9.21638e-03 
 1.74500e+02  9.14553e-03 
 1.75000e+02  9.02917e-03 
 1.75500e+02  8.70755e-03 
 1.76000e+02  8.36504e-03 
 1.76500e+02  8.40904e-03 
 1.77000e+02  8.77214e-03 
 1.77500e+02  8.87303e-03 
 1.78000e+02  8.56837e-03 
 1.78500e+02  8.57955e-03 
 1.79000e+02  9.01091e-03 
 1.79500e+02  9.23453e-03 
 1.80000e+02  8.94498e-03 
 1.80500e+02  8.47326e-03 
 1.81000e+02  8.53026e-03 
 1.81500e+02  8.44352e-03 
 1.82000e+02  7.65282e-03 
 1.82500e+02  7.49398e-03 
 1.83000e+02  7.37578e-03 
 1.83500e+02  7.24742e-03 
 1.84000e+02  7.34558e-03 
 1.84500e+02  7.28954e-03 
 1.85000e+02  7.54438e-03 
 1.85500e+02  7.55970e-03 
 1.86000e+02  7.56608e-03 
 1.86500e+02  7.89550e-03 
 1.87000e+02  7.59714e-03 
 1.87500e+02  7.53741e-03 
 1.88000e+02  7.52249e-03 
 1.88500e+02  7.51643e-03 
 1.89000e+02  7.53536e-03 
 1.89500e+02  7.57646e-03 
 1.90000e+02  7.29595e-03 
 1.90500e+02  7.32302e-03 
 1.91000e+02  7.67604e-03 
 1.91500e+02  7.44994e-03 
 1.92000e+02  7.07539e-03 
 1.92500e+02  6.48483e-03 
 1.93000e+02  6.25465e-03 
 1.93500e+02  6.25303e-03 
 1.94000e+02  6.13342e-03 
 1.94500e+02  5.74527e-03 
 1.95000e+02  5.72398e-03 
 1.95500e+02  5.53938e-03 
 1.96000e+02  5.67778e-03 
 1.96500e+02  5.82123e-03 
 1.97000e+02  5.65436e-03 
 1.97500e+02  5.55902e-03 
 1.98000e+02  5.45916e-03 
 1.98500e+02  5.63166e-03 
 1.99000e+02  5.75308e-03 
 1.99500e+02  5.54834e-03 
 2.00000e+02  5.52967e-03 
 2.00500e+02  5.28847e-03 
 2.01000e+02  5.49222e-03 
 2.01500e+02  5.33658e-03 
 2.02000e+02  5.06623e-03 
 2.02500e+02  4.46179e-03 
 2.03000e+02  4.57062e-03 
 2.03500e+02  4.43730e-03 
 2.04000e+02  4.65218e-03 
 2.04500e+02  4.76037e-03 
 2.05000e+02  4.86395e-03 
 2.05500e+02  5.08274e-03 
 2.06000e+02  4.75254e-03 
 2.06500e+02  4.50346e-03 
 2.07000e+02  4.46314e-03 
 2.07500e+02  4.40960e-03 
 2.08000e+02  4.67782e-03 
 2.08500e+02  4.41322e-03 
 2.09000e+02  4.52218e-03 
 2.09500e+02  4.38134e-03 
 2.10000e+02  4.27822e-03 
 2.10500e+02  4.21138e-03 
 2.11000e+02  4.11760e-03 
 2.11500e+02  4.25356e-03 
 2.12000e+02  4.11258e-03 
 2.12500e+02  4.12918e-03 
 2.13000e+02  3.57126e-03 
 2.13500e+02  3.49096e-03 
 2.14000e+02  3.37230e-03 
 2.14500e+02  3.30867e-03 
 2.15000e+02  3.42158e-03 
 2.15500e+02  3.21825e-03 
 2.16000e+02  3.21966e-03 
 2.16500e+02  3.16450e-03 
 2.17000e+02  3.24389e-03 
 2.17500e+02  2.92522e-03 
 2.18000e+02  3.02285e-03 
 2.18500e+02  3.15062e-03 
 2.19000e+02  2.94557e-03 
 2.19500e+02  2.88656e-03 
 2.20000e+02  2.92866e-03 
 2.20500e+02  2.56384e-03 
 2.21000e+02  2.54287e-03 
 2.21500e+02  2.55213e-03 
 2.22000e+02  2.41462e-03 
 2.22500e+02  2.40193e-03 
 2.23000e+02  2.38469e-03 
 2.23500e+02  2.34825e-03 
 2.24000e+02  2.36212e-03 
 2.24500e+02  2.41899e-03 
 2.25000e+02  2.24990e-03 
 2.25500e+02  2.12479e-03 
 2.26000e+02  1.97091e-03 
 2.26500e+02  1.95346e-03 
 2.27000e+02  1.86176e-03 
 2.27500e+02  1.73298e-03 
 2.28000e+02  1.68150e-03 
 2.28500e+02  1.53394e-03 
 2.29000e+02  1.37958e-03 
 2.29500e+02  1.45940e-03 
 2.30000e+02  1.46909e-03 
 2.30500e+02  1.51820e-03 
 2.31000e+02  1.80551e-03 
 2.31500e+02  1.62409e-03 
 2.32000e+02  1.48492e-03 
 2.32500e+02  1.46470e-03 
 2.33000e+02  1.24966e-03 
 2.33500e+02  1.24970e-03 
 2.34000e+02  1.19114e-03 
 2.34500e+02  1.16646e-03 
 2.35000e+02  1.11330e-03 
 2.35500e+02  1.19474e-03 
 2.36000e+02  1.02619e-03 
 2.36500e+02  1.01407e-03 
 2.37000e+02  1.15831e-03 
 2.37500e+02  1.05635e-03 
 2.38000e+02  9.90736e-04 
 2.38500e+02  9.75336e-04 
 2.39000e+02  1.01209e-03 
 2.39500e+02  8.93064e-04 
 2.40000e+02  9.27040e-04 
 2.40500e+02  8.66264e-04 
 2.41000e+02  8.70888e-04 
 2.41500e+02  8.36704e-04 
 2.42000e+02  9.23832e-04 
 2.42500e+02  8.01216e-04 
 2.43000e+02  8.72152e-04 
 2.43500e+02  7.83944e-04 
 2.44000e+02  7.85520e-04 
 2.44500e+02  7.85080e-04 
 2.45000e+02  7.88160e-04 
 2.45500e+02  6.78792e-04 
 2.46000e+02  6.05624e-04 
 2.46500e+02  5.33032e-04 
 2.47000e+02  4.73776e-04 
 2.47500e+02  5.19072e-04 
 2.48000e+02  5.33600e-04 
 2.48500e+02  5.47648e-04 
 2.49000e+02  4.85632e-04 
 2.49500e+02  4.86704e-04 
 2.50000e+02  4.68136e-04 
 2.50500e+02  4.29896e-04 
 2.51000e+02  4.60680e-04 
 2.51500e+02  4.10864e-04 
 2.52000e+02  3.66600e-04 
 2.52500e+02  3.90912e-04 
 2.53000e+02  3.33624e-04 
 2.53500e+02  3.27360e-04 
 2.54000e+02  3.62064e-04 
 2.54500e+02  2.98144e-04 
 2.55000e+02  2.94048e-04 
 2.55500e+02  2.97896e-04 
 2.56000e+02  2.56288e-04 
 2.56500e+02  2.24480e-04 
 2.57000e+02  2.28016e-04 
 2.57500e+02  1.92072e-04 
 2.58000e+02  1.88712e-04 
 2.58500e+02  1.92600e-04 
 2.59000e+02  2.09512e-04 
 2.59500e+02  1.93224e-04 
 2.60000e+02  2.09192e-04 
 2.60500e+02  1.54408e-04 
 2.61000e+02  1.33392e-04 
 2.61500e+02  1.38088e-04 
 2.62000e+02  1.08176e-04 
 2.62500e+02  1.15624e-04 
 2.63000e+02  9.93520e-05 
 2.63500e+02  1.02936e-04 
 2.64000e+02  7.19440e-05 
 2.64500e+02  6.75360e-05 
 2.65000e+02  7.56480e-05 
 2.65500e+02  7.84480e-05 
 2.66000e+02  5.86000e-05 
 2.66500e+02  6.58080e-05 
 2.67000e+02  5.18080e-05 
 2.67500e+02  5.46000e-05 
 2.68000e+02  4.24400e-05 
 2.68500e+02  3.81200e-05 
 2.69000e+02  3.66880e-05 
 2.69500e+02  3.28160e-05 
 2.70000e+02  3.48640e-05 
 2.70500e+02  2.51680e-05 
 2.71000e+02  1.93840e-05 
 2.71500e+02  1.53920e-05 
 2.72000e+02  1.60880e-05 
 2.72500e+02  1.26880e-05 
 2.73000e+02  8.32800e-06 
 2.73500e+02  8.96800e-06 
 2.74000e+02  1.02480e-05 
 2.74500e+02  1.43840e-05 
 2.75000e+02  1.13360e-05 
 2.75500e+02  1.06240e-05 
 2.76000e+02  1.21040e-05 
 2.76500e+02  1.38720e-05 
 2.77000e+02  5.32800e-06 
 2.77500e+02  6.67200e-06 
 2.78000e+02  6.58400e-06 
 2.78500e+02  1.06720e-05 
 2.79000e+02  6.93600e-06 
 2.79500e+02  4.32000e-06 
 2.80000e+02  4.74400e-06 
 2.80500e+02  5.80000e-06 
 2.81000e+02  7.15200e-06 
 2.81500e+02  6.33600e-06 
 2.82000e+02  6.48800e-06 
 2.82500e+02  3.72000e-06 
 2.83000e+02  4.52800e-06 
 2.83500e+02  2.31200e-06 
 2.84000e+02  2.16800e-06 
 2.84500e+02  1.96000e-06 
 2.85000e+02  2.20000e-06 
 2.85500e+02  2.45600e-06 
 2.86000e+02  3.76800e-06 
 2.86500e+02  1.97600e-06 
 2.87000e+02  2.08800e-06 
 2.87500e+02  3.16800e-06 
 2.88000e+02  2.48800e-06 
 2.88500e+02  1.83200e-06 
 2.89000e+02  2.01600e-06 
 2.89500e+02  2.26400e-06 
 2.90000e+02  2.61600e-06 
 2.90500e+02  2.88800e-06 
 2.91000e+02  3.16000e-06 
 2.91500e+02  1.30400e-06 
 2.92000e+02  1.36000e-06 
 2.92500e+02  1.47200e-06 
 2.93000e+02  1.68800e-06 
 2.93500e+02  1.98400e-06 
 2.94000e+02  4.00800e-06 
 2.94500e+02  1.74400e-06 
 2.95000e+02  1.40000e-06 
 2.95500e+02  1.91200e-06 
 2.96000e+02  2.76800e-06 
 2.96500e+02  5.92000e-07 
 2.97000e+02  5.12000e-07 
 2.97500e+02  6.80000e-07 
 2.98000e+02  7.36000e-07 
 2.98500e+02  1.60000e-06 
 2.99000e+02  2.84800e-06 
 2.99500e+02  1.10400e-06 
 3.00000e+02  2.72000e-07 
 3.00500e+02  2.88000e-07 
 3.01000e+02  2.96000e-07 
 3.01500e+02  2.96000e-07 
 3.02000e+02  3.28000e-07 
 3.02500e+02  4.00000e-07 
 3.03000e+02  4.32000e-07 
 3.03500e+02  6.48000e-07 
 3.04000e+02  2.64000e-07 
 3.04500e+02  1.04000e-07 
 3.05000e+02  9.60000e-08 
 3.05500e+02  1.04000e-07 
 3.06000e+02  1.04000e-07 
 3.06500e+02  1.04000e-07 
 3.07000e+02  1.12000e-07 
 3.07500e+02  1.04000e-07 
 3.08000e+02  1.12000e-07 
 3.08500e+02  1.12000e-07 
 3.09000e+02  1.20000e-07 
 3.09500e+02  1.36000e-07 
 3.10000e+02  1.28000e-07 
 3.10500e+02  1.36000e-07 
 3.11000e+02  1.36000e-07 
 3.11500e+02  1.36000e-07 
 3.12000e+02  1.60000e-07 
 3.12500e+02  1.68000e-07 
 3.13000e+02  1.84000e-07 
 3.13500e+02  1.92000e-07 
 3.14000e+02  2.00000e-07 
 3.14500e+02  2.40000e-07 
 3.15000e+02  3.04000e-07 
 3.15500e+02  3.36000e-07 
 3.16000e+02  1.20000e-06 
 3.16500e+02  3.52000e-07 
 3.17000e+02  0.00000e+00 
 3.17500e+02  0.00000e+00 
 3.18000e+02  0.00000e+00 
 3.18500e+02  0.00000e+00 
 3.19000e+02  0.00000e+00 
 3.19500e+02  0.00000e+00 
