 0.00000e+00  0.00000e+00 
 5.00000e-01  0.00000e+00 
 1.00000e+00  0.00000e+00 
 1.50000e+00  0.00000e+00 
 2.00000e+00  0.00000e+00 
 2.50000e+00  0.00000e+00 
 3.00000e+00  0.00000e+00 
 3.50000e+00  0.00000e+00 
 4.00000e+00  0.00000e+00 
 4.50000e+00  0.00000e+00 
 5.00000e+00  8.72000e-07 
 5.50000e+00  7.04000e-07 
 6.00000e+00  3.20000e-07 
 6.50000e+00  2.88000e-07 
 7.00000e+00  2.40000e-07 
 7.50000e+00  1.92000e-07 
 8.00000e+00  1.84000e-07 
 8.50000e+00  1.76000e-07 
 9.00000e+00  1.76000e-07 
 9.50000e+00  1.52000e-07 
 1.00000e+01  1.44000e-07 
 1.05000e+01  1.36000e-07 
 1.10000e+01  6.88000e-07 
 1.15000e+01  5.76000e-07 
 1.20000e+01  1.56800e-06 
 1.25000e+01  1.52000e-06 
 1.30000e+01  1.04800e-06 
 1.35000e+01  8.48000e-07 
 1.40000e+01  4.40000e-07 
 1.45000e+01  1.02400e-06 
 1.50000e+01  1.18400e-06 
 1.55000e+01  7.28000e-07 
 1.60000e+01  6.56000e-07 
 1.65000e+01  5.52000e-07 
 1.70000e+01  5.20000e-07 
 1.75000e+01  4.96000e-07 
 1.80000e+01  2.07200e-06 
 1.85000e+01  1.21600e-06 
 1.90000e+01  7.68000e-07 
 1.95000e+01  7.36000e-07 
 2.00000e+01  1.05600e-06 
 2.05000e+01  8.96000e-07 
 2.10000e+01  8.64000e-07 
 2.15000e+01  8.24000e-07 
 2.20000e+01  1.88000e-06 
 2.25000e+01  2.00800e-06 
 2.30000e+01  1.64000e-06 
 2.35000e+01  1.53600e-06 
 2.40000e+01  1.61600e-06 
 2.45000e+01  1.84000e-06 
 2.50000e+01  1.56800e-06 
 2.55000e+01  1.52000e-06 
 2.60000e+01  1.40800e-06 
 2.65000e+01  1.34400e-06 
 2.70000e+01  3.08000e-06 
 2.75000e+01  2.40000e-06 
 2.80000e+01  1.53600e-06 
 2.85000e+01  1.40000e-06 
 2.90000e+01  1.30400e-06 
 2.95000e+01  1.29600e-06 
 3.00000e+01  1.85600e-06 
 3.05000e+01  1.95200e-06 
 3.10000e+01  2.92000e-06 
 3.15000e+01  3.99200e-06 
 3.20000e+01  3.67200e-06 
 3.25000e+01  5.51200e-06 
 3.30000e+01  3.73600e-06 
 3.35000e+01  6.44800e-06 
 3.40000e+01  5.86400e-06 
 3.45000e+01  4.83200e-06 
 3.50000e+01  5.50400e-06 
 3.55000e+01  6.42400e-06 
 3.60000e+01  5.68800e-06 
 3.65000e+01  8.01600e-06 
 3.70000e+01  9.32800e-06 
 3.75000e+01  1.11920e-05 
 3.80000e+01  9.76000e-06 
 3.85000e+01  8.82400e-06 
 3.90000e+01  7.00000e-06 
 3.95000e+01  6.40800e-06 
 4.00000e+01  6.26400e-06 
 4.05000e+01  1.19360e-05 
 4.10000e+01  8.35200e-06 
 4.15000e+01  7.26400e-06 
 4.20000e+01  8.28000e-06 
 4.25000e+01  1.10000e-05 
 4.30000e+01  2.07360e-05 
 4.35000e+01  1.59360e-05 
 4.40000e+01  1.87520e-05 
 4.45000e+01  2.03680e-05 
 4.50000e+01  1.61440e-05 
 4.55000e+01  2.00560e-05 
 4.60000e+01  1.92160e-05 
 4.65000e+01  2.78960e-05 
 4.70000e+01  2.83280e-05 
 4.75000e+01  2.55440e-05 
 4.80000e+01  2.72880e-05 
 4.85000e+01  3.46320e-05 
 4.90000e+01  3.64800e-05 
 4.95000e+01  3.20000e-05 
 5.00000e+01  3.78720e-05 
 5.05000e+01  4.43920e-05 
 5.10000e+01  4.88080e-05 
 5.15000e+01  5.96400e-05 
 5.20000e+01  6.07600e-05 
 5.25000e+01  7.15200e-05 
 5.30000e+01  9.22240e-05 
 5.35000e+01  8.32560e-05 
 5.40000e+01  7.94560e-05 
 5.45000e+01  8.44560e-05 
 5.50000e+01  1.15608e-04 
 5.55000e+01  1.53720e-04 
 5.60000e+01  1.39688e-04 
 5.65000e+01  1.49552e-04 
 5.70000e+01  1.61776e-04 
 5.75000e+01  1.68168e-04 
 5.80000e+01  1.89472e-04 
 5.85000e+01  1.87880e-04 
 5.90000e+01  1.93224e-04 
 5.95000e+01  2.34240e-04 
 6.00000e+01  2.60440e-04 
 6.05000e+01  2.73584e-04 
 6.10000e+01  3.00912e-04 
 6.15000e+01  2.65968e-04 
 6.20000e+01  2.56496e-04 
 6.25000e+01  2.98808e-04 
 6.30000e+01  2.84536e-04 
 6.35000e+01  3.18616e-04 
 6.40000e+01  3.23848e-04 
 6.45000e+01  2.93144e-04 
 6.50000e+01  3.50256e-04 
 6.55000e+01  4.39768e-04 
 6.60000e+01  4.14848e-04 
 6.65000e+01  3.78592e-04 
 6.70000e+01  4.06080e-04 
 6.75000e+01  4.46824e-04 
 6.80000e+01  4.15928e-04 
 6.85000e+01  4.25200e-04 
 6.90000e+01  4.87200e-04 
 6.95000e+01  5.38112e-04 
 7.00000e+01  5.37712e-04 
 7.05000e+01  5.54416e-04 
 7.10000e+01  6.21816e-04 
 7.15000e+01  6.34176e-04 
 7.20000e+01  6.65672e-04 
 7.25000e+01  7.12072e-04 
 7.30000e+01  7.87064e-04 
 7.35000e+01  7.69952e-04 
 7.40000e+01  7.63056e-04 
 7.45000e+01  7.82104e-04 
 7.50000e+01  7.02248e-04 
 7.55000e+01  7.49184e-04 
 7.60000e+01  7.59440e-04 
 7.65000e+01  8.85048e-04 
 7.70000e+01  8.86512e-04 
 7.75000e+01  9.21376e-04 
 7.80000e+01  9.90760e-04 
 7.85000e+01  9.48392e-04 
 7.90000e+01  9.43536e-04 
 7.95000e+01  9.96232e-04 
 8.00000e+01  1.00848e-03 
 8.05000e+01  1.02283e-03 
 8.10000e+01  1.08803e-03 
 8.15000e+01  1.08539e-03 
 8.20000e+01  1.08655e-03 
 8.25000e+01  1.18738e-03 
 8.30000e+01  1.11514e-03 
 8.35000e+01  1.17256e-03 
 8.40000e+01  1.19566e-03 
 8.45000e+01  1.15768e-03 
 8.50000e+01  1.08025e-03 
 8.55000e+01  1.30492e-03 
 8.60000e+01  1.22814e-03 
 8.65000e+01  1.30806e-03 
 8.70000e+01  1.31861e-03 
 8.75000e+01  1.40846e-03 
 8.80000e+01  1.56038e-03 
 8.85000e+01  1.64582e-03 
 8.90000e+01  1.70792e-03 
 8.95000e+01  1.71637e-03 
 9.00000e+01  1.78297e-03 
 9.05000e+01  1.81519e-03 
 9.10000e+01  1.70920e-03 
 9.15000e+01  1.69850e-03 
 9.20000e+01  1.59284e-03 
 9.25000e+01  1.68472e-03 
 9.30000e+01  1.95614e-03 
 9.35000e+01  1.90259e-03 
 9.40000e+01  1.77733e-03 
 9.45000e+01  1.78315e-03 
 9.50000e+01  2.01367e-03 
 9.55000e+01  1.76659e-03 
 9.60000e+01  1.87364e-03 
 9.65000e+01  2.06698e-03 
 9.70000e+01  2.24026e-03 
 9.75000e+01  2.33713e-03 
 9.80000e+01  2.35721e-03 
 9.85000e+01  2.69837e-03 
 9.90000e+01  2.53972e-03 
 9.95000e+01  2.58846e-03 
 1.00000e+02  2.45545e-03 
 1.00500e+02  2.44352e-03 
 1.01000e+02  2.50263e-03 
 1.01500e+02  2.57182e-03 
 1.02000e+02  2.62250e-03 
 1.02500e+02  2.74726e-03 
 1.03000e+02  2.77171e-03 
 1.03500e+02  2.90505e-03 
 1.04000e+02  2.88634e-03 
 1.04500e+02  2.93037e-03 
 1.05000e+02  2.96342e-03 
 1.05500e+02  3.04405e-03 
 1.06000e+02  2.97038e-03 
 1.06500e+02  3.11470e-03 
 1.07000e+02  3.27875e-03 
 1.07500e+02  3.45719e-03 
 1.08000e+02  3.38557e-03 
 1.08500e+02  3.61790e-03 
 1.09000e+02  3.68989e-03 
 1.09500e+02  3.87230e-03 
 1.10000e+02  3.88480e-03 
 1.10500e+02  4.04248e-03 
 1.11000e+02  4.17474e-03 
 1.11500e+02  4.08362e-03 
 1.12000e+02  4.29497e-03 
 1.12500e+02  4.33227e-03 
 1.13000e+02  4.35700e-03 
 1.13500e+02  4.58139e-03 
 1.14000e+02  4.86282e-03 
 1.14500e+02  5.27728e-03 
 1.15000e+02  5.35910e-03 
 1.15500e+02  5.53344e-03 
 1.16000e+02  5.97532e-03 
 1.16500e+02  5.78912e-03 
 1.17000e+02  6.06890e-03 
 1.17500e+02  6.04680e-03 
 1.18000e+02  5.63842e-03 
 1.18500e+02  5.87752e-03 
 1.19000e+02  6.33706e-03 
 1.19500e+02  6.23079e-03 
 1.20000e+02  5.90830e-03 
 1.20500e+02  6.13416e-03 
 1.21000e+02  6.10860e-03 
 1.21500e+02  6.15406e-03 
 1.22000e+02  6.48548e-03 
 1.22500e+02  6.55626e-03 
 1.23000e+02  6.78670e-03 
 1.23500e+02  6.77374e-03 
 1.24000e+02  6.98461e-03 
 1.24500e+02  7.01872e-03 
 1.25000e+02  7.08419e-03 
 1.25500e+02  7.24046e-03 
 1.26000e+02  6.82678e-03 
 1.26500e+02  7.31342e-03 
 1.27000e+02  7.47080e-03 
 1.27500e+02  7.31486e-03 
 1.28000e+02  7.53650e-03 
 1.28500e+02  7.48102e-03 
 1.29000e+02  7.73634e-03 
 1.29500e+02  7.69410e-03 
 1.30000e+02  8.00171e-03 
 1.30500e+02  8.03948e-03 
 1.31000e+02  8.41159e-03 
 1.31500e+02  8.70310e-03 
 1.32000e+02  9.01134e-03 
 1.32500e+02  9.40332e-03 
 1.33000e+02  8.81506e-03 
 1.33500e+02  8.74706e-03 
 1.34000e+02  8.87557e-03 
 1.34500e+02  8.85228e-03 
 1.35000e+02  8.79930e-03 
 1.35500e+02  8.47626e-03 
 1.36000e+02  8.73881e-03 
 1.36500e+02  8.66157e-03 
 1.37000e+02  8.82218e-03 
 1.37500e+02  8.94118e-03 
 1.38000e+02  8.61581e-03 
 1.38500e+02  8.72196e-03 
 1.39000e+02  8.62353e-03 
 1.39500e+02  8.89701e-03 
 1.40000e+02  9.15957e-03 
 1.40500e+02  9.00803e-03 
 1.41000e+02  9.21024e-03 
 1.41500e+02  8.92806e-03 
 1.42000e+02  8.69978e-03 
 1.42500e+02  8.69190e-03 
 1.43000e+02  9.56872e-03 
 1.43500e+02  9.44858e-03 
 1.44000e+02  9.22808e-03 
 1.44500e+02  9.09117e-03 
 1.45000e+02  9.40712e-03 
 1.45500e+02  9.55985e-03 
 1.46000e+02  1.00420e-02 
 1.46500e+02  1.00346e-02 
 1.47000e+02  9.79102e-03 
 1.47500e+02  9.24566e-03 
 1.48000e+02  9.28999e-03 
 1.48500e+02  9.98432e-03 
 1.49000e+02  9.40958e-03 
 1.49500e+02  9.84180e-03 
 1.50000e+02  9.88609e-03 
 1.50500e+02  9.65893e-03 
 1.51000e+02  9.84926e-03 
 1.51500e+02  9.97279e-03 
 1.52000e+02  9.79917e-03 
 1.52500e+02  9.65912e-03 
 1.53000e+02  9.65882e-03 
 1.53500e+02  1.03761e-02 
 1.54000e+02  9.96625e-03 
 1.54500e+02  9.94378e-03 
 1.55000e+02  1.01471e-02 
 1.55500e+02  9.70074e-03 
 1.56000e+02  9.48139e-03 
 1.56500e+02  9.31178e-03 
 1.57000e+02  9.20594e-03 
 1.57500e+02  9.53782e-03 
 1.58000e+02  9.26306e-03 
 1.58500e+02  9.39178e-03 
 1.59000e+02  9.44102e-03 
 1.59500e+02  9.12474e-03 
 1.60000e+02  9.20095e-03 
 1.60500e+02  9.64230e-03 
 1.61000e+02  9.49810e-03 
 1.61500e+02  1.00778e-02 
 1.62000e+02  9.70432e-03 
 1.62500e+02  9.58980e-03 
 1.63000e+02  9.92855e-03 
 1.63500e+02  8.97751e-03 
 1.64000e+02  9.25534e-03 
 1.64500e+02  9.38353e-03 
 1.65000e+02  8.98672e-03 
 1.65500e+02  9.33154e-03 
 1.66000e+02  9.32635e-03 
 1.66500e+02  9.16781e-03 
 1.67000e+02  9.62262e-03 
 1.67500e+02  9.61957e-03 
 1.68000e+02  9.61707e-03 
 1.68500e+02  9.38968e-03 
 1.69000e+02  9.41758e-03 
 1.69500e+02  9.54562e-03 
 1.70000e+02  9.64224e-03 
 1.70500e+02  1.00608e-02 
 1.71000e+02  1.02887e-02 
 1.71500e+02  9.83486e-03 
 1.72000e+02  9.85188e-03 
 1.72500e+02  9.54759e-03 
 1.73000e+02  9.62262e-03 
 1.73500e+02  9.78743e-03 
 1.74000e+02  1.00303e-02 
 1.74500e+02  9.93094e-03 
 1.75000e+02  9.75669e-03 
 1.75500e+02  9.89186e-03 
 1.76000e+02  9.40607e-03 
 1.76500e+02  9.36246e-03 
 1.77000e+02  9.44918e-03 
 1.77500e+02  9.56842e-03 
 1.78000e+02  9.12551e-03 
 1.78500e+02  9.51462e-03 
 1.79000e+02  9.39725e-03 
 1.79500e+02  9.63384e-03 
 1.80000e+02  9.07806e-03 
 1.80500e+02  8.76973e-03 
 1.81000e+02  8.70518e-03 
 1.81500e+02  8.57161e-03 
 1.82000e+02  8.96301e-03 
 1.82500e+02  8.48916e-03 
 1.83000e+02  8.32081e-03 
 1.83500e+02  8.14908e-03 
 1.84000e+02  7.86661e-03 
 1.84500e+02  7.92774e-03 
 1.85000e+02  7.83631e-03 
 1.85500e+02  7.47285e-03 
 1.86000e+02  7.42758e-03 
 1.86500e+02  7.21254e-03 
 1.87000e+02  7.46305e-03 
 1.87500e+02  7.37461e-03 
 1.88000e+02  7.33639e-03 
 1.88500e+02  7.11227e-03 
 1.89000e+02  7.13375e-03 
 1.89500e+02  6.97040e-03 
 1.90000e+02  7.07900e-03 
 1.90500e+02  7.11286e-03 
 1.91000e+02  7.17498e-03 
 1.91500e+02  6.74486e-03 
 1.92000e+02  6.60262e-03 
 1.92500e+02  6.73507e-03 
 1.93000e+02  6.23834e-03 
 1.93500e+02  6.30870e-03 
 1.94000e+02  6.33883e-03 
 1.94500e+02  6.10742e-03 
 1.95000e+02  6.48139e-03 
 1.95500e+02  6.55784e-03 
 1.96000e+02  6.37199e-03 
 1.96500e+02  6.36151e-03 
 1.97000e+02  6.07528e-03 
 1.97500e+02  6.20126e-03 
 1.98000e+02  6.25663e-03 
 1.98500e+02  6.10581e-03 
 1.99000e+02  6.21627e-03 
 1.99500e+02  6.36767e-03 
 2.00000e+02  6.42872e-03 
 2.00500e+02  6.44934e-03 
 2.01000e+02  6.31843e-03 
 2.01500e+02  5.98922e-03 
 2.02000e+02  5.86525e-03 
 2.02500e+02  5.72065e-03 
 2.03000e+02  5.56214e-03 
 2.03500e+02  5.43347e-03 
 2.04000e+02  5.32482e-03 
 2.04500e+02  5.24062e-03 
 2.05000e+02  5.41232e-03 
 2.05500e+02  4.95014e-03 
 2.06000e+02  5.06976e-03 
 2.06500e+02  4.88410e-03 
 2.07000e+02  4.62838e-03 
 2.07500e+02  4.65100e-03 
 2.08000e+02  4.59817e-03 
 2.08500e+02  4.61447e-03 
 2.09000e+02  4.27444e-03 
 2.09500e+02  4.28378e-03 
 2.10000e+02  4.27190e-03 
 2.10500e+02  4.39756e-03 
 2.11000e+02  4.34785e-03 
 2.11500e+02  4.49525e-03 
 2.12000e+02  4.30871e-03 
 2.12500e+02  4.17785e-03 
 2.13000e+02  4.23092e-03 
 2.13500e+02  3.62261e-03 
 2.14000e+02  3.66488e-03 
 2.14500e+02  3.40801e-03 
 2.15000e+02  3.73811e-03 
 2.15500e+02  3.46130e-03 
 2.16000e+02  3.19944e-03 
 2.16500e+02  3.14098e-03 
 2.17000e+02  3.10283e-03 
 2.17500e+02  3.03074e-03 
 2.18000e+02  2.81254e-03 
 2.18500e+02  3.00570e-03 
 2.19000e+02  2.82651e-03 
 2.19500e+02  2.64278e-03 
 2.20000e+02  2.69552e-03 
 2.20500e+02  2.49878e-03 
 2.21000e+02  2.58230e-03 
 2.21500e+02  2.45630e-03 
 2.22000e+02  2.35814e-03 
 2.22500e+02  2.35594e-03 
 2.23000e+02  2.46310e-03 
 2.23500e+02  2.25549e-03 
 2.24000e+02  2.20906e-03 
 2.24500e+02  2.21202e-03 
 2.25000e+02  2.36241e-03 
 2.25500e+02  2.33796e-03 
 2.26000e+02  2.14043e-03 
 2.26500e+02  1.86341e-03 
 2.27000e+02  1.80056e-03 
 2.27500e+02  1.75087e-03 
 2.28000e+02  1.57746e-03 
 2.28500e+02  1.49562e-03 
 2.29000e+02  1.55318e-03 
 2.29500e+02  1.43178e-03 
 2.30000e+02  1.60857e-03 
 2.30500e+02  1.61514e-03 
 2.31000e+02  1.63991e-03 
 2.31500e+02  1.43632e-03 
 2.32000e+02  1.35388e-03 
 2.32500e+02  1.26083e-03 
 2.33000e+02  1.20621e-03 
 2.33500e+02  1.23762e-03 
 2.34000e+02  1.22741e-03 
 2.34500e+02  1.11834e-03 
 2.35000e+02  1.11713e-03 
 2.35500e+02  1.05332e-03 
 2.36000e+02  9.53976e-04 
 2.36500e+02  1.03234e-03 
 2.37000e+02  9.54584e-04 
 2.37500e+02  9.97712e-04 
 2.38000e+02  9.11080e-04 
 2.38500e+02  1.03823e-03 
 2.39000e+02  9.07704e-04 
 2.39500e+02  9.05192e-04 
 2.40000e+02  9.00296e-04 
 2.40500e+02  9.19944e-04 
 2.41000e+02  7.41432e-04 
 2.41500e+02  6.60064e-04 
 2.42000e+02  7.58896e-04 
 2.42500e+02  7.13944e-04 
 2.43000e+02  6.84112e-04 
 2.43500e+02  7.03640e-04 
 2.44000e+02  6.84800e-04 
 2.44500e+02  7.82664e-04 
 2.45000e+02  6.61992e-04 
 2.45500e+02  6.82208e-04 
 2.46000e+02  6.94912e-04 
 2.46500e+02  5.83000e-04 
 2.47000e+02  6.81432e-04 
 2.47500e+02  6.19464e-04 
 2.48000e+02  5.76424e-04 
 2.48500e+02  5.23168e-04 
 2.49000e+02  5.32368e-04 
 2.49500e+02  5.25216e-04 
 2.50000e+02  5.02664e-04 
 2.50500e+02  4.61680e-04 
 2.51000e+02  4.12784e-04 
 2.51500e+02  4.15016e-04 
 2.52000e+02  3.86488e-04 
 2.52500e+02  3.09824e-04 
 2.53000e+02  3.58528e-04 
 2.53500e+02  3.82984e-04 
 2.54000e+02  3.18936e-04 
 2.54500e+02  2.92000e-04 
 2.55000e+02  2.83832e-04 
 2.55500e+02  2.88064e-04 
 2.56000e+02  2.55776e-04 
 2.56500e+02  2.66704e-04 
 2.57000e+02  2.20288e-04 
 2.57500e+02  1.88888e-04 
 2.58000e+02  1.67848e-04 
 2.58500e+02  1.40736e-04 
 2.59000e+02  1.34080e-04 
 2.59500e+02  1.45752e-04 
 2.60000e+02  1.40456e-04 
 2.60500e+02  1.57624e-04 
 2.61000e+02  1.59744e-04 
 2.61500e+02  1.08568e-04 
 2.62000e+02  1.02352e-04 
 2.62500e+02  8.72160e-05 
 2.63000e+02  9.28640e-05 
 2.63500e+02  8.90560e-05 
 2.64000e+02  8.36720e-05 
 2.64500e+02  8.41200e-05 
 2.65000e+02  9.81360e-05 
 2.65500e+02  9.90720e-05 
 2.66000e+02  4.53760e-05 
 2.66500e+02  3.24480e-05 
 2.67000e+02  3.65120e-05 
 2.67500e+02  3.04240e-05 
 2.68000e+02  2.12080e-05 
 2.68500e+02  1.99360e-05 
 2.69000e+02  1.88480e-05 
 2.69500e+02  2.25040e-05 
 2.70000e+02  2.86160e-05 
 2.70500e+02  3.06880e-05 
 2.71000e+02  2.20720e-05 
 2.71500e+02  1.95840e-05 
 2.72000e+02  1.70640e-05 
 2.72500e+02  1.33600e-05 
 2.73000e+02  1.36800e-05 
 2.73500e+02  1.12400e-05 
 2.74000e+02  1.35840e-05 
 2.74500e+02  1.77440e-05 
 2.75000e+02  1.33360e-05 
 2.75500e+02  7.93600e-06 
 2.76000e+02  8.64000e-06 
 2.76500e+02  7.59200e-06 
 2.77000e+02  1.08000e-05 
 2.77500e+02  1.06400e-05 
 2.78000e+02  9.30400e-06 
 2.78500e+02  7.19200e-06 
 2.79000e+02  4.60800e-06 
 2.79500e+02  6.79200e-06 
 2.80000e+02  6.62400e-06 
 2.80500e+02  3.81600e-06 
 2.81000e+02  5.52800e-06 
 2.81500e+02  2.89600e-06 
 2.82000e+02  3.32000e-06 
 2.82500e+02  5.12800e-06 
 2.83000e+02  4.76000e-06 
 2.83500e+02  2.56800e-06 
 2.84000e+02  3.09600e-06 
 2.84500e+02  4.48800e-06 
 2.85000e+02  3.46400e-06 
 2.85500e+02  4.23200e-06 
 2.86000e+02  2.64000e-06 
 2.86500e+02  3.01600e-06 
 2.87000e+02  2.64000e-06 
 2.87500e+02  2.96800e-06 
 2.88000e+02  4.66400e-06 
 2.88500e+02  2.90400e-06 
 2.89000e+02  2.09600e-06 
 2.89500e+02  2.22400e-06 
 2.90000e+02  4.24000e-07 
 2.90500e+02  4.16000e-07 
 2.91000e+02  4.08000e-07 
 2.91500e+02  4.72000e-07 
 2.92000e+02  5.36000e-07 
 2.92500e+02  5.44000e-07 
 2.93000e+02  5.76000e-07 
 2.93500e+02  5.68000e-07 
 2.94000e+02  5.92000e-07 
 2.94500e+02  6.00000e-07 
 2.95000e+02  6.24000e-07 
 2.95500e+02  6.32000e-07 
 2.96000e+02  6.56000e-07 
 2.96500e+02  6.80000e-07 
 2.97000e+02  7.36000e-07 
 2.97500e+02  8.00000e-07 
 2.98000e+02  8.24000e-07 
 2.98500e+02  1.00000e-06 
 2.99000e+02  1.42400e-06 
 2.99500e+02  7.76000e-07 
 3.00000e+02  8.16000e-07 
 3.00500e+02  8.96000e-07 
 3.01000e+02  9.92000e-07 
 3.01500e+02  1.12800e-06 
 3.02000e+02  1.05600e-06 
 3.02500e+02  8.16000e-07 
 3.03000e+02  8.80000e-07 
 3.03500e+02  5.60000e-07 
 3.04000e+02  6.16000e-07 
 3.04500e+02  6.24000e-07 
 3.05000e+02  8.00000e-07 
 3.05500e+02  4.00000e-07 
 3.06000e+02  4.88000e-07 
 3.06500e+02  5.20000e-07 
 3.07000e+02  8.48000e-07 
 3.07500e+02  1.00800e-06 
 3.08000e+02  2.16000e-07 
 3.08500e+02  2.64000e-07 
 3.09000e+02  2.72000e-07 
 3.09500e+02  3.44000e-07 
 3.10000e+02  5.60000e-07 
 3.10500e+02  7.44000e-07 
 3.11000e+02  0.00000e+00 
 3.11500e+02  0.00000e+00 
 3.12000e+02  0.00000e+00 
 3.12500e+02  0.00000e+00 
 3.13000e+02  0.00000e+00 
 3.13500e+02  0.00000e+00 
 3.14000e+02  0.00000e+00 
 3.14500e+02  0.00000e+00 
 3.15000e+02  0.00000e+00 
 3.15500e+02  0.00000e+00 
 3.16000e+02  0.00000e+00 
 3.16500e+02  0.00000e+00 
 3.17000e+02  0.00000e+00 
 3.17500e+02  0.00000e+00 
 3.18000e+02  0.00000e+00 
 3.18500e+02  0.00000e+00 
 3.19000e+02  0.00000e+00 
 3.19500e+02  0.00000e+00 
