 0.00000e+00  0.00000e+00 
 5.00000e-01  0.00000e+00 
 1.00000e+00  0.00000e+00 
 1.50000e+00  0.00000e+00 
 2.00000e+00  0.00000e+00 
 2.50000e+00  0.00000e+00 
 3.00000e+00  0.00000e+00 
 3.50000e+00  0.00000e+00 
 4.00000e+00  0.00000e+00 
 4.50000e+00  0.00000e+00 
 5.00000e+00  0.00000e+00 
 5.50000e+00  0.00000e+00 
 6.00000e+00  0.00000e+00 
 6.50000e+00  0.00000e+00 
 7.00000e+00  0.00000e+00 
 7.50000e+00  0.00000e+00 
 8.00000e+00  0.00000e+00 
 8.50000e+00  0.00000e+00 
 9.00000e+00  0.00000e+00 
 9.50000e+00  5.76000e-07 
 1.00000e+01  4.48000e-07 
 1.05000e+01  3.60000e-07 
 1.10000e+01  2.56000e-07 
 1.15000e+01  2.32000e-07 
 1.20000e+01  2.24000e-07 
 1.25000e+01  1.21600e-06 
 1.30000e+01  3.08000e-06 
 1.35000e+01  8.40000e-07 
 1.40000e+01  5.92000e-07 
 1.45000e+01  4.80000e-07 
 1.50000e+01  4.80000e-07 
 1.55000e+01  4.32000e-07 
 1.60000e+01  7.68000e-07 
 1.65000e+01  6.88000e-07 
 1.70000e+01  6.32000e-07 
 1.75000e+01  6.08000e-07 
 1.80000e+01  2.17600e-06 
 1.85000e+01  3.07200e-06 
 1.90000e+01  1.34400e-06 
 1.95000e+01  1.07200e-06 
 2.00000e+01  9.76000e-07 
 2.05000e+01  1.40800e-06 
 2.10000e+01  1.45600e-06 
 2.15000e+01  1.58400e-06 
 2.20000e+01  1.48800e-06 
 2.25000e+01  1.32800e-06 
 2.30000e+01  4.04000e-06 
 2.35000e+01  6.09600e-06 
 2.40000e+01  3.01600e-06 
 2.45000e+01  2.04000e-06 
 2.50000e+01  1.76000e-06 
 2.55000e+01  1.68800e-06 
 2.60000e+01  4.08000e-06 
 2.65000e+01  3.20800e-06 
 2.70000e+01  2.52800e-06 
 2.75000e+01  2.27200e-06 
 2.80000e+01  2.13600e-06 
 2.85000e+01  1.96800e-06 
 2.90000e+01  1.87200e-06 
 2.95000e+01  4.10400e-06 
 3.00000e+01  3.12800e-06 
 3.05000e+01  3.84800e-06 
 3.10000e+01  5.25600e-06 
 3.15000e+01  4.99200e-06 
 3.20000e+01  5.84800e-06 
 3.25000e+01  5.44800e-06 
 3.30000e+01  3.80800e-06 
 3.35000e+01  3.86400e-06 
 3.40000e+01  3.40800e-06 
 3.45000e+01  8.39200e-06 
 3.50000e+01  8.74400e-06 
 3.55000e+01  8.74400e-06 
 3.60000e+01  8.13600e-06 
 3.65000e+01  1.16240e-05 
 3.70000e+01  1.02880e-05 
 3.75000e+01  9.31200e-06 
 3.80000e+01  7.88000e-06 
 3.85000e+01  7.74400e-06 
 3.90000e+01  6.76800e-06 
 3.95000e+01  8.98400e-06 
 4.00000e+01  8.37600e-06 
 4.05000e+01  7.22400e-06 
 4.10000e+01  7.74400e-06 
 4.15000e+01  9.85600e-06 
 4.20000e+01  1.26160e-05 
 4.25000e+01  1.28560e-05 
 4.30000e+01  1.77680e-05 
 4.35000e+01  1.92160e-05 
 4.40000e+01  2.11040e-05 
 4.45000e+01  2.41120e-05 
 4.50000e+01  2.36080e-05 
 4.55000e+01  2.25280e-05 
 4.60000e+01  3.22480e-05 
 4.65000e+01  3.27280e-05 
 4.70000e+01  4.53120e-05 
 4.75000e+01  5.35520e-05 
 4.80000e+01  4.42560e-05 
 4.85000e+01  4.20320e-05 
 4.90000e+01  4.90400e-05 
 4.95000e+01  6.71920e-05 
 5.00000e+01  7.56960e-05 
 5.05000e+01  7.73760e-05 
 5.10000e+01  7.07920e-05 
 5.15000e+01  7.29360e-05 
 5.20000e+01  8.13280e-05 
 5.25000e+01  8.22320e-05 
 5.30000e+01  1.15192e-04 
 5.35000e+01  1.03592e-04 
 5.40000e+01  1.10648e-04 
 5.45000e+01  1.01952e-04 
 5.50000e+01  1.06952e-04 
 5.55000e+01  1.06992e-04 
 5.60000e+01  1.26392e-04 
 5.65000e+01  1.53560e-04 
 5.70000e+01  1.61744e-04 
 5.75000e+01  1.90112e-04 
 5.80000e+01  1.78744e-04 
 5.85000e+01  1.86592e-04 
 5.90000e+01  2.17480e-04 
 5.95000e+01  2.21736e-04 
 6.00000e+01  2.33672e-04 
 6.05000e+01  3.05240e-04 
 6.10000e+01  2.72160e-04 
 6.15000e+01  3.05224e-04 
 6.20000e+01  3.18744e-04 
 6.25000e+01  3.26152e-04 
 6.30000e+01  3.41712e-04 
 6.35000e+01  4.01552e-04 
 6.40000e+01  3.70104e-04 
 6.45000e+01  3.43312e-04 
 6.50000e+01  3.31352e-04 
 6.55000e+01  3.57784e-04 
 6.60000e+01  3.40920e-04 
 6.65000e+01  3.35544e-04 
 6.70000e+01  3.25888e-04 
 6.75000e+01  3.45368e-04 
 6.80000e+01  3.46416e-04 
 6.85000e+01  3.99888e-04 
 6.90000e+01  4.15608e-04 
 6.95000e+01  5.65192e-04 
 7.00000e+01  5.39936e-04 
 7.05000e+01  4.43176e-04 
 7.10000e+01  5.18280e-04 
 7.15000e+01  5.54016e-04 
 7.20000e+01  6.79496e-04 
 7.25000e+01  6.91072e-04 
 7.30000e+01  7.10864e-04 
 7.35000e+01  7.36144e-04 
 7.40000e+01  8.33672e-04 
 7.45000e+01  6.96392e-04 
 7.50000e+01  7.57776e-04 
 7.55000e+01  7.32184e-04 
 7.60000e+01  7.54120e-04 
 7.65000e+01  8.71072e-04 
 7.70000e+01  9.53616e-04 
 7.75000e+01  8.23896e-04 
 7.80000e+01  7.29832e-04 
 7.85000e+01  8.09384e-04 
 7.90000e+01  8.98376e-04 
 7.95000e+01  9.72280e-04 
 8.00000e+01  1.01804e-03 
 8.05000e+01  1.08338e-03 
 8.10000e+01  1.05633e-03 
 8.15000e+01  1.21056e-03 
 8.20000e+01  1.11626e-03 
 8.25000e+01  1.14783e-03 
 8.30000e+01  1.10492e-03 
 8.35000e+01  1.14934e-03 
 8.40000e+01  1.24398e-03 
 8.45000e+01  1.36659e-03 
 8.50000e+01  1.32731e-03 
 8.55000e+01  1.37558e-03 
 8.60000e+01  1.53382e-03 
 8.65000e+01  1.45861e-03 
 8.70000e+01  1.42171e-03 
 8.75000e+01  1.24593e-03 
 8.80000e+01  1.32706e-03 
 8.85000e+01  1.31915e-03 
 8.90000e+01  1.48542e-03 
 8.95000e+01  1.61666e-03 
 9.00000e+01  1.51246e-03 
 9.05000e+01  1.51103e-03 
 9.10000e+01  1.54078e-03 
 9.15000e+01  1.52410e-03 
 9.20000e+01  1.64907e-03 
 9.25000e+01  1.70178e-03 
 9.30000e+01  1.87008e-03 
 9.35000e+01  1.77618e-03 
 9.40000e+01  1.81763e-03 
 9.45000e+01  1.85048e-03 
 9.50000e+01  1.87308e-03 
 9.55000e+01  2.00443e-03 
 9.60000e+01  2.10064e-03 
 9.65000e+01  1.93262e-03 
 9.70000e+01  1.89463e-03 
 9.75000e+01  1.98455e-03 
 9.80000e+01  2.12742e-03 
 9.85000e+01  2.21721e-03 
 9.90000e+01  2.36192e-03 
 9.95000e+01  2.52611e-03 
 1.00000e+02  2.35091e-03 
 1.00500e+02  2.22211e-03 
 1.01000e+02  2.21843e-03 
 1.01500e+02  2.19062e-03 
 1.02000e+02  2.26420e-03 
 1.02500e+02  2.18094e-03 
 1.03000e+02  2.22707e-03 
 1.03500e+02  2.52108e-03 
 1.04000e+02  2.81677e-03 
 1.04500e+02  3.16473e-03 
 1.05000e+02  3.04535e-03 
 1.05500e+02  3.18391e-03 
 1.06000e+02  3.30226e-03 
 1.06500e+02  3.30936e-03 
 1.07000e+02  3.43594e-03 
 1.07500e+02  3.57410e-03 
 1.08000e+02  3.93074e-03 
 1.08500e+02  3.90206e-03 
 1.09000e+02  4.04580e-03 
 1.09500e+02  4.10850e-03 
 1.10000e+02  4.19283e-03 
 1.10500e+02  4.27743e-03 
 1.11000e+02  4.26440e-03 
 1.11500e+02  4.55392e-03 
 1.12000e+02  4.26833e-03 
 1.12500e+02  4.33958e-03 
 1.13000e+02  4.67490e-03 
 1.13500e+02  4.92209e-03 
 1.14000e+02  5.26447e-03 
 1.14500e+02  4.89187e-03 
 1.15000e+02  5.24204e-03 
 1.15500e+02  5.48694e-03 
 1.16000e+02  5.51775e-03 
 1.16500e+02  5.64419e-03 
 1.17000e+02  5.86141e-03 
 1.17500e+02  6.03702e-03 
 1.18000e+02  6.27510e-03 
 1.18500e+02  5.89574e-03 
 1.19000e+02  5.84234e-03 
 1.19500e+02  5.78667e-03 
 1.20000e+02  6.10919e-03 
 1.20500e+02  6.13645e-03 
 1.21000e+02  5.90162e-03 
 1.21500e+02  6.24178e-03 
 1.22000e+02  6.41944e-03 
 1.22500e+02  6.61147e-03 
 1.23000e+02  6.44274e-03 
 1.23500e+02  6.61821e-03 
 1.24000e+02  6.45363e-03 
 1.24500e+02  6.21398e-03 
 1.25000e+02  6.19220e-03 
 1.25500e+02  6.30566e-03 
 1.26000e+02  6.99639e-03 
 1.26500e+02  6.90107e-03 
 1.27000e+02  6.92504e-03 
 1.27500e+02  6.88426e-03 
 1.28000e+02  7.31217e-03 
 1.28500e+02  7.59002e-03 
 1.29000e+02  7.58759e-03 
 1.29500e+02  8.03682e-03 
 1.30000e+02  8.15596e-03 
 1.30500e+02  7.89722e-03 
 1.31000e+02  7.70980e-03 
 1.31500e+02  8.16114e-03 
 1.32000e+02  8.30283e-03 
 1.32500e+02  8.38133e-03 
 1.33000e+02  8.28390e-03 
 1.33500e+02  8.14633e-03 
 1.34000e+02  7.88662e-03 
 1.34500e+02  8.26763e-03 
 1.35000e+02  8.25897e-03 
 1.35500e+02  8.11014e-03 
 1.36000e+02  8.06245e-03 
 1.36500e+02  8.05078e-03 
 1.37000e+02  8.09318e-03 
 1.37500e+02  8.45495e-03 
 1.38000e+02  8.46023e-03 
 1.38500e+02  8.43862e-03 
 1.39000e+02  8.21042e-03 
 1.39500e+02  8.58470e-03 
 1.40000e+02  8.18786e-03 
 1.40500e+02  8.35558e-03 
 1.41000e+02  8.37768e-03 
 1.41500e+02  8.46214e-03 
 1.42000e+02  8.82700e-03 
 1.42500e+02  8.86010e-03 
 1.43000e+02  9.12194e-03 
 1.43500e+02  9.70211e-03 
 1.44000e+02  8.86859e-03 
 1.44500e+02  8.52722e-03 
 1.45000e+02  8.53182e-03 
 1.45500e+02  9.09983e-03 
 1.46000e+02  8.90017e-03 
 1.46500e+02  9.12511e-03 
 1.47000e+02  9.02068e-03 
 1.47500e+02  8.90393e-03 
 1.48000e+02  8.74113e-03 
 1.48500e+02  9.14015e-03 
 1.49000e+02  9.19751e-03 
 1.49500e+02  9.45513e-03 
 1.50000e+02  9.19762e-03 
 1.50500e+02  9.49818e-03 
 1.51000e+02  9.64683e-03 
 1.51500e+02  9.40345e-03 
 1.52000e+02  9.03374e-03 
 1.52500e+02  9.17323e-03 
 1.53000e+02  9.36558e-03 
 1.53500e+02  9.76537e-03 
 1.54000e+02  9.97221e-03 
 1.54500e+02  9.98656e-03 
 1.55000e+02  9.38254e-03 
 1.55500e+02  9.46683e-03 
 1.56000e+02  9.43268e-03 
 1.56500e+02  9.02563e-03 
 1.57000e+02  9.44816e-03 
 1.57500e+02  9.44102e-03 
 1.58000e+02  9.32191e-03 
 1.58500e+02  9.77146e-03 
 1.59000e+02  9.73564e-03 
 1.59500e+02  9.71250e-03 
 1.60000e+02  9.56178e-03 
 1.60500e+02  9.75659e-03 
 1.61000e+02  9.89099e-03 
 1.61500e+02  9.79468e-03 
 1.62000e+02  9.83200e-03 
 1.62500e+02  9.58129e-03 
 1.63000e+02  9.62046e-03 
 1.63500e+02  9.67237e-03 
 1.64000e+02  9.17671e-03 
 1.64500e+02  9.49576e-03 
 1.65000e+02  9.27717e-03 
 1.65500e+02  9.07113e-03 
 1.66000e+02  9.56632e-03 
 1.66500e+02  9.40945e-03 
 1.67000e+02  9.46465e-03 
 1.67500e+02  9.35188e-03 
 1.68000e+02  9.44126e-03 
 1.68500e+02  8.94487e-03 
 1.69000e+02  8.58363e-03 
 1.69500e+02  8.81874e-03 
 1.70000e+02  8.68974e-03 
 1.70500e+02  8.87286e-03 
 1.71000e+02  9.36358e-03 
 1.71500e+02  9.95694e-03 
 1.72000e+02  9.07778e-03 
 1.72500e+02  9.06110e-03 
 1.73000e+02  8.75644e-03 
 1.73500e+02  9.17933e-03 
 1.74000e+02  9.06234e-03 
 1.74500e+02  9.20511e-03 
 1.75000e+02  9.23233e-03 
 1.75500e+02  9.19070e-03 
 1.76000e+02  8.71103e-03 
 1.76500e+02  8.75139e-03 
 1.77000e+02  9.00919e-03 
 1.77500e+02  8.95354e-03 
 1.78000e+02  9.00362e-03 
 1.78500e+02  8.73218e-03 
 1.79000e+02  8.59490e-03 
 1.79500e+02  8.53220e-03 
 1.80000e+02  8.79640e-03 
 1.80500e+02  8.50960e-03 
 1.81000e+02  8.74675e-03 
 1.81500e+02  8.59674e-03 
 1.82000e+02  8.43042e-03 
 1.82500e+02  8.11574e-03 
 1.83000e+02  7.88338e-03 
 1.83500e+02  8.12986e-03 
 1.84000e+02  8.08274e-03 
 1.84500e+02  7.78286e-03 
 1.85000e+02  7.46179e-03 
 1.85500e+02  7.42401e-03 
 1.86000e+02  7.44803e-03 
 1.86500e+02  7.71841e-03 
 1.87000e+02  7.69651e-03 
 1.87500e+02  7.53326e-03 
 1.88000e+02  7.66361e-03 
 1.88500e+02  7.20046e-03 
 1.89000e+02  7.46819e-03 
 1.89500e+02  7.61730e-03 
 1.90000e+02  7.49900e-03 
 1.90500e+02  7.20304e-03 
 1.91000e+02  6.76136e-03 
 1.91500e+02  6.35934e-03 
 1.92000e+02  6.54042e-03 
 1.92500e+02  6.56991e-03 
 1.93000e+02  6.29508e-03 
 1.93500e+02  6.46470e-03 
 1.94000e+02  6.36554e-03 
 1.94500e+02  6.71118e-03 
 1.95000e+02  6.40510e-03 
 1.95500e+02  6.20658e-03 
 1.96000e+02  6.44096e-03 
 1.96500e+02  6.39750e-03 
 1.97000e+02  6.18003e-03 
 1.97500e+02  5.82560e-03 
 1.98000e+02  5.66964e-03 
 1.98500e+02  5.46359e-03 
 1.99000e+02  5.48735e-03 
 1.99500e+02  5.47662e-03 
 2.00000e+02  5.10447e-03 
 2.00500e+02  5.53583e-03 
 2.01000e+02  5.24743e-03 
 2.01500e+02  5.24319e-03 
 2.02000e+02  5.25134e-03 
 2.02500e+02  5.01200e-03 
 2.03000e+02  4.67017e-03 
 2.03500e+02  4.63025e-03 
 2.04000e+02  4.87150e-03 
 2.04500e+02  4.63619e-03 
 2.05000e+02  4.94610e-03 
 2.05500e+02  5.03196e-03 
 2.06000e+02  4.72990e-03 
 2.06500e+02  4.87771e-03 
 2.07000e+02  4.60757e-03 
 2.07500e+02  4.69990e-03 
 2.08000e+02  4.40678e-03 
 2.08500e+02  4.72302e-03 
 2.09000e+02  4.61068e-03 
 2.09500e+02  4.46565e-03 
 2.10000e+02  4.10972e-03 
 2.10500e+02  4.27764e-03 
 2.11000e+02  4.20853e-03 
 2.11500e+02  4.21118e-03 
 2.12000e+02  4.13524e-03 
 2.12500e+02  3.79452e-03 
 2.13000e+02  3.67074e-03 
 2.13500e+02  3.35488e-03 
 2.14000e+02  3.30853e-03 
 2.14500e+02  3.26427e-03 
 2.15000e+02  3.13058e-03 
 2.15500e+02  2.94546e-03 
 2.16000e+02  2.96707e-03 
 2.16500e+02  2.83135e-03 
 2.17000e+02  2.96666e-03 
 2.17500e+02  2.74990e-03 
 2.18000e+02  2.87642e-03 
 2.18500e+02  2.92718e-03 
 2.19000e+02  2.89891e-03 
 2.19500e+02  2.81254e-03 
 2.20000e+02  2.63167e-03 
 2.20500e+02  2.56670e-03 
 2.21000e+02  2.39560e-03 
 2.21500e+02  2.39299e-03 
 2.22000e+02  2.44194e-03 
 2.22500e+02  2.23501e-03 
 2.23000e+02  2.24887e-03 
 2.23500e+02  2.14076e-03 
 2.24000e+02  2.14155e-03 
 2.24500e+02  2.14002e-03 
 2.25000e+02  2.16884e-03 
 2.25500e+02  2.05818e-03 
 2.26000e+02  1.77633e-03 
 2.26500e+02  1.65514e-03 
 2.27000e+02  1.64736e-03 
 2.27500e+02  1.76570e-03 
 2.28000e+02  1.75002e-03 
 2.28500e+02  1.51492e-03 
 2.29000e+02  1.63816e-03 
 2.29500e+02  1.59571e-03 
 2.30000e+02  1.57866e-03 
 2.30500e+02  1.58046e-03 
 2.31000e+02  1.41833e-03 
 2.31500e+02  1.28874e-03 
 2.32000e+02  1.38510e-03 
 2.32500e+02  1.30750e-03 
 2.33000e+02  1.27551e-03 
 2.33500e+02  1.37415e-03 
 2.34000e+02  1.25956e-03 
 2.34500e+02  1.28580e-03 
 2.35000e+02  1.16969e-03 
 2.35500e+02  1.07136e-03 
 2.36000e+02  1.03835e-03 
 2.36500e+02  9.40600e-04 
 2.37000e+02  9.26496e-04 
 2.37500e+02  9.64768e-04 
 2.38000e+02  8.67344e-04 
 2.38500e+02  9.61416e-04 
 2.39000e+02  9.33512e-04 
 2.39500e+02  9.14792e-04 
 2.40000e+02  8.88472e-04 
 2.40500e+02  8.67312e-04 
 2.41000e+02  8.50056e-04 
 2.41500e+02  7.95888e-04 
 2.42000e+02  7.70272e-04 
 2.42500e+02  7.68000e-04 
 2.43000e+02  7.68416e-04 
 2.43500e+02  7.33680e-04 
 2.44000e+02  6.79928e-04 
 2.44500e+02  6.65376e-04 
 2.45000e+02  6.54640e-04 
 2.45500e+02  6.65152e-04 
 2.46000e+02  6.38072e-04 
 2.46500e+02  6.75136e-04 
 2.47000e+02  6.07120e-04 
 2.47500e+02  5.86624e-04 
 2.48000e+02  5.35160e-04 
 2.48500e+02  5.50376e-04 
 2.49000e+02  5.89600e-04 
 2.49500e+02  5.65672e-04 
 2.50000e+02  5.57864e-04 
 2.50500e+02  4.91104e-04 
 2.51000e+02  4.97016e-04 
 2.51500e+02  5.20640e-04 
 2.52000e+02  4.56824e-04 
 2.52500e+02  4.96864e-04 
 2.53000e+02  4.97768e-04 
 2.53500e+02  3.92688e-04 
 2.54000e+02  3.90088e-04 
 2.54500e+02  3.22832e-04 
 2.55000e+02  3.42384e-04 
 2.55500e+02  3.44096e-04 
 2.56000e+02  3.25928e-04 
 2.56500e+02  2.74104e-04 
 2.57000e+02  2.54632e-04 
 2.57500e+02  2.25184e-04 
 2.58000e+02  2.42864e-04 
 2.58500e+02  2.50200e-04 
 2.59000e+02  2.21760e-04 
 2.59500e+02  2.06104e-04 
 2.60000e+02  2.02424e-04 
 2.60500e+02  2.04192e-04 
 2.61000e+02  1.91416e-04 
 2.61500e+02  1.71736e-04 
 2.62000e+02  1.37744e-04 
 2.62500e+02  1.32512e-04 
 2.63000e+02  1.19680e-04 
 2.63500e+02  1.06576e-04 
 2.64000e+02  1.12024e-04 
 2.64500e+02  1.06112e-04 
 2.65000e+02  1.07552e-04 
 2.65500e+02  9.80560e-05 
 2.66000e+02  7.46880e-05 
 2.66500e+02  6.03040e-05 
 2.67000e+02  6.36160e-05 
 2.67500e+02  7.42880e-05 
 2.68000e+02  6.17600e-05 
 2.68500e+02  5.95760e-05 
 2.69000e+02  6.00800e-05 
 2.69500e+02  5.91040e-05 
 2.70000e+02  5.95200e-05 
 2.70500e+02  4.72400e-05 
 2.71000e+02  4.63680e-05 
 2.71500e+02  3.51600e-05 
 2.72000e+02  3.36080e-05 
 2.72500e+02  3.42640e-05 
 2.73000e+02  2.82640e-05 
 2.73500e+02  2.50000e-05 
 2.74000e+02  2.39520e-05 
 2.74500e+02  2.50480e-05 
 2.75000e+02  2.52960e-05 
 2.75500e+02  1.77680e-05 
 2.76000e+02  2.01120e-05 
 2.76500e+02  2.14320e-05 
 2.77000e+02  1.52880e-05 
 2.77500e+02  1.79760e-05 
 2.78000e+02  1.35600e-05 
 2.78500e+02  1.48400e-05 
 2.79000e+02  9.14400e-06 
 2.79500e+02  9.59200e-06 
 2.80000e+02  1.23440e-05 
 2.80500e+02  1.22160e-05 
 2.81000e+02  1.10640e-05 
 2.81500e+02  1.21200e-05 
 2.82000e+02  1.39200e-05 
 2.82500e+02  1.30320e-05 
 2.83000e+02  8.76000e-06 
 2.83500e+02  5.96800e-06 
 2.84000e+02  5.39200e-06 
 2.84500e+02  4.68800e-06 
 2.85000e+02  4.21600e-06 
 2.85500e+02  4.55200e-06 
 2.86000e+02  4.49600e-06 
 2.86500e+02  4.72800e-06 
 2.87000e+02  4.96000e-06 
 2.87500e+02  6.08800e-06 
 2.88000e+02  4.73600e-06 
 2.88500e+02  4.56000e-06 
 2.89000e+02  4.21600e-06 
 2.89500e+02  4.61600e-06 
 2.90000e+02  5.14400e-06 
 2.90500e+02  7.00800e-06 
 2.91000e+02  6.10400e-06 
 2.91500e+02  4.64000e-06 
 2.92000e+02  4.87200e-06 
 2.92500e+02  5.49600e-06 
 2.93000e+02  2.61600e-06 
 2.93500e+02  3.80000e-06 
 2.94000e+02  1.65600e-06 
 2.94500e+02  1.72000e-06 
 2.95000e+02  1.85600e-06 
 2.95500e+02  2.15200e-06 
 2.96000e+02  2.32000e-06 
 2.96500e+02  2.24000e-06 
 2.97000e+02  3.60800e-06 
 2.97500e+02  2.72800e-06 
 2.98000e+02  1.90400e-06 
 2.98500e+02  1.16000e-06 
 2.99000e+02  1.26400e-06 
 2.99500e+02  1.54400e-06 
 3.00000e+02  2.06400e-06 
 3.00500e+02  1.19200e-06 
 3.01000e+02  9.36000e-07 
 3.01500e+02  4.64000e-07 
 3.02000e+02  5.04000e-07 
 3.02500e+02  5.36000e-07 
 3.03000e+02  7.52000e-07 
 3.03500e+02  2.88000e-07 
 3.04000e+02  2.40000e-07 
 3.04500e+02  2.56000e-07 
 3.05000e+02  2.56000e-07 
 3.05500e+02  2.72000e-07 
 3.06000e+02  3.04000e-07 
 3.06500e+02  3.20000e-07 
 3.07000e+02  3.20000e-07 
 3.07500e+02  3.52000e-07 
 3.08000e+02  4.16000e-07 
 3.08500e+02  4.72000e-07 
 3.09000e+02  6.56000e-07 
 3.09500e+02  1.17600e-06 
 3.10000e+02  1.52000e-07 
 3.10500e+02  1.52000e-07 
 3.11000e+02  1.60000e-07 
 3.11500e+02  1.60000e-07 
 3.12000e+02  1.84000e-07 
 3.12500e+02  2.16000e-07 
 3.13000e+02  2.32000e-07 
 3.13500e+02  2.40000e-07 
 3.14000e+02  3.12000e-07 
 3.14500e+02  4.40000e-07 
 3.15000e+02  7.84000e-07 
 3.15500e+02  0.00000e+00 
 3.16000e+02  0.00000e+00 
 3.16500e+02  0.00000e+00 
 3.17000e+02  0.00000e+00 
 3.17500e+02  0.00000e+00 
 3.18000e+02  0.00000e+00 
 3.18500e+02  0.00000e+00 
 3.19000e+02  0.00000e+00 
 3.19500e+02  0.00000e+00 
