 0.00000e+00  0.00000e+00 
 5.00000e-01  0.00000e+00 
 1.00000e+00  0.00000e+00 
 1.50000e+00  0.00000e+00 
 2.00000e+00  0.00000e+00 
 2.50000e+00  0.00000e+00 
 3.00000e+00  0.00000e+00 
 3.50000e+00  0.00000e+00 
 4.00000e+00  0.00000e+00 
 4.50000e+00  0.00000e+00 
 5.00000e+00  0.00000e+00 
 5.50000e+00  0.00000e+00 
 6.00000e+00  0.00000e+00 
 6.50000e+00  0.00000e+00 
 7.00000e+00  0.00000e+00 
 7.50000e+00  0.00000e+00 
 8.00000e+00  0.00000e+00 
 8.50000e+00  0.00000e+00 
 9.00000e+00  0.00000e+00 
 9.50000e+00  0.00000e+00 
 1.00000e+01  1.16000e-06 
 1.05000e+01  4.40000e-07 
 1.10000e+01  2.96000e-07 
 1.15000e+01  2.80000e-07 
 1.20000e+01  2.32000e-07 
 1.25000e+01  1.92000e-07 
 1.30000e+01  1.84000e-07 
 1.35000e+01  1.84000e-07 
 1.40000e+01  1.76000e-07 
 1.45000e+01  1.60000e-07 
 1.50000e+01  1.36000e-07 
 1.55000e+01  1.44000e-07 
 1.60000e+01  1.36000e-07 
 1.65000e+01  1.36000e-07 
 1.70000e+01  1.28000e-07 
 1.75000e+01  1.28000e-07 
 1.80000e+01  1.28800e-06 
 1.85000e+01  8.88000e-07 
 1.90000e+01  5.28000e-07 
 1.95000e+01  3.92000e-07 
 2.00000e+01  3.60000e-07 
 2.05000e+01  4.64000e-07 
 2.10000e+01  1.31200e-06 
 2.15000e+01  9.20000e-07 
 2.20000e+01  6.80000e-07 
 2.25000e+01  6.00000e-07 
 2.30000e+01  1.32800e-06 
 2.35000e+01  1.03200e-06 
 2.40000e+01  2.72000e-06 
 2.45000e+01  2.22400e-06 
 2.50000e+01  1.83200e-06 
 2.55000e+01  4.18400e-06 
 2.60000e+01  2.95200e-06 
 2.65000e+01  2.15200e-06 
 2.70000e+01  2.12800e-06 
 2.75000e+01  3.74400e-06 
 2.80000e+01  3.86400e-06 
 2.85000e+01  5.11200e-06 
 2.90000e+01  5.05600e-06 
 2.95000e+01  4.64800e-06 
 3.00000e+01  3.66400e-06 
 3.05000e+01  7.70400e-06 
 3.10000e+01  4.76800e-06 
 3.15000e+01  3.72800e-06 
 3.20000e+01  3.44000e-06 
 3.25000e+01  7.62400e-06 
 3.30000e+01  8.45600e-06 
 3.35000e+01  1.05360e-05 
 3.40000e+01  1.20160e-05 
 3.45000e+01  1.19440e-05 
 3.50000e+01  8.20800e-06 
 3.55000e+01  9.04800e-06 
 3.60000e+01  8.96800e-06 
 3.65000e+01  6.88800e-06 
 3.70000e+01  6.47200e-06 
 3.75000e+01  8.52000e-06 
 3.80000e+01  7.50400e-06 
 3.85000e+01  9.98400e-06 
 3.90000e+01  8.75200e-06 
 3.95000e+01  9.23200e-06 
 4.00000e+01  9.49600e-06 
 4.05000e+01  1.00000e-05 
 4.10000e+01  1.30640e-05 
 4.15000e+01  1.58160e-05 
 4.20000e+01  1.71920e-05 
 4.25000e+01  1.51840e-05 
 4.30000e+01  1.24400e-05 
 4.35000e+01  1.76640e-05 
 4.40000e+01  1.48400e-05 
 4.45000e+01  2.30080e-05 
 4.50000e+01  2.68800e-05 
 4.55000e+01  2.81280e-05 
 4.60000e+01  2.31840e-05 
 4.65000e+01  3.57440e-05 
 4.70000e+01  3.37920e-05 
 4.75000e+01  2.87840e-05 
 4.80000e+01  2.91280e-05 
 4.85000e+01  3.10960e-05 
 4.90000e+01  4.05200e-05 
 4.95000e+01  5.16320e-05 
 5.00000e+01  5.60320e-05 
 5.05000e+01  4.39200e-05 
 5.10000e+01  7.14800e-05 
 5.15000e+01  7.27280e-05 
 5.20000e+01  6.93200e-05 
 5.25000e+01  7.72160e-05 
 5.30000e+01  9.16160e-05 
 5.35000e+01  1.02352e-04 
 5.40000e+01  1.02064e-04 
 5.45000e+01  1.13608e-04 
 5.50000e+01  1.28808e-04 
 5.55000e+01  1.43392e-04 
 5.60000e+01  1.39520e-04 
 5.65000e+01  1.39784e-04 
 5.70000e+01  1.67440e-04 
 5.75000e+01  1.96536e-04 
 5.80000e+01  2.05144e-04 
 5.85000e+01  2.05872e-04 
 5.90000e+01  2.15072e-04 
 5.95000e+01  2.23704e-04 
 6.00000e+01  2.24432e-04 
 6.05000e+01  2.52408e-04 
 6.10000e+01  2.49992e-04 
 6.15000e+01  2.60728e-04 
 6.20000e+01  2.86920e-04 
 6.25000e+01  2.87624e-04 
 6.30000e+01  2.61176e-04 
 6.35000e+01  3.35872e-04 
 6.40000e+01  3.35856e-04 
 6.45000e+01  3.22944e-04 
 6.50000e+01  3.39048e-04 
 6.55000e+01  3.50912e-04 
 6.60000e+01  3.38992e-04 
 6.65000e+01  4.24032e-04 
 6.70000e+01  3.80272e-04 
 6.75000e+01  4.05736e-04 
 6.80000e+01  4.39896e-04 
 6.85000e+01  5.20080e-04 
 6.90000e+01  5.26216e-04 
 6.95000e+01  5.55776e-04 
 7.00000e+01  5.51864e-04 
 7.05000e+01  5.40112e-04 
 7.10000e+01  5.16360e-04 
 7.15000e+01  5.37896e-04 
 7.20000e+01  5.67864e-04 
 7.25000e+01  5.13424e-04 
 7.30000e+01  5.48288e-04 
 7.35000e+01  5.54216e-04 
 7.40000e+01  5.83448e-04 
 7.45000e+01  5.66320e-04 
 7.50000e+01  6.21064e-04 
 7.55000e+01  5.87232e-04 
 7.60000e+01  6.67552e-04 
 7.65000e+01  7.42152e-04 
 7.70000e+01  6.77648e-04 
 7.75000e+01  7.53160e-04 
 7.80000e+01  8.21192e-04 
 7.85000e+01  8.78280e-04 
 7.90000e+01  8.98800e-04 
 7.95000e+01  9.62024e-04 
 8.00000e+01  9.69440e-04 
 8.05000e+01  1.02383e-03 
 8.10000e+01  1.05273e-03 
 8.15000e+01  1.07828e-03 
 8.20000e+01  1.08790e-03 
 8.25000e+01  1.06721e-03 
 8.30000e+01  1.20614e-03 
 8.35000e+01  1.25030e-03 
 8.40000e+01  1.20309e-03 
 8.45000e+01  1.16010e-03 
 8.50000e+01  1.32710e-03 
 8.55000e+01  1.35113e-03 
 8.60000e+01  1.40449e-03 
 8.65000e+01  1.50219e-03 
 8.70000e+01  1.41978e-03 
 8.75000e+01  1.37354e-03 
 8.80000e+01  1.36823e-03 
 8.85000e+01  1.47845e-03 
 8.90000e+01  1.40499e-03 
 8.95000e+01  1.52118e-03 
 9.00000e+01  1.57318e-03 
 9.05000e+01  1.44500e-03 
 9.10000e+01  1.54521e-03 
 9.15000e+01  1.54133e-03 
 9.20000e+01  1.63593e-03 
 9.25000e+01  1.69102e-03 
 9.30000e+01  1.83257e-03 
 9.35000e+01  1.73559e-03 
 9.40000e+01  2.01352e-03 
 9.45000e+01  2.08910e-03 
 9.50000e+01  2.11234e-03 
 9.55000e+01  2.01578e-03 
 9.60000e+01  1.95606e-03 
 9.65000e+01  1.90473e-03 
 9.70000e+01  1.96867e-03 
 9.75000e+01  2.01670e-03 
 9.80000e+01  2.11196e-03 
 9.85000e+01  2.16327e-03 
 9.90000e+01  2.15576e-03 
 9.95000e+01  2.27054e-03 
 1.00000e+02  2.42662e-03 
 1.00500e+02  2.57518e-03 
 1.01000e+02  2.74370e-03 
 1.01500e+02  2.77366e-03 
 1.02000e+02  2.90266e-03 
 1.02500e+02  2.88396e-03 
 1.03000e+02  3.11008e-03 
 1.03500e+02  3.06047e-03 
 1.04000e+02  3.30419e-03 
 1.04500e+02  3.56118e-03 
 1.05000e+02  3.52353e-03 
 1.05500e+02  3.58862e-03 
 1.06000e+02  3.67448e-03 
 1.06500e+02  3.67593e-03 
 1.07000e+02  3.64412e-03 
 1.07500e+02  4.11110e-03 
 1.08000e+02  4.13840e-03 
 1.08500e+02  4.29546e-03 
 1.09000e+02  4.12510e-03 
 1.09500e+02  4.18657e-03 
 1.10000e+02  4.19094e-03 
 1.10500e+02  4.79497e-03 
 1.11000e+02  4.95927e-03 
 1.11500e+02  5.32698e-03 
 1.12000e+02  5.13315e-03 
 1.12500e+02  4.81569e-03 
 1.13000e+02  4.85017e-03 
 1.13500e+02  4.94421e-03 
 1.14000e+02  5.05597e-03 
 1.14500e+02  5.23774e-03 
 1.15000e+02  5.37070e-03 
 1.15500e+02  5.43375e-03 
 1.16000e+02  5.55340e-03 
 1.16500e+02  5.88426e-03 
 1.17000e+02  5.74531e-03 
 1.17500e+02  5.61499e-03 
 1.18000e+02  6.05878e-03 
 1.18500e+02  6.09123e-03 
 1.19000e+02  6.27134e-03 
 1.19500e+02  5.99021e-03 
 1.20000e+02  6.21906e-03 
 1.20500e+02  6.03334e-03 
 1.21000e+02  6.16818e-03 
 1.21500e+02  6.52344e-03 
 1.22000e+02  6.74236e-03 
 1.22500e+02  6.73789e-03 
 1.23000e+02  6.71338e-03 
 1.23500e+02  6.85487e-03 
 1.24000e+02  6.72715e-03 
 1.24500e+02  6.91918e-03 
 1.25000e+02  6.97202e-03 
 1.25500e+02  6.96960e-03 
 1.26000e+02  7.05284e-03 
 1.26500e+02  7.07957e-03 
 1.27000e+02  7.05955e-03 
 1.27500e+02  7.17721e-03 
 1.28000e+02  7.39617e-03 
 1.28500e+02  7.52245e-03 
 1.29000e+02  7.46416e-03 
 1.29500e+02  7.41101e-03 
 1.30000e+02  7.58028e-03 
 1.30500e+02  7.22836e-03 
 1.31000e+02  7.63962e-03 
 1.31500e+02  7.51516e-03 
 1.32000e+02  7.67442e-03 
 1.32500e+02  7.97664e-03 
 1.33000e+02  7.58063e-03 
 1.33500e+02  7.40075e-03 
 1.34000e+02  7.60446e-03 
 1.34500e+02  8.00817e-03 
 1.35000e+02  8.37543e-03 
 1.35500e+02  8.39143e-03 
 1.36000e+02  8.23334e-03 
 1.36500e+02  8.29386e-03 
 1.37000e+02  8.26692e-03 
 1.37500e+02  8.36482e-03 
 1.38000e+02  8.64437e-03 
 1.38500e+02  8.63182e-03 
 1.39000e+02  8.61980e-03 
 1.39500e+02  8.57376e-03 
 1.40000e+02  8.36698e-03 
 1.40500e+02  9.03687e-03 
 1.41000e+02  8.79925e-03 
 1.41500e+02  8.79342e-03 
 1.42000e+02  9.06920e-03 
 1.42500e+02  8.93522e-03 
 1.43000e+02  8.96219e-03 
 1.43500e+02  8.91182e-03 
 1.44000e+02  8.88600e-03 
 1.44500e+02  8.94547e-03 
 1.45000e+02  8.37718e-03 
 1.45500e+02  9.04484e-03 
 1.46000e+02  9.45583e-03 
 1.46500e+02  9.63200e-03 
 1.47000e+02  9.20947e-03 
 1.47500e+02  9.11826e-03 
 1.48000e+02  9.75397e-03 
 1.48500e+02  9.05644e-03 
 1.49000e+02  8.74484e-03 
 1.49500e+02  9.04538e-03 
 1.50000e+02  9.68132e-03 
 1.50500e+02  8.67445e-03 
 1.51000e+02  8.87990e-03 
 1.51500e+02  8.89483e-03 
 1.52000e+02  9.17266e-03 
 1.52500e+02  9.03834e-03 
 1.53000e+02  9.55136e-03 
 1.53500e+02  9.69415e-03 
 1.54000e+02  1.00508e-02 
 1.54500e+02  1.02128e-02 
 1.55000e+02  9.82344e-03 
 1.55500e+02  9.92521e-03 
 1.56000e+02  1.01374e-02 
 1.56500e+02  9.77578e-03 
 1.57000e+02  9.60555e-03 
 1.57500e+02  9.16980e-03 
 1.58000e+02  9.56989e-03 
 1.58500e+02  9.85191e-03 
 1.59000e+02  9.66021e-03 
 1.59500e+02  9.11638e-03 
 1.60000e+02  8.99871e-03 
 1.60500e+02  8.94113e-03 
 1.61000e+02  8.93345e-03 
 1.61500e+02  9.24326e-03 
 1.62000e+02  9.48826e-03 
 1.62500e+02  9.42898e-03 
 1.63000e+02  9.22353e-03 
 1.63500e+02  9.18058e-03 
 1.64000e+02  9.60319e-03 
 1.64500e+02  9.67832e-03 
 1.65000e+02  9.24516e-03 
 1.65500e+02  8.59940e-03 
 1.66000e+02  8.96834e-03 
 1.66500e+02  8.86780e-03 
 1.67000e+02  8.83453e-03 
 1.67500e+02  9.53142e-03 
 1.68000e+02  9.60794e-03 
 1.68500e+02  9.79649e-03 
 1.69000e+02  9.57771e-03 
 1.69500e+02  9.07298e-03 
 1.70000e+02  9.19082e-03 
 1.70500e+02  9.32287e-03 
 1.71000e+02  9.33230e-03 
 1.71500e+02  9.21449e-03 
 1.72000e+02  9.44047e-03 
 1.72500e+02  9.62619e-03 
 1.73000e+02  8.69498e-03 
 1.73500e+02  9.01794e-03 
 1.74000e+02  8.84410e-03 
 1.74500e+02  8.79182e-03 
 1.75000e+02  8.84684e-03 
 1.75500e+02  8.91094e-03 
 1.76000e+02  8.25028e-03 
 1.76500e+02  8.61798e-03 
 1.77000e+02  8.93012e-03 
 1.77500e+02  8.99728e-03 
 1.78000e+02  9.51880e-03 
 1.78500e+02  9.67166e-03 
 1.79000e+02  9.34070e-03 
 1.79500e+02  9.14723e-03 
 1.80000e+02  8.94145e-03 
 1.80500e+02  8.62926e-03 
 1.81000e+02  8.80616e-03 
 1.81500e+02  8.55928e-03 
 1.82000e+02  8.20570e-03 
 1.82500e+02  8.14349e-03 
 1.83000e+02  7.75819e-03 
 1.83500e+02  8.00794e-03 
 1.84000e+02  8.06914e-03 
 1.84500e+02  7.90484e-03 
 1.85000e+02  8.08414e-03 
 1.85500e+02  7.85910e-03 
 1.86000e+02  7.87530e-03 
 1.86500e+02  7.46767e-03 
 1.87000e+02  7.79367e-03 
 1.87500e+02  7.51463e-03 
 1.88000e+02  7.65737e-03 
 1.88500e+02  7.77555e-03 
 1.89000e+02  7.57850e-03 
 1.89500e+02  7.60020e-03 
 1.90000e+02  7.47119e-03 
 1.90500e+02  7.61912e-03 
 1.91000e+02  7.18729e-03 
 1.91500e+02  7.54548e-03 
 1.92000e+02  7.49314e-03 
 1.92500e+02  7.03639e-03 
 1.93000e+02  6.96034e-03 
 1.93500e+02  7.24402e-03 
 1.94000e+02  7.01693e-03 
 1.94500e+02  6.77974e-03 
 1.95000e+02  6.70851e-03 
 1.95500e+02  6.24141e-03 
 1.96000e+02  6.62067e-03 
 1.96500e+02  6.58029e-03 
 1.97000e+02  6.24469e-03 
 1.97500e+02  5.99919e-03 
 1.98000e+02  6.07207e-03 
 1.98500e+02  6.43586e-03 
 1.99000e+02  6.24776e-03 
 1.99500e+02  6.33874e-03 
 2.00000e+02  6.64433e-03 
 2.00500e+02  6.39414e-03 
 2.01000e+02  6.49024e-03 
 2.01500e+02  6.13325e-03 
 2.02000e+02  6.10930e-03 
 2.02500e+02  5.78458e-03 
 2.03000e+02  5.25798e-03 
 2.03500e+02  5.36998e-03 
 2.04000e+02  5.44430e-03 
 2.04500e+02  5.56325e-03 
 2.05000e+02  5.53874e-03 
 2.05500e+02  5.66289e-03 
 2.06000e+02  5.22214e-03 
 2.06500e+02  5.39438e-03 
 2.07000e+02  4.80141e-03 
 2.07500e+02  4.94079e-03 
 2.08000e+02  4.55539e-03 
 2.08500e+02  5.02189e-03 
 2.09000e+02  4.61441e-03 
 2.09500e+02  4.40428e-03 
 2.10000e+02  4.58871e-03 
 2.10500e+02  4.45215e-03 
 2.11000e+02  4.19141e-03 
 2.11500e+02  4.13702e-03 
 2.12000e+02  3.99929e-03 
 2.12500e+02  3.84619e-03 
 2.13000e+02  3.92625e-03 
 2.13500e+02  3.73034e-03 
 2.14000e+02  3.66110e-03 
 2.14500e+02  3.24437e-03 
 2.15000e+02  3.24027e-03 
 2.15500e+02  3.05079e-03 
 2.16000e+02  2.92899e-03 
 2.16500e+02  2.70456e-03 
 2.17000e+02  2.44730e-03 
 2.17500e+02  2.50602e-03 
 2.18000e+02  2.67642e-03 
 2.18500e+02  2.74642e-03 
 2.19000e+02  2.69253e-03 
 2.19500e+02  2.66491e-03 
 2.20000e+02  2.65740e-03 
 2.20500e+02  2.41175e-03 
 2.21000e+02  2.32389e-03 
 2.21500e+02  2.22431e-03 
 2.22000e+02  2.00015e-03 
 2.22500e+02  2.13226e-03 
 2.23000e+02  2.11544e-03 
 2.23500e+02  2.10870e-03 
 2.24000e+02  1.99668e-03 
 2.24500e+02  2.00664e-03 
 2.25000e+02  1.99431e-03 
 2.25500e+02  1.82801e-03 
 2.26000e+02  1.64220e-03 
 2.26500e+02  1.63018e-03 
 2.27000e+02  1.54930e-03 
 2.27500e+02  1.48390e-03 
 2.28000e+02  1.42451e-03 
 2.28500e+02  1.29085e-03 
 2.29000e+02  1.32726e-03 
 2.29500e+02  1.40474e-03 
 2.30000e+02  1.41470e-03 
 2.30500e+02  1.35349e-03 
 2.31000e+02  1.36278e-03 
 2.31500e+02  1.37670e-03 
 2.32000e+02  1.42481e-03 
 2.32500e+02  1.45567e-03 
 2.33000e+02  1.39059e-03 
 2.33500e+02  1.31541e-03 
 2.34000e+02  1.26618e-03 
 2.34500e+02  1.23784e-03 
 2.35000e+02  1.21675e-03 
 2.35500e+02  1.08347e-03 
 2.36000e+02  1.19933e-03 
 2.36500e+02  1.14983e-03 
 2.37000e+02  1.10151e-03 
 2.37500e+02  1.14032e-03 
 2.38000e+02  1.16186e-03 
 2.38500e+02  1.04037e-03 
 2.39000e+02  1.02646e-03 
 2.39500e+02  9.07968e-04 
 2.40000e+02  8.82360e-04 
 2.40500e+02  9.77576e-04 
 2.41000e+02  9.90272e-04 
 2.41500e+02  9.78920e-04 
 2.42000e+02  9.66208e-04 
 2.42500e+02  9.09408e-04 
 2.43000e+02  8.59056e-04 
 2.43500e+02  7.93872e-04 
 2.44000e+02  7.25424e-04 
 2.44500e+02  6.56728e-04 
 2.45000e+02  6.61712e-04 
 2.45500e+02  6.37248e-04 
 2.46000e+02  6.39168e-04 
 2.46500e+02  6.34872e-04 
 2.47000e+02  6.00208e-04 
 2.47500e+02  4.95936e-04 
 2.48000e+02  5.31960e-04 
 2.48500e+02  5.33328e-04 
 2.49000e+02  5.43984e-04 
 2.49500e+02  5.73568e-04 
 2.50000e+02  5.49024e-04 
 2.50500e+02  4.50568e-04 
 2.51000e+02  3.88272e-04 
 2.51500e+02  3.40848e-04 
 2.52000e+02  3.58688e-04 
 2.52500e+02  3.87528e-04 
 2.53000e+02  3.21128e-04 
 2.53500e+02  3.36936e-04 
 2.54000e+02  3.30448e-04 
 2.54500e+02  3.66576e-04 
 2.55000e+02  3.36608e-04 
 2.55500e+02  2.89384e-04 
 2.56000e+02  2.61352e-04 
 2.56500e+02  2.75200e-04 
 2.57000e+02  2.79232e-04 
 2.57500e+02  2.80808e-04 
 2.58000e+02  2.65704e-04 
 2.58500e+02  2.40576e-04 
 2.59000e+02  2.42064e-04 
 2.59500e+02  1.80896e-04 
 2.60000e+02  2.11408e-04 
 2.60500e+02  1.87888e-04 
 2.61000e+02  2.10848e-04 
 2.61500e+02  1.57600e-04 
 2.62000e+02  1.40936e-04 
 2.62500e+02  1.19704e-04 
 2.63000e+02  1.16600e-04 
 2.63500e+02  1.02400e-04 
 2.64000e+02  1.15408e-04 
 2.64500e+02  9.93600e-05 
 2.65000e+02  9.94880e-05 
 2.65500e+02  9.76480e-05 
 2.66000e+02  6.43840e-05 
 2.66500e+02  6.17440e-05 
 2.67000e+02  7.01600e-05 
 2.67500e+02  5.92400e-05 
 2.68000e+02  5.17680e-05 
 2.68500e+02  4.30080e-05 
 2.69000e+02  3.84640e-05 
 2.69500e+02  3.66320e-05 
 2.70000e+02  3.82800e-05 
 2.70500e+02  2.94800e-05 
 2.71000e+02  1.98320e-05 
 2.71500e+02  2.24800e-05 
 2.72000e+02  2.75760e-05 
 2.72500e+02  2.43840e-05 
 2.73000e+02  2.70400e-05 
 2.73500e+02  2.69280e-05 
 2.74000e+02  2.76160e-05 
 2.74500e+02  2.78320e-05 
 2.75000e+02  1.59200e-05 
 2.75500e+02  1.57200e-05 
 2.76000e+02  1.37040e-05 
 2.76500e+02  1.59440e-05 
 2.77000e+02  2.02480e-05 
 2.77500e+02  2.31120e-05 
 2.78000e+02  1.87200e-05 
 2.78500e+02  1.20480e-05 
 2.79000e+02  1.22560e-05 
 2.79500e+02  1.09600e-05 
 2.80000e+02  9.53600e-06 
 2.80500e+02  1.12080e-05 
 2.81000e+02  1.14480e-05 
 2.81500e+02  8.92000e-06 
 2.82000e+02  4.84800e-06 
 2.82500e+02  5.04000e-06 
 2.83000e+02  5.41600e-06 
 2.83500e+02  6.12800e-06 
 2.84000e+02  7.35200e-06 
 2.84500e+02  1.06320e-05 
 2.85000e+02  7.24000e-06 
 2.85500e+02  8.66400e-06 
 2.86000e+02  1.20320e-05 
 2.86500e+02  1.00720e-05 
 2.87000e+02  5.70400e-06 
 2.87500e+02  5.32000e-06 
 2.88000e+02  4.05600e-06 
 2.88500e+02  4.08800e-06 
 2.89000e+02  2.98400e-06 
 2.89500e+02  3.28000e-06 
 2.90000e+02  3.98400e-06 
 2.90500e+02  5.81600e-06 
 2.91000e+02  6.69600e-06 
 2.91500e+02  7.04800e-06 
 2.92000e+02  7.70400e-06 
 2.92500e+02  6.32800e-06 
 2.93000e+02  5.05600e-06 
 2.93500e+02  4.41600e-06 
 2.94000e+02  1.60800e-06 
 2.94500e+02  1.78400e-06 
 2.95000e+02  3.27200e-06 
 2.95500e+02  1.57600e-06 
 2.96000e+02  2.08000e-06 
 2.96500e+02  3.07200e-06 
 2.97000e+02  1.36800e-06 
 2.97500e+02  1.81600e-06 
 2.98000e+02  2.88800e-06 
 2.98500e+02  1.00000e-06 
 2.99000e+02  1.15200e-06 
 2.99500e+02  1.20000e-06 
 3.00000e+02  1.40000e-06 
 3.00500e+02  2.05600e-06 
 3.01000e+02  1.24000e-06 
 3.01500e+02  1.20000e-06 
 3.02000e+02  1.04000e-06 
 3.02500e+02  4.96000e-07 
 3.03000e+02  5.44000e-07 
 3.03500e+02  6.64000e-07 
 3.04000e+02  7.60000e-07 
 3.04500e+02  1.73600e-06 
 3.05000e+02  3.52000e-07 
 3.05500e+02  3.68000e-07 
 3.06000e+02  3.76000e-07 
 3.06500e+02  4.48000e-07 
 3.07000e+02  5.36000e-07 
 3.07500e+02  5.60000e-07 
 3.08000e+02  7.36000e-07 
 3.08500e+02  2.34400e-06 
 3.09000e+02  1.59200e-06 
 3.09500e+02  8.24000e-07 
 3.10000e+02  1.96000e-06 
 3.10500e+02  1.20000e-07 
 3.11000e+02  1.28000e-07 
 3.11500e+02  1.20000e-07 
 3.12000e+02  1.28000e-07 
 3.12500e+02  1.28000e-07 
 3.13000e+02  1.36000e-07 
 3.13500e+02  1.44000e-07 
 3.14000e+02  1.68000e-07 
 3.14500e+02  1.68000e-07 
 3.15000e+02  1.68000e-07 
 3.15500e+02  1.76000e-07 
 3.16000e+02  2.08000e-07 
 3.16500e+02  2.56000e-07 
 3.17000e+02  2.72000e-07 
 3.17500e+02  4.48000e-07 
 3.18000e+02  1.32800e-06 
 3.18500e+02  6.16000e-07 
 3.19000e+02  0.00000e+00 
 3.19500e+02  0.00000e+00 
