 0.00000e+00  0.00000e+00 
 5.00000e-01  0.00000e+00 
 1.00000e+00  0.00000e+00 
 1.50000e+00  0.00000e+00 
 2.00000e+00  0.00000e+00 
 2.50000e+00  4.00000e-07 
 3.00000e+00  8.64000e-07 
 3.50000e+00  3.52000e-07 
 4.00000e+00  2.64000e-07 
 4.50000e+00  2.56000e-07 
 5.00000e+00  2.16000e-07 
 5.50000e+00  1.84000e-07 
 6.00000e+00  1.68000e-07 
 6.50000e+00  1.60000e-07 
 7.00000e+00  1.68000e-07 
 7.50000e+00  1.52000e-07 
 8.00000e+00  1.36000e-07 
 8.50000e+00  1.28000e-07 
 9.00000e+00  1.20000e-07 
 9.50000e+00  1.28000e-07 
 1.00000e+01  1.20000e-07 
 1.05000e+01  1.20000e-07 
 1.10000e+01  1.12000e-07 
 1.15000e+01  1.12000e-07 
 1.20000e+01  5.04000e-07 
 1.25000e+01  9.36000e-07 
 1.30000e+01  7.20000e-07 
 1.35000e+01  6.72000e-07 
 1.40000e+01  5.60000e-07 
 1.45000e+01  4.88000e-07 
 1.50000e+01  4.88000e-07 
 1.55000e+01  4.72000e-07 
 1.60000e+01  6.88000e-07 
 1.65000e+01  8.24000e-07 
 1.70000e+01  6.96000e-07 
 1.75000e+01  2.15200e-06 
 1.80000e+01  1.02400e-06 
 1.85000e+01  2.00000e-06 
 1.90000e+01  2.08000e-06 
 1.95000e+01  1.54400e-06 
 2.00000e+01  1.37600e-06 
 2.05000e+01  9.68000e-07 
 2.10000e+01  8.00000e-07 
 2.15000e+01  1.76800e-06 
 2.20000e+01  2.09600e-06 
 2.25000e+01  1.80800e-06 
 2.30000e+01  2.91200e-06 
 2.35000e+01  1.79200e-06 
 2.40000e+01  1.43200e-06 
 2.45000e+01  1.29600e-06 
 2.50000e+01  1.68800e-06 
 2.55000e+01  2.82400e-06 
 2.60000e+01  5.68800e-06 
 2.65000e+01  4.25600e-06 
 2.70000e+01  3.81600e-06 
 2.75000e+01  3.03200e-06 
 2.80000e+01  3.16000e-06 
 2.85000e+01  4.34400e-06 
 2.90000e+01  3.13600e-06 
 2.95000e+01  4.72800e-06 
 3.00000e+01  3.64800e-06 
 3.05000e+01  7.24000e-06 
 3.10000e+01  9.40000e-06 
 3.15000e+01  6.56800e-06 
 3.20000e+01  4.90400e-06 
 3.25000e+01  4.43200e-06 
 3.30000e+01  5.59200e-06 
 3.35000e+01  8.13600e-06 
 3.40000e+01  6.84000e-06 
 3.45000e+01  5.66400e-06 
 3.50000e+01  5.76000e-06 
 3.55000e+01  6.98400e-06 
 3.60000e+01  8.04000e-06 
 3.65000e+01  1.27440e-05 
 3.70000e+01  1.22080e-05 
 3.75000e+01  9.14400e-06 
 3.80000e+01  8.92800e-06 
 3.85000e+01  1.23120e-05 
 3.90000e+01  9.36800e-06 
 3.95000e+01  8.67200e-06 
 4.00000e+01  8.15200e-06 
 4.05000e+01  1.17760e-05 
 4.10000e+01  1.05200e-05 
 4.15000e+01  1.22560e-05 
 4.20000e+01  1.30480e-05 
 4.25000e+01  1.20320e-05 
 4.30000e+01  1.51840e-05 
 4.35000e+01  1.89680e-05 
 4.40000e+01  2.82880e-05 
 4.45000e+01  2.20880e-05 
 4.50000e+01  2.45520e-05 
 4.55000e+01  2.29200e-05 
 4.60000e+01  2.19280e-05 
 4.65000e+01  2.79600e-05 
 4.70000e+01  2.62080e-05 
 4.75000e+01  3.05280e-05 
 4.80000e+01  2.55840e-05 
 4.85000e+01  3.02160e-05 
 4.90000e+01  3.69040e-05 
 4.95000e+01  4.02160e-05 
 5.00000e+01  5.27600e-05 
 5.05000e+01  5.71760e-05 
 5.10000e+01  5.68800e-05 
 5.15000e+01  6.60400e-05 
 5.20000e+01  7.10400e-05 
 5.25000e+01  6.82880e-05 
 5.30000e+01  8.28880e-05 
 5.35000e+01  6.49120e-05 
 5.40000e+01  6.84640e-05 
 5.45000e+01  9.60480e-05 
 5.50000e+01  8.58080e-05 
 5.55000e+01  7.94160e-05 
 5.60000e+01  9.32160e-05 
 5.65000e+01  1.08080e-04 
 5.70000e+01  1.30152e-04 
 5.75000e+01  1.63120e-04 
 5.80000e+01  1.45984e-04 
 5.85000e+01  1.71184e-04 
 5.90000e+01  1.63760e-04 
 5.95000e+01  1.49288e-04 
 6.00000e+01  1.69608e-04 
 6.05000e+01  1.80304e-04 
 6.10000e+01  1.86088e-04 
 6.15000e+01  2.22096e-04 
 6.20000e+01  2.39528e-04 
 6.25000e+01  2.60928e-04 
 6.30000e+01  2.59824e-04 
 6.35000e+01  2.43656e-04 
 6.40000e+01  2.76728e-04 
 6.45000e+01  2.99696e-04 
 6.50000e+01  3.52072e-04 
 6.55000e+01  4.00856e-04 
 6.60000e+01  3.76568e-04 
 6.65000e+01  4.07168e-04 
 6.70000e+01  4.27832e-04 
 6.75000e+01  3.91928e-04 
 6.80000e+01  4.17040e-04 
 6.85000e+01  4.33696e-04 
 6.90000e+01  4.33344e-04 
 6.95000e+01  4.70008e-04 
 7.00000e+01  4.58440e-04 
 7.05000e+01  5.04016e-04 
 7.10000e+01  4.45568e-04 
 7.15000e+01  4.37296e-04 
 7.20000e+01  4.66640e-04 
 7.25000e+01  4.61640e-04 
 7.30000e+01  4.55664e-04 
 7.35000e+01  5.78624e-04 
 7.40000e+01  5.68048e-04 
 7.45000e+01  5.47600e-04 
 7.50000e+01  5.55984e-04 
 7.55000e+01  5.91936e-04 
 7.60000e+01  6.18144e-04 
 7.65000e+01  7.32032e-04 
 7.70000e+01  7.04664e-04 
 7.75000e+01  7.36720e-04 
 7.80000e+01  8.28016e-04 
 7.85000e+01  7.82520e-04 
 7.90000e+01  7.66104e-04 
 7.95000e+01  7.89360e-04 
 8.00000e+01  8.97920e-04 
 8.05000e+01  9.99296e-04 
 8.10000e+01  9.07568e-04 
 8.15000e+01  9.93992e-04 
 8.20000e+01  9.42712e-04 
 8.25000e+01  1.07232e-03 
 8.30000e+01  1.09191e-03 
 8.35000e+01  1.05253e-03 
 8.40000e+01  1.10917e-03 
 8.45000e+01  1.15438e-03 
 8.50000e+01  1.26482e-03 
 8.55000e+01  1.34943e-03 
 8.60000e+01  1.32311e-03 
 8.65000e+01  1.29574e-03 
 8.70000e+01  1.20119e-03 
 8.75000e+01  1.22644e-03 
 8.80000e+01  1.14328e-03 
 8.85000e+01  1.16689e-03 
 8.90000e+01  1.28768e-03 
 8.95000e+01  1.38538e-03 
 9.00000e+01  1.34066e-03 
 9.05000e+01  1.37633e-03 
 9.10000e+01  1.42526e-03 
 9.15000e+01  1.47916e-03 
 9.20000e+01  1.48056e-03 
 9.25000e+01  1.60550e-03 
 9.30000e+01  1.78818e-03 
 9.35000e+01  2.04614e-03 
 9.40000e+01  2.17241e-03 
 9.45000e+01  2.07470e-03 
 9.50000e+01  1.97634e-03 
 9.55000e+01  2.05785e-03 
 9.60000e+01  2.14874e-03 
 9.65000e+01  2.06135e-03 
 9.70000e+01  2.06769e-03 
 9.75000e+01  2.38515e-03 
 9.80000e+01  2.20896e-03 
 9.85000e+01  2.14729e-03 
 9.90000e+01  2.36772e-03 
 9.95000e+01  2.41250e-03 
 1.00000e+02  2.44874e-03 
 1.00500e+02  2.66982e-03 
 1.01000e+02  2.84500e-03 
 1.01500e+02  2.87485e-03 
 1.02000e+02  3.22808e-03 
 1.02500e+02  2.89385e-03 
 1.03000e+02  2.69094e-03 
 1.03500e+02  2.92606e-03 
 1.04000e+02  2.87882e-03 
 1.04500e+02  2.97509e-03 
 1.05000e+02  3.03281e-03 
 1.05500e+02  3.48285e-03 
 1.06000e+02  3.61442e-03 
 1.06500e+02  3.84827e-03 
 1.07000e+02  3.86890e-03 
 1.07500e+02  4.06646e-03 
 1.08000e+02  3.73356e-03 
 1.08500e+02  3.59797e-03 
 1.09000e+02  3.77156e-03 
 1.09500e+02  4.00858e-03 
 1.10000e+02  4.20348e-03 
 1.10500e+02  4.47258e-03 
 1.11000e+02  4.19691e-03 
 1.11500e+02  4.35847e-03 
 1.12000e+02  4.63684e-03 
 1.12500e+02  4.49054e-03 
 1.13000e+02  4.51332e-03 
 1.13500e+02  4.56207e-03 
 1.14000e+02  4.70462e-03 
 1.14500e+02  4.69376e-03 
 1.15000e+02  4.93086e-03 
 1.15500e+02  5.45215e-03 
 1.16000e+02  5.16682e-03 
 1.16500e+02  5.24434e-03 
 1.17000e+02  5.48025e-03 
 1.17500e+02  5.73272e-03 
 1.18000e+02  5.90014e-03 
 1.18500e+02  5.79978e-03 
 1.19000e+02  6.08715e-03 
 1.19500e+02  6.17230e-03 
 1.20000e+02  5.88205e-03 
 1.20500e+02  6.08074e-03 
 1.21000e+02  6.05506e-03 
 1.21500e+02  6.32574e-03 
 1.22000e+02  6.15411e-03 
 1.22500e+02  6.62258e-03 
 1.23000e+02  6.55426e-03 
 1.23500e+02  6.45348e-03 
 1.24000e+02  6.87095e-03 
 1.24500e+02  6.73100e-03 
 1.25000e+02  6.88338e-03 
 1.25500e+02  7.22462e-03 
 1.26000e+02  7.32114e-03 
 1.26500e+02  7.39512e-03 
 1.27000e+02  7.73378e-03 
 1.27500e+02  8.05836e-03 
 1.28000e+02  8.23180e-03 
 1.28500e+02  7.82983e-03 
 1.29000e+02  7.69174e-03 
 1.29500e+02  7.91768e-03 
 1.30000e+02  7.77081e-03 
 1.30500e+02  7.61054e-03 
 1.31000e+02  7.63718e-03 
 1.31500e+02  7.95883e-03 
 1.32000e+02  8.03306e-03 
 1.32500e+02  8.11620e-03 
 1.33000e+02  7.99725e-03 
 1.33500e+02  8.12966e-03 
 1.34000e+02  7.82459e-03 
 1.34500e+02  7.86123e-03 
 1.35000e+02  8.37282e-03 
 1.35500e+02  8.67213e-03 
 1.36000e+02  8.46113e-03 
 1.36500e+02  8.36441e-03 
 1.37000e+02  8.54618e-03 
 1.37500e+02  8.53502e-03 
 1.38000e+02  8.26509e-03 
 1.38500e+02  8.47491e-03 
 1.39000e+02  8.57459e-03 
 1.39500e+02  8.92510e-03 
 1.40000e+02  9.13400e-03 
 1.40500e+02  9.36804e-03 
 1.41000e+02  9.08421e-03 
 1.41500e+02  9.34408e-03 
 1.42000e+02  9.41115e-03 
 1.42500e+02  9.65295e-03 
 1.43000e+02  9.68570e-03 
 1.43500e+02  9.42693e-03 
 1.44000e+02  8.65440e-03 
 1.44500e+02  8.72962e-03 
 1.45000e+02  8.85497e-03 
 1.45500e+02  9.42782e-03 
 1.46000e+02  9.93266e-03 
 1.46500e+02  9.52864e-03 
 1.47000e+02  9.69754e-03 
 1.47500e+02  9.28530e-03 
 1.48000e+02  8.94296e-03 
 1.48500e+02  9.10466e-03 
 1.49000e+02  9.20984e-03 
 1.49500e+02  9.40858e-03 
 1.50000e+02  9.37826e-03 
 1.50500e+02  9.30206e-03 
 1.51000e+02  9.86592e-03 
 1.51500e+02  9.35094e-03 
 1.52000e+02  9.53033e-03 
 1.52500e+02  9.21259e-03 
 1.53000e+02  9.93494e-03 
 1.53500e+02  9.97683e-03 
 1.54000e+02  1.01089e-02 
 1.54500e+02  9.54376e-03 
 1.55000e+02  9.62685e-03 
 1.55500e+02  9.75690e-03 
 1.56000e+02  9.88363e-03 
 1.56500e+02  9.74562e-03 
 1.57000e+02  1.00066e-02 
 1.57500e+02  9.37450e-03 
 1.58000e+02  9.61437e-03 
 1.58500e+02  9.81222e-03 
 1.59000e+02  9.22510e-03 
 1.59500e+02  9.18666e-03 
 1.60000e+02  8.43070e-03 
 1.60500e+02  8.75230e-03 
 1.61000e+02  8.86911e-03 
 1.61500e+02  9.18599e-03 
 1.62000e+02  9.12286e-03 
 1.62500e+02  8.89865e-03 
 1.63000e+02  8.88658e-03 
 1.63500e+02  8.85045e-03 
 1.64000e+02  8.78704e-03 
 1.64500e+02  8.94988e-03 
 1.65000e+02  9.00155e-03 
 1.65500e+02  8.96722e-03 
 1.66000e+02  9.03434e-03 
 1.66500e+02  9.35839e-03 
 1.67000e+02  9.28523e-03 
 1.67500e+02  9.54140e-03 
 1.68000e+02  9.53231e-03 
 1.68500e+02  9.13132e-03 
 1.69000e+02  8.81620e-03 
 1.69500e+02  8.79706e-03 
 1.70000e+02  9.27304e-03 
 1.70500e+02  9.12050e-03 
 1.71000e+02  9.32894e-03 
 1.71500e+02  9.14256e-03 
 1.72000e+02  9.23711e-03 
 1.72500e+02  9.18569e-03 
 1.73000e+02  8.70608e-03 
 1.73500e+02  8.71282e-03 
 1.74000e+02  9.01223e-03 
 1.74500e+02  8.73846e-03 
 1.75000e+02  8.75403e-03 
 1.75500e+02  8.52902e-03 
 1.76000e+02  8.53424e-03 
 1.76500e+02  8.44413e-03 
 1.77000e+02  8.49254e-03 
 1.77500e+02  8.42042e-03 
 1.78000e+02  8.52314e-03 
 1.78500e+02  8.57432e-03 
 1.79000e+02  9.13492e-03 
 1.79500e+02  9.13282e-03 
 1.80000e+02  8.64726e-03 
 1.80500e+02  9.04769e-03 
 1.81000e+02  9.37043e-03 
 1.81500e+02  8.92133e-03 
 1.82000e+02  8.84294e-03 
 1.82500e+02  8.51892e-03 
 1.83000e+02  7.99211e-03 
 1.83500e+02  7.79135e-03 
 1.84000e+02  7.92514e-03 
 1.84500e+02  7.85864e-03 
 1.85000e+02  7.92418e-03 
 1.85500e+02  7.70785e-03 
 1.86000e+02  7.69710e-03 
 1.86500e+02  7.74050e-03 
 1.87000e+02  7.95937e-03 
 1.87500e+02  7.64757e-03 
 1.88000e+02  7.86473e-03 
 1.88500e+02  7.70650e-03 
 1.89000e+02  7.88090e-03 
 1.89500e+02  7.92697e-03 
 1.90000e+02  7.81141e-03 
 1.90500e+02  7.40326e-03 
 1.91000e+02  7.32642e-03 
 1.91500e+02  7.08426e-03 
 1.92000e+02  6.88629e-03 
 1.92500e+02  6.94009e-03 
 1.93000e+02  6.45679e-03 
 1.93500e+02  6.25784e-03 
 1.94000e+02  6.67970e-03 
 1.94500e+02  6.56957e-03 
 1.95000e+02  6.51928e-03 
 1.95500e+02  5.97387e-03 
 1.96000e+02  5.92558e-03 
 1.96500e+02  5.78163e-03 
 1.97000e+02  5.90356e-03 
 1.97500e+02  5.45573e-03 
 1.98000e+02  5.57562e-03 
 1.98500e+02  5.44531e-03 
 1.99000e+02  5.67031e-03 
 1.99500e+02  5.63146e-03 
 2.00000e+02  5.56966e-03 
 2.00500e+02  5.52505e-03 
 2.01000e+02  5.47186e-03 
 2.01500e+02  5.54454e-03 
 2.02000e+02  5.20715e-03 
 2.02500e+02  5.26574e-03 
 2.03000e+02  5.24171e-03 
 2.03500e+02  4.95645e-03 
 2.04000e+02  4.95359e-03 
 2.04500e+02  4.70370e-03 
 2.05000e+02  4.69034e-03 
 2.05500e+02  4.70207e-03 
 2.06000e+02  5.06876e-03 
 2.06500e+02  5.38877e-03 
 2.07000e+02  4.97343e-03 
 2.07500e+02  4.87518e-03 
 2.08000e+02  4.94875e-03 
 2.08500e+02  4.62681e-03 
 2.09000e+02  4.20451e-03 
 2.09500e+02  4.19141e-03 
 2.10000e+02  4.28609e-03 
 2.10500e+02  4.07272e-03 
 2.11000e+02  3.84977e-03 
 2.11500e+02  4.08775e-03 
 2.12000e+02  3.98870e-03 
 2.12500e+02  3.59663e-03 
 2.13000e+02  3.65986e-03 
 2.13500e+02  3.67014e-03 
 2.14000e+02  3.81363e-03 
 2.14500e+02  3.46222e-03 
 2.15000e+02  3.34918e-03 
 2.15500e+02  3.15968e-03 
 2.16000e+02  2.91502e-03 
 2.16500e+02  2.59338e-03 
 2.17000e+02  2.69994e-03 
 2.17500e+02  2.80629e-03 
 2.18000e+02  2.66338e-03 
 2.18500e+02  2.71906e-03 
 2.19000e+02  2.49363e-03 
 2.19500e+02  2.68124e-03 
 2.20000e+02  2.64844e-03 
 2.20500e+02  2.69745e-03 
 2.21000e+02  2.55098e-03 
 2.21500e+02  2.43297e-03 
 2.22000e+02  2.18998e-03 
 2.22500e+02  2.16011e-03 
 2.23000e+02  2.04068e-03 
 2.23500e+02  1.91094e-03 
 2.24000e+02  1.73474e-03 
 2.24500e+02  1.91705e-03 
 2.25000e+02  2.05767e-03 
 2.25500e+02  1.75088e-03 
 2.26000e+02  1.73067e-03 
 2.26500e+02  1.69926e-03 
 2.27000e+02  1.75144e-03 
 2.27500e+02  1.78281e-03 
 2.28000e+02  1.79794e-03 
 2.28500e+02  1.63691e-03 
 2.29000e+02  1.76307e-03 
 2.29500e+02  1.68877e-03 
 2.30000e+02  1.57108e-03 
 2.30500e+02  1.46802e-03 
 2.31000e+02  1.31303e-03 
 2.31500e+02  1.40897e-03 
 2.32000e+02  1.55070e-03 
 2.32500e+02  1.53121e-03 
 2.33000e+02  1.35886e-03 
 2.33500e+02  1.27415e-03 
 2.34000e+02  1.12401e-03 
 2.34500e+02  1.14647e-03 
 2.35000e+02  1.10728e-03 
 2.35500e+02  1.04935e-03 
 2.36000e+02  1.00230e-03 
 2.36500e+02  9.91472e-04 
 2.37000e+02  8.90784e-04 
 2.37500e+02  9.13032e-04 
 2.38000e+02  8.92568e-04 
 2.38500e+02  9.24120e-04 
 2.39000e+02  8.95536e-04 
 2.39500e+02  9.61208e-04 
 2.40000e+02  9.02528e-04 
 2.40500e+02  1.00099e-03 
 2.41000e+02  9.54024e-04 
 2.41500e+02  1.00552e-03 
 2.42000e+02  9.71176e-04 
 2.42500e+02  9.93440e-04 
 2.43000e+02  9.12128e-04 
 2.43500e+02  8.76792e-04 
 2.44000e+02  8.62784e-04 
 2.44500e+02  8.25368e-04 
 2.45000e+02  7.86200e-04 
 2.45500e+02  7.67184e-04 
 2.46000e+02  8.51096e-04 
 2.46500e+02  7.65120e-04 
 2.47000e+02  7.00960e-04 
 2.47500e+02  6.80456e-04 
 2.48000e+02  6.43432e-04 
 2.48500e+02  6.22872e-04 
 2.49000e+02  5.72848e-04 
 2.49500e+02  5.48560e-04 
 2.50000e+02  4.58240e-04 
 2.50500e+02  4.17720e-04 
 2.51000e+02  4.33192e-04 
 2.51500e+02  4.70488e-04 
 2.52000e+02  3.65544e-04 
 2.52500e+02  3.78232e-04 
 2.53000e+02  3.73104e-04 
 2.53500e+02  3.77192e-04 
 2.54000e+02  4.08112e-04 
 2.54500e+02  3.24016e-04 
 2.55000e+02  2.77928e-04 
 2.55500e+02  3.49064e-04 
 2.56000e+02  3.06688e-04 
 2.56500e+02  2.73704e-04 
 2.57000e+02  2.56008e-04 
 2.57500e+02  2.99320e-04 
 2.58000e+02  2.56456e-04 
 2.58500e+02  2.40600e-04 
 2.59000e+02  2.55760e-04 
 2.59500e+02  1.99224e-04 
 2.60000e+02  1.74192e-04 
 2.60500e+02  1.92408e-04 
 2.61000e+02  1.93144e-04 
 2.61500e+02  1.75568e-04 
 2.62000e+02  1.62280e-04 
 2.62500e+02  1.54880e-04 
 2.63000e+02  1.55536e-04 
 2.63500e+02  1.41176e-04 
 2.64000e+02  1.09376e-04 
 2.64500e+02  1.02160e-04 
 2.65000e+02  9.67200e-05 
 2.65500e+02  1.02232e-04 
 2.66000e+02  7.58640e-05 
 2.66500e+02  8.90320e-05 
 2.67000e+02  6.98720e-05 
 2.67500e+02  6.17760e-05 
 2.68000e+02  5.92240e-05 
 2.68500e+02  5.62800e-05 
 2.69000e+02  4.03360e-05 
 2.69500e+02  4.35120e-05 
 2.70000e+02  3.65040e-05 
 2.70500e+02  2.88960e-05 
 2.71000e+02  3.15440e-05 
 2.71500e+02  2.99840e-05 
 2.72000e+02  2.11120e-05 
 2.72500e+02  2.12560e-05 
 2.73000e+02  2.67360e-05 
 2.73500e+02  2.33920e-05 
 2.74000e+02  1.42640e-05 
 2.74500e+02  1.65440e-05 
 2.75000e+02  1.59120e-05 
 2.75500e+02  1.73200e-05 
 2.76000e+02  1.75440e-05 
 2.76500e+02  1.17280e-05 
 2.77000e+02  1.23120e-05 
 2.77500e+02  8.44800e-06 
 2.78000e+02  1.19040e-05 
 2.78500e+02  1.14880e-05 
 2.79000e+02  1.64240e-05 
 2.79500e+02  7.28000e-06 
 2.80000e+02  5.79200e-06 
 2.80500e+02  7.30400e-06 
 2.81000e+02  8.87200e-06 
 2.81500e+02  5.13600e-06 
 2.82000e+02  4.48000e-06 
 2.82500e+02  4.62400e-06 
 2.83000e+02  5.80800e-06 
 2.83500e+02  7.02400e-06 
 2.84000e+02  4.08000e-06 
 2.84500e+02  2.78400e-06 
 2.85000e+02  2.94400e-06 
 2.85500e+02  3.13600e-06 
 2.86000e+02  3.48800e-06 
 2.86500e+02  4.57600e-06 
 2.87000e+02  6.04000e-06 
 2.87500e+02  5.05600e-06 
 2.88000e+02  3.30400e-06 
 2.88500e+02  2.16800e-06 
 2.89000e+02  2.43200e-06 
 2.89500e+02  3.37600e-06 
 2.90000e+02  6.67200e-06 
 2.90500e+02  2.80000e-06 
 2.91000e+02  1.32800e-06 
 2.91500e+02  1.47200e-06 
 2.92000e+02  2.64800e-06 
 2.92500e+02  2.15200e-06 
 2.93000e+02  1.43200e-06 
 2.93500e+02  1.55200e-06 
 2.94000e+02  1.77600e-06 
 2.94500e+02  2.24000e-06 
 2.95000e+02  1.98400e-06 
 2.95500e+02  3.16000e-06 
 2.96000e+02  1.48800e-06 
 2.96500e+02  1.00000e-06 
 2.97000e+02  1.33600e-06 
 2.97500e+02  2.44800e-06 
 2.98000e+02  2.25600e-06 
 2.98500e+02  5.76000e-07 
 2.99000e+02  5.84000e-07 
 2.99500e+02  6.24000e-07 
 3.00000e+02  7.76000e-07 
 3.00500e+02  8.72000e-07 
 3.01000e+02  1.40000e-06 
 3.01500e+02  1.07200e-06 
 3.02000e+02  1.84000e-07 
 3.02500e+02  2.08000e-07 
 3.03000e+02  2.40000e-07 
 3.03500e+02  2.72000e-07 
 3.04000e+02  2.88000e-07 
 3.04500e+02  4.24000e-07 
 3.05000e+02  1.86400e-06 
 3.05500e+02  0.00000e+00 
 3.06000e+02  0.00000e+00 
 3.06500e+02  0.00000e+00 
 3.07000e+02  0.00000e+00 
 3.07500e+02  0.00000e+00 
 3.08000e+02  0.00000e+00 
 3.08500e+02  0.00000e+00 
 3.09000e+02  0.00000e+00 
 3.09500e+02  0.00000e+00 
 3.10000e+02  0.00000e+00 
 3.10500e+02  0.00000e+00 
 3.11000e+02  0.00000e+00 
 3.11500e+02  0.00000e+00 
 3.12000e+02  0.00000e+00 
 3.12500e+02  0.00000e+00 
 3.13000e+02  0.00000e+00 
 3.13500e+02  0.00000e+00 
 3.14000e+02  0.00000e+00 
 3.14500e+02  0.00000e+00 
 3.15000e+02  0.00000e+00 
 3.15500e+02  0.00000e+00 
 3.16000e+02  0.00000e+00 
 3.16500e+02  0.00000e+00 
 3.17000e+02  0.00000e+00 
 3.17500e+02  0.00000e+00 
 3.18000e+02  0.00000e+00 
 3.18500e+02  0.00000e+00 
 3.19000e+02  0.00000e+00 
 3.19500e+02  0.00000e+00 
