 0.00000e+00  0.00000e+00 
 5.00000e-01  0.00000e+00 
 1.00000e+00  0.00000e+00 
 1.50000e+00  0.00000e+00 
 2.00000e+00  0.00000e+00 
 2.50000e+00  0.00000e+00 
 3.00000e+00  0.00000e+00 
 3.50000e+00  0.00000e+00 
 4.00000e+00  0.00000e+00 
 4.50000e+00  0.00000e+00 
 5.00000e+00  0.00000e+00 
 5.50000e+00  0.00000e+00 
 6.00000e+00  0.00000e+00 
 6.50000e+00  0.00000e+00 
 7.00000e+00  1.19200e-06 
 7.50000e+00  9.84000e-07 
 8.00000e+00  6.24000e-07 
 8.50000e+00  5.52000e-07 
 9.00000e+00  4.56000e-07 
 9.50000e+00  4.00000e-07 
 1.00000e+01  3.68000e-07 
 1.05000e+01  3.52000e-07 
 1.10000e+01  3.36000e-07 
 1.15000e+01  3.12000e-07 
 1.20000e+01  2.88000e-07 
 1.25000e+01  2.80000e-07 
 1.30000e+01  6.96000e-07 
 1.35000e+01  7.20000e-07 
 1.40000e+01  6.24000e-07 
 1.45000e+01  1.09600e-06 
 1.50000e+01  1.64800e-06 
 1.55000e+01  8.24000e-07 
 1.60000e+01  6.16000e-07 
 1.65000e+01  5.36000e-07 
 1.70000e+01  5.12000e-07 
 1.75000e+01  4.80000e-07 
 1.80000e+01  4.40000e-07 
 1.85000e+01  4.32000e-07 
 1.90000e+01  4.08000e-07 
 1.95000e+01  4.16000e-07 
 2.00000e+01  3.76000e-07 
 2.05000e+01  3.68000e-07 
 2.10000e+01  2.14400e-06 
 2.15000e+01  1.48000e-06 
 2.20000e+01  2.82400e-06 
 2.25000e+01  2.20800e-06 
 2.30000e+01  3.23200e-06 
 2.35000e+01  2.16800e-06 
 2.40000e+01  1.96000e-06 
 2.45000e+01  1.71200e-06 
 2.50000e+01  1.59200e-06 
 2.55000e+01  1.52800e-06 
 2.60000e+01  1.98400e-06 
 2.65000e+01  1.71200e-06 
 2.70000e+01  3.74400e-06 
 2.75000e+01  2.32800e-06 
 2.80000e+01  2.00800e-06 
 2.85000e+01  1.81600e-06 
 2.90000e+01  1.70400e-06 
 2.95000e+01  2.08000e-06 
 3.00000e+01  2.12800e-06 
 3.05000e+01  1.94400e-06 
 3.10000e+01  4.24000e-06 
 3.15000e+01  3.14400e-06 
 3.20000e+01  2.96000e-06 
 3.25000e+01  2.65600e-06 
 3.30000e+01  2.45600e-06 
 3.35000e+01  2.36000e-06 
 3.40000e+01  3.56800e-06 
 3.45000e+01  3.40000e-06 
 3.50000e+01  3.22400e-06 
 3.55000e+01  7.17600e-06 
 3.60000e+01  5.83200e-06 
 3.65000e+01  5.50400e-06 
 3.70000e+01  1.14800e-05 
 3.75000e+01  9.22400e-06 
 3.80000e+01  6.01600e-06 
 3.85000e+01  9.21600e-06 
 3.90000e+01  6.68000e-06 
 3.95000e+01  8.22400e-06 
 4.00000e+01  8.69600e-06 
 4.05000e+01  8.44800e-06 
 4.10000e+01  6.83200e-06 
 4.15000e+01  6.57600e-06 
 4.20000e+01  6.60800e-06 
 4.25000e+01  1.20160e-05 
 4.30000e+01  9.24800e-06 
 4.35000e+01  1.44000e-05 
 4.40000e+01  1.56000e-05 
 4.45000e+01  1.36480e-05 
 4.50000e+01  1.60320e-05 
 4.55000e+01  1.76080e-05 
 4.60000e+01  1.82400e-05 
 4.65000e+01  1.88640e-05 
 4.70000e+01  2.88800e-05 
 4.75000e+01  2.60640e-05 
 4.80000e+01  2.28960e-05 
 4.85000e+01  2.42320e-05 
 4.90000e+01  2.93440e-05 
 4.95000e+01  5.14480e-05 
 5.00000e+01  5.91920e-05 
 5.05000e+01  6.44800e-05 
 5.10000e+01  5.56800e-05 
 5.15000e+01  4.91360e-05 
 5.20000e+01  5.74000e-05 
 5.25000e+01  6.49840e-05 
 5.30000e+01  8.22320e-05 
 5.35000e+01  8.09120e-05 
 5.40000e+01  1.11800e-04 
 5.45000e+01  1.24024e-04 
 5.50000e+01  1.30944e-04 
 5.55000e+01  1.31768e-04 
 5.60000e+01  1.22552e-04 
 5.65000e+01  1.42152e-04 
 5.70000e+01  1.60064e-04 
 5.75000e+01  1.86304e-04 
 5.80000e+01  1.71656e-04 
 5.85000e+01  1.57856e-04 
 5.90000e+01  2.03544e-04 
 5.95000e+01  2.44008e-04 
 6.00000e+01  2.35800e-04 
 6.05000e+01  2.30440e-04 
 6.10000e+01  1.93224e-04 
 6.15000e+01  1.95200e-04 
 6.20000e+01  2.06864e-04 
 6.25000e+01  2.72688e-04 
 6.30000e+01  2.96584e-04 
 6.35000e+01  3.06616e-04 
 6.40000e+01  3.04184e-04 
 6.45000e+01  3.10840e-04 
 6.50000e+01  2.87576e-04 
 6.55000e+01  2.87824e-04 
 6.60000e+01  3.27544e-04 
 6.65000e+01  3.15736e-04 
 6.70000e+01  3.20208e-04 
 6.75000e+01  3.44696e-04 
 6.80000e+01  3.30488e-04 
 6.85000e+01  3.47304e-04 
 6.90000e+01  4.03768e-04 
 6.95000e+01  3.71216e-04 
 7.00000e+01  4.38320e-04 
 7.05000e+01  4.68272e-04 
 7.10000e+01  4.93240e-04 
 7.15000e+01  4.53176e-04 
 7.20000e+01  4.60040e-04 
 7.25000e+01  4.63520e-04 
 7.30000e+01  5.16872e-04 
 7.35000e+01  4.90208e-04 
 7.40000e+01  5.22224e-04 
 7.45000e+01  4.71360e-04 
 7.50000e+01  5.58768e-04 
 7.55000e+01  5.84424e-04 
 7.60000e+01  6.29456e-04 
 7.65000e+01  6.42664e-04 
 7.70000e+01  8.00560e-04 
 7.75000e+01  8.29072e-04 
 7.80000e+01  8.23880e-04 
 7.85000e+01  8.75104e-04 
 7.90000e+01  8.51480e-04 
 7.95000e+01  8.27264e-04 
 8.00000e+01  8.47864e-04 
 8.05000e+01  9.39608e-04 
 8.10000e+01  1.08065e-03 
 8.15000e+01  1.12990e-03 
 8.20000e+01  1.02811e-03 
 8.25000e+01  9.22960e-04 
 8.30000e+01  9.91320e-04 
 8.35000e+01  9.94032e-04 
 8.40000e+01  1.21556e-03 
 8.45000e+01  1.13571e-03 
 8.50000e+01  1.26148e-03 
 8.55000e+01  1.18751e-03 
 8.60000e+01  1.18329e-03 
 8.65000e+01  1.22078e-03 
 8.70000e+01  1.25775e-03 
 8.75000e+01  1.31645e-03 
 8.80000e+01  1.34775e-03 
 8.85000e+01  1.34089e-03 
 8.90000e+01  1.37655e-03 
 8.95000e+01  1.53818e-03 
 9.00000e+01  1.39174e-03 
 9.05000e+01  1.45881e-03 
 9.10000e+01  1.54920e-03 
 9.15000e+01  1.68578e-03 
 9.20000e+01  1.75962e-03 
 9.25000e+01  1.88297e-03 
 9.30000e+01  1.94966e-03 
 9.35000e+01  1.94804e-03 
 9.40000e+01  1.89636e-03 
 9.45000e+01  1.90732e-03 
 9.50000e+01  1.94497e-03 
 9.55000e+01  1.82977e-03 
 9.60000e+01  2.07131e-03 
 9.65000e+01  2.07336e-03 
 9.70000e+01  2.26113e-03 
 9.75000e+01  2.26963e-03 
 9.80000e+01  2.21392e-03 
 9.85000e+01  2.39742e-03 
 9.90000e+01  2.62185e-03 
 9.95000e+01  2.63258e-03 
 1.00000e+02  2.90085e-03 
 1.00500e+02  3.09414e-03 
 1.01000e+02  3.00629e-03 
 1.01500e+02  2.90057e-03 
 1.02000e+02  2.64691e-03 
 1.02500e+02  2.74866e-03 
 1.03000e+02  2.76650e-03 
 1.03500e+02  2.69827e-03 
 1.04000e+02  2.92870e-03 
 1.04500e+02  3.17654e-03 
 1.05000e+02  3.14740e-03 
 1.05500e+02  3.22708e-03 
 1.06000e+02  3.09134e-03 
 1.06500e+02  3.17721e-03 
 1.07000e+02  3.26354e-03 
 1.07500e+02  3.24659e-03 
 1.08000e+02  3.70102e-03 
 1.08500e+02  3.80863e-03 
 1.09000e+02  3.78564e-03 
 1.09500e+02  3.81830e-03 
 1.10000e+02  3.99822e-03 
 1.10500e+02  4.23801e-03 
 1.11000e+02  4.17541e-03 
 1.11500e+02  4.43309e-03 
 1.12000e+02  4.36010e-03 
 1.12500e+02  4.42922e-03 
 1.13000e+02  4.67802e-03 
 1.13500e+02  4.91894e-03 
 1.14000e+02  5.08621e-03 
 1.14500e+02  5.41861e-03 
 1.15000e+02  5.41023e-03 
 1.15500e+02  5.71721e-03 
 1.16000e+02  5.63634e-03 
 1.16500e+02  5.76127e-03 
 1.17000e+02  6.20013e-03 
 1.17500e+02  6.50865e-03 
 1.18000e+02  6.28438e-03 
 1.18500e+02  6.14798e-03 
 1.19000e+02  6.06822e-03 
 1.19500e+02  6.07778e-03 
 1.20000e+02  6.16712e-03 
 1.20500e+02  6.34838e-03 
 1.21000e+02  6.31946e-03 
 1.21500e+02  6.25836e-03 
 1.22000e+02  6.45047e-03 
 1.22500e+02  6.09112e-03 
 1.23000e+02  6.37543e-03 
 1.23500e+02  6.34304e-03 
 1.24000e+02  6.61522e-03 
 1.24500e+02  6.74669e-03 
 1.25000e+02  6.86597e-03 
 1.25500e+02  6.70090e-03 
 1.26000e+02  6.87678e-03 
 1.26500e+02  7.19405e-03 
 1.27000e+02  7.32124e-03 
 1.27500e+02  7.33195e-03 
 1.28000e+02  7.41089e-03 
 1.28500e+02  7.41253e-03 
 1.29000e+02  7.52433e-03 
 1.29500e+02  8.14062e-03 
 1.30000e+02  7.77829e-03 
 1.30500e+02  8.25440e-03 
 1.31000e+02  8.23937e-03 
 1.31500e+02  8.35492e-03 
 1.32000e+02  8.20303e-03 
 1.32500e+02  8.38346e-03 
 1.33000e+02  8.05742e-03 
 1.33500e+02  7.87465e-03 
 1.34000e+02  8.39430e-03 
 1.34500e+02  8.67586e-03 
 1.35000e+02  8.87506e-03 
 1.35500e+02  8.40016e-03 
 1.36000e+02  7.99235e-03 
 1.36500e+02  8.27361e-03 
 1.37000e+02  8.64866e-03 
 1.37500e+02  9.06070e-03 
 1.38000e+02  8.71105e-03 
 1.38500e+02  8.82050e-03 
 1.39000e+02  9.49862e-03 
 1.39500e+02  8.90134e-03 
 1.40000e+02  8.97165e-03 
 1.40500e+02  9.09467e-03 
 1.41000e+02  8.56637e-03 
 1.41500e+02  8.91157e-03 
 1.42000e+02  9.20706e-03 
 1.42500e+02  9.38276e-03 
 1.43000e+02  9.69750e-03 
 1.43500e+02  9.85896e-03 
 1.44000e+02  9.33563e-03 
 1.44500e+02  9.11446e-03 
 1.45000e+02  8.98503e-03 
 1.45500e+02  9.29356e-03 
 1.46000e+02  9.49658e-03 
 1.46500e+02  9.07406e-03 
 1.47000e+02  8.78668e-03 
 1.47500e+02  9.04519e-03 
 1.48000e+02  9.32414e-03 
 1.48500e+02  9.14166e-03 
 1.49000e+02  9.16421e-03 
 1.49500e+02  8.96594e-03 
 1.50000e+02  8.95124e-03 
 1.50500e+02  9.19234e-03 
 1.51000e+02  9.30946e-03 
 1.51500e+02  9.17625e-03 
 1.52000e+02  9.16848e-03 
 1.52500e+02  9.51695e-03 
 1.53000e+02  9.98645e-03 
 1.53500e+02  1.01763e-02 
 1.54000e+02  1.03572e-02 
 1.54500e+02  9.93203e-03 
 1.55000e+02  9.91022e-03 
 1.55500e+02  9.78288e-03 
 1.56000e+02  1.01934e-02 
 1.56500e+02  9.74142e-03 
 1.57000e+02  9.57102e-03 
 1.57500e+02  9.41049e-03 
 1.58000e+02  9.80114e-03 
 1.58500e+02  9.70305e-03 
 1.59000e+02  9.71034e-03 
 1.59500e+02  9.26710e-03 
 1.60000e+02  9.04172e-03 
 1.60500e+02  8.95055e-03 
 1.61000e+02  9.40560e-03 
 1.61500e+02  9.32513e-03 
 1.62000e+02  9.55123e-03 
 1.62500e+02  9.68798e-03 
 1.63000e+02  1.01537e-02 
 1.63500e+02  9.93230e-03 
 1.64000e+02  9.70687e-03 
 1.64500e+02  1.02262e-02 
 1.65000e+02  9.99102e-03 
 1.65500e+02  1.02670e-02 
 1.66000e+02  9.89288e-03 
 1.66500e+02  1.03987e-02 
 1.67000e+02  1.04735e-02 
 1.67500e+02  1.03050e-02 
 1.68000e+02  9.85936e-03 
 1.68500e+02  9.68419e-03 
 1.69000e+02  1.01917e-02 
 1.69500e+02  9.87278e-03 
 1.70000e+02  9.76554e-03 
 1.70500e+02  9.60976e-03 
 1.71000e+02  9.81560e-03 
 1.71500e+02  1.02104e-02 
 1.72000e+02  1.01356e-02 
 1.72500e+02  9.91957e-03 
 1.73000e+02  9.30457e-03 
 1.73500e+02  9.19942e-03 
 1.74000e+02  9.01762e-03 
 1.74500e+02  9.05478e-03 
 1.75000e+02  9.04425e-03 
 1.75500e+02  9.02104e-03 
 1.76000e+02  8.80928e-03 
 1.76500e+02  8.59055e-03 
 1.77000e+02  8.96589e-03 
 1.77500e+02  8.06883e-03 
 1.78000e+02  8.46254e-03 
 1.78500e+02  8.47313e-03 
 1.79000e+02  8.64167e-03 
 1.79500e+02  8.55059e-03 
 1.80000e+02  8.02847e-03 
 1.80500e+02  8.32849e-03 
 1.81000e+02  8.43044e-03 
 1.81500e+02  8.08806e-03 
 1.82000e+02  8.12714e-03 
 1.82500e+02  7.81608e-03 
 1.83000e+02  7.70224e-03 
 1.83500e+02  7.96856e-03 
 1.84000e+02  8.07126e-03 
 1.84500e+02  7.23628e-03 
 1.85000e+02  7.77184e-03 
 1.85500e+02  7.69684e-03 
 1.86000e+02  7.52896e-03 
 1.86500e+02  7.23996e-03 
 1.87000e+02  7.25324e-03 
 1.87500e+02  7.54802e-03 
 1.88000e+02  7.34920e-03 
 1.88500e+02  7.81494e-03 
 1.89000e+02  7.37138e-03 
 1.89500e+02  7.53676e-03 
 1.90000e+02  7.54166e-03 
 1.90500e+02  7.57530e-03 
 1.91000e+02  7.54244e-03 
 1.91500e+02  7.35051e-03 
 1.92000e+02  7.44616e-03 
 1.92500e+02  7.30878e-03 
 1.93000e+02  6.70112e-03 
 1.93500e+02  6.78245e-03 
 1.94000e+02  6.76904e-03 
 1.94500e+02  6.38834e-03 
 1.95000e+02  6.46339e-03 
 1.95500e+02  6.17441e-03 
 1.96000e+02  6.12102e-03 
 1.96500e+02  6.36114e-03 
 1.97000e+02  6.05613e-03 
 1.97500e+02  5.89850e-03 
 1.98000e+02  6.16483e-03 
 1.98500e+02  6.28812e-03 
 1.99000e+02  6.31227e-03 
 1.99500e+02  6.29741e-03 
 2.00000e+02  6.50206e-03 
 2.00500e+02  6.40140e-03 
 2.01000e+02  6.14902e-03 
 2.01500e+02  5.83794e-03 
 2.02000e+02  5.99949e-03 
 2.02500e+02  5.77026e-03 
 2.03000e+02  5.56738e-03 
 2.03500e+02  5.46587e-03 
 2.04000e+02  5.58684e-03 
 2.04500e+02  5.33074e-03 
 2.05000e+02  5.29690e-03 
 2.05500e+02  5.75250e-03 
 2.06000e+02  5.63549e-03 
 2.06500e+02  4.99959e-03 
 2.07000e+02  4.78190e-03 
 2.07500e+02  4.45198e-03 
 2.08000e+02  4.65082e-03 
 2.08500e+02  4.58999e-03 
 2.09000e+02  4.52850e-03 
 2.09500e+02  4.15211e-03 
 2.10000e+02  4.23010e-03 
 2.10500e+02  4.27862e-03 
 2.11000e+02  4.12581e-03 
 2.11500e+02  4.10539e-03 
 2.12000e+02  4.26666e-03 
 2.12500e+02  4.03815e-03 
 2.13000e+02  3.88794e-03 
 2.13500e+02  3.40002e-03 
 2.14000e+02  3.30890e-03 
 2.14500e+02  3.21996e-03 
 2.15000e+02  3.08155e-03 
 2.15500e+02  3.11999e-03 
 2.16000e+02  3.07547e-03 
 2.16500e+02  2.88680e-03 
 2.17000e+02  2.73678e-03 
 2.17500e+02  2.82234e-03 
 2.18000e+02  3.19914e-03 
 2.18500e+02  3.11402e-03 
 2.19000e+02  2.99722e-03 
 2.19500e+02  2.81673e-03 
 2.20000e+02  2.69489e-03 
 2.20500e+02  2.63862e-03 
 2.21000e+02  2.43177e-03 
 2.21500e+02  2.33313e-03 
 2.22000e+02  2.36277e-03 
 2.22500e+02  2.08274e-03 
 2.23000e+02  2.10656e-03 
 2.23500e+02  2.11902e-03 
 2.24000e+02  2.29270e-03 
 2.24500e+02  2.09458e-03 
 2.25000e+02  1.94058e-03 
 2.25500e+02  1.92228e-03 
 2.26000e+02  1.99222e-03 
 2.26500e+02  2.01638e-03 
 2.27000e+02  1.98823e-03 
 2.27500e+02  1.86411e-03 
 2.28000e+02  1.74786e-03 
 2.28500e+02  1.50946e-03 
 2.29000e+02  1.63198e-03 
 2.29500e+02  1.66342e-03 
 2.30000e+02  1.66036e-03 
 2.30500e+02  1.47471e-03 
 2.31000e+02  1.49281e-03 
 2.31500e+02  1.43147e-03 
 2.32000e+02  1.52714e-03 
 2.32500e+02  1.51018e-03 
 2.33000e+02  1.46021e-03 
 2.33500e+02  1.33361e-03 
 2.34000e+02  1.45458e-03 
 2.34500e+02  1.54775e-03 
 2.35000e+02  1.55651e-03 
 2.35500e+02  1.37258e-03 
 2.36000e+02  1.30359e-03 
 2.36500e+02  1.22069e-03 
 2.37000e+02  1.16119e-03 
 2.37500e+02  1.11386e-03 
 2.38000e+02  1.06794e-03 
 2.38500e+02  1.04388e-03 
 2.39000e+02  1.03514e-03 
 2.39500e+02  1.04579e-03 
 2.40000e+02  9.82528e-04 
 2.40500e+02  9.36856e-04 
 2.41000e+02  9.49792e-04 
 2.41500e+02  7.86904e-04 
 2.42000e+02  7.65832e-04 
 2.42500e+02  8.22808e-04 
 2.43000e+02  7.63072e-04 
 2.43500e+02  6.96928e-04 
 2.44000e+02  6.38080e-04 
 2.44500e+02  5.79072e-04 
 2.45000e+02  5.04792e-04 
 2.45500e+02  5.26080e-04 
 2.46000e+02  6.06432e-04 
 2.46500e+02  6.08056e-04 
 2.47000e+02  5.25016e-04 
 2.47500e+02  5.39736e-04 
 2.48000e+02  4.83008e-04 
 2.48500e+02  5.01488e-04 
 2.49000e+02  5.53464e-04 
 2.49500e+02  5.00728e-04 
 2.50000e+02  4.55624e-04 
 2.50500e+02  4.50744e-04 
 2.51000e+02  3.99912e-04 
 2.51500e+02  4.66848e-04 
 2.52000e+02  4.26232e-04 
 2.52500e+02  4.47944e-04 
 2.53000e+02  3.69072e-04 
 2.53500e+02  3.78080e-04 
 2.54000e+02  3.30120e-04 
 2.54500e+02  3.27208e-04 
 2.55000e+02  3.04432e-04 
 2.55500e+02  2.94912e-04 
 2.56000e+02  2.68496e-04 
 2.56500e+02  2.47288e-04 
 2.57000e+02  2.57160e-04 
 2.57500e+02  2.09416e-04 
 2.58000e+02  2.24816e-04 
 2.58500e+02  1.81680e-04 
 2.59000e+02  2.04696e-04 
 2.59500e+02  2.01384e-04 
 2.60000e+02  2.31400e-04 
 2.60500e+02  2.13712e-04 
 2.61000e+02  1.38256e-04 
 2.61500e+02  1.22128e-04 
 2.62000e+02  1.39656e-04 
 2.62500e+02  1.23504e-04 
 2.63000e+02  1.06504e-04 
 2.63500e+02  1.02184e-04 
 2.64000e+02  1.04344e-04 
 2.64500e+02  8.77680e-05 
 2.65000e+02  8.15760e-05 
 2.65500e+02  6.23760e-05 
 2.66000e+02  4.18080e-05 
 2.66500e+02  4.54480e-05 
 2.67000e+02  5.70400e-05 
 2.67500e+02  6.01120e-05 
 2.68000e+02  4.40000e-05 
 2.68500e+02  2.78320e-05 
 2.69000e+02  3.56080e-05 
 2.69500e+02  3.42160e-05 
 2.70000e+02  2.70480e-05 
 2.70500e+02  2.87360e-05 
 2.71000e+02  3.25440e-05 
 2.71500e+02  2.59520e-05 
 2.72000e+02  2.38560e-05 
 2.72500e+02  2.27840e-05 
 2.73000e+02  2.22000e-05 
 2.73500e+02  2.66320e-05 
 2.74000e+02  2.92640e-05 
 2.74500e+02  2.19120e-05 
 2.75000e+02  2.33280e-05 
 2.75500e+02  2.53520e-05 
 2.76000e+02  1.54240e-05 
 2.76500e+02  1.85920e-05 
 2.77000e+02  1.15360e-05 
 2.77500e+02  1.72320e-05 
 2.78000e+02  9.68000e-06 
 2.78500e+02  1.00560e-05 
 2.79000e+02  1.18080e-05 
 2.79500e+02  1.40080e-05 
 2.80000e+02  1.01360e-05 
 2.80500e+02  7.16800e-06 
 2.81000e+02  6.44800e-06 
 2.81500e+02  5.15200e-06 
 2.82000e+02  4.89600e-06 
 2.82500e+02  6.43200e-06 
 2.83000e+02  7.52000e-06 
 2.83500e+02  2.93600e-06 
 2.84000e+02  3.16000e-06 
 2.84500e+02  3.40000e-06 
 2.85000e+02  5.94400e-06 
 2.85500e+02  4.12800e-06 
 2.86000e+02  4.93600e-06 
 2.86500e+02  5.59200e-06 
 2.87000e+02  3.72800e-06 
 2.87500e+02  3.03200e-06 
 2.88000e+02  3.64800e-06 
 2.88500e+02  4.32800e-06 
 2.89000e+02  3.64800e-06 
 2.89500e+02  3.84000e-06 
 2.90000e+02  2.60800e-06 
 2.90500e+02  2.40800e-06 
 2.91000e+02  3.60800e-06 
 2.91500e+02  5.74400e-06 
 2.92000e+02  5.67200e-06 
 2.92500e+02  3.92000e-06 
 2.93000e+02  2.99200e-06 
 2.93500e+02  2.69600e-06 
 2.94000e+02  1.26400e-06 
 2.94500e+02  2.65600e-06 
 2.95000e+02  4.88000e-07 
 2.95500e+02  5.12000e-07 
 2.96000e+02  5.36000e-07 
 2.96500e+02  5.20000e-07 
 2.97000e+02  5.36000e-07 
 2.97500e+02  5.68000e-07 
 2.98000e+02  6.24000e-07 
 2.98500e+02  6.40000e-07 
 2.99000e+02  6.80000e-07 
 2.99500e+02  6.80000e-07 
 3.00000e+02  7.68000e-07 
 3.00500e+02  8.72000e-07 
 3.01000e+02  9.20000e-07 
 3.01500e+02  1.23200e-06 
 3.02000e+02  1.37600e-06 
 3.02500e+02  5.04000e-07 
 3.03000e+02  3.20000e-07 
 3.03500e+02  1.28000e-07 
 3.04000e+02  1.36000e-07 
 3.04500e+02  1.36000e-07 
 3.05000e+02  1.44000e-07 
 3.05500e+02  1.60000e-07 
 3.06000e+02  1.68000e-07 
 3.06500e+02  1.76000e-07 
 3.07000e+02  1.76000e-07 
 3.07500e+02  1.92000e-07 
 3.08000e+02  2.32000e-07 
 3.08500e+02  2.64000e-07 
 3.09000e+02  2.72000e-07 
 3.09500e+02  3.92000e-07 
 3.10000e+02  6.40000e-07 
 3.10500e+02  3.60000e-07 
 3.11000e+02  0.00000e+00 
 3.11500e+02  0.00000e+00 
 3.12000e+02  0.00000e+00 
 3.12500e+02  0.00000e+00 
 3.13000e+02  0.00000e+00 
 3.13500e+02  0.00000e+00 
 3.14000e+02  0.00000e+00 
 3.14500e+02  0.00000e+00 
 3.15000e+02  0.00000e+00 
 3.15500e+02  0.00000e+00 
 3.16000e+02  0.00000e+00 
 3.16500e+02  0.00000e+00 
 3.17000e+02  0.00000e+00 
 3.17500e+02  0.00000e+00 
 3.18000e+02  0.00000e+00 
 3.18500e+02  0.00000e+00 
 3.19000e+02  0.00000e+00 
 3.19500e+02  0.00000e+00 
