 0.00000e+00  0.00000e+00 
 5.00000e-01  0.00000e+00 
 1.00000e+00  0.00000e+00 
 1.50000e+00  0.00000e+00 
 2.00000e+00  0.00000e+00 
 2.50000e+00  0.00000e+00 
 3.00000e+00  0.00000e+00 
 3.50000e+00  0.00000e+00 
 4.00000e+00  0.00000e+00 
 4.50000e+00  0.00000e+00 
 5.00000e+00  0.00000e+00 
 5.50000e+00  0.00000e+00 
 6.00000e+00  0.00000e+00 
 6.50000e+00  0.00000e+00 
 7.00000e+00  0.00000e+00 
 7.50000e+00  0.00000e+00 
 8.00000e+00  0.00000e+00 
 8.50000e+00  0.00000e+00 
 9.00000e+00  0.00000e+00 
 9.50000e+00  0.00000e+00 
 1.00000e+01  0.00000e+00 
 1.05000e+01  0.00000e+00 
 1.10000e+01  0.00000e+00 
 1.15000e+01  3.92000e-07 
 1.20000e+01  1.55200e-06 
 1.25000e+01  6.00000e-07 
 1.30000e+01  2.96000e-07 
 1.35000e+01  2.72000e-07 
 1.40000e+01  2.24000e-07 
 1.45000e+01  1.92000e-07 
 1.50000e+01  1.92000e-07 
 1.55000e+01  1.84000e-07 
 1.60000e+01  1.68000e-07 
 1.65000e+01  1.60000e-07 
 1.70000e+01  1.36000e-07 
 1.75000e+01  1.44000e-07 
 1.80000e+01  1.79200e-06 
 1.85000e+01  2.67200e-06 
 1.90000e+01  1.81600e-06 
 1.95000e+01  1.09600e-06 
 2.00000e+01  9.68000e-07 
 2.05000e+01  8.08000e-07 
 2.10000e+01  7.36000e-07 
 2.15000e+01  7.28000e-07 
 2.20000e+01  2.64800e-06 
 2.25000e+01  1.62400e-06 
 2.30000e+01  1.24000e-06 
 2.35000e+01  1.19200e-06 
 2.40000e+01  2.51200e-06 
 2.45000e+01  2.37600e-06 
 2.50000e+01  1.36800e-06 
 2.55000e+01  9.04000e-07 
 2.60000e+01  8.64000e-07 
 2.65000e+01  2.94400e-06 
 2.70000e+01  2.41600e-06 
 2.75000e+01  2.56800e-06 
 2.80000e+01  2.22400e-06 
 2.85000e+01  2.37600e-06 
 2.90000e+01  1.98400e-06 
 2.95000e+01  1.79200e-06 
 3.00000e+01  1.64000e-06 
 3.05000e+01  3.16800e-06 
 3.10000e+01  3.37600e-06 
 3.15000e+01  2.89600e-06 
 3.20000e+01  2.56000e-06 
 3.25000e+01  4.04800e-06 
 3.30000e+01  5.17600e-06 
 3.35000e+01  4.00000e-06 
 3.40000e+01  3.65600e-06 
 3.45000e+01  6.02400e-06 
 3.50000e+01  8.54400e-06 
 3.55000e+01  6.51200e-06 
 3.60000e+01  7.86400e-06 
 3.65000e+01  5.58400e-06 
 3.70000e+01  7.70400e-06 
 3.75000e+01  5.60800e-06 
 3.80000e+01  4.82400e-06 
 3.85000e+01  7.37600e-06 
 3.90000e+01  9.68000e-06 
 3.95000e+01  9.67200e-06 
 4.00000e+01  6.23200e-06 
 4.05000e+01  6.03200e-06 
 4.10000e+01  1.02080e-05 
 4.15000e+01  1.12480e-05 
 4.20000e+01  1.26960e-05 
 4.25000e+01  1.08240e-05 
 4.30000e+01  1.19280e-05 
 4.35000e+01  1.30160e-05 
 4.40000e+01  1.36480e-05 
 4.45000e+01  1.25760e-05 
 4.50000e+01  1.14240e-05 
 4.55000e+01  1.12320e-05 
 4.60000e+01  2.86800e-05 
 4.65000e+01  3.16880e-05 
 4.70000e+01  2.55760e-05 
 4.75000e+01  2.65360e-05 
 4.80000e+01  3.83280e-05 
 4.85000e+01  3.30960e-05 
 4.90000e+01  3.41680e-05 
 4.95000e+01  3.62720e-05 
 5.00000e+01  4.42560e-05 
 5.05000e+01  5.12960e-05 
 5.10000e+01  5.19040e-05 
 5.15000e+01  6.31600e-05 
 5.20000e+01  5.99760e-05 
 5.25000e+01  5.57600e-05 
 5.30000e+01  6.30640e-05 
 5.35000e+01  7.00880e-05 
 5.40000e+01  8.44800e-05 
 5.45000e+01  9.40960e-05 
 5.50000e+01  8.80880e-05 
 5.55000e+01  1.00896e-04 
 5.60000e+01  1.30216e-04 
 5.65000e+01  1.56688e-04 
 5.70000e+01  1.44848e-04 
 5.75000e+01  1.52824e-04 
 5.80000e+01  1.32808e-04 
 5.85000e+01  1.67040e-04 
 5.90000e+01  1.50800e-04 
 5.95000e+01  1.84912e-04 
 6.00000e+01  2.55632e-04 
 6.05000e+01  2.34832e-04 
 6.10000e+01  1.98800e-04 
 6.15000e+01  2.28888e-04 
 6.20000e+01  2.82936e-04 
 6.25000e+01  2.72808e-04 
 6.30000e+01  2.92872e-04 
 6.35000e+01  3.14096e-04 
 6.40000e+01  3.04192e-04 
 6.45000e+01  3.03544e-04 
 6.50000e+01  2.67728e-04 
 6.55000e+01  3.23072e-04 
 6.60000e+01  3.41680e-04 
 6.65000e+01  3.43688e-04 
 6.70000e+01  3.71680e-04 
 6.75000e+01  4.03984e-04 
 6.80000e+01  3.77408e-04 
 6.85000e+01  3.62376e-04 
 6.90000e+01  3.78696e-04 
 6.95000e+01  4.24640e-04 
 7.00000e+01  4.24360e-04 
 7.05000e+01  4.18896e-04 
 7.10000e+01  4.39792e-04 
 7.15000e+01  4.76384e-04 
 7.20000e+01  4.44312e-04 
 7.25000e+01  4.83488e-04 
 7.30000e+01  5.12952e-04 
 7.35000e+01  5.79984e-04 
 7.40000e+01  6.45360e-04 
 7.45000e+01  6.37928e-04 
 7.50000e+01  7.18192e-04 
 7.55000e+01  7.63512e-04 
 7.60000e+01  7.37360e-04 
 7.65000e+01  7.64544e-04 
 7.70000e+01  8.32728e-04 
 7.75000e+01  7.91496e-04 
 7.80000e+01  7.80240e-04 
 7.85000e+01  8.16048e-04 
 7.90000e+01  9.20192e-04 
 7.95000e+01  8.40256e-04 
 8.00000e+01  8.68232e-04 
 8.05000e+01  9.10408e-04 
 8.10000e+01  1.08627e-03 
 8.15000e+01  1.11042e-03 
 8.20000e+01  1.24972e-03 
 8.25000e+01  1.29564e-03 
 8.30000e+01  1.26948e-03 
 8.35000e+01  1.20917e-03 
 8.40000e+01  1.25998e-03 
 8.45000e+01  1.33752e-03 
 8.50000e+01  1.50936e-03 
 8.55000e+01  1.61705e-03 
 8.60000e+01  1.44013e-03 
 8.65000e+01  1.37072e-03 
 8.70000e+01  1.29406e-03 
 8.75000e+01  1.44999e-03 
 8.80000e+01  1.43986e-03 
 8.85000e+01  1.40574e-03 
 8.90000e+01  1.57200e-03 
 8.95000e+01  1.65271e-03 
 9.00000e+01  1.78490e-03 
 9.05000e+01  1.70279e-03 
 9.10000e+01  1.83274e-03 
 9.15000e+01  1.88398e-03 
 9.20000e+01  1.92741e-03 
 9.25000e+01  2.05978e-03 
 9.30000e+01  2.09262e-03 
 9.35000e+01  2.00761e-03 
 9.40000e+01  2.00614e-03 
 9.45000e+01  2.07336e-03 
 9.50000e+01  2.09084e-03 
 9.55000e+01  2.14256e-03 
 9.60000e+01  2.23226e-03 
 9.65000e+01  2.31427e-03 
 9.70000e+01  2.29146e-03 
 9.75000e+01  2.41066e-03 
 9.80000e+01  2.46106e-03 
 9.85000e+01  2.61904e-03 
 9.90000e+01  2.55384e-03 
 9.95000e+01  2.98127e-03 
 1.00000e+02  2.93234e-03 
 1.00500e+02  3.14634e-03 
 1.01000e+02  2.96150e-03 
 1.01500e+02  3.05322e-03 
 1.02000e+02  3.15785e-03 
 1.02500e+02  2.98346e-03 
 1.03000e+02  3.04542e-03 
 1.03500e+02  2.95598e-03 
 1.04000e+02  3.01896e-03 
 1.04500e+02  3.17621e-03 
 1.05000e+02  3.38263e-03 
 1.05500e+02  3.39996e-03 
 1.06000e+02  3.43351e-03 
 1.06500e+02  3.90283e-03 
 1.07000e+02  3.98820e-03 
 1.07500e+02  4.14927e-03 
 1.08000e+02  4.41584e-03 
 1.08500e+02  4.60095e-03 
 1.09000e+02  4.86857e-03 
 1.09500e+02  4.62416e-03 
 1.10000e+02  4.60521e-03 
 1.10500e+02  4.77922e-03 
 1.11000e+02  4.79677e-03 
 1.11500e+02  4.75596e-03 
 1.12000e+02  4.65973e-03 
 1.12500e+02  4.40953e-03 
 1.13000e+02  4.56698e-03 
 1.13500e+02  4.72208e-03 
 1.14000e+02  4.72270e-03 
 1.14500e+02  5.15174e-03 
 1.15000e+02  5.53130e-03 
 1.15500e+02  5.62194e-03 
 1.16000e+02  5.32668e-03 
 1.16500e+02  5.22835e-03 
 1.17000e+02  5.39670e-03 
 1.17500e+02  5.53159e-03 
 1.18000e+02  5.49704e-03 
 1.18500e+02  5.70801e-03 
 1.19000e+02  5.68360e-03 
 1.19500e+02  5.80338e-03 
 1.20000e+02  5.56738e-03 
 1.20500e+02  5.91746e-03 
 1.21000e+02  6.02966e-03 
 1.21500e+02  5.90576e-03 
 1.22000e+02  6.38382e-03 
 1.22500e+02  6.45368e-03 
 1.23000e+02  6.58160e-03 
 1.23500e+02  6.41739e-03 
 1.24000e+02  6.59061e-03 
 1.24500e+02  6.52238e-03 
 1.25000e+02  6.50653e-03 
 1.25500e+02  6.67830e-03 
 1.26000e+02  6.94258e-03 
 1.26500e+02  6.71546e-03 
 1.27000e+02  6.90476e-03 
 1.27500e+02  6.69226e-03 
 1.28000e+02  7.39536e-03 
 1.28500e+02  7.33261e-03 
 1.29000e+02  7.46802e-03 
 1.29500e+02  7.65422e-03 
 1.30000e+02  7.15303e-03 
 1.30500e+02  7.11714e-03 
 1.31000e+02  7.17662e-03 
 1.31500e+02  7.47180e-03 
 1.32000e+02  7.63354e-03 
 1.32500e+02  7.83584e-03 
 1.33000e+02  7.32246e-03 
 1.33500e+02  7.68514e-03 
 1.34000e+02  7.30950e-03 
 1.34500e+02  7.68358e-03 
 1.35000e+02  7.99514e-03 
 1.35500e+02  8.35366e-03 
 1.36000e+02  8.15662e-03 
 1.36500e+02  7.94410e-03 
 1.37000e+02  8.45789e-03 
 1.37500e+02  8.73651e-03 
 1.38000e+02  8.45301e-03 
 1.38500e+02  8.36508e-03 
 1.39000e+02  9.02494e-03 
 1.39500e+02  9.04579e-03 
 1.40000e+02  9.28234e-03 
 1.40500e+02  9.38986e-03 
 1.41000e+02  9.15480e-03 
 1.41500e+02  8.66266e-03 
 1.42000e+02  8.83754e-03 
 1.42500e+02  9.59468e-03 
 1.43000e+02  9.89050e-03 
 1.43500e+02  1.01506e-02 
 1.44000e+02  9.51699e-03 
 1.44500e+02  8.49658e-03 
 1.45000e+02  9.00645e-03 
 1.45500e+02  9.25597e-03 
 1.46000e+02  9.43766e-03 
 1.46500e+02  9.00312e-03 
 1.47000e+02  8.94493e-03 
 1.47500e+02  8.90607e-03 
 1.48000e+02  9.33106e-03 
 1.48500e+02  9.69391e-03 
 1.49000e+02  9.68794e-03 
 1.49500e+02  1.00986e-02 
 1.50000e+02  1.00652e-02 
 1.50500e+02  9.80613e-03 
 1.51000e+02  1.03662e-02 
 1.51500e+02  9.78697e-03 
 1.52000e+02  1.01256e-02 
 1.52500e+02  9.85894e-03 
 1.53000e+02  1.01177e-02 
 1.53500e+02  1.01088e-02 
 1.54000e+02  9.31268e-03 
 1.54500e+02  9.20374e-03 
 1.55000e+02  9.42470e-03 
 1.55500e+02  9.42942e-03 
 1.56000e+02  9.34941e-03 
 1.56500e+02  9.73335e-03 
 1.57000e+02  9.01938e-03 
 1.57500e+02  9.32924e-03 
 1.58000e+02  9.85413e-03 
 1.58500e+02  9.95083e-03 
 1.59000e+02  9.48230e-03 
 1.59500e+02  9.49254e-03 
 1.60000e+02  9.21638e-03 
 1.60500e+02  9.23764e-03 
 1.61000e+02  9.33457e-03 
 1.61500e+02  8.86836e-03 
 1.62000e+02  9.14013e-03 
 1.62500e+02  8.82590e-03 
 1.63000e+02  8.89953e-03 
 1.63500e+02  8.88849e-03 
 1.64000e+02  9.09597e-03 
 1.64500e+02  9.38326e-03 
 1.65000e+02  9.38632e-03 
 1.65500e+02  9.42070e-03 
 1.66000e+02  8.96598e-03 
 1.66500e+02  9.41448e-03 
 1.67000e+02  9.43075e-03 
 1.67500e+02  9.33047e-03 
 1.68000e+02  9.12595e-03 
 1.68500e+02  8.87561e-03 
 1.69000e+02  8.88758e-03 
 1.69500e+02  8.66857e-03 
 1.70000e+02  9.03090e-03 
 1.70500e+02  9.45762e-03 
 1.71000e+02  9.57524e-03 
 1.71500e+02  9.49112e-03 
 1.72000e+02  9.34508e-03 
 1.72500e+02  9.28050e-03 
 1.73000e+02  8.97026e-03 
 1.73500e+02  8.89364e-03 
 1.74000e+02  8.98214e-03 
 1.74500e+02  8.94824e-03 
 1.75000e+02  9.06023e-03 
 1.75500e+02  9.12132e-03 
 1.76000e+02  9.04309e-03 
 1.76500e+02  8.82055e-03 
 1.77000e+02  9.21510e-03 
 1.77500e+02  8.99352e-03 
 1.78000e+02  9.43698e-03 
 1.78500e+02  9.43566e-03 
 1.79000e+02  9.81041e-03 
 1.79500e+02  9.48654e-03 
 1.80000e+02  9.26894e-03 
 1.80500e+02  8.71334e-03 
 1.81000e+02  8.80548e-03 
 1.81500e+02  8.92550e-03 
 1.82000e+02  8.98504e-03 
 1.82500e+02  8.52243e-03 
 1.83000e+02  8.40258e-03 
 1.83500e+02  8.51706e-03 
 1.84000e+02  8.70747e-03 
 1.84500e+02  8.19923e-03 
 1.85000e+02  8.40360e-03 
 1.85500e+02  8.11489e-03 
 1.86000e+02  8.22874e-03 
 1.86500e+02  7.87246e-03 
 1.87000e+02  7.50326e-03 
 1.87500e+02  7.36729e-03 
 1.88000e+02  7.73400e-03 
 1.88500e+02  8.03666e-03 
 1.89000e+02  7.80375e-03 
 1.89500e+02  7.70888e-03 
 1.90000e+02  7.71044e-03 
 1.90500e+02  7.76935e-03 
 1.91000e+02  7.67011e-03 
 1.91500e+02  7.42689e-03 
 1.92000e+02  7.35550e-03 
 1.92500e+02  7.22570e-03 
 1.93000e+02  6.78259e-03 
 1.93500e+02  6.87806e-03 
 1.94000e+02  6.77631e-03 
 1.94500e+02  6.68627e-03 
 1.95000e+02  6.54680e-03 
 1.95500e+02  6.21891e-03 
 1.96000e+02  6.17866e-03 
 1.96500e+02  6.45896e-03 
 1.97000e+02  6.26168e-03 
 1.97500e+02  6.25738e-03 
 1.98000e+02  6.29965e-03 
 1.98500e+02  6.07335e-03 
 1.99000e+02  6.08576e-03 
 1.99500e+02  6.15493e-03 
 2.00000e+02  5.98597e-03 
 2.00500e+02  6.11618e-03 
 2.01000e+02  5.73249e-03 
 2.01500e+02  5.58627e-03 
 2.02000e+02  5.24327e-03 
 2.02500e+02  5.34385e-03 
 2.03000e+02  4.93479e-03 
 2.03500e+02  5.16228e-03 
 2.04000e+02  5.31303e-03 
 2.04500e+02  5.37243e-03 
 2.05000e+02  5.27526e-03 
 2.05500e+02  5.38718e-03 
 2.06000e+02  5.34896e-03 
 2.06500e+02  5.19299e-03 
 2.07000e+02  4.93330e-03 
 2.07500e+02  4.69730e-03 
 2.08000e+02  4.76022e-03 
 2.08500e+02  4.48279e-03 
 2.09000e+02  4.26282e-03 
 2.09500e+02  4.45970e-03 
 2.10000e+02  4.63097e-03 
 2.10500e+02  4.24940e-03 
 2.11000e+02  4.18593e-03 
 2.11500e+02  4.09630e-03 
 2.12000e+02  4.18178e-03 
 2.12500e+02  4.23742e-03 
 2.13000e+02  4.01034e-03 
 2.13500e+02  3.89426e-03 
 2.14000e+02  3.79696e-03 
 2.14500e+02  3.76053e-03 
 2.15000e+02  3.64311e-03 
 2.15500e+02  3.20157e-03 
 2.16000e+02  3.03533e-03 
 2.16500e+02  3.06359e-03 
 2.17000e+02  3.01056e-03 
 2.17500e+02  2.86434e-03 
 2.18000e+02  3.07802e-03 
 2.18500e+02  3.11370e-03 
 2.19000e+02  3.00524e-03 
 2.19500e+02  2.89165e-03 
 2.20000e+02  2.72608e-03 
 2.20500e+02  2.73612e-03 
 2.21000e+02  2.71393e-03 
 2.21500e+02  2.19882e-03 
 2.22000e+02  2.16111e-03 
 2.22500e+02  2.18507e-03 
 2.23000e+02  2.18343e-03 
 2.23500e+02  2.24355e-03 
 2.24000e+02  2.20521e-03 
 2.24500e+02  2.15162e-03 
 2.25000e+02  2.22406e-03 
 2.25500e+02  1.90093e-03 
 2.26000e+02  1.96510e-03 
 2.26500e+02  1.85697e-03 
 2.27000e+02  1.79537e-03 
 2.27500e+02  1.54654e-03 
 2.28000e+02  1.60104e-03 
 2.28500e+02  1.55214e-03 
 2.29000e+02  1.47180e-03 
 2.29500e+02  1.37025e-03 
 2.30000e+02  1.31168e-03 
 2.30500e+02  1.43178e-03 
 2.31000e+02  1.46156e-03 
 2.31500e+02  1.50678e-03 
 2.32000e+02  1.45092e-03 
 2.32500e+02  1.47670e-03 
 2.33000e+02  1.50978e-03 
 2.33500e+02  1.48955e-03 
 2.34000e+02  1.33886e-03 
 2.34500e+02  1.29815e-03 
 2.35000e+02  1.25369e-03 
 2.35500e+02  1.07886e-03 
 2.36000e+02  9.29120e-04 
 2.36500e+02  9.99912e-04 
 2.37000e+02  1.05794e-03 
 2.37500e+02  9.88856e-04 
 2.38000e+02  9.05272e-04 
 2.38500e+02  8.95832e-04 
 2.39000e+02  9.65544e-04 
 2.39500e+02  9.07848e-04 
 2.40000e+02  8.31696e-04 
 2.40500e+02  7.92672e-04 
 2.41000e+02  7.98856e-04 
 2.41500e+02  7.97904e-04 
 2.42000e+02  7.11544e-04 
 2.42500e+02  6.91336e-04 
 2.43000e+02  8.16600e-04 
 2.43500e+02  7.08320e-04 
 2.44000e+02  7.09592e-04 
 2.44500e+02  6.76376e-04 
 2.45000e+02  6.18808e-04 
 2.45500e+02  5.62600e-04 
 2.46000e+02  5.08976e-04 
 2.46500e+02  5.14456e-04 
 2.47000e+02  4.81416e-04 
 2.47500e+02  4.20544e-04 
 2.48000e+02  4.36472e-04 
 2.48500e+02  4.47976e-04 
 2.49000e+02  4.08416e-04 
 2.49500e+02  3.89760e-04 
 2.50000e+02  3.75104e-04 
 2.50500e+02  3.45032e-04 
 2.51000e+02  3.25088e-04 
 2.51500e+02  3.54720e-04 
 2.52000e+02  4.02400e-04 
 2.52500e+02  4.03640e-04 
 2.53000e+02  2.89608e-04 
 2.53500e+02  3.02640e-04 
 2.54000e+02  2.90752e-04 
 2.54500e+02  2.39096e-04 
 2.55000e+02  2.47952e-04 
 2.55500e+02  2.49384e-04 
 2.56000e+02  2.68992e-04 
 2.56500e+02  2.91344e-04 
 2.57000e+02  2.40864e-04 
 2.57500e+02  1.83848e-04 
 2.58000e+02  2.13064e-04 
 2.58500e+02  1.88760e-04 
 2.59000e+02  1.65408e-04 
 2.59500e+02  1.67048e-04 
 2.60000e+02  1.64912e-04 
 2.60500e+02  1.65616e-04 
 2.61000e+02  1.39496e-04 
 2.61500e+02  1.39320e-04 
 2.62000e+02  1.32448e-04 
 2.62500e+02  1.16536e-04 
 2.63000e+02  1.10040e-04 
 2.63500e+02  1.02464e-04 
 2.64000e+02  1.19176e-04 
 2.64500e+02  1.08680e-04 
 2.65000e+02  7.75920e-05 
 2.65500e+02  7.99680e-05 
 2.66000e+02  7.90160e-05 
 2.66500e+02  7.95600e-05 
 2.67000e+02  6.48480e-05 
 2.67500e+02  5.69280e-05 
 2.68000e+02  6.10320e-05 
 2.68500e+02  5.14080e-05 
 2.69000e+02  5.48800e-05 
 2.69500e+02  4.56480e-05 
 2.70000e+02  3.73040e-05 
 2.70500e+02  2.96000e-05 
 2.71000e+02  2.25680e-05 
 2.71500e+02  2.38320e-05 
 2.72000e+02  2.49760e-05 
 2.72500e+02  3.13040e-05 
 2.73000e+02  2.91360e-05 
 2.73500e+02  1.93920e-05 
 2.74000e+02  1.53440e-05 
 2.74500e+02  1.15600e-05 
 2.75000e+02  1.24160e-05 
 2.75500e+02  1.39280e-05 
 2.76000e+02  1.58160e-05 
 2.76500e+02  1.32000e-05 
 2.77000e+02  1.35520e-05 
 2.77500e+02  1.12560e-05 
 2.78000e+02  1.25760e-05 
 2.78500e+02  1.14960e-05 
 2.79000e+02  1.03440e-05 
 2.79500e+02  1.18080e-05 
 2.80000e+02  1.35920e-05 
 2.80500e+02  1.05040e-05 
 2.81000e+02  8.19200e-06 
 2.81500e+02  9.81600e-06 
 2.82000e+02  1.06320e-05 
 2.82500e+02  1.04320e-05 
 2.83000e+02  6.27200e-06 
 2.83500e+02  7.24800e-06 
 2.84000e+02  7.54400e-06 
 2.84500e+02  5.56000e-06 
 2.85000e+02  6.12800e-06 
 2.85500e+02  3.57600e-06 
 2.86000e+02  4.51200e-06 
 2.86500e+02  3.45600e-06 
 2.87000e+02  4.85600e-06 
 2.87500e+02  3.65600e-06 
 2.88000e+02  3.96000e-06 
 2.88500e+02  3.95200e-06 
 2.89000e+02  3.05600e-06 
 2.89500e+02  3.29600e-06 
 2.90000e+02  5.45600e-06 
 2.90500e+02  3.27200e-06 
 2.91000e+02  3.34400e-06 
 2.91500e+02  4.19200e-06 
 2.92000e+02  3.05600e-06 
 2.92500e+02  4.01600e-06 
 2.93000e+02  3.76800e-06 
 2.93500e+02  2.86400e-06 
 2.94000e+02  3.11200e-06 
 2.94500e+02  2.96000e-06 
 2.95000e+02  5.36000e-06 
 2.95500e+02  2.56800e-06 
 2.96000e+02  2.60000e-06 
 2.96500e+02  2.81600e-06 
 2.97000e+02  2.39200e-06 
 2.97500e+02  3.08800e-06 
 2.98000e+02  3.20000e-06 
 2.98500e+02  4.76000e-06 
 2.99000e+02  1.52000e-06 
 2.99500e+02  1.04000e-06 
 3.00000e+02  1.14400e-06 
 3.00500e+02  1.31200e-06 
 3.01000e+02  1.54400e-06 
 3.01500e+02  1.36800e-06 
 3.02000e+02  6.48000e-07 
 3.02500e+02  6.72000e-07 
 3.03000e+02  7.44000e-07 
 3.03500e+02  8.08000e-07 
 3.04000e+02  8.24000e-07 
 3.04500e+02  9.76000e-07 
 3.05000e+02  5.36000e-07 
 3.05500e+02  5.68000e-07 
 3.06000e+02  6.16000e-07 
 3.06500e+02  6.56000e-07 
 3.07000e+02  7.04000e-07 
 3.07500e+02  8.16000e-07 
 3.08000e+02  8.64000e-07 
 3.08500e+02  1.20800e-06 
 3.09000e+02  6.00000e-07 
 3.09500e+02  6.64000e-07 
 3.10000e+02  7.12000e-07 
 3.10500e+02  1.10400e-06 
 3.11000e+02  1.32800e-06 
 3.11500e+02  8.72000e-07 
 3.12000e+02  1.60000e-07 
 3.12500e+02  1.68000e-07 
 3.13000e+02  1.84000e-07 
 3.13500e+02  2.24000e-07 
 3.14000e+02  2.56000e-07 
 3.14500e+02  2.64000e-07 
 3.15000e+02  3.68000e-07 
 3.15500e+02  7.92000e-07 
 3.16000e+02  4.00000e-07 
 3.16500e+02  0.00000e+00 
 3.17000e+02  0.00000e+00 
 3.17500e+02  0.00000e+00 
 3.18000e+02  0.00000e+00 
 3.18500e+02  0.00000e+00 
 3.19000e+02  0.00000e+00 
 3.19500e+02  0.00000e+00 
