 0.00000e+00  2.64000e-06 
 5.00000e-01  2.10400e-06 
 1.00000e+00  1.54400e-06 
 1.50000e+00  1.24000e-06 
 2.00000e+00  1.04000e-06 
 2.50000e+00  9.52000e-07 
 3.00000e+00  8.88000e-07 
 3.50000e+00  8.24000e-07 
 4.00000e+00  7.76000e-07 
 4.50000e+00  7.20000e-07 
 5.00000e+00  6.80000e-07 
 5.50000e+00  6.48000e-07 
 6.00000e+00  6.24000e-07 
 6.50000e+00  6.08000e-07 
 7.00000e+00  6.00000e-07 
 7.50000e+00  5.68000e-07 
 8.00000e+00  5.52000e-07 
 8.50000e+00  5.28000e-07 
 9.00000e+00  5.28000e-07 
 9.50000e+00  5.04000e-07 
 1.00000e+01  4.96000e-07 
 1.05000e+01  4.80000e-07 
 1.10000e+01  4.72000e-07 
 1.15000e+01  4.80000e-07 
 1.20000e+01  4.56000e-07 
 1.25000e+01  4.48000e-07 
 1.30000e+01  4.40000e-07 
 1.35000e+01  4.32000e-07 
 1.40000e+01  4.32000e-07 
 1.45000e+01  1.71200e-06 
 1.50000e+01  1.48000e-06 
 1.55000e+01  1.14400e-06 
 1.60000e+01  1.13600e-06 
 1.65000e+01  1.11200e-06 
 1.70000e+01  8.48000e-07 
 1.75000e+01  7.92000e-07 
 1.80000e+01  7.52000e-07 
 1.85000e+01  7.28000e-07 
 1.90000e+01  2.12800e-06 
 1.95000e+01  1.57600e-06 
 2.00000e+01  8.72000e-07 
 2.05000e+01  7.84000e-07 
 2.10000e+01  6.88000e-07 
 2.15000e+01  6.32000e-07 
 2.20000e+01  6.40000e-07 
 2.25000e+01  6.32000e-07 
 2.30000e+01  5.92000e-07 
 2.35000e+01  2.60800e-06 
 2.40000e+01  1.46400e-06 
 2.45000e+01  1.38400e-06 
 2.50000e+01  1.18400e-06 
 2.55000e+01  1.26400e-06 
 2.60000e+01  1.38400e-06 
 2.65000e+01  1.29600e-06 
 2.70000e+01  1.23200e-06 
 2.75000e+01  1.23200e-06 
 2.80000e+01  3.59200e-06 
 2.85000e+01  5.64000e-06 
 2.90000e+01  4.78400e-06 
 2.95000e+01  3.28800e-06 
 3.00000e+01  2.54400e-06 
 3.05000e+01  2.35200e-06 
 3.10000e+01  2.18400e-06 
 3.15000e+01  3.73600e-06 
 3.20000e+01  3.36000e-06 
 3.25000e+01  2.31200e-06 
 3.30000e+01  2.05600e-06 
 3.35000e+01  1.98400e-06 
 3.40000e+01  1.92800e-06 
 3.45000e+01  1.86400e-06 
 3.50000e+01  4.16800e-06 
 3.55000e+01  3.02400e-06 
 3.60000e+01  2.68000e-06 
 3.65000e+01  4.84800e-06 
 3.70000e+01  4.60000e-06 
 3.75000e+01  5.47200e-06 
 3.80000e+01  4.29600e-06 
 3.85000e+01  6.69600e-06 
 3.90000e+01  5.03200e-06 
 3.95000e+01  4.74400e-06 
 4.00000e+01  7.10400e-06 
 4.05000e+01  6.93600e-06 
 4.10000e+01  5.64000e-06 
 4.15000e+01  6.28800e-06 
 4.20000e+01  9.73600e-06 
 4.25000e+01  6.32000e-06 
 4.30000e+01  5.72800e-06 
 4.35000e+01  5.30400e-06 
 4.40000e+01  6.39200e-06 
 4.45000e+01  1.08400e-05 
 4.50000e+01  1.20000e-05 
 4.55000e+01  7.70400e-06 
 4.60000e+01  6.84800e-06 
 4.65000e+01  6.46400e-06 
 4.70000e+01  6.63200e-06 
 4.75000e+01  6.13600e-06 
 4.80000e+01  6.44000e-06 
 4.85000e+01  7.94400e-06 
 4.90000e+01  1.19840e-05 
 4.95000e+01  1.08240e-05 
 5.00000e+01  7.06400e-06 
 5.05000e+01  6.68800e-06 
 5.10000e+01  6.48000e-06 
 5.15000e+01  6.25600e-06 
 5.20000e+01  6.29600e-06 
 5.25000e+01  6.43200e-06 
 5.30000e+01  1.14400e-05 
 5.35000e+01  1.36960e-05 
 5.40000e+01  2.64320e-05 
 5.45000e+01  1.49520e-05 
 5.50000e+01  1.12960e-05 
 5.55000e+01  1.06000e-05 
 5.60000e+01  1.03200e-05 
 5.65000e+01  1.00160e-05 
 5.70000e+01  9.68800e-06 
 5.75000e+01  1.20800e-05 
 5.80000e+01  1.24720e-05 
 5.85000e+01  1.18400e-05 
 5.90000e+01  1.65360e-05 
 5.95000e+01  2.59680e-05 
 6.00000e+01  2.06000e-05 
 6.05000e+01  1.92240e-05 
 6.10000e+01  1.58480e-05 
 6.15000e+01  2.05520e-05 
 6.20000e+01  1.68560e-05 
 6.25000e+01  1.48080e-05 
 6.30000e+01  1.42640e-05 
 6.35000e+01  1.59440e-05 
 6.40000e+01  1.48560e-05 
 6.45000e+01  1.39600e-05 
 6.50000e+01  1.41120e-05 
 6.55000e+01  1.37120e-05 
 6.60000e+01  1.25040e-05 
 6.65000e+01  1.22480e-05 
 6.70000e+01  3.11360e-05 
 6.75000e+01  1.97360e-05 
 6.80000e+01  1.88480e-05 
 6.85000e+01  2.11680e-05 
 6.90000e+01  3.35840e-05 
 6.95000e+01  2.27040e-05 
 7.00000e+01  2.61600e-05 
 7.05000e+01  2.48000e-05 
 7.10000e+01  2.21520e-05 
 7.15000e+01  2.91520e-05 
 7.20000e+01  2.32720e-05 
 7.25000e+01  2.14080e-05 
 7.30000e+01  2.02160e-05 
 7.35000e+01  3.01680e-05 
 7.40000e+01  2.72640e-05 
 7.45000e+01  2.45760e-05 
 7.50000e+01  2.28320e-05 
 7.55000e+01  2.05280e-05 
 7.60000e+01  1.92160e-05 
 7.65000e+01  5.40480e-05 
 7.70000e+01  3.18160e-05 
 7.75000e+01  2.72160e-05 
 7.80000e+01  2.73280e-05 
 7.85000e+01  6.28800e-05 
 7.90000e+01  3.73440e-05 
 7.95000e+01  5.67520e-05 
 8.00000e+01  7.54240e-05 
 8.05000e+01  7.82800e-05 
 8.10000e+01  6.40240e-05 
 8.15000e+01  5.81520e-05 
 8.20000e+01  5.71840e-05 
 8.25000e+01  6.97840e-05 
 8.30000e+01  4.70320e-05 
 8.35000e+01  4.64080e-05 
 8.40000e+01  3.50160e-05 
 8.45000e+01  5.89280e-05 
 8.50000e+01  4.66880e-05 
 8.55000e+01  4.24160e-05 
 8.60000e+01  3.83920e-05 
 8.65000e+01  5.64160e-05 
 8.70000e+01  5.12800e-05 
 8.75000e+01  4.07920e-05 
 8.80000e+01  3.80720e-05 
 8.85000e+01  3.89680e-05 
 8.90000e+01  5.92960e-05 
 8.95000e+01  5.66000e-05 
 9.00000e+01  3.57200e-05 
 9.05000e+01  8.10720e-05 
 9.10000e+01  6.44000e-05 
 9.15000e+01  4.76320e-05 
 9.20000e+01  4.82320e-05 
 9.25000e+01  6.66000e-05 
 9.30000e+01  7.55920e-05 
 9.35000e+01  6.86960e-05 
 9.40000e+01  6.05360e-05 
 9.45000e+01  6.55280e-05 
 9.50000e+01  8.47920e-05 
 9.55000e+01  9.85600e-05 
 9.60000e+01  6.76320e-05 
 9.65000e+01  6.24880e-05 
 9.70000e+01  5.58640e-05 
 9.75000e+01  7.85040e-05 
 9.80000e+01  7.84800e-05 
 9.85000e+01  7.47040e-05 
 9.90000e+01  6.87200e-05 
 9.95000e+01  6.81600e-05 
 1.00000e+02  1.14472e-04 
 1.00500e+02  8.99760e-05 
 1.01000e+02  6.07520e-05 
 1.01500e+02  8.74800e-05 
 1.02000e+02  1.25024e-04 
 1.02500e+02  9.15920e-05 
 1.03000e+02  7.99680e-05 
 1.03500e+02  8.01840e-05 
 1.04000e+02  1.26144e-04 
 1.04500e+02  1.71992e-04 
 1.05000e+02  1.55232e-04 
 1.05500e+02  1.71592e-04 
 1.06000e+02  1.61920e-04 
 1.06500e+02  1.25536e-04 
 1.07000e+02  9.52480e-05 
 1.07500e+02  9.33840e-05 
 1.08000e+02  1.36696e-04 
 1.08500e+02  1.46976e-04 
 1.09000e+02  2.05408e-04 
 1.09500e+02  2.65864e-04 
 1.10000e+02  2.19464e-04 
 1.10500e+02  1.69104e-04 
 1.11000e+02  1.90288e-04 
 1.11500e+02  1.83488e-04 
 1.12000e+02  2.17128e-04 
 1.12500e+02  2.08472e-04 
 1.13000e+02  2.51288e-04 
 1.13500e+02  2.55048e-04 
 1.14000e+02  3.08200e-04 
 1.14500e+02  3.35336e-04 
 1.15000e+02  3.32584e-04 
 1.15500e+02  3.25360e-04 
 1.16000e+02  5.46416e-04 
 1.16500e+02  3.61336e-04 
 1.17000e+02  2.47208e-04 
 1.17500e+02  2.53912e-04 
 1.18000e+02  3.38264e-04 
 1.18500e+02  3.11776e-04 
 1.19000e+02  4.51736e-04 
 1.19500e+02  4.12024e-04 
 1.20000e+02  3.97632e-04 
 1.20500e+02  4.14968e-04 
 1.21000e+02  3.99624e-04 
 1.21500e+02  4.16104e-04 
 1.22000e+02  6.27704e-04 
 1.22500e+02  6.12168e-04 
 1.23000e+02  6.50568e-04 
 1.23500e+02  6.05664e-04 
 1.24000e+02  5.20800e-04 
 1.24500e+02  5.02656e-04 
 1.25000e+02  5.85416e-04 
 1.25500e+02  6.07392e-04 
 1.26000e+02  5.79408e-04 
 1.26500e+02  5.56008e-04 
 1.27000e+02  5.04912e-04 
 1.27500e+02  5.30784e-04 
 1.28000e+02  5.76208e-04 
 1.28500e+02  5.34896e-04 
 1.29000e+02  4.98216e-04 
 1.29500e+02  5.86280e-04 
 1.30000e+02  6.23344e-04 
 1.30500e+02  6.51936e-04 
 1.31000e+02  6.63088e-04 
 1.31500e+02  6.34200e-04 
 1.32000e+02  7.31144e-04 
 1.32500e+02  9.58776e-04 
 1.33000e+02  8.10216e-04 
 1.33500e+02  7.70656e-04 
 1.34000e+02  8.99784e-04 
 1.34500e+02  8.55088e-04 
 1.35000e+02  8.88944e-04 
 1.35500e+02  8.04432e-04 
 1.36000e+02  9.06752e-04 
 1.36500e+02  8.10032e-04 
 1.37000e+02  8.41472e-04 
 1.37500e+02  9.92640e-04 
 1.38000e+02  8.92544e-04 
 1.38500e+02  8.62152e-04 
 1.39000e+02  7.92776e-04 
 1.39500e+02  8.73464e-04 
 1.40000e+02  9.09056e-04 
 1.40500e+02  8.79320e-04 
 1.41000e+02  9.59440e-04 
 1.41500e+02  8.28312e-04 
 1.42000e+02  8.67624e-04 
 1.42500e+02  7.92120e-04 
 1.43000e+02  7.72232e-04 
 1.43500e+02  8.40200e-04 
 1.44000e+02  8.41368e-04 
 1.44500e+02  8.96920e-04 
 1.45000e+02  8.79512e-04 
 1.45500e+02  1.00394e-03 
 1.46000e+02  1.00973e-03 
 1.46500e+02  1.02904e-03 
 1.47000e+02  1.07729e-03 
 1.47500e+02  1.00333e-03 
 1.48000e+02  1.10872e-03 
 1.48500e+02  1.17304e-03 
 1.49000e+02  1.14582e-03 
 1.49500e+02  1.27602e-03 
 1.50000e+02  1.19076e-03 
 1.50500e+02  1.06196e-03 
 1.51000e+02  1.20694e-03 
 1.51500e+02  1.17762e-03 
 1.52000e+02  1.33842e-03 
 1.52500e+02  1.33685e-03 
 1.53000e+02  1.61665e-03 
 1.53500e+02  1.42465e-03 
 1.54000e+02  1.48069e-03 
 1.54500e+02  1.47027e-03 
 1.55000e+02  1.36662e-03 
 1.55500e+02  1.43430e-03 
 1.56000e+02  1.52099e-03 
 1.56500e+02  1.43273e-03 
 1.57000e+02  1.52898e-03 
 1.57500e+02  1.54060e-03 
 1.58000e+02  1.56648e-03 
 1.58500e+02  1.49527e-03 
 1.59000e+02  1.80776e-03 
 1.59500e+02  1.62878e-03 
 1.60000e+02  1.57020e-03 
 1.60500e+02  1.66473e-03 
 1.61000e+02  1.83218e-03 
 1.61500e+02  2.10960e-03 
 1.62000e+02  1.94309e-03 
 1.62500e+02  1.92977e-03 
 1.63000e+02  1.94710e-03 
 1.63500e+02  1.93062e-03 
 1.64000e+02  1.90374e-03 
 1.64500e+02  1.97502e-03 
 1.65000e+02  1.95528e-03 
 1.65500e+02  1.93042e-03 
 1.66000e+02  2.03130e-03 
 1.66500e+02  2.02669e-03 
 1.67000e+02  2.17591e-03 
 1.67500e+02  2.34402e-03 
 1.68000e+02  2.29600e-03 
 1.68500e+02  2.20281e-03 
 1.69000e+02  2.26835e-03 
 1.69500e+02  2.21780e-03 
 1.70000e+02  2.25662e-03 
 1.70500e+02  2.36677e-03 
 1.71000e+02  2.12194e-03 
 1.71500e+02  2.16210e-03 
 1.72000e+02  2.21689e-03 
 1.72500e+02  2.07828e-03 
 1.73000e+02  2.09326e-03 
 1.73500e+02  2.31623e-03 
 1.74000e+02  2.24186e-03 
 1.74500e+02  2.52432e-03 
 1.75000e+02  2.54365e-03 
 1.75500e+02  2.53362e-03 
 1.76000e+02  2.54859e-03 
 1.76500e+02  2.44373e-03 
 1.77000e+02  2.78614e-03 
 1.77500e+02  2.84942e-03 
 1.78000e+02  2.81147e-03 
 1.78500e+02  2.59602e-03 
 1.79000e+02  2.44083e-03 
 1.79500e+02  2.55334e-03 
 1.80000e+02  2.59548e-03 
 1.80500e+02  2.58037e-03 
 1.81000e+02  2.94095e-03 
 1.81500e+02  2.79510e-03 
 1.82000e+02  2.82334e-03 
 1.82500e+02  2.60626e-03 
 1.83000e+02  2.42014e-03 
 1.83500e+02  2.68774e-03 
 1.84000e+02  3.01224e-03 
 1.84500e+02  2.52784e-03 
 1.85000e+02  2.32789e-03 
 1.85500e+02  2.43999e-03 
 1.86000e+02  2.77873e-03 
 1.86500e+02  2.83738e-03 
 1.87000e+02  2.93416e-03 
 1.87500e+02  2.93762e-03 
 1.88000e+02  2.67169e-03 
 1.88500e+02  2.76250e-03 
 1.89000e+02  2.51014e-03 
 1.89500e+02  2.61702e-03 
 1.90000e+02  2.65389e-03 
 1.90500e+02  2.61389e-03 
 1.91000e+02  2.71615e-03 
 1.91500e+02  2.75108e-03 
 1.92000e+02  2.66188e-03 
 1.92500e+02  2.57878e-03 
 1.93000e+02  2.49800e-03 
 1.93500e+02  2.47431e-03 
 1.94000e+02  2.25978e-03 
 1.94500e+02  2.36509e-03 
 1.95000e+02  2.34294e-03 
 1.95500e+02  2.61518e-03 
 1.96000e+02  2.47230e-03 
 1.96500e+02  2.34039e-03 
 1.97000e+02  2.68274e-03 
 1.97500e+02  2.45227e-03 
 1.98000e+02  2.24480e-03 
 1.98500e+02  2.52230e-03 
 1.99000e+02  2.56231e-03 
 1.99500e+02  2.48653e-03 
 2.00000e+02  2.87641e-03 
 2.00500e+02  2.77891e-03 
 2.01000e+02  2.45058e-03 
 2.01500e+02  2.52721e-03 
 2.02000e+02  2.40662e-03 
 2.02500e+02  2.42095e-03 
 2.03000e+02  2.37850e-03 
 2.03500e+02  2.34960e-03 
 2.04000e+02  2.49826e-03 
 2.04500e+02  2.22079e-03 
 2.05000e+02  2.30804e-03 
 2.05500e+02  2.40729e-03 
 2.06000e+02  2.33738e-03 
 2.06500e+02  2.41969e-03 
 2.07000e+02  2.24042e-03 
 2.07500e+02  2.20148e-03 
 2.08000e+02  2.18005e-03 
 2.08500e+02  2.05550e-03 
 2.09000e+02  1.92710e-03 
 2.09500e+02  1.82990e-03 
 2.10000e+02  1.93138e-03 
 2.10500e+02  1.90004e-03 
 2.11000e+02  1.83675e-03 
 2.11500e+02  1.82541e-03 
 2.12000e+02  1.92238e-03 
 2.12500e+02  1.73606e-03 
 2.13000e+02  1.73998e-03 
 2.13500e+02  1.77457e-03 
 2.14000e+02  1.74272e-03 
 2.14500e+02  1.64418e-03 
 2.15000e+02  1.59380e-03 
 2.15500e+02  1.52848e-03 
 2.16000e+02  1.52831e-03 
 2.16500e+02  1.49478e-03 
 2.17000e+02  1.36330e-03 
 2.17500e+02  1.47380e-03 
 2.18000e+02  1.57242e-03 
 2.18500e+02  1.61271e-03 
 2.19000e+02  1.47633e-03 
 2.19500e+02  1.48302e-03 
 2.20000e+02  1.37181e-03 
 2.20500e+02  1.36378e-03 
 2.21000e+02  1.28909e-03 
 2.21500e+02  1.35733e-03 
 2.22000e+02  1.39376e-03 
 2.22500e+02  1.34061e-03 
 2.23000e+02  1.34670e-03 
 2.23500e+02  1.27158e-03 
 2.24000e+02  1.13217e-03 
 2.24500e+02  1.16840e-03 
 2.25000e+02  1.14156e-03 
 2.25500e+02  1.14010e-03 
 2.26000e+02  1.14372e-03 
 2.26500e+02  1.11581e-03 
 2.27000e+02  1.10202e-03 
 2.27500e+02  9.71312e-04 
 2.28000e+02  9.29328e-04 
 2.28500e+02  9.09136e-04 
 2.29000e+02  9.22656e-04 
 2.29500e+02  9.56136e-04 
 2.30000e+02  1.08289e-03 
 2.30500e+02  1.05688e-03 
 2.31000e+02  9.31072e-04 
 2.31500e+02  1.03295e-03 
 2.32000e+02  9.74968e-04 
 2.32500e+02  9.20472e-04 
 2.33000e+02  1.00257e-03 
 2.33500e+02  8.58920e-04 
 2.34000e+02  8.47056e-04 
 2.34500e+02  8.14512e-04 
 2.35000e+02  7.56608e-04 
 2.35500e+02  7.60456e-04 
 2.36000e+02  8.63688e-04 
 2.36500e+02  8.61464e-04 
 2.37000e+02  7.42312e-04 
 2.37500e+02  7.12144e-04 
 2.38000e+02  7.21464e-04 
 2.38500e+02  8.50728e-04 
 2.39000e+02  8.37096e-04 
 2.39500e+02  8.11264e-04 
 2.40000e+02  7.70032e-04 
 2.40500e+02  7.89528e-04 
 2.41000e+02  7.98232e-04 
 2.41500e+02  8.13288e-04 
 2.42000e+02  7.55848e-04 
 2.42500e+02  7.24528e-04 
 2.43000e+02  6.93776e-04 
 2.43500e+02  7.16256e-04 
 2.44000e+02  6.61016e-04 
 2.44500e+02  6.05176e-04 
 2.45000e+02  6.65336e-04 
 2.45500e+02  6.78392e-04 
 2.46000e+02  6.45464e-04 
 2.46500e+02  6.08256e-04 
 2.47000e+02  6.21296e-04 
 2.47500e+02  6.11832e-04 
 2.48000e+02  6.25904e-04 
 2.48500e+02  5.77904e-04 
 2.49000e+02  5.71872e-04 
 2.49500e+02  5.61784e-04 
 2.50000e+02  5.12576e-04 
 2.50500e+02  5.26288e-04 
 2.51000e+02  5.07232e-04 
 2.51500e+02  5.15968e-04 
 2.52000e+02  5.25920e-04 
 2.52500e+02  5.34080e-04 
 2.53000e+02  4.67200e-04 
 2.53500e+02  4.46384e-04 
 2.54000e+02  4.69824e-04 
 2.54500e+02  4.64696e-04 
 2.55000e+02  4.73728e-04 
 2.55500e+02  4.95368e-04 
 2.56000e+02  5.02208e-04 
 2.56500e+02  4.59464e-04 
 2.57000e+02  4.34736e-04 
 2.57500e+02  4.35816e-04 
 2.58000e+02  4.19200e-04 
 2.58500e+02  4.09240e-04 
 2.59000e+02  4.01720e-04 
 2.59500e+02  3.93184e-04 
 2.60000e+02  3.91952e-04 
 2.60500e+02  3.70048e-04 
 2.61000e+02  3.86024e-04 
 2.61500e+02  4.12104e-04 
 2.62000e+02  3.78600e-04 
 2.62500e+02  3.99408e-04 
 2.63000e+02  3.53616e-04 
 2.63500e+02  3.40264e-04 
 2.64000e+02  3.35392e-04 
 2.64500e+02  3.47656e-04 
 2.65000e+02  3.23064e-04 
 2.65500e+02  3.22128e-04 
 2.66000e+02  3.22008e-04 
 2.66500e+02  3.31480e-04 
 2.67000e+02  3.02440e-04 
 2.67500e+02  3.15472e-04 
 2.68000e+02  3.12952e-04 
 2.68500e+02  2.96344e-04 
 2.69000e+02  3.03704e-04 
 2.69500e+02  2.89168e-04 
 2.70000e+02  2.55976e-04 
 2.70500e+02  2.39240e-04 
 2.71000e+02  2.32128e-04 
 2.71500e+02  2.40144e-04 
 2.72000e+02  2.29648e-04 
 2.72500e+02  2.32648e-04 
 2.73000e+02  2.51096e-04 
 2.73500e+02  2.43752e-04 
 2.74000e+02  2.42128e-04 
 2.74500e+02  2.25976e-04 
 2.75000e+02  2.20960e-04 
 2.75500e+02  2.21248e-04 
 2.76000e+02  2.23616e-04 
 2.76500e+02  2.42952e-04 
 2.77000e+02  2.30344e-04 
 2.77500e+02  2.51056e-04 
 2.78000e+02  2.46608e-04 
 2.78500e+02  2.31392e-04 
 2.79000e+02  2.36760e-04 
 2.79500e+02  2.61920e-04 
 2.80000e+02  2.57120e-04 
 2.80500e+02  2.75544e-04 
 2.81000e+02  2.59976e-04 
 2.81500e+02  2.22808e-04 
 2.82000e+02  1.85872e-04 
 2.82500e+02  1.68048e-04 
 2.83000e+02  1.61416e-04 
 2.83500e+02  1.54720e-04 
 2.84000e+02  1.43000e-04 
 2.84500e+02  1.48752e-04 
 2.85000e+02  1.32712e-04 
 2.85500e+02  1.30056e-04 
 2.86000e+02  1.23192e-04 
 2.86500e+02  1.22808e-04 
 2.87000e+02  1.24880e-04 
 2.87500e+02  1.29360e-04 
 2.88000e+02  1.21936e-04 
 2.88500e+02  1.27744e-04 
 2.89000e+02  1.29416e-04 
 2.89500e+02  1.20608e-04 
 2.90000e+02  1.23832e-04 
 2.90500e+02  1.15952e-04 
 2.91000e+02  1.15432e-04 
 2.91500e+02  1.17896e-04 
 2.92000e+02  1.15912e-04 
 2.92500e+02  1.11416e-04 
 2.93000e+02  1.14088e-04 
 2.93500e+02  1.14768e-04 
 2.94000e+02  1.19656e-04 
 2.94500e+02  1.20936e-04 
 2.95000e+02  1.14088e-04 
 2.95500e+02  1.22704e-04 
 2.96000e+02  1.22168e-04 
 2.96500e+02  1.21000e-04 
 2.97000e+02  1.16680e-04 
 2.97500e+02  1.17848e-04 
 2.98000e+02  1.20704e-04 
 2.98500e+02  1.19552e-04 
 2.99000e+02  1.19976e-04 
 2.99500e+02  1.17296e-04 
 3.00000e+02  1.12288e-04 
 3.00500e+02  1.20232e-04 
 3.01000e+02  1.22896e-04 
 3.01500e+02  1.16264e-04 
 3.02000e+02  1.04880e-04 
 3.02500e+02  1.05336e-04 
 3.03000e+02  1.09648e-04 
 3.03500e+02  1.16600e-04 
 3.04000e+02  1.17688e-04 
 3.04500e+02  1.15232e-04 
 3.05000e+02  1.23296e-04 
 3.05500e+02  1.21120e-04 
 3.06000e+02  1.24448e-04 
 3.06500e+02  1.21624e-04 
 3.07000e+02  1.24784e-04 
 3.07500e+02  1.22192e-04 
 3.08000e+02  1.23024e-04 
 3.08500e+02  1.24016e-04 
 3.09000e+02  1.24888e-04 
 3.09500e+02  1.33216e-04 
 3.10000e+02  1.31392e-04 
 3.10500e+02  1.30840e-04 
 3.11000e+02  1.35072e-04 
 3.11500e+02  1.35584e-04 
 3.12000e+02  1.37072e-04 
 3.12500e+02  1.49800e-04 
 3.13000e+02  1.47664e-04 
 3.13500e+02  1.50968e-04 
 3.14000e+02  1.57688e-04 
 3.14500e+02  1.57536e-04 
 3.15000e+02  1.60744e-04 
 3.15500e+02  1.68144e-04 
 3.16000e+02  1.78512e-04 
 3.16500e+02  1.94280e-04 
 3.17000e+02  2.12824e-04 
 3.17500e+02  2.38256e-04 
 3.18000e+02  2.53632e-04 
 3.18500e+02  3.13472e-04 
 3.19000e+02  3.97816e-04 
 3.19500e+02  8.81416e-04 
