 0.00000e+00  1.25600e-06 
 5.00000e-01  4.18400e-06 
 1.00000e+00  1.98400e-06 
 1.50000e+00  1.63200e-06 
 2.00000e+00  1.40800e-06 
 2.50000e+00  1.20800e-06 
 3.00000e+00  1.49600e-06 
 3.50000e+00  1.96800e-06 
 4.00000e+00  2.77600e-06 
 4.50000e+00  1.44000e-06 
 5.00000e+00  1.34400e-06 
 5.50000e+00  1.24800e-06 
 6.00000e+00  1.14400e-06 
 6.50000e+00  1.04800e-06 
 7.00000e+00  9.28000e-07 
 7.50000e+00  8.96000e-07 
 8.00000e+00  2.11200e-06 
 8.50000e+00  1.92000e-06 
 9.00000e+00  1.58400e-06 
 9.50000e+00  1.55200e-06 
 1.00000e+01  1.44800e-06 
 1.05000e+01  1.32000e-06 
 1.10000e+01  1.18400e-06 
 1.15000e+01  1.14400e-06 
 1.20000e+01  1.10400e-06 
 1.25000e+01  1.08000e-06 
 1.30000e+01  1.03200e-06 
 1.35000e+01  9.92000e-07 
 1.40000e+01  9.36000e-07 
 1.45000e+01  9.36000e-07 
 1.50000e+01  9.20000e-07 
 1.55000e+01  8.88000e-07 
 1.60000e+01  8.80000e-07 
 1.65000e+01  8.56000e-07 
 1.70000e+01  8.56000e-07 
 1.75000e+01  8.00000e-07 
 1.80000e+01  8.16000e-07 
 1.85000e+01  8.08000e-07 
 1.90000e+01  7.68000e-07 
 1.95000e+01  7.84000e-07 
 2.00000e+01  1.35200e-06 
 2.05000e+01  1.45600e-06 
 2.10000e+01  1.34400e-06 
 2.15000e+01  1.20800e-06 
 2.20000e+01  1.16000e-06 
 2.25000e+01  1.13600e-06 
 2.30000e+01  1.10400e-06 
 2.35000e+01  1.05600e-06 
 2.40000e+01  9.92000e-07 
 2.45000e+01  1.03200e-06 
 2.50000e+01  1.48000e-06 
 2.55000e+01  1.80000e-06 
 2.60000e+01  1.61600e-06 
 2.65000e+01  1.47200e-06 
 2.70000e+01  1.42400e-06 
 2.75000e+01  1.37600e-06 
 2.80000e+01  1.32800e-06 
 2.85000e+01  3.52800e-06 
 2.90000e+01  2.30400e-06 
 2.95000e+01  2.01600e-06 
 3.00000e+01  1.86400e-06 
 3.05000e+01  1.78400e-06 
 3.10000e+01  1.68800e-06 
 3.15000e+01  1.60800e-06 
 3.20000e+01  1.60000e-06 
 3.25000e+01  1.56800e-06 
 3.30000e+01  1.52000e-06 
 3.35000e+01  2.93600e-06 
 3.40000e+01  3.05600e-06 
 3.45000e+01  2.40800e-06 
 3.50000e+01  4.41600e-06 
 3.55000e+01  3.28000e-06 
 3.60000e+01  6.61600e-06 
 3.65000e+01  6.29600e-06 
 3.70000e+01  6.84000e-06 
 3.75000e+01  7.97600e-06 
 3.80000e+01  5.96800e-06 
 3.85000e+01  6.64000e-06 
 3.90000e+01  4.80800e-06 
 3.95000e+01  6.83200e-06 
 4.00000e+01  6.29600e-06 
 4.05000e+01  5.16000e-06 
 4.10000e+01  4.78400e-06 
 4.15000e+01  4.64000e-06 
 4.20000e+01  4.41600e-06 
 4.25000e+01  4.25600e-06 
 4.30000e+01  4.64000e-06 
 4.35000e+01  4.42400e-06 
 4.40000e+01  7.32000e-06 
 4.45000e+01  6.06400e-06 
 4.50000e+01  5.32800e-06 
 4.55000e+01  4.47200e-06 
 4.60000e+01  4.28800e-06 
 4.65000e+01  7.97600e-06 
 4.70000e+01  6.35200e-06 
 4.75000e+01  1.03120e-05 
 4.80000e+01  7.45600e-06 
 4.85000e+01  6.34400e-06 
 4.90000e+01  6.35200e-06 
 4.95000e+01  1.07760e-05 
 5.00000e+01  1.07840e-05 
 5.05000e+01  1.15360e-05 
 5.10000e+01  1.16000e-05 
 5.15000e+01  8.65600e-06 
 5.20000e+01  8.04000e-06 
 5.25000e+01  7.70400e-06 
 5.30000e+01  7.63200e-06 
 5.35000e+01  7.48000e-06 
 5.40000e+01  7.40800e-06 
 5.45000e+01  1.43040e-05 
 5.50000e+01  1.46640e-05 
 5.55000e+01  1.46080e-05 
 5.60000e+01  1.22000e-05 
 5.65000e+01  1.13840e-05 
 5.70000e+01  1.07200e-05 
 5.75000e+01  1.07120e-05 
 5.80000e+01  1.33680e-05 
 5.85000e+01  1.06640e-05 
 5.90000e+01  1.16880e-05 
 5.95000e+01  1.13760e-05 
 6.00000e+01  1.10480e-05 
 6.05000e+01  1.07840e-05 
 6.10000e+01  1.86880e-05 
 6.15000e+01  1.19120e-05 
 6.20000e+01  1.31040e-05 
 6.25000e+01  2.30960e-05 
 6.30000e+01  1.60640e-05 
 6.35000e+01  1.69040e-05 
 6.40000e+01  1.64800e-05 
 6.45000e+01  1.62000e-05 
 6.50000e+01  1.81600e-05 
 6.55000e+01  2.46080e-05 
 6.60000e+01  1.50640e-05 
 6.65000e+01  1.42720e-05 
 6.70000e+01  1.39520e-05 
 6.75000e+01  1.41200e-05 
 6.80000e+01  1.52080e-05 
 6.85000e+01  1.50400e-05 
 6.90000e+01  1.68320e-05 
 6.95000e+01  1.76880e-05 
 7.00000e+01  3.74800e-05 
 7.05000e+01  2.59680e-05 
 7.10000e+01  2.44000e-05 
 7.15000e+01  3.84560e-05 
 7.20000e+01  3.07680e-05 
 7.25000e+01  3.49520e-05 
 7.30000e+01  4.21680e-05 
 7.35000e+01  3.41600e-05 
 7.40000e+01  3.87040e-05 
 7.45000e+01  3.23280e-05 
 7.50000e+01  2.60080e-05 
 7.55000e+01  4.29440e-05 
 7.60000e+01  3.80240e-05 
 7.65000e+01  3.29600e-05 
 7.70000e+01  5.65040e-05 
 7.75000e+01  6.16960e-05 
 7.80000e+01  7.21200e-05 
 7.85000e+01  4.92160e-05 
 7.90000e+01  5.41440e-05 
 7.95000e+01  4.07680e-05 
 8.00000e+01  3.50880e-05 
 8.05000e+01  3.40320e-05 
 8.10000e+01  4.21040e-05 
 8.15000e+01  4.94080e-05 
 8.20000e+01  5.17600e-05 
 8.25000e+01  3.40480e-05 
 8.30000e+01  4.69440e-05 
 8.35000e+01  3.94640e-05 
 8.40000e+01  4.74080e-05 
 8.45000e+01  3.91760e-05 
 8.50000e+01  8.92560e-05 
 8.55000e+01  5.58560e-05 
 8.60000e+01  5.55760e-05 
 8.65000e+01  5.27040e-05 
 8.70000e+01  4.72720e-05 
 8.75000e+01  4.78160e-05 
 8.80000e+01  5.52320e-05 
 8.85000e+01  4.55680e-05 
 8.90000e+01  6.32480e-05 
 8.95000e+01  8.08080e-05 
 9.00000e+01  5.53520e-05 
 9.05000e+01  6.69840e-05 
 9.10000e+01  7.13440e-05 
 9.15000e+01  8.16720e-05 
 9.20000e+01  9.23280e-05 
 9.25000e+01  7.19520e-05 
 9.30000e+01  6.29920e-05 
 9.35000e+01  1.55272e-04 
 9.40000e+01  9.01920e-05 
 9.45000e+01  8.88800e-05 
 9.50000e+01  1.36808e-04 
 9.55000e+01  9.80800e-05 
 9.60000e+01  7.89760e-05 
 9.65000e+01  1.12640e-04 
 9.70000e+01  9.58080e-05 
 9.75000e+01  6.39920e-05 
 9.80000e+01  7.37440e-05 
 9.85000e+01  6.92960e-05 
 9.90000e+01  9.48880e-05 
 9.95000e+01  9.26160e-05 
 1.00000e+02  9.68880e-05 
 1.00500e+02  1.15320e-04 
 1.01000e+02  1.21744e-04 
 1.01500e+02  1.92888e-04 
 1.02000e+02  1.51096e-04 
 1.02500e+02  1.85088e-04 
 1.03000e+02  1.79232e-04 
 1.03500e+02  2.19312e-04 
 1.04000e+02  1.75208e-04 
 1.04500e+02  2.33448e-04 
 1.05000e+02  2.34120e-04 
 1.05500e+02  2.18760e-04 
 1.06000e+02  2.53456e-04 
 1.06500e+02  2.29144e-04 
 1.07000e+02  2.00800e-04 
 1.07500e+02  1.93984e-04 
 1.08000e+02  1.88656e-04 
 1.08500e+02  1.82832e-04 
 1.09000e+02  1.91512e-04 
 1.09500e+02  2.30032e-04 
 1.10000e+02  2.80784e-04 
 1.10500e+02  2.65736e-04 
 1.11000e+02  2.86672e-04 
 1.11500e+02  3.38616e-04 
 1.12000e+02  2.83576e-04 
 1.12500e+02  3.12344e-04 
 1.13000e+02  3.00624e-04 
 1.13500e+02  2.63504e-04 
 1.14000e+02  2.89296e-04 
 1.14500e+02  3.08024e-04 
 1.15000e+02  2.80288e-04 
 1.15500e+02  2.77216e-04 
 1.16000e+02  3.43536e-04 
 1.16500e+02  4.47232e-04 
 1.17000e+02  3.49472e-04 
 1.17500e+02  3.03120e-04 
 1.18000e+02  3.36048e-04 
 1.18500e+02  3.87000e-04 
 1.19000e+02  3.79088e-04 
 1.19500e+02  3.92224e-04 
 1.20000e+02  4.21416e-04 
 1.20500e+02  4.41168e-04 
 1.21000e+02  4.43240e-04 
 1.21500e+02  3.74616e-04 
 1.22000e+02  4.15088e-04 
 1.22500e+02  5.61136e-04 
 1.23000e+02  5.94784e-04 
 1.23500e+02  5.35360e-04 
 1.24000e+02  4.66352e-04 
 1.24500e+02  4.26280e-04 
 1.25000e+02  4.33320e-04 
 1.25500e+02  4.42608e-04 
 1.26000e+02  3.97360e-04 
 1.26500e+02  3.84696e-04 
 1.27000e+02  3.75600e-04 
 1.27500e+02  3.83440e-04 
 1.28000e+02  3.93240e-04 
 1.28500e+02  5.15896e-04 
 1.29000e+02  5.99200e-04 
 1.29500e+02  5.78424e-04 
 1.30000e+02  4.39568e-04 
 1.30500e+02  4.88256e-04 
 1.31000e+02  5.92280e-04 
 1.31500e+02  6.59664e-04 
 1.32000e+02  6.35448e-04 
 1.32500e+02  6.60880e-04 
 1.33000e+02  6.70752e-04 
 1.33500e+02  8.26488e-04 
 1.34000e+02  6.99432e-04 
 1.34500e+02  7.89888e-04 
 1.35000e+02  9.23976e-04 
 1.35500e+02  8.24080e-04 
 1.36000e+02  7.27320e-04 
 1.36500e+02  8.11416e-04 
 1.37000e+02  7.77256e-04 
 1.37500e+02  7.89208e-04 
 1.38000e+02  8.89048e-04 
 1.38500e+02  7.94128e-04 
 1.39000e+02  8.08304e-04 
 1.39500e+02  8.47688e-04 
 1.40000e+02  9.47240e-04 
 1.40500e+02  9.31992e-04 
 1.41000e+02  9.80040e-04 
 1.41500e+02  1.03073e-03 
 1.42000e+02  1.04546e-03 
 1.42500e+02  1.09182e-03 
 1.43000e+02  1.13574e-03 
 1.43500e+02  1.00927e-03 
 1.44000e+02  1.11486e-03 
 1.44500e+02  1.13710e-03 
 1.45000e+02  1.34762e-03 
 1.45500e+02  1.39138e-03 
 1.46000e+02  1.16342e-03 
 1.46500e+02  1.04002e-03 
 1.47000e+02  1.06280e-03 
 1.47500e+02  1.13482e-03 
 1.48000e+02  1.17605e-03 
 1.48500e+02  1.13018e-03 
 1.49000e+02  1.16979e-03 
 1.49500e+02  1.32576e-03 
 1.50000e+02  1.24924e-03 
 1.50500e+02  1.51476e-03 
 1.51000e+02  1.32883e-03 
 1.51500e+02  1.34138e-03 
 1.52000e+02  1.47506e-03 
 1.52500e+02  1.26130e-03 
 1.53000e+02  1.53654e-03 
 1.53500e+02  1.55669e-03 
 1.54000e+02  1.52219e-03 
 1.54500e+02  1.71403e-03 
 1.55000e+02  1.75016e-03 
 1.55500e+02  1.67820e-03 
 1.56000e+02  1.48062e-03 
 1.56500e+02  1.41608e-03 
 1.57000e+02  1.47679e-03 
 1.57500e+02  1.49357e-03 
 1.58000e+02  1.46591e-03 
 1.58500e+02  1.51117e-03 
 1.59000e+02  1.77754e-03 
 1.59500e+02  1.84380e-03 
 1.60000e+02  1.71901e-03 
 1.60500e+02  1.65013e-03 
 1.61000e+02  1.70006e-03 
 1.61500e+02  1.92840e-03 
 1.62000e+02  1.85161e-03 
 1.62500e+02  1.78973e-03 
 1.63000e+02  1.90278e-03 
 1.63500e+02  1.75899e-03 
 1.64000e+02  1.79756e-03 
 1.64500e+02  1.81174e-03 
 1.65000e+02  1.91892e-03 
 1.65500e+02  2.12102e-03 
 1.66000e+02  2.04729e-03 
 1.66500e+02  1.93408e-03 
 1.67000e+02  1.98529e-03 
 1.67500e+02  2.14054e-03 
 1.68000e+02  2.04745e-03 
 1.68500e+02  1.99125e-03 
 1.69000e+02  2.04276e-03 
 1.69500e+02  2.13034e-03 
 1.70000e+02  2.03440e-03 
 1.70500e+02  2.00771e-03 
 1.71000e+02  2.04864e-03 
 1.71500e+02  2.02160e-03 
 1.72000e+02  2.00095e-03 
 1.72500e+02  2.11308e-03 
 1.73000e+02  1.98924e-03 
 1.73500e+02  2.28181e-03 
 1.74000e+02  2.64494e-03 
 1.74500e+02  2.35333e-03 
 1.75000e+02  2.55779e-03 
 1.75500e+02  2.43020e-03 
 1.76000e+02  2.37451e-03 
 1.76500e+02  2.47328e-03 
 1.77000e+02  2.54273e-03 
 1.77500e+02  2.83918e-03 
 1.78000e+02  2.82176e-03 
 1.78500e+02  2.78481e-03 
 1.79000e+02  2.78987e-03 
 1.79500e+02  2.69282e-03 
 1.80000e+02  2.44538e-03 
 1.80500e+02  2.50114e-03 
 1.81000e+02  2.84017e-03 
 1.81500e+02  2.76306e-03 
 1.82000e+02  2.82217e-03 
 1.82500e+02  2.37897e-03 
 1.83000e+02  2.26898e-03 
 1.83500e+02  2.29380e-03 
 1.84000e+02  2.50898e-03 
 1.84500e+02  2.53750e-03 
 1.85000e+02  2.40850e-03 
 1.85500e+02  2.53095e-03 
 1.86000e+02  2.79713e-03 
 1.86500e+02  2.59914e-03 
 1.87000e+02  2.38216e-03 
 1.87500e+02  2.29910e-03 
 1.88000e+02  2.23058e-03 
 1.88500e+02  2.32335e-03 
 1.89000e+02  2.57522e-03 
 1.89500e+02  2.64255e-03 
 1.90000e+02  2.46775e-03 
 1.90500e+02  2.65926e-03 
 1.91000e+02  3.03598e-03 
 1.91500e+02  2.85869e-03 
 1.92000e+02  2.66190e-03 
 1.92500e+02  2.44822e-03 
 1.93000e+02  2.48770e-03 
 1.93500e+02  2.44553e-03 
 1.94000e+02  2.31482e-03 
 1.94500e+02  2.44622e-03 
 1.95000e+02  2.53045e-03 
 1.95500e+02  2.67553e-03 
 1.96000e+02  2.60681e-03 
 1.96500e+02  2.42852e-03 
 1.97000e+02  2.48276e-03 
 1.97500e+02  2.54644e-03 
 1.98000e+02  2.51632e-03 
 1.98500e+02  2.68500e-03 
 1.99000e+02  2.73275e-03 
 1.99500e+02  2.96452e-03 
 2.00000e+02  2.59268e-03 
 2.00500e+02  2.50212e-03 
 2.01000e+02  2.34304e-03 
 2.01500e+02  2.23437e-03 
 2.02000e+02  2.08150e-03 
 2.02500e+02  2.04859e-03 
 2.03000e+02  2.11751e-03 
 2.03500e+02  2.25064e-03 
 2.04000e+02  2.33129e-03 
 2.04500e+02  2.29150e-03 
 2.05000e+02  2.56314e-03 
 2.05500e+02  2.15422e-03 
 2.06000e+02  2.09500e-03 
 2.06500e+02  2.13977e-03 
 2.07000e+02  2.09765e-03 
 2.07500e+02  2.27319e-03 
 2.08000e+02  1.98344e-03 
 2.08500e+02  1.95256e-03 
 2.09000e+02  1.79966e-03 
 2.09500e+02  1.80298e-03 
 2.10000e+02  1.71946e-03 
 2.10500e+02  1.65766e-03 
 2.11000e+02  1.70172e-03 
 2.11500e+02  1.70535e-03 
 2.12000e+02  1.62374e-03 
 2.12500e+02  1.51961e-03 
 2.13000e+02  1.50602e-03 
 2.13500e+02  1.54514e-03 
 2.14000e+02  1.69566e-03 
 2.14500e+02  1.62049e-03 
 2.15000e+02  1.64744e-03 
 2.15500e+02  1.46777e-03 
 2.16000e+02  1.24980e-03 
 2.16500e+02  1.27719e-03 
 2.17000e+02  1.27969e-03 
 2.17500e+02  1.35470e-03 
 2.18000e+02  1.55798e-03 
 2.18500e+02  1.53704e-03 
 2.19000e+02  1.54808e-03 
 2.19500e+02  1.33669e-03 
 2.20000e+02  1.40537e-03 
 2.20500e+02  1.39318e-03 
 2.21000e+02  1.37784e-03 
 2.21500e+02  1.35942e-03 
 2.22000e+02  1.35766e-03 
 2.22500e+02  1.41104e-03 
 2.23000e+02  1.34061e-03 
 2.23500e+02  1.27618e-03 
 2.24000e+02  1.31494e-03 
 2.24500e+02  1.38674e-03 
 2.25000e+02  1.37226e-03 
 2.25500e+02  1.16894e-03 
 2.26000e+02  1.19734e-03 
 2.26500e+02  1.13324e-03 
 2.27000e+02  1.24991e-03 
 2.27500e+02  1.02702e-03 
 2.28000e+02  1.08889e-03 
 2.28500e+02  1.18733e-03 
 2.29000e+02  1.25555e-03 
 2.29500e+02  1.20231e-03 
 2.30000e+02  1.13218e-03 
 2.30500e+02  1.05974e-03 
 2.31000e+02  1.08043e-03 
 2.31500e+02  1.00145e-03 
 2.32000e+02  1.02838e-03 
 2.32500e+02  1.05601e-03 
 2.33000e+02  9.70936e-04 
 2.33500e+02  9.17400e-04 
 2.34000e+02  9.39840e-04 
 2.34500e+02  9.03880e-04 
 2.35000e+02  8.53040e-04 
 2.35500e+02  8.25936e-04 
 2.36000e+02  8.54568e-04 
 2.36500e+02  8.97768e-04 
 2.37000e+02  8.32016e-04 
 2.37500e+02  7.75744e-04 
 2.38000e+02  7.97152e-04 
 2.38500e+02  7.23688e-04 
 2.39000e+02  7.25808e-04 
 2.39500e+02  7.69048e-04 
 2.40000e+02  7.40224e-04 
 2.40500e+02  7.16176e-04 
 2.41000e+02  6.64032e-04 
 2.41500e+02  6.41352e-04 
 2.42000e+02  6.09016e-04 
 2.42500e+02  6.45304e-04 
 2.43000e+02  6.86336e-04 
 2.43500e+02  7.13144e-04 
 2.44000e+02  7.86880e-04 
 2.44500e+02  6.72544e-04 
 2.45000e+02  6.86696e-04 
 2.45500e+02  7.21904e-04 
 2.46000e+02  6.89872e-04 
 2.46500e+02  6.24600e-04 
 2.47000e+02  5.98560e-04 
 2.47500e+02  5.49784e-04 
 2.48000e+02  5.55192e-04 
 2.48500e+02  4.89608e-04 
 2.49000e+02  5.31840e-04 
 2.49500e+02  5.47448e-04 
 2.50000e+02  5.13744e-04 
 2.50500e+02  5.45744e-04 
 2.51000e+02  5.43472e-04 
 2.51500e+02  4.87008e-04 
 2.52000e+02  4.85512e-04 
 2.52500e+02  4.88872e-04 
 2.53000e+02  4.75632e-04 
 2.53500e+02  4.73040e-04 
 2.54000e+02  4.63744e-04 
 2.54500e+02  4.47624e-04 
 2.55000e+02  4.59744e-04 
 2.55500e+02  4.86312e-04 
 2.56000e+02  4.83256e-04 
 2.56500e+02  4.06528e-04 
 2.57000e+02  3.73360e-04 
 2.57500e+02  3.78320e-04 
 2.58000e+02  3.88056e-04 
 2.58500e+02  3.85648e-04 
 2.59000e+02  3.80784e-04 
 2.59500e+02  3.77960e-04 
 2.60000e+02  4.01552e-04 
 2.60500e+02  4.13224e-04 
 2.61000e+02  3.65664e-04 
 2.61500e+02  3.64040e-04 
 2.62000e+02  3.85616e-04 
 2.62500e+02  3.69304e-04 
 2.63000e+02  3.39184e-04 
 2.63500e+02  3.48536e-04 
 2.64000e+02  3.59984e-04 
 2.64500e+02  3.49288e-04 
 2.65000e+02  3.52064e-04 
 2.65500e+02  3.41784e-04 
 2.66000e+02  3.59592e-04 
 2.66500e+02  3.37392e-04 
 2.67000e+02  3.23512e-04 
 2.67500e+02  3.07768e-04 
 2.68000e+02  3.15248e-04 
 2.68500e+02  2.99640e-04 
 2.69000e+02  2.87904e-04 
 2.69500e+02  2.82208e-04 
 2.70000e+02  2.57232e-04 
 2.70500e+02  2.69856e-04 
 2.71000e+02  2.49584e-04 
 2.71500e+02  2.46776e-04 
 2.72000e+02  2.46160e-04 
 2.72500e+02  2.41784e-04 
 2.73000e+02  2.33208e-04 
 2.73500e+02  2.30504e-04 
 2.74000e+02  2.43376e-04 
 2.74500e+02  2.40104e-04 
 2.75000e+02  2.28600e-04 
 2.75500e+02  2.26856e-04 
 2.76000e+02  2.19376e-04 
 2.76500e+02  2.44272e-04 
 2.77000e+02  2.23072e-04 
 2.77500e+02  2.23096e-04 
 2.78000e+02  2.28968e-04 
 2.78500e+02  2.17976e-04 
 2.79000e+02  2.32792e-04 
 2.79500e+02  2.59456e-04 
 2.80000e+02  2.56672e-04 
 2.80500e+02  2.58152e-04 
 2.81000e+02  2.50536e-04 
 2.81500e+02  2.34512e-04 
 2.82000e+02  2.28752e-04 
 2.82500e+02  1.87000e-04 
 2.83000e+02  1.61064e-04 
 2.83500e+02  1.63624e-04 
 2.84000e+02  1.53880e-04 
 2.84500e+02  1.46008e-04 
 2.85000e+02  1.45840e-04 
 2.85500e+02  1.40064e-04 
 2.86000e+02  1.39944e-04 
 2.86500e+02  1.27360e-04 
 2.87000e+02  1.21000e-04 
 2.87500e+02  1.22096e-04 
 2.88000e+02  1.16480e-04 
 2.88500e+02  1.25032e-04 
 2.89000e+02  1.22976e-04 
 2.89500e+02  1.24664e-04 
 2.90000e+02  1.20992e-04 
 2.90500e+02  1.20496e-04 
 2.91000e+02  1.20416e-04 
 2.91500e+02  1.14872e-04 
 2.92000e+02  1.13936e-04 
 2.92500e+02  1.17744e-04 
 2.93000e+02  1.20336e-04 
 2.93500e+02  1.27992e-04 
 2.94000e+02  1.28944e-04 
 2.94500e+02  1.29568e-04 
 2.95000e+02  1.27912e-04 
 2.95500e+02  1.25288e-04 
 2.96000e+02  1.28760e-04 
 2.96500e+02  1.22752e-04 
 2.97000e+02  1.20536e-04 
 2.97500e+02  1.22120e-04 
 2.98000e+02  1.29984e-04 
 2.98500e+02  1.37424e-04 
 2.99000e+02  1.34144e-04 
 2.99500e+02  1.20952e-04 
 3.00000e+02  1.24136e-04 
 3.00500e+02  1.23712e-04 
 3.01000e+02  1.18904e-04 
 3.01500e+02  1.10960e-04 
 3.02000e+02  1.14936e-04 
 3.02500e+02  1.12152e-04 
 3.03000e+02  1.14192e-04 
 3.03500e+02  1.22040e-04 
 3.04000e+02  1.22704e-04 
 3.04500e+02  1.24920e-04 
 3.05000e+02  1.30424e-04 
 3.05500e+02  1.25616e-04 
 3.06000e+02  1.16544e-04 
 3.06500e+02  1.16896e-04 
 3.07000e+02  1.25184e-04 
 3.07500e+02  1.27856e-04 
 3.08000e+02  1.25696e-04 
 3.08500e+02  1.32376e-04 
 3.09000e+02  1.28048e-04 
 3.09500e+02  1.33392e-04 
 3.10000e+02  1.39824e-04 
 3.10500e+02  1.37880e-04 
 3.11000e+02  1.35232e-04 
 3.11500e+02  1.43632e-04 
 3.12000e+02  1.39832e-04 
 3.12500e+02  1.48648e-04 
 3.13000e+02  1.57968e-04 
 3.13500e+02  1.70824e-04 
 3.14000e+02  1.70976e-04 
 3.14500e+02  1.71936e-04 
 3.15000e+02  1.72304e-04 
 3.15500e+02  1.76504e-04 
 3.16000e+02  1.91544e-04 
 3.16500e+02  2.11216e-04 
 3.17000e+02  2.19048e-04 
 3.17500e+02  2.36680e-04 
 3.18000e+02  2.57472e-04 
 3.18500e+02  3.10280e-04 
 3.19000e+02  4.09816e-04 
 3.19500e+02  9.05472e-04 
