 0.00000e+00  3.84000e-07 
 5.00000e-01  3.20000e-07 
 1.00000e+00  2.56000e-07 
 1.50000e+00  2.08000e-07 
 2.00000e+00  1.84000e-07 
 2.50000e+00  1.84000e-07 
 3.00000e+00  1.76000e-07 
 3.50000e+00  1.52000e-07 
 4.00000e+00  1.44000e-07 
 4.50000e+00  1.28000e-07 
 5.00000e+00  1.36000e-07 
 5.50000e+00  1.28000e-07 
 6.00000e+00  1.28000e-07 
 6.50000e+00  1.20000e-07 
 7.00000e+00  1.12000e-07 
 7.50000e+00  1.12000e-07 
 8.00000e+00  1.04000e-07 
 8.50000e+00  1.04000e-07 
 9.00000e+00  1.44000e-07 
 9.50000e+00  2.16000e-07 
 1.00000e+01  2.08000e-07 
 1.05000e+01  1.92000e-07 
 1.10000e+01  1.92000e-07 
 1.15000e+01  1.84000e-07 
 1.20000e+01  2.56000e-07 
 1.25000e+01  2.64000e-07 
 1.30000e+01  2.48000e-07 
 1.35000e+01  2.64000e-07 
 1.40000e+01  2.56000e-07 
 1.45000e+01  2.56000e-07 
 1.50000e+01  2.48000e-07 
 1.55000e+01  2.64000e-07 
 1.60000e+01  2.40000e-07 
 1.65000e+01  1.62400e-06 
 1.70000e+01  1.29600e-06 
 1.75000e+01  9.52000e-07 
 1.80000e+01  8.40000e-07 
 1.85000e+01  7.12000e-07 
 1.90000e+01  6.88000e-07 
 1.95000e+01  6.40000e-07 
 2.00000e+01  6.24000e-07 
 2.05000e+01  5.76000e-07 
 2.10000e+01  5.60000e-07 
 2.15000e+01  5.44000e-07 
 2.20000e+01  5.28000e-07 
 2.25000e+01  5.28000e-07 
 2.30000e+01  4.96000e-07 
 2.35000e+01  4.72000e-07 
 2.40000e+01  4.72000e-07 
 2.45000e+01  2.61600e-06 
 2.50000e+01  1.42400e-06 
 2.55000e+01  1.12000e-06 
 2.60000e+01  1.21600e-06 
 2.65000e+01  1.18400e-06 
 2.70000e+01  1.12000e-06 
 2.75000e+01  1.12000e-06 
 2.80000e+01  1.08000e-06 
 2.85000e+01  1.01600e-06 
 2.90000e+01  9.84000e-07 
 2.95000e+01  9.68000e-07 
 3.00000e+01  1.06400e-06 
 3.05000e+01  3.25600e-06 
 3.10000e+01  1.89600e-06 
 3.15000e+01  1.68000e-06 
 3.20000e+01  1.55200e-06 
 3.25000e+01  1.44000e-06 
 3.30000e+01  1.40800e-06 
 3.35000e+01  1.33600e-06 
 3.40000e+01  1.28000e-06 
 3.45000e+01  1.26400e-06 
 3.50000e+01  1.23200e-06 
 3.55000e+01  3.14400e-06 
 3.60000e+01  1.83200e-06 
 3.65000e+01  1.65600e-06 
 3.70000e+01  1.54400e-06 
 3.75000e+01  4.18400e-06 
 3.80000e+01  2.63200e-06 
 3.85000e+01  2.40000e-06 
 3.90000e+01  2.16000e-06 
 3.95000e+01  2.04800e-06 
 4.00000e+01  1.96000e-06 
 4.05000e+01  4.39200e-06 
 4.10000e+01  3.40000e-06 
 4.15000e+01  2.88000e-06 
 4.20000e+01  3.25600e-06 
 4.25000e+01  3.45600e-06 
 4.30000e+01  5.64800e-06 
 4.35000e+01  4.92800e-06 
 4.40000e+01  4.84000e-06 
 4.45000e+01  3.87200e-06 
 4.50000e+01  3.70400e-06 
 4.55000e+01  3.51200e-06 
 4.60000e+01  3.40000e-06 
 4.65000e+01  3.31200e-06 
 4.70000e+01  3.24000e-06 
 4.75000e+01  3.30400e-06 
 4.80000e+01  3.24000e-06 
 4.85000e+01  3.21600e-06 
 4.90000e+01  3.14400e-06 
 4.95000e+01  3.12800e-06 
 5.00000e+01  4.32800e-06 
 5.05000e+01  7.56800e-06 
 5.10000e+01  5.60800e-06 
 5.15000e+01  7.72800e-06 
 5.20000e+01  8.84000e-06 
 5.25000e+01  6.52000e-06 
 5.30000e+01  5.88000e-06 
 5.35000e+01  5.53600e-06 
 5.40000e+01  5.27200e-06 
 5.45000e+01  5.12000e-06 
 5.50000e+01  4.96800e-06 
 5.55000e+01  4.88000e-06 
 5.60000e+01  7.91200e-06 
 5.65000e+01  1.30880e-05 
 5.70000e+01  1.01040e-05 
 5.75000e+01  9.04800e-06 
 5.80000e+01  6.94400e-06 
 5.85000e+01  6.58400e-06 
 5.90000e+01  1.25600e-05 
 5.95000e+01  2.40000e-05 
 6.00000e+01  1.47280e-05 
 6.05000e+01  1.18800e-05 
 6.10000e+01  1.11520e-05 
 6.15000e+01  1.06640e-05 
 6.20000e+01  1.02320e-05 
 6.25000e+01  2.60240e-05 
 6.30000e+01  2.36400e-05 
 6.35000e+01  3.67360e-05 
 6.40000e+01  5.26400e-05 
 6.45000e+01  3.32880e-05 
 6.50000e+01  2.34320e-05 
 6.55000e+01  2.02560e-05 
 6.60000e+01  2.17600e-05 
 6.65000e+01  3.30880e-05 
 6.70000e+01  2.86800e-05 
 6.75000e+01  1.89600e-05 
 6.80000e+01  1.68320e-05 
 6.85000e+01  1.61760e-05 
 6.90000e+01  1.57600e-05 
 6.95000e+01  1.52320e-05 
 7.00000e+01  1.48320e-05 
 7.05000e+01  1.45440e-05 
 7.10000e+01  2.20640e-05 
 7.15000e+01  3.20560e-05 
 7.20000e+01  5.55520e-05 
 7.25000e+01  3.37760e-05 
 7.30000e+01  2.50480e-05 
 7.35000e+01  2.37120e-05 
 7.40000e+01  3.36640e-05 
 7.45000e+01  3.78800e-05 
 7.50000e+01  2.68160e-05 
 7.55000e+01  2.57920e-05 
 7.60000e+01  2.42000e-05 
 7.65000e+01  2.25040e-05 
 7.70000e+01  2.21280e-05 
 7.75000e+01  2.30400e-05 
 7.80000e+01  3.86640e-05 
 7.85000e+01  3.78000e-05 
 7.90000e+01  2.72800e-05 
 7.95000e+01  4.19520e-05 
 8.00000e+01  4.13760e-05 
 8.05000e+01  2.02000e-05 
 8.10000e+01  1.86880e-05 
 8.15000e+01  1.76560e-05 
 8.20000e+01  1.65200e-05 
 8.25000e+01  1.58160e-05 
 8.30000e+01  2.93040e-05 
 8.35000e+01  2.54240e-05 
 8.40000e+01  3.00560e-05 
 8.45000e+01  2.70160e-05 
 8.50000e+01  2.78640e-05 
 8.55000e+01  4.54640e-05 
 8.60000e+01  2.75680e-05 
 8.65000e+01  2.12960e-05 
 8.70000e+01  3.16480e-05 
 8.75000e+01  4.55600e-05 
 8.80000e+01  6.35840e-05 
 8.85000e+01  6.62720e-05 
 8.90000e+01  7.06160e-05 
 8.95000e+01  5.69680e-05 
 9.00000e+01  5.52960e-05 
 9.05000e+01  7.51920e-05 
 9.10000e+01  7.26240e-05 
 9.15000e+01  4.48240e-05 
 9.20000e+01  4.51600e-05 
 9.25000e+01  5.44800e-05 
 9.30000e+01  4.89680e-05 
 9.35000e+01  3.77040e-05 
 9.40000e+01  3.26880e-05 
 9.45000e+01  3.46240e-05 
 9.50000e+01  5.17200e-05 
 9.55000e+01  7.73440e-05 
 9.60000e+01  1.28936e-04 
 9.65000e+01  6.98320e-05 
 9.70000e+01  5.88240e-05 
 9.75000e+01  6.29200e-05 
 9.80000e+01  9.07120e-05 
 9.85000e+01  1.10728e-04 
 9.90000e+01  1.59312e-04 
 9.95000e+01  1.09832e-04 
 1.00000e+02  1.00376e-04 
 1.00500e+02  1.09624e-04 
 1.01000e+02  1.87896e-04 
 1.01500e+02  1.65264e-04 
 1.02000e+02  1.50464e-04 
 1.02500e+02  1.73960e-04 
 1.03000e+02  1.60264e-04 
 1.03500e+02  1.65648e-04 
 1.04000e+02  1.38552e-04 
 1.04500e+02  1.44720e-04 
 1.05000e+02  1.87584e-04 
 1.05500e+02  1.55664e-04 
 1.06000e+02  1.92408e-04 
 1.06500e+02  2.20680e-04 
 1.07000e+02  2.42168e-04 
 1.07500e+02  1.82120e-04 
 1.08000e+02  2.22192e-04 
 1.08500e+02  1.67088e-04 
 1.09000e+02  1.85648e-04 
 1.09500e+02  1.86464e-04 
 1.10000e+02  1.78944e-04 
 1.10500e+02  1.89128e-04 
 1.11000e+02  1.67824e-04 
 1.11500e+02  2.14200e-04 
 1.12000e+02  2.30432e-04 
 1.12500e+02  2.38744e-04 
 1.13000e+02  2.02496e-04 
 1.13500e+02  2.28512e-04 
 1.14000e+02  2.54120e-04 
 1.14500e+02  2.26376e-04 
 1.15000e+02  2.50816e-04 
 1.15500e+02  2.61936e-04 
 1.16000e+02  2.65160e-04 
 1.16500e+02  3.14800e-04 
 1.17000e+02  3.63208e-04 
 1.17500e+02  4.41416e-04 
 1.18000e+02  3.71936e-04 
 1.18500e+02  4.00880e-04 
 1.19000e+02  5.48912e-04 
 1.19500e+02  5.18168e-04 
 1.20000e+02  4.47664e-04 
 1.20500e+02  5.14768e-04 
 1.21000e+02  5.64736e-04 
 1.21500e+02  5.71704e-04 
 1.22000e+02  7.13032e-04 
 1.22500e+02  6.24304e-04 
 1.23000e+02  5.70552e-04 
 1.23500e+02  5.71728e-04 
 1.24000e+02  4.97840e-04 
 1.24500e+02  5.60312e-04 
 1.25000e+02  6.01088e-04 
 1.25500e+02  5.95520e-04 
 1.26000e+02  5.45944e-04 
 1.26500e+02  5.63016e-04 
 1.27000e+02  5.64392e-04 
 1.27500e+02  5.61520e-04 
 1.28000e+02  6.56056e-04 
 1.28500e+02  8.02464e-04 
 1.29000e+02  7.24448e-04 
 1.29500e+02  6.91712e-04 
 1.30000e+02  6.38256e-04 
 1.30500e+02  6.19592e-04 
 1.31000e+02  6.97600e-04 
 1.31500e+02  7.41800e-04 
 1.32000e+02  9.97080e-04 
 1.32500e+02  7.81304e-04 
 1.33000e+02  7.79624e-04 
 1.33500e+02  7.13904e-04 
 1.34000e+02  7.54016e-04 
 1.34500e+02  7.84096e-04 
 1.35000e+02  7.32536e-04 
 1.35500e+02  7.70552e-04 
 1.36000e+02  8.27224e-04 
 1.36500e+02  7.37128e-04 
 1.37000e+02  6.19136e-04 
 1.37500e+02  7.00048e-04 
 1.38000e+02  7.68360e-04 
 1.38500e+02  8.81288e-04 
 1.39000e+02  8.27848e-04 
 1.39500e+02  9.49824e-04 
 1.40000e+02  8.93608e-04 
 1.40500e+02  9.47296e-04 
 1.41000e+02  8.29936e-04 
 1.41500e+02  1.02772e-03 
 1.42000e+02  9.70624e-04 
 1.42500e+02  1.14835e-03 
 1.43000e+02  1.06332e-03 
 1.43500e+02  8.96280e-04 
 1.44000e+02  8.91168e-04 
 1.44500e+02  9.61080e-04 
 1.45000e+02  9.24744e-04 
 1.45500e+02  1.03959e-03 
 1.46000e+02  9.08272e-04 
 1.46500e+02  9.78056e-04 
 1.47000e+02  1.07125e-03 
 1.47500e+02  1.15142e-03 
 1.48000e+02  1.11469e-03 
 1.48500e+02  1.22110e-03 
 1.49000e+02  1.31172e-03 
 1.49500e+02  1.27267e-03 
 1.50000e+02  1.45758e-03 
 1.50500e+02  1.26321e-03 
 1.51000e+02  1.30566e-03 
 1.51500e+02  1.44528e-03 
 1.52000e+02  1.41422e-03 
 1.52500e+02  1.63638e-03 
 1.53000e+02  1.59989e-03 
 1.53500e+02  1.53938e-03 
 1.54000e+02  1.62116e-03 
 1.54500e+02  1.42426e-03 
 1.55000e+02  1.39552e-03 
 1.55500e+02  1.63817e-03 
 1.56000e+02  1.42837e-03 
 1.56500e+02  1.25904e-03 
 1.57000e+02  1.38934e-03 
 1.57500e+02  1.26862e-03 
 1.58000e+02  1.26081e-03 
 1.58500e+02  1.33685e-03 
 1.59000e+02  1.36073e-03 
 1.59500e+02  1.54291e-03 
 1.60000e+02  1.50271e-03 
 1.60500e+02  1.33478e-03 
 1.61000e+02  1.42081e-03 
 1.61500e+02  1.63957e-03 
 1.62000e+02  1.74276e-03 
 1.62500e+02  1.60408e-03 
 1.63000e+02  1.66533e-03 
 1.63500e+02  1.64862e-03 
 1.64000e+02  1.70011e-03 
 1.64500e+02  1.71502e-03 
 1.65000e+02  1.72679e-03 
 1.65500e+02  1.83958e-03 
 1.66000e+02  2.01573e-03 
 1.66500e+02  2.14226e-03 
 1.67000e+02  2.04620e-03 
 1.67500e+02  2.09798e-03 
 1.68000e+02  2.21255e-03 
 1.68500e+02  2.12225e-03 
 1.69000e+02  1.98742e-03 
 1.69500e+02  1.91586e-03 
 1.70000e+02  1.96726e-03 
 1.70500e+02  1.84368e-03 
 1.71000e+02  1.95322e-03 
 1.71500e+02  2.03430e-03 
 1.72000e+02  1.87832e-03 
 1.72500e+02  1.79791e-03 
 1.73000e+02  1.71687e-03 
 1.73500e+02  1.86263e-03 
 1.74000e+02  2.05779e-03 
 1.74500e+02  2.13034e-03 
 1.75000e+02  2.07567e-03 
 1.75500e+02  2.10044e-03 
 1.76000e+02  2.01443e-03 
 1.76500e+02  2.06448e-03 
 1.77000e+02  1.95614e-03 
 1.77500e+02  1.99214e-03 
 1.78000e+02  2.32360e-03 
 1.78500e+02  2.42321e-03 
 1.79000e+02  2.55428e-03 
 1.79500e+02  2.36310e-03 
 1.80000e+02  2.36149e-03 
 1.80500e+02  2.25856e-03 
 1.81000e+02  2.32862e-03 
 1.81500e+02  2.43130e-03 
 1.82000e+02  2.30475e-03 
 1.82500e+02  2.06557e-03 
 1.83000e+02  2.21939e-03 
 1.83500e+02  2.25001e-03 
 1.84000e+02  2.19741e-03 
 1.84500e+02  2.45376e-03 
 1.85000e+02  2.25278e-03 
 1.85500e+02  2.20697e-03 
 1.86000e+02  2.19259e-03 
 1.86500e+02  2.23429e-03 
 1.87000e+02  2.12131e-03 
 1.87500e+02  2.06181e-03 
 1.88000e+02  2.29810e-03 
 1.88500e+02  2.38950e-03 
 1.89000e+02  2.39396e-03 
 1.89500e+02  2.35998e-03 
 1.90000e+02  2.48260e-03 
 1.90500e+02  2.26433e-03 
 1.91000e+02  2.35880e-03 
 1.91500e+02  2.39586e-03 
 1.92000e+02  2.26413e-03 
 1.92500e+02  2.14802e-03 
 1.93000e+02  2.26022e-03 
 1.93500e+02  2.19281e-03 
 1.94000e+02  2.18413e-03 
 1.94500e+02  2.21134e-03 
 1.95000e+02  2.33420e-03 
 1.95500e+02  2.46400e-03 
 1.96000e+02  2.38288e-03 
 1.96500e+02  2.37502e-03 
 1.97000e+02  2.39019e-03 
 1.97500e+02  2.54196e-03 
 1.98000e+02  2.51152e-03 
 1.98500e+02  2.59446e-03 
 1.99000e+02  2.59982e-03 
 1.99500e+02  2.58585e-03 
 2.00000e+02  2.65509e-03 
 2.00500e+02  2.79030e-03 
 2.01000e+02  2.69334e-03 
 2.01500e+02  2.79113e-03 
 2.02000e+02  2.87082e-03 
 2.02500e+02  2.73368e-03 
 2.03000e+02  2.50615e-03 
 2.03500e+02  2.39057e-03 
 2.04000e+02  2.47863e-03 
 2.04500e+02  2.43417e-03 
 2.05000e+02  2.55876e-03 
 2.05500e+02  2.65158e-03 
 2.06000e+02  2.74208e-03 
 2.06500e+02  2.49966e-03 
 2.07000e+02  2.42880e-03 
 2.07500e+02  2.52268e-03 
 2.08000e+02  2.32815e-03 
 2.08500e+02  2.21090e-03 
 2.09000e+02  2.38110e-03 
 2.09500e+02  2.23487e-03 
 2.10000e+02  2.22416e-03 
 2.10500e+02  2.30840e-03 
 2.11000e+02  2.19714e-03 
 2.11500e+02  2.24355e-03 
 2.12000e+02  2.26210e-03 
 2.12500e+02  2.17799e-03 
 2.13000e+02  2.10765e-03 
 2.13500e+02  2.07919e-03 
 2.14000e+02  1.98508e-03 
 2.14500e+02  1.94973e-03 
 2.15000e+02  1.82399e-03 
 2.15500e+02  1.74323e-03 
 2.16000e+02  1.74166e-03 
 2.16500e+02  1.76680e-03 
 2.17000e+02  1.54995e-03 
 2.17500e+02  1.63654e-03 
 2.18000e+02  1.67782e-03 
 2.18500e+02  1.75561e-03 
 2.19000e+02  1.48943e-03 
 2.19500e+02  1.53896e-03 
 2.20000e+02  1.48013e-03 
 2.20500e+02  1.45399e-03 
 2.21000e+02  1.28792e-03 
 2.21500e+02  1.41566e-03 
 2.22000e+02  1.43519e-03 
 2.22500e+02  1.44277e-03 
 2.23000e+02  1.68772e-03 
 2.23500e+02  1.45979e-03 
 2.24000e+02  1.13963e-03 
 2.24500e+02  1.29116e-03 
 2.25000e+02  1.28512e-03 
 2.25500e+02  1.15987e-03 
 2.26000e+02  1.05626e-03 
 2.26500e+02  1.11460e-03 
 2.27000e+02  1.08935e-03 
 2.27500e+02  1.14848e-03 
 2.28000e+02  1.10470e-03 
 2.28500e+02  1.16071e-03 
 2.29000e+02  1.08307e-03 
 2.29500e+02  1.01337e-03 
 2.30000e+02  9.62320e-04 
 2.30500e+02  1.00618e-03 
 2.31000e+02  1.09374e-03 
 2.31500e+02  1.07930e-03 
 2.32000e+02  1.01431e-03 
 2.32500e+02  8.57296e-04 
 2.33000e+02  8.67992e-04 
 2.33500e+02  8.03280e-04 
 2.34000e+02  7.89344e-04 
 2.34500e+02  7.63752e-04 
 2.35000e+02  7.95816e-04 
 2.35500e+02  8.21072e-04 
 2.36000e+02  7.43920e-04 
 2.36500e+02  7.68792e-04 
 2.37000e+02  7.28872e-04 
 2.37500e+02  7.56272e-04 
 2.38000e+02  6.16592e-04 
 2.38500e+02  6.15464e-04 
 2.39000e+02  5.36144e-04 
 2.39500e+02  5.73864e-04 
 2.40000e+02  5.93792e-04 
 2.40500e+02  6.32344e-04 
 2.41000e+02  6.52368e-04 
 2.41500e+02  7.36160e-04 
 2.42000e+02  6.65240e-04 
 2.42500e+02  6.92240e-04 
 2.43000e+02  6.59200e-04 
 2.43500e+02  5.95016e-04 
 2.44000e+02  5.73736e-04 
 2.44500e+02  5.68632e-04 
 2.45000e+02  6.35880e-04 
 2.45500e+02  6.22136e-04 
 2.46000e+02  6.14944e-04 
 2.46500e+02  6.34552e-04 
 2.47000e+02  5.36208e-04 
 2.47500e+02  5.89216e-04 
 2.48000e+02  5.86344e-04 
 2.48500e+02  6.35440e-04 
 2.49000e+02  5.91992e-04 
 2.49500e+02  5.34176e-04 
 2.50000e+02  5.34176e-04 
 2.50500e+02  5.62000e-04 
 2.51000e+02  5.64008e-04 
 2.51500e+02  5.45720e-04 
 2.52000e+02  4.92144e-04 
 2.52500e+02  4.59520e-04 
 2.53000e+02  4.75496e-04 
 2.53500e+02  5.10920e-04 
 2.54000e+02  4.18704e-04 
 2.54500e+02  4.43824e-04 
 2.55000e+02  4.84472e-04 
 2.55500e+02  4.47120e-04 
 2.56000e+02  4.40016e-04 
 2.56500e+02  4.35352e-04 
 2.57000e+02  4.39152e-04 
 2.57500e+02  4.49576e-04 
 2.58000e+02  4.69016e-04 
 2.58500e+02  4.45608e-04 
 2.59000e+02  4.19352e-04 
 2.59500e+02  4.20000e-04 
 2.60000e+02  3.55216e-04 
 2.60500e+02  3.43632e-04 
 2.61000e+02  3.43616e-04 
 2.61500e+02  3.37840e-04 
 2.62000e+02  3.10944e-04 
 2.62500e+02  3.28056e-04 
 2.63000e+02  3.31296e-04 
 2.63500e+02  3.45584e-04 
 2.64000e+02  3.23248e-04 
 2.64500e+02  2.95448e-04 
 2.65000e+02  2.76424e-04 
 2.65500e+02  3.01160e-04 
 2.66000e+02  3.25904e-04 
 2.66500e+02  3.07912e-04 
 2.67000e+02  2.92520e-04 
 2.67500e+02  2.89480e-04 
 2.68000e+02  2.86432e-04 
 2.68500e+02  2.75384e-04 
 2.69000e+02  2.58272e-04 
 2.69500e+02  2.66072e-04 
 2.70000e+02  2.57320e-04 
 2.70500e+02  2.55024e-04 
 2.71000e+02  2.45336e-04 
 2.71500e+02  2.34728e-04 
 2.72000e+02  2.40560e-04 
 2.72500e+02  2.49200e-04 
 2.73000e+02  2.38152e-04 
 2.73500e+02  2.27592e-04 
 2.74000e+02  2.17416e-04 
 2.74500e+02  2.07344e-04 
 2.75000e+02  2.22880e-04 
 2.75500e+02  2.28936e-04 
 2.76000e+02  2.10808e-04 
 2.76500e+02  2.09520e-04 
 2.77000e+02  2.15160e-04 
 2.77500e+02  2.19488e-04 
 2.78000e+02  2.12232e-04 
 2.78500e+02  2.19416e-04 
 2.79000e+02  2.32368e-04 
 2.79500e+02  2.47864e-04 
 2.80000e+02  2.29768e-04 
 2.80500e+02  2.33888e-04 
 2.81000e+02  2.30120e-04 
 2.81500e+02  2.03856e-04 
 2.82000e+02  1.84944e-04 
 2.82500e+02  1.67056e-04 
 2.83000e+02  1.76200e-04 
 2.83500e+02  1.62520e-04 
 2.84000e+02  1.41768e-04 
 2.84500e+02  1.32608e-04 
 2.85000e+02  1.33048e-04 
 2.85500e+02  1.17960e-04 
 2.86000e+02  1.23152e-04 
 2.86500e+02  1.17152e-04 
 2.87000e+02  1.20256e-04 
 2.87500e+02  1.12016e-04 
 2.88000e+02  1.11920e-04 
 2.88500e+02  1.11112e-04 
 2.89000e+02  1.15984e-04 
 2.89500e+02  1.21440e-04 
 2.90000e+02  1.17488e-04 
 2.90500e+02  1.09672e-04 
 2.91000e+02  1.09312e-04 
 2.91500e+02  1.06328e-04 
 2.92000e+02  1.17200e-04 
 2.92500e+02  1.19584e-04 
 2.93000e+02  1.21376e-04 
 2.93500e+02  1.21616e-04 
 2.94000e+02  1.25056e-04 
 2.94500e+02  1.22048e-04 
 2.95000e+02  1.20064e-04 
 2.95500e+02  1.22496e-04 
 2.96000e+02  1.17072e-04 
 2.96500e+02  1.14000e-04 
 2.97000e+02  1.15632e-04 
 2.97500e+02  1.18208e-04 
 2.98000e+02  1.10864e-04 
 2.98500e+02  1.08304e-04 
 2.99000e+02  1.11432e-04 
 2.99500e+02  1.13176e-04 
 3.00000e+02  1.13760e-04 
 3.00500e+02  1.13312e-04 
 3.01000e+02  1.14552e-04 
 3.01500e+02  1.08008e-04 
 3.02000e+02  1.04192e-04 
 3.02500e+02  1.15168e-04 
 3.03000e+02  1.08976e-04 
 3.03500e+02  1.15576e-04 
 3.04000e+02  1.18584e-04 
 3.04500e+02  1.22944e-04 
 3.05000e+02  1.28160e-04 
 3.05500e+02  1.33088e-04 
 3.06000e+02  1.23312e-04 
 3.06500e+02  1.17496e-04 
 3.07000e+02  1.12472e-04 
 3.07500e+02  1.19088e-04 
 3.08000e+02  1.20176e-04 
 3.08500e+02  1.22176e-04 
 3.09000e+02  1.23552e-04 
 3.09500e+02  1.29936e-04 
 3.10000e+02  1.29760e-04 
 3.10500e+02  1.34496e-04 
 3.11000e+02  1.29760e-04 
 3.11500e+02  1.30992e-04 
 3.12000e+02  1.33752e-04 
 3.12500e+02  1.43816e-04 
 3.13000e+02  1.46688e-04 
 3.13500e+02  1.56184e-04 
 3.14000e+02  1.54480e-04 
 3.14500e+02  1.60768e-04 
 3.15000e+02  1.62696e-04 
 3.15500e+02  1.70008e-04 
 3.16000e+02  1.79384e-04 
 3.16500e+02  1.93256e-04 
 3.17000e+02  2.10888e-04 
 3.17500e+02  2.24784e-04 
 3.18000e+02  2.41848e-04 
 3.18500e+02  2.90432e-04 
 3.19000e+02  3.88408e-04 
 3.19500e+02  8.56088e-04 
