 0.00000e+00  1.93600e-06 
 5.00000e-01  3.68800e-06 
 1.00000e+00  2.61600e-06 
 1.50000e+00  1.89600e-06 
 2.00000e+00  1.59200e-06 
 2.50000e+00  1.45600e-06 
 3.00000e+00  1.31200e-06 
 3.50000e+00  1.18400e-06 
 4.00000e+00  1.08800e-06 
 4.50000e+00  1.03200e-06 
 5.00000e+00  9.92000e-07 
 5.50000e+00  2.12000e-06 
 6.00000e+00  1.92000e-06 
 6.50000e+00  1.50400e-06 
 7.00000e+00  1.36000e-06 
 7.50000e+00  1.26400e-06 
 8.00000e+00  1.17600e-06 
 8.50000e+00  1.11200e-06 
 9.00000e+00  1.09600e-06 
 9.50000e+00  1.06400e-06 
 1.00000e+01  1.03200e-06 
 1.05000e+01  9.92000e-07 
 1.10000e+01  9.36000e-07 
 1.15000e+01  9.28000e-07 
 1.20000e+01  8.88000e-07 
 1.25000e+01  1.06400e-06 
 1.30000e+01  1.22400e-06 
 1.35000e+01  1.16800e-06 
 1.40000e+01  1.12000e-06 
 1.45000e+01  1.09600e-06 
 1.50000e+01  1.04800e-06 
 1.55000e+01  1.04800e-06 
 1.60000e+01  2.63200e-06 
 1.65000e+01  1.99200e-06 
 1.70000e+01  2.56000e-06 
 1.75000e+01  2.04000e-06 
 1.80000e+01  1.86400e-06 
 1.85000e+01  1.64800e-06 
 1.90000e+01  1.49600e-06 
 1.95000e+01  1.16000e-06 
 2.00000e+01  1.41600e-06 
 2.05000e+01  1.37600e-06 
 2.10000e+01  1.34400e-06 
 2.15000e+01  1.28000e-06 
 2.20000e+01  1.24000e-06 
 2.25000e+01  1.23200e-06 
 2.30000e+01  1.20000e-06 
 2.35000e+01  1.16800e-06 
 2.40000e+01  1.15200e-06 
 2.45000e+01  1.12800e-06 
 2.50000e+01  1.11200e-06 
 2.55000e+01  1.08800e-06 
 2.60000e+01  1.08000e-06 
 2.65000e+01  1.08000e-06 
 2.70000e+01  1.05600e-06 
 2.75000e+01  1.04800e-06 
 2.80000e+01  1.02400e-06 
 2.85000e+01  1.00800e-06 
 2.90000e+01  1.00000e-06 
 2.95000e+01  1.01600e-06 
 3.00000e+01  9.84000e-07 
 3.05000e+01  9.60000e-07 
 3.10000e+01  9.84000e-07 
 3.15000e+01  9.44000e-07 
 3.20000e+01  9.60000e-07 
 3.25000e+01  1.08000e-06 
 3.30000e+01  1.04000e-06 
 3.35000e+01  1.04800e-06 
 3.40000e+01  1.04800e-06 
 3.45000e+01  1.03200e-06 
 3.50000e+01  1.01600e-06 
 3.55000e+01  1.02400e-06 
 3.60000e+01  1.00000e-06 
 3.65000e+01  1.40000e-06 
 3.70000e+01  5.96000e-06 
 3.75000e+01  3.53600e-06 
 3.80000e+01  4.68000e-06 
 3.85000e+01  4.24800e-06 
 3.90000e+01  3.44800e-06 
 3.95000e+01  3.41600e-06 
 4.00000e+01  3.10400e-06 
 4.05000e+01  6.12800e-06 
 4.10000e+01  4.35200e-06 
 4.15000e+01  4.07200e-06 
 4.20000e+01  3.78400e-06 
 4.25000e+01  3.62400e-06 
 4.30000e+01  5.67200e-06 
 4.35000e+01  5.39200e-06 
 4.40000e+01  4.65600e-06 
 4.45000e+01  4.25600e-06 
 4.50000e+01  4.14400e-06 
 4.55000e+01  3.95200e-06 
 4.60000e+01  6.04000e-06 
 4.65000e+01  6.25600e-06 
 4.70000e+01  5.31200e-06 
 4.75000e+01  4.92800e-06 
 4.80000e+01  4.71200e-06 
 4.85000e+01  4.55200e-06 
 4.90000e+01  4.40000e-06 
 4.95000e+01  4.30400e-06 
 5.00000e+01  7.10400e-06 
 5.05000e+01  7.71200e-06 
 5.10000e+01  6.32800e-06 
 5.15000e+01  5.84800e-06 
 5.20000e+01  1.17840e-05 
 5.25000e+01  9.40000e-06 
 5.30000e+01  1.40480e-05 
 5.35000e+01  1.00320e-05 
 5.40000e+01  9.07200e-06 
 5.45000e+01  8.50400e-06 
 5.50000e+01  8.19200e-06 
 5.55000e+01  1.45440e-05 
 5.60000e+01  2.93280e-05 
 5.65000e+01  3.76880e-05 
 5.70000e+01  2.56320e-05 
 5.75000e+01  2.15200e-05 
 5.80000e+01  2.03120e-05 
 5.85000e+01  2.35200e-05 
 5.90000e+01  4.25440e-05 
 5.95000e+01  3.04800e-05 
 6.00000e+01  2.53440e-05 
 6.05000e+01  2.86480e-05 
 6.10000e+01  2.54160e-05 
 6.15000e+01  2.36720e-05 
 6.20000e+01  2.27440e-05 
 6.25000e+01  2.88080e-05 
 6.30000e+01  2.89360e-05 
 6.35000e+01  2.47120e-05 
 6.40000e+01  2.19600e-05 
 6.45000e+01  3.22480e-05 
 6.50000e+01  2.77840e-05 
 6.55000e+01  2.56480e-05 
 6.60000e+01  2.44960e-05 
 6.65000e+01  4.15280e-05 
 6.70000e+01  3.31680e-05 
 6.75000e+01  2.83920e-05 
 6.80000e+01  2.76960e-05 
 6.85000e+01  2.61600e-05 
 6.90000e+01  2.38480e-05 
 6.95000e+01  2.40640e-05 
 7.00000e+01  2.41600e-05 
 7.05000e+01  3.01040e-05 
 7.10000e+01  3.41520e-05 
 7.15000e+01  4.44320e-05 
 7.20000e+01  5.81760e-05 
 7.25000e+01  4.73200e-05 
 7.30000e+01  3.25520e-05 
 7.35000e+01  2.80720e-05 
 7.40000e+01  2.41200e-05 
 7.45000e+01  2.24560e-05 
 7.50000e+01  2.23760e-05 
 7.55000e+01  2.23920e-05 
 7.60000e+01  3.43200e-05 
 7.65000e+01  5.93120e-05 
 7.70000e+01  4.27360e-05 
 7.75000e+01  3.55120e-05 
 7.80000e+01  3.39200e-05 
 7.85000e+01  3.68880e-05 
 7.90000e+01  3.54000e-05 
 7.95000e+01  3.29280e-05 
 8.00000e+01  5.38800e-05 
 8.05000e+01  3.53200e-05 
 8.10000e+01  2.84000e-05 
 8.15000e+01  2.57600e-05 
 8.20000e+01  3.37840e-05 
 8.25000e+01  3.36320e-05 
 8.30000e+01  3.21040e-05 
 8.35000e+01  3.18160e-05 
 8.40000e+01  4.10560e-05 
 8.45000e+01  4.79520e-05 
 8.50000e+01  3.75760e-05 
 8.55000e+01  3.25760e-05 
 8.60000e+01  4.72560e-05 
 8.65000e+01  4.74000e-05 
 8.70000e+01  3.66960e-05 
 8.75000e+01  5.30000e-05 
 8.80000e+01  6.97920e-05 
 8.85000e+01  8.43680e-05 
 8.90000e+01  6.28880e-05 
 8.95000e+01  4.76080e-05 
 9.00000e+01  4.14400e-05 
 9.05000e+01  3.70880e-05 
 9.10000e+01  4.63760e-05 
 9.15000e+01  6.16960e-05 
 9.20000e+01  7.71040e-05 
 9.25000e+01  8.07920e-05 
 9.30000e+01  6.63840e-05 
 9.35000e+01  8.22240e-05 
 9.40000e+01  5.95200e-05 
 9.45000e+01  8.00880e-05 
 9.50000e+01  1.10240e-04 
 9.55000e+01  1.22520e-04 
 9.60000e+01  1.27800e-04 
 9.65000e+01  1.10120e-04 
 9.70000e+01  1.11168e-04 
 9.75000e+01  1.09416e-04 
 9.80000e+01  1.24056e-04 
 9.85000e+01  1.56600e-04 
 9.90000e+01  1.14232e-04 
 9.95000e+01  1.23152e-04 
 1.00000e+02  1.56344e-04 
 1.00500e+02  1.43368e-04 
 1.01000e+02  1.39840e-04 
 1.01500e+02  1.12928e-04 
 1.02000e+02  1.15824e-04 
 1.02500e+02  9.30480e-05 
 1.03000e+02  1.10984e-04 
 1.03500e+02  1.11056e-04 
 1.04000e+02  9.63920e-05 
 1.04500e+02  1.01448e-04 
 1.05000e+02  1.08208e-04 
 1.05500e+02  1.09464e-04 
 1.06000e+02  1.09200e-04 
 1.06500e+02  9.99280e-05 
 1.07000e+02  1.25408e-04 
 1.07500e+02  1.91440e-04 
 1.08000e+02  2.00472e-04 
 1.08500e+02  1.97528e-04 
 1.09000e+02  2.02896e-04 
 1.09500e+02  2.13328e-04 
 1.10000e+02  2.02040e-04 
 1.10500e+02  2.72624e-04 
 1.11000e+02  2.24768e-04 
 1.11500e+02  2.41056e-04 
 1.12000e+02  2.00080e-04 
 1.12500e+02  2.09744e-04 
 1.13000e+02  2.49688e-04 
 1.13500e+02  2.67680e-04 
 1.14000e+02  2.90392e-04 
 1.14500e+02  2.42776e-04 
 1.15000e+02  2.85664e-04 
 1.15500e+02  2.92232e-04 
 1.16000e+02  2.50040e-04 
 1.16500e+02  3.01888e-04 
 1.17000e+02  2.69200e-04 
 1.17500e+02  3.14672e-04 
 1.18000e+02  3.91464e-04 
 1.18500e+02  4.42400e-04 
 1.19000e+02  4.15472e-04 
 1.19500e+02  4.12352e-04 
 1.20000e+02  4.19912e-04 
 1.20500e+02  4.67976e-04 
 1.21000e+02  4.91336e-04 
 1.21500e+02  5.55048e-04 
 1.22000e+02  6.94264e-04 
 1.22500e+02  6.34896e-04 
 1.23000e+02  6.79720e-04 
 1.23500e+02  5.76648e-04 
 1.24000e+02  4.78168e-04 
 1.24500e+02  5.03888e-04 
 1.25000e+02  5.18936e-04 
 1.25500e+02  5.16656e-04 
 1.26000e+02  4.87736e-04 
 1.26500e+02  5.61808e-04 
 1.27000e+02  5.34176e-04 
 1.27500e+02  5.78848e-04 
 1.28000e+02  5.08712e-04 
 1.28500e+02  6.15904e-04 
 1.29000e+02  5.38264e-04 
 1.29500e+02  6.65128e-04 
 1.30000e+02  6.60232e-04 
 1.30500e+02  7.63088e-04 
 1.31000e+02  7.10536e-04 
 1.31500e+02  7.05296e-04 
 1.32000e+02  7.80000e-04 
 1.32500e+02  7.64952e-04 
 1.33000e+02  6.89472e-04 
 1.33500e+02  7.18304e-04 
 1.34000e+02  6.53560e-04 
 1.34500e+02  7.24192e-04 
 1.35000e+02  7.29096e-04 
 1.35500e+02  7.42496e-04 
 1.36000e+02  7.73920e-04 
 1.36500e+02  7.43520e-04 
 1.37000e+02  7.48904e-04 
 1.37500e+02  8.13056e-04 
 1.38000e+02  8.91352e-04 
 1.38500e+02  8.58408e-04 
 1.39000e+02  7.10192e-04 
 1.39500e+02  7.68648e-04 
 1.40000e+02  7.74488e-04 
 1.40500e+02  7.81680e-04 
 1.41000e+02  9.52816e-04 
 1.41500e+02  8.85232e-04 
 1.42000e+02  9.94632e-04 
 1.42500e+02  9.85608e-04 
 1.43000e+02  9.78608e-04 
 1.43500e+02  1.00406e-03 
 1.44000e+02  1.03350e-03 
 1.44500e+02  9.94192e-04 
 1.45000e+02  1.01824e-03 
 1.45500e+02  1.10591e-03 
 1.46000e+02  1.04527e-03 
 1.46500e+02  1.06874e-03 
 1.47000e+02  9.68040e-04 
 1.47500e+02  9.03360e-04 
 1.48000e+02  9.52576e-04 
 1.48500e+02  9.93216e-04 
 1.49000e+02  1.09050e-03 
 1.49500e+02  1.22702e-03 
 1.50000e+02  1.20954e-03 
 1.50500e+02  1.14526e-03 
 1.51000e+02  1.27618e-03 
 1.51500e+02  1.57045e-03 
 1.52000e+02  1.45369e-03 
 1.52500e+02  1.42656e-03 
 1.53000e+02  1.42994e-03 
 1.53500e+02  1.43401e-03 
 1.54000e+02  1.44126e-03 
 1.54500e+02  1.57480e-03 
 1.55000e+02  1.43952e-03 
 1.55500e+02  1.63539e-03 
 1.56000e+02  1.59207e-03 
 1.56500e+02  1.67896e-03 
 1.57000e+02  1.75863e-03 
 1.57500e+02  1.81565e-03 
 1.58000e+02  1.75956e-03 
 1.58500e+02  1.79574e-03 
 1.59000e+02  1.58856e-03 
 1.59500e+02  1.67587e-03 
 1.60000e+02  1.67970e-03 
 1.60500e+02  1.58572e-03 
 1.61000e+02  1.54807e-03 
 1.61500e+02  1.66758e-03 
 1.62000e+02  1.64676e-03 
 1.62500e+02  1.83500e-03 
 1.63000e+02  1.74267e-03 
 1.63500e+02  1.75186e-03 
 1.64000e+02  1.69418e-03 
 1.64500e+02  1.57562e-03 
 1.65000e+02  1.82299e-03 
 1.65500e+02  1.86595e-03 
 1.66000e+02  1.70202e-03 
 1.66500e+02  1.61511e-03 
 1.67000e+02  1.93902e-03 
 1.67500e+02  1.95798e-03 
 1.68000e+02  1.99254e-03 
 1.68500e+02  2.04384e-03 
 1.69000e+02  1.98991e-03 
 1.69500e+02  1.85578e-03 
 1.70000e+02  1.64321e-03 
 1.70500e+02  1.94562e-03 
 1.71000e+02  1.87878e-03 
 1.71500e+02  2.01850e-03 
 1.72000e+02  2.06544e-03 
 1.72500e+02  2.17511e-03 
 1.73000e+02  2.28694e-03 
 1.73500e+02  2.38474e-03 
 1.74000e+02  2.29947e-03 
 1.74500e+02  2.45596e-03 
 1.75000e+02  2.55199e-03 
 1.75500e+02  2.54734e-03 
 1.76000e+02  2.42342e-03 
 1.76500e+02  2.33373e-03 
 1.77000e+02  2.45873e-03 
 1.77500e+02  2.25665e-03 
 1.78000e+02  2.23794e-03 
 1.78500e+02  2.31371e-03 
 1.79000e+02  2.46705e-03 
 1.79500e+02  2.68077e-03 
 1.80000e+02  2.65494e-03 
 1.80500e+02  2.63671e-03 
 1.81000e+02  2.43926e-03 
 1.81500e+02  2.63743e-03 
 1.82000e+02  2.56662e-03 
 1.82500e+02  2.56442e-03 
 1.83000e+02  2.65173e-03 
 1.83500e+02  2.65778e-03 
 1.84000e+02  2.59623e-03 
 1.84500e+02  2.56274e-03 
 1.85000e+02  2.53610e-03 
 1.85500e+02  2.44830e-03 
 1.86000e+02  2.32832e-03 
 1.86500e+02  2.38184e-03 
 1.87000e+02  2.79966e-03 
 1.87500e+02  2.52178e-03 
 1.88000e+02  2.52843e-03 
 1.88500e+02  2.81784e-03 
 1.89000e+02  2.99014e-03 
 1.89500e+02  2.81806e-03 
 1.90000e+02  2.67943e-03 
 1.90500e+02  2.71822e-03 
 1.91000e+02  2.83347e-03 
 1.91500e+02  2.89055e-03 
 1.92000e+02  2.81575e-03 
 1.92500e+02  2.59221e-03 
 1.93000e+02  2.48916e-03 
 1.93500e+02  2.62267e-03 
 1.94000e+02  2.61176e-03 
 1.94500e+02  2.52817e-03 
 1.95000e+02  2.56463e-03 
 1.95500e+02  2.59434e-03 
 1.96000e+02  2.38942e-03 
 1.96500e+02  2.28086e-03 
 1.97000e+02  2.37550e-03 
 1.97500e+02  2.42136e-03 
 1.98000e+02  2.44804e-03 
 1.98500e+02  2.48394e-03 
 1.99000e+02  2.45853e-03 
 1.99500e+02  2.39271e-03 
 2.00000e+02  2.57136e-03 
 2.00500e+02  2.60233e-03 
 2.01000e+02  2.43601e-03 
 2.01500e+02  2.59990e-03 
 2.02000e+02  2.32586e-03 
 2.02500e+02  2.20188e-03 
 2.03000e+02  2.01015e-03 
 2.03500e+02  2.17773e-03 
 2.04000e+02  2.21326e-03 
 2.04500e+02  2.10406e-03 
 2.05000e+02  2.28451e-03 
 2.05500e+02  2.57230e-03 
 2.06000e+02  2.38184e-03 
 2.06500e+02  2.22093e-03 
 2.07000e+02  2.32028e-03 
 2.07500e+02  2.37822e-03 
 2.08000e+02  2.21677e-03 
 2.08500e+02  2.29291e-03 
 2.09000e+02  2.01166e-03 
 2.09500e+02  2.11669e-03 
 2.10000e+02  2.15970e-03 
 2.10500e+02  1.94021e-03 
 2.11000e+02  1.93693e-03 
 2.11500e+02  2.05290e-03 
 2.12000e+02  1.91887e-03 
 2.12500e+02  1.91960e-03 
 2.13000e+02  1.86772e-03 
 2.13500e+02  1.81754e-03 
 2.14000e+02  1.82346e-03 
 2.14500e+02  1.75841e-03 
 2.15000e+02  1.78304e-03 
 2.15500e+02  1.66937e-03 
 2.16000e+02  1.67726e-03 
 2.16500e+02  1.71302e-03 
 2.17000e+02  1.70694e-03 
 2.17500e+02  1.83779e-03 
 2.18000e+02  1.74567e-03 
 2.18500e+02  1.73511e-03 
 2.19000e+02  1.54079e-03 
 2.19500e+02  1.49793e-03 
 2.20000e+02  1.41003e-03 
 2.20500e+02  1.43025e-03 
 2.21000e+02  1.33608e-03 
 2.21500e+02  1.38619e-03 
 2.22000e+02  1.17445e-03 
 2.22500e+02  1.16510e-03 
 2.23000e+02  1.25930e-03 
 2.23500e+02  1.12926e-03 
 2.24000e+02  1.14101e-03 
 2.24500e+02  1.36554e-03 
 2.25000e+02  1.30633e-03 
 2.25500e+02  1.29615e-03 
 2.26000e+02  1.28518e-03 
 2.26500e+02  1.13818e-03 
 2.27000e+02  1.05117e-03 
 2.27500e+02  1.01550e-03 
 2.28000e+02  9.99504e-04 
 2.28500e+02  1.03783e-03 
 2.29000e+02  9.82944e-04 
 2.29500e+02  1.03086e-03 
 2.30000e+02  1.13691e-03 
 2.30500e+02  1.14360e-03 
 2.31000e+02  1.06478e-03 
 2.31500e+02  1.06918e-03 
 2.32000e+02  8.73440e-04 
 2.32500e+02  8.79040e-04 
 2.33000e+02  8.63504e-04 
 2.33500e+02  8.18336e-04 
 2.34000e+02  8.95520e-04 
 2.34500e+02  8.85400e-04 
 2.35000e+02  9.20728e-04 
 2.35500e+02  8.72320e-04 
 2.36000e+02  8.55160e-04 
 2.36500e+02  8.81504e-04 
 2.37000e+02  8.85928e-04 
 2.37500e+02  8.06728e-04 
 2.38000e+02  8.06656e-04 
 2.38500e+02  8.51504e-04 
 2.39000e+02  8.52512e-04 
 2.39500e+02  8.92328e-04 
 2.40000e+02  8.30272e-04 
 2.40500e+02  8.07552e-04 
 2.41000e+02  7.57064e-04 
 2.41500e+02  8.23080e-04 
 2.42000e+02  6.74688e-04 
 2.42500e+02  6.23096e-04 
 2.43000e+02  6.47472e-04 
 2.43500e+02  6.18992e-04 
 2.44000e+02  5.96360e-04 
 2.44500e+02  6.12216e-04 
 2.45000e+02  5.70168e-04 
 2.45500e+02  5.03104e-04 
 2.46000e+02  5.00320e-04 
 2.46500e+02  5.46384e-04 
 2.47000e+02  5.54288e-04 
 2.47500e+02  5.63864e-04 
 2.48000e+02  5.69104e-04 
 2.48500e+02  5.85616e-04 
 2.49000e+02  5.50496e-04 
 2.49500e+02  5.62776e-04 
 2.50000e+02  5.44952e-04 
 2.50500e+02  5.35200e-04 
 2.51000e+02  5.08976e-04 
 2.51500e+02  5.35872e-04 
 2.52000e+02  5.03144e-04 
 2.52500e+02  5.07488e-04 
 2.53000e+02  5.10848e-04 
 2.53500e+02  5.22832e-04 
 2.54000e+02  4.77464e-04 
 2.54500e+02  4.71144e-04 
 2.55000e+02  4.85080e-04 
 2.55500e+02  4.75648e-04 
 2.56000e+02  4.91648e-04 
 2.56500e+02  4.17168e-04 
 2.57000e+02  4.04488e-04 
 2.57500e+02  4.31232e-04 
 2.58000e+02  4.03912e-04 
 2.58500e+02  4.00088e-04 
 2.59000e+02  3.95840e-04 
 2.59500e+02  3.93880e-04 
 2.60000e+02  3.79688e-04 
 2.60500e+02  3.50656e-04 
 2.61000e+02  3.49832e-04 
 2.61500e+02  3.27216e-04 
 2.62000e+02  3.24672e-04 
 2.62500e+02  3.51808e-04 
 2.63000e+02  3.53448e-04 
 2.63500e+02  3.42248e-04 
 2.64000e+02  3.16232e-04 
 2.64500e+02  3.07272e-04 
 2.65000e+02  3.14824e-04 
 2.65500e+02  3.10536e-04 
 2.66000e+02  2.87496e-04 
 2.66500e+02  2.72296e-04 
 2.67000e+02  2.85888e-04 
 2.67500e+02  2.87576e-04 
 2.68000e+02  2.83176e-04 
 2.68500e+02  2.72072e-04 
 2.69000e+02  2.38760e-04 
 2.69500e+02  2.59120e-04 
 2.70000e+02  2.51824e-04 
 2.70500e+02  2.39488e-04 
 2.71000e+02  2.38296e-04 
 2.71500e+02  2.29832e-04 
 2.72000e+02  2.09416e-04 
 2.72500e+02  2.17952e-04 
 2.73000e+02  2.29240e-04 
 2.73500e+02  2.37040e-04 
 2.74000e+02  2.22040e-04 
 2.74500e+02  2.22560e-04 
 2.75000e+02  2.26040e-04 
 2.75500e+02  2.27352e-04 
 2.76000e+02  2.20856e-04 
 2.76500e+02  2.15824e-04 
 2.77000e+02  2.23432e-04 
 2.77500e+02  2.22904e-04 
 2.78000e+02  2.28864e-04 
 2.78500e+02  2.29552e-04 
 2.79000e+02  2.35152e-04 
 2.79500e+02  2.65896e-04 
 2.80000e+02  2.59336e-04 
 2.80500e+02  2.59864e-04 
 2.81000e+02  2.41536e-04 
 2.81500e+02  2.21096e-04 
 2.82000e+02  1.96096e-04 
 2.82500e+02  1.75392e-04 
 2.83000e+02  1.77624e-04 
 2.83500e+02  1.55192e-04 
 2.84000e+02  1.50656e-04 
 2.84500e+02  1.45112e-04 
 2.85000e+02  1.36864e-04 
 2.85500e+02  1.45312e-04 
 2.86000e+02  1.39320e-04 
 2.86500e+02  1.32952e-04 
 2.87000e+02  1.23504e-04 
 2.87500e+02  1.24104e-04 
 2.88000e+02  1.27744e-04 
 2.88500e+02  1.15256e-04 
 2.89000e+02  1.22864e-04 
 2.89500e+02  1.29408e-04 
 2.90000e+02  1.19992e-04 
 2.90500e+02  1.18872e-04 
 2.91000e+02  1.17896e-04 
 2.91500e+02  1.11448e-04 
 2.92000e+02  1.13016e-04 
 2.92500e+02  1.10176e-04 
 2.93000e+02  1.08664e-04 
 2.93500e+02  1.13312e-04 
 2.94000e+02  1.15976e-04 
 2.94500e+02  1.18760e-04 
 2.95000e+02  1.18432e-04 
 2.95500e+02  1.13656e-04 
 2.96000e+02  1.07592e-04 
 2.96500e+02  1.10648e-04 
 2.97000e+02  1.03616e-04 
 2.97500e+02  1.01288e-04 
 2.98000e+02  1.01696e-04 
 2.98500e+02  1.11392e-04 
 2.99000e+02  1.15144e-04 
 2.99500e+02  1.13016e-04 
 3.00000e+02  1.15472e-04 
 3.00500e+02  1.15808e-04 
 3.01000e+02  1.04544e-04 
 3.01500e+02  1.07992e-04 
 3.02000e+02  1.00040e-04 
 3.02500e+02  1.00968e-04 
 3.03000e+02  1.04272e-04 
 3.03500e+02  1.10016e-04 
 3.04000e+02  1.17056e-04 
 3.04500e+02  1.20360e-04 
 3.05000e+02  1.26424e-04 
 3.05500e+02  1.18672e-04 
 3.06000e+02  1.19312e-04 
 3.06500e+02  1.16728e-04 
 3.07000e+02  1.20712e-04 
 3.07500e+02  1.19904e-04 
 3.08000e+02  1.22912e-04 
 3.08500e+02  1.24728e-04 
 3.09000e+02  1.27168e-04 
 3.09500e+02  1.26136e-04 
 3.10000e+02  1.32336e-04 
 3.10500e+02  1.43992e-04 
 3.11000e+02  1.43688e-04 
 3.11500e+02  1.38944e-04 
 3.12000e+02  1.41848e-04 
 3.12500e+02  1.51912e-04 
 3.13000e+02  1.57960e-04 
 3.13500e+02  1.58856e-04 
 3.14000e+02  1.62392e-04 
 3.14500e+02  1.68464e-04 
 3.15000e+02  1.71872e-04 
 3.15500e+02  1.75616e-04 
 3.16000e+02  1.79304e-04 
 3.16500e+02  1.96544e-04 
 3.17000e+02  2.06904e-04 
 3.17500e+02  2.23472e-04 
 3.18000e+02  2.41984e-04 
 3.18500e+02  2.89504e-04 
 3.19000e+02  3.81464e-04 
 3.19500e+02  8.54776e-04 
