 0.00000e+00  4.07984e-07 
 5.00000e-01  3.35987e-07 
 1.00000e+00  2.47991e-07 
 1.50000e+00  2.07992e-07 
 2.00000e+00  1.91993e-07 
 2.50000e+00  1.83993e-07 
 3.00000e+00  1.67994e-07 
 3.50000e+00  1.51994e-07 
 4.00000e+00  1.43995e-07 
 4.50000e+00  1.27995e-07 
 5.00000e+00  1.35995e-07 
 5.50000e+00  1.27995e-07 
 6.00000e+00  1.27995e-07 
 6.50000e+00  1.19995e-07 
 7.00000e+00  1.11996e-07 
 7.50000e+00  1.03996e-07 
 8.00000e+00  1.03996e-07 
 8.50000e+00  1.03996e-07 
 9.00000e+00  1.03996e-07 
 9.50000e+00  1.03996e-07 
 1.00000e+01  1.03996e-07 
 1.05000e+01  9.59964e-08 
 1.10000e+01  9.59964e-08 
 1.15000e+01  8.79967e-08 
 1.20000e+01  8.79967e-08 
 1.25000e+01  8.79967e-08 
 1.30000e+01  7.99970e-08 
 1.35000e+01  8.79967e-08 
 1.40000e+01  8.79967e-08 
 1.45000e+01  7.99970e-08 
 1.50000e+01  8.79967e-08 
 1.55000e+01  7.99970e-08 
 1.60000e+01  7.99970e-08 
 1.65000e+01  7.99970e-08 
 1.70000e+01  7.99970e-08 
 1.75000e+01  7.19973e-08 
 1.80000e+01  7.19973e-08 
 1.85000e+01  7.99970e-08 
 1.90000e+01  7.19973e-08 
 1.95000e+01  7.19973e-08 
 2.00000e+01  7.19973e-08 
 2.05000e+01  7.19973e-08 
 2.10000e+01  7.19973e-08 
 2.15000e+01  7.19973e-08 
 2.20000e+01  7.19973e-08 
 2.25000e+01  7.19973e-08 
 2.30000e+01  7.19973e-08 
 2.35000e+01  6.39976e-08 
 2.40000e+01  6.39976e-08 
 2.45000e+01  7.19973e-08 
 2.50000e+01  6.39976e-08 
 2.55000e+01  6.39976e-08 
 2.60000e+01  6.39976e-08 
 2.65000e+01  7.19973e-08 
 2.70000e+01  6.39976e-08 
 2.75000e+01  6.39976e-08 
 2.80000e+01  6.39976e-08 
 2.85000e+01  6.39976e-08 
 2.90000e+01  7.19973e-08 
 2.95000e+01  5.59979e-08 
 3.00000e+01  6.39976e-08 
 3.05000e+01  6.39976e-08 
 3.10000e+01  6.39976e-08 
 3.15000e+01  2.15992e-06 
 3.20000e+01  1.22395e-06 
 3.25000e+01  9.19965e-07 
 3.30000e+01  2.43991e-06 
 3.35000e+01  8.71967e-07 
 3.40000e+01  7.91970e-07 
 3.45000e+01  6.55975e-07 
 3.50000e+01  2.99989e-06 
 3.55000e+01  1.82393e-06 
 3.60000e+01  1.49594e-06 
 3.65000e+01  4.01585e-06 
 3.70000e+01  2.39191e-06 
 3.75000e+01  2.03992e-06 
 3.80000e+01  1.79193e-06 
 3.85000e+01  1.71993e-06 
 3.90000e+01  1.54394e-06 
 3.95000e+01  4.65582e-06 
 4.00000e+01  2.62390e-06 
 4.05000e+01  2.16792e-06 
 4.10000e+01  2.07192e-06 
 4.15000e+01  1.87993e-06 
 4.20000e+01  1.82393e-06 
 4.25000e+01  1.75993e-06 
 4.30000e+01  1.71993e-06 
 4.35000e+01  2.99189e-06 
 4.40000e+01  5.19180e-06 
 4.45000e+01  4.75182e-06 
 4.50000e+01  3.52787e-06 
 4.55000e+01  3.03188e-06 
 4.60000e+01  2.79989e-06 
 4.65000e+01  6.79974e-06 
 4.70000e+01  4.39983e-06 
 4.75000e+01  3.87185e-06 
 4.80000e+01  7.16773e-06 
 4.85000e+01  5.10381e-06 
 4.90000e+01  4.40783e-06 
 4.95000e+01  4.00785e-06 
 5.00000e+01  3.76786e-06 
 5.05000e+01  4.21584e-06 
 5.10000e+01  4.39183e-06 
 5.15000e+01  9.23165e-06 
 5.20000e+01  7.61571e-06 
 5.25000e+01  6.46375e-06 
 5.30000e+01  8.90366e-06 
 5.35000e+01  1.02076e-05 
 5.40000e+01  8.50368e-06 
 5.45000e+01  7.95170e-06 
 5.50000e+01  6.67175e-06 
 5.55000e+01  5.99177e-06 
 5.60000e+01  5.79178e-06 
 5.65000e+01  5.71178e-06 
 5.70000e+01  5.55979e-06 
 5.75000e+01  5.11181e-06 
 5.80000e+01  1.53834e-05 
 5.85000e+01  8.55967e-06 
 5.90000e+01  6.57575e-06 
 5.95000e+01  5.72778e-06 
 6.00000e+01  5.43979e-06 
 6.05000e+01  5.35180e-06 
 6.10000e+01  5.63179e-06 
 6.15000e+01  9.27165e-06 
 6.20000e+01  7.99170e-06 
 6.25000e+01  7.35972e-06 
 6.30000e+01  1.73433e-05 
 6.35000e+01  1.50394e-05 
 6.40000e+01  1.09436e-05 
 6.45000e+01  1.01356e-05 
 6.50000e+01  1.04236e-05 
 6.55000e+01  1.05516e-05 
 6.60000e+01  1.05676e-05 
 6.65000e+01  1.06796e-05 
 6.70000e+01  1.47114e-05 
 6.75000e+01  3.26628e-05 
 6.80000e+01  2.29911e-05 
 6.85000e+01  2.68150e-05 
 6.90000e+01  5.18140e-05 
 6.95000e+01  5.93977e-05 
 7.00000e+01  5.81738e-05 
 7.05000e+01  3.72866e-05 
 7.10000e+01  3.60626e-05 
 7.15000e+01  4.02865e-05 
 7.20000e+01  2.69590e-05 
 7.25000e+01  1.92473e-05 
 7.30000e+01  1.96073e-05 
 7.35000e+01  1.99752e-05 
 7.40000e+01  3.19908e-05 
 7.45000e+01  2.58390e-05 
 7.50000e+01  2.26631e-05 
 7.55000e+01  2.26231e-05 
 7.60000e+01  2.26551e-05 
 7.65000e+01  2.38471e-05 
 7.70000e+01  2.41671e-05 
 7.75000e+01  4.38783e-05 
 7.80000e+01  6.18217e-05 
 7.85000e+01  6.79654e-05 
 7.90000e+01  6.15417e-05 
 7.95000e+01  5.71418e-05 
 8.00000e+01  7.83730e-05 
 8.05000e+01  7.96770e-05 
 8.10000e+01  9.38524e-05 
 8.15000e+01  7.77410e-05 
 8.20000e+01  6.86454e-05 
 8.25000e+01  7.03813e-05 
 8.30000e+01  6.43496e-05 
 8.35000e+01  5.98137e-05 
 8.40000e+01  4.97741e-05 
 8.45000e+01  5.65659e-05 
 8.50000e+01  5.88938e-05 
 8.55000e+01  5.94857e-05 
 8.60000e+01  5.64219e-05 
 8.65000e+01  7.18933e-05 
 8.70000e+01  1.11228e-04 
 8.75000e+01  8.34528e-05 
 8.80000e+01  7.29892e-05 
 8.85000e+01  6.78374e-05 
 8.90000e+01  9.28765e-05 
 8.95000e+01  6.86294e-05 
 9.00000e+01  6.14697e-05 
 9.05000e+01  1.09892e-04 
 9.10000e+01  1.21723e-04 
 9.15000e+01  9.67803e-05 
 9.20000e+01  6.88854e-05 
 9.25000e+01  6.86854e-05 
 9.30000e+01  1.05212e-04 
 9.35000e+01  1.23275e-04 
 9.40000e+01  1.13596e-04 
 9.45000e+01  1.20403e-04 
 9.50000e+01  9.11085e-05 
 9.55000e+01  8.95646e-05 
 9.60000e+01  1.08052e-04 
 9.65000e+01  1.01340e-04 
 9.70000e+01  1.22843e-04 
 9.75000e+01  1.26643e-04 
 9.80000e+01  8.14289e-05 
 9.85000e+01  7.87250e-05 
 9.90000e+01  7.96530e-05 
 9.95000e+01  7.08853e-05 
 1.00000e+02  1.04116e-04 
 1.00500e+02  8.41808e-05 
 1.01000e+02  1.07428e-04 
 1.01500e+02  8.28049e-05 
 1.02000e+02  1.17420e-04 
 1.02500e+02  1.46218e-04 
 1.03000e+02  1.54034e-04 
 1.03500e+02  1.30771e-04 
 1.04000e+02  9.28045e-05 
 1.04500e+02  9.23805e-05 
 1.05000e+02  1.17828e-04 
 1.05500e+02  1.43099e-04 
 1.06000e+02  1.46658e-04 
 1.06500e+02  1.31835e-04 
 1.07000e+02  1.99280e-04 
 1.07500e+02  1.99384e-04 
 1.08000e+02  1.36467e-04 
 1.08500e+02  1.36483e-04 
 1.09000e+02  1.48938e-04 
 1.09500e+02  1.93225e-04 
 1.10000e+02  2.86869e-04 
 1.10500e+02  2.19528e-04 
 1.11000e+02  2.54126e-04 
 1.11500e+02  2.16440e-04 
 1.12000e+02  2.00856e-04 
 1.12500e+02  2.37183e-04 
 1.13000e+02  2.94653e-04 
 1.13500e+02  2.38711e-04 
 1.14000e+02  3.09524e-04 
 1.14500e+02  3.08436e-04 
 1.15000e+02  3.43699e-04 
 1.15500e+02  3.53107e-04 
 1.16000e+02  2.59294e-04 
 1.16500e+02  2.71374e-04 
 1.17000e+02  3.39475e-04 
 1.17500e+02  2.34271e-04 
 1.18000e+02  2.86797e-04 
 1.18500e+02  2.57006e-04 
 1.19000e+02  2.16184e-04 
 1.19500e+02  2.75062e-04 
 1.20000e+02  3.29451e-04 
 1.20500e+02  3.18124e-04 
 1.21000e+02  3.66626e-04 
 1.21500e+02  3.59946e-04 
 1.22000e+02  4.43783e-04 
 1.22500e+02  3.67426e-04 
 1.23000e+02  4.59367e-04 
 1.23500e+02  3.78090e-04 
 1.24000e+02  4.48983e-04 
 1.24500e+02  3.80434e-04 
 1.25000e+02  3.52059e-04 
 1.25500e+02  3.40251e-04 
 1.26000e+02  3.89897e-04 
 1.26500e+02  3.95073e-04 
 1.27000e+02  4.49455e-04 
 1.27500e+02  4.40567e-04 
 1.28000e+02  4.72902e-04 
 1.28500e+02  4.78118e-04 
 1.29000e+02  6.04097e-04 
 1.29500e+02  6.03233e-04 
 1.30000e+02  5.70074e-04 
 1.30500e+02  6.29920e-04 
 1.31000e+02  7.09549e-04 
 1.31500e+02  5.37716e-04 
 1.32000e+02  4.89605e-04 
 1.32500e+02  5.51179e-04 
 1.33000e+02  6.12945e-04 
 1.33500e+02  7.08021e-04 
 1.34000e+02  7.00637e-04 
 1.34500e+02  7.42988e-04 
 1.35000e+02  8.83966e-04 
 1.35500e+02  8.50768e-04 
 1.36000e+02  7.26100e-04 
 1.36500e+02  6.53919e-04 
 1.37000e+02  8.48048e-04 
 1.37500e+02  7.63459e-04 
 1.38000e+02  8.43776e-04 
 1.38500e+02  9.70795e-04 
 1.39000e+02  1.05967e-03 
 1.39500e+02  9.75699e-04 
 1.40000e+02  9.89874e-04 
 1.40500e+02  9.81963e-04 
 1.41000e+02  8.91366e-04 
 1.41500e+02  9.98474e-04 
 1.42000e+02  9.05830e-04 
 1.42500e+02  9.51020e-04 
 1.43000e+02  8.84742e-04 
 1.43500e+02  9.69307e-04 
 1.44000e+02  1.01426e-03 
 1.44500e+02  9.52148e-04 
 1.45000e+02  8.51128e-04 
 1.45500e+02  1.01678e-03 
 1.46000e+02  1.20889e-03 
 1.46500e+02  1.14532e-03 
 1.47000e+02  1.11088e-03 
 1.47500e+02  1.06618e-03 
 1.48000e+02  1.04165e-03 
 1.48500e+02  1.08224e-03 
 1.49000e+02  1.01871e-03 
 1.49500e+02  1.07705e-03 
 1.50000e+02  1.01756e-03 
 1.50500e+02  1.20578e-03 
 1.51000e+02  1.11838e-03 
 1.51500e+02  1.26633e-03 
 1.52000e+02  1.38494e-03 
 1.52500e+02  1.46162e-03 
 1.53000e+02  1.59710e-03 
 1.53500e+02  1.42659e-03 
 1.54000e+02  1.42844e-03 
 1.54500e+02  1.44623e-03 
 1.55000e+02  1.24423e-03 
 1.55500e+02  1.25046e-03 
 1.56000e+02  1.46072e-03 
 1.56500e+02  1.64755e-03 
 1.57000e+02  1.54374e-03 
 1.57500e+02  1.38403e-03 
 1.58000e+02  1.65425e-03 
 1.58500e+02  1.46126e-03 
 1.59000e+02  1.44311e-03 
 1.59500e+02  1.55548e-03 
 1.60000e+02  1.55045e-03 
 1.60500e+02  1.53543e-03 
 1.61000e+02  1.46074e-03 
 1.61500e+02  1.52153e-03 
 1.62000e+02  1.77873e-03 
 1.62500e+02  1.68186e-03 
 1.63000e+02  1.70544e-03 
 1.63500e+02  1.79701e-03 
 1.64000e+02  1.88161e-03 
 1.64500e+02  2.00032e-03 
 1.65000e+02  1.92256e-03 
 1.65500e+02  2.04585e-03 
 1.66000e+02  2.20609e-03 
 1.66500e+02  2.04844e-03 
 1.67000e+02  1.68139e-03 
 1.67500e+02  1.81332e-03 
 1.68000e+02  1.71692e-03 
 1.68500e+02  1.79473e-03 
 1.69000e+02  1.69469e-03 
 1.69500e+02  2.01449e-03 
 1.70000e+02  2.16731e-03 
 1.70500e+02  2.09571e-03 
 1.71000e+02  2.05879e-03 
 1.71500e+02  2.15505e-03 
 1.72000e+02  2.13305e-03 
 1.72500e+02  2.15720e-03 
 1.73000e+02  1.98876e-03 
 1.73500e+02  2.18001e-03 
 1.74000e+02  2.19514e-03 
 1.74500e+02  2.36831e-03 
 1.75000e+02  2.60581e-03 
 1.75500e+02  2.33885e-03 
 1.76000e+02  2.19207e-03 
 1.76500e+02  2.16069e-03 
 1.77000e+02  2.07000e-03 
 1.77500e+02  2.42447e-03 
 1.78000e+02  2.28745e-03 
 1.78500e+02  2.47311e-03 
 1.79000e+02  2.51302e-03 
 1.79500e+02  2.20588e-03 
 1.80000e+02  2.11587e-03 
 1.80500e+02  2.10746e-03 
 1.81000e+02  2.23937e-03 
 1.81500e+02  2.49691e-03 
 1.82000e+02  2.64658e-03 
 1.82500e+02  2.63273e-03 
 1.83000e+02  2.30486e-03 
 1.83500e+02  2.33421e-03 
 1.84000e+02  2.34397e-03 
 1.84500e+02  2.51806e-03 
 1.85000e+02  2.67065e-03 
 1.85500e+02  2.34049e-03 
 1.86000e+02  2.55657e-03 
 1.86500e+02  2.74594e-03 
 1.87000e+02  2.85835e-03 
 1.87500e+02  2.74604e-03 
 1.88000e+02  2.65460e-03 
 1.88500e+02  2.80243e-03 
 1.89000e+02  3.03668e-03 
 1.89500e+02  2.74082e-03 
 1.90000e+02  2.91853e-03 
 1.90500e+02  2.82674e-03 
 1.91000e+02  2.79518e-03 
 1.91500e+02  2.74311e-03 
 1.92000e+02  2.80689e-03 
 1.92500e+02  2.57609e-03 
 1.93000e+02  2.43515e-03 
 1.93500e+02  2.44570e-03 
 1.94000e+02  2.30233e-03 
 1.94500e+02  2.26133e-03 
 1.95000e+02  2.42439e-03 
 1.95500e+02  2.40240e-03 
 1.96000e+02  2.34368e-03 
 1.96500e+02  2.62753e-03 
 1.97000e+02  2.63316e-03 
 1.97500e+02  2.65789e-03 
 1.98000e+02  2.44526e-03 
 1.98500e+02  2.35388e-03 
 1.99000e+02  2.14720e-03 
 1.99500e+02  2.37408e-03 
 2.00000e+02  2.33938e-03 
 2.00500e+02  2.20288e-03 
 2.01000e+02  2.18321e-03 
 2.01500e+02  2.16524e-03 
 2.02000e+02  2.25108e-03 
 2.02500e+02  2.40079e-03 
 2.03000e+02  2.19008e-03 
 2.03500e+02  2.21174e-03 
 2.04000e+02  2.16915e-03 
 2.04500e+02  2.23820e-03 
 2.05000e+02  2.48243e-03 
 2.05500e+02  2.61113e-03 
 2.06000e+02  2.40356e-03 
 2.06500e+02  2.10626e-03 
 2.07000e+02  1.90680e-03 
 2.07500e+02  1.92991e-03 
 2.08000e+02  1.99316e-03 
 2.08500e+02  1.92857e-03 
 2.09000e+02  1.88650e-03 
 2.09500e+02  1.79166e-03 
 2.10000e+02  1.88382e-03 
 2.10500e+02  1.81380e-03 
 2.11000e+02  1.96122e-03 
 2.11500e+02  1.88390e-03 
 2.12000e+02  1.84216e-03 
 2.12500e+02  1.79584e-03 
 2.13000e+02  2.01762e-03 
 2.13500e+02  2.02230e-03 
 2.14000e+02  1.98473e-03 
 2.14500e+02  1.84370e-03 
 2.15000e+02  1.76707e-03 
 2.15500e+02  1.69190e-03 
 2.16000e+02  1.72461e-03 
 2.16500e+02  1.67223e-03 
 2.17000e+02  1.65711e-03 
 2.17500e+02  1.37654e-03 
 2.18000e+02  1.33362e-03 
 2.18500e+02  1.64440e-03 
 2.19000e+02  1.56433e-03 
 2.19500e+02  1.51422e-03 
 2.20000e+02  1.54063e-03 
 2.20500e+02  1.57756e-03 
 2.21000e+02  1.59171e-03 
 2.21500e+02  1.54146e-03 
 2.22000e+02  1.53465e-03 
 2.22500e+02  1.35802e-03 
 2.23000e+02  1.23126e-03 
 2.23500e+02  1.25889e-03 
 2.24000e+02  1.26725e-03 
 2.24500e+02  1.27288e-03 
 2.25000e+02  1.26060e-03 
 2.25500e+02  1.23915e-03 
 2.26000e+02  1.20480e-03 
 2.26500e+02  1.15685e-03 
 2.27000e+02  1.21411e-03 
 2.27500e+02  1.20946e-03 
 2.28000e+02  1.19538e-03 
 2.28500e+02  1.27852e-03 
 2.29000e+02  1.21752e-03 
 2.29500e+02  1.11033e-03 
 2.30000e+02  1.07138e-03 
 2.30500e+02  1.06781e-03 
 2.31000e+02  1.09967e-03 
 2.31500e+02  1.01472e-03 
 2.32000e+02  1.05033e-03 
 2.32500e+02  1.10520e-03 
 2.33000e+02  8.84142e-04 
 2.33500e+02  8.69551e-04 
 2.34000e+02  8.76511e-04 
 2.34500e+02  8.58111e-04 
 2.35000e+02  8.29816e-04 
 2.35500e+02  9.02214e-04 
 2.36000e+02  9.11981e-04 
 2.36500e+02  9.78435e-04 
 2.37000e+02  8.88038e-04 
 2.37500e+02  8.59735e-04 
 2.38000e+02  8.35032e-04 
 2.38500e+02  7.54027e-04 
 2.39000e+02  7.42036e-04 
 2.39500e+02  8.03825e-04 
 2.40000e+02  7.87890e-04 
 2.40500e+02  8.69215e-04 
 2.41000e+02  8.16585e-04 
 2.41500e+02  7.92690e-04 
 2.42000e+02  8.54408e-04 
 2.42500e+02  7.70923e-04 
 2.43000e+02  7.46596e-04 
 2.43500e+02  7.51603e-04 
 2.44000e+02  7.61971e-04 
 2.44500e+02  7.92090e-04 
 2.45000e+02  8.61535e-04 
 2.45500e+02  7.64371e-04 
 2.46000e+02  7.26292e-04 
 2.46500e+02  6.65751e-04 
 2.47000e+02  6.38576e-04 
 2.47500e+02  6.36064e-04 
 2.48000e+02  6.82286e-04 
 2.48500e+02  6.55183e-04 
 2.49000e+02  6.58167e-04 
 2.49500e+02  6.27512e-04 
 2.50000e+02  5.52491e-04 
 2.50500e+02  5.53915e-04 
 2.51000e+02  5.88354e-04 
 2.51500e+02  5.69818e-04 
 2.52000e+02  5.18228e-04 
 2.52500e+02  5.37684e-04 
 2.53000e+02  5.26204e-04 
 2.53500e+02  5.36268e-04 
 2.54000e+02  5.17852e-04 
 2.54500e+02  5.16676e-04 
 2.55000e+02  4.63646e-04 
 2.55500e+02  4.47207e-04 
 2.56000e+02  4.82846e-04 
 2.56500e+02  5.06781e-04 
 2.57000e+02  4.29040e-04 
 2.57500e+02  4.21176e-04 
 2.58000e+02  4.06025e-04 
 2.58500e+02  4.05105e-04 
 2.59000e+02  3.96049e-04 
 2.59500e+02  3.77682e-04 
 2.60000e+02  3.70018e-04 
 2.60500e+02  3.60482e-04 
 2.61000e+02  3.61994e-04 
 2.61500e+02  3.94313e-04 
 2.62000e+02  3.80602e-04 
 2.62500e+02  3.54579e-04 
 2.63000e+02  3.63130e-04 
 2.63500e+02  3.45099e-04 
 2.64000e+02  3.71818e-04 
 2.64500e+02  3.48003e-04 
 2.65000e+02  3.52267e-04 
 2.65500e+02  3.33955e-04 
 2.66000e+02  3.11564e-04 
 2.66500e+02  3.06164e-04 
 2.67000e+02  2.92997e-04 
 2.67500e+02  2.95461e-04 
 2.68000e+02  2.79829e-04 
 2.68500e+02  2.76925e-04 
 2.69000e+02  2.65326e-04 
 2.69500e+02  2.66174e-04 
 2.70000e+02  2.47543e-04 
 2.70500e+02  2.47391e-04 
 2.71000e+02  2.61038e-04 
 2.71500e+02  2.53278e-04 
 2.72000e+02  2.47375e-04 
 2.72500e+02  2.19080e-04 
 2.73000e+02  2.20832e-04 
 2.73500e+02  2.37503e-04 
 2.74000e+02  2.29367e-04 
 2.74500e+02  2.23128e-04 
 2.75000e+02  2.28047e-04 
 2.75500e+02  2.08704e-04 
 2.76000e+02  2.29647e-04 
 2.76500e+02  2.32903e-04 
 2.77000e+02  2.14048e-04 
 2.77500e+02  2.24679e-04 
 2.78000e+02  2.26815e-04 
 2.78500e+02  2.37271e-04 
 2.79000e+02  2.40199e-04 
 2.79500e+02  2.53134e-04 
 2.80000e+02  2.54502e-04 
 2.80500e+02  2.45239e-04 
 2.81000e+02  2.29559e-04 
 2.81500e+02  2.36103e-04 
 2.82000e+02  2.16024e-04 
 2.82500e+02  1.86753e-04 
 2.83000e+02  1.77785e-04 
 2.83500e+02  1.55026e-04 
 2.84000e+02  1.44267e-04 
 2.84500e+02  1.44842e-04 
 2.85000e+02  1.43835e-04 
 2.85500e+02  1.45194e-04 
 2.86000e+02  1.41371e-04 
 2.86500e+02  1.41971e-04 
 2.87000e+02  1.31659e-04 
 2.87500e+02  1.31955e-04 
 2.88000e+02  1.25835e-04 
 2.88500e+02  1.18396e-04 
 2.89000e+02  1.20155e-04 
 2.89500e+02  1.20099e-04 
 2.90000e+02  1.23611e-04 
 2.90500e+02  1.20635e-04 
 2.91000e+02  1.19499e-04 
 2.91500e+02  1.07788e-04 
 2.92000e+02  1.09572e-04 
 2.92500e+02  1.18739e-04 
 2.93000e+02  1.19907e-04 
 2.93500e+02  1.22259e-04 
 2.94000e+02  1.04868e-04 
 2.94500e+02  1.04684e-04 
 2.95000e+02  1.05876e-04 
 2.95500e+02  1.08820e-04 
 2.96000e+02  1.08308e-04 
 2.96500e+02  1.08724e-04 
 2.97000e+02  1.14268e-04 
 2.97500e+02  1.17692e-04 
 2.98000e+02  1.04988e-04 
 2.98500e+02  1.04788e-04 
 2.99000e+02  1.05372e-04 
 2.99500e+02  1.08332e-04 
 3.00000e+02  1.14748e-04 
 3.00500e+02  1.19723e-04 
 3.01000e+02  1.19107e-04 
 3.01500e+02  1.14188e-04 
 3.02000e+02  1.12564e-04 
 3.02500e+02  1.06972e-04 
 3.03000e+02  1.17348e-04 
 3.03500e+02  1.14532e-04 
 3.04000e+02  1.15748e-04 
 3.04500e+02  1.13052e-04 
 3.05000e+02  1.19651e-04 
 3.05500e+02  1.18635e-04 
 3.06000e+02  1.19363e-04 
 3.06500e+02  1.16316e-04 
 3.07000e+02  1.27179e-04 
 3.07500e+02  1.18148e-04 
 3.08000e+02  1.23779e-04 
 3.08500e+02  1.17636e-04 
 3.09000e+02  1.24731e-04 
 3.09500e+02  1.27947e-04 
 3.10000e+02  1.32227e-04 
 3.10500e+02  1.28739e-04 
 3.11000e+02  1.24459e-04 
 3.11500e+02  1.27531e-04 
 3.12000e+02  1.30987e-04 
 3.12500e+02  1.38091e-04 
 3.13000e+02  1.44651e-04 
 3.13500e+02  1.52138e-04 
 3.14000e+02  1.49546e-04 
 3.14500e+02  1.54442e-04 
 3.15000e+02  1.65042e-04 
 3.15500e+02  1.76193e-04 
 3.16000e+02  1.83705e-04 
 3.16500e+02  2.00520e-04 
 3.17000e+02  2.10336e-04 
 3.17500e+02  2.24743e-04 
 3.18000e+02  2.43895e-04 
 3.18500e+02  2.87717e-04 
 3.19000e+02  3.82801e-04 
 3.19500e+02  8.47768e-04 
