 0.00000e+00  5.44000e-07 
 5.00000e-01  3.84000e-07 
 1.00000e+00  2.56000e-07 
 1.50000e+00  2.16000e-07 
 2.00000e+00  2.08000e-07 
 2.50000e+00  1.92000e-07 
 3.00000e+00  1.76000e-07 
 3.50000e+00  1.52000e-07 
 4.00000e+00  1.36000e-07 
 4.50000e+00  1.44000e-07 
 5.00000e+00  1.44000e-07 
 5.50000e+00  1.36000e-07 
 6.00000e+00  1.20000e-07 
 6.50000e+00  1.20000e-07 
 7.00000e+00  1.12000e-07 
 7.50000e+00  1.12000e-07 
 8.00000e+00  1.04000e-07 
 8.50000e+00  1.04000e-07 
 9.00000e+00  1.12000e-07 
 9.50000e+00  1.04000e-07 
 1.00000e+01  9.60000e-08 
 1.05000e+01  9.60000e-08 
 1.10000e+01  9.60000e-08 
 1.15000e+01  8.80000e-08 
 1.20000e+01  8.80000e-08 
 1.25000e+01  8.80000e-08 
 1.30000e+01  8.80000e-08 
 1.35000e+01  8.80000e-08 
 1.40000e+01  8.80000e-08 
 1.45000e+01  8.80000e-08 
 1.50000e+01  8.80000e-08 
 1.55000e+01  8.00000e-08 
 1.60000e+01  8.00000e-08 
 1.65000e+01  8.00000e-08 
 1.70000e+01  7.20000e-08 
 1.75000e+01  8.00000e-08 
 1.80000e+01  7.20000e-08 
 1.85000e+01  8.00000e-08 
 1.90000e+01  7.20000e-08 
 1.95000e+01  8.00000e-08 
 2.00000e+01  7.20000e-08 
 2.05000e+01  7.20000e-08 
 2.10000e+01  7.20000e-08 
 2.15000e+01  7.20000e-08 
 2.20000e+01  7.20000e-08 
 2.25000e+01  7.20000e-08 
 2.30000e+01  6.40000e-08 
 2.35000e+01  1.05600e-06 
 2.40000e+01  1.46400e-06 
 2.45000e+01  9.20000e-07 
 2.50000e+01  7.36000e-07 
 2.55000e+01  6.80000e-07 
 2.60000e+01  7.68000e-07 
 2.65000e+01  1.03200e-06 
 2.70000e+01  1.07200e-06 
 2.75000e+01  1.14400e-06 
 2.80000e+01  1.08000e-06 
 2.85000e+01  1.04000e-06 
 2.90000e+01  9.84000e-07 
 2.95000e+01  9.44000e-07 
 3.00000e+01  9.20000e-07 
 3.05000e+01  9.04000e-07 
 3.10000e+01  8.72000e-07 
 3.15000e+01  8.32000e-07 
 3.20000e+01  8.08000e-07 
 3.25000e+01  8.08000e-07 
 3.30000e+01  7.92000e-07 
 3.35000e+01  7.84000e-07 
 3.40000e+01  2.84800e-06 
 3.45000e+01  3.65600e-06 
 3.50000e+01  2.84000e-06 
 3.55000e+01  2.45600e-06 
 3.60000e+01  2.12000e-06 
 3.65000e+01  1.99200e-06 
 3.70000e+01  1.88800e-06 
 3.75000e+01  1.76000e-06 
 3.80000e+01  1.69600e-06 
 3.85000e+01  1.65600e-06 
 3.90000e+01  1.58400e-06 
 3.95000e+01  1.54400e-06 
 4.00000e+01  1.49600e-06 
 4.05000e+01  1.51200e-06 
 4.10000e+01  1.44800e-06 
 4.15000e+01  4.19200e-06 
 4.20000e+01  5.83200e-06 
 4.25000e+01  4.41600e-06 
 4.30000e+01  5.80000e-06 
 4.35000e+01  1.06720e-05 
 4.40000e+01  7.95200e-06 
 4.45000e+01  5.63200e-06 
 4.50000e+01  4.43200e-06 
 4.55000e+01  7.48800e-06 
 4.60000e+01  6.01600e-06 
 4.65000e+01  5.42400e-06 
 4.70000e+01  8.89600e-06 
 4.75000e+01  1.02560e-05 
 4.80000e+01  8.88000e-06 
 4.85000e+01  9.34400e-06 
 4.90000e+01  7.50400e-06 
 4.95000e+01  6.57600e-06 
 5.00000e+01  5.64800e-06 
 5.05000e+01  5.50400e-06 
 5.10000e+01  5.35200e-06 
 5.15000e+01  5.94400e-06 
 5.20000e+01  5.78400e-06 
 5.25000e+01  5.53600e-06 
 5.30000e+01  5.45600e-06 
 5.35000e+01  5.36000e-06 
 5.40000e+01  5.45600e-06 
 5.45000e+01  5.43200e-06 
 5.50000e+01  5.39200e-06 
 5.55000e+01  5.34400e-06 
 5.60000e+01  5.22400e-06 
 5.65000e+01  1.01760e-05 
 5.70000e+01  9.80800e-06 
 5.75000e+01  8.20000e-06 
 5.80000e+01  7.61600e-06 
 5.85000e+01  1.18720e-05 
 5.90000e+01  1.49440e-05 
 5.95000e+01  1.41120e-05 
 6.00000e+01  1.21760e-05 
 6.05000e+01  1.36320e-05 
 6.10000e+01  1.64080e-05 
 6.15000e+01  1.36240e-05 
 6.20000e+01  1.65280e-05 
 6.25000e+01  1.58400e-05 
 6.30000e+01  1.59760e-05 
 6.35000e+01  1.74000e-05 
 6.40000e+01  1.67280e-05 
 6.45000e+01  1.97440e-05 
 6.50000e+01  2.11680e-05 
 6.55000e+01  1.99040e-05 
 6.60000e+01  1.76320e-05 
 6.65000e+01  2.71760e-05 
 6.70000e+01  2.15600e-05 
 6.75000e+01  2.52800e-05 
 6.80000e+01  2.91280e-05 
 6.85000e+01  2.09280e-05 
 6.90000e+01  2.03840e-05 
 6.95000e+01  1.86560e-05 
 7.00000e+01  1.84800e-05 
 7.05000e+01  2.66400e-05 
 7.10000e+01  3.83280e-05 
 7.15000e+01  3.64480e-05 
 7.20000e+01  3.39760e-05 
 7.25000e+01  3.28400e-05 
 7.30000e+01  3.82080e-05 
 7.35000e+01  4.80960e-05 
 7.40000e+01  4.25360e-05 
 7.45000e+01  3.73360e-05 
 7.50000e+01  4.18720e-05 
 7.55000e+01  6.08880e-05 
 7.60000e+01  4.80800e-05 
 7.65000e+01  4.00320e-05 
 7.70000e+01  3.79280e-05 
 7.75000e+01  4.10800e-05 
 7.80000e+01  4.64960e-05 
 7.85000e+01  5.01600e-05 
 7.90000e+01  6.01680e-05 
 7.95000e+01  5.06080e-05 
 8.00000e+01  5.57200e-05 
 8.05000e+01  4.12720e-05 
 8.10000e+01  6.96560e-05 
 8.15000e+01  8.97280e-05 
 8.20000e+01  9.32320e-05 
 8.25000e+01  8.04320e-05 
 8.30000e+01  8.94240e-05 
 8.35000e+01  8.80880e-05 
 8.40000e+01  9.60320e-05 
 8.45000e+01  1.09464e-04 
 8.50000e+01  1.17096e-04 
 8.55000e+01  8.66880e-05 
 8.60000e+01  8.98560e-05 
 8.65000e+01  9.00960e-05 
 8.70000e+01  1.29800e-04 
 8.75000e+01  1.41176e-04 
 8.80000e+01  1.42008e-04 
 8.85000e+01  1.12752e-04 
 8.90000e+01  1.13840e-04 
 8.95000e+01  1.19128e-04 
 9.00000e+01  1.16912e-04 
 9.05000e+01  1.16952e-04 
 9.10000e+01  1.18648e-04 
 9.15000e+01  9.45520e-05 
 9.20000e+01  1.33752e-04 
 9.25000e+01  1.46464e-04 
 9.30000e+01  1.37352e-04 
 9.35000e+01  1.33272e-04 
 9.40000e+01  1.55368e-04 
 9.45000e+01  1.21720e-04 
 9.50000e+01  1.36080e-04 
 9.55000e+01  1.17960e-04 
 9.60000e+01  1.53016e-04 
 9.65000e+01  1.07848e-04 
 9.70000e+01  9.77760e-05 
 9.75000e+01  6.99040e-05 
 9.80000e+01  7.88720e-05 
 9.85000e+01  8.13760e-05 
 9.90000e+01  9.14640e-05 
 9.95000e+01  1.16000e-04 
 1.00000e+02  1.01520e-04 
 1.00500e+02  7.71840e-05 
 1.01000e+02  7.32800e-05 
 1.01500e+02  1.19664e-04 
 1.02000e+02  1.32368e-04 
 1.02500e+02  1.32448e-04 
 1.03000e+02  1.34536e-04 
 1.03500e+02  1.09544e-04 
 1.04000e+02  1.23424e-04 
 1.04500e+02  1.09480e-04 
 1.05000e+02  1.43344e-04 
 1.05500e+02  1.45096e-04 
 1.06000e+02  1.56392e-04 
 1.06500e+02  1.34584e-04 
 1.07000e+02  2.32560e-04 
 1.07500e+02  2.20832e-04 
 1.08000e+02  1.76224e-04 
 1.08500e+02  2.05976e-04 
 1.09000e+02  1.70080e-04 
 1.09500e+02  2.05936e-04 
 1.10000e+02  2.20688e-04 
 1.10500e+02  1.98208e-04 
 1.11000e+02  1.94752e-04 
 1.11500e+02  2.17016e-04 
 1.12000e+02  2.24472e-04 
 1.12500e+02  2.34760e-04 
 1.13000e+02  2.06144e-04 
 1.13500e+02  2.61408e-04 
 1.14000e+02  2.56280e-04 
 1.14500e+02  2.72376e-04 
 1.15000e+02  3.24888e-04 
 1.15500e+02  3.87520e-04 
 1.16000e+02  4.03960e-04 
 1.16500e+02  3.91384e-04 
 1.17000e+02  3.58880e-04 
 1.17500e+02  4.02856e-04 
 1.18000e+02  4.03768e-04 
 1.18500e+02  4.01840e-04 
 1.19000e+02  2.89640e-04 
 1.19500e+02  3.16520e-04 
 1.20000e+02  2.50640e-04 
 1.20500e+02  2.60096e-04 
 1.21000e+02  3.12808e-04 
 1.21500e+02  3.15440e-04 
 1.22000e+02  3.06576e-04 
 1.22500e+02  2.37968e-04 
 1.23000e+02  3.18440e-04 
 1.23500e+02  4.21304e-04 
 1.24000e+02  3.45640e-04 
 1.24500e+02  3.41296e-04 
 1.25000e+02  3.05656e-04 
 1.25500e+02  4.18936e-04 
 1.26000e+02  4.32128e-04 
 1.26500e+02  3.88272e-04 
 1.27000e+02  5.26288e-04 
 1.27500e+02  6.01080e-04 
 1.28000e+02  5.93304e-04 
 1.28500e+02  7.19400e-04 
 1.29000e+02  6.28064e-04 
 1.29500e+02  6.23328e-04 
 1.30000e+02  5.59472e-04 
 1.30500e+02  6.11128e-04 
 1.31000e+02  7.31240e-04 
 1.31500e+02  6.68144e-04 
 1.32000e+02  6.92976e-04 
 1.32500e+02  8.32440e-04 
 1.33000e+02  7.49808e-04 
 1.33500e+02  7.77448e-04 
 1.34000e+02  8.62152e-04 
 1.34500e+02  7.32464e-04 
 1.35000e+02  7.69112e-04 
 1.35500e+02  7.18096e-04 
 1.36000e+02  7.36968e-04 
 1.36500e+02  7.29392e-04 
 1.37000e+02  9.24408e-04 
 1.37500e+02  1.00990e-03 
 1.38000e+02  9.37296e-04 
 1.38500e+02  9.26224e-04 
 1.39000e+02  8.74792e-04 
 1.39500e+02  8.19808e-04 
 1.40000e+02  1.01076e-03 
 1.40500e+02  1.00870e-03 
 1.41000e+02  9.28744e-04 
 1.41500e+02  9.43680e-04 
 1.42000e+02  1.08425e-03 
 1.42500e+02  1.10513e-03 
 1.43000e+02  1.27262e-03 
 1.43500e+02  1.02361e-03 
 1.44000e+02  1.07381e-03 
 1.44500e+02  1.04339e-03 
 1.45000e+02  1.11279e-03 
 1.45500e+02  1.37123e-03 
 1.46000e+02  1.31020e-03 
 1.46500e+02  1.31108e-03 
 1.47000e+02  1.25866e-03 
 1.47500e+02  1.36878e-03 
 1.48000e+02  1.29109e-03 
 1.48500e+02  1.32348e-03 
 1.49000e+02  1.24464e-03 
 1.49500e+02  1.48477e-03 
 1.50000e+02  1.79671e-03 
 1.50500e+02  1.61237e-03 
 1.51000e+02  1.46961e-03 
 1.51500e+02  1.33756e-03 
 1.52000e+02  1.28131e-03 
 1.52500e+02  1.24462e-03 
 1.53000e+02  1.25742e-03 
 1.53500e+02  1.17840e-03 
 1.54000e+02  1.21662e-03 
 1.54500e+02  1.42127e-03 
 1.55000e+02  1.57606e-03 
 1.55500e+02  1.35886e-03 
 1.56000e+02  1.44486e-03 
 1.56500e+02  1.50990e-03 
 1.57000e+02  1.57050e-03 
 1.57500e+02  1.71986e-03 
 1.58000e+02  1.87798e-03 
 1.58500e+02  1.96761e-03 
 1.59000e+02  1.90475e-03 
 1.59500e+02  1.71099e-03 
 1.60000e+02  1.68470e-03 
 1.60500e+02  1.83718e-03 
 1.61000e+02  1.74486e-03 
 1.61500e+02  1.67766e-03 
 1.62000e+02  1.87849e-03 
 1.62500e+02  1.70658e-03 
 1.63000e+02  1.68816e-03 
 1.63500e+02  1.83984e-03 
 1.64000e+02  1.77388e-03 
 1.64500e+02  1.83986e-03 
 1.65000e+02  1.97310e-03 
 1.65500e+02  1.92653e-03 
 1.66000e+02  1.92490e-03 
 1.66500e+02  1.95829e-03 
 1.67000e+02  2.03687e-03 
 1.67500e+02  1.92266e-03 
 1.68000e+02  1.94151e-03 
 1.68500e+02  2.03432e-03 
 1.69000e+02  2.13463e-03 
 1.69500e+02  2.14363e-03 
 1.70000e+02  2.32030e-03 
 1.70500e+02  2.29375e-03 
 1.71000e+02  2.34076e-03 
 1.71500e+02  2.54332e-03 
 1.72000e+02  2.32821e-03 
 1.72500e+02  2.15137e-03 
 1.73000e+02  2.21979e-03 
 1.73500e+02  2.44056e-03 
 1.74000e+02  2.44147e-03 
 1.74500e+02  2.70880e-03 
 1.75000e+02  2.33009e-03 
 1.75500e+02  2.39428e-03 
 1.76000e+02  2.42228e-03 
 1.76500e+02  2.46826e-03 
 1.77000e+02  2.91731e-03 
 1.77500e+02  2.80309e-03 
 1.78000e+02  2.48179e-03 
 1.78500e+02  2.46048e-03 
 1.79000e+02  2.59720e-03 
 1.79500e+02  2.85394e-03 
 1.80000e+02  2.81723e-03 
 1.80500e+02  2.84032e-03 
 1.81000e+02  2.55930e-03 
 1.81500e+02  2.21754e-03 
 1.82000e+02  2.44254e-03 
 1.82500e+02  2.20386e-03 
 1.83000e+02  2.41454e-03 
 1.83500e+02  2.57094e-03 
 1.84000e+02  2.26097e-03 
 1.84500e+02  2.34689e-03 
 1.85000e+02  2.38862e-03 
 1.85500e+02  2.52572e-03 
 1.86000e+02  2.64920e-03 
 1.86500e+02  2.52794e-03 
 1.87000e+02  2.37452e-03 
 1.87500e+02  2.54774e-03 
 1.88000e+02  2.68414e-03 
 1.88500e+02  2.68692e-03 
 1.89000e+02  2.55951e-03 
 1.89500e+02  2.49654e-03 
 1.90000e+02  2.45390e-03 
 1.90500e+02  2.48394e-03 
 1.91000e+02  2.66440e-03 
 1.91500e+02  2.61765e-03 
 1.92000e+02  2.63104e-03 
 1.92500e+02  2.52570e-03 
 1.93000e+02  2.54349e-03 
 1.93500e+02  2.54835e-03 
 1.94000e+02  2.58534e-03 
 1.94500e+02  2.48954e-03 
 1.95000e+02  2.40387e-03 
 1.95500e+02  2.49818e-03 
 1.96000e+02  2.41059e-03 
 1.96500e+02  2.39672e-03 
 1.97000e+02  2.55485e-03 
 1.97500e+02  2.49503e-03 
 1.98000e+02  2.62058e-03 
 1.98500e+02  2.46379e-03 
 1.99000e+02  2.33478e-03 
 1.99500e+02  2.38934e-03 
 2.00000e+02  2.25588e-03 
 2.00500e+02  2.25904e-03 
 2.01000e+02  2.26335e-03 
 2.01500e+02  2.46511e-03 
 2.02000e+02  2.55878e-03 
 2.02500e+02  2.62700e-03 
 2.03000e+02  2.46490e-03 
 2.03500e+02  2.02818e-03 
 2.04000e+02  2.23571e-03 
 2.04500e+02  2.12170e-03 
 2.05000e+02  2.18570e-03 
 2.05500e+02  2.26732e-03 
 2.06000e+02  2.43889e-03 
 2.06500e+02  2.34988e-03 
 2.07000e+02  2.20233e-03 
 2.07500e+02  2.05380e-03 
 2.08000e+02  2.09152e-03 
 2.08500e+02  2.32799e-03 
 2.09000e+02  2.30760e-03 
 2.09500e+02  2.21824e-03 
 2.10000e+02  2.11576e-03 
 2.10500e+02  2.14607e-03 
 2.11000e+02  2.07548e-03 
 2.11500e+02  2.18522e-03 
 2.12000e+02  2.05358e-03 
 2.12500e+02  1.92578e-03 
 2.13000e+02  1.87306e-03 
 2.13500e+02  1.78422e-03 
 2.14000e+02  1.88695e-03 
 2.14500e+02  1.62971e-03 
 2.15000e+02  1.65662e-03 
 2.15500e+02  1.63466e-03 
 2.16000e+02  1.51444e-03 
 2.16500e+02  1.50578e-03 
 2.17000e+02  1.60773e-03 
 2.17500e+02  1.66943e-03 
 2.18000e+02  1.72704e-03 
 2.18500e+02  1.62264e-03 
 2.19000e+02  1.55761e-03 
 2.19500e+02  1.46726e-03 
 2.20000e+02  1.35628e-03 
 2.20500e+02  1.44546e-03 
 2.21000e+02  1.21347e-03 
 2.21500e+02  1.08870e-03 
 2.22000e+02  1.09415e-03 
 2.22500e+02  1.19435e-03 
 2.23000e+02  1.15071e-03 
 2.23500e+02  1.14822e-03 
 2.24000e+02  1.15226e-03 
 2.24500e+02  1.17219e-03 
 2.25000e+02  1.12388e-03 
 2.25500e+02  1.03739e-03 
 2.26000e+02  9.69800e-04 
 2.26500e+02  8.97184e-04 
 2.27000e+02  8.85848e-04 
 2.27500e+02  9.08704e-04 
 2.28000e+02  7.90136e-04 
 2.28500e+02  7.57440e-04 
 2.29000e+02  8.42720e-04 
 2.29500e+02  9.01024e-04 
 2.30000e+02  9.18536e-04 
 2.30500e+02  9.32520e-04 
 2.31000e+02  9.90136e-04 
 2.31500e+02  9.42856e-04 
 2.32000e+02  1.05478e-03 
 2.32500e+02  9.93704e-04 
 2.33000e+02  1.02119e-03 
 2.33500e+02  9.22136e-04 
 2.34000e+02  9.32880e-04 
 2.34500e+02  8.54448e-04 
 2.35000e+02  8.24744e-04 
 2.35500e+02  7.02832e-04 
 2.36000e+02  7.24800e-04 
 2.36500e+02  7.35224e-04 
 2.37000e+02  7.74776e-04 
 2.37500e+02  8.36384e-04 
 2.38000e+02  7.43784e-04 
 2.38500e+02  7.73240e-04 
 2.39000e+02  7.28416e-04 
 2.39500e+02  7.31600e-04 
 2.40000e+02  8.23232e-04 
 2.40500e+02  7.45136e-04 
 2.41000e+02  7.01448e-04 
 2.41500e+02  6.63592e-04 
 2.42000e+02  6.84560e-04 
 2.42500e+02  6.81440e-04 
 2.43000e+02  6.33840e-04 
 2.43500e+02  6.38104e-04 
 2.44000e+02  7.44944e-04 
 2.44500e+02  6.63456e-04 
 2.45000e+02  6.54032e-04 
 2.45500e+02  6.08344e-04 
 2.46000e+02  5.76480e-04 
 2.46500e+02  5.26488e-04 
 2.47000e+02  5.07584e-04 
 2.47500e+02  5.52112e-04 
 2.48000e+02  5.18208e-04 
 2.48500e+02  5.12744e-04 
 2.49000e+02  4.70928e-04 
 2.49500e+02  4.30032e-04 
 2.50000e+02  4.84424e-04 
 2.50500e+02  4.66240e-04 
 2.51000e+02  4.97808e-04 
 2.51500e+02  5.20120e-04 
 2.52000e+02  4.86232e-04 
 2.52500e+02  4.69352e-04 
 2.53000e+02  4.26416e-04 
 2.53500e+02  4.08904e-04 
 2.54000e+02  4.21440e-04 
 2.54500e+02  4.21520e-04 
 2.55000e+02  4.23264e-04 
 2.55500e+02  3.73360e-04 
 2.56000e+02  3.49808e-04 
 2.56500e+02  3.75504e-04 
 2.57000e+02  3.62448e-04 
 2.57500e+02  3.31672e-04 
 2.58000e+02  3.36120e-04 
 2.58500e+02  3.48880e-04 
 2.59000e+02  3.28128e-04 
 2.59500e+02  3.61424e-04 
 2.60000e+02  3.31024e-04 
 2.60500e+02  3.15704e-04 
 2.61000e+02  3.33624e-04 
 2.61500e+02  3.25560e-04 
 2.62000e+02  3.19728e-04 
 2.62500e+02  3.16328e-04 
 2.63000e+02  3.11960e-04 
 2.63500e+02  3.16288e-04 
 2.64000e+02  3.24832e-04 
 2.64500e+02  3.17456e-04 
 2.65000e+02  3.07632e-04 
 2.65500e+02  3.20560e-04 
 2.66000e+02  2.99664e-04 
 2.66500e+02  2.76264e-04 
 2.67000e+02  2.72952e-04 
 2.67500e+02  2.57632e-04 
 2.68000e+02  2.53536e-04 
 2.68500e+02  2.37584e-04 
 2.69000e+02  2.24344e-04 
 2.69500e+02  2.36840e-04 
 2.70000e+02  2.06816e-04 
 2.70500e+02  2.04936e-04 
 2.71000e+02  1.92304e-04 
 2.71500e+02  1.94016e-04 
 2.72000e+02  1.96344e-04 
 2.72500e+02  2.03888e-04 
 2.73000e+02  2.06552e-04 
 2.73500e+02  2.15024e-04 
 2.74000e+02  2.26168e-04 
 2.74500e+02  2.02704e-04 
 2.75000e+02  1.85216e-04 
 2.75500e+02  1.84888e-04 
 2.76000e+02  1.85848e-04 
 2.76500e+02  1.91328e-04 
 2.77000e+02  1.84760e-04 
 2.77500e+02  1.90288e-04 
 2.78000e+02  2.02656e-04 
 2.78500e+02  2.06880e-04 
 2.79000e+02  1.96856e-04 
 2.79500e+02  1.98736e-04 
 2.80000e+02  2.21896e-04 
 2.80500e+02  2.20896e-04 
 2.81000e+02  2.23112e-04 
 2.81500e+02  1.94312e-04 
 2.82000e+02  1.83592e-04 
 2.82500e+02  1.66104e-04 
 2.83000e+02  1.47464e-04 
 2.83500e+02  1.35640e-04 
 2.84000e+02  1.26896e-04 
 2.84500e+02  1.27384e-04 
 2.85000e+02  1.17856e-04 
 2.85500e+02  1.22664e-04 
 2.86000e+02  1.17992e-04 
 2.86500e+02  1.10680e-04 
 2.87000e+02  1.10600e-04 
 2.87500e+02  1.12688e-04 
 2.88000e+02  1.17080e-04 
 2.88500e+02  1.16968e-04 
 2.89000e+02  1.16440e-04 
 2.89500e+02  1.13912e-04 
 2.90000e+02  1.13376e-04 
 2.90500e+02  1.15032e-04 
 2.91000e+02  1.04728e-04 
 2.91500e+02  1.12424e-04 
 2.92000e+02  1.08944e-04 
 2.92500e+02  1.04032e-04 
 2.93000e+02  1.14016e-04 
 2.93500e+02  1.12944e-04 
 2.94000e+02  1.18240e-04 
 2.94500e+02  1.24384e-04 
 2.95000e+02  1.22696e-04 
 2.95500e+02  1.10568e-04 
 2.96000e+02  1.01040e-04 
 2.96500e+02  1.11912e-04 
 2.97000e+02  1.05408e-04 
 2.97500e+02  1.02200e-04 
 2.98000e+02  1.05936e-04 
 2.98500e+02  1.02976e-04 
 2.99000e+02  1.00608e-04 
 2.99500e+02  1.05312e-04 
 3.00000e+02  1.10128e-04 
 3.00500e+02  1.09432e-04 
 3.01000e+02  1.12448e-04 
 3.01500e+02  1.09648e-04 
 3.02000e+02  1.13288e-04 
 3.02500e+02  1.08640e-04 
 3.03000e+02  1.04696e-04 
 3.03500e+02  1.10896e-04 
 3.04000e+02  1.15320e-04 
 3.04500e+02  1.14112e-04 
 3.05000e+02  1.20904e-04 
 3.05500e+02  1.13352e-04 
 3.06000e+02  1.21360e-04 
 3.06500e+02  1.17008e-04 
 3.07000e+02  1.12984e-04 
 3.07500e+02  1.06592e-04 
 3.08000e+02  1.11776e-04 
 3.08500e+02  1.14280e-04 
 3.09000e+02  1.28560e-04 
 3.09500e+02  1.30704e-04 
 3.10000e+02  1.35920e-04 
 3.10500e+02  1.30600e-04 
 3.11000e+02  1.33448e-04 
 3.11500e+02  1.25832e-04 
 3.12000e+02  1.35672e-04 
 3.12500e+02  1.41232e-04 
 3.13000e+02  1.51104e-04 
 3.13500e+02  1.49512e-04 
 3.14000e+02  1.51320e-04 
 3.14500e+02  1.52952e-04 
 3.15000e+02  1.58520e-04 
 3.15500e+02  1.70432e-04 
 3.16000e+02  1.73872e-04 
 3.16500e+02  1.93168e-04 
 3.17000e+02  2.04376e-04 
 3.17500e+02  2.15432e-04 
 3.18000e+02  2.36072e-04 
 3.18500e+02  2.84832e-04 
 3.19000e+02  3.80064e-04 
 3.19500e+02  8.39624e-04 
