 0.00000e+00  1.96000e-06 
 5.00000e-01  1.05600e-06 
 1.00000e+00  1.37600e-06 
 1.50000e+00  1.32800e-06 
 2.00000e+00  1.10400e-06 
 2.50000e+00  1.00800e-06 
 3.00000e+00  9.28000e-07 
 3.50000e+00  8.24000e-07 
 4.00000e+00  7.44000e-07 
 4.50000e+00  2.42400e-06 
 5.00000e+00  1.45600e-06 
 5.50000e+00  1.27200e-06 
 6.00000e+00  1.15200e-06 
 6.50000e+00  1.03200e-06 
 7.00000e+00  9.60000e-07 
 7.50000e+00  9.04000e-07 
 8.00000e+00  8.96000e-07 
 8.50000e+00  8.64000e-07 
 9.00000e+00  8.32000e-07 
 9.50000e+00  8.00000e-07 
 1.00000e+01  7.76000e-07 
 1.05000e+01  7.52000e-07 
 1.10000e+01  7.20000e-07 
 1.15000e+01  7.12000e-07 
 1.20000e+01  6.96000e-07 
 1.25000e+01  6.72000e-07 
 1.30000e+01  6.64000e-07 
 1.35000e+01  6.64000e-07 
 1.40000e+01  6.32000e-07 
 1.45000e+01  7.12000e-07 
 1.50000e+01  2.50400e-06 
 1.55000e+01  1.39200e-06 
 1.60000e+01  1.26400e-06 
 1.65000e+01  1.08800e-06 
 1.70000e+01  7.28000e-07 
 1.75000e+01  1.81600e-06 
 1.80000e+01  1.36800e-06 
 1.85000e+01  8.48000e-07 
 1.90000e+01  7.84000e-07 
 1.95000e+01  7.68000e-07 
 2.00000e+01  7.04000e-07 
 2.05000e+01  2.26400e-06 
 2.10000e+01  2.40000e-06 
 2.15000e+01  3.68000e-06 
 2.20000e+01  2.68000e-06 
 2.25000e+01  2.22400e-06 
 2.30000e+01  2.05600e-06 
 2.35000e+01  1.86400e-06 
 2.40000e+01  1.78400e-06 
 2.45000e+01  1.68000e-06 
 2.50000e+01  1.64000e-06 
 2.55000e+01  1.57600e-06 
 2.60000e+01  1.50400e-06 
 2.65000e+01  1.42400e-06 
 2.70000e+01  1.46400e-06 
 2.75000e+01  1.42400e-06 
 2.80000e+01  1.37600e-06 
 2.85000e+01  1.32800e-06 
 2.90000e+01  1.28800e-06 
 2.95000e+01  1.27200e-06 
 3.00000e+01  1.23200e-06 
 3.05000e+01  1.24000e-06 
 3.10000e+01  1.18400e-06 
 3.15000e+01  1.14400e-06 
 3.20000e+01  1.13600e-06 
 3.25000e+01  1.32000e-06 
 3.30000e+01  1.41600e-06 
 3.35000e+01  1.57600e-06 
 3.40000e+01  1.72800e-06 
 3.45000e+01  4.02400e-06 
 3.50000e+01  2.57600e-06 
 3.55000e+01  2.52800e-06 
 3.60000e+01  2.88800e-06 
 3.65000e+01  5.34400e-06 
 3.70000e+01  3.72000e-06 
 3.75000e+01  3.29600e-06 
 3.80000e+01  3.08800e-06 
 3.85000e+01  5.52800e-06 
 3.90000e+01  4.10400e-06 
 3.95000e+01  1.07440e-05 
 4.00000e+01  1.13440e-05 
 4.05000e+01  8.17600e-06 
 4.10000e+01  6.92000e-06 
 4.15000e+01  5.73600e-06 
 4.20000e+01  5.85600e-06 
 4.25000e+01  7.33600e-06 
 4.30000e+01  6.08000e-06 
 4.35000e+01  7.56000e-06 
 4.40000e+01  8.69600e-06 
 4.45000e+01  6.63200e-06 
 4.50000e+01  6.09600e-06 
 4.55000e+01  5.87200e-06 
 4.60000e+01  5.62400e-06 
 4.65000e+01  5.45600e-06 
 4.70000e+01  5.36800e-06 
 4.75000e+01  6.68000e-06 
 4.80000e+01  6.28800e-06 
 4.85000e+01  7.68000e-06 
 4.90000e+01  7.21600e-06 
 4.95000e+01  6.96000e-06 
 5.00000e+01  6.72000e-06 
 5.05000e+01  7.54400e-06 
 5.10000e+01  1.96720e-05 
 5.15000e+01  1.35920e-05 
 5.20000e+01  1.53280e-05 
 5.25000e+01  1.50640e-05 
 5.30000e+01  1.33840e-05 
 5.35000e+01  1.02000e-05 
 5.40000e+01  9.76800e-06 
 5.45000e+01  9.62400e-06 
 5.50000e+01  2.02480e-05 
 5.55000e+01  2.12800e-05 
 5.60000e+01  1.54320e-05 
 5.65000e+01  2.00480e-05 
 5.70000e+01  2.66400e-05 
 5.75000e+01  1.94400e-05 
 5.80000e+01  1.85440e-05 
 5.85000e+01  1.88080e-05 
 5.90000e+01  1.65040e-05 
 5.95000e+01  1.63360e-05 
 6.00000e+01  1.58160e-05 
 6.05000e+01  1.47040e-05 
 6.10000e+01  1.57680e-05 
 6.15000e+01  2.52560e-05 
 6.20000e+01  3.36560e-05 
 6.25000e+01  2.04560e-05 
 6.30000e+01  1.84080e-05 
 6.35000e+01  2.60080e-05 
 6.40000e+01  3.09280e-05 
 6.45000e+01  3.07360e-05 
 6.50000e+01  2.72320e-05 
 6.55000e+01  3.48320e-05 
 6.60000e+01  3.88320e-05 
 6.65000e+01  3.47920e-05 
 6.70000e+01  3.06160e-05 
 6.75000e+01  2.89600e-05 
 6.80000e+01  2.57760e-05 
 6.85000e+01  2.50480e-05 
 6.90000e+01  2.47920e-05 
 6.95000e+01  2.50160e-05 
 7.00000e+01  2.27920e-05 
 7.05000e+01  2.00320e-05 
 7.10000e+01  2.87440e-05 
 7.15000e+01  3.24960e-05 
 7.20000e+01  2.78080e-05 
 7.25000e+01  1.81920e-05 
 7.30000e+01  1.75360e-05 
 7.35000e+01  1.69920e-05 
 7.40000e+01  1.67760e-05 
 7.45000e+01  1.69520e-05 
 7.50000e+01  1.72720e-05 
 7.55000e+01  1.71920e-05 
 7.60000e+01  1.67120e-05 
 7.65000e+01  1.57200e-05 
 7.70000e+01  2.33760e-05 
 7.75000e+01  3.00880e-05 
 7.80000e+01  3.77840e-05 
 7.85000e+01  2.60720e-05 
 7.90000e+01  2.64560e-05 
 7.95000e+01  4.58240e-05 
 8.00000e+01  4.77520e-05 
 8.05000e+01  5.42320e-05 
 8.10000e+01  5.68320e-05 
 8.15000e+01  5.62960e-05 
 8.20000e+01  6.20400e-05 
 8.25000e+01  5.63200e-05 
 8.30000e+01  4.74080e-05 
 8.35000e+01  6.40480e-05 
 8.40000e+01  5.83840e-05 
 8.45000e+01  5.96480e-05 
 8.50000e+01  4.84960e-05 
 8.55000e+01  5.04720e-05 
 8.60000e+01  6.23280e-05 
 8.65000e+01  4.87520e-05 
 8.70000e+01  3.76560e-05 
 8.75000e+01  6.18320e-05 
 8.80000e+01  5.16560e-05 
 8.85000e+01  5.27440e-05 
 8.90000e+01  5.06160e-05 
 8.95000e+01  6.63360e-05 
 9.00000e+01  6.50560e-05 
 9.05000e+01  7.00640e-05 
 9.10000e+01  1.03400e-04 
 9.15000e+01  1.20520e-04 
 9.20000e+01  9.00080e-05 
 9.25000e+01  9.88560e-05 
 9.30000e+01  9.39040e-05 
 9.35000e+01  9.76160e-05 
 9.40000e+01  1.31968e-04 
 9.45000e+01  9.47200e-05 
 9.50000e+01  1.05736e-04 
 9.55000e+01  8.15040e-05 
 9.60000e+01  1.06912e-04 
 9.65000e+01  6.57520e-05 
 9.70000e+01  5.93440e-05 
 9.75000e+01  7.08480e-05 
 9.80000e+01  6.98880e-05 
 9.85000e+01  6.28320e-05 
 9.90000e+01  5.69840e-05 
 9.95000e+01  4.90080e-05 
 1.00000e+02  5.55520e-05 
 1.00500e+02  6.29280e-05 
 1.01000e+02  6.75920e-05 
 1.01500e+02  1.13544e-04 
 1.02000e+02  1.00360e-04 
 1.02500e+02  1.36776e-04 
 1.03000e+02  1.08648e-04 
 1.03500e+02  1.00816e-04 
 1.04000e+02  8.49360e-05 
 1.04500e+02  9.84480e-05 
 1.05000e+02  1.20488e-04 
 1.05500e+02  1.06376e-04 
 1.06000e+02  8.76160e-05 
 1.06500e+02  1.10272e-04 
 1.07000e+02  1.91544e-04 
 1.07500e+02  1.73192e-04 
 1.08000e+02  2.41112e-04 
 1.08500e+02  3.53680e-04 
 1.09000e+02  3.60456e-04 
 1.09500e+02  3.69088e-04 
 1.10000e+02  3.17552e-04 
 1.10500e+02  3.23456e-04 
 1.11000e+02  3.14512e-04 
 1.11500e+02  3.08568e-04 
 1.12000e+02  3.15208e-04 
 1.12500e+02  2.85232e-04 
 1.13000e+02  2.96368e-04 
 1.13500e+02  3.73352e-04 
 1.14000e+02  3.88408e-04 
 1.14500e+02  3.65440e-04 
 1.15000e+02  3.45936e-04 
 1.15500e+02  3.13960e-04 
 1.16000e+02  3.15960e-04 
 1.16500e+02  3.85312e-04 
 1.17000e+02  3.19336e-04 
 1.17500e+02  3.00080e-04 
 1.18000e+02  2.62000e-04 
 1.18500e+02  2.76376e-04 
 1.19000e+02  3.19536e-04 
 1.19500e+02  3.63928e-04 
 1.20000e+02  3.49920e-04 
 1.20500e+02  3.88160e-04 
 1.21000e+02  4.06400e-04 
 1.21500e+02  3.25384e-04 
 1.22000e+02  3.91920e-04 
 1.22500e+02  5.12696e-04 
 1.23000e+02  4.72864e-04 
 1.23500e+02  4.66328e-04 
 1.24000e+02  4.44920e-04 
 1.24500e+02  4.81160e-04 
 1.25000e+02  5.96224e-04 
 1.25500e+02  6.23568e-04 
 1.26000e+02  5.63976e-04 
 1.26500e+02  5.54704e-04 
 1.27000e+02  5.17344e-04 
 1.27500e+02  4.13352e-04 
 1.28000e+02  4.56776e-04 
 1.28500e+02  5.08168e-04 
 1.29000e+02  4.69360e-04 
 1.29500e+02  5.52600e-04 
 1.30000e+02  6.37576e-04 
 1.30500e+02  7.35080e-04 
 1.31000e+02  6.09704e-04 
 1.31500e+02  5.71208e-04 
 1.32000e+02  6.48368e-04 
 1.32500e+02  7.39016e-04 
 1.33000e+02  8.43840e-04 
 1.33500e+02  8.83360e-04 
 1.34000e+02  9.24416e-04 
 1.34500e+02  8.53728e-04 
 1.35000e+02  8.61168e-04 
 1.35500e+02  8.21712e-04 
 1.36000e+02  7.37208e-04 
 1.36500e+02  6.99360e-04 
 1.37000e+02  6.35992e-04 
 1.37500e+02  7.23520e-04 
 1.38000e+02  7.83136e-04 
 1.38500e+02  7.78560e-04 
 1.39000e+02  8.79672e-04 
 1.39500e+02  8.53656e-04 
 1.40000e+02  9.18664e-04 
 1.40500e+02  9.55328e-04 
 1.41000e+02  9.02744e-04 
 1.41500e+02  8.56928e-04 
 1.42000e+02  9.43832e-04 
 1.42500e+02  1.03273e-03 
 1.43000e+02  1.16458e-03 
 1.43500e+02  1.17984e-03 
 1.44000e+02  1.23950e-03 
 1.44500e+02  1.16090e-03 
 1.45000e+02  1.21170e-03 
 1.45500e+02  1.15500e-03 
 1.46000e+02  1.16162e-03 
 1.46500e+02  1.28667e-03 
 1.47000e+02  1.25882e-03 
 1.47500e+02  1.28392e-03 
 1.48000e+02  1.30208e-03 
 1.48500e+02  1.21722e-03 
 1.49000e+02  1.14597e-03 
 1.49500e+02  1.21110e-03 
 1.50000e+02  1.18770e-03 
 1.50500e+02  1.29342e-03 
 1.51000e+02  1.31582e-03 
 1.51500e+02  1.40382e-03 
 1.52000e+02  1.32342e-03 
 1.52500e+02  1.30001e-03 
 1.53000e+02  1.38651e-03 
 1.53500e+02  1.37174e-03 
 1.54000e+02  1.49018e-03 
 1.54500e+02  1.56797e-03 
 1.55000e+02  1.49566e-03 
 1.55500e+02  1.46945e-03 
 1.56000e+02  1.36798e-03 
 1.56500e+02  1.33870e-03 
 1.57000e+02  1.33478e-03 
 1.57500e+02  1.23190e-03 
 1.58000e+02  1.40446e-03 
 1.58500e+02  1.45802e-03 
 1.59000e+02  1.58887e-03 
 1.59500e+02  1.68872e-03 
 1.60000e+02  1.66215e-03 
 1.60500e+02  1.78861e-03 
 1.61000e+02  1.66758e-03 
 1.61500e+02  1.80702e-03 
 1.62000e+02  1.84500e-03 
 1.62500e+02  1.85336e-03 
 1.63000e+02  2.04568e-03 
 1.63500e+02  1.90234e-03 
 1.64000e+02  1.81360e-03 
 1.64500e+02  1.83424e-03 
 1.65000e+02  1.90520e-03 
 1.65500e+02  1.93594e-03 
 1.66000e+02  1.74618e-03 
 1.66500e+02  1.78026e-03 
 1.67000e+02  1.84017e-03 
 1.67500e+02  1.80785e-03 
 1.68000e+02  1.92384e-03 
 1.68500e+02  2.09619e-03 
 1.69000e+02  2.07051e-03 
 1.69500e+02  1.98387e-03 
 1.70000e+02  2.08655e-03 
 1.70500e+02  2.11058e-03 
 1.71000e+02  2.14422e-03 
 1.71500e+02  2.39589e-03 
 1.72000e+02  2.27422e-03 
 1.72500e+02  2.27302e-03 
 1.73000e+02  2.20304e-03 
 1.73500e+02  2.14506e-03 
 1.74000e+02  2.18914e-03 
 1.74500e+02  2.15207e-03 
 1.75000e+02  2.16919e-03 
 1.75500e+02  2.41894e-03 
 1.76000e+02  2.66722e-03 
 1.76500e+02  2.66222e-03 
 1.77000e+02  2.93469e-03 
 1.77500e+02  2.60058e-03 
 1.78000e+02  2.42454e-03 
 1.78500e+02  2.47896e-03 
 1.79000e+02  2.57400e-03 
 1.79500e+02  2.60201e-03 
 1.80000e+02  2.37111e-03 
 1.80500e+02  2.15322e-03 
 1.81000e+02  2.36239e-03 
 1.81500e+02  2.38980e-03 
 1.82000e+02  2.39050e-03 
 1.82500e+02  2.43094e-03 
 1.83000e+02  2.17582e-03 
 1.83500e+02  2.25190e-03 
 1.84000e+02  2.31247e-03 
 1.84500e+02  2.27818e-03 
 1.85000e+02  2.24050e-03 
 1.85500e+02  2.26146e-03 
 1.86000e+02  2.33176e-03 
 1.86500e+02  2.47826e-03 
 1.87000e+02  2.61720e-03 
 1.87500e+02  2.67813e-03 
 1.88000e+02  3.04319e-03 
 1.88500e+02  3.03295e-03 
 1.89000e+02  2.86129e-03 
 1.89500e+02  2.77832e-03 
 1.90000e+02  2.53915e-03 
 1.90500e+02  2.44695e-03 
 1.91000e+02  2.52135e-03 
 1.91500e+02  2.49154e-03 
 1.92000e+02  2.46046e-03 
 1.92500e+02  2.51013e-03 
 1.93000e+02  2.40979e-03 
 1.93500e+02  2.41919e-03 
 1.94000e+02  2.34328e-03 
 1.94500e+02  2.24973e-03 
 1.95000e+02  2.30712e-03 
 1.95500e+02  2.41309e-03 
 1.96000e+02  2.29049e-03 
 1.96500e+02  2.37185e-03 
 1.97000e+02  2.54106e-03 
 1.97500e+02  2.46314e-03 
 1.98000e+02  2.35072e-03 
 1.98500e+02  2.20783e-03 
 1.99000e+02  2.42122e-03 
 1.99500e+02  2.71012e-03 
 2.00000e+02  2.68655e-03 
 2.00500e+02  2.68644e-03 
 2.01000e+02  2.55966e-03 
 2.01500e+02  2.57551e-03 
 2.02000e+02  2.46622e-03 
 2.02500e+02  2.30967e-03 
 2.03000e+02  2.10950e-03 
 2.03500e+02  2.06006e-03 
 2.04000e+02  2.00674e-03 
 2.04500e+02  1.85151e-03 
 2.05000e+02  2.19762e-03 
 2.05500e+02  2.03069e-03 
 2.06000e+02  2.19896e-03 
 2.06500e+02  2.20113e-03 
 2.07000e+02  2.12111e-03 
 2.07500e+02  2.05754e-03 
 2.08000e+02  2.09758e-03 
 2.08500e+02  1.98094e-03 
 2.09000e+02  1.93291e-03 
 2.09500e+02  1.97348e-03 
 2.10000e+02  1.97683e-03 
 2.10500e+02  1.79164e-03 
 2.11000e+02  1.90510e-03 
 2.11500e+02  1.78084e-03 
 2.12000e+02  1.90501e-03 
 2.12500e+02  1.94854e-03 
 2.13000e+02  1.97164e-03 
 2.13500e+02  2.03159e-03 
 2.14000e+02  2.00902e-03 
 2.14500e+02  2.00394e-03 
 2.15000e+02  2.02898e-03 
 2.15500e+02  1.83979e-03 
 2.16000e+02  1.83471e-03 
 2.16500e+02  1.58824e-03 
 2.17000e+02  1.73798e-03 
 2.17500e+02  1.60276e-03 
 2.18000e+02  1.55541e-03 
 2.18500e+02  1.52222e-03 
 2.19000e+02  1.57911e-03 
 2.19500e+02  1.59195e-03 
 2.20000e+02  1.62614e-03 
 2.20500e+02  1.55994e-03 
 2.21000e+02  1.54487e-03 
 2.21500e+02  1.42857e-03 
 2.22000e+02  1.52414e-03 
 2.22500e+02  1.34494e-03 
 2.23000e+02  1.42867e-03 
 2.23500e+02  1.34382e-03 
 2.24000e+02  1.45430e-03 
 2.24500e+02  1.37591e-03 
 2.25000e+02  1.45537e-03 
 2.25500e+02  1.34922e-03 
 2.26000e+02  1.26686e-03 
 2.26500e+02  1.33082e-03 
 2.27000e+02  1.42227e-03 
 2.27500e+02  1.33574e-03 
 2.28000e+02  1.27521e-03 
 2.28500e+02  1.13907e-03 
 2.29000e+02  1.11517e-03 
 2.29500e+02  1.07740e-03 
 2.30000e+02  1.07998e-03 
 2.30500e+02  1.13083e-03 
 2.31000e+02  1.05357e-03 
 2.31500e+02  1.00382e-03 
 2.32000e+02  1.06278e-03 
 2.32500e+02  1.01614e-03 
 2.33000e+02  9.77232e-04 
 2.33500e+02  9.71800e-04 
 2.34000e+02  9.29952e-04 
 2.34500e+02  1.03295e-03 
 2.35000e+02  9.34976e-04 
 2.35500e+02  9.46640e-04 
 2.36000e+02  9.10416e-04 
 2.36500e+02  9.41360e-04 
 2.37000e+02  1.03482e-03 
 2.37500e+02  1.08182e-03 
 2.38000e+02  1.01984e-03 
 2.38500e+02  1.00677e-03 
 2.39000e+02  9.34992e-04 
 2.39500e+02  9.19288e-04 
 2.40000e+02  8.29672e-04 
 2.40500e+02  8.00360e-04 
 2.41000e+02  7.57072e-04 
 2.41500e+02  7.40952e-04 
 2.42000e+02  7.15528e-04 
 2.42500e+02  7.84200e-04 
 2.43000e+02  7.37864e-04 
 2.43500e+02  6.46528e-04 
 2.44000e+02  5.89576e-04 
 2.44500e+02  6.25840e-04 
 2.45000e+02  6.87504e-04 
 2.45500e+02  7.02568e-04 
 2.46000e+02  6.30824e-04 
 2.46500e+02  6.51832e-04 
 2.47000e+02  6.38080e-04 
 2.47500e+02  6.67048e-04 
 2.48000e+02  5.44072e-04 
 2.48500e+02  5.95376e-04 
 2.49000e+02  6.65896e-04 
 2.49500e+02  6.06384e-04 
 2.50000e+02  6.07304e-04 
 2.50500e+02  5.69896e-04 
 2.51000e+02  5.46704e-04 
 2.51500e+02  5.30704e-04 
 2.52000e+02  4.80256e-04 
 2.52500e+02  4.73072e-04 
 2.53000e+02  4.95712e-04 
 2.53500e+02  5.08488e-04 
 2.54000e+02  4.77600e-04 
 2.54500e+02  4.72000e-04 
 2.55000e+02  4.83544e-04 
 2.55500e+02  4.93880e-04 
 2.56000e+02  4.59024e-04 
 2.56500e+02  4.26600e-04 
 2.57000e+02  4.13288e-04 
 2.57500e+02  4.11824e-04 
 2.58000e+02  4.12056e-04 
 2.58500e+02  4.33728e-04 
 2.59000e+02  4.12296e-04 
 2.59500e+02  3.86696e-04 
 2.60000e+02  3.84384e-04 
 2.60500e+02  3.98744e-04 
 2.61000e+02  3.70352e-04 
 2.61500e+02  3.91552e-04 
 2.62000e+02  4.23976e-04 
 2.62500e+02  4.16392e-04 
 2.63000e+02  3.90992e-04 
 2.63500e+02  3.54600e-04 
 2.64000e+02  3.37056e-04 
 2.64500e+02  3.21672e-04 
 2.65000e+02  3.16208e-04 
 2.65500e+02  3.02896e-04 
 2.66000e+02  2.98896e-04 
 2.66500e+02  2.89808e-04 
 2.67000e+02  3.14304e-04 
 2.67500e+02  2.95592e-04 
 2.68000e+02  2.88880e-04 
 2.68500e+02  2.78336e-04 
 2.69000e+02  2.69472e-04 
 2.69500e+02  2.77520e-04 
 2.70000e+02  2.76784e-04 
 2.70500e+02  2.56256e-04 
 2.71000e+02  2.49720e-04 
 2.71500e+02  2.49784e-04 
 2.72000e+02  2.41816e-04 
 2.72500e+02  2.37232e-04 
 2.73000e+02  2.34912e-04 
 2.73500e+02  2.28656e-04 
 2.74000e+02  2.31240e-04 
 2.74500e+02  2.29392e-04 
 2.75000e+02  2.11600e-04 
 2.75500e+02  2.16424e-04 
 2.76000e+02  2.22120e-04 
 2.76500e+02  2.11216e-04 
 2.77000e+02  2.09776e-04 
 2.77500e+02  2.21208e-04 
 2.78000e+02  2.32448e-04 
 2.78500e+02  2.31280e-04 
 2.79000e+02  2.22752e-04 
 2.79500e+02  2.46128e-04 
 2.80000e+02  2.50048e-04 
 2.80500e+02  2.52216e-04 
 2.81000e+02  2.58328e-04 
 2.81500e+02  2.24408e-04 
 2.82000e+02  1.98320e-04 
 2.82500e+02  1.80528e-04 
 2.83000e+02  1.60496e-04 
 2.83500e+02  1.57160e-04 
 2.84000e+02  1.52328e-04 
 2.84500e+02  1.53024e-04 
 2.85000e+02  1.57616e-04 
 2.85500e+02  1.53040e-04 
 2.86000e+02  1.49880e-04 
 2.86500e+02  1.50464e-04 
 2.87000e+02  1.34056e-04 
 2.87500e+02  1.36136e-04 
 2.88000e+02  1.37744e-04 
 2.88500e+02  1.43968e-04 
 2.89000e+02  1.28504e-04 
 2.89500e+02  1.33552e-04 
 2.90000e+02  1.28824e-04 
 2.90500e+02  1.26000e-04 
 2.91000e+02  1.26360e-04 
 2.91500e+02  1.23728e-04 
 2.92000e+02  1.16328e-04 
 2.92500e+02  1.14064e-04 
 2.93000e+02  1.20776e-04 
 2.93500e+02  1.22760e-04 
 2.94000e+02  1.23072e-04 
 2.94500e+02  1.17072e-04 
 2.95000e+02  1.22144e-04 
 2.95500e+02  1.24480e-04 
 2.96000e+02  1.18376e-04 
 2.96500e+02  1.15568e-04 
 2.97000e+02  1.12128e-04 
 2.97500e+02  1.17672e-04 
 2.98000e+02  1.15528e-04 
 2.98500e+02  1.19376e-04 
 2.99000e+02  1.24144e-04 
 2.99500e+02  1.22968e-04 
 3.00000e+02  1.26200e-04 
 3.00500e+02  1.30472e-04 
 3.01000e+02  1.28472e-04 
 3.01500e+02  1.23496e-04 
 3.02000e+02  1.20560e-04 
 3.02500e+02  1.20712e-04 
 3.03000e+02  1.19032e-04 
 3.03500e+02  1.15336e-04 
 3.04000e+02  1.21568e-04 
 3.04500e+02  1.30432e-04 
 3.05000e+02  1.41032e-04 
 3.05500e+02  1.32336e-04 
 3.06000e+02  1.30416e-04 
 3.06500e+02  1.28648e-04 
 3.07000e+02  1.20448e-04 
 3.07500e+02  1.24072e-04 
 3.08000e+02  1.26656e-04 
 3.08500e+02  1.31104e-04 
 3.09000e+02  1.31960e-04 
 3.09500e+02  1.38512e-04 
 3.10000e+02  1.42288e-04 
 3.10500e+02  1.36088e-04 
 3.11000e+02  1.39544e-04 
 3.11500e+02  1.42208e-04 
 3.12000e+02  1.47344e-04 
 3.12500e+02  1.55872e-04 
 3.13000e+02  1.56760e-04 
 3.13500e+02  1.61064e-04 
 3.14000e+02  1.68104e-04 
 3.14500e+02  1.74568e-04 
 3.15000e+02  1.82744e-04 
 3.15500e+02  1.82816e-04 
 3.16000e+02  1.86560e-04 
 3.16500e+02  2.17240e-04 
 3.17000e+02  2.24328e-04 
 3.17500e+02  2.39200e-04 
 3.18000e+02  2.61128e-04 
 3.18500e+02  3.11976e-04 
 3.19000e+02  4.03904e-04 
 3.19500e+02  9.08288e-04 
