 0.00000e+00  3.76000e-07 
 5.00000e-01  2.48000e-07 
 1.00000e+00  2.40000e-07 
 1.50000e+00  2.16000e-07 
 2.00000e+00  1.84000e-07 
 2.50000e+00  1.60000e-07 
 3.00000e+00  1.60000e-07 
 3.50000e+00  1.52000e-07 
 4.00000e+00  1.44000e-07 
 4.50000e+00  1.44000e-07 
 5.00000e+00  4.80000e-08 
 5.50000e+00  0.00000e+00 
 6.00000e+00  0.00000e+00 
 6.50000e+00  0.00000e+00 
 7.00000e+00  0.00000e+00 
 7.50000e+00  0.00000e+00 
 8.00000e+00  0.00000e+00 
 8.50000e+00  0.00000e+00 
 9.00000e+00  0.00000e+00 
 9.50000e+00  0.00000e+00 
 1.00000e+01  1.44000e-07 
 1.05000e+01  3.36000e-07 
 1.10000e+01  3.12000e-07 
 1.15000e+01  3.04000e-07 
 1.20000e+01  2.88000e-07 
 1.25000e+01  2.56000e-07 
 1.30000e+01  2.56000e-07 
 1.35000e+01  2.40000e-07 
 1.40000e+01  2.40000e-07 
 1.45000e+01  2.32000e-07 
 1.50000e+01  2.16000e-07 
 1.55000e+01  2.08000e-07 
 1.60000e+01  2.08000e-07 
 1.65000e+01  1.92000e-07 
 1.70000e+01  2.00000e-07 
 1.75000e+01  1.92000e-07 
 1.80000e+01  1.92000e-07 
 1.85000e+01  2.00000e-07 
 1.90000e+01  1.84000e-07 
 1.95000e+01  1.76000e-07 
 2.00000e+01  1.68000e-07 
 2.05000e+01  1.84000e-07 
 2.10000e+01  1.68000e-07 
 2.15000e+01  1.60000e-07 
 2.20000e+01  1.76000e-07 
 2.25000e+01  1.68000e-07 
 2.30000e+01  1.60000e-07 
 2.35000e+01  1.60000e-07 
 2.40000e+01  1.60000e-07 
 2.45000e+01  1.52000e-07 
 2.50000e+01  1.60000e-07 
 2.55000e+01  1.60000e-07 
 2.60000e+01  1.52000e-07 
 2.65000e+01  1.44000e-07 
 2.70000e+01  1.75200e-06 
 2.75000e+01  1.47200e-06 
 2.80000e+01  9.28000e-07 
 2.85000e+01  8.88000e-07 
 2.90000e+01  7.20000e-07 
 2.95000e+01  6.48000e-07 
 3.00000e+01  8.00000e-07 
 3.05000e+01  8.64000e-07 
 3.10000e+01  9.76000e-07 
 3.15000e+01  1.02400e-06 
 3.20000e+01  1.23200e-06 
 3.25000e+01  1.19200e-06 
 3.30000e+01  1.13600e-06 
 3.35000e+01  1.12000e-06 
 3.40000e+01  1.10400e-06 
 3.45000e+01  1.08000e-06 
 3.50000e+01  1.06400e-06 
 3.55000e+01  1.03200e-06 
 3.60000e+01  2.40000e-06 
 3.65000e+01  3.41600e-06 
 3.70000e+01  2.96000e-06 
 3.75000e+01  2.61600e-06 
 3.80000e+01  2.40800e-06 
 3.85000e+01  2.28800e-06 
 3.90000e+01  2.15200e-06 
 3.95000e+01  2.08800e-06 
 4.00000e+01  2.00800e-06 
 4.05000e+01  1.97600e-06 
 4.10000e+01  4.95200e-06 
 4.15000e+01  3.32000e-06 
 4.20000e+01  2.15200e-06 
 4.25000e+01  2.06400e-06 
 4.30000e+01  5.22400e-06 
 4.35000e+01  6.75200e-06 
 4.40000e+01  4.67200e-06 
 4.45000e+01  4.12800e-06 
 4.50000e+01  3.74400e-06 
 4.55000e+01  3.55200e-06 
 4.60000e+01  3.38400e-06 
 4.65000e+01  3.27200e-06 
 4.70000e+01  3.14400e-06 
 4.75000e+01  3.08000e-06 
 4.80000e+01  6.04800e-06 
 4.85000e+01  5.48800e-06 
 4.90000e+01  9.46400e-06 
 4.95000e+01  1.19360e-05 
 5.00000e+01  8.81600e-06 
 5.05000e+01  8.08000e-06 
 5.10000e+01  7.54400e-06 
 5.15000e+01  7.14400e-06 
 5.20000e+01  6.73600e-06 
 5.25000e+01  2.03600e-05 
 5.30000e+01  1.71600e-05 
 5.35000e+01  1.31120e-05 
 5.40000e+01  1.17200e-05 
 5.45000e+01  1.69200e-05 
 5.50000e+01  1.39360e-05 
 5.55000e+01  1.26880e-05 
 5.60000e+01  1.21200e-05 
 5.65000e+01  1.13520e-05 
 5.70000e+01  2.30080e-05 
 5.75000e+01  1.84080e-05 
 5.80000e+01  1.28240e-05 
 5.85000e+01  1.12000e-05 
 5.90000e+01  1.19840e-05 
 5.95000e+01  1.09040e-05 
 6.00000e+01  1.05600e-05 
 6.05000e+01  1.55280e-05 
 6.10000e+01  1.91360e-05 
 6.15000e+01  1.48080e-05 
 6.20000e+01  1.80320e-05 
 6.25000e+01  1.49920e-05 
 6.30000e+01  1.60400e-05 
 6.35000e+01  1.52880e-05 
 6.40000e+01  2.01920e-05 
 6.45000e+01  2.67680e-05 
 6.50000e+01  2.62800e-05 
 6.55000e+01  2.48400e-05 
 6.60000e+01  1.95760e-05 
 6.65000e+01  2.15200e-05 
 6.70000e+01  2.29120e-05 
 6.75000e+01  2.18880e-05 
 6.80000e+01  2.13440e-05 
 6.85000e+01  2.41040e-05 
 6.90000e+01  3.04800e-05 
 6.95000e+01  2.56880e-05 
 7.00000e+01  2.21840e-05 
 7.05000e+01  3.85920e-05 
 7.10000e+01  2.21120e-05 
 7.15000e+01  2.10560e-05 
 7.20000e+01  2.03600e-05 
 7.25000e+01  2.45920e-05 
 7.30000e+01  2.20960e-05 
 7.35000e+01  2.68400e-05 
 7.40000e+01  2.87600e-05 
 7.45000e+01  2.82960e-05 
 7.50000e+01  1.84880e-05 
 7.55000e+01  1.71920e-05 
 7.60000e+01  1.85760e-05 
 7.65000e+01  1.99840e-05 
 7.70000e+01  2.57120e-05 
 7.75000e+01  4.15440e-05 
 7.80000e+01  4.85520e-05 
 7.85000e+01  2.50880e-05 
 7.90000e+01  2.51360e-05 
 7.95000e+01  2.53920e-05 
 8.00000e+01  2.66880e-05 
 8.05000e+01  3.37040e-05 
 8.10000e+01  3.37360e-05 
 8.15000e+01  3.05360e-05 
 8.20000e+01  3.10640e-05 
 8.25000e+01  3.35040e-05 
 8.30000e+01  3.28640e-05 
 8.35000e+01  4.90720e-05 
 8.40000e+01  4.08800e-05 
 8.45000e+01  4.61200e-05 
 8.50000e+01  3.50320e-05 
 8.55000e+01  3.98160e-05 
 8.60000e+01  6.48240e-05 
 8.65000e+01  6.72560e-05 
 8.70000e+01  8.27760e-05 
 8.75000e+01  7.23680e-05 
 8.80000e+01  8.06080e-05 
 8.85000e+01  5.43680e-05 
 8.90000e+01  5.38320e-05 
 8.95000e+01  5.72960e-05 
 9.00000e+01  4.86880e-05 
 9.05000e+01  8.26320e-05 
 9.10000e+01  6.89200e-05 
 9.15000e+01  5.94720e-05 
 9.20000e+01  4.92400e-05 
 9.25000e+01  4.68640e-05 
 9.30000e+01  4.71200e-05 
 9.35000e+01  7.05840e-05 
 9.40000e+01  9.27360e-05 
 9.45000e+01  1.22224e-04 
 9.50000e+01  1.22208e-04 
 9.55000e+01  1.21080e-04 
 9.60000e+01  1.09584e-04 
 9.65000e+01  1.09976e-04 
 9.70000e+01  1.40824e-04 
 9.75000e+01  1.82616e-04 
 9.80000e+01  1.39248e-04 
 9.85000e+01  9.96880e-05 
 9.90000e+01  8.56400e-05 
 9.95000e+01  9.11360e-05 
 1.00000e+02  1.93600e-04 
 1.00500e+02  1.60848e-04 
 1.01000e+02  1.28176e-04 
 1.01500e+02  1.30072e-04 
 1.02000e+02  1.58360e-04 
 1.02500e+02  1.89432e-04 
 1.03000e+02  1.73856e-04 
 1.03500e+02  1.78856e-04 
 1.04000e+02  2.04456e-04 
 1.04500e+02  2.28584e-04 
 1.05000e+02  1.68704e-04 
 1.05500e+02  1.30576e-04 
 1.06000e+02  1.22336e-04 
 1.06500e+02  1.61928e-04 
 1.07000e+02  1.66744e-04 
 1.07500e+02  1.92008e-04 
 1.08000e+02  2.18984e-04 
 1.08500e+02  2.23256e-04 
 1.09000e+02  2.59072e-04 
 1.09500e+02  2.79736e-04 
 1.10000e+02  3.03824e-04 
 1.10500e+02  3.18120e-04 
 1.11000e+02  4.53296e-04 
 1.11500e+02  3.99448e-04 
 1.12000e+02  3.37288e-04 
 1.12500e+02  2.71224e-04 
 1.13000e+02  2.38024e-04 
 1.13500e+02  2.83688e-04 
 1.14000e+02  3.08072e-04 
 1.14500e+02  3.34008e-04 
 1.15000e+02  3.71768e-04 
 1.15500e+02  3.33392e-04 
 1.16000e+02  3.20888e-04 
 1.16500e+02  3.35280e-04 
 1.17000e+02  3.70184e-04 
 1.17500e+02  3.61528e-04 
 1.18000e+02  3.06072e-04 
 1.18500e+02  3.00648e-04 
 1.19000e+02  4.51560e-04 
 1.19500e+02  5.07056e-04 
 1.20000e+02  4.80112e-04 
 1.20500e+02  4.67312e-04 
 1.21000e+02  4.30144e-04 
 1.21500e+02  4.46264e-04 
 1.22000e+02  5.28168e-04 
 1.22500e+02  5.54368e-04 
 1.23000e+02  6.64384e-04 
 1.23500e+02  5.95368e-04 
 1.24000e+02  6.22368e-04 
 1.24500e+02  6.13816e-04 
 1.25000e+02  6.38160e-04 
 1.25500e+02  6.11320e-04 
 1.26000e+02  5.39400e-04 
 1.26500e+02  5.79584e-04 
 1.27000e+02  6.67528e-04 
 1.27500e+02  6.82752e-04 
 1.28000e+02  7.23168e-04 
 1.28500e+02  6.84704e-04 
 1.29000e+02  6.64392e-04 
 1.29500e+02  6.83120e-04 
 1.30000e+02  6.10712e-04 
 1.30500e+02  5.65880e-04 
 1.31000e+02  5.91576e-04 
 1.31500e+02  6.00136e-04 
 1.32000e+02  5.91016e-04 
 1.32500e+02  6.49464e-04 
 1.33000e+02  6.19264e-04 
 1.33500e+02  6.30688e-04 
 1.34000e+02  5.38728e-04 
 1.34500e+02  5.02272e-04 
 1.35000e+02  5.11600e-04 
 1.35500e+02  5.72896e-04 
 1.36000e+02  6.89152e-04 
 1.36500e+02  6.38152e-04 
 1.37000e+02  6.51264e-04 
 1.37500e+02  6.52656e-04 
 1.38000e+02  7.00184e-04 
 1.38500e+02  8.81712e-04 
 1.39000e+02  9.08944e-04 
 1.39500e+02  8.92512e-04 
 1.40000e+02  8.83480e-04 
 1.40500e+02  9.58472e-04 
 1.41000e+02  9.07552e-04 
 1.41500e+02  1.01618e-03 
 1.42000e+02  1.06148e-03 
 1.42500e+02  9.29136e-04 
 1.43000e+02  1.01824e-03 
 1.43500e+02  1.13036e-03 
 1.44000e+02  1.00158e-03 
 1.44500e+02  9.67256e-04 
 1.45000e+02  1.04568e-03 
 1.45500e+02  1.18979e-03 
 1.46000e+02  1.32192e-03 
 1.46500e+02  1.10383e-03 
 1.47000e+02  1.12385e-03 
 1.47500e+02  1.09899e-03 
 1.48000e+02  1.18962e-03 
 1.48500e+02  1.16085e-03 
 1.49000e+02  1.24116e-03 
 1.49500e+02  1.14110e-03 
 1.50000e+02  1.24056e-03 
 1.50500e+02  1.33718e-03 
 1.51000e+02  1.47558e-03 
 1.51500e+02  1.59410e-03 
 1.52000e+02  1.59873e-03 
 1.52500e+02  1.43516e-03 
 1.53000e+02  1.42646e-03 
 1.53500e+02  1.67460e-03 
 1.54000e+02  1.79786e-03 
 1.54500e+02  1.73311e-03 
 1.55000e+02  1.58994e-03 
 1.55500e+02  1.67212e-03 
 1.56000e+02  1.66827e-03 
 1.56500e+02  1.65311e-03 
 1.57000e+02  1.68509e-03 
 1.57500e+02  1.67515e-03 
 1.58000e+02  1.80468e-03 
 1.58500e+02  1.89542e-03 
 1.59000e+02  1.98986e-03 
 1.59500e+02  1.89229e-03 
 1.60000e+02  1.88948e-03 
 1.60500e+02  2.08945e-03 
 1.61000e+02  2.10506e-03 
 1.61500e+02  2.06996e-03 
 1.62000e+02  2.12222e-03 
 1.62500e+02  2.15038e-03 
 1.63000e+02  2.52060e-03 
 1.63500e+02  2.36325e-03 
 1.64000e+02  2.39324e-03 
 1.64500e+02  2.30506e-03 
 1.65000e+02  2.44541e-03 
 1.65500e+02  2.36630e-03 
 1.66000e+02  2.57631e-03 
 1.66500e+02  2.33238e-03 
 1.67000e+02  2.32904e-03 
 1.67500e+02  2.34139e-03 
 1.68000e+02  2.29085e-03 
 1.68500e+02  2.35044e-03 
 1.69000e+02  2.48996e-03 
 1.69500e+02  2.43053e-03 
 1.70000e+02  2.59917e-03 
 1.70500e+02  2.54847e-03 
 1.71000e+02  2.56806e-03 
 1.71500e+02  2.61278e-03 
 1.72000e+02  2.62075e-03 
 1.72500e+02  2.52866e-03 
 1.73000e+02  2.74990e-03 
 1.73500e+02  2.63326e-03 
 1.74000e+02  2.72062e-03 
 1.74500e+02  2.97110e-03 
 1.75000e+02  2.92070e-03 
 1.75500e+02  2.69642e-03 
 1.76000e+02  2.59124e-03 
 1.76500e+02  2.63791e-03 
 1.77000e+02  2.70153e-03 
 1.77500e+02  2.59151e-03 
 1.78000e+02  2.50272e-03 
 1.78500e+02  2.66910e-03 
 1.79000e+02  2.70032e-03 
 1.79500e+02  2.92792e-03 
 1.80000e+02  2.60973e-03 
 1.80500e+02  2.43622e-03 
 1.81000e+02  2.59042e-03 
 1.81500e+02  2.74866e-03 
 1.82000e+02  2.61966e-03 
 1.82500e+02  2.59212e-03 
 1.83000e+02  2.27333e-03 
 1.83500e+02  2.37493e-03 
 1.84000e+02  2.15528e-03 
 1.84500e+02  2.53078e-03 
 1.85000e+02  2.33574e-03 
 1.85500e+02  2.46490e-03 
 1.86000e+02  2.67131e-03 
 1.86500e+02  2.55987e-03 
 1.87000e+02  2.63716e-03 
 1.87500e+02  2.54231e-03 
 1.88000e+02  2.42172e-03 
 1.88500e+02  2.41145e-03 
 1.89000e+02  2.38130e-03 
 1.89500e+02  2.27831e-03 
 1.90000e+02  2.34031e-03 
 1.90500e+02  2.38165e-03 
 1.91000e+02  2.38726e-03 
 1.91500e+02  2.64217e-03 
 1.92000e+02  2.40293e-03 
 1.92500e+02  2.40422e-03 
 1.93000e+02  2.22843e-03 
 1.93500e+02  2.26323e-03 
 1.94000e+02  2.24615e-03 
 1.94500e+02  2.17010e-03 
 1.95000e+02  2.42331e-03 
 1.95500e+02  2.11108e-03 
 1.96000e+02  2.14022e-03 
 1.96500e+02  2.41282e-03 
 1.97000e+02  2.31265e-03 
 1.97500e+02  2.14114e-03 
 1.98000e+02  2.38685e-03 
 1.98500e+02  2.43838e-03 
 1.99000e+02  2.04286e-03 
 1.99500e+02  2.02662e-03 
 2.00000e+02  2.05271e-03 
 2.00500e+02  2.10667e-03 
 2.01000e+02  2.15862e-03 
 2.01500e+02  2.03642e-03 
 2.02000e+02  2.10806e-03 
 2.02500e+02  1.93311e-03 
 2.03000e+02  2.05039e-03 
 2.03500e+02  1.82932e-03 
 2.04000e+02  2.14965e-03 
 2.04500e+02  1.93961e-03 
 2.05000e+02  1.99132e-03 
 2.05500e+02  2.16311e-03 
 2.06000e+02  2.23845e-03 
 2.06500e+02  2.03255e-03 
 2.07000e+02  1.86915e-03 
 2.07500e+02  2.03899e-03 
 2.08000e+02  2.02710e-03 
 2.08500e+02  1.99730e-03 
 2.09000e+02  1.98046e-03 
 2.09500e+02  2.02062e-03 
 2.10000e+02  1.88216e-03 
 2.10500e+02  1.76662e-03 
 2.11000e+02  1.75573e-03 
 2.11500e+02  1.64673e-03 
 2.12000e+02  1.53196e-03 
 2.12500e+02  1.62856e-03 
 2.13000e+02  1.81480e-03 
 2.13500e+02  1.74418e-03 
 2.14000e+02  1.79868e-03 
 2.14500e+02  1.87177e-03 
 2.15000e+02  1.66501e-03 
 2.15500e+02  1.48098e-03 
 2.16000e+02  1.30530e-03 
 2.16500e+02  1.42782e-03 
 2.17000e+02  1.27987e-03 
 2.17500e+02  1.28053e-03 
 2.18000e+02  1.38934e-03 
 2.18500e+02  1.36317e-03 
 2.19000e+02  1.26734e-03 
 2.19500e+02  1.25694e-03 
 2.20000e+02  1.42453e-03 
 2.20500e+02  1.29874e-03 
 2.21000e+02  1.35665e-03 
 2.21500e+02  1.29181e-03 
 2.22000e+02  1.31563e-03 
 2.22500e+02  1.30026e-03 
 2.23000e+02  1.20652e-03 
 2.23500e+02  1.09588e-03 
 2.24000e+02  1.05223e-03 
 2.24500e+02  1.27478e-03 
 2.25000e+02  1.27649e-03 
 2.25500e+02  1.25828e-03 
 2.26000e+02  1.17123e-03 
 2.26500e+02  1.23337e-03 
 2.27000e+02  1.01424e-03 
 2.27500e+02  1.08482e-03 
 2.28000e+02  1.03816e-03 
 2.28500e+02  9.37696e-04 
 2.29000e+02  1.03833e-03 
 2.29500e+02  8.75440e-04 
 2.30000e+02  9.41192e-04 
 2.30500e+02  9.63352e-04 
 2.31000e+02  1.04854e-03 
 2.31500e+02  1.10836e-03 
 2.32000e+02  9.96320e-04 
 2.32500e+02  1.01846e-03 
 2.33000e+02  1.10520e-03 
 2.33500e+02  1.02266e-03 
 2.34000e+02  8.59088e-04 
 2.34500e+02  8.26368e-04 
 2.35000e+02  1.03940e-03 
 2.35500e+02  9.77488e-04 
 2.36000e+02  8.78608e-04 
 2.36500e+02  8.88928e-04 
 2.37000e+02  8.46152e-04 
 2.37500e+02  8.04232e-04 
 2.38000e+02  8.57536e-04 
 2.38500e+02  8.99864e-04 
 2.39000e+02  8.51480e-04 
 2.39500e+02  9.29760e-04 
 2.40000e+02  8.15712e-04 
 2.40500e+02  8.34744e-04 
 2.41000e+02  7.82808e-04 
 2.41500e+02  7.89016e-04 
 2.42000e+02  6.10576e-04 
 2.42500e+02  5.75408e-04 
 2.43000e+02  5.42376e-04 
 2.43500e+02  5.51832e-04 
 2.44000e+02  6.44448e-04 
 2.44500e+02  6.50288e-04 
 2.45000e+02  5.97304e-04 
 2.45500e+02  6.27232e-04 
 2.46000e+02  6.11864e-04 
 2.46500e+02  6.09488e-04 
 2.47000e+02  6.26024e-04 
 2.47500e+02  6.09064e-04 
 2.48000e+02  6.17920e-04 
 2.48500e+02  6.28440e-04 
 2.49000e+02  5.54856e-04 
 2.49500e+02  5.24184e-04 
 2.50000e+02  5.22968e-04 
 2.50500e+02  5.63752e-04 
 2.51000e+02  5.09648e-04 
 2.51500e+02  3.90704e-04 
 2.52000e+02  3.93296e-04 
 2.52500e+02  3.95544e-04 
 2.53000e+02  4.19416e-04 
 2.53500e+02  4.30096e-04 
 2.54000e+02  4.45400e-04 
 2.54500e+02  4.88064e-04 
 2.55000e+02  4.33184e-04 
 2.55500e+02  4.37944e-04 
 2.56000e+02  4.16904e-04 
 2.56500e+02  4.32968e-04 
 2.57000e+02  4.18936e-04 
 2.57500e+02  4.25888e-04 
 2.58000e+02  3.98856e-04 
 2.58500e+02  3.65112e-04 
 2.59000e+02  3.56616e-04 
 2.59500e+02  3.92912e-04 
 2.60000e+02  4.11304e-04 
 2.60500e+02  3.63288e-04 
 2.61000e+02  3.55992e-04 
 2.61500e+02  3.55128e-04 
 2.62000e+02  3.73120e-04 
 2.62500e+02  3.61736e-04 
 2.63000e+02  3.25032e-04 
 2.63500e+02  3.23736e-04 
 2.64000e+02  3.25768e-04 
 2.64500e+02  3.11208e-04 
 2.65000e+02  3.00224e-04 
 2.65500e+02  2.95288e-04 
 2.66000e+02  2.74416e-04 
 2.66500e+02  2.74672e-04 
 2.67000e+02  2.87120e-04 
 2.67500e+02  2.77176e-04 
 2.68000e+02  2.57856e-04 
 2.68500e+02  2.74424e-04 
 2.69000e+02  2.52456e-04 
 2.69500e+02  2.62296e-04 
 2.70000e+02  2.67216e-04 
 2.70500e+02  2.48744e-04 
 2.71000e+02  2.50928e-04 
 2.71500e+02  2.45024e-04 
 2.72000e+02  2.45488e-04 
 2.72500e+02  2.29776e-04 
 2.73000e+02  2.40952e-04 
 2.73500e+02  2.25528e-04 
 2.74000e+02  2.05336e-04 
 2.74500e+02  2.16760e-04 
 2.75000e+02  2.04440e-04 
 2.75500e+02  2.10192e-04 
 2.76000e+02  1.95840e-04 
 2.76500e+02  2.05672e-04 
 2.77000e+02  1.97792e-04 
 2.77500e+02  2.09992e-04 
 2.78000e+02  2.07104e-04 
 2.78500e+02  2.05200e-04 
 2.79000e+02  2.14576e-04 
 2.79500e+02  2.26960e-04 
 2.80000e+02  2.20064e-04 
 2.80500e+02  2.24632e-04 
 2.81000e+02  2.28520e-04 
 2.81500e+02  2.13392e-04 
 2.82000e+02  2.09288e-04 
 2.82500e+02  1.84984e-04 
 2.83000e+02  1.54616e-04 
 2.83500e+02  1.39952e-04 
 2.84000e+02  1.47432e-04 
 2.84500e+02  1.40112e-04 
 2.85000e+02  1.33520e-04 
 2.85500e+02  1.19416e-04 
 2.86000e+02  1.15920e-04 
 2.86500e+02  1.12912e-04 
 2.87000e+02  1.02048e-04 
 2.87500e+02  1.04952e-04 
 2.88000e+02  1.06920e-04 
 2.88500e+02  1.15448e-04 
 2.89000e+02  1.13376e-04 
 2.89500e+02  1.10920e-04 
 2.90000e+02  1.16960e-04 
 2.90500e+02  1.15888e-04 
 2.91000e+02  1.11920e-04 
 2.91500e+02  1.13784e-04 
 2.92000e+02  1.20576e-04 
 2.92500e+02  1.25264e-04 
 2.93000e+02  1.25576e-04 
 2.93500e+02  1.21360e-04 
 2.94000e+02  1.15536e-04 
 2.94500e+02  1.23808e-04 
 2.95000e+02  1.23104e-04 
 2.95500e+02  1.13936e-04 
 2.96000e+02  1.15280e-04 
 2.96500e+02  1.22920e-04 
 2.97000e+02  1.12984e-04 
 2.97500e+02  1.11592e-04 
 2.98000e+02  1.05328e-04 
 2.98500e+02  1.03920e-04 
 2.99000e+02  1.01096e-04 
 2.99500e+02  1.01976e-04 
 3.00000e+02  1.04688e-04 
 3.00500e+02  1.10768e-04 
 3.01000e+02  1.05232e-04 
 3.01500e+02  1.12392e-04 
 3.02000e+02  1.07152e-04 
 3.02500e+02  1.09600e-04 
 3.03000e+02  1.07568e-04 
 3.03500e+02  1.11680e-04 
 3.04000e+02  1.09448e-04 
 3.04500e+02  1.10080e-04 
 3.05000e+02  1.12952e-04 
 3.05500e+02  1.14896e-04 
 3.06000e+02  1.19768e-04 
 3.06500e+02  1.15544e-04 
 3.07000e+02  1.19592e-04 
 3.07500e+02  1.25736e-04 
 3.08000e+02  1.24264e-04 
 3.08500e+02  1.27528e-04 
 3.09000e+02  1.25624e-04 
 3.09500e+02  1.26384e-04 
 3.10000e+02  1.30632e-04 
 3.10500e+02  1.35984e-04 
 3.11000e+02  1.31376e-04 
 3.11500e+02  1.31536e-04 
 3.12000e+02  1.36312e-04 
 3.12500e+02  1.42648e-04 
 3.13000e+02  1.43656e-04 
 3.13500e+02  1.53160e-04 
 3.14000e+02  1.56472e-04 
 3.14500e+02  1.56584e-04 
 3.15000e+02  1.62656e-04 
 3.15500e+02  1.73456e-04 
 3.16000e+02  1.79480e-04 
 3.16500e+02  1.91600e-04 
 3.17000e+02  2.06360e-04 
 3.17500e+02  2.22392e-04 
 3.18000e+02  2.40608e-04 
 3.18500e+02  2.92344e-04 
 3.19000e+02  3.80720e-04 
 3.19500e+02  8.41648e-04 
