 0.00000e+00  0.00000e+00 
 5.00000e-01  3.18704e-02 
 1.00000e+00  6.34898e-02 
 1.50000e+00  9.48568e-02 
 2.00000e+00  1.25972e-01 
 2.50000e+00  1.56837e-01 
 3.00000e+00  1.87454e-01 
 3.50000e+00  2.17828e-01 
 4.00000e+00  2.47953e-01 
 4.50000e+00  2.77829e-01 
 5.00000e+00  3.07457e-01 
 5.50000e+00  3.36837e-01 
 6.00000e+00  3.65971e-01 
 6.50000e+00  3.94855e-01 
 7.00000e+00  4.23491e-01 
 7.50000e+00  4.51877e-01 
 8.00000e+00  4.80013e-01 
 8.50000e+00  5.07898e-01 
 9.00000e+00  5.35532e-01 
 9.50000e+00  5.62915e-01 
 1.00000e+01  5.90048e-01 
 1.05000e+01  6.16933e-01 
 1.10000e+01  6.43571e-01 
 1.15000e+01  6.69958e-01 
 1.20000e+01  6.96092e-01 
 1.25000e+01  7.21969e-01 
 1.30000e+01  7.47591e-01 
 1.35000e+01  7.72958e-01 
 1.40000e+01  7.98071e-01 
 1.45000e+01  8.22932e-01 
 1.50000e+01  8.47539e-01 
 1.55000e+01  8.71890e-01 
 1.60000e+01  8.95979e-01 
 1.65000e+01  9.19808e-01 
 1.70000e+01  9.43377e-01 
 1.75000e+01  9.66686e-01 
 1.80000e+01  9.89730e-01 
 1.85000e+01  1.01251e+00 
 1.90000e+01  1.03502e+00 
 1.95000e+01  1.05726e+00 
 2.00000e+01  1.07923e+00 
 2.05000e+01  1.10094e+00 
 2.10000e+01  1.12236e+00 
 2.15000e+01  1.14351e+00 
 2.20000e+01  1.16438e+00 
 2.25000e+01  1.18497e+00 
 2.30000e+01  1.20527e+00 
 2.35000e+01  1.22529e+00 
 2.40000e+01  1.24503e+00 
 2.45000e+01  1.26448e+00 
 2.50000e+01  1.28364e+00 
 2.55000e+01  1.30250e+00 
 2.60000e+01  1.32107e+00 
 2.65000e+01  1.33934e+00 
 2.70000e+01  1.35731e+00 
 2.75000e+01  1.37499e+00 
 2.80000e+01  1.39236e+00 
 2.85000e+01  1.40944e+00 
 2.90000e+01  1.42621e+00 
 2.95000e+01  1.44267e+00 
 3.00000e+01  1.45882e+00 
 3.05000e+01  1.47466e+00 
 3.10000e+01  1.49018e+00 
 3.15000e+01  1.50539e+00 
 3.20000e+01  1.52027e+00 
 3.25000e+01  1.53483e+00 
 3.30000e+01  1.54907e+00 
 3.35000e+01  1.56297e+00 
 3.40000e+01  1.57654e+00 
 3.45000e+01  1.58978e+00 
 3.50000e+01  1.60267e+00 
 3.55000e+01  1.61523e+00 
 3.60000e+01  1.62744e+00 
 3.65000e+01  1.63932e+00 
 3.70000e+01  1.65085e+00 
 3.75000e+01  1.66205e+00 
 3.80000e+01  1.67291e+00 
 3.85000e+01  1.68343e+00 
 3.90000e+01  1.69363e+00 
 3.95000e+01  1.70349e+00 
 4.00000e+01  1.71301e+00 
 4.05000e+01  1.72220e+00 
 4.10000e+01  1.73107e+00 
 4.15000e+01  1.73960e+00 
 4.20000e+01  1.74780e+00 
 4.25000e+01  1.75566e+00 
 4.30000e+01  1.76319e+00 
 4.35000e+01  1.77037e+00 
 4.40000e+01  1.77721e+00 
 4.45000e+01  1.78371e+00 
 4.50000e+01  1.78987e+00 
 4.55000e+01  1.79572e+00 
 4.60000e+01  1.80126e+00 
 4.65000e+01  1.80647e+00 
 4.70000e+01  1.81135e+00 
 4.75000e+01  1.81592e+00 
 4.80000e+01  1.82018e+00 
 4.85000e+01  1.82417e+00 
 4.90000e+01  1.82787e+00 
 4.95000e+01  1.83131e+00 
 5.00000e+01  1.83450e+00 
 5.05000e+01  1.83745e+00 
 5.10000e+01  1.84018e+00 
 5.15000e+01  1.84273e+00 
 5.20000e+01  1.84510e+00 
 5.25000e+01  1.84730e+00 
 5.30000e+01  1.84935e+00 
 5.35000e+01  1.85126e+00 
 5.40000e+01  1.85305e+00 
 5.45000e+01  1.85474e+00 
 5.50000e+01  1.85632e+00 
 5.55000e+01  1.85777e+00 
 5.60000e+01  1.85910e+00 
 5.65000e+01  1.86033e+00 
 5.70000e+01  1.86145e+00 
 5.75000e+01  1.86246e+00 
 5.80000e+01  1.86338e+00 
 5.85000e+01  1.86426e+00 
 5.90000e+01  1.86509e+00 
 5.95000e+01  1.86590e+00 
 6.00000e+01  1.86667e+00 
 6.05000e+01  1.86740e+00 
 6.10000e+01  1.86810e+00 
 6.15000e+01  1.86879e+00 
 6.20000e+01  1.86947e+00 
 6.25000e+01  1.87012e+00 
 6.30000e+01  1.87075e+00 
 6.35000e+01  1.87131e+00 
 6.40000e+01  1.87180e+00 
 6.45000e+01  1.87224e+00 
 6.50000e+01  1.87266e+00 
 6.55000e+01  1.87307e+00 
 6.60000e+01  1.87353e+00 
 6.65000e+01  1.87403e+00 
 6.70000e+01  1.87454e+00 
 6.75000e+01  1.87500e+00 
 6.80000e+01  1.87543e+00 
 6.85000e+01  1.87586e+00 
 6.90000e+01  1.87629e+00 
 6.95000e+01  1.87672e+00 
 7.00000e+01  1.87715e+00 
 7.05000e+01  1.87754e+00 
 7.10000e+01  1.87789e+00 
 7.15000e+01  1.87823e+00 
 7.20000e+01  1.87857e+00 
 7.25000e+01  1.87891e+00 
 7.30000e+01  1.87920e+00 
 7.35000e+01  1.87945e+00 
 7.40000e+01  1.87968e+00 
 7.45000e+01  1.87987e+00 
 7.50000e+01  1.88012e+00 
 7.55000e+01  1.88038e+00 
 7.60000e+01  1.88066e+00 
 7.65000e+01  1.88094e+00 
 7.70000e+01  1.88119e+00 
 7.75000e+01  1.88141e+00 
 7.80000e+01  1.88160e+00 
 7.85000e+01  1.88180e+00 
 7.90000e+01  1.88202e+00 
 7.95000e+01  1.88227e+00 
 8.00000e+01  1.88249e+00 
 8.05000e+01  1.88275e+00 
 8.10000e+01  1.88299e+00 
 8.15000e+01  1.88318e+00 
 8.20000e+01  1.88338e+00 
 8.25000e+01  1.88360e+00 
 8.30000e+01  1.88382e+00 
 8.35000e+01  1.88401e+00 
 8.40000e+01  1.88420e+00 
 8.45000e+01  1.88443e+00 
 8.50000e+01  1.88464e+00 
 8.55000e+01  1.88480e+00 
 8.60000e+01  1.88491e+00 
 8.65000e+01  1.88500e+00 
 8.70000e+01  1.88513e+00 
 8.75000e+01  1.88529e+00 
 8.80000e+01  1.88553e+00 
 8.85000e+01  1.88578e+00 
 8.90000e+01  1.88593e+00 
 8.95000e+01  1.88607e+00 
 9.00000e+01  1.88625e+00 
 9.05000e+01  1.88642e+00 
 9.10000e+01  1.88653e+00 
 9.15000e+01  1.88667e+00 
 9.20000e+01  1.88687e+00 
 9.25000e+01  1.88701e+00 
 9.30000e+01  1.88710e+00 
 9.35000e+01  1.88720e+00 
 9.40000e+01  1.88733e+00 
 9.45000e+01  1.88745e+00 
 9.50000e+01  1.88760e+00 
 9.55000e+01  1.88772e+00 
 9.60000e+01  1.88781e+00 
 9.65000e+01  1.88793e+00 
 9.70000e+01  1.88804e+00 
 9.75000e+01  1.88816e+00 
 9.80000e+01  1.88832e+00 
 9.85000e+01  1.88847e+00 
 9.90000e+01  1.88858e+00 
 9.95000e+01  1.88870e+00 
 1.00000e+02  1.88878e+00 
 1.00500e+02  1.88887e+00 
 1.01000e+02  1.88900e+00 
 1.01500e+02  1.88910e+00 
 1.02000e+02  1.88920e+00 
 1.02500e+02  1.88928e+00 
 1.03000e+02  1.88943e+00 
 1.03500e+02  1.88955e+00 
 1.04000e+02  1.88966e+00 
 1.04500e+02  1.88973e+00 
 1.05000e+02  1.88983e+00 
 1.05500e+02  1.88994e+00 
 1.06000e+02  1.89002e+00 
 1.06500e+02  1.89007e+00 
 1.07000e+02  1.89015e+00 
 1.07500e+02  1.89028e+00 
 1.08000e+02  1.89036e+00 
 1.08500e+02  1.89041e+00 
 1.09000e+02  1.89046e+00 
 1.09500e+02  1.89056e+00 
 1.10000e+02  1.89065e+00 
 1.10500e+02  1.89070e+00 
 1.11000e+02  1.89077e+00 
 1.11500e+02  1.89087e+00 
 1.12000e+02  1.89092e+00 
 1.12500e+02  1.89099e+00 
 1.13000e+02  1.89101e+00 
 1.13500e+02  1.89110e+00 
 1.14000e+02  1.89117e+00 
 1.14500e+02  1.89120e+00 
 1.15000e+02  1.89126e+00 
 1.15500e+02  1.89128e+00 
 1.16000e+02  1.89134e+00 
 1.16500e+02  1.89141e+00 
 1.17000e+02  1.89149e+00 
 1.17500e+02  1.89153e+00 
 1.18000e+02  1.89158e+00 
 1.18500e+02  1.89164e+00 
 1.19000e+02  1.89169e+00 
 1.19500e+02  1.89174e+00 
 1.20000e+02  1.89180e+00 
 1.20500e+02  1.89184e+00 
 1.21000e+02  1.89184e+00 
 1.21500e+02  1.89188e+00 
 1.22000e+02  1.89196e+00 
 1.22500e+02  1.89198e+00 
 1.23000e+02  1.89203e+00 
 1.23500e+02  1.89207e+00 
 1.24000e+02  1.89207e+00 
 1.24500e+02  1.89209e+00 
 1.25000e+02  1.89213e+00 
 1.25500e+02  1.89222e+00 
 1.26000e+02  1.89223e+00 
 1.26500e+02  1.89226e+00 
 1.27000e+02  1.89231e+00 
 1.27500e+02  1.89232e+00 
 1.28000e+02  1.89241e+00 
 1.28500e+02  1.89240e+00 
 1.29000e+02  1.89244e+00 
 1.29500e+02  1.89250e+00 
 1.30000e+02  1.89254e+00 
 1.30500e+02  1.89255e+00 
 1.31000e+02  1.89258e+00 
 1.31500e+02  1.89263e+00 
 1.32000e+02  1.89264e+00 
 1.32500e+02  1.89268e+00 
 1.33000e+02  1.89269e+00 
 1.33500e+02  1.89272e+00 
 1.34000e+02  1.89271e+00 
 1.34500e+02  1.89277e+00 
 1.35000e+02  1.89277e+00 
 1.35500e+02  1.89280e+00 
 1.36000e+02  1.89278e+00 
 1.36500e+02  1.89281e+00 
 1.37000e+02  1.89284e+00 
 1.37500e+02  1.89286e+00 
 1.38000e+02  1.89286e+00 
 1.38500e+02  1.89293e+00 
 1.39000e+02  1.89293e+00 
 1.39500e+02  1.89292e+00 
 1.40000e+02  1.89299e+00 
 1.40500e+02  1.89296e+00 
 1.41000e+02  1.89299e+00 
 1.41500e+02  1.89301e+00 
 1.42000e+02  1.89302e+00 
 1.42500e+02  1.89303e+00 
 1.43000e+02  1.89304e+00 
 1.43500e+02  1.89307e+00 
 1.44000e+02  1.89306e+00 
 1.44500e+02  1.89308e+00 
 1.45000e+02  1.89307e+00 
 1.45500e+02  1.89307e+00 
 1.46000e+02  1.89309e+00 
 1.46500e+02  1.89309e+00 
 1.47000e+02  1.89312e+00 
 1.47500e+02  1.89311e+00 
 1.48000e+02  1.89310e+00 
 1.48500e+02  1.89312e+00 
 1.49000e+02  1.89313e+00 
 1.49500e+02  1.89316e+00 
 1.50000e+02  1.89317e+00 
 1.50500e+02  1.89319e+00 
 1.51000e+02  1.89319e+00 
 1.51500e+02  1.89322e+00 
 1.52000e+02  1.89322e+00 
 1.52500e+02  1.89321e+00 
 1.53000e+02  1.89323e+00 
 1.53500e+02  1.89325e+00 
 1.54000e+02  1.89323e+00 
 1.54500e+02  1.89324e+00 
 1.55000e+02  1.89326e+00 
 1.55500e+02  1.89325e+00 
 1.56000e+02  1.89328e+00 
 1.56500e+02  1.89325e+00 
 1.57000e+02  1.89323e+00 
 1.57500e+02  1.89324e+00 
 1.58000e+02  1.89327e+00 
 1.58500e+02  1.89323e+00 
 1.59000e+02  1.89326e+00 
 1.59500e+02  1.89321e+00 
 1.60000e+02  1.89325e+00 
 1.60500e+02  1.89326e+00 
 1.61000e+02  1.89324e+00 
 1.61500e+02  1.89324e+00 
 1.62000e+02  1.89325e+00 
 1.62500e+02  1.89322e+00 
 1.63000e+02  1.89323e+00 
 1.63500e+02  1.89324e+00 
 1.64000e+02  1.89317e+00 
 1.64500e+02  1.89320e+00 
 1.65000e+02  1.89318e+00 
 1.65500e+02  1.89319e+00 
 1.66000e+02  1.89320e+00 
 1.66500e+02  1.89321e+00 
 1.67000e+02  1.89321e+00 
 1.67500e+02  1.89318e+00 
 1.68000e+02  1.89320e+00 
 1.68500e+02  1.89317e+00 
 1.69000e+02  1.89318e+00 
 1.69500e+02  1.89316e+00 
 1.70000e+02  1.89315e+00 
 1.70500e+02  1.89313e+00 
 1.71000e+02  1.89312e+00 
 1.71500e+02  1.89312e+00 
 1.72000e+02  1.89312e+00 
 1.72500e+02  1.89310e+00 
 1.73000e+02  1.89312e+00 
 1.73500e+02  1.89307e+00 
 1.74000e+02  1.89308e+00 
 1.74500e+02  1.89308e+00 
 1.75000e+02  1.89307e+00 
 1.75500e+02  1.89304e+00 
 1.76000e+02  1.89305e+00 
 1.76500e+02  1.89299e+00 
 1.77000e+02  1.89299e+00 
 1.77500e+02  1.89300e+00 
 1.78000e+02  1.89299e+00 
 1.78500e+02  1.89297e+00 
 1.79000e+02  1.89294e+00 
 1.79500e+02  1.89291e+00 
 1.80000e+02  1.89288e+00 
 1.80500e+02  1.89285e+00 
 1.81000e+02  1.89282e+00 
 1.81500e+02  1.89284e+00 
 1.82000e+02  1.89283e+00 
 1.82500e+02  1.89280e+00 
 1.83000e+02  1.89277e+00 
 1.83500e+02  1.89273e+00 
 1.84000e+02  1.89272e+00 
 1.84500e+02  1.89273e+00 
 1.85000e+02  1.89267e+00 
 1.85500e+02  1.89266e+00 
 1.86000e+02  1.89262e+00 
 1.86500e+02  1.89262e+00 
 1.87000e+02  1.89260e+00 
 1.87500e+02  1.89255e+00 
 1.88000e+02  1.89253e+00 
 1.88500e+02  1.89251e+00 
 1.89000e+02  1.89249e+00 
 1.89500e+02  1.89248e+00 
 1.90000e+02  1.89247e+00 
 1.90500e+02  1.89242e+00 
 1.91000e+02  1.89239e+00 
 1.91500e+02  1.89238e+00 
 1.92000e+02  1.89232e+00 
 1.92500e+02  1.89233e+00 
 1.93000e+02  1.89229e+00 
 1.93500e+02  1.89221e+00 
 1.94000e+02  1.89218e+00 
 1.94500e+02  1.89211e+00 
 1.95000e+02  1.89213e+00 
 1.95500e+02  1.89211e+00 
 1.96000e+02  1.89204e+00 
 1.96500e+02  1.89203e+00 
 1.97000e+02  1.89200e+00 
 1.97500e+02  1.89195e+00 
 1.98000e+02  1.89189e+00 
 1.98500e+02  1.89182e+00 
 1.99000e+02  1.89181e+00 
 1.99500e+02  1.89177e+00 
 2.00000e+02  1.89172e+00 
 2.00500e+02  1.89167e+00 
 2.01000e+02  1.89161e+00 
 2.01500e+02  1.89160e+00 
 2.02000e+02  1.89155e+00 
 2.02500e+02  1.89148e+00 
 2.03000e+02  1.89140e+00 
 2.03500e+02  1.89134e+00 
 2.04000e+02  1.89130e+00 
 2.04500e+02  1.89129e+00 
 2.05000e+02  1.89125e+00 
 2.05500e+02  1.89117e+00 
 2.06000e+02  1.89113e+00 
 2.06500e+02  1.89105e+00 
 2.07000e+02  1.89103e+00 
 2.07500e+02  1.89097e+00 
 2.08000e+02  1.89090e+00 
 2.08500e+02  1.89085e+00 
 2.09000e+02  1.89079e+00 
 2.09500e+02  1.89070e+00 
 2.10000e+02  1.89067e+00 
 2.10500e+02  1.89060e+00 
 2.11000e+02  1.89054e+00 
 2.11500e+02  1.89049e+00 
 2.12000e+02  1.89041e+00 
 2.12500e+02  1.89037e+00 
 2.13000e+02  1.89026e+00 
 2.13500e+02  1.89018e+00 
 2.14000e+02  1.89010e+00 
 2.14500e+02  1.89000e+00 
 2.15000e+02  1.88993e+00 
 2.15500e+02  1.88984e+00 
 2.16000e+02  1.88974e+00 
 2.16500e+02  1.88962e+00 
 2.17000e+02  1.88954e+00 
 2.17500e+02  1.88944e+00 
 2.18000e+02  1.88936e+00 
 2.18500e+02  1.88930e+00 
 2.19000e+02  1.88924e+00 
 2.19500e+02  1.88914e+00 
 2.20000e+02  1.88905e+00 
 2.20500e+02  1.88891e+00 
 2.21000e+02  1.88883e+00 
 2.21500e+02  1.88872e+00 
 2.22000e+02  1.88861e+00 
 2.22500e+02  1.88850e+00 
 2.23000e+02  1.88839e+00 
 2.23500e+02  1.88827e+00 
 2.24000e+02  1.88815e+00 
 2.24500e+02  1.88803e+00 
 2.25000e+02  1.88791e+00 
 2.25500e+02  1.88779e+00 
 2.26000e+02  1.88765e+00 
 2.26500e+02  1.88753e+00 
 2.27000e+02  1.88735e+00 
 2.27500e+02  1.88719e+00 
 2.28000e+02  1.88706e+00 
 2.28500e+02  1.88691e+00 
 2.29000e+02  1.88674e+00 
 2.29500e+02  1.88663e+00 
 2.30000e+02  1.88657e+00 
 2.30500e+02  1.88643e+00 
 2.31000e+02  1.88630e+00 
 2.31500e+02  1.88613e+00 
 2.32000e+02  1.88595e+00 
 2.32500e+02  1.88572e+00 
 2.33000e+02  1.88552e+00 
 2.33500e+02  1.88531e+00 
 2.34000e+02  1.88514e+00 
 2.34500e+02  1.88499e+00 
 2.35000e+02  1.88483e+00 
 2.35500e+02  1.88466e+00 
 2.36000e+02  1.88450e+00 
 2.36500e+02  1.88431e+00 
 2.37000e+02  1.88409e+00 
 2.37500e+02  1.88384e+00 
 2.38000e+02  1.88362e+00 
 2.38500e+02  1.88345e+00 
 2.39000e+02  1.88326e+00 
 2.39500e+02  1.88306e+00 
 2.40000e+02  1.88282e+00 
 2.40500e+02  1.88252e+00 
 2.41000e+02  1.88227e+00 
 2.41500e+02  1.88203e+00 
 2.42000e+02  1.88177e+00 
 2.42500e+02  1.88150e+00 
 2.43000e+02  1.88124e+00 
 2.43500e+02  1.88099e+00 
 2.44000e+02  1.88073e+00 
 2.44500e+02  1.88049e+00 
 2.45000e+02  1.88021e+00 
 2.45500e+02  1.87992e+00 
 2.46000e+02  1.87964e+00 
 2.46500e+02  1.87933e+00 
 2.47000e+02  1.87901e+00 
 2.47500e+02  1.87872e+00 
 2.48000e+02  1.87844e+00 
 2.48500e+02  1.87812e+00 
 2.49000e+02  1.87780e+00 
 2.49500e+02  1.87746e+00 
 2.50000e+02  1.87706e+00 
 2.50500e+02  1.87666e+00 
 2.51000e+02  1.87624e+00 
 2.51500e+02  1.87583e+00 
 2.52000e+02  1.87541e+00 
 2.52500e+02  1.87499e+00 
 2.53000e+02  1.87457e+00 
 2.53500e+02  1.87414e+00 
 2.54000e+02  1.87369e+00 
 2.54500e+02  1.87317e+00 
 2.55000e+02  1.87266e+00 
 2.55500e+02  1.87215e+00 
 2.56000e+02  1.87162e+00 
 2.56500e+02  1.87103e+00 
 2.57000e+02  1.87039e+00 
 2.57500e+02  1.86968e+00 
 2.58000e+02  1.86896e+00 
 2.58500e+02  1.86818e+00 
 2.59000e+02  1.86736e+00 
 2.59500e+02  1.86652e+00 
 2.60000e+02  1.86568e+00 
 2.60500e+02  1.86482e+00 
 2.61000e+02  1.86390e+00 
 2.61500e+02  1.86292e+00 
 2.62000e+02  1.86190e+00 
 2.62500e+02  1.86082e+00 
 2.63000e+02  1.85966e+00 
 2.63500e+02  1.85841e+00 
 2.64000e+02  1.85708e+00 
 2.64500e+02  1.85566e+00 
 2.65000e+02  1.85414e+00 
 2.65500e+02  1.85252e+00 
 2.66000e+02  1.85082e+00 
 2.66500e+02  1.84898e+00 
 2.67000e+02  1.84698e+00 
 2.67500e+02  1.84482e+00 
 2.68000e+02  1.84248e+00 
 2.68500e+02  1.83994e+00 
 2.69000e+02  1.83718e+00 
 2.69500e+02  1.83418e+00 
 2.70000e+02  1.83092e+00 
 2.70500e+02  1.82739e+00 
 2.71000e+02  1.82359e+00 
 2.71500e+02  1.81950e+00 
 2.72000e+02  1.81512e+00 
 2.72500e+02  1.81045e+00 
 2.73000e+02  1.80548e+00 
 2.73500e+02  1.80019e+00 
 2.74000e+02  1.79458e+00 
 2.74500e+02  1.78864e+00 
 2.75000e+02  1.78238e+00 
 2.75500e+02  1.77579e+00 
 2.76000e+02  1.76888e+00 
 2.76500e+02  1.76164e+00 
 2.77000e+02  1.75407e+00 
 2.77500e+02  1.74618e+00 
 2.78000e+02  1.73796e+00 
 2.78500e+02  1.72942e+00 
 2.79000e+02  1.72057e+00 
 2.79500e+02  1.71139e+00 
 2.80000e+02  1.70188e+00 
 2.80500e+02  1.69205e+00 
 2.81000e+02  1.68192e+00 
 2.81500e+02  1.67147e+00 
 2.82000e+02  1.66072e+00 
 2.82500e+02  1.64966e+00 
 2.83000e+02  1.63828e+00 
 2.83500e+02  1.62656e+00 
 2.84000e+02  1.61451e+00 
 2.84500e+02  1.60212e+00 
 2.85000e+02  1.58941e+00 
 2.85500e+02  1.57636e+00 
 2.86000e+02  1.56300e+00 
 2.86500e+02  1.54930e+00 
 2.87000e+02  1.53528e+00 
 2.87500e+02  1.52093e+00 
 2.88000e+02  1.50626e+00 
 2.88500e+02  1.49127e+00 
 2.89000e+02  1.47597e+00 
 2.89500e+02  1.46037e+00 
 2.90000e+02  1.44444e+00 
 2.90500e+02  1.42821e+00 
 2.91000e+02  1.41168e+00 
 2.91500e+02  1.39484e+00 
 2.92000e+02  1.37770e+00 
 2.92500e+02  1.36026e+00 
 2.93000e+02  1.34253e+00 
 2.93500e+02  1.32450e+00 
 2.94000e+02  1.30619e+00 
 2.94500e+02  1.28758e+00 
 2.95000e+02  1.26869e+00 
 2.95500e+02  1.24952e+00 
 2.96000e+02  1.23006e+00 
 2.96500e+02  1.21033e+00 
 2.97000e+02  1.19032e+00 
 2.97500e+02  1.17003e+00 
 2.98000e+02  1.14948e+00 
 2.98500e+02  1.12865e+00 
 2.99000e+02  1.10756e+00 
 2.99500e+02  1.08621e+00 
 3.00000e+02  1.06459e+00 
 3.00500e+02  1.04271e+00 
 3.01000e+02  1.02058e+00 
 3.01500e+02  9.98186e-01 
 3.02000e+02  9.75532e-01 
 3.02500e+02  9.52618e-01 
 3.03000e+02  9.29449e-01 
 3.03500e+02  9.06027e-01 
 3.04000e+02  8.82352e-01 
 3.04500e+02  8.58429e-01 
 3.05000e+02  8.34256e-01 
 3.05500e+02  8.09837e-01 
 3.06000e+02  7.85173e-01 
 3.06500e+02  7.60265e-01 
 3.07000e+02  7.35113e-01 
 3.07500e+02  7.09721e-01 
 3.08000e+02  6.84091e-01 
 3.08500e+02  6.58226e-01 
 3.09000e+02  6.32128e-01 
 3.09500e+02  6.05798e-01 
 3.10000e+02  5.79234e-01 
 3.10500e+02  5.52442e-01 
 3.11000e+02  5.25423e-01 
 3.11500e+02  4.98175e-01 
 3.12000e+02  4.70698e-01 
 3.12500e+02  4.42996e-01 
 3.13000e+02  4.15071e-01 
 3.13500e+02  3.86924e-01 
 3.14000e+02  3.58559e-01 
 3.14500e+02  3.29977e-01 
 3.15000e+02  3.01181e-01 
 3.15500e+02  2.72172e-01 
 3.16000e+02  2.42947e-01 
 3.16500e+02  2.13511e-01 
 3.17000e+02  1.83869e-01 
 3.17500e+02  1.54024e-01 
 3.18000e+02  1.23983e-01 
 3.18500e+02  9.37488e-02 
 3.19000e+02  6.33294e-02 
 3.19500e+02  3.27449e-02 
