 0.00000e+00  0.00000e+00 
 5.00000e-01  3.19311e-02 
 1.00000e+00  6.36091e-02 
 1.50000e+00  9.50318e-02 
 2.00000e+00  1.26200e-01 
 2.50000e+00  1.57113e-01 
 3.00000e+00  1.87770e-01 
 3.50000e+00  2.18173e-01 
 4.00000e+00  2.48323e-01 
 4.50000e+00  2.78219e-01 
 5.00000e+00  3.07862e-01 
 5.50000e+00  3.37256e-01 
 6.00000e+00  3.66401e-01 
 6.50000e+00  3.95295e-01 
 7.00000e+00  4.23940e-01 
 7.50000e+00  4.52337e-01 
 8.00000e+00  4.80484e-01 
 8.50000e+00  5.08383e-01 
 9.00000e+00  5.36034e-01 
 9.50000e+00  5.63436e-01 
 1.00000e+01  5.90590e-01 
 1.05000e+01  6.17494e-01 
 1.10000e+01  6.44148e-01 
 1.15000e+01  6.70549e-01 
 1.20000e+01  6.96696e-01 
 1.25000e+01  7.22586e-01 
 1.30000e+01  7.48220e-01 
 1.35000e+01  7.73596e-01 
 1.40000e+01  7.98717e-01 
 1.45000e+01  8.23578e-01 
 1.50000e+01  8.48183e-01 
 1.55000e+01  8.72531e-01 
 1.60000e+01  8.96616e-01 
 1.65000e+01  9.20437e-01 
 1.70000e+01  9.43992e-01 
 1.75000e+01  9.67282e-01 
 1.80000e+01  9.90304e-01 
 1.85000e+01  1.01306e+00 
 1.90000e+01  1.03555e+00 
 1.95000e+01  1.05776e+00 
 2.00000e+01  1.07971e+00 
 2.05000e+01  1.10138e+00 
 2.10000e+01  1.12278e+00 
 2.15000e+01  1.14391e+00 
 2.20000e+01  1.16475e+00 
 2.25000e+01  1.18531e+00 
 2.30000e+01  1.20560e+00 
 2.35000e+01  1.22559e+00 
 2.40000e+01  1.24529e+00 
 2.45000e+01  1.26471e+00 
 2.50000e+01  1.28384e+00 
 2.55000e+01  1.30268e+00 
 2.60000e+01  1.32123e+00 
 2.65000e+01  1.33948e+00 
 2.70000e+01  1.35744e+00 
 2.75000e+01  1.37509e+00 
 2.80000e+01  1.39244e+00 
 2.85000e+01  1.40949e+00 
 2.90000e+01  1.42623e+00 
 2.95000e+01  1.44265e+00 
 3.00000e+01  1.45876e+00 
 3.05000e+01  1.47455e+00 
 3.10000e+01  1.49003e+00 
 3.15000e+01  1.50519e+00 
 3.20000e+01  1.52004e+00 
 3.25000e+01  1.53457e+00 
 3.30000e+01  1.54879e+00 
 3.35000e+01  1.56268e+00 
 3.40000e+01  1.57624e+00 
 3.45000e+01  1.58948e+00 
 3.50000e+01  1.60239e+00 
 3.55000e+01  1.61496e+00 
 3.60000e+01  1.62719e+00 
 3.65000e+01  1.63908e+00 
 3.70000e+01  1.65062e+00 
 3.75000e+01  1.66184e+00 
 3.80000e+01  1.67272e+00 
 3.85000e+01  1.68327e+00 
 3.90000e+01  1.69349e+00 
 3.95000e+01  1.70337e+00 
 4.00000e+01  1.71292e+00 
 4.05000e+01  1.72212e+00 
 4.10000e+01  1.73099e+00 
 4.15000e+01  1.73951e+00 
 4.20000e+01  1.74770e+00 
 4.25000e+01  1.75555e+00 
 4.30000e+01  1.76306e+00 
 4.35000e+01  1.77025e+00 
 4.40000e+01  1.77710e+00 
 4.45000e+01  1.78360e+00 
 4.50000e+01  1.78978e+00 
 4.55000e+01  1.79562e+00 
 4.60000e+01  1.80116e+00 
 4.65000e+01  1.80639e+00 
 4.70000e+01  1.81131e+00 
 4.75000e+01  1.81594e+00 
 4.80000e+01  1.82026e+00 
 4.85000e+01  1.82431e+00 
 4.90000e+01  1.82810e+00 
 4.95000e+01  1.83162e+00 
 5.00000e+01  1.83489e+00 
 5.05000e+01  1.83792e+00 
 5.10000e+01  1.84072e+00 
 5.15000e+01  1.84332e+00 
 5.20000e+01  1.84574e+00 
 5.25000e+01  1.84798e+00 
 5.30000e+01  1.85007e+00 
 5.35000e+01  1.85200e+00 
 5.40000e+01  1.85380e+00 
 5.45000e+01  1.85546e+00 
 5.50000e+01  1.85701e+00 
 5.55000e+01  1.85846e+00 
 5.60000e+01  1.85979e+00 
 5.65000e+01  1.86102e+00 
 5.70000e+01  1.86217e+00 
 5.75000e+01  1.86324e+00 
 5.80000e+01  1.86424e+00 
 5.85000e+01  1.86522e+00 
 5.90000e+01  1.86616e+00 
 5.95000e+01  1.86706e+00 
 6.00000e+01  1.86789e+00 
 6.05000e+01  1.86863e+00 
 6.10000e+01  1.86931e+00 
 6.15000e+01  1.86993e+00 
 6.20000e+01  1.87052e+00 
 6.25000e+01  1.87106e+00 
 6.30000e+01  1.87162e+00 
 6.35000e+01  1.87217e+00 
 6.40000e+01  1.87269e+00 
 6.45000e+01  1.87318e+00 
 6.50000e+01  1.87359e+00 
 6.55000e+01  1.87400e+00 
 6.60000e+01  1.87444e+00 
 6.65000e+01  1.87491e+00 
 6.70000e+01  1.87537e+00 
 6.75000e+01  1.87579e+00 
 6.80000e+01  1.87622e+00 
 6.85000e+01  1.87668e+00 
 6.90000e+01  1.87711e+00 
 6.95000e+01  1.87751e+00 
 7.00000e+01  1.87788e+00 
 7.05000e+01  1.87826e+00 
 7.10000e+01  1.87863e+00 
 7.15000e+01  1.87896e+00 
 7.20000e+01  1.87926e+00 
 7.25000e+01  1.87956e+00 
 7.30000e+01  1.87986e+00 
 7.35000e+01  1.88016e+00 
 7.40000e+01  1.88047e+00 
 7.45000e+01  1.88075e+00 
 7.50000e+01  1.88105e+00 
 7.55000e+01  1.88132e+00 
 7.60000e+01  1.88161e+00 
 7.65000e+01  1.88194e+00 
 7.70000e+01  1.88225e+00 
 7.75000e+01  1.88252e+00 
 7.80000e+01  1.88275e+00 
 7.85000e+01  1.88298e+00 
 7.90000e+01  1.88318e+00 
 7.95000e+01  1.88340e+00 
 8.00000e+01  1.88362e+00 
 8.05000e+01  1.88385e+00 
 8.10000e+01  1.88407e+00 
 8.15000e+01  1.88429e+00 
 8.20000e+01  1.88447e+00 
 8.25000e+01  1.88466e+00 
 8.30000e+01  1.88488e+00 
 8.35000e+01  1.88510e+00 
 8.40000e+01  1.88532e+00 
 8.45000e+01  1.88553e+00 
 8.50000e+01  1.88570e+00 
 8.55000e+01  1.88586e+00 
 8.60000e+01  1.88601e+00 
 8.65000e+01  1.88618e+00 
 8.70000e+01  1.88635e+00 
 8.75000e+01  1.88651e+00 
 8.80000e+01  1.88668e+00 
 8.85000e+01  1.88685e+00 
 8.90000e+01  1.88703e+00 
 8.95000e+01  1.88719e+00 
 9.00000e+01  1.88733e+00 
 9.05000e+01  1.88744e+00 
 9.10000e+01  1.88758e+00 
 9.15000e+01  1.88775e+00 
 9.20000e+01  1.88794e+00 
 9.25000e+01  1.88808e+00 
 9.30000e+01  1.88821e+00 
 9.35000e+01  1.88837e+00 
 9.40000e+01  1.88849e+00 
 9.45000e+01  1.88860e+00 
 9.50000e+01  1.88871e+00 
 9.55000e+01  1.88883e+00 
 9.60000e+01  1.88894e+00 
 9.65000e+01  1.88904e+00 
 9.70000e+01  1.88918e+00 
 9.75000e+01  1.88931e+00 
 9.80000e+01  1.88939e+00 
 9.85000e+01  1.88948e+00 
 9.90000e+01  1.88957e+00 
 9.95000e+01  1.88967e+00 
 1.00000e+02  1.88978e+00 
 1.00500e+02  1.88991e+00 
 1.01000e+02  1.89003e+00 
 1.01500e+02  1.89013e+00 
 1.02000e+02  1.89023e+00 
 1.02500e+02  1.89033e+00 
 1.03000e+02  1.89047e+00 
 1.03500e+02  1.89054e+00 
 1.04000e+02  1.89068e+00 
 1.04500e+02  1.89081e+00 
 1.05000e+02  1.89092e+00 
 1.05500e+02  1.89105e+00 
 1.06000e+02  1.89114e+00 
 1.06500e+02  1.89123e+00 
 1.07000e+02  1.89129e+00 
 1.07500e+02  1.89135e+00 
 1.08000e+02  1.89141e+00 
 1.08500e+02  1.89147e+00 
 1.09000e+02  1.89154e+00 
 1.09500e+02  1.89164e+00 
 1.10000e+02  1.89172e+00 
 1.10500e+02  1.89180e+00 
 1.11000e+02  1.89189e+00 
 1.11500e+02  1.89197e+00 
 1.12000e+02  1.89203e+00 
 1.12500e+02  1.89207e+00 
 1.13000e+02  1.89213e+00 
 1.13500e+02  1.89220e+00 
 1.14000e+02  1.89228e+00 
 1.14500e+02  1.89229e+00 
 1.15000e+02  1.89233e+00 
 1.15500e+02  1.89241e+00 
 1.16000e+02  1.89246e+00 
 1.16500e+02  1.89251e+00 
 1.17000e+02  1.89259e+00 
 1.17500e+02  1.89269e+00 
 1.18000e+02  1.89273e+00 
 1.18500e+02  1.89273e+00 
 1.19000e+02  1.89278e+00 
 1.19500e+02  1.89284e+00 
 1.20000e+02  1.89288e+00 
 1.20500e+02  1.89295e+00 
 1.21000e+02  1.89297e+00 
 1.21500e+02  1.89300e+00 
 1.22000e+02  1.89308e+00 
 1.22500e+02  1.89310e+00 
 1.23000e+02  1.89314e+00 
 1.23500e+02  1.89315e+00 
 1.24000e+02  1.89318e+00 
 1.24500e+02  1.89322e+00 
 1.25000e+02  1.89323e+00 
 1.25500e+02  1.89327e+00 
 1.26000e+02  1.89330e+00 
 1.26500e+02  1.89333e+00 
 1.27000e+02  1.89335e+00 
 1.27500e+02  1.89338e+00 
 1.28000e+02  1.89342e+00 
 1.28500e+02  1.89346e+00 
 1.29000e+02  1.89349e+00 
 1.29500e+02  1.89355e+00 
 1.30000e+02  1.89358e+00 
 1.30500e+02  1.89357e+00 
 1.31000e+02  1.89355e+00 
 1.31500e+02  1.89359e+00 
 1.32000e+02  1.89366e+00 
 1.32500e+02  1.89368e+00 
 1.33000e+02  1.89368e+00 
 1.33500e+02  1.89372e+00 
 1.34000e+02  1.89373e+00 
 1.34500e+02  1.89375e+00 
 1.35000e+02  1.89379e+00 
 1.35500e+02  1.89382e+00 
 1.36000e+02  1.89383e+00 
 1.36500e+02  1.89382e+00 
 1.37000e+02  1.89388e+00 
 1.37500e+02  1.89395e+00 
 1.38000e+02  1.89394e+00 
 1.38500e+02  1.89397e+00 
 1.39000e+02  1.89399e+00 
 1.39500e+02  1.89400e+00 
 1.40000e+02  1.89401e+00 
 1.40500e+02  1.89402e+00 
 1.41000e+02  1.89404e+00 
 1.41500e+02  1.89403e+00 
 1.42000e+02  1.89401e+00 
 1.42500e+02  1.89404e+00 
 1.43000e+02  1.89406e+00 
 1.43500e+02  1.89407e+00 
 1.44000e+02  1.89409e+00 
 1.44500e+02  1.89411e+00 
 1.45000e+02  1.89413e+00 
 1.45500e+02  1.89412e+00 
 1.46000e+02  1.89416e+00 
 1.46500e+02  1.89414e+00 
 1.47000e+02  1.89418e+00 
 1.47500e+02  1.89413e+00 
 1.48000e+02  1.89419e+00 
 1.48500e+02  1.89418e+00 
 1.49000e+02  1.89419e+00 
 1.49500e+02  1.89419e+00 
 1.50000e+02  1.89418e+00 
 1.50500e+02  1.89419e+00 
 1.51000e+02  1.89421e+00 
 1.51500e+02  1.89421e+00 
 1.52000e+02  1.89422e+00 
 1.52500e+02  1.89423e+00 
 1.53000e+02  1.89420e+00 
 1.53500e+02  1.89421e+00 
 1.54000e+02  1.89423e+00 
 1.54500e+02  1.89423e+00 
 1.55000e+02  1.89424e+00 
 1.55500e+02  1.89426e+00 
 1.56000e+02  1.89426e+00 
 1.56500e+02  1.89423e+00 
 1.57000e+02  1.89425e+00 
 1.57500e+02  1.89425e+00 
 1.58000e+02  1.89425e+00 
 1.58500e+02  1.89428e+00 
 1.59000e+02  1.89427e+00 
 1.59500e+02  1.89423e+00 
 1.60000e+02  1.89424e+00 
 1.60500e+02  1.89424e+00 
 1.61000e+02  1.89424e+00 
 1.61500e+02  1.89427e+00 
 1.62000e+02  1.89425e+00 
 1.62500e+02  1.89422e+00 
 1.63000e+02  1.89421e+00 
 1.63500e+02  1.89420e+00 
 1.64000e+02  1.89419e+00 
 1.64500e+02  1.89421e+00 
 1.65000e+02  1.89417e+00 
 1.65500e+02  1.89416e+00 
 1.66000e+02  1.89415e+00 
 1.66500e+02  1.89414e+00 
 1.67000e+02  1.89413e+00 
 1.67500e+02  1.89412e+00 
 1.68000e+02  1.89412e+00 
 1.68500e+02  1.89410e+00 
 1.69000e+02  1.89410e+00 
 1.69500e+02  1.89410e+00 
 1.70000e+02  1.89410e+00 
 1.70500e+02  1.89410e+00 
 1.71000e+02  1.89410e+00 
 1.71500e+02  1.89409e+00 
 1.72000e+02  1.89404e+00 
 1.72500e+02  1.89403e+00 
 1.73000e+02  1.89404e+00 
 1.73500e+02  1.89401e+00 
 1.74000e+02  1.89397e+00 
 1.74500e+02  1.89399e+00 
 1.75000e+02  1.89398e+00 
 1.75500e+02  1.89399e+00 
 1.76000e+02  1.89395e+00 
 1.76500e+02  1.89395e+00 
 1.77000e+02  1.89396e+00 
 1.77500e+02  1.89393e+00 
 1.78000e+02  1.89389e+00 
 1.78500e+02  1.89389e+00 
 1.79000e+02  1.89385e+00 
 1.79500e+02  1.89385e+00 
 1.80000e+02  1.89384e+00 
 1.80500e+02  1.89381e+00 
 1.81000e+02  1.89380e+00 
 1.81500e+02  1.89377e+00 
 1.82000e+02  1.89375e+00 
 1.82500e+02  1.89371e+00 
 1.83000e+02  1.89372e+00 
 1.83500e+02  1.89369e+00 
 1.84000e+02  1.89366e+00 
 1.84500e+02  1.89365e+00 
 1.85000e+02  1.89360e+00 
 1.85500e+02  1.89357e+00 
 1.86000e+02  1.89358e+00 
 1.86500e+02  1.89353e+00 
 1.87000e+02  1.89354e+00 
 1.87500e+02  1.89350e+00 
 1.88000e+02  1.89350e+00 
 1.88500e+02  1.89347e+00 
 1.89000e+02  1.89346e+00 
 1.89500e+02  1.89342e+00 
 1.90000e+02  1.89339e+00 
 1.90500e+02  1.89332e+00 
 1.91000e+02  1.89331e+00 
 1.91500e+02  1.89328e+00 
 1.92000e+02  1.89329e+00 
 1.92500e+02  1.89325e+00 
 1.93000e+02  1.89318e+00 
 1.93500e+02  1.89317e+00 
 1.94000e+02  1.89312e+00 
 1.94500e+02  1.89307e+00 
 1.95000e+02  1.89301e+00 
 1.95500e+02  1.89296e+00 
 1.96000e+02  1.89293e+00 
 1.96500e+02  1.89290e+00 
 1.97000e+02  1.89287e+00 
 1.97500e+02  1.89281e+00 
 1.98000e+02  1.89277e+00 
 1.98500e+02  1.89274e+00 
 1.99000e+02  1.89271e+00 
 1.99500e+02  1.89266e+00 
 2.00000e+02  1.89261e+00 
 2.00500e+02  1.89258e+00 
 2.01000e+02  1.89249e+00 
 2.01500e+02  1.89246e+00 
 2.02000e+02  1.89244e+00 
 2.02500e+02  1.89241e+00 
 2.03000e+02  1.89235e+00 
 2.03500e+02  1.89230e+00 
 2.04000e+02  1.89226e+00 
 2.04500e+02  1.89215e+00 
 2.05000e+02  1.89211e+00 
 2.05500e+02  1.89208e+00 
 2.06000e+02  1.89202e+00 
 2.06500e+02  1.89196e+00 
 2.07000e+02  1.89190e+00 
 2.07500e+02  1.89182e+00 
 2.08000e+02  1.89178e+00 
 2.08500e+02  1.89172e+00 
 2.09000e+02  1.89170e+00 
 2.09500e+02  1.89163e+00 
 2.10000e+02  1.89157e+00 
 2.10500e+02  1.89149e+00 
 2.11000e+02  1.89145e+00 
 2.11500e+02  1.89135e+00 
 2.12000e+02  1.89130e+00 
 2.12500e+02  1.89125e+00 
 2.13000e+02  1.89115e+00 
 2.13500e+02  1.89106e+00 
 2.14000e+02  1.89098e+00 
 2.14500e+02  1.89092e+00 
 2.15000e+02  1.89085e+00 
 2.15500e+02  1.89076e+00 
 2.16000e+02  1.89067e+00 
 2.16500e+02  1.89059e+00 
 2.17000e+02  1.89053e+00 
 2.17500e+02  1.89041e+00 
 2.18000e+02  1.89029e+00 
 2.18500e+02  1.89023e+00 
 2.19000e+02  1.89021e+00 
 2.19500e+02  1.89008e+00 
 2.20000e+02  1.88995e+00 
 2.20500e+02  1.88988e+00 
 2.21000e+02  1.88976e+00 
 2.21500e+02  1.88958e+00 
 2.22000e+02  1.88945e+00 
 2.22500e+02  1.88938e+00 
 2.23000e+02  1.88931e+00 
 2.23500e+02  1.88922e+00 
 2.24000e+02  1.88906e+00 
 2.24500e+02  1.88889e+00 
 2.25000e+02  1.88879e+00 
 2.25500e+02  1.88870e+00 
 2.26000e+02  1.88855e+00 
 2.26500e+02  1.88839e+00 
 2.27000e+02  1.88819e+00 
 2.27500e+02  1.88800e+00 
 2.28000e+02  1.88787e+00 
 2.28500e+02  1.88771e+00 
 2.29000e+02  1.88750e+00 
 2.29500e+02  1.88735e+00 
 2.30000e+02  1.88721e+00 
 2.30500e+02  1.88705e+00 
 2.31000e+02  1.88688e+00 
 2.31500e+02  1.88670e+00 
 2.32000e+02  1.88656e+00 
 2.32500e+02  1.88640e+00 
 2.33000e+02  1.88618e+00 
 2.33500e+02  1.88595e+00 
 2.34000e+02  1.88574e+00 
 2.34500e+02  1.88553e+00 
 2.35000e+02  1.88535e+00 
 2.35500e+02  1.88516e+00 
 2.36000e+02  1.88501e+00 
 2.36500e+02  1.88492e+00 
 2.37000e+02  1.88474e+00 
 2.37500e+02  1.88449e+00 
 2.38000e+02  1.88427e+00 
 2.38500e+02  1.88405e+00 
 2.39000e+02  1.88378e+00 
 2.39500e+02  1.88348e+00 
 2.40000e+02  1.88323e+00 
 2.40500e+02  1.88301e+00 
 2.41000e+02  1.88281e+00 
 2.41500e+02  1.88255e+00 
 2.42000e+02  1.88228e+00 
 2.42500e+02  1.88202e+00 
 2.43000e+02  1.88178e+00 
 2.43500e+02  1.88152e+00 
 2.44000e+02  1.88125e+00 
 2.44500e+02  1.88096e+00 
 2.45000e+02  1.88068e+00 
 2.45500e+02  1.88042e+00 
 2.46000e+02  1.88016e+00 
 2.46500e+02  1.87987e+00 
 2.47000e+02  1.87956e+00 
 2.47500e+02  1.87926e+00 
 2.48000e+02  1.87899e+00 
 2.48500e+02  1.87870e+00 
 2.49000e+02  1.87834e+00 
 2.49500e+02  1.87796e+00 
 2.50000e+02  1.87757e+00 
 2.50500e+02  1.87717e+00 
 2.51000e+02  1.87679e+00 
 2.51500e+02  1.87642e+00 
 2.52000e+02  1.87603e+00 
 2.52500e+02  1.87560e+00 
 2.53000e+02  1.87512e+00 
 2.53500e+02  1.87465e+00 
 2.54000e+02  1.87417e+00 
 2.54500e+02  1.87366e+00 
 2.55000e+02  1.87314e+00 
 2.55500e+02  1.87263e+00 
 2.56000e+02  1.87209e+00 
 2.56500e+02  1.87148e+00 
 2.57000e+02  1.87081e+00 
 2.57500e+02  1.87012e+00 
 2.58000e+02  1.86946e+00 
 2.58500e+02  1.86883e+00 
 2.59000e+02  1.86817e+00 
 2.59500e+02  1.86749e+00 
 2.60000e+02  1.86677e+00 
 2.60500e+02  1.86594e+00 
 2.61000e+02  1.86498e+00 
 2.61500e+02  1.86392e+00 
 2.62000e+02  1.86281e+00 
 2.62500e+02  1.86162e+00 
 2.63000e+02  1.86036e+00 
 2.63500e+02  1.85903e+00 
 2.64000e+02  1.85765e+00 
 2.64500e+02  1.85618e+00 
 2.65000e+02  1.85460e+00 
 2.65500e+02  1.85293e+00 
 2.66000e+02  1.85113e+00 
 2.66500e+02  1.84917e+00 
 2.67000e+02  1.84706e+00 
 2.67500e+02  1.84479e+00 
 2.68000e+02  1.84233e+00 
 2.68500e+02  1.83967e+00 
 2.69000e+02  1.83679e+00 
 2.69500e+02  1.83367e+00 
 2.70000e+02  1.83033e+00 
 2.70500e+02  1.82673e+00 
 2.71000e+02  1.82287e+00 
 2.71500e+02  1.81871e+00 
 2.72000e+02  1.81425e+00 
 2.72500e+02  1.80950e+00 
 2.73000e+02  1.80443e+00 
 2.73500e+02  1.79906e+00 
 2.74000e+02  1.79337e+00 
 2.74500e+02  1.78735e+00 
 2.75000e+02  1.78101e+00 
 2.75500e+02  1.77433e+00 
 2.76000e+02  1.76733e+00 
 2.76500e+02  1.76000e+00 
 2.77000e+02  1.75233e+00 
 2.77500e+02  1.74435e+00 
 2.78000e+02  1.73603e+00 
 2.78500e+02  1.72740e+00 
 2.79000e+02  1.71844e+00 
 2.79500e+02  1.70918e+00 
 2.80000e+02  1.69960e+00 
 2.80500e+02  1.68971e+00 
 2.81000e+02  1.67950e+00 
 2.81500e+02  1.66899e+00 
 2.82000e+02  1.65816e+00 
 2.82500e+02  1.64703e+00 
 2.83000e+02  1.63557e+00 
 2.83500e+02  1.62379e+00 
 2.84000e+02  1.61169e+00 
 2.84500e+02  1.59927e+00 
 2.85000e+02  1.58652e+00 
 2.85500e+02  1.57344e+00 
 2.86000e+02  1.56004e+00 
 2.86500e+02  1.54631e+00 
 2.87000e+02  1.53226e+00 
 2.87500e+02  1.51789e+00 
 2.88000e+02  1.50321e+00 
 2.88500e+02  1.48821e+00 
 2.89000e+02  1.47290e+00 
 2.89500e+02  1.45728e+00 
 2.90000e+02  1.44135e+00 
 2.90500e+02  1.42511e+00 
 2.91000e+02  1.40858e+00 
 2.91500e+02  1.39174e+00 
 2.92000e+02  1.37460e+00 
 2.92500e+02  1.35716e+00 
 2.93000e+02  1.33942e+00 
 2.93500e+02  1.32140e+00 
 2.94000e+02  1.30310e+00 
 2.94500e+02  1.28451e+00 
 2.95000e+02  1.26566e+00 
 2.95500e+02  1.24652e+00 
 2.96000e+02  1.22710e+00 
 2.96500e+02  1.20741e+00 
 2.97000e+02  1.18744e+00 
 2.97500e+02  1.16720e+00 
 2.98000e+02  1.14670e+00 
 2.98500e+02  1.12594e+00 
 2.99000e+02  1.10491e+00 
 2.99500e+02  1.08362e+00 
 3.00000e+02  1.06205e+00 
 3.00500e+02  1.04022e+00 
 3.01000e+02  1.01813e+00 
 3.01500e+02  9.95774e-01 
 3.02000e+02  9.73163e-01 
 3.02500e+02  9.50293e-01 
 3.03000e+02  9.27168e-01 
 3.03500e+02  9.03790e-01 
 3.04000e+02  8.80161e-01 
 3.04500e+02  8.56286e-01 
 3.05000e+02  8.32163e-01 
 3.05500e+02  8.07794e-01 
 3.06000e+02  7.83186e-01 
 3.06500e+02  7.58340e-01 
 3.07000e+02  7.33255e-01 
 3.07500e+02  7.07931e-01 
 3.08000e+02  6.82369e-01 
 3.08500e+02  6.56573e-01 
 3.09000e+02  6.30544e-01 
 3.09500e+02  6.04284e-01 
 3.10000e+02  5.77793e-01 
 3.10500e+02  5.51072e-01 
 3.11000e+02  5.24121e-01 
 3.11500e+02  4.96942e-01 
 3.12000e+02  4.69535e-01 
 3.12500e+02  4.41901e-01 
 3.13000e+02  4.14040e-01 
 3.13500e+02  3.85957e-01 
 3.14000e+02  3.57656e-01 
 3.14500e+02  3.29137e-01 
 3.15000e+02  3.00404e-01 
 3.15500e+02  2.71458e-01 
 3.16000e+02  2.42301e-01 
 3.16500e+02  2.12933e-01 
 3.17000e+02  1.83359e-01 
 3.17500e+02  1.53578e-01 
 3.18000e+02  1.23596e-01 
 3.18500e+02  9.34140e-02 
 3.19000e+02  6.30408e-02 
 3.19500e+02  3.24951e-02 
