 0.00000e+00  0.00000e+00 
 5.00000e-01  3.19968e-02 
 1.00000e+00  6.37397e-02 
 1.50000e+00  9.52277e-02 
 2.00000e+00  1.26460e-01 
 2.50000e+00  1.57440e-01 
 3.00000e+00  1.88171e-01 
 3.50000e+00  2.18653e-01 
 4.00000e+00  2.48884e-01 
 4.50000e+00  2.78862e-01 
 5.00000e+00  3.08586e-01 
 5.50000e+00  3.38059e-01 
 6.00000e+00  3.67279e-01 
 6.50000e+00  3.96247e-01 
 7.00000e+00  4.24966e-01 
 7.50000e+00  4.53436e-01 
 8.00000e+00  4.81655e-01 
 8.50000e+00  5.09622e-01 
 9.00000e+00  5.37337e-01 
 9.50000e+00  5.64801e-01 
 1.00000e+01  5.92007e-01 
 1.05000e+01  6.18961e-01 
 1.10000e+01  6.45666e-01 
 1.15000e+01  6.72121e-01 
 1.20000e+01  6.98322e-01 
 1.25000e+01  7.24270e-01 
 1.30000e+01  7.49963e-01 
 1.35000e+01  7.75402e-01 
 1.40000e+01  8.00584e-01 
 1.45000e+01  8.25510e-01 
 1.50000e+01  8.50177e-01 
 1.55000e+01  8.74585e-01 
 1.60000e+01  8.98732e-01 
 1.65000e+01  9.22617e-01 
 1.70000e+01  9.46239e-01 
 1.75000e+01  9.69596e-01 
 1.80000e+01  9.92691e-01 
 1.85000e+01  1.01552e+00 
 1.90000e+01  1.03807e+00 
 1.95000e+01  1.06036e+00 
 2.00000e+01  1.08237e+00 
 2.05000e+01  1.10410e+00 
 2.10000e+01  1.12555e+00 
 2.15000e+01  1.14672e+00 
 2.20000e+01  1.16761e+00 
 2.25000e+01  1.18822e+00 
 2.30000e+01  1.20854e+00 
 2.35000e+01  1.22858e+00 
 2.40000e+01  1.24833e+00 
 2.45000e+01  1.26780e+00 
 2.50000e+01  1.28697e+00 
 2.55000e+01  1.30584e+00 
 2.60000e+01  1.32442e+00 
 2.65000e+01  1.34270e+00 
 2.70000e+01  1.36068e+00 
 2.75000e+01  1.37837e+00 
 2.80000e+01  1.39575e+00 
 2.85000e+01  1.41282e+00 
 2.90000e+01  1.42958e+00 
 2.95000e+01  1.44603e+00 
 3.00000e+01  1.46216e+00 
 3.05000e+01  1.47798e+00 
 3.10000e+01  1.49349e+00 
 3.15000e+01  1.50869e+00 
 3.20000e+01  1.52356e+00 
 3.25000e+01  1.53810e+00 
 3.30000e+01  1.55231e+00 
 3.35000e+01  1.56619e+00 
 3.40000e+01  1.57973e+00 
 3.45000e+01  1.59294e+00 
 3.50000e+01  1.60581e+00 
 3.55000e+01  1.61834e+00 
 3.60000e+01  1.63054e+00 
 3.65000e+01  1.64239e+00 
 3.70000e+01  1.65389e+00 
 3.75000e+01  1.66505e+00 
 3.80000e+01  1.67587e+00 
 3.85000e+01  1.68635e+00 
 3.90000e+01  1.69648e+00 
 3.95000e+01  1.70627e+00 
 4.00000e+01  1.71572e+00 
 4.05000e+01  1.72483e+00 
 4.10000e+01  1.73360e+00 
 4.15000e+01  1.74202e+00 
 4.20000e+01  1.75011e+00 
 4.25000e+01  1.75785e+00 
 4.30000e+01  1.76527e+00 
 4.35000e+01  1.77234e+00 
 4.40000e+01  1.77907e+00 
 4.45000e+01  1.78547e+00 
 4.50000e+01  1.79153e+00 
 4.55000e+01  1.79725e+00 
 4.60000e+01  1.80265e+00 
 4.65000e+01  1.80774e+00 
 4.70000e+01  1.81252e+00 
 4.75000e+01  1.81700e+00 
 4.80000e+01  1.82120e+00 
 4.85000e+01  1.82513e+00 
 4.90000e+01  1.82879e+00 
 4.95000e+01  1.83219e+00 
 5.00000e+01  1.83534e+00 
 5.05000e+01  1.83826e+00 
 5.10000e+01  1.84095e+00 
 5.15000e+01  1.84342e+00 
 5.20000e+01  1.84574e+00 
 5.25000e+01  1.84790e+00 
 5.30000e+01  1.84992e+00 
 5.35000e+01  1.85179e+00 
 5.40000e+01  1.85353e+00 
 5.45000e+01  1.85513e+00 
 5.50000e+01  1.85661e+00 
 5.55000e+01  1.85798e+00 
 5.60000e+01  1.85924e+00 
 5.65000e+01  1.86043e+00 
 5.70000e+01  1.86155e+00 
 5.75000e+01  1.86260e+00 
 5.80000e+01  1.86357e+00 
 5.85000e+01  1.86452e+00 
 5.90000e+01  1.86545e+00 
 5.95000e+01  1.86635e+00 
 6.00000e+01  1.86721e+00 
 6.05000e+01  1.86802e+00 
 6.10000e+01  1.86875e+00 
 6.15000e+01  1.86943e+00 
 6.20000e+01  1.87007e+00 
 6.25000e+01  1.87069e+00 
 6.30000e+01  1.87131e+00 
 6.35000e+01  1.87190e+00 
 6.40000e+01  1.87245e+00 
 6.45000e+01  1.87292e+00 
 6.50000e+01  1.87333e+00 
 6.55000e+01  1.87373e+00 
 6.60000e+01  1.87416e+00 
 6.65000e+01  1.87461e+00 
 6.70000e+01  1.87506e+00 
 6.75000e+01  1.87548e+00 
 6.80000e+01  1.87588e+00 
 6.85000e+01  1.87629e+00 
 6.90000e+01  1.87669e+00 
 6.95000e+01  1.87710e+00 
 7.00000e+01  1.87746e+00 
 7.05000e+01  1.87779e+00 
 7.10000e+01  1.87814e+00 
 7.15000e+01  1.87847e+00 
 7.20000e+01  1.87876e+00 
 7.25000e+01  1.87906e+00 
 7.30000e+01  1.87938e+00 
 7.35000e+01  1.87970e+00 
 7.40000e+01  1.87999e+00 
 7.45000e+01  1.88024e+00 
 7.50000e+01  1.88052e+00 
 7.55000e+01  1.88085e+00 
 7.60000e+01  1.88116e+00 
 7.65000e+01  1.88147e+00 
 7.70000e+01  1.88176e+00 
 7.75000e+01  1.88200e+00 
 7.80000e+01  1.88220e+00 
 7.85000e+01  1.88240e+00 
 7.90000e+01  1.88264e+00 
 7.95000e+01  1.88290e+00 
 8.00000e+01  1.88314e+00 
 8.05000e+01  1.88336e+00 
 8.10000e+01  1.88359e+00 
 8.15000e+01  1.88384e+00 
 8.20000e+01  1.88408e+00 
 8.25000e+01  1.88429e+00 
 8.30000e+01  1.88451e+00 
 8.35000e+01  1.88473e+00 
 8.40000e+01  1.88495e+00 
 8.45000e+01  1.88516e+00 
 8.50000e+01  1.88540e+00 
 8.55000e+01  1.88560e+00 
 8.60000e+01  1.88573e+00 
 8.65000e+01  1.88587e+00 
 8.70000e+01  1.88601e+00 
 8.75000e+01  1.88615e+00 
 8.80000e+01  1.88631e+00 
 8.85000e+01  1.88649e+00 
 8.90000e+01  1.88668e+00 
 8.95000e+01  1.88685e+00 
 9.00000e+01  1.88701e+00 
 9.05000e+01  1.88716e+00 
 9.10000e+01  1.88726e+00 
 9.15000e+01  1.88737e+00 
 9.20000e+01  1.88752e+00 
 9.25000e+01  1.88764e+00 
 9.30000e+01  1.88777e+00 
 9.35000e+01  1.88793e+00 
 9.40000e+01  1.88806e+00 
 9.45000e+01  1.88817e+00 
 9.50000e+01  1.88827e+00 
 9.55000e+01  1.88840e+00 
 9.60000e+01  1.88850e+00 
 9.65000e+01  1.88859e+00 
 9.70000e+01  1.88867e+00 
 9.75000e+01  1.88878e+00 
 9.80000e+01  1.88891e+00 
 9.85000e+01  1.88904e+00 
 9.90000e+01  1.88918e+00 
 9.95000e+01  1.88935e+00 
 1.00000e+02  1.88948e+00 
 1.00500e+02  1.88955e+00 
 1.01000e+02  1.88963e+00 
 1.01500e+02  1.88973e+00 
 1.02000e+02  1.88983e+00 
 1.02500e+02  1.88994e+00 
 1.03000e+02  1.89001e+00 
 1.03500e+02  1.89009e+00 
 1.04000e+02  1.89020e+00 
 1.04500e+02  1.89028e+00 
 1.05000e+02  1.89036e+00 
 1.05500e+02  1.89047e+00 
 1.06000e+02  1.89058e+00 
 1.06500e+02  1.89063e+00 
 1.07000e+02  1.89071e+00 
 1.07500e+02  1.89085e+00 
 1.08000e+02  1.89095e+00 
 1.08500e+02  1.89098e+00 
 1.09000e+02  1.89107e+00 
 1.09500e+02  1.89114e+00 
 1.10000e+02  1.89120e+00 
 1.10500e+02  1.89122e+00 
 1.11000e+02  1.89129e+00 
 1.11500e+02  1.89138e+00 
 1.12000e+02  1.89144e+00 
 1.12500e+02  1.89149e+00 
 1.13000e+02  1.89157e+00 
 1.13500e+02  1.89162e+00 
 1.14000e+02  1.89167e+00 
 1.14500e+02  1.89174e+00 
 1.15000e+02  1.89179e+00 
 1.15500e+02  1.89181e+00 
 1.16000e+02  1.89192e+00 
 1.16500e+02  1.89196e+00 
 1.17000e+02  1.89200e+00 
 1.17500e+02  1.89211e+00 
 1.18000e+02  1.89217e+00 
 1.18500e+02  1.89221e+00 
 1.19000e+02  1.89224e+00 
 1.19500e+02  1.89229e+00 
 1.20000e+02  1.89231e+00 
 1.20500e+02  1.89238e+00 
 1.21000e+02  1.89242e+00 
 1.21500e+02  1.89244e+00 
 1.22000e+02  1.89247e+00 
 1.22500e+02  1.89250e+00 
 1.23000e+02  1.89256e+00 
 1.23500e+02  1.89256e+00 
 1.24000e+02  1.89259e+00 
 1.24500e+02  1.89261e+00 
 1.25000e+02  1.89261e+00 
 1.25500e+02  1.89270e+00 
 1.26000e+02  1.89273e+00 
 1.26500e+02  1.89277e+00 
 1.27000e+02  1.89279e+00 
 1.27500e+02  1.89279e+00 
 1.28000e+02  1.89285e+00 
 1.28500e+02  1.89288e+00 
 1.29000e+02  1.89291e+00 
 1.29500e+02  1.89294e+00 
 1.30000e+02  1.89295e+00 
 1.30500e+02  1.89299e+00 
 1.31000e+02  1.89299e+00 
 1.31500e+02  1.89304e+00 
 1.32000e+02  1.89307e+00 
 1.32500e+02  1.89307e+00 
 1.33000e+02  1.89311e+00 
 1.33500e+02  1.89311e+00 
 1.34000e+02  1.89317e+00 
 1.34500e+02  1.89317e+00 
 1.35000e+02  1.89319e+00 
 1.35500e+02  1.89319e+00 
 1.36000e+02  1.89320e+00 
 1.36500e+02  1.89323e+00 
 1.37000e+02  1.89324e+00 
 1.37500e+02  1.89328e+00 
 1.38000e+02  1.89330e+00 
 1.38500e+02  1.89333e+00 
 1.39000e+02  1.89336e+00 
 1.39500e+02  1.89338e+00 
 1.40000e+02  1.89339e+00 
 1.40500e+02  1.89337e+00 
 1.41000e+02  1.89341e+00 
 1.41500e+02  1.89346e+00 
 1.42000e+02  1.89345e+00 
 1.42500e+02  1.89345e+00 
 1.43000e+02  1.89345e+00 
 1.43500e+02  1.89349e+00 
 1.44000e+02  1.89350e+00 
 1.44500e+02  1.89348e+00 
 1.45000e+02  1.89350e+00 
 1.45500e+02  1.89354e+00 
 1.46000e+02  1.89353e+00 
 1.46500e+02  1.89356e+00 
 1.47000e+02  1.89353e+00 
 1.47500e+02  1.89352e+00 
 1.48000e+02  1.89356e+00 
 1.48500e+02  1.89356e+00 
 1.49000e+02  1.89356e+00 
 1.49500e+02  1.89358e+00 
 1.50000e+02  1.89362e+00 
 1.50500e+02  1.89360e+00 
 1.51000e+02  1.89360e+00 
 1.51500e+02  1.89360e+00 
 1.52000e+02  1.89361e+00 
 1.52500e+02  1.89359e+00 
 1.53000e+02  1.89360e+00 
 1.53500e+02  1.89359e+00 
 1.54000e+02  1.89360e+00 
 1.54500e+02  1.89360e+00 
 1.55000e+02  1.89356e+00 
 1.55500e+02  1.89359e+00 
 1.56000e+02  1.89358e+00 
 1.56500e+02  1.89359e+00 
 1.57000e+02  1.89358e+00 
 1.57500e+02  1.89360e+00 
 1.58000e+02  1.89359e+00 
 1.58500e+02  1.89361e+00 
 1.59000e+02  1.89362e+00 
 1.59500e+02  1.89364e+00 
 1.60000e+02  1.89362e+00 
 1.60500e+02  1.89364e+00 
 1.61000e+02  1.89363e+00 
 1.61500e+02  1.89362e+00 
 1.62000e+02  1.89362e+00 
 1.62500e+02  1.89359e+00 
 1.63000e+02  1.89361e+00 
 1.63500e+02  1.89363e+00 
 1.64000e+02  1.89361e+00 
 1.64500e+02  1.89359e+00 
 1.65000e+02  1.89359e+00 
 1.65500e+02  1.89358e+00 
 1.66000e+02  1.89359e+00 
 1.66500e+02  1.89360e+00 
 1.67000e+02  1.89358e+00 
 1.67500e+02  1.89355e+00 
 1.68000e+02  1.89356e+00 
 1.68500e+02  1.89358e+00 
 1.69000e+02  1.89357e+00 
 1.69500e+02  1.89356e+00 
 1.70000e+02  1.89353e+00 
 1.70500e+02  1.89353e+00 
 1.71000e+02  1.89355e+00 
 1.71500e+02  1.89352e+00 
 1.72000e+02  1.89350e+00 
 1.72500e+02  1.89350e+00 
 1.73000e+02  1.89347e+00 
 1.73500e+02  1.89347e+00 
 1.74000e+02  1.89345e+00 
 1.74500e+02  1.89345e+00 
 1.75000e+02  1.89344e+00 
 1.75500e+02  1.89344e+00 
 1.76000e+02  1.89341e+00 
 1.76500e+02  1.89338e+00 
 1.77000e+02  1.89338e+00 
 1.77500e+02  1.89335e+00 
 1.78000e+02  1.89336e+00 
 1.78500e+02  1.89335e+00 
 1.79000e+02  1.89331e+00 
 1.79500e+02  1.89330e+00 
 1.80000e+02  1.89326e+00 
 1.80500e+02  1.89324e+00 
 1.81000e+02  1.89322e+00 
 1.81500e+02  1.89322e+00 
 1.82000e+02  1.89319e+00 
 1.82500e+02  1.89314e+00 
 1.83000e+02  1.89313e+00 
 1.83500e+02  1.89309e+00 
 1.84000e+02  1.89309e+00 
 1.84500e+02  1.89305e+00 
 1.85000e+02  1.89300e+00 
 1.85500e+02  1.89300e+00 
 1.86000e+02  1.89297e+00 
 1.86500e+02  1.89297e+00 
 1.87000e+02  1.89292e+00 
 1.87500e+02  1.89292e+00 
 1.88000e+02  1.89289e+00 
 1.88500e+02  1.89284e+00 
 1.89000e+02  1.89285e+00 
 1.89500e+02  1.89281e+00 
 1.90000e+02  1.89279e+00 
 1.90500e+02  1.89277e+00 
 1.91000e+02  1.89274e+00 
 1.91500e+02  1.89275e+00 
 1.92000e+02  1.89269e+00 
 1.92500e+02  1.89264e+00 
 1.93000e+02  1.89260e+00 
 1.93500e+02  1.89258e+00 
 1.94000e+02  1.89255e+00 
 1.94500e+02  1.89250e+00 
 1.95000e+02  1.89245e+00 
 1.95500e+02  1.89242e+00 
 1.96000e+02  1.89236e+00 
 1.96500e+02  1.89237e+00 
 1.97000e+02  1.89234e+00 
 1.97500e+02  1.89226e+00 
 1.98000e+02  1.89223e+00 
 1.98500e+02  1.89220e+00 
 1.99000e+02  1.89211e+00 
 1.99500e+02  1.89206e+00 
 2.00000e+02  1.89206e+00 
 2.00500e+02  1.89203e+00 
 2.01000e+02  1.89197e+00 
 2.01500e+02  1.89190e+00 
 2.02000e+02  1.89186e+00 
 2.02500e+02  1.89175e+00 
 2.03000e+02  1.89171e+00 
 2.03500e+02  1.89169e+00 
 2.04000e+02  1.89164e+00 
 2.04500e+02  1.89156e+00 
 2.05000e+02  1.89152e+00 
 2.05500e+02  1.89149e+00 
 2.06000e+02  1.89146e+00 
 2.06500e+02  1.89137e+00 
 2.07000e+02  1.89131e+00 
 2.07500e+02  1.89124e+00 
 2.08000e+02  1.89117e+00 
 2.08500e+02  1.89108e+00 
 2.09000e+02  1.89103e+00 
 2.09500e+02  1.89097e+00 
 2.10000e+02  1.89092e+00 
 2.10500e+02  1.89086e+00 
 2.11000e+02  1.89074e+00 
 2.11500e+02  1.89070e+00 
 2.12000e+02  1.89066e+00 
 2.12500e+02  1.89055e+00 
 2.13000e+02  1.89043e+00 
 2.13500e+02  1.89035e+00 
 2.14000e+02  1.89032e+00 
 2.14500e+02  1.89028e+00 
 2.15000e+02  1.89023e+00 
 2.15500e+02  1.89013e+00 
 2.16000e+02  1.89001e+00 
 2.16500e+02  1.88995e+00 
 2.17000e+02  1.88984e+00 
 2.17500e+02  1.88978e+00 
 2.18000e+02  1.88972e+00 
 2.18500e+02  1.88959e+00 
 2.19000e+02  1.88952e+00 
 2.19500e+02  1.88941e+00 
 2.20000e+02  1.88928e+00 
 2.20500e+02  1.88915e+00 
 2.21000e+02  1.88904e+00 
 2.21500e+02  1.88895e+00 
 2.22000e+02  1.88885e+00 
 2.22500e+02  1.88874e+00 
 2.23000e+02  1.88860e+00 
 2.23500e+02  1.88843e+00 
 2.24000e+02  1.88826e+00 
 2.24500e+02  1.88818e+00 
 2.25000e+02  1.88810e+00 
 2.25500e+02  1.88799e+00 
 2.26000e+02  1.88784e+00 
 2.26500e+02  1.88767e+00 
 2.27000e+02  1.88748e+00 
 2.27500e+02  1.88728e+00 
 2.28000e+02  1.88707e+00 
 2.28500e+02  1.88689e+00 
 2.29000e+02  1.88677e+00 
 2.29500e+02  1.88664e+00 
 2.30000e+02  1.88651e+00 
 2.30500e+02  1.88635e+00 
 2.31000e+02  1.88616e+00 
 2.31500e+02  1.88594e+00 
 2.32000e+02  1.88575e+00 
 2.32500e+02  1.88563e+00 
 2.33000e+02  1.88550e+00 
 2.33500e+02  1.88528e+00 
 2.34000e+02  1.88504e+00 
 2.34500e+02  1.88483e+00 
 2.35000e+02  1.88461e+00 
 2.35500e+02  1.88436e+00 
 2.36000e+02  1.88417e+00 
 2.36500e+02  1.88399e+00 
 2.37000e+02  1.88381e+00 
 2.37500e+02  1.88361e+00 
 2.38000e+02  1.88338e+00 
 2.38500e+02  1.88319e+00 
 2.39000e+02  1.88297e+00 
 2.39500e+02  1.88269e+00 
 2.40000e+02  1.88242e+00 
 2.40500e+02  1.88218e+00 
 2.41000e+02  1.88197e+00 
 2.41500e+02  1.88175e+00 
 2.42000e+02  1.88151e+00 
 2.42500e+02  1.88124e+00 
 2.43000e+02  1.88097e+00 
 2.43500e+02  1.88073e+00 
 2.44000e+02  1.88050e+00 
 2.44500e+02  1.88024e+00 
 2.45000e+02  1.88000e+00 
 2.45500e+02  1.87975e+00 
 2.46000e+02  1.87947e+00 
 2.46500e+02  1.87917e+00 
 2.47000e+02  1.87887e+00 
 2.47500e+02  1.87854e+00 
 2.48000e+02  1.87823e+00 
 2.48500e+02  1.87793e+00 
 2.49000e+02  1.87761e+00 
 2.49500e+02  1.87726e+00 
 2.50000e+02  1.87687e+00 
 2.50500e+02  1.87646e+00 
 2.51000e+02  1.87603e+00 
 2.51500e+02  1.87560e+00 
 2.52000e+02  1.87513e+00 
 2.52500e+02  1.87467e+00 
 2.53000e+02  1.87420e+00 
 2.53500e+02  1.87376e+00 
 2.54000e+02  1.87332e+00 
 2.54500e+02  1.87291e+00 
 2.55000e+02  1.87246e+00 
 2.55500e+02  1.87195e+00 
 2.56000e+02  1.87139e+00 
 2.56500e+02  1.87074e+00 
 2.57000e+02  1.87006e+00 
 2.57500e+02  1.86935e+00 
 2.58000e+02  1.86864e+00 
 2.58500e+02  1.86789e+00 
 2.59000e+02  1.86714e+00 
 2.59500e+02  1.86636e+00 
 2.60000e+02  1.86559e+00 
 2.60500e+02  1.86478e+00 
 2.61000e+02  1.86391e+00 
 2.61500e+02  1.86299e+00 
 2.62000e+02  1.86202e+00 
 2.62500e+02  1.86097e+00 
 2.63000e+02  1.85984e+00 
 2.63500e+02  1.85863e+00 
 2.64000e+02  1.85731e+00 
 2.64500e+02  1.85589e+00 
 2.65000e+02  1.85437e+00 
 2.65500e+02  1.85275e+00 
 2.66000e+02  1.85102e+00 
 2.66500e+02  1.84913e+00 
 2.67000e+02  1.84706e+00 
 2.67500e+02  1.84483e+00 
 2.68000e+02  1.84243e+00 
 2.68500e+02  1.83984e+00 
 2.69000e+02  1.83703e+00 
 2.69500e+02  1.83399e+00 
 2.70000e+02  1.83068e+00 
 2.70500e+02  1.82709e+00 
 2.71000e+02  1.82321e+00 
 2.71500e+02  1.81904e+00 
 2.72000e+02  1.81458e+00 
 2.72500e+02  1.80982e+00 
 2.73000e+02  1.80476e+00 
 2.73500e+02  1.79938e+00 
 2.74000e+02  1.79369e+00 
 2.74500e+02  1.78770e+00 
 2.75000e+02  1.78138e+00 
 2.75500e+02  1.77475e+00 
 2.76000e+02  1.76780e+00 
 2.76500e+02  1.76053e+00 
 2.77000e+02  1.75295e+00 
 2.77500e+02  1.74505e+00 
 2.78000e+02  1.73682e+00 
 2.78500e+02  1.72827e+00 
 2.79000e+02  1.71939e+00 
 2.79500e+02  1.71019e+00 
 2.80000e+02  1.70067e+00 
 2.80500e+02  1.69083e+00 
 2.81000e+02  1.68067e+00 
 2.81500e+02  1.67020e+00 
 2.82000e+02  1.65942e+00 
 2.82500e+02  1.64833e+00 
 2.83000e+02  1.63692e+00 
 2.83500e+02  1.62520e+00 
 2.84000e+02  1.61314e+00 
 2.84500e+02  1.60076e+00 
 2.85000e+02  1.58804e+00 
 2.85500e+02  1.57500e+00 
 2.86000e+02  1.56164e+00 
 2.86500e+02  1.54796e+00 
 2.87000e+02  1.53397e+00 
 2.87500e+02  1.51965e+00 
 2.88000e+02  1.50503e+00 
 2.88500e+02  1.49008e+00 
 2.89000e+02  1.47482e+00 
 2.89500e+02  1.45925e+00 
 2.90000e+02  1.44337e+00 
 2.90500e+02  1.42720e+00 
 2.91000e+02  1.41073e+00 
 2.91500e+02  1.39396e+00 
 2.92000e+02  1.37690e+00 
 2.92500e+02  1.35954e+00 
 2.93000e+02  1.34188e+00 
 2.93500e+02  1.32393e+00 
 2.94000e+02  1.30569e+00 
 2.94500e+02  1.28716e+00 
 2.95000e+02  1.26834e+00 
 2.95500e+02  1.24923e+00 
 2.96000e+02  1.22984e+00 
 2.96500e+02  1.21018e+00 
 2.97000e+02  1.19024e+00 
 2.97500e+02  1.17003e+00 
 2.98000e+02  1.14954e+00 
 2.98500e+02  1.12879e+00 
 2.99000e+02  1.10776e+00 
 2.99500e+02  1.08645e+00 
 3.00000e+02  1.06487e+00 
 3.00500e+02  1.04303e+00 
 3.01000e+02  1.02092e+00 
 3.01500e+02  9.98555e-01 
 3.02000e+02  9.75928e-01 
 3.02500e+02  9.53040e-01 
 3.03000e+02  9.29894e-01 
 3.03500e+02  9.06491e-01 
 3.04000e+02  8.82838e-01 
 3.04500e+02  8.58941e-01 
 3.05000e+02  8.34797e-01 
 3.05500e+02  8.10407e-01 
 3.06000e+02  7.85773e-01 
 3.06500e+02  7.60897e-01 
 3.07000e+02  7.35779e-01 
 3.07500e+02  7.10421e-01 
 3.08000e+02  6.84825e-01 
 3.08500e+02  6.58994e-01 
 3.09000e+02  6.32931e-01 
 3.09500e+02  6.06633e-01 
 3.10000e+02  5.80100e-01 
 3.10500e+02  5.53335e-01 
 3.11000e+02  5.26339e-01 
 3.11500e+02  4.99112e-01 
 3.12000e+02  4.71650e-01 
 3.12500e+02  4.43955e-01 
 3.13000e+02  4.16029e-01 
 3.13500e+02  3.87876e-01 
 3.14000e+02  3.59502e-01 
 3.14500e+02  3.30905e-01 
 3.15000e+02  3.02088e-01 
 3.15500e+02  2.73056e-01 
 3.16000e+02  2.43811e-01 
 3.16500e+02  2.14353e-01 
 3.17000e+02  1.84688e-01 
 3.17500e+02  1.54819e-01 
 3.18000e+02  1.24748e-01 
 3.18500e+02  9.44752e-02 
 3.19000e+02  6.40105e-02 
 3.19500e+02  3.33707e-02 
