 0.00000e+00  0.00000e+00 
 5.00000e-01  3.19140e-02 
 1.00000e+00  6.35735e-02 
 1.50000e+00  9.49778e-02 
 2.00000e+00  1.26127e-01 
 2.50000e+00  1.57026e-01 
 3.00000e+00  1.87675e-01 
 3.50000e+00  2.18073e-01 
 4.00000e+00  2.48218e-01 
 4.50000e+00  2.78111e-01 
 5.00000e+00  3.07751e-01 
 5.50000e+00  3.37142e-01 
 6.00000e+00  3.66285e-01 
 6.50000e+00  3.95178e-01 
 7.00000e+00  4.23825e-01 
 7.50000e+00  4.52223e-01 
 8.00000e+00  4.80372e-01 
 8.50000e+00  5.08272e-01 
 9.00000e+00  5.35919e-01 
 9.50000e+00  5.63316e-01 
 1.00000e+01  5.90462e-01 
 1.05000e+01  6.17357e-01 
 1.10000e+01  6.44001e-01 
 1.15000e+01  6.70393e-01 
 1.20000e+01  6.96536e-01 
 1.25000e+01  7.22428e-01 
 1.30000e+01  7.48069e-01 
 1.35000e+01  7.73454e-01 
 1.40000e+01  7.98584e-01 
 1.45000e+01  8.23457e-01 
 1.50000e+01  8.48073e-01 
 1.55000e+01  8.72428e-01 
 1.60000e+01  8.96521e-01 
 1.65000e+01  9.20350e-01 
 1.70000e+01  9.43914e-01 
 1.75000e+01  9.67217e-01 
 1.80000e+01  9.90256e-01 
 1.85000e+01  1.01303e+00 
 1.90000e+01  1.03554e+00 
 1.95000e+01  1.05777e+00 
 2.00000e+01  1.07973e+00 
 2.05000e+01  1.10143e+00 
 2.10000e+01  1.12285e+00 
 2.15000e+01  1.14400e+00 
 2.20000e+01  1.16487e+00 
 2.25000e+01  1.18546e+00 
 2.30000e+01  1.20576e+00 
 2.35000e+01  1.22579e+00 
 2.40000e+01  1.24552e+00 
 2.45000e+01  1.26496e+00 
 2.50000e+01  1.28411e+00 
 2.55000e+01  1.30297e+00 
 2.60000e+01  1.32154e+00 
 2.65000e+01  1.33981e+00 
 2.70000e+01  1.35779e+00 
 2.75000e+01  1.37546e+00 
 2.80000e+01  1.39283e+00 
 2.85000e+01  1.40990e+00 
 2.90000e+01  1.42666e+00 
 2.95000e+01  1.44311e+00 
 3.00000e+01  1.45925e+00 
 3.05000e+01  1.47507e+00 
 3.10000e+01  1.49057e+00 
 3.15000e+01  1.50575e+00 
 3.20000e+01  1.52061e+00 
 3.25000e+01  1.53514e+00 
 3.30000e+01  1.54934e+00 
 3.35000e+01  1.56322e+00 
 3.40000e+01  1.57677e+00 
 3.45000e+01  1.58999e+00 
 3.50000e+01  1.60287e+00 
 3.55000e+01  1.61542e+00 
 3.60000e+01  1.62763e+00 
 3.65000e+01  1.63951e+00 
 3.70000e+01  1.65105e+00 
 3.75000e+01  1.66225e+00 
 3.80000e+01  1.67311e+00 
 3.85000e+01  1.68363e+00 
 3.90000e+01  1.69381e+00 
 3.95000e+01  1.70365e+00 
 4.00000e+01  1.71316e+00 
 4.05000e+01  1.72232e+00 
 4.10000e+01  1.73114e+00 
 4.15000e+01  1.73962e+00 
 4.20000e+01  1.74775e+00 
 4.25000e+01  1.75553e+00 
 4.30000e+01  1.76298e+00 
 4.35000e+01  1.77009e+00 
 4.40000e+01  1.77686e+00 
 4.45000e+01  1.78330e+00 
 4.50000e+01  1.78939e+00 
 4.55000e+01  1.79515e+00 
 4.60000e+01  1.80060e+00 
 4.65000e+01  1.80575e+00 
 4.70000e+01  1.81059e+00 
 4.75000e+01  1.81514e+00 
 4.80000e+01  1.81939e+00 
 4.85000e+01  1.82336e+00 
 4.90000e+01  1.82707e+00 
 4.95000e+01  1.83050e+00 
 5.00000e+01  1.83367e+00 
 5.05000e+01  1.83659e+00 
 5.10000e+01  1.83930e+00 
 5.15000e+01  1.84182e+00 
 5.20000e+01  1.84414e+00 
 5.25000e+01  1.84631e+00 
 5.30000e+01  1.84833e+00 
 5.35000e+01  1.85021e+00 
 5.40000e+01  1.85197e+00 
 5.45000e+01  1.85360e+00 
 5.50000e+01  1.85514e+00 
 5.55000e+01  1.85660e+00 
 5.60000e+01  1.85798e+00 
 5.65000e+01  1.85928e+00 
 5.70000e+01  1.86050e+00 
 5.75000e+01  1.86160e+00 
 5.80000e+01  1.86261e+00 
 5.85000e+01  1.86354e+00 
 5.90000e+01  1.86439e+00 
 5.95000e+01  1.86519e+00 
 6.00000e+01  1.86596e+00 
 6.05000e+01  1.86672e+00 
 6.10000e+01  1.86749e+00 
 6.15000e+01  1.86821e+00 
 6.20000e+01  1.86886e+00 
 6.25000e+01  1.86946e+00 
 6.30000e+01  1.87002e+00 
 6.35000e+01  1.87054e+00 
 6.40000e+01  1.87098e+00 
 6.45000e+01  1.87140e+00 
 6.50000e+01  1.87182e+00 
 6.55000e+01  1.87228e+00 
 6.60000e+01  1.87279e+00 
 6.65000e+01  1.87333e+00 
 6.70000e+01  1.87381e+00 
 6.75000e+01  1.87424e+00 
 6.80000e+01  1.87465e+00 
 6.85000e+01  1.87510e+00 
 6.90000e+01  1.87554e+00 
 6.95000e+01  1.87595e+00 
 7.00000e+01  1.87634e+00 
 7.05000e+01  1.87666e+00 
 7.10000e+01  1.87697e+00 
 7.15000e+01  1.87727e+00 
 7.20000e+01  1.87756e+00 
 7.25000e+01  1.87783e+00 
 7.30000e+01  1.87807e+00 
 7.35000e+01  1.87832e+00 
 7.40000e+01  1.87858e+00 
 7.45000e+01  1.87887e+00 
 7.50000e+01  1.87920e+00 
 7.55000e+01  1.87953e+00 
 7.60000e+01  1.87986e+00 
 7.65000e+01  1.88016e+00 
 7.70000e+01  1.88048e+00 
 7.75000e+01  1.88078e+00 
 7.80000e+01  1.88104e+00 
 7.85000e+01  1.88123e+00 
 7.90000e+01  1.88142e+00 
 7.95000e+01  1.88164e+00 
 8.00000e+01  1.88191e+00 
 8.05000e+01  1.88219e+00 
 8.10000e+01  1.88242e+00 
 8.15000e+01  1.88259e+00 
 8.20000e+01  1.88278e+00 
 8.25000e+01  1.88296e+00 
 8.30000e+01  1.88314e+00 
 8.35000e+01  1.88329e+00 
 8.40000e+01  1.88345e+00 
 8.45000e+01  1.88368e+00 
 8.50000e+01  1.88393e+00 
 8.55000e+01  1.88412e+00 
 8.60000e+01  1.88430e+00 
 8.65000e+01  1.88444e+00 
 8.70000e+01  1.88459e+00 
 8.75000e+01  1.88473e+00 
 8.80000e+01  1.88488e+00 
 8.85000e+01  1.88506e+00 
 8.90000e+01  1.88527e+00 
 8.95000e+01  1.88544e+00 
 9.00000e+01  1.88561e+00 
 9.05000e+01  1.88578e+00 
 9.10000e+01  1.88591e+00 
 9.15000e+01  1.88600e+00 
 9.20000e+01  1.88616e+00 
 9.25000e+01  1.88635e+00 
 9.30000e+01  1.88649e+00 
 9.35000e+01  1.88663e+00 
 9.40000e+01  1.88678e+00 
 9.45000e+01  1.88685e+00 
 9.50000e+01  1.88700e+00 
 9.55000e+01  1.88714e+00 
 9.60000e+01  1.88725e+00 
 9.65000e+01  1.88733e+00 
 9.70000e+01  1.88743e+00 
 9.75000e+01  1.88756e+00 
 9.80000e+01  1.88773e+00 
 9.85000e+01  1.88787e+00 
 9.90000e+01  1.88797e+00 
 9.95000e+01  1.88809e+00 
 1.00000e+02  1.88824e+00 
 1.00500e+02  1.88836e+00 
 1.01000e+02  1.88846e+00 
 1.01500e+02  1.88855e+00 
 1.02000e+02  1.88863e+00 
 1.02500e+02  1.88873e+00 
 1.03000e+02  1.88883e+00 
 1.03500e+02  1.88890e+00 
 1.04000e+02  1.88899e+00 
 1.04500e+02  1.88906e+00 
 1.05000e+02  1.88915e+00 
 1.05500e+02  1.88923e+00 
 1.06000e+02  1.88930e+00 
 1.06500e+02  1.88933e+00 
 1.07000e+02  1.88943e+00 
 1.07500e+02  1.88956e+00 
 1.08000e+02  1.88964e+00 
 1.08500e+02  1.88969e+00 
 1.09000e+02  1.88974e+00 
 1.09500e+02  1.88980e+00 
 1.10000e+02  1.88990e+00 
 1.10500e+02  1.88998e+00 
 1.11000e+02  1.89002e+00 
 1.11500e+02  1.89007e+00 
 1.12000e+02  1.89011e+00 
 1.12500e+02  1.89014e+00 
 1.13000e+02  1.89018e+00 
 1.13500e+02  1.89027e+00 
 1.14000e+02  1.89031e+00 
 1.14500e+02  1.89038e+00 
 1.15000e+02  1.89042e+00 
 1.15500e+02  1.89047e+00 
 1.16000e+02  1.89052e+00 
 1.16500e+02  1.89056e+00 
 1.17000e+02  1.89063e+00 
 1.17500e+02  1.89068e+00 
 1.18000e+02  1.89072e+00 
 1.18500e+02  1.89078e+00 
 1.19000e+02  1.89084e+00 
 1.19500e+02  1.89087e+00 
 1.20000e+02  1.89091e+00 
 1.20500e+02  1.89097e+00 
 1.21000e+02  1.89101e+00 
 1.21500e+02  1.89106e+00 
 1.22000e+02  1.89109e+00 
 1.22500e+02  1.89111e+00 
 1.23000e+02  1.89117e+00 
 1.23500e+02  1.89120e+00 
 1.24000e+02  1.89124e+00 
 1.24500e+02  1.89125e+00 
 1.25000e+02  1.89125e+00 
 1.25500e+02  1.89132e+00 
 1.26000e+02  1.89136e+00 
 1.26500e+02  1.89133e+00 
 1.27000e+02  1.89138e+00 
 1.27500e+02  1.89142e+00 
 1.28000e+02  1.89148e+00 
 1.28500e+02  1.89148e+00 
 1.29000e+02  1.89153e+00 
 1.29500e+02  1.89155e+00 
 1.30000e+02  1.89159e+00 
 1.30500e+02  1.89161e+00 
 1.31000e+02  1.89162e+00 
 1.31500e+02  1.89164e+00 
 1.32000e+02  1.89167e+00 
 1.32500e+02  1.89170e+00 
 1.33000e+02  1.89173e+00 
 1.33500e+02  1.89176e+00 
 1.34000e+02  1.89177e+00 
 1.34500e+02  1.89181e+00 
 1.35000e+02  1.89185e+00 
 1.35500e+02  1.89186e+00 
 1.36000e+02  1.89189e+00 
 1.36500e+02  1.89186e+00 
 1.37000e+02  1.89193e+00 
 1.37500e+02  1.89195e+00 
 1.38000e+02  1.89194e+00 
 1.38500e+02  1.89193e+00 
 1.39000e+02  1.89197e+00 
 1.39500e+02  1.89199e+00 
 1.40000e+02  1.89202e+00 
 1.40500e+02  1.89205e+00 
 1.41000e+02  1.89204e+00 
 1.41500e+02  1.89204e+00 
 1.42000e+02  1.89208e+00 
 1.42500e+02  1.89209e+00 
 1.43000e+02  1.89210e+00 
 1.43500e+02  1.89212e+00 
 1.44000e+02  1.89215e+00 
 1.44500e+02  1.89214e+00 
 1.45000e+02  1.89213e+00 
 1.45500e+02  1.89216e+00 
 1.46000e+02  1.89215e+00 
 1.46500e+02  1.89221e+00 
 1.47000e+02  1.89215e+00 
 1.47500e+02  1.89218e+00 
 1.48000e+02  1.89219e+00 
 1.48500e+02  1.89218e+00 
 1.49000e+02  1.89219e+00 
 1.49500e+02  1.89220e+00 
 1.50000e+02  1.89221e+00 
 1.50500e+02  1.89220e+00 
 1.51000e+02  1.89223e+00 
 1.51500e+02  1.89221e+00 
 1.52000e+02  1.89221e+00 
 1.52500e+02  1.89224e+00 
 1.53000e+02  1.89224e+00 
 1.53500e+02  1.89225e+00 
 1.54000e+02  1.89224e+00 
 1.54500e+02  1.89225e+00 
 1.55000e+02  1.89221e+00 
 1.55500e+02  1.89220e+00 
 1.56000e+02  1.89226e+00 
 1.56500e+02  1.89223e+00 
 1.57000e+02  1.89223e+00 
 1.57500e+02  1.89220e+00 
 1.58000e+02  1.89222e+00 
 1.58500e+02  1.89223e+00 
 1.59000e+02  1.89220e+00 
 1.59500e+02  1.89220e+00 
 1.60000e+02  1.89221e+00 
 1.60500e+02  1.89219e+00 
 1.61000e+02  1.89219e+00 
 1.61500e+02  1.89219e+00 
 1.62000e+02  1.89221e+00 
 1.62500e+02  1.89221e+00 
 1.63000e+02  1.89221e+00 
 1.63500e+02  1.89217e+00 
 1.64000e+02  1.89217e+00 
 1.64500e+02  1.89218e+00 
 1.65000e+02  1.89216e+00 
 1.65500e+02  1.89218e+00 
 1.66000e+02  1.89215e+00 
 1.66500e+02  1.89213e+00 
 1.67000e+02  1.89212e+00 
 1.67500e+02  1.89212e+00 
 1.68000e+02  1.89209e+00 
 1.68500e+02  1.89212e+00 
 1.69000e+02  1.89210e+00 
 1.69500e+02  1.89207e+00 
 1.70000e+02  1.89211e+00 
 1.70500e+02  1.89207e+00 
 1.71000e+02  1.89206e+00 
 1.71500e+02  1.89202e+00 
 1.72000e+02  1.89206e+00 
 1.72500e+02  1.89201e+00 
 1.73000e+02  1.89201e+00 
 1.73500e+02  1.89199e+00 
 1.74000e+02  1.89197e+00 
 1.74500e+02  1.89197e+00 
 1.75000e+02  1.89196e+00 
 1.75500e+02  1.89193e+00 
 1.76000e+02  1.89192e+00 
 1.76500e+02  1.89190e+00 
 1.77000e+02  1.89188e+00 
 1.77500e+02  1.89190e+00 
 1.78000e+02  1.89190e+00 
 1.78500e+02  1.89184e+00 
 1.79000e+02  1.89186e+00 
 1.79500e+02  1.89182e+00 
 1.80000e+02  1.89180e+00 
 1.80500e+02  1.89181e+00 
 1.81000e+02  1.89178e+00 
 1.81500e+02  1.89178e+00 
 1.82000e+02  1.89177e+00 
 1.82500e+02  1.89173e+00 
 1.83000e+02  1.89172e+00 
 1.83500e+02  1.89169e+00 
 1.84000e+02  1.89167e+00 
 1.84500e+02  1.89165e+00 
 1.85000e+02  1.89162e+00 
 1.85500e+02  1.89160e+00 
 1.86000e+02  1.89156e+00 
 1.86500e+02  1.89153e+00 
 1.87000e+02  1.89152e+00 
 1.87500e+02  1.89150e+00 
 1.88000e+02  1.89147e+00 
 1.88500e+02  1.89144e+00 
 1.89000e+02  1.89142e+00 
 1.89500e+02  1.89138e+00 
 1.90000e+02  1.89134e+00 
 1.90500e+02  1.89131e+00 
 1.91000e+02  1.89125e+00 
 1.91500e+02  1.89123e+00 
 1.92000e+02  1.89120e+00 
 1.92500e+02  1.89119e+00 
 1.93000e+02  1.89115e+00 
 1.93500e+02  1.89110e+00 
 1.94000e+02  1.89105e+00 
 1.94500e+02  1.89104e+00 
 1.95000e+02  1.89102e+00 
 1.95500e+02  1.89098e+00 
 1.96000e+02  1.89093e+00 
 1.96500e+02  1.89087e+00 
 1.97000e+02  1.89086e+00 
 1.97500e+02  1.89082e+00 
 1.98000e+02  1.89077e+00 
 1.98500e+02  1.89073e+00 
 1.99000e+02  1.89075e+00 
 1.99500e+02  1.89066e+00 
 2.00000e+02  1.89063e+00 
 2.00500e+02  1.89060e+00 
 2.01000e+02  1.89054e+00 
 2.01500e+02  1.89048e+00 
 2.02000e+02  1.89043e+00 
 2.02500e+02  1.89042e+00 
 2.03000e+02  1.89035e+00 
 2.03500e+02  1.89025e+00 
 2.04000e+02  1.89018e+00 
 2.04500e+02  1.89016e+00 
 2.05000e+02  1.89012e+00 
 2.05500e+02  1.89007e+00 
 2.06000e+02  1.89005e+00 
 2.06500e+02  1.89000e+00 
 2.07000e+02  1.88996e+00 
 2.07500e+02  1.88989e+00 
 2.08000e+02  1.88981e+00 
 2.08500e+02  1.88975e+00 
 2.09000e+02  1.88972e+00 
 2.09500e+02  1.88967e+00 
 2.10000e+02  1.88961e+00 
 2.10500e+02  1.88953e+00 
 2.11000e+02  1.88948e+00 
 2.11500e+02  1.88944e+00 
 2.12000e+02  1.88937e+00 
 2.12500e+02  1.88929e+00 
 2.13000e+02  1.88921e+00 
 2.13500e+02  1.88912e+00 
 2.14000e+02  1.88905e+00 
 2.14500e+02  1.88900e+00 
 2.15000e+02  1.88893e+00 
 2.15500e+02  1.88879e+00 
 2.16000e+02  1.88865e+00 
 2.16500e+02  1.88856e+00 
 2.17000e+02  1.88848e+00 
 2.17500e+02  1.88837e+00 
 2.18000e+02  1.88830e+00 
 2.18500e+02  1.88822e+00 
 2.19000e+02  1.88812e+00 
 2.19500e+02  1.88805e+00 
 2.20000e+02  1.88792e+00 
 2.20500e+02  1.88781e+00 
 2.21000e+02  1.88772e+00 
 2.21500e+02  1.88756e+00 
 2.22000e+02  1.88739e+00 
 2.22500e+02  1.88726e+00 
 2.23000e+02  1.88713e+00 
 2.23500e+02  1.88703e+00 
 2.24000e+02  1.88691e+00 
 2.24500e+02  1.88684e+00 
 2.25000e+02  1.88673e+00 
 2.25500e+02  1.88657e+00 
 2.26000e+02  1.88637e+00 
 2.26500e+02  1.88617e+00 
 2.27000e+02  1.88597e+00 
 2.27500e+02  1.88580e+00 
 2.28000e+02  1.88560e+00 
 2.28500e+02  1.88544e+00 
 2.29000e+02  1.88524e+00 
 2.29500e+02  1.88508e+00 
 2.30000e+02  1.88490e+00 
 2.30500e+02  1.88471e+00 
 2.31000e+02  1.88458e+00 
 2.31500e+02  1.88445e+00 
 2.32000e+02  1.88436e+00 
 2.32500e+02  1.88422e+00 
 2.33000e+02  1.88404e+00 
 2.33500e+02  1.88385e+00 
 2.34000e+02  1.88370e+00 
 2.34500e+02  1.88354e+00 
 2.35000e+02  1.88334e+00 
 2.35500e+02  1.88309e+00 
 2.36000e+02  1.88287e+00 
 2.36500e+02  1.88271e+00 
 2.37000e+02  1.88257e+00 
 2.37500e+02  1.88240e+00 
 2.38000e+02  1.88221e+00 
 2.38500e+02  1.88206e+00 
 2.39000e+02  1.88189e+00 
 2.39500e+02  1.88161e+00 
 2.40000e+02  1.88132e+00 
 2.40500e+02  1.88104e+00 
 2.41000e+02  1.88076e+00 
 2.41500e+02  1.88052e+00 
 2.42000e+02  1.88029e+00 
 2.42500e+02  1.88006e+00 
 2.43000e+02  1.87985e+00 
 2.43500e+02  1.87962e+00 
 2.44000e+02  1.87936e+00 
 2.44500e+02  1.87909e+00 
 2.45000e+02  1.87881e+00 
 2.45500e+02  1.87854e+00 
 2.46000e+02  1.87821e+00 
 2.46500e+02  1.87783e+00 
 2.47000e+02  1.87746e+00 
 2.47500e+02  1.87716e+00 
 2.48000e+02  1.87690e+00 
 2.48500e+02  1.87662e+00 
 2.49000e+02  1.87627e+00 
 2.49500e+02  1.87585e+00 
 2.50000e+02  1.87537e+00 
 2.50500e+02  1.87493e+00 
 2.51000e+02  1.87451e+00 
 2.51500e+02  1.87407e+00 
 2.52000e+02  1.87366e+00 
 2.52500e+02  1.87328e+00 
 2.53000e+02  1.87286e+00 
 2.53500e+02  1.87236e+00 
 2.54000e+02  1.87183e+00 
 2.54500e+02  1.87131e+00 
 2.55000e+02  1.87082e+00 
 2.55500e+02  1.87034e+00 
 2.56000e+02  1.86984e+00 
 2.56500e+02  1.86928e+00 
 2.57000e+02  1.86866e+00 
 2.57500e+02  1.86801e+00 
 2.58000e+02  1.86737e+00 
 2.58500e+02  1.86667e+00 
 2.59000e+02  1.86592e+00 
 2.59500e+02  1.86517e+00 
 2.60000e+02  1.86440e+00 
 2.60500e+02  1.86359e+00 
 2.61000e+02  1.86271e+00 
 2.61500e+02  1.86176e+00 
 2.62000e+02  1.86074e+00 
 2.62500e+02  1.85964e+00 
 2.63000e+02  1.85847e+00 
 2.63500e+02  1.85719e+00 
 2.64000e+02  1.85582e+00 
 2.64500e+02  1.85436e+00 
 2.65000e+02  1.85281e+00 
 2.65500e+02  1.85115e+00 
 2.66000e+02  1.84937e+00 
 2.66500e+02  1.84746e+00 
 2.67000e+02  1.84540e+00 
 2.67500e+02  1.84319e+00 
 2.68000e+02  1.84080e+00 
 2.68500e+02  1.83822e+00 
 2.69000e+02  1.83542e+00 
 2.69500e+02  1.83238e+00 
 2.70000e+02  1.82908e+00 
 2.70500e+02  1.82553e+00 
 2.71000e+02  1.82171e+00 
 2.71500e+02  1.81760e+00 
 2.72000e+02  1.81320e+00 
 2.72500e+02  1.80850e+00 
 2.73000e+02  1.80349e+00 
 2.73500e+02  1.79816e+00 
 2.74000e+02  1.79251e+00 
 2.74500e+02  1.78656e+00 
 2.75000e+02  1.78030e+00 
 2.75500e+02  1.77372e+00 
 2.76000e+02  1.76683e+00 
 2.76500e+02  1.75959e+00 
 2.77000e+02  1.75203e+00 
 2.77500e+02  1.74414e+00 
 2.78000e+02  1.73592e+00 
 2.78500e+02  1.72737e+00 
 2.79000e+02  1.71850e+00 
 2.79500e+02  1.70931e+00 
 2.80000e+02  1.69979e+00 
 2.80500e+02  1.68993e+00 
 2.81000e+02  1.67977e+00 
 2.81500e+02  1.66929e+00 
 2.82000e+02  1.65849e+00 
 2.82500e+02  1.64737e+00 
 2.83000e+02  1.63593e+00 
 2.83500e+02  1.62414e+00 
 2.84000e+02  1.61202e+00 
 2.84500e+02  1.59957e+00 
 2.85000e+02  1.58679e+00 
 2.85500e+02  1.57367e+00 
 2.86000e+02  1.56023e+00 
 2.86500e+02  1.54648e+00 
 2.87000e+02  1.53239e+00 
 2.87500e+02  1.51799e+00 
 2.88000e+02  1.50327e+00 
 2.88500e+02  1.48823e+00 
 2.89000e+02  1.47287e+00 
 2.89500e+02  1.45721e+00 
 2.90000e+02  1.44124e+00 
 2.90500e+02  1.42496e+00 
 2.91000e+02  1.40838e+00 
 2.91500e+02  1.39150e+00 
 2.92000e+02  1.37431e+00 
 2.92500e+02  1.35683e+00 
 2.93000e+02  1.33904e+00 
 2.93500e+02  1.32097e+00 
 2.94000e+02  1.30261e+00 
 2.94500e+02  1.28396e+00 
 2.95000e+02  1.26502e+00 
 2.95500e+02  1.24580e+00 
 2.96000e+02  1.22631e+00 
 2.96500e+02  1.20654e+00 
 2.97000e+02  1.18650e+00 
 2.97500e+02  1.16619e+00 
 2.98000e+02  1.14562e+00 
 2.98500e+02  1.12477e+00 
 2.99000e+02  1.10365e+00 
 2.99500e+02  1.08227e+00 
 3.00000e+02  1.06062e+00 
 3.00500e+02  1.03871e+00 
 3.01000e+02  1.01654e+00 
 3.01500e+02  9.94117e-01 
 3.02000e+02  9.71436e-01 
 3.02500e+02  9.48503e-01 
 3.03000e+02  9.25322e-01 
 3.03500e+02  9.01888e-01 
 3.04000e+02  8.78205e-01 
 3.04500e+02  8.54273e-01 
 3.05000e+02  8.30091e-01 
 3.05500e+02  8.05663e-01 
 3.06000e+02  7.80989e-01 
 3.06500e+02  7.56073e-01 
 3.07000e+02  7.30916e-01 
 3.07500e+02  7.05518e-01 
 3.08000e+02  6.79877e-01 
 3.08500e+02  6.53997e-01 
 3.09000e+02  6.27881e-01 
 3.09500e+02  6.01529e-01 
 3.10000e+02  5.74949e-01 
 3.10500e+02  5.48140e-01 
 3.11000e+02  5.21101e-01 
 3.11500e+02  4.93835e-01 
 3.12000e+02  4.66337e-01 
 3.12500e+02  4.38609e-01 
 3.13000e+02  4.10654e-01 
 3.13500e+02  3.82479e-01 
 3.14000e+02  3.54088e-01 
 3.14500e+02  3.25481e-01 
 3.15000e+02  2.96659e-01 
 3.15500e+02  2.67626e-01 
 3.16000e+02  2.38383e-01 
 3.16500e+02  2.08930e-01 
 3.17000e+02  1.79271e-01 
 3.17500e+02  1.49408e-01 
 3.18000e+02  1.19344e-01 
 3.18500e+02  8.90823e-02 
 3.19000e+02  5.86327e-02 
 3.19500e+02  2.80126e-02 
