 0.00000e+00  0.00000e+00 
 5.00000e-01  3.18842e-02 
 1.00000e+00  6.35155e-02 
 1.50000e+00  9.48951e-02 
 2.00000e+00  1.26026e-01 
 2.50000e+00  1.56908e-01 
 3.00000e+00  1.87541e-01 
 3.50000e+00  2.17923e-01 
 4.00000e+00  2.48052e-01 
 4.50000e+00  2.77929e-01 
 5.00000e+00  3.07548e-01 
 5.50000e+00  3.36916e-01 
 6.00000e+00  3.66033e-01 
 6.50000e+00  3.94900e-01 
 7.00000e+00  4.23519e-01 
 7.50000e+00  4.51891e-01 
 8.00000e+00  4.80015e-01 
 8.50000e+00  5.07889e-01 
 9.00000e+00  5.35514e-01 
 9.50000e+00  5.62888e-01 
 1.00000e+01  5.90012e-01 
 1.05000e+01  6.16887e-01 
 1.10000e+01  6.43515e-01 
 1.15000e+01  6.69894e-01 
 1.20000e+01  6.96024e-01 
 1.25000e+01  7.21903e-01 
 1.30000e+01  7.47528e-01 
 1.35000e+01  7.72897e-01 
 1.40000e+01  7.98009e-01 
 1.45000e+01  8.22862e-01 
 1.50000e+01  8.47456e-01 
 1.55000e+01  8.71790e-01 
 1.60000e+01  8.95864e-01 
 1.65000e+01  9.19675e-01 
 1.70000e+01  9.43221e-01 
 1.75000e+01  9.66503e-01 
 1.80000e+01  9.89523e-01 
 1.85000e+01  1.01228e+00 
 1.90000e+01  1.03477e+00 
 1.95000e+01  1.05698e+00 
 2.00000e+01  1.07893e+00 
 2.05000e+01  1.10061e+00 
 2.10000e+01  1.12202e+00 
 2.15000e+01  1.14315e+00 
 2.20000e+01  1.16401e+00 
 2.25000e+01  1.18459e+00 
 2.30000e+01  1.20490e+00 
 2.35000e+01  1.22492e+00 
 2.40000e+01  1.24467e+00 
 2.45000e+01  1.26413e+00 
 2.50000e+01  1.28331e+00 
 2.55000e+01  1.30220e+00 
 2.60000e+01  1.32080e+00 
 2.65000e+01  1.33912e+00 
 2.70000e+01  1.35713e+00 
 2.75000e+01  1.37485e+00 
 2.80000e+01  1.39226e+00 
 2.85000e+01  1.40937e+00 
 2.90000e+01  1.42617e+00 
 2.95000e+01  1.44266e+00 
 3.00000e+01  1.45884e+00 
 3.05000e+01  1.47471e+00 
 3.10000e+01  1.49026e+00 
 3.15000e+01  1.50549e+00 
 3.20000e+01  1.52039e+00 
 3.25000e+01  1.53497e+00 
 3.30000e+01  1.54923e+00 
 3.35000e+01  1.56316e+00 
 3.40000e+01  1.57676e+00 
 3.45000e+01  1.59004e+00 
 3.50000e+01  1.60298e+00 
 3.55000e+01  1.61558e+00 
 3.60000e+01  1.62785e+00 
 3.65000e+01  1.63978e+00 
 3.70000e+01  1.65137e+00 
 3.75000e+01  1.66262e+00 
 3.80000e+01  1.67354e+00 
 3.85000e+01  1.68411e+00 
 3.90000e+01  1.69435e+00 
 3.95000e+01  1.70425e+00 
 4.00000e+01  1.71381e+00 
 4.05000e+01  1.72303e+00 
 4.10000e+01  1.73193e+00 
 4.15000e+01  1.74049e+00 
 4.20000e+01  1.74872e+00 
 4.25000e+01  1.75661e+00 
 4.30000e+01  1.76418e+00 
 4.35000e+01  1.77141e+00 
 4.40000e+01  1.77830e+00 
 4.45000e+01  1.78485e+00 
 4.50000e+01  1.79108e+00 
 4.55000e+01  1.79698e+00 
 4.60000e+01  1.80256e+00 
 4.65000e+01  1.80783e+00 
 4.70000e+01  1.81277e+00 
 4.75000e+01  1.81738e+00 
 4.80000e+01  1.82168e+00 
 4.85000e+01  1.82570e+00 
 4.90000e+01  1.82944e+00 
 4.95000e+01  1.83290e+00 
 5.00000e+01  1.83612e+00 
 5.05000e+01  1.83908e+00 
 5.10000e+01  1.84182e+00 
 5.15000e+01  1.84437e+00 
 5.20000e+01  1.84674e+00 
 5.25000e+01  1.84895e+00 
 5.30000e+01  1.85101e+00 
 5.35000e+01  1.85293e+00 
 5.40000e+01  1.85473e+00 
 5.45000e+01  1.85641e+00 
 5.50000e+01  1.85799e+00 
 5.55000e+01  1.85945e+00 
 5.60000e+01  1.86082e+00 
 5.65000e+01  1.86210e+00 
 5.70000e+01  1.86330e+00 
 5.75000e+01  1.86438e+00 
 5.80000e+01  1.86540e+00 
 5.85000e+01  1.86638e+00 
 5.90000e+01  1.86728e+00 
 5.95000e+01  1.86811e+00 
 6.00000e+01  1.86890e+00 
 6.05000e+01  1.86964e+00 
 6.10000e+01  1.87035e+00 
 6.15000e+01  1.87098e+00 
 6.20000e+01  1.87155e+00 
 6.25000e+01  1.87213e+00 
 6.30000e+01  1.87272e+00 
 6.35000e+01  1.87330e+00 
 6.40000e+01  1.87384e+00 
 6.45000e+01  1.87431e+00 
 6.50000e+01  1.87471e+00 
 6.55000e+01  1.87513e+00 
 6.60000e+01  1.87557e+00 
 6.65000e+01  1.87605e+00 
 6.70000e+01  1.87654e+00 
 6.75000e+01  1.87695e+00 
 6.80000e+01  1.87738e+00 
 6.85000e+01  1.87782e+00 
 6.90000e+01  1.87827e+00 
 6.95000e+01  1.87867e+00 
 7.00000e+01  1.87903e+00 
 7.05000e+01  1.87937e+00 
 7.10000e+01  1.87969e+00 
 7.15000e+01  1.88000e+00 
 7.20000e+01  1.88029e+00 
 7.25000e+01  1.88057e+00 
 7.30000e+01  1.88083e+00 
 7.35000e+01  1.88111e+00 
 7.40000e+01  1.88143e+00 
 7.45000e+01  1.88173e+00 
 7.50000e+01  1.88201e+00 
 7.55000e+01  1.88231e+00 
 7.60000e+01  1.88262e+00 
 7.65000e+01  1.88293e+00 
 7.70000e+01  1.88320e+00 
 7.75000e+01  1.88342e+00 
 7.80000e+01  1.88364e+00 
 7.85000e+01  1.88386e+00 
 7.90000e+01  1.88406e+00 
 7.95000e+01  1.88431e+00 
 8.00000e+01  1.88459e+00 
 8.05000e+01  1.88483e+00 
 8.10000e+01  1.88505e+00 
 8.15000e+01  1.88526e+00 
 8.20000e+01  1.88547e+00 
 8.25000e+01  1.88565e+00 
 8.30000e+01  1.88583e+00 
 8.35000e+01  1.88606e+00 
 8.40000e+01  1.88624e+00 
 8.45000e+01  1.88645e+00 
 8.50000e+01  1.88663e+00 
 8.55000e+01  1.88678e+00 
 8.60000e+01  1.88698e+00 
 8.65000e+01  1.88714e+00 
 8.70000e+01  1.88729e+00 
 8.75000e+01  1.88743e+00 
 8.80000e+01  1.88764e+00 
 8.85000e+01  1.88783e+00 
 8.90000e+01  1.88799e+00 
 8.95000e+01  1.88814e+00 
 9.00000e+01  1.88829e+00 
 9.05000e+01  1.88848e+00 
 9.10000e+01  1.88864e+00 
 9.15000e+01  1.88878e+00 
 9.20000e+01  1.88895e+00 
 9.25000e+01  1.88911e+00 
 9.30000e+01  1.88925e+00 
 9.35000e+01  1.88937e+00 
 9.40000e+01  1.88948e+00 
 9.45000e+01  1.88957e+00 
 9.50000e+01  1.88973e+00 
 9.55000e+01  1.88989e+00 
 9.60000e+01  1.89002e+00 
 9.65000e+01  1.89012e+00 
 9.70000e+01  1.89023e+00 
 9.75000e+01  1.89034e+00 
 9.80000e+01  1.89046e+00 
 9.85000e+01  1.89058e+00 
 9.90000e+01  1.89067e+00 
 9.95000e+01  1.89077e+00 
 1.00000e+02  1.89086e+00 
 1.00500e+02  1.89096e+00 
 1.01000e+02  1.89105e+00 
 1.01500e+02  1.89110e+00 
 1.02000e+02  1.89118e+00 
 1.02500e+02  1.89132e+00 
 1.03000e+02  1.89145e+00 
 1.03500e+02  1.89153e+00 
 1.04000e+02  1.89161e+00 
 1.04500e+02  1.89171e+00 
 1.05000e+02  1.89179e+00 
 1.05500e+02  1.89188e+00 
 1.06000e+02  1.89197e+00 
 1.06500e+02  1.89206e+00 
 1.07000e+02  1.89211e+00 
 1.07500e+02  1.89218e+00 
 1.08000e+02  1.89227e+00 
 1.08500e+02  1.89235e+00 
 1.09000e+02  1.89241e+00 
 1.09500e+02  1.89248e+00 
 1.10000e+02  1.89257e+00 
 1.10500e+02  1.89266e+00 
 1.11000e+02  1.89272e+00 
 1.11500e+02  1.89278e+00 
 1.12000e+02  1.89286e+00 
 1.12500e+02  1.89288e+00 
 1.13000e+02  1.89290e+00 
 1.13500e+02  1.89297e+00 
 1.14000e+02  1.89304e+00 
 1.14500e+02  1.89310e+00 
 1.15000e+02  1.89318e+00 
 1.15500e+02  1.89323e+00 
 1.16000e+02  1.89329e+00 
 1.16500e+02  1.89331e+00 
 1.17000e+02  1.89333e+00 
 1.17500e+02  1.89340e+00 
 1.18000e+02  1.89349e+00 
 1.18500e+02  1.89351e+00 
 1.19000e+02  1.89356e+00 
 1.19500e+02  1.89361e+00 
 1.20000e+02  1.89367e+00 
 1.20500e+02  1.89371e+00 
 1.21000e+02  1.89372e+00 
 1.21500e+02  1.89378e+00 
 1.22000e+02  1.89380e+00 
 1.22500e+02  1.89387e+00 
 1.23000e+02  1.89390e+00 
 1.23500e+02  1.89395e+00 
 1.24000e+02  1.89399e+00 
 1.24500e+02  1.89400e+00 
 1.25000e+02  1.89404e+00 
 1.25500e+02  1.89407e+00 
 1.26000e+02  1.89410e+00 
 1.26500e+02  1.89417e+00 
 1.27000e+02  1.89418e+00 
 1.27500e+02  1.89424e+00 
 1.28000e+02  1.89424e+00 
 1.28500e+02  1.89429e+00 
 1.29000e+02  1.89430e+00 
 1.29500e+02  1.89432e+00 
 1.30000e+02  1.89435e+00 
 1.30500e+02  1.89438e+00 
 1.31000e+02  1.89441e+00 
 1.31500e+02  1.89446e+00 
 1.32000e+02  1.89449e+00 
 1.32500e+02  1.89452e+00 
 1.33000e+02  1.89456e+00 
 1.33500e+02  1.89454e+00 
 1.34000e+02  1.89457e+00 
 1.34500e+02  1.89461e+00 
 1.35000e+02  1.89460e+00 
 1.35500e+02  1.89462e+00 
 1.36000e+02  1.89466e+00 
 1.36500e+02  1.89467e+00 
 1.37000e+02  1.89465e+00 
 1.37500e+02  1.89470e+00 
 1.38000e+02  1.89470e+00 
 1.38500e+02  1.89473e+00 
 1.39000e+02  1.89476e+00 
 1.39500e+02  1.89477e+00 
 1.40000e+02  1.89480e+00 
 1.40500e+02  1.89478e+00 
 1.41000e+02  1.89481e+00 
 1.41500e+02  1.89484e+00 
 1.42000e+02  1.89484e+00 
 1.42500e+02  1.89486e+00 
 1.43000e+02  1.89488e+00 
 1.43500e+02  1.89486e+00 
 1.44000e+02  1.89489e+00 
 1.44500e+02  1.89489e+00 
 1.45000e+02  1.89488e+00 
 1.45500e+02  1.89491e+00 
 1.46000e+02  1.89489e+00 
 1.46500e+02  1.89492e+00 
 1.47000e+02  1.89494e+00 
 1.47500e+02  1.89494e+00 
 1.48000e+02  1.89496e+00 
 1.48500e+02  1.89497e+00 
 1.49000e+02  1.89500e+00 
 1.49500e+02  1.89500e+00 
 1.50000e+02  1.89499e+00 
 1.50500e+02  1.89502e+00 
 1.51000e+02  1.89505e+00 
 1.51500e+02  1.89503e+00 
 1.52000e+02  1.89506e+00 
 1.52500e+02  1.89503e+00 
 1.53000e+02  1.89502e+00 
 1.53500e+02  1.89505e+00 
 1.54000e+02  1.89504e+00 
 1.54500e+02  1.89505e+00 
 1.55000e+02  1.89506e+00 
 1.55500e+02  1.89504e+00 
 1.56000e+02  1.89503e+00 
 1.56500e+02  1.89504e+00 
 1.57000e+02  1.89504e+00 
 1.57500e+02  1.89503e+00 
 1.58000e+02  1.89505e+00 
 1.58500e+02  1.89499e+00 
 1.59000e+02  1.89507e+00 
 1.59500e+02  1.89501e+00 
 1.60000e+02  1.89502e+00 
 1.60500e+02  1.89502e+00 
 1.61000e+02  1.89503e+00 
 1.61500e+02  1.89500e+00 
 1.62000e+02  1.89503e+00 
 1.62500e+02  1.89501e+00 
 1.63000e+02  1.89502e+00 
 1.63500e+02  1.89502e+00 
 1.64000e+02  1.89502e+00 
 1.64500e+02  1.89497e+00 
 1.65000e+02  1.89498e+00 
 1.65500e+02  1.89496e+00 
 1.66000e+02  1.89499e+00 
 1.66500e+02  1.89497e+00 
 1.67000e+02  1.89494e+00 
 1.67500e+02  1.89495e+00 
 1.68000e+02  1.89492e+00 
 1.68500e+02  1.89496e+00 
 1.69000e+02  1.89494e+00 
 1.69500e+02  1.89491e+00 
 1.70000e+02  1.89489e+00 
 1.70500e+02  1.89488e+00 
 1.71000e+02  1.89487e+00 
 1.71500e+02  1.89490e+00 
 1.72000e+02  1.89488e+00 
 1.72500e+02  1.89487e+00 
 1.73000e+02  1.89485e+00 
 1.73500e+02  1.89482e+00 
 1.74000e+02  1.89484e+00 
 1.74500e+02  1.89485e+00 
 1.75000e+02  1.89481e+00 
 1.75500e+02  1.89482e+00 
 1.76000e+02  1.89479e+00 
 1.76500e+02  1.89477e+00 
 1.77000e+02  1.89475e+00 
 1.77500e+02  1.89472e+00 
 1.78000e+02  1.89472e+00 
 1.78500e+02  1.89466e+00 
 1.79000e+02  1.89466e+00 
 1.79500e+02  1.89465e+00 
 1.80000e+02  1.89464e+00 
 1.80500e+02  1.89461e+00 
 1.81000e+02  1.89459e+00 
 1.81500e+02  1.89458e+00 
 1.82000e+02  1.89456e+00 
 1.82500e+02  1.89453e+00 
 1.83000e+02  1.89451e+00 
 1.83500e+02  1.89447e+00 
 1.84000e+02  1.89442e+00 
 1.84500e+02  1.89443e+00 
 1.85000e+02  1.89440e+00 
 1.85500e+02  1.89434e+00 
 1.86000e+02  1.89435e+00 
 1.86500e+02  1.89433e+00 
 1.87000e+02  1.89428e+00 
 1.87500e+02  1.89424e+00 
 1.88000e+02  1.89423e+00 
 1.88500e+02  1.89423e+00 
 1.89000e+02  1.89417e+00 
 1.89500e+02  1.89413e+00 
 1.90000e+02  1.89412e+00 
 1.90500e+02  1.89411e+00 
 1.91000e+02  1.89404e+00 
 1.91500e+02  1.89404e+00 
 1.92000e+02  1.89399e+00 
 1.92500e+02  1.89397e+00 
 1.93000e+02  1.89396e+00 
 1.93500e+02  1.89394e+00 
 1.94000e+02  1.89387e+00 
 1.94500e+02  1.89382e+00 
 1.95000e+02  1.89379e+00 
 1.95500e+02  1.89373e+00 
 1.96000e+02  1.89375e+00 
 1.96500e+02  1.89370e+00 
 1.97000e+02  1.89368e+00 
 1.97500e+02  1.89360e+00 
 1.98000e+02  1.89358e+00 
 1.98500e+02  1.89353e+00 
 1.99000e+02  1.89350e+00 
 1.99500e+02  1.89345e+00 
 2.00000e+02  1.89340e+00 
 2.00500e+02  1.89338e+00 
 2.01000e+02  1.89333e+00 
 2.01500e+02  1.89329e+00 
 2.02000e+02  1.89325e+00 
 2.02500e+02  1.89318e+00 
 2.03000e+02  1.89317e+00 
 2.03500e+02  1.89311e+00 
 2.04000e+02  1.89308e+00 
 2.04500e+02  1.89303e+00 
 2.05000e+02  1.89296e+00 
 2.05500e+02  1.89292e+00 
 2.06000e+02  1.89285e+00 
 2.06500e+02  1.89281e+00 
 2.07000e+02  1.89278e+00 
 2.07500e+02  1.89270e+00 
 2.08000e+02  1.89262e+00 
 2.08500e+02  1.89259e+00 
 2.09000e+02  1.89257e+00 
 2.09500e+02  1.89247e+00 
 2.10000e+02  1.89246e+00 
 2.10500e+02  1.89238e+00 
 2.11000e+02  1.89231e+00 
 2.11500e+02  1.89225e+00 
 2.12000e+02  1.89220e+00 
 2.12500e+02  1.89214e+00 
 2.13000e+02  1.89202e+00 
 2.13500e+02  1.89195e+00 
 2.14000e+02  1.89185e+00 
 2.14500e+02  1.89175e+00 
 2.15000e+02  1.89168e+00 
 2.15500e+02  1.89161e+00 
 2.16000e+02  1.89150e+00 
 2.16500e+02  1.89137e+00 
 2.17000e+02  1.89129e+00 
 2.17500e+02  1.89117e+00 
 2.18000e+02  1.89109e+00 
 2.18500e+02  1.89101e+00 
 2.19000e+02  1.89095e+00 
 2.19500e+02  1.89087e+00 
 2.20000e+02  1.89072e+00 
 2.20500e+02  1.89061e+00 
 2.21000e+02  1.89054e+00 
 2.21500e+02  1.89041e+00 
 2.22000e+02  1.89024e+00 
 2.22500e+02  1.89012e+00 
 2.23000e+02  1.89004e+00 
 2.23500e+02  1.88989e+00 
 2.24000e+02  1.88974e+00 
 2.24500e+02  1.88969e+00 
 2.25000e+02  1.88964e+00 
 2.25500e+02  1.88950e+00 
 2.26000e+02  1.88933e+00 
 2.26500e+02  1.88922e+00 
 2.27000e+02  1.88910e+00 
 2.27500e+02  1.88898e+00 
 2.28000e+02  1.88885e+00 
 2.28500e+02  1.88867e+00 
 2.29000e+02  1.88846e+00 
 2.29500e+02  1.88828e+00 
 2.30000e+02  1.88813e+00 
 2.30500e+02  1.88805e+00 
 2.31000e+02  1.88792e+00 
 2.31500e+02  1.88776e+00 
 2.32000e+02  1.88759e+00 
 2.32500e+02  1.88743e+00 
 2.33000e+02  1.88724e+00 
 2.33500e+02  1.88705e+00 
 2.34000e+02  1.88685e+00 
 2.34500e+02  1.88663e+00 
 2.35000e+02  1.88641e+00 
 2.35500e+02  1.88623e+00 
 2.36000e+02  1.88607e+00 
 2.36500e+02  1.88588e+00 
 2.37000e+02  1.88568e+00 
 2.37500e+02  1.88546e+00 
 2.38000e+02  1.88526e+00 
 2.38500e+02  1.88507e+00 
 2.39000e+02  1.88488e+00 
 2.39500e+02  1.88465e+00 
 2.40000e+02  1.88443e+00 
 2.40500e+02  1.88418e+00 
 2.41000e+02  1.88392e+00 
 2.41500e+02  1.88369e+00 
 2.42000e+02  1.88349e+00 
 2.42500e+02  1.88329e+00 
 2.43000e+02  1.88307e+00 
 2.43500e+02  1.88281e+00 
 2.44000e+02  1.88252e+00 
 2.44500e+02  1.88222e+00 
 2.45000e+02  1.88192e+00 
 2.45500e+02  1.88159e+00 
 2.46000e+02  1.88125e+00 
 2.46500e+02  1.88092e+00 
 2.47000e+02  1.88060e+00 
 2.47500e+02  1.88029e+00 
 2.48000e+02  1.87997e+00 
 2.48500e+02  1.87960e+00 
 2.49000e+02  1.87920e+00 
 2.49500e+02  1.87878e+00 
 2.50000e+02  1.87836e+00 
 2.50500e+02  1.87793e+00 
 2.51000e+02  1.87750e+00 
 2.51500e+02  1.87707e+00 
 2.52000e+02  1.87661e+00 
 2.52500e+02  1.87614e+00 
 2.53000e+02  1.87569e+00 
 2.53500e+02  1.87527e+00 
 2.54000e+02  1.87483e+00 
 2.54500e+02  1.87439e+00 
 2.55000e+02  1.87390e+00 
 2.55500e+02  1.87337e+00 
 2.56000e+02  1.87279e+00 
 2.56500e+02  1.87214e+00 
 2.57000e+02  1.87146e+00 
 2.57500e+02  1.87075e+00 
 2.58000e+02  1.87002e+00 
 2.58500e+02  1.86927e+00 
 2.59000e+02  1.86848e+00 
 2.59500e+02  1.86768e+00 
 2.60000e+02  1.86684e+00 
 2.60500e+02  1.86595e+00 
 2.61000e+02  1.86501e+00 
 2.61500e+02  1.86401e+00 
 2.62000e+02  1.86300e+00 
 2.62500e+02  1.86193e+00 
 2.63000e+02  1.86079e+00 
 2.63500e+02  1.85957e+00 
 2.64000e+02  1.85825e+00 
 2.64500e+02  1.85681e+00 
 2.65000e+02  1.85525e+00 
 2.65500e+02  1.85356e+00 
 2.66000e+02  1.85177e+00 
 2.66500e+02  1.84982e+00 
 2.67000e+02  1.84772e+00 
 2.67500e+02  1.84546e+00 
 2.68000e+02  1.84302e+00 
 2.68500e+02  1.84036e+00 
 2.69000e+02  1.83746e+00 
 2.69500e+02  1.83432e+00 
 2.70000e+02  1.83091e+00 
 2.70500e+02  1.82723e+00 
 2.71000e+02  1.82324e+00 
 2.71500e+02  1.81898e+00 
 2.72000e+02  1.81442e+00 
 2.72500e+02  1.80957e+00 
 2.73000e+02  1.80441e+00 
 2.73500e+02  1.79893e+00 
 2.74000e+02  1.79313e+00 
 2.74500e+02  1.78700e+00 
 2.75000e+02  1.78055e+00 
 2.75500e+02  1.77379e+00 
 2.76000e+02  1.76672e+00 
 2.76500e+02  1.75932e+00 
 2.77000e+02  1.75161e+00 
 2.77500e+02  1.74356e+00 
 2.78000e+02  1.73519e+00 
 2.78500e+02  1.72650e+00 
 2.79000e+02  1.71750e+00 
 2.79500e+02  1.70817e+00 
 2.80000e+02  1.69853e+00 
 2.80500e+02  1.68857e+00 
 2.81000e+02  1.67830e+00 
 2.81500e+02  1.66771e+00 
 2.82000e+02  1.65681e+00 
 2.82500e+02  1.64558e+00 
 2.83000e+02  1.63402e+00 
 2.83500e+02  1.62214e+00 
 2.84000e+02  1.60991e+00 
 2.84500e+02  1.59736e+00 
 2.85000e+02  1.58449e+00 
 2.85500e+02  1.57130e+00 
 2.86000e+02  1.55779e+00 
 2.86500e+02  1.54397e+00 
 2.87000e+02  1.52983e+00 
 2.87500e+02  1.51537e+00 
 2.88000e+02  1.50059e+00 
 2.88500e+02  1.48550e+00 
 2.89000e+02  1.47010e+00 
 2.89500e+02  1.45438e+00 
 2.90000e+02  1.43836e+00 
 2.90500e+02  1.42203e+00 
 2.91000e+02  1.40539e+00 
 2.91500e+02  1.38845e+00 
 2.92000e+02  1.37123e+00 
 2.92500e+02  1.35371e+00 
 2.93000e+02  1.33590e+00 
 2.93500e+02  1.31780e+00 
 2.94000e+02  1.29941e+00 
 2.94500e+02  1.28075e+00 
 2.95000e+02  1.26181e+00 
 2.95500e+02  1.24259e+00 
 2.96000e+02  1.22310e+00 
 2.96500e+02  1.20334e+00 
 2.97000e+02  1.18330e+00 
 2.97500e+02  1.16300e+00 
 2.98000e+02  1.14244e+00 
 2.98500e+02  1.12161e+00 
 2.99000e+02  1.10052e+00 
 2.99500e+02  1.07917e+00 
 3.00000e+02  1.05756e+00 
 3.00500e+02  1.03569e+00 
 3.01000e+02  1.01357e+00 
 3.01500e+02  9.91192e-01 
 3.02000e+02  9.68568e-01 
 3.02500e+02  9.45694e-01 
 3.03000e+02  9.22572e-01 
 3.03500e+02  8.99201e-01 
 3.04000e+02  8.75587e-01 
 3.04500e+02  8.51730e-01 
 3.05000e+02  8.27629e-01 
 3.05500e+02  8.03290e-01 
 3.06000e+02  7.78716e-01 
 3.06500e+02  7.53906e-01 
 3.07000e+02  7.28860e-01 
 3.07500e+02  7.03581e-01 
 3.08000e+02  6.78070e-01 
 3.08500e+02  6.52329e-01 
 3.09000e+02  6.26358e-01 
 3.09500e+02  6.00156e-01 
 3.10000e+02  5.73726e-01 
 3.10500e+02  5.47072e-01 
 3.11000e+02  5.20192e-01 
 3.11500e+02  4.93086e-01 
 3.12000e+02  4.65754e-01 
 3.12500e+02  4.38200e-01 
 3.13000e+02  4.10426e-01 
 3.13500e+02  3.82432e-01 
 3.14000e+02  3.54220e-01 
 3.14500e+02  3.25796e-01 
 3.15000e+02  2.97159e-01 
 3.15500e+02  2.68314e-01 
 3.16000e+02  2.39260e-01 
 3.16500e+02  2.09996e-01 
 3.17000e+02  1.80525e-01 
 3.17500e+02  1.50854e-01 
 3.18000e+02  1.20985e-01 
 3.18500e+02  9.09228e-02 
 3.19000e+02  6.06744e-02 
 3.19500e+02  3.02559e-02 
