 0.00000e+00  0.00000e+00 
 5.00000e-01  3.20302e-02 
 1.00000e+00  6.38079e-02 
 1.50000e+00  9.53331e-02 
 2.00000e+00  1.26608e-01 
 2.50000e+00  1.57632e-01 
 3.00000e+00  1.88403e-01 
 3.50000e+00  2.18920e-01 
 4.00000e+00  2.49183e-01 
 4.50000e+00  2.79192e-01 
 5.00000e+00  3.08951e-01 
 5.50000e+00  3.38460e-01 
 6.00000e+00  3.67719e-01 
 6.50000e+00  3.96726e-01 
 7.00000e+00  4.25483e-01 
 7.50000e+00  4.53991e-01 
 8.00000e+00  4.82249e-01 
 8.50000e+00  5.10259e-01 
 9.00000e+00  5.38018e-01 
 9.50000e+00  5.65525e-01 
 1.00000e+01  5.92781e-01 
 1.05000e+01  6.19785e-01 
 1.10000e+01  6.46535e-01 
 1.15000e+01  6.73029e-01 
 1.20000e+01  6.99267e-01 
 1.25000e+01  7.25246e-01 
 1.30000e+01  7.50967e-01 
 1.35000e+01  7.76430e-01 
 1.40000e+01  8.01632e-01 
 1.45000e+01  8.26571e-01 
 1.50000e+01  8.51249e-01 
 1.55000e+01  8.75662e-01 
 1.60000e+01  8.99809e-01 
 1.65000e+01  9.23690e-01 
 1.70000e+01  9.47303e-01 
 1.75000e+01  9.70647e-01 
 1.80000e+01  9.93718e-01 
 1.85000e+01  1.01652e+00 
 1.90000e+01  1.03905e+00 
 1.95000e+01  1.06130e+00 
 2.00000e+01  1.08328e+00 
 2.05000e+01  1.10498e+00 
 2.10000e+01  1.12640e+00 
 2.15000e+01  1.14753e+00 
 2.20000e+01  1.16839e+00 
 2.25000e+01  1.18896e+00 
 2.30000e+01  1.20925e+00 
 2.35000e+01  1.22926e+00 
 2.40000e+01  1.24898e+00 
 2.45000e+01  1.26841e+00 
 2.50000e+01  1.28754e+00 
 2.55000e+01  1.30638e+00 
 2.60000e+01  1.32493e+00 
 2.65000e+01  1.34319e+00 
 2.70000e+01  1.36115e+00 
 2.75000e+01  1.37880e+00 
 2.80000e+01  1.39615e+00 
 2.85000e+01  1.41320e+00 
 2.90000e+01  1.42993e+00 
 2.95000e+01  1.44635e+00 
 3.00000e+01  1.46245e+00 
 3.05000e+01  1.47824e+00 
 3.10000e+01  1.49370e+00 
 3.15000e+01  1.50885e+00 
 3.20000e+01  1.52366e+00 
 3.25000e+01  1.53815e+00 
 3.30000e+01  1.55232e+00 
 3.35000e+01  1.56616e+00 
 3.40000e+01  1.57968e+00 
 3.45000e+01  1.59286e+00 
 3.50000e+01  1.60571e+00 
 3.55000e+01  1.61823e+00 
 3.60000e+01  1.63040e+00 
 3.65000e+01  1.64224e+00 
 3.70000e+01  1.65374e+00 
 3.75000e+01  1.66490e+00 
 3.80000e+01  1.67572e+00 
 3.85000e+01  1.68621e+00 
 3.90000e+01  1.69638e+00 
 3.95000e+01  1.70620e+00 
 4.00000e+01  1.71569e+00 
 4.05000e+01  1.72485e+00 
 4.10000e+01  1.73366e+00 
 4.15000e+01  1.74214e+00 
 4.20000e+01  1.75028e+00 
 4.25000e+01  1.75808e+00 
 4.30000e+01  1.76555e+00 
 4.35000e+01  1.77269e+00 
 4.40000e+01  1.77948e+00 
 4.45000e+01  1.78595e+00 
 4.50000e+01  1.79208e+00 
 4.55000e+01  1.79789e+00 
 4.60000e+01  1.80338e+00 
 4.65000e+01  1.80857e+00 
 4.70000e+01  1.81344e+00 
 4.75000e+01  1.81799e+00 
 4.80000e+01  1.82224e+00 
 4.85000e+01  1.82620e+00 
 4.90000e+01  1.82988e+00 
 4.95000e+01  1.83331e+00 
 5.00000e+01  1.83647e+00 
 5.05000e+01  1.83939e+00 
 5.10000e+01  1.84210e+00 
 5.15000e+01  1.84460e+00 
 5.20000e+01  1.84691e+00 
 5.25000e+01  1.84905e+00 
 5.30000e+01  1.85102e+00 
 5.35000e+01  1.85284e+00 
 5.40000e+01  1.85453e+00 
 5.45000e+01  1.85610e+00 
 5.50000e+01  1.85756e+00 
 5.55000e+01  1.85893e+00 
 5.60000e+01  1.86020e+00 
 5.65000e+01  1.86136e+00 
 5.70000e+01  1.86246e+00 
 5.75000e+01  1.86349e+00 
 5.80000e+01  1.86446e+00 
 5.85000e+01  1.86538e+00 
 5.90000e+01  1.86624e+00 
 5.95000e+01  1.86702e+00 
 6.00000e+01  1.86775e+00 
 6.05000e+01  1.86848e+00 
 6.10000e+01  1.86921e+00 
 6.15000e+01  1.86992e+00 
 6.20000e+01  1.87056e+00 
 6.25000e+01  1.87118e+00 
 6.30000e+01  1.87175e+00 
 6.35000e+01  1.87228e+00 
 6.40000e+01  1.87279e+00 
 6.45000e+01  1.87326e+00 
 6.50000e+01  1.87373e+00 
 6.55000e+01  1.87418e+00 
 6.60000e+01  1.87466e+00 
 6.65000e+01  1.87515e+00 
 6.70000e+01  1.87560e+00 
 6.75000e+01  1.87605e+00 
 6.80000e+01  1.87651e+00 
 6.85000e+01  1.87697e+00 
 6.90000e+01  1.87743e+00 
 6.95000e+01  1.87783e+00 
 7.00000e+01  1.87822e+00 
 7.05000e+01  1.87859e+00 
 7.10000e+01  1.87892e+00 
 7.15000e+01  1.87926e+00 
 7.20000e+01  1.87959e+00 
 7.25000e+01  1.87987e+00 
 7.30000e+01  1.88016e+00 
 7.35000e+01  1.88046e+00 
 7.40000e+01  1.88076e+00 
 7.45000e+01  1.88109e+00 
 7.50000e+01  1.88141e+00 
 7.55000e+01  1.88171e+00 
 7.60000e+01  1.88199e+00 
 7.65000e+01  1.88225e+00 
 7.70000e+01  1.88249e+00 
 7.75000e+01  1.88271e+00 
 7.80000e+01  1.88292e+00 
 7.85000e+01  1.88315e+00 
 7.90000e+01  1.88340e+00 
 7.95000e+01  1.88366e+00 
 8.00000e+01  1.88391e+00 
 8.05000e+01  1.88413e+00 
 8.10000e+01  1.88433e+00 
 8.15000e+01  1.88453e+00 
 8.20000e+01  1.88470e+00 
 8.25000e+01  1.88486e+00 
 8.30000e+01  1.88504e+00 
 8.35000e+01  1.88520e+00 
 8.40000e+01  1.88539e+00 
 8.45000e+01  1.88562e+00 
 8.50000e+01  1.88583e+00 
 8.55000e+01  1.88597e+00 
 8.60000e+01  1.88611e+00 
 8.65000e+01  1.88625e+00 
 8.70000e+01  1.88638e+00 
 8.75000e+01  1.88655e+00 
 8.80000e+01  1.88674e+00 
 8.85000e+01  1.88691e+00 
 8.90000e+01  1.88705e+00 
 8.95000e+01  1.88717e+00 
 9.00000e+01  1.88735e+00 
 9.05000e+01  1.88751e+00 
 9.10000e+01  1.88767e+00 
 9.15000e+01  1.88780e+00 
 9.20000e+01  1.88795e+00 
 9.25000e+01  1.88810e+00 
 9.30000e+01  1.88827e+00 
 9.35000e+01  1.88844e+00 
 9.40000e+01  1.88856e+00 
 9.45000e+01  1.88865e+00 
 9.50000e+01  1.88874e+00 
 9.55000e+01  1.88884e+00 
 9.60000e+01  1.88892e+00 
 9.65000e+01  1.88902e+00 
 9.70000e+01  1.88915e+00 
 9.75000e+01  1.88933e+00 
 9.80000e+01  1.88948e+00 
 9.85000e+01  1.88957e+00 
 9.90000e+01  1.88969e+00 
 9.95000e+01  1.88982e+00 
 1.00000e+02  1.88995e+00 
 1.00500e+02  1.89003e+00 
 1.01000e+02  1.89013e+00 
 1.01500e+02  1.89027e+00 
 1.02000e+02  1.89037e+00 
 1.02500e+02  1.89043e+00 
 1.03000e+02  1.89053e+00 
 1.03500e+02  1.89062e+00 
 1.04000e+02  1.89070e+00 
 1.04500e+02  1.89080e+00 
 1.05000e+02  1.89087e+00 
 1.05500e+02  1.89100e+00 
 1.06000e+02  1.89108e+00 
 1.06500e+02  1.89111e+00 
 1.07000e+02  1.89118e+00 
 1.07500e+02  1.89129e+00 
 1.08000e+02  1.89137e+00 
 1.08500e+02  1.89147e+00 
 1.09000e+02  1.89153e+00 
 1.09500e+02  1.89160e+00 
 1.10000e+02  1.89170e+00 
 1.10500e+02  1.89179e+00 
 1.11000e+02  1.89185e+00 
 1.11500e+02  1.89193e+00 
 1.12000e+02  1.89199e+00 
 1.12500e+02  1.89203e+00 
 1.13000e+02  1.89208e+00 
 1.13500e+02  1.89213e+00 
 1.14000e+02  1.89220e+00 
 1.14500e+02  1.89226e+00 
 1.15000e+02  1.89230e+00 
 1.15500e+02  1.89231e+00 
 1.16000e+02  1.89240e+00 
 1.16500e+02  1.89245e+00 
 1.17000e+02  1.89251e+00 
 1.17500e+02  1.89257e+00 
 1.18000e+02  1.89260e+00 
 1.18500e+02  1.89264e+00 
 1.19000e+02  1.89269e+00 
 1.19500e+02  1.89274e+00 
 1.20000e+02  1.89284e+00 
 1.20500e+02  1.89287e+00 
 1.21000e+02  1.89292e+00 
 1.21500e+02  1.89296e+00 
 1.22000e+02  1.89305e+00 
 1.22500e+02  1.89307e+00 
 1.23000e+02  1.89310e+00 
 1.23500e+02  1.89315e+00 
 1.24000e+02  1.89320e+00 
 1.24500e+02  1.89322e+00 
 1.25000e+02  1.89321e+00 
 1.25500e+02  1.89331e+00 
 1.26000e+02  1.89333e+00 
 1.26500e+02  1.89333e+00 
 1.27000e+02  1.89341e+00 
 1.27500e+02  1.89339e+00 
 1.28000e+02  1.89347e+00 
 1.28500e+02  1.89347e+00 
 1.29000e+02  1.89351e+00 
 1.29500e+02  1.89353e+00 
 1.30000e+02  1.89354e+00 
 1.30500e+02  1.89357e+00 
 1.31000e+02  1.89359e+00 
 1.31500e+02  1.89364e+00 
 1.32000e+02  1.89369e+00 
 1.32500e+02  1.89369e+00 
 1.33000e+02  1.89372e+00 
 1.33500e+02  1.89374e+00 
 1.34000e+02  1.89377e+00 
 1.34500e+02  1.89382e+00 
 1.35000e+02  1.89381e+00 
 1.35500e+02  1.89383e+00 
 1.36000e+02  1.89384e+00 
 1.36500e+02  1.89386e+00 
 1.37000e+02  1.89390e+00 
 1.37500e+02  1.89392e+00 
 1.38000e+02  1.89397e+00 
 1.38500e+02  1.89393e+00 
 1.39000e+02  1.89396e+00 
 1.39500e+02  1.89396e+00 
 1.40000e+02  1.89403e+00 
 1.40500e+02  1.89404e+00 
 1.41000e+02  1.89404e+00 
 1.41500e+02  1.89406e+00 
 1.42000e+02  1.89407e+00 
 1.42500e+02  1.89408e+00 
 1.43000e+02  1.89408e+00 
 1.43500e+02  1.89411e+00 
 1.44000e+02  1.89414e+00 
 1.44500e+02  1.89411e+00 
 1.45000e+02  1.89414e+00 
 1.45500e+02  1.89420e+00 
 1.46000e+02  1.89419e+00 
 1.46500e+02  1.89421e+00 
 1.47000e+02  1.89420e+00 
 1.47500e+02  1.89425e+00 
 1.48000e+02  1.89421e+00 
 1.48500e+02  1.89422e+00 
 1.49000e+02  1.89420e+00 
 1.49500e+02  1.89423e+00 
 1.50000e+02  1.89425e+00 
 1.50500e+02  1.89426e+00 
 1.51000e+02  1.89432e+00 
 1.51500e+02  1.89427e+00 
 1.52000e+02  1.89429e+00 
 1.52500e+02  1.89429e+00 
 1.53000e+02  1.89434e+00 
 1.53500e+02  1.89429e+00 
 1.54000e+02  1.89433e+00 
 1.54500e+02  1.89434e+00 
 1.55000e+02  1.89434e+00 
 1.55500e+02  1.89431e+00 
 1.56000e+02  1.89434e+00 
 1.56500e+02  1.89434e+00 
 1.57000e+02  1.89432e+00 
 1.57500e+02  1.89429e+00 
 1.58000e+02  1.89432e+00 
 1.58500e+02  1.89430e+00 
 1.59000e+02  1.89432e+00 
 1.59500e+02  1.89433e+00 
 1.60000e+02  1.89429e+00 
 1.60500e+02  1.89432e+00 
 1.61000e+02  1.89432e+00 
 1.61500e+02  1.89427e+00 
 1.62000e+02  1.89432e+00 
 1.62500e+02  1.89430e+00 
 1.63000e+02  1.89428e+00 
 1.63500e+02  1.89429e+00 
 1.64000e+02  1.89428e+00 
 1.64500e+02  1.89430e+00 
 1.65000e+02  1.89430e+00 
 1.65500e+02  1.89429e+00 
 1.66000e+02  1.89428e+00 
 1.66500e+02  1.89426e+00 
 1.67000e+02  1.89426e+00 
 1.67500e+02  1.89426e+00 
 1.68000e+02  1.89426e+00 
 1.68500e+02  1.89422e+00 
 1.69000e+02  1.89424e+00 
 1.69500e+02  1.89424e+00 
 1.70000e+02  1.89423e+00 
 1.70500e+02  1.89422e+00 
 1.71000e+02  1.89420e+00 
 1.71500e+02  1.89418e+00 
 1.72000e+02  1.89419e+00 
 1.72500e+02  1.89416e+00 
 1.73000e+02  1.89413e+00 
 1.73500e+02  1.89413e+00 
 1.74000e+02  1.89412e+00 
 1.74500e+02  1.89413e+00 
 1.75000e+02  1.89412e+00 
 1.75500e+02  1.89411e+00 
 1.76000e+02  1.89407e+00 
 1.76500e+02  1.89405e+00 
 1.77000e+02  1.89404e+00 
 1.77500e+02  1.89406e+00 
 1.78000e+02  1.89401e+00 
 1.78500e+02  1.89399e+00 
 1.79000e+02  1.89396e+00 
 1.79500e+02  1.89396e+00 
 1.80000e+02  1.89393e+00 
 1.80500e+02  1.89395e+00 
 1.81000e+02  1.89391e+00 
 1.81500e+02  1.89387e+00 
 1.82000e+02  1.89385e+00 
 1.82500e+02  1.89385e+00 
 1.83000e+02  1.89381e+00 
 1.83500e+02  1.89379e+00 
 1.84000e+02  1.89374e+00 
 1.84500e+02  1.89369e+00 
 1.85000e+02  1.89372e+00 
 1.85500e+02  1.89367e+00 
 1.86000e+02  1.89366e+00 
 1.86500e+02  1.89360e+00 
 1.87000e+02  1.89359e+00 
 1.87500e+02  1.89356e+00 
 1.88000e+02  1.89354e+00 
 1.88500e+02  1.89350e+00 
 1.89000e+02  1.89350e+00 
 1.89500e+02  1.89346e+00 
 1.90000e+02  1.89343e+00 
 1.90500e+02  1.89339e+00 
 1.91000e+02  1.89336e+00 
 1.91500e+02  1.89333e+00 
 1.92000e+02  1.89332e+00 
 1.92500e+02  1.89329e+00 
 1.93000e+02  1.89324e+00 
 1.93500e+02  1.89317e+00 
 1.94000e+02  1.89314e+00 
 1.94500e+02  1.89312e+00 
 1.95000e+02  1.89305e+00 
 1.95500e+02  1.89299e+00 
 1.96000e+02  1.89296e+00 
 1.96500e+02  1.89291e+00 
 1.97000e+02  1.89288e+00 
 1.97500e+02  1.89286e+00 
 1.98000e+02  1.89282e+00 
 1.98500e+02  1.89277e+00 
 1.99000e+02  1.89274e+00 
 1.99500e+02  1.89270e+00 
 2.00000e+02  1.89271e+00 
 2.00500e+02  1.89267e+00 
 2.01000e+02  1.89261e+00 
 2.01500e+02  1.89258e+00 
 2.02000e+02  1.89253e+00 
 2.02500e+02  1.89246e+00 
 2.03000e+02  1.89241e+00 
 2.03500e+02  1.89232e+00 
 2.04000e+02  1.89230e+00 
 2.04500e+02  1.89225e+00 
 2.05000e+02  1.89216e+00 
 2.05500e+02  1.89211e+00 
 2.06000e+02  1.89211e+00 
 2.06500e+02  1.89203e+00 
 2.07000e+02  1.89193e+00 
 2.07500e+02  1.89189e+00 
 2.08000e+02  1.89181e+00 
 2.08500e+02  1.89176e+00 
 2.09000e+02  1.89169e+00 
 2.09500e+02  1.89162e+00 
 2.10000e+02  1.89157e+00 
 2.10500e+02  1.89149e+00 
 2.11000e+02  1.89143e+00 
 2.11500e+02  1.89134e+00 
 2.12000e+02  1.89130e+00 
 2.12500e+02  1.89121e+00 
 2.13000e+02  1.89113e+00 
 2.13500e+02  1.89106e+00 
 2.14000e+02  1.89095e+00 
 2.14500e+02  1.89089e+00 
 2.15000e+02  1.89084e+00 
 2.15500e+02  1.89073e+00 
 2.16000e+02  1.89064e+00 
 2.16500e+02  1.89056e+00 
 2.17000e+02  1.89044e+00 
 2.17500e+02  1.89037e+00 
 2.18000e+02  1.89030e+00 
 2.18500e+02  1.89020e+00 
 2.19000e+02  1.89015e+00 
 2.19500e+02  1.89006e+00 
 2.20000e+02  1.88998e+00 
 2.20500e+02  1.88992e+00 
 2.21000e+02  1.88981e+00 
 2.21500e+02  1.88965e+00 
 2.22000e+02  1.88952e+00 
 2.22500e+02  1.88941e+00 
 2.23000e+02  1.88932e+00 
 2.23500e+02  1.88919e+00 
 2.24000e+02  1.88907e+00 
 2.24500e+02  1.88898e+00 
 2.25000e+02  1.88890e+00 
 2.25500e+02  1.88879e+00 
 2.26000e+02  1.88865e+00 
 2.26500e+02  1.88847e+00 
 2.27000e+02  1.88833e+00 
 2.27500e+02  1.88821e+00 
 2.28000e+02  1.88809e+00 
 2.28500e+02  1.88796e+00 
 2.29000e+02  1.88778e+00 
 2.29500e+02  1.88759e+00 
 2.30000e+02  1.88738e+00 
 2.30500e+02  1.88720e+00 
 2.31000e+02  1.88709e+00 
 2.31500e+02  1.88700e+00 
 2.32000e+02  1.88691e+00 
 2.32500e+02  1.88673e+00 
 2.33000e+02  1.88653e+00 
 2.33500e+02  1.88634e+00 
 2.34000e+02  1.88613e+00 
 2.34500e+02  1.88590e+00 
 2.35000e+02  1.88569e+00 
 2.35500e+02  1.88548e+00 
 2.36000e+02  1.88527e+00 
 2.36500e+02  1.88504e+00 
 2.37000e+02  1.88481e+00 
 2.37500e+02  1.88462e+00 
 2.38000e+02  1.88446e+00 
 2.38500e+02  1.88431e+00 
 2.39000e+02  1.88414e+00 
 2.39500e+02  1.88390e+00 
 2.40000e+02  1.88363e+00 
 2.40500e+02  1.88335e+00 
 2.41000e+02  1.88310e+00 
 2.41500e+02  1.88287e+00 
 2.42000e+02  1.88264e+00 
 2.42500e+02  1.88241e+00 
 2.43000e+02  1.88220e+00 
 2.43500e+02  1.88196e+00 
 2.44000e+02  1.88171e+00 
 2.44500e+02  1.88143e+00 
 2.45000e+02  1.88114e+00 
 2.45500e+02  1.88087e+00 
 2.46000e+02  1.88059e+00 
 2.46500e+02  1.88030e+00 
 2.47000e+02  1.87994e+00 
 2.47500e+02  1.87958e+00 
 2.48000e+02  1.87924e+00 
 2.48500e+02  1.87885e+00 
 2.49000e+02  1.87847e+00 
 2.49500e+02  1.87808e+00 
 2.50000e+02  1.87767e+00 
 2.50500e+02  1.87724e+00 
 2.51000e+02  1.87683e+00 
 2.51500e+02  1.87640e+00 
 2.52000e+02  1.87595e+00 
 2.52500e+02  1.87548e+00 
 2.53000e+02  1.87503e+00 
 2.53500e+02  1.87457e+00 
 2.54000e+02  1.87411e+00 
 2.54500e+02  1.87364e+00 
 2.55000e+02  1.87318e+00 
 2.55500e+02  1.87267e+00 
 2.56000e+02  1.87212e+00 
 2.56500e+02  1.87149e+00 
 2.57000e+02  1.87079e+00 
 2.57500e+02  1.87008e+00 
 2.58000e+02  1.86935e+00 
 2.58500e+02  1.86859e+00 
 2.59000e+02  1.86781e+00 
 2.59500e+02  1.86703e+00 
 2.60000e+02  1.86619e+00 
 2.60500e+02  1.86530e+00 
 2.61000e+02  1.86438e+00 
 2.61500e+02  1.86340e+00 
 2.62000e+02  1.86237e+00 
 2.62500e+02  1.86128e+00 
 2.63000e+02  1.86010e+00 
 2.63500e+02  1.85882e+00 
 2.64000e+02  1.85745e+00 
 2.64500e+02  1.85598e+00 
 2.65000e+02  1.85440e+00 
 2.65500e+02  1.85270e+00 
 2.66000e+02  1.85088e+00 
 2.66500e+02  1.84891e+00 
 2.67000e+02  1.84679e+00 
 2.67500e+02  1.84449e+00 
 2.68000e+02  1.84201e+00 
 2.68500e+02  1.83933e+00 
 2.69000e+02  1.83645e+00 
 2.69500e+02  1.83333e+00 
 2.70000e+02  1.82997e+00 
 2.70500e+02  1.82634e+00 
 2.71000e+02  1.82244e+00 
 2.71500e+02  1.81825e+00 
 2.72000e+02  1.81377e+00 
 2.72500e+02  1.80899e+00 
 2.73000e+02  1.80390e+00 
 2.73500e+02  1.79848e+00 
 2.74000e+02  1.79274e+00 
 2.74500e+02  1.78665e+00 
 2.75000e+02  1.78024e+00 
 2.75500e+02  1.77350e+00 
 2.76000e+02  1.76645e+00 
 2.76500e+02  1.75907e+00 
 2.77000e+02  1.75137e+00 
 2.77500e+02  1.74334e+00 
 2.78000e+02  1.73498e+00 
 2.78500e+02  1.72631e+00 
 2.79000e+02  1.71733e+00 
 2.79500e+02  1.70804e+00 
 2.80000e+02  1.69842e+00 
 2.80500e+02  1.68849e+00 
 2.81000e+02  1.67824e+00 
 2.81500e+02  1.66767e+00 
 2.82000e+02  1.65680e+00 
 2.82500e+02  1.64561e+00 
 2.83000e+02  1.63409e+00 
 2.83500e+02  1.62223e+00 
 2.84000e+02  1.61005e+00 
 2.84500e+02  1.59753e+00 
 2.85000e+02  1.58470e+00 
 2.85500e+02  1.57154e+00 
 2.86000e+02  1.55805e+00 
 2.86500e+02  1.54424e+00 
 2.87000e+02  1.53011e+00 
 2.87500e+02  1.51565e+00 
 2.88000e+02  1.50086e+00 
 2.88500e+02  1.48577e+00 
 2.89000e+02  1.47036e+00 
 2.89500e+02  1.45465e+00 
 2.90000e+02  1.43862e+00 
 2.90500e+02  1.42230e+00 
 2.91000e+02  1.40567e+00 
 2.91500e+02  1.38875e+00 
 2.92000e+02  1.37153e+00 
 2.92500e+02  1.35402e+00 
 2.93000e+02  1.33621e+00 
 2.93500e+02  1.31811e+00 
 2.94000e+02  1.29973e+00 
 2.94500e+02  1.28106e+00 
 2.95000e+02  1.26211e+00 
 2.95500e+02  1.24289e+00 
 2.96000e+02  1.22339e+00 
 2.96500e+02  1.20361e+00 
 2.97000e+02  1.18357e+00 
 2.97500e+02  1.16325e+00 
 2.98000e+02  1.14268e+00 
 2.98500e+02  1.12184e+00 
 2.99000e+02  1.10073e+00 
 2.99500e+02  1.07936e+00 
 3.00000e+02  1.05772e+00 
 3.00500e+02  1.03582e+00 
 3.01000e+02  1.01368e+00 
 3.01500e+02  9.91274e-01 
 3.02000e+02  9.68618e-01 
 3.02500e+02  9.45709e-01 
 3.03000e+02  9.22552e-01 
 3.03500e+02  8.99144e-01 
 3.04000e+02  8.75489e-01 
 3.04500e+02  8.51587e-01 
 3.05000e+02  8.27439e-01 
 3.05500e+02  8.03052e-01 
 3.06000e+02  7.78426e-01 
 3.06500e+02  7.53560e-01 
 3.07000e+02  7.28457e-01 
 3.07500e+02  7.03115e-01 
 3.08000e+02  6.77538e-01 
 3.08500e+02  6.51728e-01 
 3.09000e+02  6.25689e-01 
 3.09500e+02  5.99421e-01 
 3.10000e+02  5.72925e-01 
 3.10500e+02  5.46201e-01 
 3.11000e+02  5.19248e-01 
 3.11500e+02  4.92066e-01 
 3.12000e+02  4.64659e-01 
 3.12500e+02  4.37028e-01 
 3.13000e+02  4.09175e-01 
 3.13500e+02  3.81101e-01 
 3.14000e+02  3.52809e-01 
 3.14500e+02  3.24300e-01 
 3.15000e+02  2.95579e-01 
 3.15500e+02  2.66648e-01 
 3.16000e+02  2.37507e-01 
 3.16500e+02  2.08156e-01 
 3.17000e+02  1.78600e-01 
 3.17500e+02  1.48850e-01 
 3.18000e+02  1.18903e-01 
 3.18500e+02  8.87620e-02 
 3.19000e+02  5.84345e-02 
 3.19500e+02  2.79393e-02 
