 0.00000e+00  0.00000e+00 
 5.00000e-01  3.20011e-02 
 1.00000e+00  6.37473e-02 
 1.50000e+00  9.52380e-02 
 2.00000e+00  1.26475e-01 
 2.50000e+00  1.57458e-01 
 3.00000e+00  1.88189e-01 
 3.50000e+00  2.18667e-01 
 4.00000e+00  2.48892e-01 
 4.50000e+00  2.78863e-01 
 5.00000e+00  3.08582e-01 
 5.50000e+00  3.38050e-01 
 6.00000e+00  3.67267e-01 
 6.50000e+00  3.96232e-01 
 7.00000e+00  4.24946e-01 
 7.50000e+00  4.53409e-01 
 8.00000e+00  4.81618e-01 
 8.50000e+00  5.09571e-01 
 9.00000e+00  5.37272e-01 
 9.50000e+00  5.64721e-01 
 1.00000e+01  5.91916e-01 
 1.05000e+01  6.18861e-01 
 1.10000e+01  6.45556e-01 
 1.15000e+01  6.72000e-01 
 1.20000e+01  6.98191e-01 
 1.25000e+01  7.24132e-01 
 1.30000e+01  7.49820e-01 
 1.35000e+01  7.75247e-01 
 1.40000e+01  8.00411e-01 
 1.45000e+01  8.25315e-01 
 1.50000e+01  8.49960e-01 
 1.55000e+01  8.74346e-01 
 1.60000e+01  8.98470e-01 
 1.65000e+01  9.22331e-01 
 1.70000e+01  9.45927e-01 
 1.75000e+01  9.69252e-01 
 1.80000e+01  9.92306e-01 
 1.85000e+01  1.01509e+00 
 1.90000e+01  1.03760e+00 
 1.95000e+01  1.05983e+00 
 2.00000e+01  1.08180e+00 
 2.05000e+01  1.10349e+00 
 2.10000e+01  1.12491e+00 
 2.15000e+01  1.14605e+00 
 2.20000e+01  1.16691e+00 
 2.25000e+01  1.18750e+00 
 2.30000e+01  1.20780e+00 
 2.35000e+01  1.22782e+00 
 2.40000e+01  1.24756e+00 
 2.45000e+01  1.26701e+00 
 2.50000e+01  1.28617e+00 
 2.55000e+01  1.30503e+00 
 2.60000e+01  1.32361e+00 
 2.65000e+01  1.34189e+00 
 2.70000e+01  1.35987e+00 
 2.75000e+01  1.37755e+00 
 2.80000e+01  1.39493e+00 
 2.85000e+01  1.41200e+00 
 2.90000e+01  1.42877e+00 
 2.95000e+01  1.44522e+00 
 3.00000e+01  1.46136e+00 
 3.05000e+01  1.47719e+00 
 3.10000e+01  1.49270e+00 
 3.15000e+01  1.50788e+00 
 3.20000e+01  1.52275e+00 
 3.25000e+01  1.53728e+00 
 3.30000e+01  1.55150e+00 
 3.35000e+01  1.56538e+00 
 3.40000e+01  1.57892e+00 
 3.45000e+01  1.59214e+00 
 3.50000e+01  1.60504e+00 
 3.55000e+01  1.61760e+00 
 3.60000e+01  1.62983e+00 
 3.65000e+01  1.64172e+00 
 3.70000e+01  1.65327e+00 
 3.75000e+01  1.66448e+00 
 3.80000e+01  1.67535e+00 
 3.85000e+01  1.68588e+00 
 3.90000e+01  1.69607e+00 
 3.95000e+01  1.70592e+00 
 4.00000e+01  1.71542e+00 
 4.05000e+01  1.72460e+00 
 4.10000e+01  1.73343e+00 
 4.15000e+01  1.74193e+00 
 4.20000e+01  1.75009e+00 
 4.25000e+01  1.75792e+00 
 4.30000e+01  1.76541e+00 
 4.35000e+01  1.77257e+00 
 4.40000e+01  1.77940e+00 
 4.45000e+01  1.78589e+00 
 4.50000e+01  1.79206e+00 
 4.55000e+01  1.79789e+00 
 4.60000e+01  1.80339e+00 
 4.65000e+01  1.80857e+00 
 4.70000e+01  1.81343e+00 
 4.75000e+01  1.81798e+00 
 4.80000e+01  1.82221e+00 
 4.85000e+01  1.82615e+00 
 4.90000e+01  1.82983e+00 
 4.95000e+01  1.83325e+00 
 5.00000e+01  1.83643e+00 
 5.05000e+01  1.83937e+00 
 5.10000e+01  1.84210e+00 
 5.15000e+01  1.84464e+00 
 5.20000e+01  1.84701e+00 
 5.25000e+01  1.84922e+00 
 5.30000e+01  1.85127e+00 
 5.35000e+01  1.85317e+00 
 5.40000e+01  1.85494e+00 
 5.45000e+01  1.85657e+00 
 5.50000e+01  1.85808e+00 
 5.55000e+01  1.85946e+00 
 5.60000e+01  1.86073e+00 
 5.65000e+01  1.86190e+00 
 5.70000e+01  1.86299e+00 
 5.75000e+01  1.86399e+00 
 5.80000e+01  1.86495e+00 
 5.85000e+01  1.86588e+00 
 5.90000e+01  1.86677e+00 
 5.95000e+01  1.86763e+00 
 6.00000e+01  1.86839e+00 
 6.05000e+01  1.86911e+00 
 6.10000e+01  1.86982e+00 
 6.15000e+01  1.87046e+00 
 6.20000e+01  1.87104e+00 
 6.25000e+01  1.87160e+00 
 6.30000e+01  1.87215e+00 
 6.35000e+01  1.87267e+00 
 6.40000e+01  1.87313e+00 
 6.45000e+01  1.87358e+00 
 6.50000e+01  1.87404e+00 
 6.55000e+01  1.87449e+00 
 6.60000e+01  1.87495e+00 
 6.65000e+01  1.87544e+00 
 6.70000e+01  1.87589e+00 
 6.75000e+01  1.87630e+00 
 6.80000e+01  1.87670e+00 
 6.85000e+01  1.87709e+00 
 6.90000e+01  1.87749e+00 
 6.95000e+01  1.87786e+00 
 7.00000e+01  1.87824e+00 
 7.05000e+01  1.87864e+00 
 7.10000e+01  1.87901e+00 
 7.15000e+01  1.87936e+00 
 7.20000e+01  1.87971e+00 
 7.25000e+01  1.88003e+00 
 7.30000e+01  1.88033e+00 
 7.35000e+01  1.88067e+00 
 7.40000e+01  1.88102e+00 
 7.45000e+01  1.88134e+00 
 7.50000e+01  1.88166e+00 
 7.55000e+01  1.88198e+00 
 7.60000e+01  1.88231e+00 
 7.65000e+01  1.88260e+00 
 7.70000e+01  1.88290e+00 
 7.75000e+01  1.88316e+00 
 7.80000e+01  1.88338e+00 
 7.85000e+01  1.88358e+00 
 7.90000e+01  1.88382e+00 
 7.95000e+01  1.88409e+00 
 8.00000e+01  1.88436e+00 
 8.05000e+01  1.88460e+00 
 8.10000e+01  1.88483e+00 
 8.15000e+01  1.88503e+00 
 8.20000e+01  1.88519e+00 
 8.25000e+01  1.88531e+00 
 8.30000e+01  1.88547e+00 
 8.35000e+01  1.88566e+00 
 8.40000e+01  1.88587e+00 
 8.45000e+01  1.88613e+00 
 8.50000e+01  1.88631e+00 
 8.55000e+01  1.88644e+00 
 8.60000e+01  1.88660e+00 
 8.65000e+01  1.88678e+00 
 8.70000e+01  1.88696e+00 
 8.75000e+01  1.88713e+00 
 8.80000e+01  1.88728e+00 
 8.85000e+01  1.88740e+00 
 8.90000e+01  1.88754e+00 
 8.95000e+01  1.88770e+00 
 9.00000e+01  1.88786e+00 
 9.05000e+01  1.88801e+00 
 9.10000e+01  1.88816e+00 
 9.15000e+01  1.88835e+00 
 9.20000e+01  1.88852e+00 
 9.25000e+01  1.88866e+00 
 9.30000e+01  1.88879e+00 
 9.35000e+01  1.88890e+00 
 9.40000e+01  1.88902e+00 
 9.45000e+01  1.88916e+00 
 9.50000e+01  1.88931e+00 
 9.55000e+01  1.88945e+00 
 9.60000e+01  1.88960e+00 
 9.65000e+01  1.88971e+00 
 9.70000e+01  1.88980e+00 
 9.75000e+01  1.88994e+00 
 9.80000e+01  1.89007e+00 
 9.85000e+01  1.89016e+00 
 9.90000e+01  1.89028e+00 
 9.95000e+01  1.89039e+00 
 1.00000e+02  1.89051e+00 
 1.00500e+02  1.89063e+00 
 1.01000e+02  1.89078e+00 
 1.01500e+02  1.89090e+00 
 1.02000e+02  1.89098e+00 
 1.02500e+02  1.89105e+00 
 1.03000e+02  1.89111e+00 
 1.03500e+02  1.89122e+00 
 1.04000e+02  1.89129e+00 
 1.04500e+02  1.89140e+00 
 1.05000e+02  1.89149e+00 
 1.05500e+02  1.89155e+00 
 1.06000e+02  1.89160e+00 
 1.06500e+02  1.89169e+00 
 1.07000e+02  1.89175e+00 
 1.07500e+02  1.89187e+00 
 1.08000e+02  1.89196e+00 
 1.08500e+02  1.89205e+00 
 1.09000e+02  1.89212e+00 
 1.09500e+02  1.89214e+00 
 1.10000e+02  1.89222e+00 
 1.10500e+02  1.89233e+00 
 1.11000e+02  1.89240e+00 
 1.11500e+02  1.89243e+00 
 1.12000e+02  1.89249e+00 
 1.12500e+02  1.89256e+00 
 1.13000e+02  1.89260e+00 
 1.13500e+02  1.89267e+00 
 1.14000e+02  1.89272e+00 
 1.14500e+02  1.89281e+00 
 1.15000e+02  1.89290e+00 
 1.15500e+02  1.89294e+00 
 1.16000e+02  1.89299e+00 
 1.16500e+02  1.89303e+00 
 1.17000e+02  1.89303e+00 
 1.17500e+02  1.89308e+00 
 1.18000e+02  1.89316e+00 
 1.18500e+02  1.89317e+00 
 1.19000e+02  1.89326e+00 
 1.19500e+02  1.89333e+00 
 1.20000e+02  1.89337e+00 
 1.20500e+02  1.89341e+00 
 1.21000e+02  1.89347e+00 
 1.21500e+02  1.89353e+00 
 1.22000e+02  1.89356e+00 
 1.22500e+02  1.89355e+00 
 1.23000e+02  1.89357e+00 
 1.23500e+02  1.89365e+00 
 1.24000e+02  1.89366e+00 
 1.24500e+02  1.89369e+00 
 1.25000e+02  1.89373e+00 
 1.25500e+02  1.89380e+00 
 1.26000e+02  1.89380e+00 
 1.26500e+02  1.89385e+00 
 1.27000e+02  1.89386e+00 
 1.27500e+02  1.89389e+00 
 1.28000e+02  1.89393e+00 
 1.28500e+02  1.89396e+00 
 1.29000e+02  1.89398e+00 
 1.29500e+02  1.89398e+00 
 1.30000e+02  1.89402e+00 
 1.30500e+02  1.89407e+00 
 1.31000e+02  1.89410e+00 
 1.31500e+02  1.89413e+00 
 1.32000e+02  1.89416e+00 
 1.32500e+02  1.89416e+00 
 1.33000e+02  1.89420e+00 
 1.33500e+02  1.89422e+00 
 1.34000e+02  1.89427e+00 
 1.34500e+02  1.89426e+00 
 1.35000e+02  1.89431e+00 
 1.35500e+02  1.89437e+00 
 1.36000e+02  1.89435e+00 
 1.36500e+02  1.89440e+00 
 1.37000e+02  1.89439e+00 
 1.37500e+02  1.89442e+00 
 1.38000e+02  1.89441e+00 
 1.38500e+02  1.89450e+00 
 1.39000e+02  1.89448e+00 
 1.39500e+02  1.89451e+00 
 1.40000e+02  1.89452e+00 
 1.40500e+02  1.89453e+00 
 1.41000e+02  1.89452e+00 
 1.41500e+02  1.89453e+00 
 1.42000e+02  1.89459e+00 
 1.42500e+02  1.89457e+00 
 1.43000e+02  1.89458e+00 
 1.43500e+02  1.89461e+00 
 1.44000e+02  1.89460e+00 
 1.44500e+02  1.89461e+00 
 1.45000e+02  1.89461e+00 
 1.45500e+02  1.89466e+00 
 1.46000e+02  1.89465e+00 
 1.46500e+02  1.89468e+00 
 1.47000e+02  1.89470e+00 
 1.47500e+02  1.89469e+00 
 1.48000e+02  1.89474e+00 
 1.48500e+02  1.89472e+00 
 1.49000e+02  1.89474e+00 
 1.49500e+02  1.89473e+00 
 1.50000e+02  1.89473e+00 
 1.50500e+02  1.89475e+00 
 1.51000e+02  1.89474e+00 
 1.51500e+02  1.89473e+00 
 1.52000e+02  1.89475e+00 
 1.52500e+02  1.89473e+00 
 1.53000e+02  1.89475e+00 
 1.53500e+02  1.89476e+00 
 1.54000e+02  1.89478e+00 
 1.54500e+02  1.89474e+00 
 1.55000e+02  1.89479e+00 
 1.55500e+02  1.89473e+00 
 1.56000e+02  1.89475e+00 
 1.56500e+02  1.89476e+00 
 1.57000e+02  1.89474e+00 
 1.57500e+02  1.89477e+00 
 1.58000e+02  1.89477e+00 
 1.58500e+02  1.89477e+00 
 1.59000e+02  1.89477e+00 
 1.59500e+02  1.89479e+00 
 1.60000e+02  1.89474e+00 
 1.60500e+02  1.89475e+00 
 1.61000e+02  1.89473e+00 
 1.61500e+02  1.89473e+00 
 1.62000e+02  1.89474e+00 
 1.62500e+02  1.89476e+00 
 1.63000e+02  1.89473e+00 
 1.63500e+02  1.89470e+00 
 1.64000e+02  1.89469e+00 
 1.64500e+02  1.89470e+00 
 1.65000e+02  1.89469e+00 
 1.65500e+02  1.89468e+00 
 1.66000e+02  1.89468e+00 
 1.66500e+02  1.89468e+00 
 1.67000e+02  1.89466e+00 
 1.67500e+02  1.89466e+00 
 1.68000e+02  1.89463e+00 
 1.68500e+02  1.89462e+00 
 1.69000e+02  1.89463e+00 
 1.69500e+02  1.89460e+00 
 1.70000e+02  1.89462e+00 
 1.70500e+02  1.89459e+00 
 1.71000e+02  1.89460e+00 
 1.71500e+02  1.89456e+00 
 1.72000e+02  1.89456e+00 
 1.72500e+02  1.89456e+00 
 1.73000e+02  1.89456e+00 
 1.73500e+02  1.89453e+00 
 1.74000e+02  1.89453e+00 
 1.74500e+02  1.89451e+00 
 1.75000e+02  1.89445e+00 
 1.75500e+02  1.89447e+00 
 1.76000e+02  1.89443e+00 
 1.76500e+02  1.89444e+00 
 1.77000e+02  1.89440e+00 
 1.77500e+02  1.89438e+00 
 1.78000e+02  1.89438e+00 
 1.78500e+02  1.89438e+00 
 1.79000e+02  1.89436e+00 
 1.79500e+02  1.89434e+00 
 1.80000e+02  1.89434e+00 
 1.80500e+02  1.89430e+00 
 1.81000e+02  1.89430e+00 
 1.81500e+02  1.89425e+00 
 1.82000e+02  1.89425e+00 
 1.82500e+02  1.89423e+00 
 1.83000e+02  1.89422e+00 
 1.83500e+02  1.89419e+00 
 1.84000e+02  1.89420e+00 
 1.84500e+02  1.89416e+00 
 1.85000e+02  1.89416e+00 
 1.85500e+02  1.89412e+00 
 1.86000e+02  1.89405e+00 
 1.86500e+02  1.89408e+00 
 1.87000e+02  1.89404e+00 
 1.87500e+02  1.89398e+00 
 1.88000e+02  1.89399e+00 
 1.88500e+02  1.89397e+00 
 1.89000e+02  1.89394e+00 
 1.89500e+02  1.89395e+00 
 1.90000e+02  1.89389e+00 
 1.90500e+02  1.89386e+00 
 1.91000e+02  1.89385e+00 
 1.91500e+02  1.89380e+00 
 1.92000e+02  1.89377e+00 
 1.92500e+02  1.89374e+00 
 1.93000e+02  1.89373e+00 
 1.93500e+02  1.89369e+00 
 1.94000e+02  1.89364e+00 
 1.94500e+02  1.89356e+00 
 1.95000e+02  1.89354e+00 
 1.95500e+02  1.89347e+00 
 1.96000e+02  1.89341e+00 
 1.96500e+02  1.89341e+00 
 1.97000e+02  1.89332e+00 
 1.97500e+02  1.89327e+00 
 1.98000e+02  1.89327e+00 
 1.98500e+02  1.89323e+00 
 1.99000e+02  1.89320e+00 
 1.99500e+02  1.89319e+00 
 2.00000e+02  1.89314e+00 
 2.00500e+02  1.89309e+00 
 2.01000e+02  1.89309e+00 
 2.01500e+02  1.89303e+00 
 2.02000e+02  1.89299e+00 
 2.02500e+02  1.89294e+00 
 2.03000e+02  1.89285e+00 
 2.03500e+02  1.89280e+00 
 2.04000e+02  1.89277e+00 
 2.04500e+02  1.89274e+00 
 2.05000e+02  1.89271e+00 
 2.05500e+02  1.89265e+00 
 2.06000e+02  1.89261e+00 
 2.06500e+02  1.89255e+00 
 2.07000e+02  1.89249e+00 
 2.07500e+02  1.89246e+00 
 2.08000e+02  1.89238e+00 
 2.08500e+02  1.89233e+00 
 2.09000e+02  1.89225e+00 
 2.09500e+02  1.89215e+00 
 2.10000e+02  1.89211e+00 
 2.10500e+02  1.89207e+00 
 2.11000e+02  1.89201e+00 
 2.11500e+02  1.89193e+00 
 2.12000e+02  1.89187e+00 
 2.12500e+02  1.89181e+00 
 2.13000e+02  1.89176e+00 
 2.13500e+02  1.89168e+00 
 2.14000e+02  1.89157e+00 
 2.14500e+02  1.89154e+00 
 2.15000e+02  1.89151e+00 
 2.15500e+02  1.89141e+00 
 2.16000e+02  1.89125e+00 
 2.16500e+02  1.89118e+00 
 2.17000e+02  1.89114e+00 
 2.17500e+02  1.89100e+00 
 2.18000e+02  1.89089e+00 
 2.18500e+02  1.89085e+00 
 2.19000e+02  1.89081e+00 
 2.19500e+02  1.89071e+00 
 2.20000e+02  1.89064e+00 
 2.20500e+02  1.89054e+00 
 2.21000e+02  1.89040e+00 
 2.21500e+02  1.89027e+00 
 2.22000e+02  1.89015e+00 
 2.22500e+02  1.89000e+00 
 2.23000e+02  1.88989e+00 
 2.23500e+02  1.88974e+00 
 2.24000e+02  1.88959e+00 
 2.24500e+02  1.88949e+00 
 2.25000e+02  1.88940e+00 
 2.25500e+02  1.88931e+00 
 2.26000e+02  1.88915e+00 
 2.26500e+02  1.88897e+00 
 2.27000e+02  1.88879e+00 
 2.27500e+02  1.88859e+00 
 2.28000e+02  1.88838e+00 
 2.28500e+02  1.88821e+00 
 2.29000e+02  1.88807e+00 
 2.29500e+02  1.88792e+00 
 2.30000e+02  1.88776e+00 
 2.30500e+02  1.88759e+00 
 2.31000e+02  1.88744e+00 
 2.31500e+02  1.88727e+00 
 2.32000e+02  1.88711e+00 
 2.32500e+02  1.88696e+00 
 2.33000e+02  1.88677e+00 
 2.33500e+02  1.88660e+00 
 2.34000e+02  1.88644e+00 
 2.34500e+02  1.88628e+00 
 2.35000e+02  1.88611e+00 
 2.35500e+02  1.88590e+00 
 2.36000e+02  1.88565e+00 
 2.36500e+02  1.88545e+00 
 2.37000e+02  1.88526e+00 
 2.37500e+02  1.88504e+00 
 2.38000e+02  1.88482e+00 
 2.38500e+02  1.88463e+00 
 2.39000e+02  1.88442e+00 
 2.39500e+02  1.88423e+00 
 2.40000e+02  1.88400e+00 
 2.40500e+02  1.88374e+00 
 2.41000e+02  1.88350e+00 
 2.41500e+02  1.88327e+00 
 2.42000e+02  1.88305e+00 
 2.42500e+02  1.88282e+00 
 2.43000e+02  1.88260e+00 
 2.43500e+02  1.88236e+00 
 2.44000e+02  1.88213e+00 
 2.44500e+02  1.88191e+00 
 2.45000e+02  1.88163e+00 
 2.45500e+02  1.88138e+00 
 2.46000e+02  1.88110e+00 
 2.46500e+02  1.88076e+00 
 2.47000e+02  1.88037e+00 
 2.47500e+02  1.88002e+00 
 2.48000e+02  1.87970e+00 
 2.48500e+02  1.87936e+00 
 2.49000e+02  1.87900e+00 
 2.49500e+02  1.87860e+00 
 2.50000e+02  1.87822e+00 
 2.50500e+02  1.87783e+00 
 2.51000e+02  1.87745e+00 
 2.51500e+02  1.87703e+00 
 2.52000e+02  1.87658e+00 
 2.52500e+02  1.87614e+00 
 2.53000e+02  1.87572e+00 
 2.53500e+02  1.87529e+00 
 2.54000e+02  1.87480e+00 
 2.54500e+02  1.87430e+00 
 2.55000e+02  1.87378e+00 
 2.55500e+02  1.87326e+00 
 2.56000e+02  1.87269e+00 
 2.56500e+02  1.87205e+00 
 2.57000e+02  1.87141e+00 
 2.57500e+02  1.87072e+00 
 2.58000e+02  1.87004e+00 
 2.58500e+02  1.86933e+00 
 2.59000e+02  1.86856e+00 
 2.59500e+02  1.86775e+00 
 2.60000e+02  1.86691e+00 
 2.60500e+02  1.86602e+00 
 2.61000e+02  1.86506e+00 
 2.61500e+02  1.86405e+00 
 2.62000e+02  1.86301e+00 
 2.62500e+02  1.86193e+00 
 2.63000e+02  1.86077e+00 
 2.63500e+02  1.85950e+00 
 2.64000e+02  1.85812e+00 
 2.64500e+02  1.85663e+00 
 2.65000e+02  1.85505e+00 
 2.65500e+02  1.85336e+00 
 2.66000e+02  1.85155e+00 
 2.66500e+02  1.84959e+00 
 2.67000e+02  1.84749e+00 
 2.67500e+02  1.84524e+00 
 2.68000e+02  1.84281e+00 
 2.68500e+02  1.84019e+00 
 2.69000e+02  1.83736e+00 
 2.69500e+02  1.83431e+00 
 2.70000e+02  1.83101e+00 
 2.70500e+02  1.82743e+00 
 2.71000e+02  1.82357e+00 
 2.71500e+02  1.81941e+00 
 2.72000e+02  1.81493e+00 
 2.72500e+02  1.81014e+00 
 2.73000e+02  1.80504e+00 
 2.73500e+02  1.79964e+00 
 2.74000e+02  1.79394e+00 
 2.74500e+02  1.78792e+00 
 2.75000e+02  1.78158e+00 
 2.75500e+02  1.77492e+00 
 2.76000e+02  1.76793e+00 
 2.76500e+02  1.76063e+00 
 2.77000e+02  1.75300e+00 
 2.77500e+02  1.74505e+00 
 2.78000e+02  1.73678e+00 
 2.78500e+02  1.72819e+00 
 2.79000e+02  1.71928e+00 
 2.79500e+02  1.71004e+00 
 2.80000e+02  1.70048e+00 
 2.80500e+02  1.69060e+00 
 2.81000e+02  1.68041e+00 
 2.81500e+02  1.66992e+00 
 2.82000e+02  1.65911e+00 
 2.82500e+02  1.64798e+00 
 2.83000e+02  1.63653e+00 
 2.83500e+02  1.62474e+00 
 2.84000e+02  1.61264e+00 
 2.84500e+02  1.60021e+00 
 2.85000e+02  1.58746e+00 
 2.85500e+02  1.57438e+00 
 2.86000e+02  1.56097e+00 
 2.86500e+02  1.54723e+00 
 2.87000e+02  1.53318e+00 
 2.87500e+02  1.51880e+00 
 2.88000e+02  1.50410e+00 
 2.88500e+02  1.48908e+00 
 2.89000e+02  1.47375e+00 
 2.89500e+02  1.45812e+00 
 2.90000e+02  1.44218e+00 
 2.90500e+02  1.42593e+00 
 2.91000e+02  1.40939e+00 
 2.91500e+02  1.39254e+00 
 2.92000e+02  1.37540e+00 
 2.92500e+02  1.35796e+00 
 2.93000e+02  1.34022e+00 
 2.93500e+02  1.32219e+00 
 2.94000e+02  1.30387e+00 
 2.94500e+02  1.28526e+00 
 2.95000e+02  1.26637e+00 
 2.95500e+02  1.24720e+00 
 2.96000e+02  1.22775e+00 
 2.96500e+02  1.20803e+00 
 2.97000e+02  1.18803e+00 
 2.97500e+02  1.16776e+00 
 2.98000e+02  1.14722e+00 
 2.98500e+02  1.12641e+00 
 2.99000e+02  1.10534e+00 
 2.99500e+02  1.08400e+00 
 3.00000e+02  1.06239e+00 
 3.00500e+02  1.04053e+00 
 3.01000e+02  1.01842e+00 
 3.01500e+02  9.96050e-01 
 3.02000e+02  9.73431e-01 
 3.02500e+02  9.50560e-01 
 3.03000e+02  9.27438e-01 
 3.03500e+02  9.04066e-01 
 3.04000e+02  8.80447e-01 
 3.04500e+02  8.56583e-01 
 3.05000e+02  8.32475e-01 
 3.05500e+02  8.08123e-01 
 3.06000e+02  7.83529e-01 
 3.06500e+02  7.58696e-01 
 3.07000e+02  7.33620e-01 
 3.07500e+02  7.08303e-01 
 3.08000e+02  6.82752e-01 
 3.08500e+02  6.56968e-01 
 3.09000e+02  6.30954e-01 
 3.09500e+02  6.04709e-01 
 3.10000e+02  5.78233e-01 
 3.10500e+02  5.51528e-01 
 3.11000e+02  5.24596e-01 
 3.11500e+02  4.97438e-01 
 3.12000e+02  4.70055e-01 
 3.12500e+02  4.42449e-01 
 3.13000e+02  4.14620e-01 
 3.13500e+02  3.86571e-01 
 3.14000e+02  3.58300e-01 
 3.14500e+02  3.29809e-01 
 3.15000e+02  3.01100e-01 
 3.15500e+02  2.72170e-01 
 3.16000e+02  2.43019e-01 
 3.16500e+02  2.13650e-01 
 3.17000e+02  1.84066e-01 
 3.17500e+02  1.54273e-01 
 3.18000e+02  1.24278e-01 
 3.18500e+02  9.40850e-02 
 3.19000e+02  6.37047e-02 
 3.19500e+02  3.31563e-02 
