 0.00000e+00  0.00000e+00 
 5.00000e-01  3.19001e-02 
 1.00000e+00  6.35535e-02 
 1.50000e+00  9.49579e-02 
 2.00000e+00  1.26113e-01 
 2.50000e+00  1.57019e-01 
 3.00000e+00  1.87677e-01 
 3.50000e+00  2.18085e-01 
 4.00000e+00  2.48245e-01 
 4.50000e+00  2.78158e-01 
 5.00000e+00  3.07823e-01 
 5.50000e+00  3.37240e-01 
 6.00000e+00  3.66409e-01 
 6.50000e+00  3.95331e-01 
 7.00000e+00  4.24006e-01 
 7.50000e+00  4.52436e-01 
 8.00000e+00  4.80621e-01 
 8.50000e+00  5.08555e-01 
 9.00000e+00  5.36235e-01 
 9.50000e+00  5.63665e-01 
 1.00000e+01  5.90850e-01 
 1.05000e+01  6.17790e-01 
 1.10000e+01  6.44484e-01 
 1.15000e+01  6.70929e-01 
 1.20000e+01  6.97123e-01 
 1.25000e+01  7.23066e-01 
 1.30000e+01  7.48757e-01 
 1.35000e+01  7.74195e-01 
 1.40000e+01  7.99378e-01 
 1.45000e+01  8.24303e-01 
 1.50000e+01  8.48970e-01 
 1.55000e+01  8.73382e-01 
 1.60000e+01  8.97537e-01 
 1.65000e+01  9.21432e-01 
 1.70000e+01  9.45068e-01 
 1.75000e+01  9.68441e-01 
 1.80000e+01  9.91550e-01 
 1.85000e+01  1.01439e+00 
 1.90000e+01  1.03697e+00 
 1.95000e+01  1.05927e+00 
 2.00000e+01  1.08130e+00 
 2.05000e+01  1.10306e+00 
 2.10000e+01  1.12454e+00 
 2.15000e+01  1.14574e+00 
 2.20000e+01  1.16667e+00 
 2.25000e+01  1.18730e+00 
 2.30000e+01  1.20766e+00 
 2.35000e+01  1.22772e+00 
 2.40000e+01  1.24750e+00 
 2.45000e+01  1.26698e+00 
 2.50000e+01  1.28617e+00 
 2.55000e+01  1.30506e+00 
 2.60000e+01  1.32365e+00 
 2.65000e+01  1.34195e+00 
 2.70000e+01  1.35995e+00 
 2.75000e+01  1.37765e+00 
 2.80000e+01  1.39504e+00 
 2.85000e+01  1.41213e+00 
 2.90000e+01  1.42891e+00 
 2.95000e+01  1.44539e+00 
 3.00000e+01  1.46156e+00 
 3.05000e+01  1.47741e+00 
 3.10000e+01  1.49295e+00 
 3.15000e+01  1.50817e+00 
 3.20000e+01  1.52306e+00 
 3.25000e+01  1.53764e+00 
 3.30000e+01  1.55189e+00 
 3.35000e+01  1.56581e+00 
 3.40000e+01  1.57940e+00 
 3.45000e+01  1.59267e+00 
 3.50000e+01  1.60559e+00 
 3.55000e+01  1.61819e+00 
 3.60000e+01  1.63043e+00 
 3.65000e+01  1.64233e+00 
 3.70000e+01  1.65389e+00 
 3.75000e+01  1.66510e+00 
 3.80000e+01  1.67597e+00 
 3.85000e+01  1.68649e+00 
 3.90000e+01  1.69666e+00 
 3.95000e+01  1.70650e+00 
 4.00000e+01  1.71599e+00 
 4.05000e+01  1.72515e+00 
 4.10000e+01  1.73397e+00 
 4.15000e+01  1.74246e+00 
 4.20000e+01  1.75061e+00 
 4.25000e+01  1.75842e+00 
 4.30000e+01  1.76590e+00 
 4.35000e+01  1.77305e+00 
 4.40000e+01  1.77988e+00 
 4.45000e+01  1.78639e+00 
 4.50000e+01  1.79257e+00 
 4.55000e+01  1.79843e+00 
 4.60000e+01  1.80398e+00 
 4.65000e+01  1.80920e+00 
 4.70000e+01  1.81412e+00 
 4.75000e+01  1.81873e+00 
 4.80000e+01  1.82304e+00 
 4.85000e+01  1.82707e+00 
 4.90000e+01  1.83084e+00 
 4.95000e+01  1.83435e+00 
 5.00000e+01  1.83761e+00 
 5.05000e+01  1.84062e+00 
 5.10000e+01  1.84340e+00 
 5.15000e+01  1.84599e+00 
 5.20000e+01  1.84837e+00 
 5.25000e+01  1.85059e+00 
 5.30000e+01  1.85263e+00 
 5.35000e+01  1.85455e+00 
 5.40000e+01  1.85637e+00 
 5.45000e+01  1.85805e+00 
 5.50000e+01  1.85962e+00 
 5.55000e+01  1.86108e+00 
 5.60000e+01  1.86243e+00 
 5.65000e+01  1.86367e+00 
 5.70000e+01  1.86479e+00 
 5.75000e+01  1.86580e+00 
 5.80000e+01  1.86674e+00 
 5.85000e+01  1.86763e+00 
 5.90000e+01  1.86848e+00 
 5.95000e+01  1.86930e+00 
 6.00000e+01  1.87011e+00 
 6.05000e+01  1.87090e+00 
 6.10000e+01  1.87166e+00 
 6.15000e+01  1.87239e+00 
 6.20000e+01  1.87308e+00 
 6.25000e+01  1.87372e+00 
 6.30000e+01  1.87432e+00 
 6.35000e+01  1.87489e+00 
 6.40000e+01  1.87537e+00 
 6.45000e+01  1.87585e+00 
 6.50000e+01  1.87631e+00 
 6.55000e+01  1.87676e+00 
 6.60000e+01  1.87719e+00 
 6.65000e+01  1.87763e+00 
 6.70000e+01  1.87805e+00 
 6.75000e+01  1.87848e+00 
 6.80000e+01  1.87894e+00 
 6.85000e+01  1.87940e+00 
 6.90000e+01  1.87986e+00 
 6.95000e+01  1.88025e+00 
 7.00000e+01  1.88061e+00 
 7.05000e+01  1.88095e+00 
 7.10000e+01  1.88128e+00 
 7.15000e+01  1.88160e+00 
 7.20000e+01  1.88189e+00 
 7.25000e+01  1.88219e+00 
 7.30000e+01  1.88246e+00 
 7.35000e+01  1.88273e+00 
 7.40000e+01  1.88300e+00 
 7.45000e+01  1.88328e+00 
 7.50000e+01  1.88358e+00 
 7.55000e+01  1.88387e+00 
 7.60000e+01  1.88414e+00 
 7.65000e+01  1.88442e+00 
 7.70000e+01  1.88471e+00 
 7.75000e+01  1.88496e+00 
 7.80000e+01  1.88516e+00 
 7.85000e+01  1.88537e+00 
 7.90000e+01  1.88556e+00 
 7.95000e+01  1.88579e+00 
 8.00000e+01  1.88603e+00 
 8.05000e+01  1.88628e+00 
 8.10000e+01  1.88654e+00 
 8.15000e+01  1.88674e+00 
 8.20000e+01  1.88686e+00 
 8.25000e+01  1.88700e+00 
 8.30000e+01  1.88719e+00 
 8.35000e+01  1.88740e+00 
 8.40000e+01  1.88760e+00 
 8.45000e+01  1.88781e+00 
 8.50000e+01  1.88803e+00 
 8.55000e+01  1.88826e+00 
 8.60000e+01  1.88845e+00 
 8.65000e+01  1.88861e+00 
 8.70000e+01  1.88877e+00 
 8.75000e+01  1.88892e+00 
 8.80000e+01  1.88909e+00 
 8.85000e+01  1.88923e+00 
 8.90000e+01  1.88932e+00 
 8.95000e+01  1.88944e+00 
 9.00000e+01  1.88959e+00 
 9.05000e+01  1.88977e+00 
 9.10000e+01  1.88990e+00 
 9.15000e+01  1.89006e+00 
 9.20000e+01  1.89024e+00 
 9.25000e+01  1.89038e+00 
 9.30000e+01  1.89051e+00 
 9.35000e+01  1.89063e+00 
 9.40000e+01  1.89076e+00 
 9.45000e+01  1.89091e+00 
 9.50000e+01  1.89100e+00 
 9.55000e+01  1.89111e+00 
 9.60000e+01  1.89124e+00 
 9.65000e+01  1.89136e+00 
 9.70000e+01  1.89148e+00 
 9.75000e+01  1.89166e+00 
 9.80000e+01  1.89180e+00 
 9.85000e+01  1.89188e+00 
 9.90000e+01  1.89191e+00 
 9.95000e+01  1.89200e+00 
 1.00000e+02  1.89213e+00 
 1.00500e+02  1.89225e+00 
 1.01000e+02  1.89235e+00 
 1.01500e+02  1.89246e+00 
 1.02000e+02  1.89254e+00 
 1.02500e+02  1.89263e+00 
 1.03000e+02  1.89273e+00 
 1.03500e+02  1.89281e+00 
 1.04000e+02  1.89293e+00 
 1.04500e+02  1.89303e+00 
 1.05000e+02  1.89311e+00 
 1.05500e+02  1.89321e+00 
 1.06000e+02  1.89332e+00 
 1.06500e+02  1.89341e+00 
 1.07000e+02  1.89350e+00 
 1.07500e+02  1.89360e+00 
 1.08000e+02  1.89370e+00 
 1.08500e+02  1.89374e+00 
 1.09000e+02  1.89381e+00 
 1.09500e+02  1.89386e+00 
 1.10000e+02  1.89392e+00 
 1.10500e+02  1.89402e+00 
 1.11000e+02  1.89408e+00 
 1.11500e+02  1.89418e+00 
 1.12000e+02  1.89424e+00 
 1.12500e+02  1.89427e+00 
 1.13000e+02  1.89430e+00 
 1.13500e+02  1.89438e+00 
 1.14000e+02  1.89444e+00 
 1.14500e+02  1.89452e+00 
 1.15000e+02  1.89457e+00 
 1.15500e+02  1.89463e+00 
 1.16000e+02  1.89469e+00 
 1.16500e+02  1.89472e+00 
 1.17000e+02  1.89483e+00 
 1.17500e+02  1.89488e+00 
 1.18000e+02  1.89490e+00 
 1.18500e+02  1.89497e+00 
 1.19000e+02  1.89503e+00 
 1.19500e+02  1.89505e+00 
 1.20000e+02  1.89507e+00 
 1.20500e+02  1.89514e+00 
 1.21000e+02  1.89518e+00 
 1.21500e+02  1.89521e+00 
 1.22000e+02  1.89525e+00 
 1.22500e+02  1.89532e+00 
 1.23000e+02  1.89535e+00 
 1.23500e+02  1.89535e+00 
 1.24000e+02  1.89541e+00 
 1.24500e+02  1.89542e+00 
 1.25000e+02  1.89545e+00 
 1.25500e+02  1.89549e+00 
 1.26000e+02  1.89553e+00 
 1.26500e+02  1.89557e+00 
 1.27000e+02  1.89559e+00 
 1.27500e+02  1.89560e+00 
 1.28000e+02  1.89563e+00 
 1.28500e+02  1.89569e+00 
 1.29000e+02  1.89575e+00 
 1.29500e+02  1.89575e+00 
 1.30000e+02  1.89578e+00 
 1.30500e+02  1.89583e+00 
 1.31000e+02  1.89585e+00 
 1.31500e+02  1.89587e+00 
 1.32000e+02  1.89589e+00 
 1.32500e+02  1.89590e+00 
 1.33000e+02  1.89587e+00 
 1.33500e+02  1.89591e+00 
 1.34000e+02  1.89593e+00 
 1.34500e+02  1.89596e+00 
 1.35000e+02  1.89598e+00 
 1.35500e+02  1.89602e+00 
 1.36000e+02  1.89602e+00 
 1.36500e+02  1.89608e+00 
 1.37000e+02  1.89611e+00 
 1.37500e+02  1.89610e+00 
 1.38000e+02  1.89608e+00 
 1.38500e+02  1.89611e+00 
 1.39000e+02  1.89612e+00 
 1.39500e+02  1.89615e+00 
 1.40000e+02  1.89616e+00 
 1.40500e+02  1.89619e+00 
 1.41000e+02  1.89617e+00 
 1.41500e+02  1.89621e+00 
 1.42000e+02  1.89619e+00 
 1.42500e+02  1.89623e+00 
 1.43000e+02  1.89627e+00 
 1.43500e+02  1.89626e+00 
 1.44000e+02  1.89629e+00 
 1.44500e+02  1.89628e+00 
 1.45000e+02  1.89627e+00 
 1.45500e+02  1.89630e+00 
 1.46000e+02  1.89630e+00 
 1.46500e+02  1.89631e+00 
 1.47000e+02  1.89634e+00 
 1.47500e+02  1.89634e+00 
 1.48000e+02  1.89636e+00 
 1.48500e+02  1.89638e+00 
 1.49000e+02  1.89639e+00 
 1.49500e+02  1.89639e+00 
 1.50000e+02  1.89640e+00 
 1.50500e+02  1.89642e+00 
 1.51000e+02  1.89645e+00 
 1.51500e+02  1.89644e+00 
 1.52000e+02  1.89643e+00 
 1.52500e+02  1.89646e+00 
 1.53000e+02  1.89646e+00 
 1.53500e+02  1.89647e+00 
 1.54000e+02  1.89647e+00 
 1.54500e+02  1.89647e+00 
 1.55000e+02  1.89645e+00 
 1.55500e+02  1.89648e+00 
 1.56000e+02  1.89648e+00 
 1.56500e+02  1.89650e+00 
 1.57000e+02  1.89647e+00 
 1.57500e+02  1.89646e+00 
 1.58000e+02  1.89648e+00 
 1.58500e+02  1.89645e+00 
 1.59000e+02  1.89646e+00 
 1.59500e+02  1.89642e+00 
 1.60000e+02  1.89643e+00 
 1.60500e+02  1.89644e+00 
 1.61000e+02  1.89646e+00 
 1.61500e+02  1.89644e+00 
 1.62000e+02  1.89644e+00 
 1.62500e+02  1.89647e+00 
 1.63000e+02  1.89643e+00 
 1.63500e+02  1.89643e+00 
 1.64000e+02  1.89643e+00 
 1.64500e+02  1.89643e+00 
 1.65000e+02  1.89642e+00 
 1.65500e+02  1.89640e+00 
 1.66000e+02  1.89642e+00 
 1.66500e+02  1.89644e+00 
 1.67000e+02  1.89639e+00 
 1.67500e+02  1.89639e+00 
 1.68000e+02  1.89639e+00 
 1.68500e+02  1.89638e+00 
 1.69000e+02  1.89638e+00 
 1.69500e+02  1.89635e+00 
 1.70000e+02  1.89635e+00 
 1.70500e+02  1.89633e+00 
 1.71000e+02  1.89633e+00 
 1.71500e+02  1.89630e+00 
 1.72000e+02  1.89627e+00 
 1.72500e+02  1.89628e+00 
 1.73000e+02  1.89627e+00 
 1.73500e+02  1.89624e+00 
 1.74000e+02  1.89623e+00 
 1.74500e+02  1.89622e+00 
 1.75000e+02  1.89626e+00 
 1.75500e+02  1.89624e+00 
 1.76000e+02  1.89622e+00 
 1.76500e+02  1.89619e+00 
 1.77000e+02  1.89620e+00 
 1.77500e+02  1.89619e+00 
 1.78000e+02  1.89616e+00 
 1.78500e+02  1.89615e+00 
 1.79000e+02  1.89614e+00 
 1.79500e+02  1.89611e+00 
 1.80000e+02  1.89610e+00 
 1.80500e+02  1.89611e+00 
 1.81000e+02  1.89605e+00 
 1.81500e+02  1.89602e+00 
 1.82000e+02  1.89602e+00 
 1.82500e+02  1.89602e+00 
 1.83000e+02  1.89596e+00 
 1.83500e+02  1.89598e+00 
 1.84000e+02  1.89593e+00 
 1.84500e+02  1.89589e+00 
 1.85000e+02  1.89586e+00 
 1.85500e+02  1.89583e+00 
 1.86000e+02  1.89577e+00 
 1.86500e+02  1.89578e+00 
 1.87000e+02  1.89572e+00 
 1.87500e+02  1.89571e+00 
 1.88000e+02  1.89568e+00 
 1.88500e+02  1.89560e+00 
 1.89000e+02  1.89560e+00 
 1.89500e+02  1.89561e+00 
 1.90000e+02  1.89556e+00 
 1.90500e+02  1.89552e+00 
 1.91000e+02  1.89549e+00 
 1.91500e+02  1.89547e+00 
 1.92000e+02  1.89550e+00 
 1.92500e+02  1.89541e+00 
 1.93000e+02  1.89538e+00 
 1.93500e+02  1.89532e+00 
 1.94000e+02  1.89532e+00 
 1.94500e+02  1.89529e+00 
 1.95000e+02  1.89523e+00 
 1.95500e+02  1.89517e+00 
 1.96000e+02  1.89514e+00 
 1.96500e+02  1.89512e+00 
 1.97000e+02  1.89506e+00 
 1.97500e+02  1.89501e+00 
 1.98000e+02  1.89495e+00 
 1.98500e+02  1.89490e+00 
 1.99000e+02  1.89487e+00 
 1.99500e+02  1.89484e+00 
 2.00000e+02  1.89485e+00 
 2.00500e+02  1.89476e+00 
 2.01000e+02  1.89475e+00 
 2.01500e+02  1.89468e+00 
 2.02000e+02  1.89461e+00 
 2.02500e+02  1.89456e+00 
 2.03000e+02  1.89452e+00 
 2.03500e+02  1.89444e+00 
 2.04000e+02  1.89438e+00 
 2.04500e+02  1.89436e+00 
 2.05000e+02  1.89431e+00 
 2.05500e+02  1.89425e+00 
 2.06000e+02  1.89416e+00 
 2.06500e+02  1.89410e+00 
 2.07000e+02  1.89409e+00 
 2.07500e+02  1.89403e+00 
 2.08000e+02  1.89398e+00 
 2.08500e+02  1.89392e+00 
 2.09000e+02  1.89384e+00 
 2.09500e+02  1.89379e+00 
 2.10000e+02  1.89370e+00 
 2.10500e+02  1.89365e+00 
 2.11000e+02  1.89361e+00 
 2.11500e+02  1.89354e+00 
 2.12000e+02  1.89350e+00 
 2.12500e+02  1.89345e+00 
 2.13000e+02  1.89338e+00 
 2.13500e+02  1.89325e+00 
 2.14000e+02  1.89315e+00 
 2.14500e+02  1.89305e+00 
 2.15000e+02  1.89300e+00 
 2.15500e+02  1.89293e+00 
 2.16000e+02  1.89284e+00 
 2.16500e+02  1.89274e+00 
 2.17000e+02  1.89264e+00 
 2.17500e+02  1.89259e+00 
 2.18000e+02  1.89255e+00 
 2.18500e+02  1.89247e+00 
 2.19000e+02  1.89238e+00 
 2.19500e+02  1.89228e+00 
 2.20000e+02  1.89216e+00 
 2.20500e+02  1.89204e+00 
 2.21000e+02  1.89188e+00 
 2.21500e+02  1.89174e+00 
 2.22000e+02  1.89162e+00 
 2.22500e+02  1.89146e+00 
 2.23000e+02  1.89135e+00 
 2.23500e+02  1.89123e+00 
 2.24000e+02  1.89107e+00 
 2.24500e+02  1.89090e+00 
 2.25000e+02  1.89082e+00 
 2.25500e+02  1.89078e+00 
 2.26000e+02  1.89069e+00 
 2.26500e+02  1.89054e+00 
 2.27000e+02  1.89040e+00 
 2.27500e+02  1.89027e+00 
 2.28000e+02  1.89010e+00 
 2.28500e+02  1.88992e+00 
 2.29000e+02  1.88974e+00 
 2.29500e+02  1.88960e+00 
 2.30000e+02  1.88945e+00 
 2.30500e+02  1.88931e+00 
 2.31000e+02  1.88919e+00 
 2.31500e+02  1.88905e+00 
 2.32000e+02  1.88888e+00 
 2.32500e+02  1.88866e+00 
 2.33000e+02  1.88844e+00 
 2.33500e+02  1.88825e+00 
 2.34000e+02  1.88808e+00 
 2.34500e+02  1.88791e+00 
 2.35000e+02  1.88775e+00 
 2.35500e+02  1.88756e+00 
 2.36000e+02  1.88735e+00 
 2.36500e+02  1.88717e+00 
 2.37000e+02  1.88696e+00 
 2.37500e+02  1.88672e+00 
 2.38000e+02  1.88646e+00 
 2.38500e+02  1.88625e+00 
 2.39000e+02  1.88611e+00 
 2.39500e+02  1.88594e+00 
 2.40000e+02  1.88571e+00 
 2.40500e+02  1.88546e+00 
 2.41000e+02  1.88523e+00 
 2.41500e+02  1.88496e+00 
 2.42000e+02  1.88467e+00 
 2.42500e+02  1.88440e+00 
 2.43000e+02  1.88414e+00 
 2.43500e+02  1.88387e+00 
 2.44000e+02  1.88356e+00 
 2.44500e+02  1.88321e+00 
 2.45000e+02  1.88288e+00 
 2.45500e+02  1.88258e+00 
 2.46000e+02  1.88229e+00 
 2.46500e+02  1.88199e+00 
 2.47000e+02  1.88167e+00 
 2.47500e+02  1.88137e+00 
 2.48000e+02  1.88108e+00 
 2.48500e+02  1.88072e+00 
 2.49000e+02  1.88033e+00 
 2.49500e+02  1.87994e+00 
 2.50000e+02  1.87951e+00 
 2.50500e+02  1.87911e+00 
 2.51000e+02  1.87873e+00 
 2.51500e+02  1.87835e+00 
 2.52000e+02  1.87794e+00 
 2.52500e+02  1.87750e+00 
 2.53000e+02  1.87699e+00 
 2.53500e+02  1.87648e+00 
 2.54000e+02  1.87595e+00 
 2.54500e+02  1.87543e+00 
 2.55000e+02  1.87494e+00 
 2.55500e+02  1.87447e+00 
 2.56000e+02  1.87397e+00 
 2.56500e+02  1.87338e+00 
 2.57000e+02  1.87271e+00 
 2.57500e+02  1.87200e+00 
 2.58000e+02  1.87126e+00 
 2.58500e+02  1.87049e+00 
 2.59000e+02  1.86970e+00 
 2.59500e+02  1.86889e+00 
 2.60000e+02  1.86804e+00 
 2.60500e+02  1.86713e+00 
 2.61000e+02  1.86615e+00 
 2.61500e+02  1.86513e+00 
 2.62000e+02  1.86409e+00 
 2.62500e+02  1.86298e+00 
 2.63000e+02  1.86180e+00 
 2.63500e+02  1.86053e+00 
 2.64000e+02  1.85916e+00 
 2.64500e+02  1.85768e+00 
 2.65000e+02  1.85609e+00 
 2.65500e+02  1.85439e+00 
 2.66000e+02  1.85258e+00 
 2.66500e+02  1.85061e+00 
 2.67000e+02  1.84846e+00 
 2.67500e+02  1.84614e+00 
 2.68000e+02  1.84362e+00 
 2.68500e+02  1.84090e+00 
 2.69000e+02  1.83795e+00 
 2.69500e+02  1.83476e+00 
 2.70000e+02  1.83132e+00 
 2.70500e+02  1.82762e+00 
 2.71000e+02  1.82365e+00 
 2.71500e+02  1.81940e+00 
 2.72000e+02  1.81485e+00 
 2.72500e+02  1.80999e+00 
 2.73000e+02  1.80481e+00 
 2.73500e+02  1.79930e+00 
 2.74000e+02  1.79347e+00 
 2.74500e+02  1.78731e+00 
 2.75000e+02  1.78083e+00 
 2.75500e+02  1.77402e+00 
 2.76000e+02  1.76690e+00 
 2.76500e+02  1.75945e+00 
 2.77000e+02  1.75167e+00 
 2.77500e+02  1.74357e+00 
 2.78000e+02  1.73514e+00 
 2.78500e+02  1.72639e+00 
 2.79000e+02  1.71733e+00 
 2.79500e+02  1.70795e+00 
 2.80000e+02  1.69825e+00 
 2.80500e+02  1.68825e+00 
 2.81000e+02  1.67795e+00 
 2.81500e+02  1.66734e+00 
 2.82000e+02  1.65642e+00 
 2.82500e+02  1.64517e+00 
 2.83000e+02  1.63361e+00 
 2.83500e+02  1.62172e+00 
 2.84000e+02  1.60950e+00 
 2.84500e+02  1.59696e+00 
 2.85000e+02  1.58408e+00 
 2.85500e+02  1.57088e+00 
 2.86000e+02  1.55737e+00 
 2.86500e+02  1.54353e+00 
 2.87000e+02  1.52938e+00 
 2.87500e+02  1.51491e+00 
 2.88000e+02  1.50012e+00 
 2.88500e+02  1.48502e+00 
 2.89000e+02  1.46961e+00 
 2.89500e+02  1.45389e+00 
 2.90000e+02  1.43788e+00 
 2.90500e+02  1.42157e+00 
 2.91000e+02  1.40496e+00 
 2.91500e+02  1.38807e+00 
 2.92000e+02  1.37088e+00 
 2.92500e+02  1.35339e+00 
 2.93000e+02  1.33563e+00 
 2.93500e+02  1.31756e+00 
 2.94000e+02  1.29922e+00 
 2.94500e+02  1.28059e+00 
 2.95000e+02  1.26168e+00 
 2.95500e+02  1.24248e+00 
 2.96000e+02  1.22302e+00 
 2.96500e+02  1.20328e+00 
 2.97000e+02  1.18327e+00 
 2.97500e+02  1.16300e+00 
 2.98000e+02  1.14245e+00 
 2.98500e+02  1.12164e+00 
 2.99000e+02  1.10056e+00 
 2.99500e+02  1.07922e+00 
 3.00000e+02  1.05762e+00 
 3.00500e+02  1.03576e+00 
 3.01000e+02  1.01365e+00 
 3.01500e+02  9.91290e-01 
 3.02000e+02  9.68672e-01 
 3.02500e+02  9.45799e-01 
 3.03000e+02  9.22668e-01 
 3.03500e+02  8.99281e-01 
 3.04000e+02  8.75644e-01 
 3.04500e+02  8.51762e-01 
 3.05000e+02  8.27638e-01 
 3.05500e+02  8.03270e-01 
 3.06000e+02  7.78662e-01 
 3.06500e+02  7.53815e-01 
 3.07000e+02  7.28733e-01 
 3.07500e+02  7.03414e-01 
 3.08000e+02  6.77860e-01 
 3.08500e+02  6.52076e-01 
 3.09000e+02  6.26064e-01 
 3.09500e+02  5.99824e-01 
 3.10000e+02  5.73359e-01 
 3.10500e+02  5.46666e-01 
 3.11000e+02  5.19747e-01 
 3.11500e+02  4.92604e-01 
 3.12000e+02  4.65238e-01 
 3.12500e+02  4.37652e-01 
 3.13000e+02  4.09846e-01 
 3.13500e+02  3.81825e-01 
 3.14000e+02  3.53589e-01 
 3.14500e+02  3.25136e-01 
 3.15000e+02  2.96470e-01 
 3.15500e+02  2.67593e-01 
 3.16000e+02  2.38506e-01 
 3.16500e+02  2.09212e-01 
 3.17000e+02  1.79714e-01 
 3.17500e+02  1.50014e-01 
 3.18000e+02  1.20113e-01 
 3.18500e+02  9.00151e-02 
 3.19000e+02  5.97288e-02 
 3.19500e+02  2.92704e-02 
