 0.00000e+00  0.00000e+00 
 5.00000e-01  3.19156e-02 
 1.00000e+00  6.35759e-02 
 1.50000e+00  9.49816e-02 
 2.00000e+00  1.26134e-01 
 2.50000e+00  1.57035e-01 
 3.00000e+00  1.87685e-01 
 3.50000e+00  2.18085e-01 
 4.00000e+00  2.48233e-01 
 4.50000e+00  2.78128e-01 
 5.00000e+00  3.07771e-01 
 5.50000e+00  3.37163e-01 
 6.00000e+00  3.66305e-01 
 6.50000e+00  3.95198e-01 
 7.00000e+00  4.23843e-01 
 7.50000e+00  4.52240e-01 
 8.00000e+00  4.80388e-01 
 8.50000e+00  5.08285e-01 
 9.00000e+00  5.35931e-01 
 9.50000e+00  5.63325e-01 
 1.00000e+01  5.90470e-01 
 1.05000e+01  6.17365e-01 
 1.10000e+01  6.44011e-01 
 1.15000e+01  6.70404e-01 
 1.20000e+01  6.96546e-01 
 1.25000e+01  7.22434e-01 
 1.30000e+01  7.48067e-01 
 1.35000e+01  7.73444e-01 
 1.40000e+01  7.98564e-01 
 1.45000e+01  8.23426e-01 
 1.50000e+01  8.48030e-01 
 1.55000e+01  8.72375e-01 
 1.60000e+01  8.96460e-01 
 1.65000e+01  9.20281e-01 
 1.70000e+01  9.43839e-01 
 1.75000e+01  9.67132e-01 
 1.80000e+01  9.90159e-01 
 1.85000e+01  1.01291e+00 
 1.90000e+01  1.03540e+00 
 1.95000e+01  1.05761e+00 
 2.00000e+01  1.07955e+00 
 2.05000e+01  1.10122e+00 
 2.10000e+01  1.12261e+00 
 2.15000e+01  1.14373e+00 
 2.20000e+01  1.16457e+00 
 2.25000e+01  1.18513e+00 
 2.30000e+01  1.20541e+00 
 2.35000e+01  1.22540e+00 
 2.40000e+01  1.24511e+00 
 2.45000e+01  1.26453e+00 
 2.50000e+01  1.28366e+00 
 2.55000e+01  1.30249e+00 
 2.60000e+01  1.32102e+00 
 2.65000e+01  1.33927e+00 
 2.70000e+01  1.35721e+00 
 2.75000e+01  1.37485e+00 
 2.80000e+01  1.39219e+00 
 2.85000e+01  1.40923e+00 
 2.90000e+01  1.42597e+00 
 2.95000e+01  1.44240e+00 
 3.00000e+01  1.45852e+00 
 3.05000e+01  1.47433e+00 
 3.10000e+01  1.48983e+00 
 3.15000e+01  1.50501e+00 
 3.20000e+01  1.51986e+00 
 3.25000e+01  1.53440e+00 
 3.30000e+01  1.54860e+00 
 3.35000e+01  1.56248e+00 
 3.40000e+01  1.57603e+00 
 3.45000e+01  1.58925e+00 
 3.50000e+01  1.60214e+00 
 3.55000e+01  1.61469e+00 
 3.60000e+01  1.62690e+00 
 3.65000e+01  1.63877e+00 
 3.70000e+01  1.65030e+00 
 3.75000e+01  1.66150e+00 
 3.80000e+01  1.67236e+00 
 3.85000e+01  1.68288e+00 
 3.90000e+01  1.69306e+00 
 3.95000e+01  1.70288e+00 
 4.00000e+01  1.71235e+00 
 4.05000e+01  1.72148e+00 
 4.10000e+01  1.73027e+00 
 4.15000e+01  1.73871e+00 
 4.20000e+01  1.74682e+00 
 4.25000e+01  1.75458e+00 
 4.30000e+01  1.76200e+00 
 4.35000e+01  1.76909e+00 
 4.40000e+01  1.77583e+00 
 4.45000e+01  1.78224e+00 
 4.50000e+01  1.78830e+00 
 4.55000e+01  1.79403e+00 
 4.60000e+01  1.79945e+00 
 4.65000e+01  1.80456e+00 
 4.70000e+01  1.80937e+00 
 4.75000e+01  1.81388e+00 
 4.80000e+01  1.81811e+00 
 4.85000e+01  1.82207e+00 
 4.90000e+01  1.82577e+00 
 4.95000e+01  1.82920e+00 
 5.00000e+01  1.83237e+00 
 5.05000e+01  1.83530e+00 
 5.10000e+01  1.83800e+00 
 5.15000e+01  1.84050e+00 
 5.20000e+01  1.84282e+00 
 5.25000e+01  1.84498e+00 
 5.30000e+01  1.84700e+00 
 5.35000e+01  1.84888e+00 
 5.40000e+01  1.85062e+00 
 5.45000e+01  1.85223e+00 
 5.50000e+01  1.85371e+00 
 5.55000e+01  1.85507e+00 
 5.60000e+01  1.85634e+00 
 5.65000e+01  1.85754e+00 
 5.70000e+01  1.85869e+00 
 5.75000e+01  1.85976e+00 
 5.80000e+01  1.86076e+00 
 5.85000e+01  1.86168e+00 
 5.90000e+01  1.86255e+00 
 5.95000e+01  1.86336e+00 
 6.00000e+01  1.86413e+00 
 6.05000e+01  1.86485e+00 
 6.10000e+01  1.86553e+00 
 6.15000e+01  1.86619e+00 
 6.20000e+01  1.86681e+00 
 6.25000e+01  1.86741e+00 
 6.30000e+01  1.86800e+00 
 6.35000e+01  1.86856e+00 
 6.40000e+01  1.86905e+00 
 6.45000e+01  1.86952e+00 
 6.50000e+01  1.86997e+00 
 6.55000e+01  1.87042e+00 
 6.60000e+01  1.87082e+00 
 6.65000e+01  1.87120e+00 
 6.70000e+01  1.87163e+00 
 6.75000e+01  1.87207e+00 
 6.80000e+01  1.87252e+00 
 6.85000e+01  1.87297e+00 
 6.90000e+01  1.87335e+00 
 6.95000e+01  1.87372e+00 
 7.00000e+01  1.87411e+00 
 7.05000e+01  1.87450e+00 
 7.10000e+01  1.87484e+00 
 7.15000e+01  1.87516e+00 
 7.20000e+01  1.87546e+00 
 7.25000e+01  1.87576e+00 
 7.30000e+01  1.87609e+00 
 7.35000e+01  1.87641e+00 
 7.40000e+01  1.87677e+00 
 7.45000e+01  1.87713e+00 
 7.50000e+01  1.87748e+00 
 7.55000e+01  1.87783e+00 
 7.60000e+01  1.87812e+00 
 7.65000e+01  1.87838e+00 
 7.70000e+01  1.87868e+00 
 7.75000e+01  1.87894e+00 
 7.80000e+01  1.87915e+00 
 7.85000e+01  1.87933e+00 
 7.90000e+01  1.87950e+00 
 7.95000e+01  1.87973e+00 
 8.00000e+01  1.87997e+00 
 8.05000e+01  1.88020e+00 
 8.10000e+01  1.88042e+00 
 8.15000e+01  1.88063e+00 
 8.20000e+01  1.88084e+00 
 8.25000e+01  1.88100e+00 
 8.30000e+01  1.88116e+00 
 8.35000e+01  1.88134e+00 
 8.40000e+01  1.88157e+00 
 8.45000e+01  1.88184e+00 
 8.50000e+01  1.88203e+00 
 8.55000e+01  1.88219e+00 
 8.60000e+01  1.88236e+00 
 8.65000e+01  1.88249e+00 
 8.70000e+01  1.88263e+00 
 8.75000e+01  1.88278e+00 
 8.80000e+01  1.88295e+00 
 8.85000e+01  1.88310e+00 
 8.90000e+01  1.88325e+00 
 8.95000e+01  1.88337e+00 
 9.00000e+01  1.88355e+00 
 9.05000e+01  1.88375e+00 
 9.10000e+01  1.88388e+00 
 9.15000e+01  1.88400e+00 
 9.20000e+01  1.88416e+00 
 9.25000e+01  1.88434e+00 
 9.30000e+01  1.88447e+00 
 9.35000e+01  1.88461e+00 
 9.40000e+01  1.88475e+00 
 9.45000e+01  1.88489e+00 
 9.50000e+01  1.88502e+00 
 9.55000e+01  1.88514e+00 
 9.60000e+01  1.88525e+00 
 9.65000e+01  1.88531e+00 
 9.70000e+01  1.88541e+00 
 9.75000e+01  1.88552e+00 
 9.80000e+01  1.88569e+00 
 9.85000e+01  1.88578e+00 
 9.90000e+01  1.88587e+00 
 9.95000e+01  1.88597e+00 
 1.00000e+02  1.88609e+00 
 1.00500e+02  1.88619e+00 
 1.01000e+02  1.88630e+00 
 1.01500e+02  1.88640e+00 
 1.02000e+02  1.88651e+00 
 1.02500e+02  1.88662e+00 
 1.03000e+02  1.88674e+00 
 1.03500e+02  1.88682e+00 
 1.04000e+02  1.88688e+00 
 1.04500e+02  1.88697e+00 
 1.05000e+02  1.88703e+00 
 1.05500e+02  1.88709e+00 
 1.06000e+02  1.88722e+00 
 1.06500e+02  1.88727e+00 
 1.07000e+02  1.88734e+00 
 1.07500e+02  1.88746e+00 
 1.08000e+02  1.88757e+00 
 1.08500e+02  1.88769e+00 
 1.09000e+02  1.88776e+00 
 1.09500e+02  1.88783e+00 
 1.10000e+02  1.88792e+00 
 1.10500e+02  1.88798e+00 
 1.11000e+02  1.88801e+00 
 1.11500e+02  1.88808e+00 
 1.12000e+02  1.88816e+00 
 1.12500e+02  1.88820e+00 
 1.13000e+02  1.88826e+00 
 1.13500e+02  1.88831e+00 
 1.14000e+02  1.88835e+00 
 1.14500e+02  1.88838e+00 
 1.15000e+02  1.88846e+00 
 1.15500e+02  1.88854e+00 
 1.16000e+02  1.88859e+00 
 1.16500e+02  1.88867e+00 
 1.17000e+02  1.88871e+00 
 1.17500e+02  1.88874e+00 
 1.18000e+02  1.88882e+00 
 1.18500e+02  1.88887e+00 
 1.19000e+02  1.88896e+00 
 1.19500e+02  1.88898e+00 
 1.20000e+02  1.88902e+00 
 1.20500e+02  1.88909e+00 
 1.21000e+02  1.88911e+00 
 1.21500e+02  1.88915e+00 
 1.22000e+02  1.88920e+00 
 1.22500e+02  1.88923e+00 
 1.23000e+02  1.88927e+00 
 1.23500e+02  1.88931e+00 
 1.24000e+02  1.88933e+00 
 1.24500e+02  1.88932e+00 
 1.25000e+02  1.88937e+00 
 1.25500e+02  1.88940e+00 
 1.26000e+02  1.88938e+00 
 1.26500e+02  1.88944e+00 
 1.27000e+02  1.88951e+00 
 1.27500e+02  1.88956e+00 
 1.28000e+02  1.88957e+00 
 1.28500e+02  1.88957e+00 
 1.29000e+02  1.88963e+00 
 1.29500e+02  1.88970e+00 
 1.30000e+02  1.88977e+00 
 1.30500e+02  1.88979e+00 
 1.31000e+02  1.88981e+00 
 1.31500e+02  1.88983e+00 
 1.32000e+02  1.88985e+00 
 1.32500e+02  1.88987e+00 
 1.33000e+02  1.88990e+00 
 1.33500e+02  1.88992e+00 
 1.34000e+02  1.88993e+00 
 1.34500e+02  1.88995e+00 
 1.35000e+02  1.89000e+00 
 1.35500e+02  1.89000e+00 
 1.36000e+02  1.89003e+00 
 1.36500e+02  1.89003e+00 
 1.37000e+02  1.89006e+00 
 1.37500e+02  1.89007e+00 
 1.38000e+02  1.89011e+00 
 1.38500e+02  1.89015e+00 
 1.39000e+02  1.89015e+00 
 1.39500e+02  1.89015e+00 
 1.40000e+02  1.89016e+00 
 1.40500e+02  1.89018e+00 
 1.41000e+02  1.89019e+00 
 1.41500e+02  1.89020e+00 
 1.42000e+02  1.89021e+00 
 1.42500e+02  1.89023e+00 
 1.43000e+02  1.89025e+00 
 1.43500e+02  1.89026e+00 
 1.44000e+02  1.89027e+00 
 1.44500e+02  1.89027e+00 
 1.45000e+02  1.89030e+00 
 1.45500e+02  1.89033e+00 
 1.46000e+02  1.89033e+00 
 1.46500e+02  1.89034e+00 
 1.47000e+02  1.89036e+00 
 1.47500e+02  1.89034e+00 
 1.48000e+02  1.89038e+00 
 1.48500e+02  1.89039e+00 
 1.49000e+02  1.89038e+00 
 1.49500e+02  1.89039e+00 
 1.50000e+02  1.89039e+00 
 1.50500e+02  1.89040e+00 
 1.51000e+02  1.89040e+00 
 1.51500e+02  1.89041e+00 
 1.52000e+02  1.89040e+00 
 1.52500e+02  1.89042e+00 
 1.53000e+02  1.89044e+00 
 1.53500e+02  1.89045e+00 
 1.54000e+02  1.89043e+00 
 1.54500e+02  1.89044e+00 
 1.55000e+02  1.89042e+00 
 1.55500e+02  1.89044e+00 
 1.56000e+02  1.89039e+00 
 1.56500e+02  1.89042e+00 
 1.57000e+02  1.89043e+00 
 1.57500e+02  1.89042e+00 
 1.58000e+02  1.89039e+00 
 1.58500e+02  1.89039e+00 
 1.59000e+02  1.89042e+00 
 1.59500e+02  1.89043e+00 
 1.60000e+02  1.89043e+00 
 1.60500e+02  1.89043e+00 
 1.61000e+02  1.89046e+00 
 1.61500e+02  1.89042e+00 
 1.62000e+02  1.89043e+00 
 1.62500e+02  1.89046e+00 
 1.63000e+02  1.89041e+00 
 1.63500e+02  1.89042e+00 
 1.64000e+02  1.89043e+00 
 1.64500e+02  1.89044e+00 
 1.65000e+02  1.89044e+00 
 1.65500e+02  1.89044e+00 
 1.66000e+02  1.89040e+00 
 1.66500e+02  1.89044e+00 
 1.67000e+02  1.89042e+00 
 1.67500e+02  1.89041e+00 
 1.68000e+02  1.89041e+00 
 1.68500e+02  1.89042e+00 
 1.69000e+02  1.89039e+00 
 1.69500e+02  1.89037e+00 
 1.70000e+02  1.89038e+00 
 1.70500e+02  1.89040e+00 
 1.71000e+02  1.89037e+00 
 1.71500e+02  1.89036e+00 
 1.72000e+02  1.89037e+00 
 1.72500e+02  1.89032e+00 
 1.73000e+02  1.89033e+00 
 1.73500e+02  1.89032e+00 
 1.74000e+02  1.89032e+00 
 1.74500e+02  1.89033e+00 
 1.75000e+02  1.89032e+00 
 1.75500e+02  1.89027e+00 
 1.76000e+02  1.89027e+00 
 1.76500e+02  1.89025e+00 
 1.77000e+02  1.89024e+00 
 1.77500e+02  1.89025e+00 
 1.78000e+02  1.89023e+00 
 1.78500e+02  1.89021e+00 
 1.79000e+02  1.89018e+00 
 1.79500e+02  1.89016e+00 
 1.80000e+02  1.89019e+00 
 1.80500e+02  1.89015e+00 
 1.81000e+02  1.89013e+00 
 1.81500e+02  1.89010e+00 
 1.82000e+02  1.89010e+00 
 1.82500e+02  1.89009e+00 
 1.83000e+02  1.89006e+00 
 1.83500e+02  1.89006e+00 
 1.84000e+02  1.88998e+00 
 1.84500e+02  1.89001e+00 
 1.85000e+02  1.88999e+00 
 1.85500e+02  1.88995e+00 
 1.86000e+02  1.88989e+00 
 1.86500e+02  1.88988e+00 
 1.87000e+02  1.88987e+00 
 1.87500e+02  1.88985e+00 
 1.88000e+02  1.88981e+00 
 1.88500e+02  1.88980e+00 
 1.89000e+02  1.88979e+00 
 1.89500e+02  1.88975e+00 
 1.90000e+02  1.88972e+00 
 1.90500e+02  1.88970e+00 
 1.91000e+02  1.88965e+00 
 1.91500e+02  1.88962e+00 
 1.92000e+02  1.88958e+00 
 1.92500e+02  1.88956e+00 
 1.93000e+02  1.88946e+00 
 1.93500e+02  1.88947e+00 
 1.94000e+02  1.88947e+00 
 1.94500e+02  1.88945e+00 
 1.95000e+02  1.88943e+00 
 1.95500e+02  1.88936e+00 
 1.96000e+02  1.88926e+00 
 1.96500e+02  1.88925e+00 
 1.97000e+02  1.88925e+00 
 1.97500e+02  1.88923e+00 
 1.98000e+02  1.88919e+00 
 1.98500e+02  1.88913e+00 
 1.99000e+02  1.88913e+00 
 1.99500e+02  1.88907e+00 
 2.00000e+02  1.88901e+00 
 2.00500e+02  1.88897e+00 
 2.01000e+02  1.88893e+00 
 2.01500e+02  1.88891e+00 
 2.02000e+02  1.88883e+00 
 2.02500e+02  1.88877e+00 
 2.03000e+02  1.88867e+00 
 2.03500e+02  1.88867e+00 
 2.04000e+02  1.88858e+00 
 2.04500e+02  1.88855e+00 
 2.05000e+02  1.88853e+00 
 2.05500e+02  1.88846e+00 
 2.06000e+02  1.88840e+00 
 2.06500e+02  1.88834e+00 
 2.07000e+02  1.88829e+00 
 2.07500e+02  1.88824e+00 
 2.08000e+02  1.88817e+00 
 2.08500e+02  1.88815e+00 
 2.09000e+02  1.88810e+00 
 2.09500e+02  1.88803e+00 
 2.10000e+02  1.88795e+00 
 2.10500e+02  1.88791e+00 
 2.11000e+02  1.88782e+00 
 2.11500e+02  1.88779e+00 
 2.12000e+02  1.88772e+00 
 2.12500e+02  1.88763e+00 
 2.13000e+02  1.88757e+00 
 2.13500e+02  1.88750e+00 
 2.14000e+02  1.88741e+00 
 2.14500e+02  1.88736e+00 
 2.15000e+02  1.88732e+00 
 2.15500e+02  1.88721e+00 
 2.16000e+02  1.88711e+00 
 2.16500e+02  1.88701e+00 
 2.17000e+02  1.88691e+00 
 2.17500e+02  1.88684e+00 
 2.18000e+02  1.88675e+00 
 2.18500e+02  1.88667e+00 
 2.19000e+02  1.88657e+00 
 2.19500e+02  1.88650e+00 
 2.20000e+02  1.88639e+00 
 2.20500e+02  1.88626e+00 
 2.21000e+02  1.88616e+00 
 2.21500e+02  1.88603e+00 
 2.22000e+02  1.88598e+00 
 2.22500e+02  1.88588e+00 
 2.23000e+02  1.88570e+00 
 2.23500e+02  1.88553e+00 
 2.24000e+02  1.88538e+00 
 2.24500e+02  1.88528e+00 
 2.25000e+02  1.88522e+00 
 2.25500e+02  1.88514e+00 
 2.26000e+02  1.88502e+00 
 2.26500e+02  1.88487e+00 
 2.27000e+02  1.88471e+00 
 2.27500e+02  1.88459e+00 
 2.28000e+02  1.88445e+00 
 2.28500e+02  1.88427e+00 
 2.29000e+02  1.88405e+00 
 2.29500e+02  1.88385e+00 
 2.30000e+02  1.88370e+00 
 2.30500e+02  1.88356e+00 
 2.31000e+02  1.88340e+00 
 2.31500e+02  1.88325e+00 
 2.32000e+02  1.88312e+00 
 2.32500e+02  1.88298e+00 
 2.33000e+02  1.88284e+00 
 2.33500e+02  1.88269e+00 
 2.34000e+02  1.88255e+00 
 2.34500e+02  1.88236e+00 
 2.35000e+02  1.88215e+00 
 2.35500e+02  1.88190e+00 
 2.36000e+02  1.88171e+00 
 2.36500e+02  1.88154e+00 
 2.37000e+02  1.88134e+00 
 2.37500e+02  1.88115e+00 
 2.38000e+02  1.88095e+00 
 2.38500e+02  1.88082e+00 
 2.39000e+02  1.88064e+00 
 2.39500e+02  1.88044e+00 
 2.40000e+02  1.88027e+00 
 2.40500e+02  1.88006e+00 
 2.41000e+02  1.87982e+00 
 2.41500e+02  1.87955e+00 
 2.42000e+02  1.87931e+00 
 2.42500e+02  1.87904e+00 
 2.43000e+02  1.87876e+00 
 2.43500e+02  1.87851e+00 
 2.44000e+02  1.87821e+00 
 2.44500e+02  1.87793e+00 
 2.45000e+02  1.87769e+00 
 2.45500e+02  1.87743e+00 
 2.46000e+02  1.87715e+00 
 2.46500e+02  1.87684e+00 
 2.47000e+02  1.87652e+00 
 2.47500e+02  1.87622e+00 
 2.48000e+02  1.87597e+00 
 2.48500e+02  1.87566e+00 
 2.49000e+02  1.87528e+00 
 2.49500e+02  1.87490e+00 
 2.50000e+02  1.87449e+00 
 2.50500e+02  1.87409e+00 
 2.51000e+02  1.87370e+00 
 2.51500e+02  1.87330e+00 
 2.52000e+02  1.87286e+00 
 2.52500e+02  1.87239e+00 
 2.53000e+02  1.87190e+00 
 2.53500e+02  1.87141e+00 
 2.54000e+02  1.87093e+00 
 2.54500e+02  1.87044e+00 
 2.55000e+02  1.86996e+00 
 2.55500e+02  1.86948e+00 
 2.56000e+02  1.86896e+00 
 2.56500e+02  1.86835e+00 
 2.57000e+02  1.86768e+00 
 2.57500e+02  1.86697e+00 
 2.58000e+02  1.86623e+00 
 2.58500e+02  1.86549e+00 
 2.59000e+02  1.86473e+00 
 2.59500e+02  1.86395e+00 
 2.60000e+02  1.86318e+00 
 2.60500e+02  1.86238e+00 
 2.61000e+02  1.86154e+00 
 2.61500e+02  1.86066e+00 
 2.62000e+02  1.85972e+00 
 2.62500e+02  1.85873e+00 
 2.63000e+02  1.85765e+00 
 2.63500e+02  1.85647e+00 
 2.64000e+02  1.85520e+00 
 2.64500e+02  1.85381e+00 
 2.65000e+02  1.85232e+00 
 2.65500e+02  1.85075e+00 
 2.66000e+02  1.84906e+00 
 2.66500e+02  1.84720e+00 
 2.67000e+02  1.84517e+00 
 2.67500e+02  1.84298e+00 
 2.68000e+02  1.84063e+00 
 2.68500e+02  1.83809e+00 
 2.69000e+02  1.83534e+00 
 2.69500e+02  1.83237e+00 
 2.70000e+02  1.82916e+00 
 2.70500e+02  1.82571e+00 
 2.71000e+02  1.82199e+00 
 2.71500e+02  1.81800e+00 
 2.72000e+02  1.81372e+00 
 2.72500e+02  1.80914e+00 
 2.73000e+02  1.80425e+00 
 2.73500e+02  1.79905e+00 
 2.74000e+02  1.79354e+00 
 2.74500e+02  1.78771e+00 
 2.75000e+02  1.78155e+00 
 2.75500e+02  1.77507e+00 
 2.76000e+02  1.76827e+00 
 2.76500e+02  1.76114e+00 
 2.77000e+02  1.75367e+00 
 2.77500e+02  1.74587e+00 
 2.78000e+02  1.73773e+00 
 2.78500e+02  1.72927e+00 
 2.79000e+02  1.72048e+00 
 2.79500e+02  1.71136e+00 
 2.80000e+02  1.70192e+00 
 2.80500e+02  1.69216e+00 
 2.81000e+02  1.68207e+00 
 2.81500e+02  1.67168e+00 
 2.82000e+02  1.66096e+00 
 2.82500e+02  1.64992e+00 
 2.83000e+02  1.63856e+00 
 2.83500e+02  1.62685e+00 
 2.84000e+02  1.61480e+00 
 2.84500e+02  1.60242e+00 
 2.85000e+02  1.58969e+00 
 2.85500e+02  1.57664e+00 
 2.86000e+02  1.56325e+00 
 2.86500e+02  1.54954e+00 
 2.87000e+02  1.53549e+00 
 2.87500e+02  1.52112e+00 
 2.88000e+02  1.50642e+00 
 2.88500e+02  1.49140e+00 
 2.89000e+02  1.47607e+00 
 2.89500e+02  1.46042e+00 
 2.90000e+02  1.44445e+00 
 2.90500e+02  1.42817e+00 
 2.91000e+02  1.41159e+00 
 2.91500e+02  1.39471e+00 
 2.92000e+02  1.37753e+00 
 2.92500e+02  1.36005e+00 
 2.93000e+02  1.34229e+00 
 2.93500e+02  1.32424e+00 
 2.94000e+02  1.30590e+00 
 2.94500e+02  1.28728e+00 
 2.95000e+02  1.26836e+00 
 2.95500e+02  1.24917e+00 
 2.96000e+02  1.22970e+00 
 2.96500e+02  1.20995e+00 
 2.97000e+02  1.18993e+00 
 2.97500e+02  1.16963e+00 
 2.98000e+02  1.14906e+00 
 2.98500e+02  1.12823e+00 
 2.99000e+02  1.10712e+00 
 2.99500e+02  1.08575e+00 
 3.00000e+02  1.06411e+00 
 3.00500e+02  1.04220e+00 
 3.01000e+02  1.02004e+00 
 3.01500e+02  9.97615e-01 
 3.02000e+02  9.74933e-01 
 3.02500e+02  9.51994e-01 
 3.03000e+02  9.28800e-01 
 3.03500e+02  9.05348e-01 
 3.04000e+02  8.81643e-01 
 3.04500e+02  8.57684e-01 
 3.05000e+02  8.33475e-01 
 3.05500e+02  8.09014e-01 
 3.06000e+02  7.84304e-01 
 3.06500e+02  7.59347e-01 
 3.07000e+02  7.34146e-01 
 3.07500e+02  7.08703e-01 
 3.08000e+02  6.83020e-01 
 3.08500e+02  6.57102e-01 
 3.09000e+02  6.30952e-01 
 3.09500e+02  6.04572e-01 
 3.10000e+02  5.77959e-01 
 3.10500e+02  5.51115e-01 
 3.11000e+02  5.24042e-01 
 3.11500e+02  4.96741e-01 
 3.12000e+02  4.69212e-01 
 3.12500e+02  4.41453e-01 
 3.13000e+02  4.13465e-01 
 3.13500e+02  3.85250e-01 
 3.14000e+02  3.56814e-01 
 3.14500e+02  3.28158e-01 
 3.15000e+02  2.99284e-01 
 3.15500e+02  2.70191e-01 
 3.16000e+02  2.40878e-01 
 3.16500e+02  2.11348e-01 
 3.17000e+02  1.81601e-01 
 3.17500e+02  1.51643e-01 
 3.18000e+02  1.21478e-01 
 3.18500e+02  9.11132e-02 
 3.19000e+02  6.05558e-02 
 3.19500e+02  2.98226e-02 
