 0.00000e+00  2.25271e-05 
 5.00000e-01  2.21615e-05 
 1.00000e+00  2.41743e-05 
 1.50000e+00  2.61471e-05 
 2.00000e+00  2.73879e-05 
 2.50000e+00  2.86775e-05 
 3.00000e+00  2.99799e-05 
 3.50000e+00  3.05039e-05 
 4.00000e+00  3.15343e-05 
 4.50000e+00  3.28439e-05 
 5.00000e+00  3.43191e-05 
 5.50000e+00  3.48767e-05 
 6.00000e+00  3.60687e-05 
 6.50000e+00  3.71367e-05 
 7.00000e+00  3.87615e-05 
 7.50000e+00  3.97222e-05 
 8.00000e+00  4.11454e-05 
 8.50000e+00  4.19654e-05 
 9.00000e+00  4.32142e-05 
 9.50000e+00  4.37822e-05 
 1.00000e+01  4.50238e-05 
 1.05000e+01  4.63086e-05 
 1.10000e+01  4.78878e-05 
 1.15000e+01  4.91966e-05 
 1.20000e+01  5.03110e-05 
 1.25000e+01  5.14566e-05 
 1.30000e+01  5.29350e-05 
 1.35000e+01  5.42174e-05 
 1.40000e+01  5.53886e-05 
 1.45000e+01  5.65166e-05 
 1.50000e+01  5.81038e-05 
 1.55000e+01  5.94246e-05 
 1.60000e+01  6.02494e-05 
 1.65000e+01  6.23886e-05 
 1.70000e+01  6.38134e-05 
 1.75000e+01  6.46854e-05 
 1.80000e+01  6.64629e-05 
 1.85000e+01  6.86237e-05 
 1.90000e+01  7.03469e-05 
 1.95000e+01  7.29165e-05 
 2.00000e+01  7.48509e-05 
 2.05000e+01  7.69757e-05 
 2.10000e+01  7.82357e-05 
 2.15000e+01  8.05245e-05 
 2.20000e+01  8.31813e-05 
 2.25000e+01  8.60421e-05 
 2.30000e+01  8.82957e-05 
 2.35000e+01  9.07117e-05 
 2.40000e+01  9.29780e-05 
 2.45000e+01  9.56644e-05 
 2.50000e+01  9.76412e-05 
 2.55000e+01  1.00886e-04 
 2.60000e+01  1.03488e-04 
 2.65000e+01  1.07576e-04 
 2.70000e+01  1.11509e-04 
 2.75000e+01  1.15227e-04 
 2.80000e+01  1.19711e-04 
 2.85000e+01  1.23493e-04 
 2.90000e+01  1.28399e-04 
 2.95000e+01  1.33851e-04 
 3.00000e+01  1.38873e-04 
 3.05000e+01  1.43932e-04 
 3.10000e+01  1.51203e-04 
 3.15000e+01  1.59180e-04 
 3.20000e+01  1.66089e-04 
 3.25000e+01  1.72783e-04 
 3.30000e+01  1.83081e-04 
 3.35000e+01  1.92992e-04 
 3.40000e+01  2.02520e-04 
 3.45000e+01  2.13702e-04 
 3.50000e+01  2.25272e-04 
 3.55000e+01  2.37006e-04 
 3.60000e+01  2.51463e-04 
 3.65000e+01  2.64735e-04 
 3.70000e+01  2.76337e-04 
 3.75000e+01  2.90041e-04 
 3.80000e+01  3.03848e-04 
 3.85000e+01  3.19690e-04 
 3.90000e+01  3.32692e-04 
 3.95000e+01  3.47955e-04 
 4.00000e+01  3.65558e-04 
 4.05000e+01  3.79694e-04 
 4.10000e+01  3.98186e-04 
 4.15000e+01  4.18002e-04 
 4.20000e+01  4.35058e-04 
 4.25000e+01  4.55003e-04 
 4.30000e+01  4.72988e-04 
 4.35000e+01  4.90843e-04 
 4.40000e+01  5.10108e-04 
 4.45000e+01  5.28616e-04 
 4.50000e+01  5.51200e-04 
 4.55000e+01  5.71852e-04 
 4.60000e+01  5.95515e-04 
 4.65000e+01  6.16701e-04 
 4.70000e+01  6.36618e-04 
 4.75000e+01  6.60421e-04 
 4.80000e+01  6.83250e-04 
 4.85000e+01  7.10025e-04 
 4.90000e+01  7.34434e-04 
 4.95000e+01  7.63994e-04 
 5.00000e+01  7.94413e-04 
 5.05000e+01  8.22150e-04 
 5.10000e+01  8.54438e-04 
 5.15000e+01  8.88337e-04 
 5.20000e+01  9.20589e-04 
 5.25000e+01  9.56280e-04 
 5.30000e+01  9.93985e-04 
 5.35000e+01  1.03716e-03 
 5.40000e+01  1.07696e-03 
 5.45000e+01  1.12186e-03 
 5.50000e+01  1.16716e-03 
 5.55000e+01  1.21666e-03 
 5.60000e+01  1.26675e-03 
 5.65000e+01  1.31821e-03 
 5.70000e+01  1.37394e-03 
 5.75000e+01  1.43271e-03 
 5.80000e+01  1.49488e-03 
 5.85000e+01  1.55536e-03 
 5.90000e+01  1.62304e-03 
 5.95000e+01  1.69291e-03 
 6.00000e+01  1.76880e-03 
 6.05000e+01  1.84973e-03 
 6.10000e+01  1.93289e-03 
 6.15000e+01  2.02275e-03 
 6.20000e+01  2.11588e-03 
 6.25000e+01  2.21667e-03 
 6.30000e+01  2.31692e-03 
 6.35000e+01  2.42090e-03 
 6.40000e+01  2.51460e-03 
 6.45000e+01  2.62007e-03 
 6.50000e+01  2.72528e-03 
 6.55000e+01  2.83246e-03 
 6.60000e+01  2.93883e-03 
 6.65000e+01  3.04483e-03 
 6.70000e+01  3.15659e-03 
 6.75000e+01  3.26662e-03 
 6.80000e+01  3.37952e-03 
 6.85000e+01  3.49110e-03 
 6.90000e+01  3.60006e-03 
 6.95000e+01  3.71127e-03 
 7.00000e+01  3.82474e-03 
 7.05000e+01  3.92820e-03 
 7.10000e+01  4.03589e-03 
 7.15000e+01  4.13160e-03 
 7.20000e+01  4.23912e-03 
 7.25000e+01  4.34614e-03 
 7.30000e+01  4.45053e-03 
 7.35000e+01  4.54383e-03 
 7.40000e+01  4.64535e-03 
 7.45000e+01  4.75745e-03 
 7.50000e+01  4.84420e-03 
 7.55000e+01  4.94219e-03 
 7.60000e+01  5.03643e-03 
 7.65000e+01  5.12196e-03 
 7.70000e+01  5.21130e-03 
 7.75000e+01  5.30611e-03 
 7.80000e+01  5.39082e-03 
 7.85000e+01  5.46695e-03 
 7.90000e+01  5.56091e-03 
 7.95000e+01  5.63374e-03 
 8.00000e+01  5.70916e-03 
 8.05000e+01  5.77919e-03 
 8.10000e+01  5.85424e-03 
 8.15000e+01  5.93097e-03 
 8.20000e+01  5.98319e-03 
 8.25000e+01  6.04039e-03 
 8.30000e+01  6.10214e-03 
 8.35000e+01  6.16285e-03 
 8.40000e+01  6.22643e-03 
 8.45000e+01  6.28982e-03 
 8.50000e+01  6.34132e-03 
 8.55000e+01  6.40947e-03 
 8.60000e+01  6.46970e-03 
 8.65000e+01  6.52921e-03 
 8.70000e+01  6.59502e-03 
 8.75000e+01  6.65451e-03 
 8.80000e+01  6.70806e-03 
 8.85000e+01  6.76289e-03 
 8.90000e+01  6.81777e-03 
 8.95000e+01  6.84968e-03 
 9.00000e+01  6.87978e-03 
 9.05000e+01  6.93197e-03 
 9.10000e+01  6.97118e-03 
 9.15000e+01  7.00994e-03 
 9.20000e+01  7.04897e-03 
 9.25000e+01  7.08955e-03 
 9.30000e+01  7.12536e-03 
 9.35000e+01  7.16054e-03 
 9.40000e+01  7.18970e-03 
 9.45000e+01  7.21558e-03 
 9.50000e+01  7.25316e-03 
 9.55000e+01  7.27494e-03 
 9.60000e+01  7.31243e-03 
 9.65000e+01  7.35457e-03 
 9.70000e+01  7.38669e-03 
 9.75000e+01  7.41615e-03 
 9.80000e+01  7.46022e-03 
 9.85000e+01  7.49827e-03 
 9.90000e+01  7.53630e-03 
 9.95000e+01  7.56785e-03 
 1.00000e+02  7.58286e-03 
 1.00500e+02  7.61674e-03 
 1.01000e+02  7.64386e-03 
 1.01500e+02  7.66374e-03 
 1.02000e+02  7.69293e-03 
 1.02500e+02  7.70930e-03 
 1.03000e+02  7.73691e-03 
 1.03500e+02  7.76158e-03 
 1.04000e+02  7.77968e-03 
 1.04500e+02  7.81084e-03 
 1.05000e+02  7.85266e-03 
 1.05500e+02  7.87111e-03 
 1.06000e+02  7.89445e-03 
 1.06500e+02  7.91367e-03 
 1.07000e+02  7.94605e-03 
 1.07500e+02  7.97890e-03 
 1.08000e+02  7.99606e-03 
 1.08500e+02  8.00485e-03 
 1.09000e+02  8.03147e-03 
 1.09500e+02  8.05704e-03 
 1.10000e+02  8.06739e-03 
 1.10500e+02  8.09662e-03 
 1.11000e+02  8.11865e-03 
 1.11500e+02  8.12512e-03 
 1.12000e+02  8.14478e-03 
 1.12500e+02  8.15792e-03 
 1.13000e+02  8.16786e-03 
 1.13500e+02  8.18471e-03 
 1.14000e+02  8.19686e-03 
 1.14500e+02  8.22211e-03 
 1.15000e+02  8.23563e-03 
 1.15500e+02  8.24046e-03 
 1.16000e+02  8.24355e-03 
 1.16500e+02  8.25519e-03 
 1.17000e+02  8.26365e-03 
 1.17500e+02  8.26693e-03 
 1.18000e+02  8.27608e-03 
 1.18500e+02  8.27872e-03 
 1.19000e+02  8.27809e-03 
 1.19500e+02  8.27484e-03 
 1.20000e+02  8.27585e-03 
 1.20500e+02  8.27893e-03 
 1.21000e+02  8.28753e-03 
 1.21500e+02  8.29547e-03 
 1.22000e+02  8.29715e-03 
 1.22500e+02  8.28712e-03 
 1.23000e+02  8.29220e-03 
 1.23500e+02  8.30832e-03 
 1.24000e+02  8.32062e-03 
 1.24500e+02  8.31202e-03 
 1.25000e+02  8.32972e-03 
 1.25500e+02  8.32818e-03 
 1.26000e+02  8.32236e-03 
 1.26500e+02  8.30660e-03 
 1.27000e+02  8.31347e-03 
 1.27500e+02  8.32474e-03 
 1.28000e+02  8.33150e-03 
 1.28500e+02  8.33881e-03 
 1.29000e+02  8.34634e-03 
 1.29500e+02  8.34222e-03 
 1.30000e+02  8.33697e-03 
 1.30500e+02  8.33044e-03 
 1.31000e+02  8.33811e-03 
 1.31500e+02  8.34225e-03 
 1.32000e+02  8.34433e-03 
 1.32500e+02  8.34410e-03 
 1.33000e+02  8.35280e-03 
 1.33500e+02  8.34917e-03 
 1.34000e+02  8.34941e-03 
 1.34500e+02  8.35431e-03 
 1.35000e+02  8.35216e-03 
 1.35500e+02  8.35408e-03 
 1.36000e+02  8.35610e-03 
 1.36500e+02  8.35214e-03 
 1.37000e+02  8.35012e-03 
 1.37500e+02  8.35210e-03 
 1.38000e+02  8.34833e-03 
 1.38500e+02  8.34831e-03 
 1.39000e+02  8.32982e-03 
 1.39500e+02  8.33944e-03 
 1.40000e+02  8.34076e-03 
 1.40500e+02  8.34317e-03 
 1.41000e+02  8.33876e-03 
 1.41500e+02  8.33918e-03 
 1.42000e+02  8.33770e-03 
 1.42500e+02  8.32995e-03 
 1.43000e+02  8.34135e-03 
 1.43500e+02  8.35030e-03 
 1.44000e+02  8.34965e-03 
 1.44500e+02  8.34581e-03 
 1.45000e+02  8.34251e-03 
 1.45500e+02  8.36103e-03 
 1.46000e+02  8.37333e-03 
 1.46500e+02  8.37580e-03 
 1.47000e+02  8.38015e-03 
 1.47500e+02  8.38638e-03 
 1.48000e+02  8.37587e-03 
 1.48500e+02  8.37794e-03 
 1.49000e+02  8.37658e-03 
 1.49500e+02  8.36896e-03 
 1.50000e+02  8.36431e-03 
 1.50500e+02  8.38806e-03 
 1.51000e+02  8.38079e-03 
 1.51500e+02  8.37802e-03 
 1.52000e+02  8.39263e-03 
 1.52500e+02  8.38390e-03 
 1.53000e+02  8.38589e-03 
 1.53500e+02  8.38636e-03 
 1.54000e+02  8.37909e-03 
 1.54500e+02  8.37568e-03 
 1.55000e+02  8.38142e-03 
 1.55500e+02  8.39151e-03 
 1.56000e+02  8.38106e-03 
 1.56500e+02  8.38105e-03 
 1.57000e+02  8.38750e-03 
 1.57500e+02  8.39705e-03 
 1.58000e+02  8.39364e-03 
 1.58500e+02  8.39344e-03 
 1.59000e+02  8.39552e-03 
 1.59500e+02  8.39248e-03 
 1.60000e+02  8.38738e-03 
 1.60500e+02  8.40202e-03 
 1.61000e+02  8.39622e-03 
 1.61500e+02  8.39345e-03 
 1.62000e+02  8.37765e-03 
 1.62500e+02  8.36799e-03 
 1.63000e+02  8.38458e-03 
 1.63500e+02  8.39039e-03 
 1.64000e+02  8.37640e-03 
 1.64500e+02  8.37933e-03 
 1.65000e+02  8.38648e-03 
 1.65500e+02  8.39098e-03 
 1.66000e+02  8.38712e-03 
 1.66500e+02  8.38160e-03 
 1.67000e+02  8.39439e-03 
 1.67500e+02  8.37947e-03 
 1.68000e+02  8.38042e-03 
 1.68500e+02  8.38287e-03 
 1.69000e+02  8.38545e-03 
 1.69500e+02  8.39341e-03 
 1.70000e+02  8.40350e-03 
 1.70500e+02  8.40528e-03 
 1.71000e+02  8.41000e-03 
 1.71500e+02  8.41441e-03 
 1.72000e+02  8.41145e-03 
 1.72500e+02  8.40615e-03 
 1.73000e+02  8.39744e-03 
 1.73500e+02  8.40725e-03 
 1.74000e+02  8.39771e-03 
 1.74500e+02  8.39089e-03 
 1.75000e+02  8.39350e-03 
 1.75500e+02  8.37878e-03 
 1.76000e+02  8.38833e-03 
 1.76500e+02  8.38379e-03 
 1.77000e+02  8.37817e-03 
 1.77500e+02  8.38483e-03 
 1.78000e+02  8.38140e-03 
 1.78500e+02  8.37697e-03 
 1.79000e+02  8.37189e-03 
 1.79500e+02  8.37077e-03 
 1.80000e+02  8.38271e-03 
 1.80500e+02  8.38188e-03 
 1.81000e+02  8.36834e-03 
 1.81500e+02  8.37288e-03 
 1.82000e+02  8.37383e-03 
 1.82500e+02  8.36635e-03 
 1.83000e+02  8.37497e-03 
 1.83500e+02  8.36919e-03 
 1.84000e+02  8.36982e-03 
 1.84500e+02  8.37075e-03 
 1.85000e+02  8.36662e-03 
 1.85500e+02  8.37345e-03 
 1.86000e+02  8.36767e-03 
 1.86500e+02  8.37071e-03 
 1.87000e+02  8.36454e-03 
 1.87500e+02  8.36951e-03 
 1.88000e+02  8.37839e-03 
 1.88500e+02  8.36367e-03 
 1.89000e+02  8.35538e-03 
 1.89500e+02  8.34720e-03 
 1.90000e+02  8.35167e-03 
 1.90500e+02  8.35034e-03 
 1.91000e+02  8.33993e-03 
 1.91500e+02  8.33769e-03 
 1.92000e+02  8.33245e-03 
 1.92500e+02  8.33654e-03 
 1.93000e+02  8.34660e-03 
 1.93500e+02  8.33808e-03 
 1.94000e+02  8.34742e-03 
 1.94500e+02  8.34639e-03 
 1.95000e+02  8.35176e-03 
 1.95500e+02  8.34710e-03 
 1.96000e+02  8.35495e-03 
 1.96500e+02  8.35744e-03 
 1.97000e+02  8.34604e-03 
 1.97500e+02  8.34865e-03 
 1.98000e+02  8.33988e-03 
 1.98500e+02  8.32025e-03 
 1.99000e+02  8.29517e-03 
 1.99500e+02  8.29141e-03 
 2.00000e+02  8.28484e-03 
 2.00500e+02  8.28298e-03 
 2.01000e+02  8.28118e-03 
 2.01500e+02  8.27761e-03 
 2.02000e+02  8.25395e-03 
 2.02500e+02  8.23672e-03 
 2.03000e+02  8.23033e-03 
 2.03500e+02  8.22115e-03 
 2.04000e+02  8.20829e-03 
 2.04500e+02  8.21878e-03 
 2.05000e+02  8.20737e-03 
 2.05500e+02  8.18723e-03 
 2.06000e+02  8.16147e-03 
 2.06500e+02  8.13526e-03 
 2.07000e+02  8.12007e-03 
 2.07500e+02  8.10119e-03 
 2.08000e+02  8.08169e-03 
 2.08500e+02  8.06225e-03 
 2.09000e+02  8.04174e-03 
 2.09500e+02  8.02130e-03 
 2.10000e+02  7.98274e-03 
 2.10500e+02  7.96436e-03 
 2.11000e+02  7.94057e-03 
 2.11500e+02  7.92213e-03 
 2.12000e+02  7.90879e-03 
 2.12500e+02  7.89380e-03 
 2.13000e+02  7.87507e-03 
 2.13500e+02  7.85341e-03 
 2.14000e+02  7.82023e-03 
 2.14500e+02  7.80567e-03 
 2.15000e+02  7.78349e-03 
 2.15500e+02  7.75551e-03 
 2.16000e+02  7.72843e-03 
 2.16500e+02  7.70919e-03 
 2.17000e+02  7.68694e-03 
 2.17500e+02  7.64872e-03 
 2.18000e+02  7.62043e-03 
 2.18500e+02  7.60919e-03 
 2.19000e+02  7.59740e-03 
 2.19500e+02  7.57779e-03 
 2.20000e+02  7.55951e-03 
 2.20500e+02  7.52341e-03 
 2.21000e+02  7.48134e-03 
 2.21500e+02  7.45615e-03 
 2.22000e+02  7.42152e-03 
 2.22500e+02  7.38365e-03 
 2.23000e+02  7.35488e-03 
 2.23500e+02  7.31407e-03 
 2.24000e+02  7.28541e-03 
 2.24500e+02  7.24022e-03 
 2.25000e+02  7.20392e-03 
 2.25500e+02  7.18340e-03 
 2.26000e+02  7.14072e-03 
 2.26500e+02  7.10321e-03 
 2.27000e+02  7.06304e-03 
 2.27500e+02  7.01335e-03 
 2.28000e+02  6.96365e-03 
 2.28500e+02  6.88844e-03 
 2.29000e+02  6.84845e-03 
 2.29500e+02  6.79445e-03 
 2.30000e+02  6.74461e-03 
 2.30500e+02  6.68454e-03 
 2.31000e+02  6.62923e-03 
 2.31500e+02  6.57286e-03 
 2.32000e+02  6.52243e-03 
 2.32500e+02  6.47020e-03 
 2.33000e+02  6.41893e-03 
 2.33500e+02  6.37131e-03 
 2.34000e+02  6.32186e-03 
 2.34500e+02  6.26388e-03 
 2.35000e+02  6.20945e-03 
 2.35500e+02  6.16028e-03 
 2.36000e+02  6.09270e-03 
 2.36500e+02  6.02512e-03 
 2.37000e+02  5.96058e-03 
 2.37500e+02  5.90210e-03 
 2.38000e+02  5.83549e-03 
 2.38500e+02  5.77080e-03 
 2.39000e+02  5.69711e-03 
 2.39500e+02  5.62037e-03 
 2.40000e+02  5.53690e-03 
 2.40500e+02  5.45899e-03 
 2.41000e+02  5.36798e-03 
 2.41500e+02  5.29617e-03 
 2.42000e+02  5.20903e-03 
 2.42500e+02  5.11043e-03 
 2.43000e+02  5.02377e-03 
 2.43500e+02  4.94142e-03 
 2.44000e+02  4.83879e-03 
 2.44500e+02  4.74377e-03 
 2.45000e+02  4.63932e-03 
 2.45500e+02  4.54545e-03 
 2.46000e+02  4.43880e-03 
 2.46500e+02  4.33918e-03 
 2.47000e+02  4.23372e-03 
 2.47500e+02  4.12811e-03 
 2.48000e+02  4.02050e-03 
 2.48500e+02  3.90692e-03 
 2.49000e+02  3.79381e-03 
 2.49500e+02  3.68824e-03 
 2.50000e+02  3.58425e-03 
 2.50500e+02  3.47233e-03 
 2.51000e+02  3.35633e-03 
 2.51500e+02  3.24016e-03 
 2.52000e+02  3.12616e-03 
 2.52500e+02  3.01383e-03 
 2.53000e+02  2.90447e-03 
 2.53500e+02  2.80288e-03 
 2.54000e+02  2.70101e-03 
 2.54500e+02  2.59128e-03 
 2.55000e+02  2.48460e-03 
 2.55500e+02  2.38417e-03 
 2.56000e+02  2.28116e-03 
 2.56500e+02  2.18547e-03 
 2.57000e+02  2.08797e-03 
 2.57500e+02  1.99310e-03 
 2.58000e+02  1.90099e-03 
 2.58500e+02  1.81380e-03 
 2.59000e+02  1.73621e-03 
 2.59500e+02  1.65982e-03 
 2.60000e+02  1.58596e-03 
 2.60500e+02  1.52032e-03 
 2.61000e+02  1.46134e-03 
 2.61500e+02  1.40051e-03 
 2.62000e+02  1.34192e-03 
 2.62500e+02  1.28606e-03 
 2.63000e+02  1.23536e-03 
 2.63500e+02  1.19177e-03 
 2.64000e+02  1.13899e-03 
 2.64500e+02  1.09431e-03 
 2.65000e+02  1.05139e-03 
 2.65500e+02  1.01254e-03 
 2.66000e+02  9.69495e-04 
 2.66500e+02  9.30441e-04 
 2.67000e+02  8.92227e-04 
 2.67500e+02  8.61574e-04 
 2.68000e+02  8.30806e-04 
 2.68500e+02  7.97364e-04 
 2.69000e+02  7.71944e-04 
 2.69500e+02  7.46792e-04 
 2.70000e+02  7.19659e-04 
 2.70500e+02  6.95445e-04 
 2.71000e+02  6.69550e-04 
 2.71500e+02  6.46462e-04 
 2.72000e+02  6.26279e-04 
 2.72500e+02  6.06410e-04 
 2.73000e+02  5.84240e-04 
 2.73500e+02  5.64870e-04 
 2.74000e+02  5.45346e-04 
 2.74500e+02  5.23745e-04 
 2.75000e+02  5.02000e-04 
 2.75500e+02  4.85169e-04 
 2.76000e+02  4.65894e-04 
 2.76500e+02  4.48637e-04 
 2.77000e+02  4.33998e-04 
 2.77500e+02  4.16786e-04 
 2.78000e+02  4.00463e-04 
 2.78500e+02  3.86296e-04 
 2.79000e+02  3.67974e-04 
 2.79500e+02  3.51950e-04 
 2.80000e+02  3.36480e-04 
 2.80500e+02  3.20234e-04 
 2.81000e+02  3.06846e-04 
 2.81500e+02  2.94304e-04 
 2.82000e+02  2.78969e-04 
 2.82500e+02  2.65473e-04 
 2.83000e+02  2.52798e-04 
 2.83500e+02  2.40639e-04 
 2.84000e+02  2.29062e-04 
 2.84500e+02  2.17537e-04 
 2.85000e+02  2.07349e-04 
 2.85500e+02  1.97485e-04 
 2.86000e+02  1.88331e-04 
 2.86500e+02  1.80149e-04 
 2.87000e+02  1.71807e-04 
 2.87500e+02  1.64296e-04 
 2.88000e+02  1.57759e-04 
 2.88500e+02  1.49311e-04 
 2.89000e+02  1.43443e-04 
 2.89500e+02  1.36938e-04 
 2.90000e+02  1.31820e-04 
 2.90500e+02  1.27005e-04 
 2.91000e+02  1.21776e-04 
 2.91500e+02  1.16894e-04 
 2.92000e+02  1.13868e-04 
 2.92500e+02  1.09380e-04 
 2.93000e+02  1.05756e-04 
 2.93500e+02  1.02733e-04 
 2.94000e+02  1.00196e-04 
 2.94500e+02  9.78740e-05 
 2.95000e+02  9.46308e-05 
 2.95500e+02  9.17509e-05 
 2.96000e+02  8.90669e-05 
 2.96500e+02  8.56821e-05 
 2.97000e+02  8.36693e-05 
 2.97500e+02  8.15989e-05 
 2.98000e+02  7.90701e-05 
 2.98500e+02  7.67941e-05 
 2.99000e+02  7.54685e-05 
 2.99500e+02  7.39333e-05 
 3.00000e+02  7.19621e-05 
 3.00500e+02  7.03445e-05 
 3.01000e+02  6.89765e-05 
 3.01500e+02  6.68949e-05 
 3.02000e+02  6.58349e-05 
 3.02500e+02  6.40262e-05 
 3.03000e+02  6.27430e-05 
 3.03500e+02  6.13182e-05 
 3.04000e+02  6.04150e-05 
 3.04500e+02  5.82982e-05 
 3.05000e+02  5.76246e-05 
 3.05500e+02  5.60374e-05 
 3.06000e+02  5.53070e-05 
 3.06500e+02  5.35198e-05 
 3.07000e+02  5.17022e-05 
 3.07500e+02  5.04894e-05 
 3.08000e+02  4.93374e-05 
 3.08500e+02  4.86406e-05 
 3.09000e+02  4.74526e-05 
 3.09500e+02  4.61486e-05 
 3.10000e+02  4.45342e-05 
 3.10500e+02  4.35646e-05 
 3.11000e+02  4.26734e-05 
 3.11500e+02  4.15326e-05 
 3.12000e+02  4.02966e-05 
 3.12500e+02  3.89767e-05 
 3.13000e+02  3.78167e-05 
 3.13500e+02  3.67711e-05 
 3.14000e+02  3.54263e-05 
 3.14500e+02  3.43847e-05 
 3.15000e+02  3.30111e-05 
 3.15500e+02  3.16751e-05 
 3.16000e+02  3.04319e-05 
 3.16500e+02  2.91479e-05 
 3.17000e+02  2.79863e-05 
 3.17500e+02  2.63287e-05 
 3.18000e+02  2.51247e-05 
 3.18500e+02  2.41527e-05 
 3.19000e+02  2.29335e-05 
 3.19500e+02  2.27407e-05 
