 0.00000e+00  2.21312e-05 
 5.00000e-01  2.21096e-05 
 1.00000e+00  2.32824e-05 
 1.50000e+00  2.45448e-05 
 2.00000e+00  2.59592e-05 
 2.50000e+00  2.72296e-05 
 3.00000e+00  2.84536e-05 
 3.50000e+00  2.97608e-05 
 4.00000e+00  3.03720e-05 
 4.50000e+00  3.18000e-05 
 5.00000e+00  3.32264e-05 
 5.50000e+00  3.38472e-05 
 6.00000e+00  3.49224e-05 
 6.50000e+00  3.66808e-05 
 7.00000e+00  3.76320e-05 
 7.50000e+00  3.83584e-05 
 8.00000e+00  3.94168e-05 
 8.50000e+00  4.09456e-05 
 9.00000e+00  4.18808e-05 
 9.50000e+00  4.29024e-05 
 1.00000e+01  4.44664e-05 
 1.05000e+01  4.59912e-05 
 1.10000e+01  4.69080e-05 
 1.15000e+01  4.80264e-05 
 1.20000e+01  4.91320e-05 
 1.25000e+01  5.00912e-05 
 1.30000e+01  5.14648e-05 
 1.35000e+01  5.33920e-05 
 1.40000e+01  5.41104e-05 
 1.45000e+01  5.57568e-05 
 1.50000e+01  5.72232e-05 
 1.55000e+01  5.89072e-05 
 1.60000e+01  5.98880e-05 
 1.65000e+01  6.20848e-05 
 1.70000e+01  6.37920e-05 
 1.75000e+01  6.49000e-05 
 1.80000e+01  6.65368e-05 
 1.85000e+01  6.78648e-05 
 1.90000e+01  6.95856e-05 
 1.95000e+01  7.17856e-05 
 2.00000e+01  7.33976e-05 
 2.05000e+01  7.51448e-05 
 2.10000e+01  7.69664e-05 
 2.15000e+01  7.97488e-05 
 2.20000e+01  8.21824e-05 
 2.25000e+01  8.40832e-05 
 2.30000e+01  8.65560e-05 
 2.35000e+01  8.89288e-05 
 2.40000e+01  9.13856e-05 
 2.45000e+01  9.42688e-05 
 2.50000e+01  9.75952e-05 
 2.55000e+01  1.00106e-04 
 2.60000e+01  1.02306e-04 
 2.65000e+01  1.06905e-04 
 2.70000e+01  1.10830e-04 
 2.75000e+01  1.14864e-04 
 2.80000e+01  1.17906e-04 
 2.85000e+01  1.22310e-04 
 2.90000e+01  1.27606e-04 
 2.95000e+01  1.33479e-04 
 3.00000e+01  1.38742e-04 
 3.05000e+01  1.45430e-04 
 3.10000e+01  1.52746e-04 
 3.15000e+01  1.60375e-04 
 3.20000e+01  1.69683e-04 
 3.25000e+01  1.77613e-04 
 3.30000e+01  1.86918e-04 
 3.35000e+01  1.97518e-04 
 3.40000e+01  2.07378e-04 
 3.45000e+01  2.19033e-04 
 3.50000e+01  2.30511e-04 
 3.55000e+01  2.43299e-04 
 3.60000e+01  2.56042e-04 
 3.65000e+01  2.69453e-04 
 3.70000e+01  2.83792e-04 
 3.75000e+01  2.97719e-04 
 3.80000e+01  3.12226e-04 
 3.85000e+01  3.26891e-04 
 3.90000e+01  3.41229e-04 
 3.95000e+01  3.57905e-04 
 4.00000e+01  3.74214e-04 
 4.05000e+01  3.92152e-04 
 4.10000e+01  4.08994e-04 
 4.15000e+01  4.25611e-04 
 4.20000e+01  4.43922e-04 
 4.25000e+01  4.58867e-04 
 4.30000e+01  4.76626e-04 
 4.35000e+01  4.95191e-04 
 4.40000e+01  5.15378e-04 
 4.45000e+01  5.35904e-04 
 4.50000e+01  5.56120e-04 
 4.55000e+01  5.78582e-04 
 4.60000e+01  5.98966e-04 
 4.65000e+01  6.20275e-04 
 4.70000e+01  6.44842e-04 
 4.75000e+01  6.67357e-04 
 4.80000e+01  6.90763e-04 
 4.85000e+01  7.19302e-04 
 4.90000e+01  7.47527e-04 
 4.95000e+01  7.73214e-04 
 5.00000e+01  8.01958e-04 
 5.05000e+01  8.34014e-04 
 5.10000e+01  8.66327e-04 
 5.15000e+01  8.99630e-04 
 5.20000e+01  9.36114e-04 
 5.25000e+01  9.74585e-04 
 5.30000e+01  1.01551e-03 
 5.35000e+01  1.06014e-03 
 5.40000e+01  1.09942e-03 
 5.45000e+01  1.14100e-03 
 5.50000e+01  1.18760e-03 
 5.55000e+01  1.24023e-03 
 5.60000e+01  1.29408e-03 
 5.65000e+01  1.34365e-03 
 5.70000e+01  1.40434e-03 
 5.75000e+01  1.46332e-03 
 5.80000e+01  1.53112e-03 
 5.85000e+01  1.59551e-03 
 5.90000e+01  1.66551e-03 
 5.95000e+01  1.74331e-03 
 6.00000e+01  1.82160e-03 
 6.05000e+01  1.90939e-03 
 6.10000e+01  1.99444e-03 
 6.15000e+01  2.08593e-03 
 6.20000e+01  2.18370e-03 
 6.25000e+01  2.28062e-03 
 6.30000e+01  2.38297e-03 
 6.35000e+01  2.48338e-03 
 6.40000e+01  2.58410e-03 
 6.45000e+01  2.69126e-03 
 6.50000e+01  2.79720e-03 
 6.55000e+01  2.90091e-03 
 6.60000e+01  3.00403e-03 
 6.65000e+01  3.11121e-03 
 6.70000e+01  3.21267e-03 
 6.75000e+01  3.32220e-03 
 6.80000e+01  3.43796e-03 
 6.85000e+01  3.55110e-03 
 6.90000e+01  3.66418e-03 
 6.95000e+01  3.77456e-03 
 7.00000e+01  3.88457e-03 
 7.05000e+01  3.98398e-03 
 7.10000e+01  4.10111e-03 
 7.15000e+01  4.19997e-03 
 7.20000e+01  4.30621e-03 
 7.25000e+01  4.41395e-03 
 7.30000e+01  4.51278e-03 
 7.35000e+01  4.60068e-03 
 7.40000e+01  4.70433e-03 
 7.45000e+01  4.80887e-03 
 7.50000e+01  4.90966e-03 
 7.55000e+01  4.99908e-03 
 7.60000e+01  5.08964e-03 
 7.65000e+01  5.18115e-03 
 7.70000e+01  5.27157e-03 
 7.75000e+01  5.36700e-03 
 7.80000e+01  5.45333e-03 
 7.85000e+01  5.52532e-03 
 7.90000e+01  5.60000e-03 
 7.95000e+01  5.67395e-03 
 8.00000e+01  5.74576e-03 
 8.05000e+01  5.82393e-03 
 8.10000e+01  5.87111e-03 
 8.15000e+01  5.93803e-03 
 8.20000e+01  5.99714e-03 
 8.25000e+01  6.04644e-03 
 8.30000e+01  6.09957e-03 
 8.35000e+01  6.15704e-03 
 8.40000e+01  6.20793e-03 
 8.45000e+01  6.27484e-03 
 8.50000e+01  6.34158e-03 
 8.55000e+01  6.41365e-03 
 8.60000e+01  6.47773e-03 
 8.65000e+01  6.53402e-03 
 8.70000e+01  6.57957e-03 
 8.75000e+01  6.62478e-03 
 8.80000e+01  6.67498e-03 
 8.85000e+01  6.72538e-03 
 8.90000e+01  6.76678e-03 
 8.95000e+01  6.82167e-03 
 9.00000e+01  6.86385e-03 
 9.05000e+01  6.90825e-03 
 9.10000e+01  6.94329e-03 
 9.15000e+01  6.98759e-03 
 9.20000e+01  7.02853e-03 
 9.25000e+01  7.07472e-03 
 9.30000e+01  7.10714e-03 
 9.35000e+01  7.14207e-03 
 9.40000e+01  7.16235e-03 
 9.45000e+01  7.19685e-03 
 9.50000e+01  7.23093e-03 
 9.55000e+01  7.26739e-03 
 9.60000e+01  7.29199e-03 
 9.65000e+01  7.32040e-03 
 9.70000e+01  7.35535e-03 
 9.75000e+01  7.38764e-03 
 9.80000e+01  7.42208e-03 
 9.85000e+01  7.45130e-03 
 9.90000e+01  7.49043e-03 
 9.95000e+01  7.52102e-03 
 1.00000e+02  7.55192e-03 
 1.00500e+02  7.58003e-03 
 1.01000e+02  7.61247e-03 
 1.01500e+02  7.63957e-03 
 1.02000e+02  7.66426e-03 
 1.02500e+02  7.67767e-03 
 1.03000e+02  7.70193e-03 
 1.03500e+02  7.74368e-03 
 1.04000e+02  7.76125e-03 
 1.04500e+02  7.79176e-03 
 1.05000e+02  7.81050e-03 
 1.05500e+02  7.82445e-03 
 1.06000e+02  7.84325e-03 
 1.06500e+02  7.87551e-03 
 1.07000e+02  7.90125e-03 
 1.07500e+02  7.93333e-03 
 1.08000e+02  7.94977e-03 
 1.08500e+02  7.96575e-03 
 1.09000e+02  7.99726e-03 
 1.09500e+02  8.00649e-03 
 1.10000e+02  8.02070e-03 
 1.10500e+02  8.04450e-03 
 1.11000e+02  8.07415e-03 
 1.11500e+02  8.09277e-03 
 1.12000e+02  8.10851e-03 
 1.12500e+02  8.12088e-03 
 1.13000e+02  8.12164e-03 
 1.13500e+02  8.14055e-03 
 1.14000e+02  8.14641e-03 
 1.14500e+02  8.14788e-03 
 1.15000e+02  8.16183e-03 
 1.15500e+02  8.17014e-03 
 1.16000e+02  8.17933e-03 
 1.16500e+02  8.18684e-03 
 1.17000e+02  8.20928e-03 
 1.17500e+02  8.21372e-03 
 1.18000e+02  8.21887e-03 
 1.18500e+02  8.21917e-03 
 1.19000e+02  8.22781e-03 
 1.19500e+02  8.23402e-03 
 1.20000e+02  8.23978e-03 
 1.20500e+02  8.24222e-03 
 1.21000e+02  8.25359e-03 
 1.21500e+02  8.25646e-03 
 1.22000e+02  8.26293e-03 
 1.22500e+02  8.25888e-03 
 1.23000e+02  8.26135e-03 
 1.23500e+02  8.26910e-03 
 1.24000e+02  8.27238e-03 
 1.24500e+02  8.25680e-03 
 1.25000e+02  8.27014e-03 
 1.25500e+02  8.27054e-03 
 1.26000e+02  8.25954e-03 
 1.26500e+02  8.25470e-03 
 1.27000e+02  8.26495e-03 
 1.27500e+02  8.27043e-03 
 1.28000e+02  8.27088e-03 
 1.28500e+02  8.26266e-03 
 1.29000e+02  8.26792e-03 
 1.29500e+02  8.27388e-03 
 1.30000e+02  8.27434e-03 
 1.30500e+02  8.26541e-03 
 1.31000e+02  8.27374e-03 
 1.31500e+02  8.27355e-03 
 1.32000e+02  8.26626e-03 
 1.32500e+02  8.26595e-03 
 1.33000e+02  8.26025e-03 
 1.33500e+02  8.26675e-03 
 1.34000e+02  8.26332e-03 
 1.34500e+02  8.25657e-03 
 1.35000e+02  8.26389e-03 
 1.35500e+02  8.27657e-03 
 1.36000e+02  8.27244e-03 
 1.36500e+02  8.26713e-03 
 1.37000e+02  8.26820e-03 
 1.37500e+02  8.27863e-03 
 1.38000e+02  8.29416e-03 
 1.38500e+02  8.29404e-03 
 1.39000e+02  8.29346e-03 
 1.39500e+02  8.29470e-03 
 1.40000e+02  8.30994e-03 
 1.40500e+02  8.29831e-03 
 1.41000e+02  8.31089e-03 
 1.41500e+02  8.32393e-03 
 1.42000e+02  8.32453e-03 
 1.42500e+02  8.30759e-03 
 1.43000e+02  8.29770e-03 
 1.43500e+02  8.31359e-03 
 1.44000e+02  8.31409e-03 
 1.44500e+02  8.31074e-03 
 1.45000e+02  8.31321e-03 
 1.45500e+02  8.29875e-03 
 1.46000e+02  8.28842e-03 
 1.46500e+02  8.28380e-03 
 1.47000e+02  8.28887e-03 
 1.47500e+02  8.29993e-03 
 1.48000e+02  8.30960e-03 
 1.48500e+02  8.30873e-03 
 1.49000e+02  8.31336e-03 
 1.49500e+02  8.30162e-03 
 1.50000e+02  8.30391e-03 
 1.50500e+02  8.31362e-03 
 1.51000e+02  8.29341e-03 
 1.51500e+02  8.29172e-03 
 1.52000e+02  8.29319e-03 
 1.52500e+02  8.28394e-03 
 1.53000e+02  8.27439e-03 
 1.53500e+02  8.28176e-03 
 1.54000e+02  8.28166e-03 
 1.54500e+02  8.27534e-03 
 1.55000e+02  8.27237e-03 
 1.55500e+02  8.28294e-03 
 1.56000e+02  8.27896e-03 
 1.56500e+02  8.28385e-03 
 1.57000e+02  8.27041e-03 
 1.57500e+02  8.26467e-03 
 1.58000e+02  8.26532e-03 
 1.58500e+02  8.26527e-03 
 1.59000e+02  8.26501e-03 
 1.59500e+02  8.27422e-03 
 1.60000e+02  8.27373e-03 
 1.60500e+02  8.28450e-03 
 1.61000e+02  8.28692e-03 
 1.61500e+02  8.30597e-03 
 1.62000e+02  8.29590e-03 
 1.62500e+02  8.28939e-03 
 1.63000e+02  8.28224e-03 
 1.63500e+02  8.28986e-03 
 1.64000e+02  8.28130e-03 
 1.64500e+02  8.27451e-03 
 1.65000e+02  8.28194e-03 
 1.65500e+02  8.27484e-03 
 1.66000e+02  8.26951e-03 
 1.66500e+02  8.26992e-03 
 1.67000e+02  8.27404e-03 
 1.67500e+02  8.27768e-03 
 1.68000e+02  8.27790e-03 
 1.68500e+02  8.28111e-03 
 1.69000e+02  8.28783e-03 
 1.69500e+02  8.29950e-03 
 1.70000e+02  8.29803e-03 
 1.70500e+02  8.30002e-03 
 1.71000e+02  8.28346e-03 
 1.71500e+02  8.27701e-03 
 1.72000e+02  8.27085e-03 
 1.72500e+02  8.27540e-03 
 1.73000e+02  8.28333e-03 
 1.73500e+02  8.30205e-03 
 1.74000e+02  8.29127e-03 
 1.74500e+02  8.29425e-03 
 1.75000e+02  8.29170e-03 
 1.75500e+02  8.28405e-03 
 1.76000e+02  8.28526e-03 
 1.76500e+02  8.29332e-03 
 1.77000e+02  8.29056e-03 
 1.77500e+02  8.29343e-03 
 1.78000e+02  8.29443e-03 
 1.78500e+02  8.29375e-03 
 1.79000e+02  8.28236e-03 
 1.79500e+02  8.28163e-03 
 1.80000e+02  8.28722e-03 
 1.80500e+02  8.28613e-03 
 1.81000e+02  8.29357e-03 
 1.81500e+02  8.29400e-03 
 1.82000e+02  8.30213e-03 
 1.82500e+02  8.29499e-03 
 1.83000e+02  8.29348e-03 
 1.83500e+02  8.30296e-03 
 1.84000e+02  8.29845e-03 
 1.84500e+02  8.30281e-03 
 1.85000e+02  8.29282e-03 
 1.85500e+02  8.29565e-03 
 1.86000e+02  8.28887e-03 
 1.86500e+02  8.28516e-03 
 1.87000e+02  8.29007e-03 
 1.87500e+02  8.29332e-03 
 1.88000e+02  8.28341e-03 
 1.88500e+02  8.27988e-03 
 1.89000e+02  8.30178e-03 
 1.89500e+02  8.30399e-03 
 1.90000e+02  8.30233e-03 
 1.90500e+02  8.29082e-03 
 1.91000e+02  8.29516e-03 
 1.91500e+02  8.29119e-03 
 1.92000e+02  8.28999e-03 
 1.92500e+02  8.29129e-03 
 1.93000e+02  8.29334e-03 
 1.93500e+02  8.28717e-03 
 1.94000e+02  8.29353e-03 
 1.94500e+02  8.28476e-03 
 1.95000e+02  8.28849e-03 
 1.95500e+02  8.29300e-03 
 1.96000e+02  8.27932e-03 
 1.96500e+02  8.26661e-03 
 1.97000e+02  8.26309e-03 
 1.97500e+02  8.25441e-03 
 1.98000e+02  8.26430e-03 
 1.98500e+02  8.26634e-03 
 1.99000e+02  8.25288e-03 
 1.99500e+02  8.24797e-03 
 2.00000e+02  8.24449e-03 
 2.00500e+02  8.24384e-03 
 2.01000e+02  8.25520e-03 
 2.01500e+02  8.23967e-03 
 2.02000e+02  8.23059e-03 
 2.02500e+02  8.22434e-03 
 2.03000e+02  8.20591e-03 
 2.03500e+02  8.19726e-03 
 2.04000e+02  8.18558e-03 
 2.04500e+02  8.18021e-03 
 2.05000e+02  8.14610e-03 
 2.05500e+02  8.13653e-03 
 2.06000e+02  8.11782e-03 
 2.06500e+02  8.10091e-03 
 2.07000e+02  8.09760e-03 
 2.07500e+02  8.06972e-03 
 2.08000e+02  8.05547e-03 
 2.08500e+02  8.03833e-03 
 2.09000e+02  8.02015e-03 
 2.09500e+02  7.99165e-03 
 2.10000e+02  7.96545e-03 
 2.10500e+02  7.95015e-03 
 2.11000e+02  7.92145e-03 
 2.11500e+02  7.90079e-03 
 2.12000e+02  7.88283e-03 
 2.12500e+02  7.88525e-03 
 2.13000e+02  7.86001e-03 
 2.13500e+02  7.82239e-03 
 2.14000e+02  7.80230e-03 
 2.14500e+02  7.77941e-03 
 2.15000e+02  7.75897e-03 
 2.15500e+02  7.72032e-03 
 2.16000e+02  7.68673e-03 
 2.16500e+02  7.64799e-03 
 2.17000e+02  7.61689e-03 
 2.17500e+02  7.58872e-03 
 2.18000e+02  7.56374e-03 
 2.18500e+02  7.53583e-03 
 2.19000e+02  7.51218e-03 
 2.19500e+02  7.48774e-03 
 2.20000e+02  7.46794e-03 
 2.20500e+02  7.43104e-03 
 2.21000e+02  7.41109e-03 
 2.21500e+02  7.36997e-03 
 2.22000e+02  7.34782e-03 
 2.22500e+02  7.31548e-03 
 2.23000e+02  7.28584e-03 
 2.23500e+02  7.24564e-03 
 2.24000e+02  7.20135e-03 
 2.24500e+02  7.15139e-03 
 2.25000e+02  7.11614e-03 
 2.25500e+02  7.06161e-03 
 2.26000e+02  7.00738e-03 
 2.26500e+02  6.96466e-03 
 2.27000e+02  6.92764e-03 
 2.27500e+02  6.87933e-03 
 2.28000e+02  6.84000e-03 
 2.28500e+02  6.79212e-03 
 2.29000e+02  6.75598e-03 
 2.29500e+02  6.71124e-03 
 2.30000e+02  6.66358e-03 
 2.30500e+02  6.61378e-03 
 2.31000e+02  6.55298e-03 
 2.31500e+02  6.50155e-03 
 2.32000e+02  6.44175e-03 
 2.32500e+02  6.38475e-03 
 2.33000e+02  6.31938e-03 
 2.33500e+02  6.26441e-03 
 2.34000e+02  6.20957e-03 
 2.34500e+02  6.15278e-03 
 2.35000e+02  6.09270e-03 
 2.35500e+02  6.04827e-03 
 2.36000e+02  5.98534e-03 
 2.36500e+02  5.90991e-03 
 2.37000e+02  5.83965e-03 
 2.37500e+02  5.77407e-03 
 2.38000e+02  5.70973e-03 
 2.38500e+02  5.63586e-03 
 2.39000e+02  5.56310e-03 
 2.39500e+02  5.49240e-03 
 2.40000e+02  5.42687e-03 
 2.40500e+02  5.35616e-03 
 2.41000e+02  5.27755e-03 
 2.41500e+02  5.19299e-03 
 2.42000e+02  5.10626e-03 
 2.42500e+02  5.01444e-03 
 2.43000e+02  4.94196e-03 
 2.43500e+02  4.86731e-03 
 2.44000e+02  4.77483e-03 
 2.44500e+02  4.68338e-03 
 2.45000e+02  4.59225e-03 
 2.45500e+02  4.50618e-03 
 2.46000e+02  4.41078e-03 
 2.46500e+02  4.30900e-03 
 2.47000e+02  4.20450e-03 
 2.47500e+02  4.09552e-03 
 2.48000e+02  3.99079e-03 
 2.48500e+02  3.86939e-03 
 2.49000e+02  3.74327e-03 
 2.49500e+02  3.63903e-03 
 2.50000e+02  3.52259e-03 
 2.50500e+02  3.40992e-03 
 2.51000e+02  3.28859e-03 
 2.51500e+02  3.17706e-03 
 2.52000e+02  3.06386e-03 
 2.52500e+02  2.94976e-03 
 2.53000e+02  2.83040e-03 
 2.53500e+02  2.71893e-03 
 2.54000e+02  2.60370e-03 
 2.54500e+02  2.50276e-03 
 2.55000e+02  2.39967e-03 
 2.55500e+02  2.29585e-03 
 2.56000e+02  2.19465e-03 
 2.56500e+02  2.09629e-03 
 2.57000e+02  2.00213e-03 
 2.57500e+02  1.91364e-03 
 2.58000e+02  1.82960e-03 
 2.58500e+02  1.74331e-03 
 2.59000e+02  1.66720e-03 
 2.59500e+02  1.59277e-03 
 2.60000e+02  1.52329e-03 
 2.60500e+02  1.46094e-03 
 2.61000e+02  1.39728e-03 
 2.61500e+02  1.33775e-03 
 2.62000e+02  1.28272e-03 
 2.62500e+02  1.23049e-03 
 2.63000e+02  1.17831e-03 
 2.63500e+02  1.13038e-03 
 2.64000e+02  1.08120e-03 
 2.64500e+02  1.03921e-03 
 2.65000e+02  9.98343e-04 
 2.65500e+02  9.58032e-04 
 2.66000e+02  9.20620e-04 
 2.66500e+02  8.89360e-04 
 2.67000e+02  8.58534e-04 
 2.67500e+02  8.26869e-04 
 2.68000e+02  7.94413e-04 
 2.68500e+02  7.64641e-04 
 2.69000e+02  7.39920e-04 
 2.69500e+02  7.16698e-04 
 2.70000e+02  6.94676e-04 
 2.70500e+02  6.72072e-04 
 2.71000e+02  6.48693e-04 
 2.71500e+02  6.26703e-04 
 2.72000e+02  6.05795e-04 
 2.72500e+02  5.86294e-04 
 2.73000e+02  5.67474e-04 
 2.73500e+02  5.48919e-04 
 2.74000e+02  5.31503e-04 
 2.74500e+02  5.15829e-04 
 2.75000e+02  4.96861e-04 
 2.75500e+02  4.80008e-04 
 2.76000e+02  4.63230e-04 
 2.76500e+02  4.45191e-04 
 2.77000e+02  4.28633e-04 
 2.77500e+02  4.12906e-04 
 2.78000e+02  3.97632e-04 
 2.78500e+02  3.82778e-04 
 2.79000e+02  3.65269e-04 
 2.79500e+02  3.52173e-04 
 2.80000e+02  3.37102e-04 
 2.80500e+02  3.24009e-04 
 2.81000e+02  3.09362e-04 
 2.81500e+02  2.96091e-04 
 2.82000e+02  2.81074e-04 
 2.82500e+02  2.69549e-04 
 2.83000e+02  2.56216e-04 
 2.83500e+02  2.44655e-04 
 2.84000e+02  2.32340e-04 
 2.84500e+02  2.21280e-04 
 2.85000e+02  2.11948e-04 
 2.85500e+02  2.01644e-04 
 2.86000e+02  1.92371e-04 
 2.86500e+02  1.83569e-04 
 2.87000e+02  1.72805e-04 
 2.87500e+02  1.63925e-04 
 2.88000e+02  1.58351e-04 
 2.88500e+02  1.50234e-04 
 2.89000e+02  1.43884e-04 
 2.89500e+02  1.37125e-04 
 2.90000e+02  1.33077e-04 
 2.90500e+02  1.27220e-04 
 2.91000e+02  1.22098e-04 
 2.91500e+02  1.17251e-04 
 2.92000e+02  1.13163e-04 
 2.92500e+02  1.08796e-04 
 2.93000e+02  1.05242e-04 
 2.93500e+02  1.02023e-04 
 2.94000e+02  9.91520e-05 
 2.94500e+02  9.58256e-05 
 2.95000e+02  9.29152e-05 
 2.95500e+02  9.10032e-05 
 2.96000e+02  8.86264e-05 
 2.96500e+02  8.55088e-05 
 2.97000e+02  8.30144e-05 
 2.97500e+02  8.07328e-05 
 2.98000e+02  7.87752e-05 
 2.98500e+02  7.61112e-05 
 2.99000e+02  7.38728e-05 
 2.99500e+02  7.17360e-05 
 3.00000e+02  7.01520e-05 
 3.00500e+02  6.84896e-05 
 3.01000e+02  6.68432e-05 
 3.01500e+02  6.56320e-05 
 3.02000e+02  6.37248e-05 
 3.02500e+02  6.27336e-05 
 3.03000e+02  6.09592e-05 
 3.03500e+02  5.94032e-05 
 3.04000e+02  5.85336e-05 
 3.04500e+02  5.65296e-05 
 3.05000e+02  5.48640e-05 
 3.05500e+02  5.41864e-05 
 3.06000e+02  5.28648e-05 
 3.06500e+02  5.18624e-05 
 3.07000e+02  5.01680e-05 
 3.07500e+02  4.86104e-05 
 3.08000e+02  4.76008e-05 
 3.08500e+02  4.69752e-05 
 3.09000e+02  4.54448e-05 
 3.09500e+02  4.38568e-05 
 3.10000e+02  4.27760e-05 
 3.10500e+02  4.23096e-05 
 3.11000e+02  4.17928e-05 
 3.11500e+02  3.99896e-05 
 3.12000e+02  3.85080e-05 
 3.12500e+02  3.77880e-05 
 3.13000e+02  3.66512e-05 
 3.13500e+02  3.53288e-05 
 3.14000e+02  3.44584e-05 
 3.14500e+02  3.33144e-05 
 3.15000e+02  3.21992e-05 
 3.15500e+02  3.11320e-05 
 3.16000e+02  3.00696e-05 
 3.16500e+02  2.91200e-05 
 3.17000e+02  2.80560e-05 
 3.17500e+02  2.65656e-05 
 3.18000e+02  2.59840e-05 
 3.18500e+02  2.42600e-05 
 3.19000e+02  2.27688e-05 
 3.19500e+02  2.27576e-05 
