 0.00000e+00  2.22720e-05 
 5.00000e-01  2.21872e-05 
 1.00000e+00  2.37360e-05 
 1.50000e+00  2.49560e-05 
 2.00000e+00  2.63376e-05 
 2.50000e+00  2.77336e-05 
 3.00000e+00  2.86808e-05 
 3.50000e+00  2.99264e-05 
 4.00000e+00  3.11800e-05 
 4.50000e+00  3.20824e-05 
 5.00000e+00  3.36264e-05 
 5.50000e+00  3.46064e-05 
 6.00000e+00  3.51024e-05 
 6.50000e+00  3.63552e-05 
 7.00000e+00  3.74552e-05 
 7.50000e+00  3.88096e-05 
 8.00000e+00  4.00864e-05 
 8.50000e+00  4.10096e-05 
 9.00000e+00  4.16016e-05 
 9.50000e+00  4.29376e-05 
 1.00000e+01  4.47352e-05 
 1.05000e+01  4.66224e-05 
 1.10000e+01  4.82160e-05 
 1.15000e+01  4.88624e-05 
 1.20000e+01  4.97112e-05 
 1.25000e+01  5.13160e-05 
 1.30000e+01  5.22520e-05 
 1.35000e+01  5.37128e-05 
 1.40000e+01  5.44896e-05 
 1.45000e+01  5.61864e-05 
 1.50000e+01  5.79712e-05 
 1.55000e+01  5.90792e-05 
 1.60000e+01  6.04368e-05 
 1.65000e+01  6.22048e-05 
 1.70000e+01  6.36568e-05 
 1.75000e+01  6.59680e-05 
 1.80000e+01  6.73440e-05 
 1.85000e+01  6.94520e-05 
 1.90000e+01  7.14776e-05 
 1.95000e+01  7.36920e-05 
 2.00000e+01  7.50656e-05 
 2.05000e+01  7.70208e-05 
 2.10000e+01  7.94920e-05 
 2.15000e+01  8.18568e-05 
 2.20000e+01  8.42960e-05 
 2.25000e+01  8.63184e-05 
 2.30000e+01  8.93376e-05 
 2.35000e+01  9.14296e-05 
 2.40000e+01  9.45344e-05 
 2.45000e+01  9.71352e-05 
 2.50000e+01  1.00591e-04 
 2.55000e+01  1.02778e-04 
 2.60000e+01  1.06120e-04 
 2.65000e+01  1.09651e-04 
 2.70000e+01  1.14968e-04 
 2.75000e+01  1.18506e-04 
 2.80000e+01  1.24169e-04 
 2.85000e+01  1.28566e-04 
 2.90000e+01  1.33935e-04 
 2.95000e+01  1.39962e-04 
 3.00000e+01  1.44969e-04 
 3.05000e+01  1.52079e-04 
 3.10000e+01  1.59415e-04 
 3.15000e+01  1.67661e-04 
 3.20000e+01  1.77934e-04 
 3.25000e+01  1.87042e-04 
 3.30000e+01  1.98124e-04 
 3.35000e+01  2.08624e-04 
 3.40000e+01  2.19840e-04 
 3.45000e+01  2.30970e-04 
 3.50000e+01  2.44576e-04 
 3.55000e+01  2.58503e-04 
 3.60000e+01  2.72154e-04 
 3.65000e+01  2.86029e-04 
 3.70000e+01  3.00550e-04 
 3.75000e+01  3.17100e-04 
 3.80000e+01  3.33574e-04 
 3.85000e+01  3.50246e-04 
 3.90000e+01  3.68233e-04 
 3.95000e+01  3.84642e-04 
 4.00000e+01  4.02130e-04 
 4.05000e+01  4.20133e-04 
 4.10000e+01  4.39238e-04 
 4.15000e+01  4.57521e-04 
 4.20000e+01  4.77464e-04 
 4.25000e+01  4.97333e-04 
 4.30000e+01  5.16528e-04 
 4.35000e+01  5.36300e-04 
 4.40000e+01  5.59234e-04 
 4.45000e+01  5.78199e-04 
 4.50000e+01  6.04755e-04 
 4.55000e+01  6.25993e-04 
 4.60000e+01  6.48247e-04 
 4.65000e+01  6.71251e-04 
 4.70000e+01  6.98691e-04 
 4.75000e+01  7.25149e-04 
 4.80000e+01  7.48996e-04 
 4.85000e+01  7.77297e-04 
 4.90000e+01  8.06777e-04 
 4.95000e+01  8.36518e-04 
 5.00000e+01  8.73187e-04 
 5.05000e+01  9.05815e-04 
 5.10000e+01  9.38234e-04 
 5.15000e+01  9.75661e-04 
 5.20000e+01  1.01587e-03 
 5.25000e+01  1.05807e-03 
 5.30000e+01  1.10046e-03 
 5.35000e+01  1.14206e-03 
 5.40000e+01  1.18980e-03 
 5.45000e+01  1.24139e-03 
 5.50000e+01  1.29042e-03 
 5.55000e+01  1.34331e-03 
 5.60000e+01  1.40317e-03 
 5.65000e+01  1.46354e-03 
 5.70000e+01  1.52159e-03 
 5.75000e+01  1.59138e-03 
 5.80000e+01  1.66161e-03 
 5.85000e+01  1.74010e-03 
 5.90000e+01  1.81664e-03 
 5.95000e+01  1.89853e-03 
 6.00000e+01  1.98891e-03 
 6.05000e+01  2.08460e-03 
 6.10000e+01  2.18003e-03 
 6.15000e+01  2.28709e-03 
 6.20000e+01  2.38137e-03 
 6.25000e+01  2.49280e-03 
 6.30000e+01  2.59905e-03 
 6.35000e+01  2.70669e-03 
 6.40000e+01  2.82300e-03 
 6.45000e+01  2.94173e-03 
 6.50000e+01  3.04824e-03 
 6.55000e+01  3.16227e-03 
 6.60000e+01  3.27983e-03 
 6.65000e+01  3.39968e-03 
 6.70000e+01  3.51750e-03 
 6.75000e+01  3.63731e-03 
 6.80000e+01  3.75252e-03 
 6.85000e+01  3.86481e-03 
 6.90000e+01  3.98110e-03 
 6.95000e+01  4.09847e-03 
 7.00000e+01  4.21186e-03 
 7.05000e+01  4.32054e-03 
 7.10000e+01  4.41998e-03 
 7.15000e+01  4.51634e-03 
 7.20000e+01  4.61030e-03 
 7.25000e+01  4.70460e-03 
 7.30000e+01  4.80986e-03 
 7.35000e+01  4.91291e-03 
 7.40000e+01  5.00780e-03 
 7.45000e+01  5.10287e-03 
 7.50000e+01  5.19132e-03 
 7.55000e+01  5.28988e-03 
 7.60000e+01  5.38730e-03 
 7.65000e+01  5.47595e-03 
 7.70000e+01  5.54553e-03 
 7.75000e+01  5.62450e-03 
 7.80000e+01  5.69295e-03 
 7.85000e+01  5.78914e-03 
 7.90000e+01  5.87345e-03 
 7.95000e+01  5.94822e-03 
 8.00000e+01  6.02060e-03 
 8.05000e+01  6.09981e-03 
 8.10000e+01  6.17153e-03 
 8.15000e+01  6.22899e-03 
 8.20000e+01  6.28361e-03 
 8.25000e+01  6.32862e-03 
 8.30000e+01  6.39852e-03 
 8.35000e+01  6.46118e-03 
 8.40000e+01  6.51494e-03 
 8.45000e+01  6.57806e-03 
 8.50000e+01  6.63799e-03 
 8.55000e+01  6.69439e-03 
 8.60000e+01  6.75638e-03 
 8.65000e+01  6.80898e-03 
 8.70000e+01  6.86700e-03 
 8.75000e+01  6.91853e-03 
 8.80000e+01  6.96055e-03 
 8.85000e+01  7.00818e-03 
 8.90000e+01  7.05615e-03 
 8.95000e+01  7.09465e-03 
 9.00000e+01  7.15012e-03 
 9.05000e+01  7.20042e-03 
 9.10000e+01  7.24917e-03 
 9.15000e+01  7.28085e-03 
 9.20000e+01  7.31302e-03 
 9.25000e+01  7.36105e-03 
 9.30000e+01  7.39959e-03 
 9.35000e+01  7.42757e-03 
 9.40000e+01  7.46162e-03 
 9.45000e+01  7.48869e-03 
 9.50000e+01  7.52448e-03 
 9.55000e+01  7.55995e-03 
 9.60000e+01  7.59333e-03 
 9.65000e+01  7.63166e-03 
 9.70000e+01  7.66346e-03 
 9.75000e+01  7.70709e-03 
 9.80000e+01  7.74485e-03 
 9.85000e+01  7.77125e-03 
 9.90000e+01  7.80689e-03 
 9.95000e+01  7.83293e-03 
 1.00000e+02  7.86687e-03 
 1.00500e+02  7.90034e-03 
 1.01000e+02  7.92983e-03 
 1.01500e+02  7.96203e-03 
 1.02000e+02  7.99197e-03 
 1.02500e+02  8.03139e-03 
 1.03000e+02  8.05924e-03 
 1.03500e+02  8.09582e-03 
 1.04000e+02  8.11320e-03 
 1.04500e+02  8.14066e-03 
 1.05000e+02  8.16147e-03 
 1.05500e+02  8.17348e-03 
 1.06000e+02  8.20364e-03 
 1.06500e+02  8.22585e-03 
 1.07000e+02  8.25553e-03 
 1.07500e+02  8.29254e-03 
 1.08000e+02  8.31832e-03 
 1.08500e+02  8.33715e-03 
 1.09000e+02  8.35459e-03 
 1.09500e+02  8.36640e-03 
 1.10000e+02  8.38690e-03 
 1.10500e+02  8.41693e-03 
 1.11000e+02  8.43789e-03 
 1.11500e+02  8.44869e-03 
 1.12000e+02  8.47092e-03 
 1.12500e+02  8.47856e-03 
 1.13000e+02  8.48575e-03 
 1.13500e+02  8.49470e-03 
 1.14000e+02  8.49733e-03 
 1.14500e+02  8.50491e-03 
 1.15000e+02  8.53028e-03 
 1.15500e+02  8.54935e-03 
 1.16000e+02  8.56402e-03 
 1.16500e+02  8.56087e-03 
 1.17000e+02  8.57575e-03 
 1.17500e+02  8.57823e-03 
 1.18000e+02  8.57411e-03 
 1.18500e+02  8.59194e-03 
 1.19000e+02  8.60434e-03 
 1.19500e+02  8.60419e-03 
 1.20000e+02  8.60656e-03 
 1.20500e+02  8.60274e-03 
 1.21000e+02  8.61223e-03 
 1.21500e+02  8.61742e-03 
 1.22000e+02  8.61558e-03 
 1.22500e+02  8.63412e-03 
 1.23000e+02  8.63523e-03 
 1.23500e+02  8.63447e-03 
 1.24000e+02  8.63559e-03 
 1.24500e+02  8.63664e-03 
 1.25000e+02  8.63085e-03 
 1.25500e+02  8.62837e-03 
 1.26000e+02  8.63640e-03 
 1.26500e+02  8.65476e-03 
 1.27000e+02  8.65149e-03 
 1.27500e+02  8.64733e-03 
 1.28000e+02  8.64943e-03 
 1.28500e+02  8.64694e-03 
 1.29000e+02  8.66158e-03 
 1.29500e+02  8.66198e-03 
 1.30000e+02  8.65764e-03 
 1.30500e+02  8.66426e-03 
 1.31000e+02  8.65138e-03 
 1.31500e+02  8.65111e-03 
 1.32000e+02  8.66442e-03 
 1.32500e+02  8.66179e-03 
 1.33000e+02  8.66520e-03 
 1.33500e+02  8.66595e-03 
 1.34000e+02  8.67074e-03 
 1.34500e+02  8.66732e-03 
 1.35000e+02  8.66572e-03 
 1.35500e+02  8.66479e-03 
 1.36000e+02  8.67186e-03 
 1.36500e+02  8.66718e-03 
 1.37000e+02  8.67599e-03 
 1.37500e+02  8.68880e-03 
 1.38000e+02  8.67917e-03 
 1.38500e+02  8.67819e-03 
 1.39000e+02  8.68212e-03 
 1.39500e+02  8.67073e-03 
 1.40000e+02  8.67664e-03 
 1.40500e+02  8.66901e-03 
 1.41000e+02  8.67957e-03 
 1.41500e+02  8.69488e-03 
 1.42000e+02  8.70268e-03 
 1.42500e+02  8.69792e-03 
 1.43000e+02  8.70094e-03 
 1.43500e+02  8.69746e-03 
 1.44000e+02  8.70745e-03 
 1.44500e+02  8.71478e-03 
 1.45000e+02  8.72722e-03 
 1.45500e+02  8.72657e-03 
 1.46000e+02  8.72381e-03 
 1.46500e+02  8.71592e-03 
 1.47000e+02  8.71775e-03 
 1.47500e+02  8.71606e-03 
 1.48000e+02  8.71023e-03 
 1.48500e+02  8.70721e-03 
 1.49000e+02  8.71175e-03 
 1.49500e+02  8.71095e-03 
 1.50000e+02  8.71751e-03 
 1.50500e+02  8.71414e-03 
 1.51000e+02  8.71293e-03 
 1.51500e+02  8.70329e-03 
 1.52000e+02  8.70406e-03 
 1.52500e+02  8.68806e-03 
 1.53000e+02  8.68641e-03 
 1.53500e+02  8.69174e-03 
 1.54000e+02  8.69584e-03 
 1.54500e+02  8.69115e-03 
 1.55000e+02  8.68980e-03 
 1.55500e+02  8.68434e-03 
 1.56000e+02  8.68742e-03 
 1.56500e+02  8.67813e-03 
 1.57000e+02  8.68501e-03 
 1.57500e+02  8.68905e-03 
 1.58000e+02  8.68820e-03 
 1.58500e+02  8.69401e-03 
 1.59000e+02  8.70391e-03 
 1.59500e+02  8.70909e-03 
 1.60000e+02  8.72284e-03 
 1.60500e+02  8.71163e-03 
 1.61000e+02  8.71252e-03 
 1.61500e+02  8.69392e-03 
 1.62000e+02  8.68584e-03 
 1.62500e+02  8.67908e-03 
 1.63000e+02  8.68291e-03 
 1.63500e+02  8.68898e-03 
 1.64000e+02  8.70698e-03 
 1.64500e+02  8.70202e-03 
 1.65000e+02  8.69052e-03 
 1.65500e+02  8.67948e-03 
 1.66000e+02  8.67796e-03 
 1.66500e+02  8.66619e-03 
 1.67000e+02  8.67780e-03 
 1.67500e+02  8.67590e-03 
 1.68000e+02  8.68640e-03 
 1.68500e+02  8.69044e-03 
 1.69000e+02  8.68927e-03 
 1.69500e+02  8.67610e-03 
 1.70000e+02  8.67533e-03 
 1.70500e+02  8.67884e-03 
 1.71000e+02  8.68086e-03 
 1.71500e+02  8.67809e-03 
 1.72000e+02  8.66843e-03 
 1.72500e+02  8.67967e-03 
 1.73000e+02  8.68688e-03 
 1.73500e+02  8.68543e-03 
 1.74000e+02  8.67751e-03 
 1.74500e+02  8.68121e-03 
 1.75000e+02  8.68553e-03 
 1.75500e+02  8.68066e-03 
 1.76000e+02  8.68305e-03 
 1.76500e+02  8.68564e-03 
 1.77000e+02  8.68043e-03 
 1.77500e+02  8.68098e-03 
 1.78000e+02  8.68475e-03 
 1.78500e+02  8.69161e-03 
 1.79000e+02  8.69328e-03 
 1.79500e+02  8.69154e-03 
 1.80000e+02  8.67776e-03 
 1.80500e+02  8.66935e-03 
 1.81000e+02  8.67987e-03 
 1.81500e+02  8.67582e-03 
 1.82000e+02  8.68409e-03 
 1.82500e+02  8.68849e-03 
 1.83000e+02  8.68283e-03 
 1.83500e+02  8.68936e-03 
 1.84000e+02  8.68064e-03 
 1.84500e+02  8.68229e-03 
 1.85000e+02  8.68398e-03 
 1.85500e+02  8.67488e-03 
 1.86000e+02  8.68660e-03 
 1.86500e+02  8.68738e-03 
 1.87000e+02  8.68567e-03 
 1.87500e+02  8.67711e-03 
 1.88000e+02  8.67285e-03 
 1.88500e+02  8.66551e-03 
 1.89000e+02  8.67041e-03 
 1.89500e+02  8.67323e-03 
 1.90000e+02  8.66705e-03 
 1.90500e+02  8.66021e-03 
 1.91000e+02  8.65662e-03 
 1.91500e+02  8.64026e-03 
 1.92000e+02  8.64163e-03 
 1.92500e+02  8.64140e-03 
 1.93000e+02  8.63599e-03 
 1.93500e+02  8.63287e-03 
 1.94000e+02  8.62565e-03 
 1.94500e+02  8.63041e-03 
 1.95000e+02  8.62824e-03 
 1.95500e+02  8.62165e-03 
 1.96000e+02  8.61781e-03 
 1.96500e+02  8.60838e-03 
 1.97000e+02  8.60141e-03 
 1.97500e+02  8.60498e-03 
 1.98000e+02  8.60436e-03 
 1.98500e+02  8.59598e-03 
 1.99000e+02  8.57526e-03 
 1.99500e+02  8.57290e-03 
 2.00000e+02  8.57242e-03 
 2.00500e+02  8.56751e-03 
 2.01000e+02  8.56125e-03 
 2.01500e+02  8.54803e-03 
 2.02000e+02  8.54415e-03 
 2.02500e+02  8.53747e-03 
 2.03000e+02  8.53068e-03 
 2.03500e+02  8.53656e-03 
 2.04000e+02  8.53580e-03 
 2.04500e+02  8.52089e-03 
 2.05000e+02  8.50768e-03 
 2.05500e+02  8.48233e-03 
 2.06000e+02  8.47194e-03 
 2.06500e+02  8.47330e-03 
 2.07000e+02  8.47053e-03 
 2.07500e+02  8.47573e-03 
 2.08000e+02  8.45439e-03 
 2.08500e+02  8.42324e-03 
 2.09000e+02  8.40351e-03 
 2.09500e+02  8.38057e-03 
 2.10000e+02  8.34921e-03 
 2.10500e+02  8.32649e-03 
 2.11000e+02  8.30540e-03 
 2.11500e+02  8.27364e-03 
 2.12000e+02  8.24858e-03 
 2.12500e+02  8.23040e-03 
 2.13000e+02  8.21161e-03 
 2.13500e+02  8.17765e-03 
 2.14000e+02  8.14090e-03 
 2.14500e+02  8.11513e-03 
 2.15000e+02  8.09422e-03 
 2.15500e+02  8.06344e-03 
 2.16000e+02  8.02575e-03 
 2.16500e+02  8.00449e-03 
 2.17000e+02  7.97103e-03 
 2.17500e+02  7.94672e-03 
 2.18000e+02  7.92160e-03 
 2.18500e+02  7.88538e-03 
 2.19000e+02  7.87119e-03 
 2.19500e+02  7.84159e-03 
 2.20000e+02  7.81920e-03 
 2.20500e+02  7.77573e-03 
 2.21000e+02  7.74176e-03 
 2.21500e+02  7.69125e-03 
 2.22000e+02  7.66452e-03 
 2.22500e+02  7.61758e-03 
 2.23000e+02  7.59194e-03 
 2.23500e+02  7.55849e-03 
 2.24000e+02  7.52270e-03 
 2.24500e+02  7.48947e-03 
 2.25000e+02  7.45836e-03 
 2.25500e+02  7.41757e-03 
 2.26000e+02  7.37279e-03 
 2.26500e+02  7.32983e-03 
 2.27000e+02  7.27910e-03 
 2.27500e+02  7.22496e-03 
 2.28000e+02  7.16271e-03 
 2.28500e+02  7.11856e-03 
 2.29000e+02  7.07879e-03 
 2.29500e+02  7.02861e-03 
 2.30000e+02  6.96807e-03 
 2.30500e+02  6.91101e-03 
 2.31000e+02  6.85602e-03 
 2.31500e+02  6.80104e-03 
 2.32000e+02  6.74041e-03 
 2.32500e+02  6.69110e-03 
 2.33000e+02  6.62525e-03 
 2.33500e+02  6.57133e-03 
 2.34000e+02  6.50542e-03 
 2.34500e+02  6.45757e-03 
 2.35000e+02  6.39959e-03 
 2.35500e+02  6.33809e-03 
 2.36000e+02  6.27691e-03 
 2.36500e+02  6.20551e-03 
 2.37000e+02  6.13515e-03 
 2.37500e+02  6.07849e-03 
 2.38000e+02  6.00250e-03 
 2.38500e+02  5.92954e-03 
 2.39000e+02  5.85061e-03 
 2.39500e+02  5.77917e-03 
 2.40000e+02  5.69726e-03 
 2.40500e+02  5.61750e-03 
 2.41000e+02  5.52366e-03 
 2.41500e+02  5.44204e-03 
 2.42000e+02  5.36018e-03 
 2.42500e+02  5.27867e-03 
 2.43000e+02  5.19731e-03 
 2.43500e+02  5.11291e-03 
 2.44000e+02  5.02760e-03 
 2.44500e+02  4.92672e-03 
 2.45000e+02  4.83109e-03 
 2.45500e+02  4.72520e-03 
 2.46000e+02  4.62101e-03 
 2.46500e+02  4.51299e-03 
 2.47000e+02  4.40790e-03 
 2.47500e+02  4.29740e-03 
 2.48000e+02  4.18897e-03 
 2.48500e+02  4.07386e-03 
 2.49000e+02  3.96060e-03 
 2.49500e+02  3.84117e-03 
 2.50000e+02  3.71753e-03 
 2.50500e+02  3.59955e-03 
 2.51000e+02  3.47948e-03 
 2.51500e+02  3.36492e-03 
 2.52000e+02  3.24945e-03 
 2.52500e+02  3.13244e-03 
 2.53000e+02  3.01947e-03 
 2.53500e+02  2.90991e-03 
 2.54000e+02  2.79753e-03 
 2.54500e+02  2.68461e-03 
 2.55000e+02  2.57779e-03 
 2.55500e+02  2.47450e-03 
 2.56000e+02  2.36721e-03 
 2.56500e+02  2.26235e-03 
 2.57000e+02  2.16532e-03 
 2.57500e+02  2.06389e-03 
 2.58000e+02  1.97115e-03 
 2.58500e+02  1.88204e-03 
 2.59000e+02  1.80063e-03 
 2.59500e+02  1.71707e-03 
 2.60000e+02  1.64422e-03 
 2.60500e+02  1.57436e-03 
 2.61000e+02  1.50648e-03 
 2.61500e+02  1.44014e-03 
 2.62000e+02  1.38087e-03 
 2.62500e+02  1.32626e-03 
 2.63000e+02  1.27335e-03 
 2.63500e+02  1.22278e-03 
 2.64000e+02  1.17538e-03 
 2.64500e+02  1.13050e-03 
 2.65000e+02  1.07935e-03 
 2.65500e+02  1.03567e-03 
 2.66000e+02  9.94802e-04 
 2.66500e+02  9.55729e-04 
 2.67000e+02  9.22225e-04 
 2.67500e+02  8.89447e-04 
 2.68000e+02  8.54238e-04 
 2.68500e+02  8.23806e-04 
 2.69000e+02  7.96356e-04 
 2.69500e+02  7.71392e-04 
 2.70000e+02  7.43889e-04 
 2.70500e+02  7.17154e-04 
 2.71000e+02  6.92869e-04 
 2.71500e+02  6.71042e-04 
 2.72000e+02  6.51158e-04 
 2.72500e+02  6.28083e-04 
 2.73000e+02  6.08636e-04 
 2.73500e+02  5.87709e-04 
 2.74000e+02  5.67454e-04 
 2.74500e+02  5.44583e-04 
 2.75000e+02  5.26350e-04 
 2.75500e+02  5.07226e-04 
 2.76000e+02  4.88874e-04 
 2.76500e+02  4.71294e-04 
 2.77000e+02  4.52715e-04 
 2.77500e+02  4.37264e-04 
 2.78000e+02  4.19363e-04 
 2.78500e+02  4.01753e-04 
 2.79000e+02  3.85450e-04 
 2.79500e+02  3.69708e-04 
 2.80000e+02  3.56025e-04 
 2.80500e+02  3.40488e-04 
 2.81000e+02  3.24770e-04 
 2.81500e+02  3.09041e-04 
 2.82000e+02  2.96017e-04 
 2.82500e+02  2.81846e-04 
 2.83000e+02  2.68530e-04 
 2.83500e+02  2.55728e-04 
 2.84000e+02  2.44014e-04 
 2.84500e+02  2.31726e-04 
 2.85000e+02  2.18798e-04 
 2.85500e+02  2.08655e-04 
 2.86000e+02  1.98325e-04 
 2.86500e+02  1.88307e-04 
 2.87000e+02  1.78181e-04 
 2.87500e+02  1.68155e-04 
 2.88000e+02  1.60758e-04 
 2.88500e+02  1.55083e-04 
 2.89000e+02  1.47272e-04 
 2.89500e+02  1.41854e-04 
 2.90000e+02  1.35022e-04 
 2.90500e+02  1.29654e-04 
 2.91000e+02  1.23766e-04 
 2.91500e+02  1.19131e-04 
 2.92000e+02  1.15046e-04 
 2.92500e+02  1.11216e-04 
 2.93000e+02  1.07821e-04 
 2.93500e+02  1.04590e-04 
 2.94000e+02  1.01173e-04 
 2.94500e+02  9.75968e-05 
 2.95000e+02  9.47488e-05 
 2.95500e+02  9.23240e-05 
 2.96000e+02  8.88664e-05 
 2.96500e+02  8.68824e-05 
 2.97000e+02  8.44208e-05 
 2.97500e+02  8.24568e-05 
 2.98000e+02  8.03872e-05 
 2.98500e+02  7.80912e-05 
 2.99000e+02  7.55224e-05 
 2.99500e+02  7.37976e-05 
 3.00000e+02  7.19128e-05 
 3.00500e+02  7.00560e-05 
 3.01000e+02  6.81664e-05 
 3.01500e+02  6.66536e-05 
 3.02000e+02  6.51792e-05 
 3.02500e+02  6.29256e-05 
 3.03000e+02  6.16160e-05 
 3.03500e+02  6.06352e-05 
 3.04000e+02  5.89032e-05 
 3.04500e+02  5.77008e-05 
 3.05000e+02  5.63472e-05 
 3.05500e+02  5.42896e-05 
 3.06000e+02  5.33128e-05 
 3.06500e+02  5.22416e-05 
 3.07000e+02  5.10400e-05 
 3.07500e+02  4.99040e-05 
 3.08000e+02  4.92144e-05 
 3.08500e+02  4.73624e-05 
 3.09000e+02  4.63648e-05 
 3.09500e+02  4.56240e-05 
 3.10000e+02  4.38800e-05 
 3.10500e+02  4.27712e-05 
 3.11000e+02  4.19672e-05 
 3.11500e+02  4.12400e-05 
 3.12000e+02  3.97560e-05 
 3.12500e+02  3.89968e-05 
 3.13000e+02  3.80792e-05 
 3.13500e+02  3.68136e-05 
 3.14000e+02  3.55896e-05 
 3.14500e+02  3.45360e-05 
 3.15000e+02  3.34264e-05 
 3.15500e+02  3.20832e-05 
 3.16000e+02  3.03648e-05 
 3.16500e+02  2.97808e-05 
 3.17000e+02  2.85400e-05 
 3.17500e+02  2.70264e-05 
 3.18000e+02  2.58680e-05 
 3.18500e+02  2.43536e-05 
 3.19000e+02  2.30576e-05 
 3.19500e+02  2.30144e-05 
