 0.00000e+00  2.28136e-05 
 5.00000e-01  2.26152e-05 
 1.00000e+00  2.37656e-05 
 1.50000e+00  2.51616e-05 
 2.00000e+00  2.66024e-05 
 2.50000e+00  2.76872e-05 
 3.00000e+00  2.89320e-05 
 3.50000e+00  3.02192e-05 
 4.00000e+00  3.13608e-05 
 4.50000e+00  3.26992e-05 
 5.00000e+00  3.39920e-05 
 5.50000e+00  3.48640e-05 
 6.00000e+00  3.59784e-05 
 6.50000e+00  3.71144e-05 
 7.00000e+00  3.80392e-05 
 7.50000e+00  3.90200e-05 
 8.00000e+00  4.01144e-05 
 8.50000e+00  4.17424e-05 
 9.00000e+00  4.27888e-05 
 9.50000e+00  4.37824e-05 
 1.00000e+01  4.48624e-05 
 1.05000e+01  4.55960e-05 
 1.10000e+01  4.72576e-05 
 1.15000e+01  4.87704e-05 
 1.20000e+01  4.99104e-05 
 1.25000e+01  5.11720e-05 
 1.30000e+01  5.18648e-05 
 1.35000e+01  5.32008e-05 
 1.40000e+01  5.49600e-05 
 1.45000e+01  5.68384e-05 
 1.50000e+01  5.79984e-05 
 1.55000e+01  5.91128e-05 
 1.60000e+01  6.05472e-05 
 1.65000e+01  6.19584e-05 
 1.70000e+01  6.30480e-05 
 1.75000e+01  6.52832e-05 
 1.80000e+01  6.65584e-05 
 1.85000e+01  6.87032e-05 
 1.90000e+01  7.05464e-05 
 1.95000e+01  7.26936e-05 
 2.00000e+01  7.40808e-05 
 2.05000e+01  7.60336e-05 
 2.10000e+01  7.85008e-05 
 2.15000e+01  8.01856e-05 
 2.20000e+01  8.22504e-05 
 2.25000e+01  8.53704e-05 
 2.30000e+01  8.72600e-05 
 2.35000e+01  9.00760e-05 
 2.40000e+01  9.24704e-05 
 2.45000e+01  9.64608e-05 
 2.50000e+01  9.91064e-05 
 2.55000e+01  1.02136e-04 
 2.60000e+01  1.06405e-04 
 2.65000e+01  1.09378e-04 
 2.70000e+01  1.12969e-04 
 2.75000e+01  1.17822e-04 
 2.80000e+01  1.21836e-04 
 2.85000e+01  1.27257e-04 
 2.90000e+01  1.31480e-04 
 2.95000e+01  1.37966e-04 
 3.00000e+01  1.43879e-04 
 3.05000e+01  1.51489e-04 
 3.10000e+01  1.58657e-04 
 3.15000e+01  1.65985e-04 
 3.20000e+01  1.75115e-04 
 3.25000e+01  1.83840e-04 
 3.30000e+01  1.93093e-04 
 3.35000e+01  2.04152e-04 
 3.40000e+01  2.16714e-04 
 3.45000e+01  2.27918e-04 
 3.50000e+01  2.39214e-04 
 3.55000e+01  2.53692e-04 
 3.60000e+01  2.65370e-04 
 3.65000e+01  2.82057e-04 
 3.70000e+01  2.97102e-04 
 3.75000e+01  3.10134e-04 
 3.80000e+01  3.23175e-04 
 3.85000e+01  3.39454e-04 
 3.90000e+01  3.57243e-04 
 3.95000e+01  3.73351e-04 
 4.00000e+01  3.91046e-04 
 4.05000e+01  4.09914e-04 
 4.10000e+01  4.26534e-04 
 4.15000e+01  4.46330e-04 
 4.20000e+01  4.65094e-04 
 4.25000e+01  4.86288e-04 
 4.30000e+01  5.04558e-04 
 4.35000e+01  5.25234e-04 
 4.40000e+01  5.44873e-04 
 4.45000e+01  5.69014e-04 
 4.50000e+01  5.91728e-04 
 4.55000e+01  6.15562e-04 
 4.60000e+01  6.34227e-04 
 4.65000e+01  6.58738e-04 
 4.70000e+01  6.82868e-04 
 4.75000e+01  7.07002e-04 
 4.80000e+01  7.34283e-04 
 4.85000e+01  7.62561e-04 
 4.90000e+01  7.92710e-04 
 4.95000e+01  8.21178e-04 
 5.00000e+01  8.51810e-04 
 5.05000e+01  8.87972e-04 
 5.10000e+01  9.23095e-04 
 5.15000e+01  9.58130e-04 
 5.20000e+01  9.98134e-04 
 5.25000e+01  1.03692e-03 
 5.30000e+01  1.08316e-03 
 5.35000e+01  1.12700e-03 
 5.40000e+01  1.17003e-03 
 5.45000e+01  1.22292e-03 
 5.50000e+01  1.27409e-03 
 5.55000e+01  1.32445e-03 
 5.60000e+01  1.37943e-03 
 5.65000e+01  1.43885e-03 
 5.70000e+01  1.49545e-03 
 5.75000e+01  1.56546e-03 
 5.80000e+01  1.63593e-03 
 5.85000e+01  1.70753e-03 
 5.90000e+01  1.78442e-03 
 5.95000e+01  1.87285e-03 
 6.00000e+01  1.96195e-03 
 6.05000e+01  2.04829e-03 
 6.10000e+01  2.13863e-03 
 6.15000e+01  2.24200e-03 
 6.20000e+01  2.34478e-03 
 6.25000e+01  2.44289e-03 
 6.30000e+01  2.55014e-03 
 6.35000e+01  2.65103e-03 
 6.40000e+01  2.75248e-03 
 6.45000e+01  2.86239e-03 
 6.50000e+01  2.97895e-03 
 6.55000e+01  3.08210e-03 
 6.60000e+01  3.19863e-03 
 6.65000e+01  3.31378e-03 
 6.70000e+01  3.42710e-03 
 6.75000e+01  3.54812e-03 
 6.80000e+01  3.66595e-03 
 6.85000e+01  3.78225e-03 
 6.90000e+01  3.90797e-03 
 6.95000e+01  4.02273e-03 
 7.00000e+01  4.13654e-03 
 7.05000e+01  4.24666e-03 
 7.10000e+01  4.35856e-03 
 7.15000e+01  4.46886e-03 
 7.20000e+01  4.57106e-03 
 7.25000e+01  4.68336e-03 
 7.30000e+01  4.77339e-03 
 7.35000e+01  4.87612e-03 
 7.40000e+01  4.97329e-03 
 7.45000e+01  5.06104e-03 
 7.50000e+01  5.15644e-03 
 7.55000e+01  5.24175e-03 
 7.60000e+01  5.33561e-03 
 7.65000e+01  5.43645e-03 
 7.70000e+01  5.52300e-03 
 7.75000e+01  5.60749e-03 
 7.80000e+01  5.68124e-03 
 7.85000e+01  5.77203e-03 
 7.90000e+01  5.84056e-03 
 7.95000e+01  5.91012e-03 
 8.00000e+01  5.98624e-03 
 8.05000e+01  6.03902e-03 
 8.10000e+01  6.09650e-03 
 8.15000e+01  6.14818e-03 
 8.20000e+01  6.21136e-03 
 8.25000e+01  6.24889e-03 
 8.30000e+01  6.31370e-03 
 8.35000e+01  6.36330e-03 
 8.40000e+01  6.43544e-03 
 8.45000e+01  6.50503e-03 
 8.50000e+01  6.56960e-03 
 8.55000e+01  6.62323e-03 
 8.60000e+01  6.68431e-03 
 8.65000e+01  6.74654e-03 
 8.70000e+01  6.79066e-03 
 8.75000e+01  6.83737e-03 
 8.80000e+01  6.88490e-03 
 8.85000e+01  6.93468e-03 
 8.90000e+01  6.97763e-03 
 8.95000e+01  7.00074e-03 
 9.00000e+01  7.04701e-03 
 9.05000e+01  7.06840e-03 
 9.10000e+01  7.10777e-03 
 9.15000e+01  7.14591e-03 
 9.20000e+01  7.18275e-03 
 9.25000e+01  7.22435e-03 
 9.30000e+01  7.25954e-03 
 9.35000e+01  7.29743e-03 
 9.40000e+01  7.33713e-03 
 9.45000e+01  7.37147e-03 
 9.50000e+01  7.41336e-03 
 9.55000e+01  7.44697e-03 
 9.60000e+01  7.47888e-03 
 9.65000e+01  7.50360e-03 
 9.70000e+01  7.52963e-03 
 9.75000e+01  7.55530e-03 
 9.80000e+01  7.58054e-03 
 9.85000e+01  7.60142e-03 
 9.90000e+01  7.64496e-03 
 9.95000e+01  7.66397e-03 
 1.00000e+02  7.68354e-03 
 1.00500e+02  7.70750e-03 
 1.01000e+02  7.74073e-03 
 1.01500e+02  7.74320e-03 
 1.02000e+02  7.79900e-03 
 1.02500e+02  7.82600e-03 
 1.03000e+02  7.85932e-03 
 1.03500e+02  7.89524e-03 
 1.04000e+02  7.93689e-03 
 1.04500e+02  7.97111e-03 
 1.05000e+02  7.99374e-03 
 1.05500e+02  8.02043e-03 
 1.06000e+02  8.04419e-03 
 1.06500e+02  8.07214e-03 
 1.07000e+02  8.10107e-03 
 1.07500e+02  8.12483e-03 
 1.08000e+02  8.14401e-03 
 1.08500e+02  8.17567e-03 
 1.09000e+02  8.18514e-03 
 1.09500e+02  8.20541e-03 
 1.10000e+02  8.22150e-03 
 1.10500e+02  8.24059e-03 
 1.11000e+02  8.24317e-03 
 1.11500e+02  8.26676e-03 
 1.12000e+02  8.29803e-03 
 1.12500e+02  8.31712e-03 
 1.13000e+02  8.34323e-03 
 1.13500e+02  8.35245e-03 
 1.14000e+02  8.36354e-03 
 1.14500e+02  8.37576e-03 
 1.15000e+02  8.40387e-03 
 1.15500e+02  8.40411e-03 
 1.16000e+02  8.40913e-03 
 1.16500e+02  8.41325e-03 
 1.17000e+02  8.41783e-03 
 1.17500e+02  8.41497e-03 
 1.18000e+02  8.41528e-03 
 1.18500e+02  8.41185e-03 
 1.19000e+02  8.41929e-03 
 1.19500e+02  8.42440e-03 
 1.20000e+02  8.42635e-03 
 1.20500e+02  8.42401e-03 
 1.21000e+02  8.42549e-03 
 1.21500e+02  8.43251e-03 
 1.22000e+02  8.42051e-03 
 1.22500e+02  8.42126e-03 
 1.23000e+02  8.42123e-03 
 1.23500e+02  8.42722e-03 
 1.24000e+02  8.43026e-03 
 1.24500e+02  8.42364e-03 
 1.25000e+02  8.42191e-03 
 1.25500e+02  8.43119e-03 
 1.26000e+02  8.43862e-03 
 1.26500e+02  8.43070e-03 
 1.27000e+02  8.44132e-03 
 1.27500e+02  8.43739e-03 
 1.28000e+02  8.45214e-03 
 1.28500e+02  8.45100e-03 
 1.29000e+02  8.43990e-03 
 1.29500e+02  8.44983e-03 
 1.30000e+02  8.44585e-03 
 1.30500e+02  8.45701e-03 
 1.31000e+02  8.44823e-03 
 1.31500e+02  8.45624e-03 
 1.32000e+02  8.46451e-03 
 1.32500e+02  8.45507e-03 
 1.33000e+02  8.46345e-03 
 1.33500e+02  8.46100e-03 
 1.34000e+02  8.46058e-03 
 1.34500e+02  8.46056e-03 
 1.35000e+02  8.45892e-03 
 1.35500e+02  8.46103e-03 
 1.36000e+02  8.47212e-03 
 1.36500e+02  8.45745e-03 
 1.37000e+02  8.45253e-03 
 1.37500e+02  8.45928e-03 
 1.38000e+02  8.46763e-03 
 1.38500e+02  8.46566e-03 
 1.39000e+02  8.46133e-03 
 1.39500e+02  8.46363e-03 
 1.40000e+02  8.45500e-03 
 1.40500e+02  8.46456e-03 
 1.41000e+02  8.46305e-03 
 1.41500e+02  8.46796e-03 
 1.42000e+02  8.48315e-03 
 1.42500e+02  8.48376e-03 
 1.43000e+02  8.47647e-03 
 1.43500e+02  8.46582e-03 
 1.44000e+02  8.47494e-03 
 1.44500e+02  8.47447e-03 
 1.45000e+02  8.45894e-03 
 1.45500e+02  8.45475e-03 
 1.46000e+02  8.46037e-03 
 1.46500e+02  8.46572e-03 
 1.47000e+02  8.46599e-03 
 1.47500e+02  8.47208e-03 
 1.48000e+02  8.48923e-03 
 1.48500e+02  8.48949e-03 
 1.49000e+02  8.48208e-03 
 1.49500e+02  8.49025e-03 
 1.50000e+02  8.47971e-03 
 1.50500e+02  8.48944e-03 
 1.51000e+02  8.49002e-03 
 1.51500e+02  8.48953e-03 
 1.52000e+02  8.49223e-03 
 1.52500e+02  8.50398e-03 
 1.53000e+02  8.50277e-03 
 1.53500e+02  8.50567e-03 
 1.54000e+02  8.51517e-03 
 1.54500e+02  8.51703e-03 
 1.55000e+02  8.50788e-03 
 1.55500e+02  8.49660e-03 
 1.56000e+02  8.50836e-03 
 1.56500e+02  8.50183e-03 
 1.57000e+02  8.50211e-03 
 1.57500e+02  8.50167e-03 
 1.58000e+02  8.50527e-03 
 1.58500e+02  8.50334e-03 
 1.59000e+02  8.49816e-03 
 1.59500e+02  8.49303e-03 
 1.60000e+02  8.49740e-03 
 1.60500e+02  8.51388e-03 
 1.61000e+02  8.50764e-03 
 1.61500e+02  8.51266e-03 
 1.62000e+02  8.51842e-03 
 1.62500e+02  8.51444e-03 
 1.63000e+02  8.50790e-03 
 1.63500e+02  8.49054e-03 
 1.64000e+02  8.49515e-03 
 1.64500e+02  8.50716e-03 
 1.65000e+02  8.48901e-03 
 1.65500e+02  8.48528e-03 
 1.66000e+02  8.48276e-03 
 1.66500e+02  8.48926e-03 
 1.67000e+02  8.49250e-03 
 1.67500e+02  8.48279e-03 
 1.68000e+02  8.48784e-03 
 1.68500e+02  8.49611e-03 
 1.69000e+02  8.49846e-03 
 1.69500e+02  8.50317e-03 
 1.70000e+02  8.49657e-03 
 1.70500e+02  8.50239e-03 
 1.71000e+02  8.49964e-03 
 1.71500e+02  8.50424e-03 
 1.72000e+02  8.50113e-03 
 1.72500e+02  8.50261e-03 
 1.73000e+02  8.50184e-03 
 1.73500e+02  8.49569e-03 
 1.74000e+02  8.48600e-03 
 1.74500e+02  8.48460e-03 
 1.75000e+02  8.48731e-03 
 1.75500e+02  8.49094e-03 
 1.76000e+02  8.48914e-03 
 1.76500e+02  8.48786e-03 
 1.77000e+02  8.48448e-03 
 1.77500e+02  8.48013e-03 
 1.78000e+02  8.47554e-03 
 1.78500e+02  8.47707e-03 
 1.79000e+02  8.48052e-03 
 1.79500e+02  8.48728e-03 
 1.80000e+02  8.49315e-03 
 1.80500e+02  8.48600e-03 
 1.81000e+02  8.48932e-03 
 1.81500e+02  8.48470e-03 
 1.82000e+02  8.48171e-03 
 1.82500e+02  8.48727e-03 
 1.83000e+02  8.47511e-03 
 1.83500e+02  8.48027e-03 
 1.84000e+02  8.47591e-03 
 1.84500e+02  8.47160e-03 
 1.85000e+02  8.46254e-03 
 1.85500e+02  8.45507e-03 
 1.86000e+02  8.45405e-03 
 1.86500e+02  8.45885e-03 
 1.87000e+02  8.44567e-03 
 1.87500e+02  8.44189e-03 
 1.88000e+02  8.45095e-03 
 1.88500e+02  8.45515e-03 
 1.89000e+02  8.45398e-03 
 1.89500e+02  8.45042e-03 
 1.90000e+02  8.46015e-03 
 1.90500e+02  8.44188e-03 
 1.91000e+02  8.44278e-03 
 1.91500e+02  8.44112e-03 
 1.92000e+02  8.45105e-03 
 1.92500e+02  8.43532e-03 
 1.93000e+02  8.44009e-03 
 1.93500e+02  8.44952e-03 
 1.94000e+02  8.44201e-03 
 1.94500e+02  8.44298e-03 
 1.95000e+02  8.43858e-03 
 1.95500e+02  8.43996e-03 
 1.96000e+02  8.44011e-03 
 1.96500e+02  8.42170e-03 
 1.97000e+02  8.42641e-03 
 1.97500e+02  8.42859e-03 
 1.98000e+02  8.43425e-03 
 1.98500e+02  8.42443e-03 
 1.99000e+02  8.41823e-03 
 1.99500e+02  8.40238e-03 
 2.00000e+02  8.39374e-03 
 2.00500e+02  8.39334e-03 
 2.01000e+02  8.38121e-03 
 2.01500e+02  8.36453e-03 
 2.02000e+02  8.36904e-03 
 2.02500e+02  8.36253e-03 
 2.03000e+02  8.35095e-03 
 2.03500e+02  8.33477e-03 
 2.04000e+02  8.32254e-03 
 2.04500e+02  8.31887e-03 
 2.05000e+02  8.29750e-03 
 2.05500e+02  8.28013e-03 
 2.06000e+02  8.27141e-03 
 2.06500e+02  8.25337e-03 
 2.07000e+02  8.22965e-03 
 2.07500e+02  8.21413e-03 
 2.08000e+02  8.18519e-03 
 2.08500e+02  8.15140e-03 
 2.09000e+02  8.13251e-03 
 2.09500e+02  8.11610e-03 
 2.10000e+02  8.08585e-03 
 2.10500e+02  8.06237e-03 
 2.11000e+02  8.04823e-03 
 2.11500e+02  8.01680e-03 
 2.12000e+02  7.99781e-03 
 2.12500e+02  7.97408e-03 
 2.13000e+02  7.95108e-03 
 2.13500e+02  7.93141e-03 
 2.14000e+02  7.90045e-03 
 2.14500e+02  7.87519e-03 
 2.15000e+02  7.84949e-03 
 2.15500e+02  7.82863e-03 
 2.16000e+02  7.78933e-03 
 2.16500e+02  7.76259e-03 
 2.17000e+02  7.73039e-03 
 2.17500e+02  7.71090e-03 
 2.18000e+02  7.67826e-03 
 2.18500e+02  7.65870e-03 
 2.19000e+02  7.62315e-03 
 2.19500e+02  7.60084e-03 
 2.20000e+02  7.57526e-03 
 2.20500e+02  7.54648e-03 
 2.21000e+02  7.52503e-03 
 2.21500e+02  7.48749e-03 
 2.22000e+02  7.43870e-03 
 2.22500e+02  7.40888e-03 
 2.23000e+02  7.36937e-03 
 2.23500e+02  7.33310e-03 
 2.24000e+02  7.28310e-03 
 2.24500e+02  7.24578e-03 
 2.25000e+02  7.21209e-03 
 2.25500e+02  7.16505e-03 
 2.26000e+02  7.13613e-03 
 2.26500e+02  7.09058e-03 
 2.27000e+02  7.03777e-03 
 2.27500e+02  6.99762e-03 
 2.28000e+02  6.96028e-03 
 2.28500e+02  6.90823e-03 
 2.29000e+02  6.85113e-03 
 2.29500e+02  6.79009e-03 
 2.30000e+02  6.72935e-03 
 2.30500e+02  6.67202e-03 
 2.31000e+02  6.61183e-03 
 2.31500e+02  6.56171e-03 
 2.32000e+02  6.50454e-03 
 2.32500e+02  6.43483e-03 
 2.33000e+02  6.38331e-03 
 2.33500e+02  6.32765e-03 
 2.34000e+02  6.26229e-03 
 2.34500e+02  6.19646e-03 
 2.35000e+02  6.13195e-03 
 2.35500e+02  6.07338e-03 
 2.36000e+02  6.01826e-03 
 2.36500e+02  5.96928e-03 
 2.37000e+02  5.89409e-03 
 2.37500e+02  5.82124e-03 
 2.38000e+02  5.76665e-03 
 2.38500e+02  5.69467e-03 
 2.39000e+02  5.62432e-03 
 2.39500e+02  5.54674e-03 
 2.40000e+02  5.47079e-03 
 2.40500e+02  5.39652e-03 
 2.41000e+02  5.31292e-03 
 2.41500e+02  5.22594e-03 
 2.42000e+02  5.13688e-03 
 2.42500e+02  5.05474e-03 
 2.43000e+02  4.96059e-03 
 2.43500e+02  4.88387e-03 
 2.44000e+02  4.77728e-03 
 2.44500e+02  4.69840e-03 
 2.45000e+02  4.60045e-03 
 2.45500e+02  4.51736e-03 
 2.46000e+02  4.42192e-03 
 2.46500e+02  4.32896e-03 
 2.47000e+02  4.22798e-03 
 2.47500e+02  4.11820e-03 
 2.48000e+02  4.01524e-03 
 2.48500e+02  3.90443e-03 
 2.49000e+02  3.79808e-03 
 2.49500e+02  3.69147e-03 
 2.50000e+02  3.57813e-03 
 2.50500e+02  3.47187e-03 
 2.51000e+02  3.35910e-03 
 2.51500e+02  3.24035e-03 
 2.52000e+02  3.13586e-03 
 2.52500e+02  3.02361e-03 
 2.53000e+02  2.91232e-03 
 2.53500e+02  2.80552e-03 
 2.54000e+02  2.69722e-03 
 2.54500e+02  2.58961e-03 
 2.55000e+02  2.48246e-03 
 2.55500e+02  2.38012e-03 
 2.56000e+02  2.27713e-03 
 2.56500e+02  2.17704e-03 
 2.57000e+02  2.08480e-03 
 2.57500e+02  1.99055e-03 
 2.58000e+02  1.90435e-03 
 2.58500e+02  1.81786e-03 
 2.59000e+02  1.73975e-03 
 2.59500e+02  1.66079e-03 
 2.60000e+02  1.59288e-03 
 2.60500e+02  1.52447e-03 
 2.61000e+02  1.46065e-03 
 2.61500e+02  1.39932e-03 
 2.62000e+02  1.33888e-03 
 2.62500e+02  1.28724e-03 
 2.63000e+02  1.23885e-03 
 2.63500e+02  1.19134e-03 
 2.64000e+02  1.14790e-03 
 2.64500e+02  1.10178e-03 
 2.65000e+02  1.05313e-03 
 2.65500e+02  1.01473e-03 
 2.66000e+02  9.78976e-04 
 2.66500e+02  9.38902e-04 
 2.67000e+02  9.05010e-04 
 2.67500e+02  8.67042e-04 
 2.68000e+02  8.35398e-04 
 2.68500e+02  8.05945e-04 
 2.69000e+02  7.78946e-04 
 2.69500e+02  7.52068e-04 
 2.70000e+02  7.27740e-04 
 2.70500e+02  7.03474e-04 
 2.71000e+02  6.82733e-04 
 2.71500e+02  6.60335e-04 
 2.72000e+02  6.37952e-04 
 2.72500e+02  6.19338e-04 
 2.73000e+02  6.01869e-04 
 2.73500e+02  5.82359e-04 
 2.74000e+02  5.60010e-04 
 2.74500e+02  5.40750e-04 
 2.75000e+02  5.21046e-04 
 2.75500e+02  5.05604e-04 
 2.76000e+02  4.85265e-04 
 2.76500e+02  4.68403e-04 
 2.77000e+02  4.50841e-04 
 2.77500e+02  4.34132e-04 
 2.78000e+02  4.18908e-04 
 2.78500e+02  3.99852e-04 
 2.79000e+02  3.87022e-04 
 2.79500e+02  3.70779e-04 
 2.80000e+02  3.56592e-04 
 2.80500e+02  3.41241e-04 
 2.81000e+02  3.27570e-04 
 2.81500e+02  3.12634e-04 
 2.82000e+02  2.99102e-04 
 2.82500e+02  2.84195e-04 
 2.83000e+02  2.70227e-04 
 2.83500e+02  2.56932e-04 
 2.84000e+02  2.44338e-04 
 2.84500e+02  2.31160e-04 
 2.85000e+02  2.19542e-04 
 2.85500e+02  2.09167e-04 
 2.86000e+02  1.98484e-04 
 2.86500e+02  1.88362e-04 
 2.87000e+02  1.78348e-04 
 2.87500e+02  1.70339e-04 
 2.88000e+02  1.62611e-04 
 2.88500e+02  1.55423e-04 
 2.89000e+02  1.48159e-04 
 2.89500e+02  1.41433e-04 
 2.90000e+02  1.35017e-04 
 2.90500e+02  1.28646e-04 
 2.91000e+02  1.24577e-04 
 2.91500e+02  1.20321e-04 
 2.92000e+02  1.15373e-04 
 2.92500e+02  1.11564e-04 
 2.93000e+02  1.07390e-04 
 2.93500e+02  1.04466e-04 
 2.94000e+02  1.01438e-04 
 2.94500e+02  9.84648e-05 
 2.95000e+02  9.56376e-05 
 2.95500e+02  9.20296e-05 
 2.96000e+02  9.00552e-05 
 2.96500e+02  8.71592e-05 
 2.97000e+02  8.50136e-05 
 2.97500e+02  8.25680e-05 
 2.98000e+02  8.06664e-05 
 2.98500e+02  7.90288e-05 
 2.99000e+02  7.66200e-05 
 2.99500e+02  7.40976e-05 
 3.00000e+02  7.20760e-05 
 3.00500e+02  6.98824e-05 
 3.01000e+02  6.83312e-05 
 3.01500e+02  6.66112e-05 
 3.02000e+02  6.49680e-05 
 3.02500e+02  6.37208e-05 
 3.03000e+02  6.20552e-05 
 3.03500e+02  5.97496e-05 
 3.04000e+02  5.84680e-05 
 3.04500e+02  5.71304e-05 
 3.05000e+02  5.57784e-05 
 3.05500e+02  5.49648e-05 
 3.06000e+02  5.31792e-05 
 3.06500e+02  5.18496e-05 
 3.07000e+02  5.10632e-05 
 3.07500e+02  4.97032e-05 
 3.08000e+02  4.86120e-05 
 3.08500e+02  4.71592e-05 
 3.09000e+02  4.58768e-05 
 3.09500e+02  4.52048e-05 
 3.10000e+02  4.39264e-05 
 3.10500e+02  4.27968e-05 
 3.11000e+02  4.15136e-05 
 3.11500e+02  4.03888e-05 
 3.12000e+02  3.91112e-05 
 3.12500e+02  3.81920e-05 
 3.13000e+02  3.69592e-05 
 3.13500e+02  3.57696e-05 
 3.14000e+02  3.50176e-05 
 3.14500e+02  3.39616e-05 
 3.15000e+02  3.26800e-05 
 3.15500e+02  3.13976e-05 
 3.16000e+02  3.03184e-05 
 3.16500e+02  2.91168e-05 
 3.17000e+02  2.78024e-05 
 3.17500e+02  2.69576e-05 
 3.18000e+02  2.54928e-05 
 3.18500e+02  2.43040e-05 
 3.19000e+02  2.32200e-05 
 3.19500e+02  2.26296e-05 
