 0.00000e+00  2.32984e-05 
 5.00000e-01  2.35160e-05 
 1.00000e+00  2.43792e-05 
 1.50000e+00  2.62104e-05 
 2.00000e+00  2.74808e-05 
 2.50000e+00  2.91152e-05 
 3.00000e+00  3.00616e-05 
 3.50000e+00  3.18816e-05 
 4.00000e+00  3.30248e-05 
 4.50000e+00  3.48040e-05 
 5.00000e+00  3.60488e-05 
 5.50000e+00  3.77840e-05 
 6.00000e+00  3.86184e-05 
 6.50000e+00  3.94192e-05 
 7.00000e+00  4.05976e-05 
 7.50000e+00  4.14408e-05 
 8.00000e+00  4.26672e-05 
 8.50000e+00  4.42600e-05 
 9.00000e+00  4.51008e-05 
 9.50000e+00  4.70376e-05 
 1.00000e+01  4.79384e-05 
 1.05000e+01  4.94600e-05 
 1.10000e+01  5.05584e-05 
 1.15000e+01  5.21936e-05 
 1.20000e+01  5.36608e-05 
 1.25000e+01  5.49696e-05 
 1.30000e+01  5.64368e-05 
 1.35000e+01  5.77992e-05 
 1.40000e+01  5.90728e-05 
 1.45000e+01  6.10720e-05 
 1.50000e+01  6.28568e-05 
 1.55000e+01  6.43880e-05 
 1.60000e+01  6.58680e-05 
 1.65000e+01  6.73184e-05 
 1.70000e+01  6.92664e-05 
 1.75000e+01  7.05680e-05 
 1.80000e+01  7.27080e-05 
 1.85000e+01  7.42904e-05 
 1.90000e+01  7.59456e-05 
 1.95000e+01  7.82160e-05 
 2.00000e+01  8.01176e-05 
 2.05000e+01  8.22304e-05 
 2.10000e+01  8.44944e-05 
 2.15000e+01  8.68992e-05 
 2.20000e+01  8.95200e-05 
 2.25000e+01  9.18328e-05 
 2.30000e+01  9.45144e-05 
 2.35000e+01  9.67824e-05 
 2.40000e+01  9.92464e-05 
 2.45000e+01  1.02175e-04 
 2.50000e+01  1.04893e-04 
 2.55000e+01  1.07991e-04 
 2.60000e+01  1.10438e-04 
 2.65000e+01  1.15006e-04 
 2.70000e+01  1.18443e-04 
 2.75000e+01  1.23315e-04 
 2.80000e+01  1.28231e-04 
 2.85000e+01  1.32742e-04 
 2.90000e+01  1.37181e-04 
 2.95000e+01  1.43270e-04 
 3.00000e+01  1.48712e-04 
 3.05000e+01  1.54514e-04 
 3.10000e+01  1.60850e-04 
 3.15000e+01  1.68800e-04 
 3.20000e+01  1.76636e-04 
 3.25000e+01  1.84674e-04 
 3.30000e+01  1.93002e-04 
 3.35000e+01  2.02250e-04 
 3.40000e+01  2.13733e-04 
 3.45000e+01  2.25278e-04 
 3.50000e+01  2.36362e-04 
 3.55000e+01  2.48682e-04 
 3.60000e+01  2.62426e-04 
 3.65000e+01  2.75065e-04 
 3.70000e+01  2.90983e-04 
 3.75000e+01  3.04500e-04 
 3.80000e+01  3.21416e-04 
 3.85000e+01  3.35665e-04 
 3.90000e+01  3.52999e-04 
 3.95000e+01  3.70282e-04 
 4.00000e+01  3.88125e-04 
 4.05000e+01  4.07476e-04 
 4.10000e+01  4.23744e-04 
 4.15000e+01  4.38798e-04 
 4.20000e+01  4.58175e-04 
 4.25000e+01  4.76530e-04 
 4.30000e+01  4.96913e-04 
 4.35000e+01  5.16598e-04 
 4.40000e+01  5.37845e-04 
 4.45000e+01  5.56438e-04 
 4.50000e+01  5.79628e-04 
 4.55000e+01  6.03973e-04 
 4.60000e+01  6.28712e-04 
 4.65000e+01  6.50747e-04 
 4.70000e+01  6.76622e-04 
 4.75000e+01  7.02610e-04 
 4.80000e+01  7.30556e-04 
 4.85000e+01  7.58295e-04 
 4.90000e+01  7.83482e-04 
 4.95000e+01  8.11860e-04 
 5.00000e+01  8.47226e-04 
 5.05000e+01  8.82852e-04 
 5.10000e+01  9.16294e-04 
 5.15000e+01  9.51405e-04 
 5.20000e+01  9.88201e-04 
 5.25000e+01  1.02633e-03 
 5.30000e+01  1.07022e-03 
 5.35000e+01  1.11265e-03 
 5.40000e+01  1.16077e-03 
 5.45000e+01  1.20632e-03 
 5.50000e+01  1.25258e-03 
 5.55000e+01  1.30672e-03 
 5.60000e+01  1.36542e-03 
 5.65000e+01  1.42032e-03 
 5.70000e+01  1.47934e-03 
 5.75000e+01  1.54585e-03 
 5.80000e+01  1.61331e-03 
 5.85000e+01  1.68406e-03 
 5.90000e+01  1.76337e-03 
 5.95000e+01  1.84494e-03 
 6.00000e+01  1.93035e-03 
 6.05000e+01  2.01761e-03 
 6.10000e+01  2.10994e-03 
 6.15000e+01  2.21171e-03 
 6.20000e+01  2.30740e-03 
 6.25000e+01  2.41120e-03 
 6.30000e+01  2.52036e-03 
 6.35000e+01  2.63350e-03 
 6.40000e+01  2.74844e-03 
 6.45000e+01  2.85089e-03 
 6.50000e+01  2.96399e-03 
 6.55000e+01  3.08190e-03 
 6.60000e+01  3.20270e-03 
 6.65000e+01  3.32040e-03 
 6.70000e+01  3.44468e-03 
 6.75000e+01  3.55627e-03 
 6.80000e+01  3.67179e-03 
 6.85000e+01  3.78567e-03 
 6.90000e+01  3.90180e-03 
 6.95000e+01  4.02587e-03 
 7.00000e+01  4.14076e-03 
 7.05000e+01  4.24834e-03 
 7.10000e+01  4.36516e-03 
 7.15000e+01  4.46897e-03 
 7.20000e+01  4.58038e-03 
 7.25000e+01  4.68783e-03 
 7.30000e+01  4.79251e-03 
 7.35000e+01  4.88759e-03 
 7.40000e+01  4.98723e-03 
 7.45000e+01  5.08843e-03 
 7.50000e+01  5.17846e-03 
 7.55000e+01  5.25346e-03 
 7.60000e+01  5.34474e-03 
 7.65000e+01  5.43151e-03 
 7.70000e+01  5.50811e-03 
 7.75000e+01  5.60088e-03 
 7.80000e+01  5.67425e-03 
 7.85000e+01  5.74501e-03 
 7.90000e+01  5.83359e-03 
 7.95000e+01  5.92068e-03 
 8.00000e+01  5.99822e-03 
 8.05000e+01  6.06537e-03 
 8.10000e+01  6.13152e-03 
 8.15000e+01  6.20522e-03 
 8.20000e+01  6.27385e-03 
 8.25000e+01  6.33741e-03 
 8.30000e+01  6.39509e-03 
 8.35000e+01  6.46177e-03 
 8.40000e+01  6.52558e-03 
 8.45000e+01  6.59917e-03 
 8.50000e+01  6.65308e-03 
 8.55000e+01  6.69644e-03 
 8.60000e+01  6.74708e-03 
 8.65000e+01  6.79129e-03 
 8.70000e+01  6.82393e-03 
 8.75000e+01  6.88149e-03 
 8.80000e+01  6.94020e-03 
 8.85000e+01  6.99077e-03 
 8.90000e+01  7.04166e-03 
 8.95000e+01  7.09274e-03 
 9.00000e+01  7.14402e-03 
 9.05000e+01  7.19401e-03 
 9.10000e+01  7.23865e-03 
 9.15000e+01  7.28809e-03 
 9.20000e+01  7.33269e-03 
 9.25000e+01  7.36445e-03 
 9.30000e+01  7.41857e-03 
 9.35000e+01  7.46001e-03 
 9.40000e+01  7.49703e-03 
 9.45000e+01  7.51929e-03 
 9.50000e+01  7.55395e-03 
 9.55000e+01  7.58850e-03 
 9.60000e+01  7.61076e-03 
 9.65000e+01  7.65666e-03 
 9.70000e+01  7.69449e-03 
 9.75000e+01  7.74851e-03 
 9.80000e+01  7.78242e-03 
 9.85000e+01  7.81629e-03 
 9.90000e+01  7.84779e-03 
 9.95000e+01  7.87015e-03 
 1.00000e+02  7.89798e-03 
 1.00500e+02  7.92574e-03 
 1.01000e+02  7.95532e-03 
 1.01500e+02  7.98426e-03 
 1.02000e+02  8.01100e-03 
 1.02500e+02  8.02919e-03 
 1.03000e+02  8.05514e-03 
 1.03500e+02  8.06322e-03 
 1.04000e+02  8.09145e-03 
 1.04500e+02  8.11485e-03 
 1.05000e+02  8.13819e-03 
 1.05500e+02  8.16967e-03 
 1.06000e+02  8.18533e-03 
 1.06500e+02  8.21117e-03 
 1.07000e+02  8.23131e-03 
 1.07500e+02  8.26202e-03 
 1.08000e+02  8.29723e-03 
 1.08500e+02  8.32010e-03 
 1.09000e+02  8.36236e-03 
 1.09500e+02  8.38270e-03 
 1.10000e+02  8.40021e-03 
 1.10500e+02  8.42632e-03 
 1.11000e+02  8.46042e-03 
 1.11500e+02  8.48570e-03 
 1.12000e+02  8.51092e-03 
 1.12500e+02  8.52344e-03 
 1.13000e+02  8.53657e-03 
 1.13500e+02  8.55991e-03 
 1.14000e+02  8.57104e-03 
 1.14500e+02  8.58200e-03 
 1.15000e+02  8.58026e-03 
 1.15500e+02  8.58710e-03 
 1.16000e+02  8.58787e-03 
 1.16500e+02  8.58892e-03 
 1.17000e+02  8.59951e-03 
 1.17500e+02  8.61129e-03 
 1.18000e+02  8.62567e-03 
 1.18500e+02  8.63635e-03 
 1.19000e+02  8.64634e-03 
 1.19500e+02  8.64531e-03 
 1.20000e+02  8.65170e-03 
 1.20500e+02  8.65224e-03 
 1.21000e+02  8.67013e-03 
 1.21500e+02  8.66938e-03 
 1.22000e+02  8.67959e-03 
 1.22500e+02  8.68005e-03 
 1.23000e+02  8.67829e-03 
 1.23500e+02  8.67591e-03 
 1.24000e+02  8.68165e-03 
 1.24500e+02  8.67555e-03 
 1.25000e+02  8.67003e-03 
 1.25500e+02  8.66628e-03 
 1.26000e+02  8.67617e-03 
 1.26500e+02  8.66389e-03 
 1.27000e+02  8.67108e-03 
 1.27500e+02  8.68650e-03 
 1.28000e+02  8.67232e-03 
 1.28500e+02  8.67660e-03 
 1.29000e+02  8.66478e-03 
 1.29500e+02  8.66022e-03 
 1.30000e+02  8.66392e-03 
 1.30500e+02  8.66544e-03 
 1.31000e+02  8.66588e-03 
 1.31500e+02  8.67599e-03 
 1.32000e+02  8.68653e-03 
 1.32500e+02  8.68037e-03 
 1.33000e+02  8.68223e-03 
 1.33500e+02  8.69358e-03 
 1.34000e+02  8.68400e-03 
 1.34500e+02  8.68203e-03 
 1.35000e+02  8.68456e-03 
 1.35500e+02  8.68030e-03 
 1.36000e+02  8.67550e-03 
 1.36500e+02  8.68453e-03 
 1.37000e+02  8.69365e-03 
 1.37500e+02  8.69026e-03 
 1.38000e+02  8.68939e-03 
 1.38500e+02  8.68282e-03 
 1.39000e+02  8.69350e-03 
 1.39500e+02  8.69593e-03 
 1.40000e+02  8.70190e-03 
 1.40500e+02  8.69747e-03 
 1.41000e+02  8.69571e-03 
 1.41500e+02  8.70597e-03 
 1.42000e+02  8.71149e-03 
 1.42500e+02  8.70282e-03 
 1.43000e+02  8.71014e-03 
 1.43500e+02  8.71596e-03 
 1.44000e+02  8.71045e-03 
 1.44500e+02  8.71580e-03 
 1.45000e+02  8.71606e-03 
 1.45500e+02  8.72237e-03 
 1.46000e+02  8.72190e-03 
 1.46500e+02  8.71802e-03 
 1.47000e+02  8.71455e-03 
 1.47500e+02  8.71971e-03 
 1.48000e+02  8.73329e-03 
 1.48500e+02  8.74441e-03 
 1.49000e+02  8.74117e-03 
 1.49500e+02  8.73562e-03 
 1.50000e+02  8.74029e-03 
 1.50500e+02  8.73633e-03 
 1.51000e+02  8.73909e-03 
 1.51500e+02  8.73367e-03 
 1.52000e+02  8.72846e-03 
 1.52500e+02  8.72133e-03 
 1.53000e+02  8.73741e-03 
 1.53500e+02  8.72859e-03 
 1.54000e+02  8.72737e-03 
 1.54500e+02  8.71726e-03 
 1.55000e+02  8.71547e-03 
 1.55500e+02  8.72111e-03 
 1.56000e+02  8.72394e-03 
 1.56500e+02  8.72310e-03 
 1.57000e+02  8.71282e-03 
 1.57500e+02  8.72378e-03 
 1.58000e+02  8.73095e-03 
 1.58500e+02  8.73016e-03 
 1.59000e+02  8.73253e-03 
 1.59500e+02  8.73930e-03 
 1.60000e+02  8.72920e-03 
 1.60500e+02  8.74250e-03 
 1.61000e+02  8.74330e-03 
 1.61500e+02  8.74436e-03 
 1.62000e+02  8.74107e-03 
 1.62500e+02  8.74752e-03 
 1.63000e+02  8.75669e-03 
 1.63500e+02  8.74668e-03 
 1.64000e+02  8.75124e-03 
 1.64500e+02  8.74931e-03 
 1.65000e+02  8.73676e-03 
 1.65500e+02  8.73724e-03 
 1.66000e+02  8.74301e-03 
 1.66500e+02  8.74268e-03 
 1.67000e+02  8.74280e-03 
 1.67500e+02  8.73433e-03 
 1.68000e+02  8.73348e-03 
 1.68500e+02  8.74510e-03 
 1.69000e+02  8.75986e-03 
 1.69500e+02  8.75746e-03 
 1.70000e+02  8.75826e-03 
 1.70500e+02  8.74834e-03 
 1.71000e+02  8.73275e-03 
 1.71500e+02  8.73577e-03 
 1.72000e+02  8.72403e-03 
 1.72500e+02  8.72569e-03 
 1.73000e+02  8.73301e-03 
 1.73500e+02  8.72967e-03 
 1.74000e+02  8.72709e-03 
 1.74500e+02  8.72447e-03 
 1.75000e+02  8.71978e-03 
 1.75500e+02  8.71895e-03 
 1.76000e+02  8.72835e-03 
 1.76500e+02  8.72551e-03 
 1.77000e+02  8.71859e-03 
 1.77500e+02  8.73083e-03 
 1.78000e+02  8.72253e-03 
 1.78500e+02  8.72858e-03 
 1.79000e+02  8.71616e-03 
 1.79500e+02  8.70883e-03 
 1.80000e+02  8.71386e-03 
 1.80500e+02  8.70315e-03 
 1.81000e+02  8.71021e-03 
 1.81500e+02  8.71022e-03 
 1.82000e+02  8.72105e-03 
 1.82500e+02  8.70141e-03 
 1.83000e+02  8.70296e-03 
 1.83500e+02  8.71180e-03 
 1.84000e+02  8.71050e-03 
 1.84500e+02  8.71231e-03 
 1.85000e+02  8.70573e-03 
 1.85500e+02  8.70386e-03 
 1.86000e+02  8.70610e-03 
 1.86500e+02  8.70931e-03 
 1.87000e+02  8.71820e-03 
 1.87500e+02  8.71221e-03 
 1.88000e+02  8.70736e-03 
 1.88500e+02  8.70683e-03 
 1.89000e+02  8.70480e-03 
 1.89500e+02  8.70499e-03 
 1.90000e+02  8.70216e-03 
 1.90500e+02  8.69200e-03 
 1.91000e+02  8.68433e-03 
 1.91500e+02  8.67636e-03 
 1.92000e+02  8.65800e-03 
 1.92500e+02  8.66000e-03 
 1.93000e+02  8.65602e-03 
 1.93500e+02  8.66254e-03 
 1.94000e+02  8.65333e-03 
 1.94500e+02  8.64944e-03 
 1.95000e+02  8.64369e-03 
 1.95500e+02  8.65902e-03 
 1.96000e+02  8.65119e-03 
 1.96500e+02  8.66079e-03 
 1.97000e+02  8.66626e-03 
 1.97500e+02  8.65831e-03 
 1.98000e+02  8.65651e-03 
 1.98500e+02  8.66274e-03 
 1.99000e+02  8.65546e-03 
 1.99500e+02  8.65342e-03 
 2.00000e+02  8.64024e-03 
 2.00500e+02  8.63643e-03 
 2.01000e+02  8.62993e-03 
 2.01500e+02  8.61609e-03 
 2.02000e+02  8.61725e-03 
 2.02500e+02  8.60971e-03 
 2.03000e+02  8.58336e-03 
 2.03500e+02  8.57491e-03 
 2.04000e+02  8.56155e-03 
 2.04500e+02  8.56125e-03 
 2.05000e+02  8.54089e-03 
 2.05500e+02  8.52433e-03 
 2.06000e+02  8.49386e-03 
 2.06500e+02  8.47141e-03 
 2.07000e+02  8.44626e-03 
 2.07500e+02  8.42679e-03 
 2.08000e+02  8.41508e-03 
 2.08500e+02  8.40244e-03 
 2.09000e+02  8.37808e-03 
 2.09500e+02  8.36106e-03 
 2.10000e+02  8.32333e-03 
 2.10500e+02  8.30637e-03 
 2.11000e+02  8.28275e-03 
 2.11500e+02  8.26642e-03 
 2.12000e+02  8.23596e-03 
 2.12500e+02  8.22032e-03 
 2.13000e+02  8.18265e-03 
 2.13500e+02  8.17130e-03 
 2.14000e+02  8.12794e-03 
 2.14500e+02  8.10749e-03 
 2.15000e+02  8.09416e-03 
 2.15500e+02  8.08347e-03 
 2.16000e+02  8.05935e-03 
 2.16500e+02  8.01872e-03 
 2.17000e+02  7.99181e-03 
 2.17500e+02  7.95972e-03 
 2.18000e+02  7.92828e-03 
 2.18500e+02  7.89297e-03 
 2.19000e+02  7.86341e-03 
 2.19500e+02  7.84357e-03 
 2.20000e+02  7.81825e-03 
 2.20500e+02  7.78599e-03 
 2.21000e+02  7.72867e-03 
 2.21500e+02  7.67975e-03 
 2.22000e+02  7.64216e-03 
 2.22500e+02  7.59336e-03 
 2.23000e+02  7.54638e-03 
 2.23500e+02  7.51134e-03 
 2.24000e+02  7.47010e-03 
 2.24500e+02  7.42666e-03 
 2.25000e+02  7.38675e-03 
 2.25500e+02  7.34293e-03 
 2.26000e+02  7.29590e-03 
 2.26500e+02  7.25517e-03 
 2.27000e+02  7.21988e-03 
 2.27500e+02  7.17194e-03 
 2.28000e+02  7.11717e-03 
 2.28500e+02  7.05430e-03 
 2.29000e+02  6.99876e-03 
 2.29500e+02  6.93849e-03 
 2.30000e+02  6.87344e-03 
 2.30500e+02  6.82035e-03 
 2.31000e+02  6.76031e-03 
 2.31500e+02  6.71545e-03 
 2.32000e+02  6.66709e-03 
 2.32500e+02  6.61705e-03 
 2.33000e+02  6.55918e-03 
 2.33500e+02  6.50975e-03 
 2.34000e+02  6.44726e-03 
 2.34500e+02  6.38389e-03 
 2.35000e+02  6.31852e-03 
 2.35500e+02  6.26457e-03 
 2.36000e+02  6.19680e-03 
 2.36500e+02  6.12353e-03 
 2.37000e+02  6.06092e-03 
 2.37500e+02  5.98811e-03 
 2.38000e+02  5.91236e-03 
 2.38500e+02  5.83913e-03 
 2.39000e+02  5.75182e-03 
 2.39500e+02  5.67068e-03 
 2.40000e+02  5.59811e-03 
 2.40500e+02  5.51505e-03 
 2.41000e+02  5.43082e-03 
 2.41500e+02  5.34113e-03 
 2.42000e+02  5.25392e-03 
 2.42500e+02  5.16280e-03 
 2.43000e+02  5.08649e-03 
 2.43500e+02  4.99622e-03 
 2.44000e+02  4.90293e-03 
 2.44500e+02  4.80728e-03 
 2.45000e+02  4.70678e-03 
 2.45500e+02  4.60284e-03 
 2.46000e+02  4.49504e-03 
 2.46500e+02  4.38832e-03 
 2.47000e+02  4.27882e-03 
 2.47500e+02  4.16986e-03 
 2.48000e+02  4.05465e-03 
 2.48500e+02  3.94842e-03 
 2.49000e+02  3.83402e-03 
 2.49500e+02  3.71820e-03 
 2.50000e+02  3.60924e-03 
 2.50500e+02  3.49255e-03 
 2.51000e+02  3.38555e-03 
 2.51500e+02  3.27309e-03 
 2.52000e+02  3.15792e-03 
 2.52500e+02  3.04881e-03 
 2.53000e+02  2.93599e-03 
 2.53500e+02  2.82969e-03 
 2.54000e+02  2.71947e-03 
 2.54500e+02  2.60908e-03 
 2.55000e+02  2.49999e-03 
 2.55500e+02  2.39508e-03 
 2.56000e+02  2.29235e-03 
 2.56500e+02  2.19843e-03 
 2.57000e+02  2.10353e-03 
 2.57500e+02  2.00930e-03 
 2.58000e+02  1.92131e-03 
 2.58500e+02  1.83647e-03 
 2.59000e+02  1.75427e-03 
 2.59500e+02  1.68048e-03 
 2.60000e+02  1.60691e-03 
 2.60500e+02  1.53905e-03 
 2.61000e+02  1.47230e-03 
 2.61500e+02  1.41656e-03 
 2.62000e+02  1.36066e-03 
 2.62500e+02  1.30410e-03 
 2.63000e+02  1.25167e-03 
 2.63500e+02  1.20383e-03 
 2.64000e+02  1.15170e-03 
 2.64500e+02  1.10557e-03 
 2.65000e+02  1.06340e-03 
 2.65500e+02  1.02420e-03 
 2.66000e+02  9.82755e-04 
 2.66500e+02  9.47346e-04 
 2.67000e+02  9.12158e-04 
 2.67500e+02  8.77138e-04 
 2.68000e+02  8.45315e-04 
 2.68500e+02  8.12488e-04 
 2.69000e+02  7.84209e-04 
 2.69500e+02  7.57642e-04 
 2.70000e+02  7.32892e-04 
 2.70500e+02  7.07584e-04 
 2.71000e+02  6.83819e-04 
 2.71500e+02  6.62674e-04 
 2.72000e+02  6.41771e-04 
 2.72500e+02  6.18041e-04 
 2.73000e+02  5.98042e-04 
 2.73500e+02  5.75770e-04 
 2.74000e+02  5.55295e-04 
 2.74500e+02  5.36734e-04 
 2.75000e+02  5.17771e-04 
 2.75500e+02  4.99597e-04 
 2.76000e+02  4.82738e-04 
 2.76500e+02  4.63634e-04 
 2.77000e+02  4.49234e-04 
 2.77500e+02  4.30512e-04 
 2.78000e+02  4.13140e-04 
 2.78500e+02  3.95148e-04 
 2.79000e+02  3.80921e-04 
 2.79500e+02  3.64489e-04 
 2.80000e+02  3.50235e-04 
 2.80500e+02  3.32763e-04 
 2.81000e+02  3.18834e-04 
 2.81500e+02  3.04019e-04 
 2.82000e+02  2.89542e-04 
 2.82500e+02  2.76084e-04 
 2.83000e+02  2.64154e-04 
 2.83500e+02  2.51726e-04 
 2.84000e+02  2.41054e-04 
 2.84500e+02  2.28521e-04 
 2.85000e+02  2.17200e-04 
 2.85500e+02  2.08543e-04 
 2.86000e+02  1.98392e-04 
 2.86500e+02  1.90448e-04 
 2.87000e+02  1.80102e-04 
 2.87500e+02  1.71430e-04 
 2.88000e+02  1.63869e-04 
 2.88500e+02  1.56702e-04 
 2.89000e+02  1.50415e-04 
 2.89500e+02  1.45329e-04 
 2.90000e+02  1.39781e-04 
 2.90500e+02  1.33810e-04 
 2.91000e+02  1.28460e-04 
 2.91500e+02  1.23638e-04 
 2.92000e+02  1.20521e-04 
 2.92500e+02  1.16923e-04 
 2.93000e+02  1.13126e-04 
 2.93500e+02  1.09435e-04 
 2.94000e+02  1.06955e-04 
 2.94500e+02  1.03665e-04 
 2.95000e+02  1.00596e-04 
 2.95500e+02  9.76056e-05 
 2.96000e+02  9.50088e-05 
 2.96500e+02  9.26488e-05 
 2.97000e+02  9.07264e-05 
 2.97500e+02  8.85272e-05 
 2.98000e+02  8.66624e-05 
 2.98500e+02  8.41104e-05 
 2.99000e+02  8.22968e-05 
 2.99500e+02  8.00352e-05 
 3.00000e+02  7.81496e-05 
 3.00500e+02  7.63352e-05 
 3.01000e+02  7.40896e-05 
 3.01500e+02  7.20672e-05 
 3.02000e+02  7.07584e-05 
 3.02500e+02  6.90160e-05 
 3.03000e+02  6.73392e-05 
 3.03500e+02  6.59520e-05 
 3.04000e+02  6.34272e-05 
 3.04500e+02  6.21168e-05 
 3.05000e+02  6.06360e-05 
 3.05500e+02  5.89120e-05 
 3.06000e+02  5.75912e-05 
 3.06500e+02  5.61064e-05 
 3.07000e+02  5.51608e-05 
 3.07500e+02  5.37528e-05 
 3.08000e+02  5.18224e-05 
 3.08500e+02  5.07152e-05 
 3.09000e+02  4.94376e-05 
 3.09500e+02  4.82984e-05 
 3.10000e+02  4.70328e-05 
 3.10500e+02  4.53656e-05 
 3.11000e+02  4.46232e-05 
 3.11500e+02  4.30736e-05 
 3.12000e+02  4.23208e-05 
 3.12500e+02  4.07888e-05 
 3.13000e+02  3.95320e-05 
 3.13500e+02  3.86528e-05 
 3.14000e+02  3.78480e-05 
 3.14500e+02  3.57240e-05 
 3.15000e+02  3.44384e-05 
 3.15500e+02  3.33152e-05 
 3.16000e+02  3.22336e-05 
 3.16500e+02  3.04048e-05 
 3.17000e+02  2.89552e-05 
 3.17500e+02  2.79080e-05 
 3.18000e+02  2.62552e-05 
 3.18500e+02  2.47288e-05 
 3.19000e+02  2.33984e-05 
 3.19500e+02  2.35728e-05 
