 0.00000e+00  2.30144e-05 
 5.00000e-01  2.26928e-05 
 1.00000e+00  2.38528e-05 
 1.50000e+00  2.52352e-05 
 2.00000e+00  2.67136e-05 
 2.50000e+00  2.79032e-05 
 3.00000e+00  2.94064e-05 
 3.50000e+00  3.03632e-05 
 4.00000e+00  3.13752e-05 
 4.50000e+00  3.27184e-05 
 5.00000e+00  3.33400e-05 
 5.50000e+00  3.49296e-05 
 6.00000e+00  3.63472e-05 
 6.50000e+00  3.70808e-05 
 7.00000e+00  3.81368e-05 
 7.50000e+00  3.94512e-05 
 8.00000e+00  4.03000e-05 
 8.50000e+00  4.19968e-05 
 9.00000e+00  4.33600e-05 
 9.50000e+00  4.45752e-05 
 1.00000e+01  4.58376e-05 
 1.05000e+01  4.64296e-05 
 1.10000e+01  4.77992e-05 
 1.15000e+01  4.89520e-05 
 1.20000e+01  4.99312e-05 
 1.25000e+01  5.18304e-05 
 1.30000e+01  5.25088e-05 
 1.35000e+01  5.38000e-05 
 1.40000e+01  5.53824e-05 
 1.45000e+01  5.60656e-05 
 1.50000e+01  5.75360e-05 
 1.55000e+01  5.93096e-05 
 1.60000e+01  6.07624e-05 
 1.65000e+01  6.24048e-05 
 1.70000e+01  6.38496e-05 
 1.75000e+01  6.53904e-05 
 1.80000e+01  6.65168e-05 
 1.85000e+01  6.80864e-05 
 1.90000e+01  7.03848e-05 
 1.95000e+01  7.20096e-05 
 2.00000e+01  7.36512e-05 
 2.05000e+01  7.57600e-05 
 2.10000e+01  7.80344e-05 
 2.15000e+01  7.99216e-05 
 2.20000e+01  8.16512e-05 
 2.25000e+01  8.39024e-05 
 2.30000e+01  8.65920e-05 
 2.35000e+01  8.93552e-05 
 2.40000e+01  9.19824e-05 
 2.45000e+01  9.43440e-05 
 2.50000e+01  9.66784e-05 
 2.55000e+01  9.98840e-05 
 2.60000e+01  1.03211e-04 
 2.65000e+01  1.06355e-04 
 2.70000e+01  1.10822e-04 
 2.75000e+01  1.14111e-04 
 2.80000e+01  1.18030e-04 
 2.85000e+01  1.21503e-04 
 2.90000e+01  1.26918e-04 
 2.95000e+01  1.31336e-04 
 3.00000e+01  1.36782e-04 
 3.05000e+01  1.42991e-04 
 3.10000e+01  1.49294e-04 
 3.15000e+01  1.55927e-04 
 3.20000e+01  1.63818e-04 
 3.25000e+01  1.71565e-04 
 3.30000e+01  1.80191e-04 
 3.35000e+01  1.89870e-04 
 3.40000e+01  1.97155e-04 
 3.45000e+01  2.08592e-04 
 3.50000e+01  2.16972e-04 
 3.55000e+01  2.28093e-04 
 3.60000e+01  2.41002e-04 
 3.65000e+01  2.52872e-04 
 3.70000e+01  2.68110e-04 
 3.75000e+01  2.80997e-04 
 3.80000e+01  2.94820e-04 
 3.85000e+01  3.09894e-04 
 3.90000e+01  3.26491e-04 
 3.95000e+01  3.41394e-04 
 4.00000e+01  3.54585e-04 
 4.05000e+01  3.71123e-04 
 4.10000e+01  3.89705e-04 
 4.15000e+01  4.05700e-04 
 4.20000e+01  4.23683e-04 
 4.25000e+01  4.37716e-04 
 4.30000e+01  4.54054e-04 
 4.35000e+01  4.71951e-04 
 4.40000e+01  4.88968e-04 
 4.45000e+01  5.10604e-04 
 4.50000e+01  5.27958e-04 
 4.55000e+01  5.45631e-04 
 4.60000e+01  5.70259e-04 
 4.65000e+01  5.92198e-04 
 4.70000e+01  6.17689e-04 
 4.75000e+01  6.37242e-04 
 4.80000e+01  6.59951e-04 
 4.85000e+01  6.84668e-04 
 4.90000e+01  7.10734e-04 
 4.95000e+01  7.38874e-04 
 5.00000e+01  7.63399e-04 
 5.05000e+01  7.95594e-04 
 5.10000e+01  8.22450e-04 
 5.15000e+01  8.57362e-04 
 5.20000e+01  8.89405e-04 
 5.25000e+01  9.31218e-04 
 5.30000e+01  9.68708e-04 
 5.35000e+01  1.00580e-03 
 5.40000e+01  1.04784e-03 
 5.45000e+01  1.09083e-03 
 5.50000e+01  1.13204e-03 
 5.55000e+01  1.17625e-03 
 5.60000e+01  1.22529e-03 
 5.65000e+01  1.27465e-03 
 5.70000e+01  1.33594e-03 
 5.75000e+01  1.39319e-03 
 5.80000e+01  1.45261e-03 
 5.85000e+01  1.51562e-03 
 5.90000e+01  1.58603e-03 
 5.95000e+01  1.65532e-03 
 6.00000e+01  1.72287e-03 
 6.05000e+01  1.80513e-03 
 6.10000e+01  1.88781e-03 
 6.15000e+01  1.97494e-03 
 6.20000e+01  2.07145e-03 
 6.25000e+01  2.16343e-03 
 6.30000e+01  2.26585e-03 
 6.35000e+01  2.36350e-03 
 6.40000e+01  2.46496e-03 
 6.45000e+01  2.57246e-03 
 6.50000e+01  2.67316e-03 
 6.55000e+01  2.77444e-03 
 6.60000e+01  2.87324e-03 
 6.65000e+01  2.98355e-03 
 6.70000e+01  3.09078e-03 
 6.75000e+01  3.20895e-03 
 6.80000e+01  3.31755e-03 
 6.85000e+01  3.42949e-03 
 6.90000e+01  3.54041e-03 
 6.95000e+01  3.65362e-03 
 7.00000e+01  3.76430e-03 
 7.05000e+01  3.88200e-03 
 7.10000e+01  3.99462e-03 
 7.15000e+01  4.09293e-03 
 7.20000e+01  4.19941e-03 
 7.25000e+01  4.29481e-03 
 7.30000e+01  4.39616e-03 
 7.35000e+01  4.50592e-03 
 7.40000e+01  4.60128e-03 
 7.45000e+01  4.69825e-03 
 7.50000e+01  4.79438e-03 
 7.55000e+01  4.88111e-03 
 7.60000e+01  4.98151e-03 
 7.65000e+01  5.07499e-03 
 7.70000e+01  5.15988e-03 
 7.75000e+01  5.25351e-03 
 7.80000e+01  5.33295e-03 
 7.85000e+01  5.42423e-03 
 7.90000e+01  5.50092e-03 
 7.95000e+01  5.58490e-03 
 8.00000e+01  5.65926e-03 
 8.05000e+01  5.73873e-03 
 8.10000e+01  5.81067e-03 
 8.15000e+01  5.87804e-03 
 8.20000e+01  5.95247e-03 
 8.25000e+01  6.01573e-03 
 8.30000e+01  6.08727e-03 
 8.35000e+01  6.15443e-03 
 8.40000e+01  6.21731e-03 
 8.45000e+01  6.27315e-03 
 8.50000e+01  6.33199e-03 
 8.55000e+01  6.38302e-03 
 8.60000e+01  6.42679e-03 
 8.65000e+01  6.47789e-03 
 8.70000e+01  6.53486e-03 
 8.75000e+01  6.59131e-03 
 8.80000e+01  6.63420e-03 
 8.85000e+01  6.69839e-03 
 8.90000e+01  6.74778e-03 
 8.95000e+01  6.80121e-03 
 9.00000e+01  6.83940e-03 
 9.05000e+01  6.89176e-03 
 9.10000e+01  6.93165e-03 
 9.15000e+01  6.97824e-03 
 9.20000e+01  7.01477e-03 
 9.25000e+01  7.05648e-03 
 9.30000e+01  7.09203e-03 
 9.35000e+01  7.11412e-03 
 9.40000e+01  7.14825e-03 
 9.45000e+01  7.18461e-03 
 9.50000e+01  7.21540e-03 
 9.55000e+01  7.24509e-03 
 9.60000e+01  7.28265e-03 
 9.65000e+01  7.31006e-03 
 9.70000e+01  7.34518e-03 
 9.75000e+01  7.36800e-03 
 9.80000e+01  7.40129e-03 
 9.85000e+01  7.42368e-03 
 9.90000e+01  7.45525e-03 
 9.95000e+01  7.49954e-03 
 1.00000e+02  7.53157e-03 
 1.00500e+02  7.54954e-03 
 1.01000e+02  7.56947e-03 
 1.01500e+02  7.59657e-03 
 1.02000e+02  7.63031e-03 
 1.02500e+02  7.65073e-03 
 1.03000e+02  7.67949e-03 
 1.03500e+02  7.71562e-03 
 1.04000e+02  7.75842e-03 
 1.04500e+02  7.79548e-03 
 1.05000e+02  7.82934e-03 
 1.05500e+02  7.85950e-03 
 1.06000e+02  7.89549e-03 
 1.06500e+02  7.92589e-03 
 1.07000e+02  7.94610e-03 
 1.07500e+02  7.97164e-03 
 1.08000e+02  7.98997e-03 
 1.08500e+02  7.98460e-03 
 1.09000e+02  8.00695e-03 
 1.09500e+02  8.03304e-03 
 1.10000e+02  8.04619e-03 
 1.10500e+02  8.06386e-03 
 1.11000e+02  8.07401e-03 
 1.11500e+02  8.07789e-03 
 1.12000e+02  8.09920e-03 
 1.12500e+02  8.11629e-03 
 1.13000e+02  8.12091e-03 
 1.13500e+02  8.12343e-03 
 1.14000e+02  8.13495e-03 
 1.14500e+02  8.14090e-03 
 1.15000e+02  8.16691e-03 
 1.15500e+02  8.16206e-03 
 1.16000e+02  8.16957e-03 
 1.16500e+02  8.17771e-03 
 1.17000e+02  8.17389e-03 
 1.17500e+02  8.17605e-03 
 1.18000e+02  8.17132e-03 
 1.18500e+02  8.18945e-03 
 1.19000e+02  8.18617e-03 
 1.19500e+02  8.18939e-03 
 1.20000e+02  8.20045e-03 
 1.20500e+02  8.19675e-03 
 1.21000e+02  8.18556e-03 
 1.21500e+02  8.18858e-03 
 1.22000e+02  8.19832e-03 
 1.22500e+02  8.20360e-03 
 1.23000e+02  8.21027e-03 
 1.23500e+02  8.20825e-03 
 1.24000e+02  8.21147e-03 
 1.24500e+02  8.21367e-03 
 1.25000e+02  8.21544e-03 
 1.25500e+02  8.22764e-03 
 1.26000e+02  8.22376e-03 
 1.26500e+02  8.22259e-03 
 1.27000e+02  8.22362e-03 
 1.27500e+02  8.22692e-03 
 1.28000e+02  8.23240e-03 
 1.28500e+02  8.23257e-03 
 1.29000e+02  8.23216e-03 
 1.29500e+02  8.23258e-03 
 1.30000e+02  8.23870e-03 
 1.30500e+02  8.23103e-03 
 1.31000e+02  8.22913e-03 
 1.31500e+02  8.23486e-03 
 1.32000e+02  8.23604e-03 
 1.32500e+02  8.24670e-03 
 1.33000e+02  8.25191e-03 
 1.33500e+02  8.24718e-03 
 1.34000e+02  8.24659e-03 
 1.34500e+02  8.24576e-03 
 1.35000e+02  8.24000e-03 
 1.35500e+02  8.24122e-03 
 1.36000e+02  8.23799e-03 
 1.36500e+02  8.23756e-03 
 1.37000e+02  8.24436e-03 
 1.37500e+02  8.22898e-03 
 1.38000e+02  8.22768e-03 
 1.38500e+02  8.23764e-03 
 1.39000e+02  8.24952e-03 
 1.39500e+02  8.23900e-03 
 1.40000e+02  8.24764e-03 
 1.40500e+02  8.24490e-03 
 1.41000e+02  8.23662e-03 
 1.41500e+02  8.24619e-03 
 1.42000e+02  8.24694e-03 
 1.42500e+02  8.26308e-03 
 1.43000e+02  8.25104e-03 
 1.43500e+02  8.26686e-03 
 1.44000e+02  8.26908e-03 
 1.44500e+02  8.25461e-03 
 1.45000e+02  8.25921e-03 
 1.45500e+02  8.25698e-03 
 1.46000e+02  8.25719e-03 
 1.46500e+02  8.26084e-03 
 1.47000e+02  8.25835e-03 
 1.47500e+02  8.24637e-03 
 1.48000e+02  8.24704e-03 
 1.48500e+02  8.25035e-03 
 1.49000e+02  8.23452e-03 
 1.49500e+02  8.24047e-03 
 1.50000e+02  8.24678e-03 
 1.50500e+02  8.24839e-03 
 1.51000e+02  8.25110e-03 
 1.51500e+02  8.26292e-03 
 1.52000e+02  8.25997e-03 
 1.52500e+02  8.26707e-03 
 1.53000e+02  8.26632e-03 
 1.53500e+02  8.26025e-03 
 1.54000e+02  8.27303e-03 
 1.54500e+02  8.26837e-03 
 1.55000e+02  8.27313e-03 
 1.55500e+02  8.25080e-03 
 1.56000e+02  8.26594e-03 
 1.56500e+02  8.26825e-03 
 1.57000e+02  8.27652e-03 
 1.57500e+02  8.26814e-03 
 1.58000e+02  8.26121e-03 
 1.58500e+02  8.25991e-03 
 1.59000e+02  8.25920e-03 
 1.59500e+02  8.25822e-03 
 1.60000e+02  8.25626e-03 
 1.60500e+02  8.25997e-03 
 1.61000e+02  8.25226e-03 
 1.61500e+02  8.25471e-03 
 1.62000e+02  8.24726e-03 
 1.62500e+02  8.25236e-03 
 1.63000e+02  8.25587e-03 
 1.63500e+02  8.25906e-03 
 1.64000e+02  8.26673e-03 
 1.64500e+02  8.27328e-03 
 1.65000e+02  8.27423e-03 
 1.65500e+02  8.25897e-03 
 1.66000e+02  8.25949e-03 
 1.66500e+02  8.25630e-03 
 1.67000e+02  8.26589e-03 
 1.67500e+02  8.26944e-03 
 1.68000e+02  8.26544e-03 
 1.68500e+02  8.26214e-03 
 1.69000e+02  8.26299e-03 
 1.69500e+02  8.27195e-03 
 1.70000e+02  8.27538e-03 
 1.70500e+02  8.26221e-03 
 1.71000e+02  8.27264e-03 
 1.71500e+02  8.27456e-03 
 1.72000e+02  8.27567e-03 
 1.72500e+02  8.26372e-03 
 1.73000e+02  8.25384e-03 
 1.73500e+02  8.26123e-03 
 1.74000e+02  8.26144e-03 
 1.74500e+02  8.25004e-03 
 1.75000e+02  8.25264e-03 
 1.75500e+02  8.26703e-03 
 1.76000e+02  8.26321e-03 
 1.76500e+02  8.25793e-03 
 1.77000e+02  8.25773e-03 
 1.77500e+02  8.25731e-03 
 1.78000e+02  8.25123e-03 
 1.78500e+02  8.24358e-03 
 1.79000e+02  8.23849e-03 
 1.79500e+02  8.24539e-03 
 1.80000e+02  8.24162e-03 
 1.80500e+02  8.23867e-03 
 1.81000e+02  8.24029e-03 
 1.81500e+02  8.26715e-03 
 1.82000e+02  8.25644e-03 
 1.82500e+02  8.25432e-03 
 1.83000e+02  8.25665e-03 
 1.83500e+02  8.25143e-03 
 1.84000e+02  8.24267e-03 
 1.84500e+02  8.24717e-03 
 1.85000e+02  8.23553e-03 
 1.85500e+02  8.22616e-03 
 1.86000e+02  8.22430e-03 
 1.86500e+02  8.23289e-03 
 1.87000e+02  8.22652e-03 
 1.87500e+02  8.22554e-03 
 1.88000e+02  8.21831e-03 
 1.88500e+02  8.22461e-03 
 1.89000e+02  8.22902e-03 
 1.89500e+02  8.22742e-03 
 1.90000e+02  8.23444e-03 
 1.90500e+02  8.23533e-03 
 1.91000e+02  8.23087e-03 
 1.91500e+02  8.21859e-03 
 1.92000e+02  8.21752e-03 
 1.92500e+02  8.22460e-03 
 1.93000e+02  8.21720e-03 
 1.93500e+02  8.21540e-03 
 1.94000e+02  8.21190e-03 
 1.94500e+02  8.21030e-03 
 1.95000e+02  8.20646e-03 
 1.95500e+02  8.19693e-03 
 1.96000e+02  8.19520e-03 
 1.96500e+02  8.18697e-03 
 1.97000e+02  8.19188e-03 
 1.97500e+02  8.19064e-03 
 1.98000e+02  8.18301e-03 
 1.98500e+02  8.18557e-03 
 1.99000e+02  8.19490e-03 
 1.99500e+02  8.19042e-03 
 2.00000e+02  8.18304e-03 
 2.00500e+02  8.17312e-03 
 2.01000e+02  8.17493e-03 
 2.01500e+02  8.17090e-03 
 2.02000e+02  8.16166e-03 
 2.02500e+02  8.15788e-03 
 2.03000e+02  8.14011e-03 
 2.03500e+02  8.12164e-03 
 2.04000e+02  8.10787e-03 
 2.04500e+02  8.10044e-03 
 2.05000e+02  8.09091e-03 
 2.05500e+02  8.07906e-03 
 2.06000e+02  8.05618e-03 
 2.06500e+02  8.03299e-03 
 2.07000e+02  8.01720e-03 
 2.07500e+02  8.00490e-03 
 2.08000e+02  7.98374e-03 
 2.08500e+02  7.98259e-03 
 2.09000e+02  7.95252e-03 
 2.09500e+02  7.94665e-03 
 2.10000e+02  7.92386e-03 
 2.10500e+02  7.90276e-03 
 2.11000e+02  7.87426e-03 
 2.11500e+02  7.85078e-03 
 2.12000e+02  7.83206e-03 
 2.12500e+02  7.82017e-03 
 2.13000e+02  7.79742e-03 
 2.13500e+02  7.77612e-03 
 2.14000e+02  7.75595e-03 
 2.14500e+02  7.71630e-03 
 2.15000e+02  7.67576e-03 
 2.15500e+02  7.63966e-03 
 2.16000e+02  7.59724e-03 
 2.16500e+02  7.56919e-03 
 2.17000e+02  7.54457e-03 
 2.17500e+02  7.51719e-03 
 2.18000e+02  7.49746e-03 
 2.18500e+02  7.47713e-03 
 2.19000e+02  7.45448e-03 
 2.19500e+02  7.42573e-03 
 2.20000e+02  7.40438e-03 
 2.20500e+02  7.38108e-03 
 2.21000e+02  7.34723e-03 
 2.21500e+02  7.31658e-03 
 2.22000e+02  7.27676e-03 
 2.22500e+02  7.23951e-03 
 2.23000e+02  7.19967e-03 
 2.23500e+02  7.16676e-03 
 2.24000e+02  7.12560e-03 
 2.24500e+02  7.09672e-03 
 2.25000e+02  7.06223e-03 
 2.25500e+02  7.04310e-03 
 2.26000e+02  7.01031e-03 
 2.26500e+02  6.96843e-03 
 2.27000e+02  6.92487e-03 
 2.27500e+02  6.86712e-03 
 2.28000e+02  6.81234e-03 
 2.28500e+02  6.76703e-03 
 2.29000e+02  6.71283e-03 
 2.29500e+02  6.65049e-03 
 2.30000e+02  6.61601e-03 
 2.30500e+02  6.55806e-03 
 2.31000e+02  6.51428e-03 
 2.31500e+02  6.46906e-03 
 2.32000e+02  6.42894e-03 
 2.32500e+02  6.38106e-03 
 2.33000e+02  6.33006e-03 
 2.33500e+02  6.27649e-03 
 2.34000e+02  6.22869e-03 
 2.34500e+02  6.16467e-03 
 2.35000e+02  6.12296e-03 
 2.35500e+02  6.06866e-03 
 2.36000e+02  5.99484e-03 
 2.36500e+02  5.93896e-03 
 2.37000e+02  5.88373e-03 
 2.37500e+02  5.82114e-03 
 2.38000e+02  5.75099e-03 
 2.38500e+02  5.68098e-03 
 2.39000e+02  5.59970e-03 
 2.39500e+02  5.52965e-03 
 2.40000e+02  5.45543e-03 
 2.40500e+02  5.36958e-03 
 2.41000e+02  5.28315e-03 
 2.41500e+02  5.20026e-03 
 2.42000e+02  5.10422e-03 
 2.42500e+02  5.01081e-03 
 2.43000e+02  4.91666e-03 
 2.43500e+02  4.82850e-03 
 2.44000e+02  4.74796e-03 
 2.44500e+02  4.64398e-03 
 2.45000e+02  4.54401e-03 
 2.45500e+02  4.43507e-03 
 2.46000e+02  4.32927e-03 
 2.46500e+02  4.22813e-03 
 2.47000e+02  4.11905e-03 
 2.47500e+02  4.01908e-03 
 2.48000e+02  3.91253e-03 
 2.48500e+02  3.80233e-03 
 2.49000e+02  3.69618e-03 
 2.49500e+02  3.59020e-03 
 2.50000e+02  3.47719e-03 
 2.50500e+02  3.37200e-03 
 2.51000e+02  3.25648e-03 
 2.51500e+02  3.15177e-03 
 2.52000e+02  3.04728e-03 
 2.52500e+02  2.94525e-03 
 2.53000e+02  2.84700e-03 
 2.53500e+02  2.73848e-03 
 2.54000e+02  2.63562e-03 
 2.54500e+02  2.53393e-03 
 2.55000e+02  2.42695e-03 
 2.55500e+02  2.31771e-03 
 2.56000e+02  2.22476e-03 
 2.56500e+02  2.12541e-03 
 2.57000e+02  2.02896e-03 
 2.57500e+02  1.93404e-03 
 2.58000e+02  1.84457e-03 
 2.58500e+02  1.76303e-03 
 2.59000e+02  1.69043e-03 
 2.59500e+02  1.61734e-03 
 2.60000e+02  1.54852e-03 
 2.60500e+02  1.47978e-03 
 2.61000e+02  1.41878e-03 
 2.61500e+02  1.36057e-03 
 2.62000e+02  1.30740e-03 
 2.62500e+02  1.24814e-03 
 2.63000e+02  1.19670e-03 
 2.63500e+02  1.15300e-03 
 2.64000e+02  1.10605e-03 
 2.64500e+02  1.06431e-03 
 2.65000e+02  1.02441e-03 
 2.65500e+02  9.82861e-04 
 2.66000e+02  9.45205e-04 
 2.66500e+02  9.07502e-04 
 2.67000e+02  8.70395e-04 
 2.67500e+02  8.36330e-04 
 2.68000e+02  8.09274e-04 
 2.68500e+02  7.79694e-04 
 2.69000e+02  7.51072e-04 
 2.69500e+02  7.20945e-04 
 2.70000e+02  7.01293e-04 
 2.70500e+02  6.76951e-04 
 2.71000e+02  6.55759e-04 
 2.71500e+02  6.33869e-04 
 2.72000e+02  6.11910e-04 
 2.72500e+02  5.91886e-04 
 2.73000e+02  5.69939e-04 
 2.73500e+02  5.51955e-04 
 2.74000e+02  5.32276e-04 
 2.74500e+02  5.14394e-04 
 2.75000e+02  4.97114e-04 
 2.75500e+02  4.77027e-04 
 2.76000e+02  4.58676e-04 
 2.76500e+02  4.43372e-04 
 2.77000e+02  4.27032e-04 
 2.77500e+02  4.08485e-04 
 2.78000e+02  3.91898e-04 
 2.78500e+02  3.74491e-04 
 2.79000e+02  3.57277e-04 
 2.79500e+02  3.43094e-04 
 2.80000e+02  3.30730e-04 
 2.80500e+02  3.16759e-04 
 2.81000e+02  3.03302e-04 
 2.81500e+02  2.86450e-04 
 2.82000e+02  2.73742e-04 
 2.82500e+02  2.60091e-04 
 2.83000e+02  2.48535e-04 
 2.83500e+02  2.36650e-04 
 2.84000e+02  2.26942e-04 
 2.84500e+02  2.14530e-04 
 2.85000e+02  2.03914e-04 
 2.85500e+02  1.93865e-04 
 2.86000e+02  1.84212e-04 
 2.86500e+02  1.76465e-04 
 2.87000e+02  1.69559e-04 
 2.87500e+02  1.60821e-04 
 2.88000e+02  1.53878e-04 
 2.88500e+02  1.48061e-04 
 2.89000e+02  1.40649e-04 
 2.89500e+02  1.35347e-04 
 2.90000e+02  1.29970e-04 
 2.90500e+02  1.25542e-04 
 2.91000e+02  1.20384e-04 
 2.91500e+02  1.17033e-04 
 2.92000e+02  1.12914e-04 
 2.92500e+02  1.09024e-04 
 2.93000e+02  1.05563e-04 
 2.93500e+02  1.02817e-04 
 2.94000e+02  9.99952e-05 
 2.94500e+02  9.67304e-05 
 2.95000e+02  9.33768e-05 
 2.95500e+02  9.09376e-05 
 2.96000e+02  8.82912e-05 
 2.96500e+02  8.60904e-05 
 2.97000e+02  8.34624e-05 
 2.97500e+02  8.12480e-05 
 2.98000e+02  7.96104e-05 
 2.98500e+02  7.81216e-05 
 2.99000e+02  7.54928e-05 
 2.99500e+02  7.35904e-05 
 3.00000e+02  7.18672e-05 
 3.00500e+02  7.00144e-05 
 3.01000e+02  6.91560e-05 
 3.01500e+02  6.69760e-05 
 3.02000e+02  6.53560e-05 
 3.02500e+02  6.33536e-05 
 3.03000e+02  6.18072e-05 
 3.03500e+02  6.03216e-05 
 3.04000e+02  5.93864e-05 
 3.04500e+02  5.76544e-05 
 3.05000e+02  5.61864e-05 
 3.05500e+02  5.44472e-05 
 3.06000e+02  5.38800e-05 
 3.06500e+02  5.27328e-05 
 3.07000e+02  5.10912e-05 
 3.07500e+02  5.01736e-05 
 3.08000e+02  4.94568e-05 
 3.08500e+02  4.84080e-05 
 3.09000e+02  4.69992e-05 
 3.09500e+02  4.54896e-05 
 3.10000e+02  4.42880e-05 
 3.10500e+02  4.36544e-05 
 3.11000e+02  4.19384e-05 
 3.11500e+02  4.08168e-05 
 3.12000e+02  3.99856e-05 
 3.12500e+02  3.93184e-05 
 3.13000e+02  3.81984e-05 
 3.13500e+02  3.68216e-05 
 3.14000e+02  3.50208e-05 
 3.14500e+02  3.40736e-05 
 3.15000e+02  3.26752e-05 
 3.15500e+02  3.13240e-05 
 3.16000e+02  3.03912e-05 
 3.16500e+02  2.91232e-05 
 3.17000e+02  2.81776e-05 
 3.17500e+02  2.69528e-05 
 3.18000e+02  2.56080e-05 
 3.18500e+02  2.45560e-05 
 3.19000e+02  2.30368e-05 
 3.19500e+02  2.26224e-05 
