 0.00000e+00  2.28216e-05 
 5.00000e-01  2.23408e-05 
 1.00000e+00  2.36024e-05 
 1.50000e+00  2.52008e-05 
 2.00000e+00  2.65048e-05 
 2.50000e+00  2.76224e-05 
 3.00000e+00  2.90088e-05 
 3.50000e+00  3.04512e-05 
 4.00000e+00  3.10704e-05 
 4.50000e+00  3.24968e-05 
 5.00000e+00  3.37360e-05 
 5.50000e+00  3.50624e-05 
 6.00000e+00  3.67456e-05 
 6.50000e+00  3.80304e-05 
 7.00000e+00  3.93808e-05 
 7.50000e+00  4.08376e-05 
 8.00000e+00  4.14976e-05 
 8.50000e+00  4.29320e-05 
 9.00000e+00  4.37336e-05 
 9.50000e+00  4.51320e-05 
 1.00000e+01  4.57816e-05 
 1.05000e+01  4.71296e-05 
 1.10000e+01  4.83976e-05 
 1.15000e+01  4.91592e-05 
 1.20000e+01  5.12400e-05 
 1.25000e+01  5.24968e-05 
 1.30000e+01  5.36160e-05 
 1.35000e+01  5.45936e-05 
 1.40000e+01  5.61560e-05 
 1.45000e+01  5.75032e-05 
 1.50000e+01  5.89448e-05 
 1.55000e+01  6.03200e-05 
 1.60000e+01  6.20296e-05 
 1.65000e+01  6.36944e-05 
 1.70000e+01  6.58680e-05 
 1.75000e+01  6.68144e-05 
 1.80000e+01  6.82240e-05 
 1.85000e+01  6.97720e-05 
 1.90000e+01  7.17016e-05 
 1.95000e+01  7.37576e-05 
 2.00000e+01  7.51848e-05 
 2.05000e+01  7.68664e-05 
 2.10000e+01  7.91464e-05 
 2.15000e+01  8.09808e-05 
 2.20000e+01  8.37944e-05 
 2.25000e+01  8.60040e-05 
 2.30000e+01  8.84640e-05 
 2.35000e+01  9.16504e-05 
 2.40000e+01  9.40048e-05 
 2.45000e+01  9.65984e-05 
 2.50000e+01  9.97960e-05 
 2.55000e+01  1.02870e-04 
 2.60000e+01  1.05382e-04 
 2.65000e+01  1.08335e-04 
 2.70000e+01  1.11845e-04 
 2.75000e+01  1.17396e-04 
 2.80000e+01  1.20989e-04 
 2.85000e+01  1.24238e-04 
 2.90000e+01  1.30730e-04 
 2.95000e+01  1.36602e-04 
 3.00000e+01  1.42694e-04 
 3.05000e+01  1.49330e-04 
 3.10000e+01  1.56300e-04 
 3.15000e+01  1.63452e-04 
 3.20000e+01  1.71514e-04 
 3.25000e+01  1.80167e-04 
 3.30000e+01  1.88770e-04 
 3.35000e+01  1.98434e-04 
 3.40000e+01  2.09898e-04 
 3.45000e+01  2.21054e-04 
 3.50000e+01  2.34947e-04 
 3.55000e+01  2.45814e-04 
 3.60000e+01  2.57419e-04 
 3.65000e+01  2.72261e-04 
 3.70000e+01  2.85747e-04 
 3.75000e+01  3.02466e-04 
 3.80000e+01  3.16283e-04 
 3.85000e+01  3.31848e-04 
 3.90000e+01  3.46398e-04 
 3.95000e+01  3.62012e-04 
 4.00000e+01  3.80992e-04 
 4.05000e+01  4.00633e-04 
 4.10000e+01  4.19466e-04 
 4.15000e+01  4.36699e-04 
 4.20000e+01  4.55322e-04 
 4.25000e+01  4.76462e-04 
 4.30000e+01  4.95021e-04 
 4.35000e+01  5.15226e-04 
 4.40000e+01  5.36430e-04 
 4.45000e+01  5.57159e-04 
 4.50000e+01  5.78099e-04 
 4.55000e+01  6.01300e-04 
 4.60000e+01  6.21912e-04 
 4.65000e+01  6.47355e-04 
 4.70000e+01  6.70311e-04 
 4.75000e+01  6.94551e-04 
 4.80000e+01  7.21723e-04 
 4.85000e+01  7.48509e-04 
 4.90000e+01  7.80605e-04 
 4.95000e+01  8.10056e-04 
 5.00000e+01  8.38677e-04 
 5.05000e+01  8.67643e-04 
 5.10000e+01  9.00971e-04 
 5.15000e+01  9.36143e-04 
 5.20000e+01  9.75172e-04 
 5.25000e+01  1.01620e-03 
 5.30000e+01  1.05729e-03 
 5.35000e+01  1.09912e-03 
 5.40000e+01  1.14851e-03 
 5.45000e+01  1.18625e-03 
 5.50000e+01  1.23494e-03 
 5.55000e+01  1.28613e-03 
 5.60000e+01  1.33994e-03 
 5.65000e+01  1.39565e-03 
 5.70000e+01  1.45122e-03 
 5.75000e+01  1.51195e-03 
 5.80000e+01  1.58338e-03 
 5.85000e+01  1.64991e-03 
 5.90000e+01  1.72396e-03 
 5.95000e+01  1.79922e-03 
 6.00000e+01  1.88373e-03 
 6.05000e+01  1.97195e-03 
 6.10000e+01  2.06364e-03 
 6.15000e+01  2.16403e-03 
 6.20000e+01  2.26090e-03 
 6.25000e+01  2.36100e-03 
 6.30000e+01  2.46988e-03 
 6.35000e+01  2.56703e-03 
 6.40000e+01  2.67083e-03 
 6.45000e+01  2.77730e-03 
 6.50000e+01  2.88687e-03 
 6.55000e+01  2.99669e-03 
 6.60000e+01  3.11186e-03 
 6.65000e+01  3.22738e-03 
 6.70000e+01  3.34083e-03 
 6.75000e+01  3.44763e-03 
 6.80000e+01  3.56212e-03 
 6.85000e+01  3.68545e-03 
 6.90000e+01  3.80957e-03 
 6.95000e+01  3.91474e-03 
 7.00000e+01  4.02601e-03 
 7.05000e+01  4.13987e-03 
 7.10000e+01  4.25050e-03 
 7.15000e+01  4.36199e-03 
 7.20000e+01  4.47268e-03 
 7.25000e+01  4.56784e-03 
 7.30000e+01  4.66979e-03 
 7.35000e+01  4.76265e-03 
 7.40000e+01  4.85546e-03 
 7.45000e+01  4.95200e-03 
 7.50000e+01  5.03512e-03 
 7.55000e+01  5.11022e-03 
 7.60000e+01  5.17983e-03 
 7.65000e+01  5.26046e-03 
 7.70000e+01  5.33416e-03 
 7.75000e+01  5.41775e-03 
 7.80000e+01  5.49453e-03 
 7.85000e+01  5.57999e-03 
 7.90000e+01  5.66291e-03 
 7.95000e+01  5.73638e-03 
 8.00000e+01  5.81657e-03 
 8.05000e+01  5.88360e-03 
 8.10000e+01  5.96520e-03 
 8.15000e+01  6.02022e-03 
 8.20000e+01  6.09163e-03 
 8.25000e+01  6.15130e-03 
 8.30000e+01  6.20354e-03 
 8.35000e+01  6.26397e-03 
 8.40000e+01  6.32908e-03 
 8.45000e+01  6.39196e-03 
 8.50000e+01  6.44280e-03 
 8.55000e+01  6.49332e-03 
 8.60000e+01  6.54640e-03 
 8.65000e+01  6.60207e-03 
 8.70000e+01  6.64572e-03 
 8.75000e+01  6.70501e-03 
 8.80000e+01  6.74878e-03 
 8.85000e+01  6.79168e-03 
 8.90000e+01  6.83640e-03 
 8.95000e+01  6.88150e-03 
 9.00000e+01  6.93174e-03 
 9.05000e+01  6.98920e-03 
 9.10000e+01  7.03121e-03 
 9.15000e+01  7.06799e-03 
 9.20000e+01  7.11169e-03 
 9.25000e+01  7.14833e-03 
 9.30000e+01  7.18485e-03 
 9.35000e+01  7.21774e-03 
 9.40000e+01  7.24121e-03 
 9.45000e+01  7.28020e-03 
 9.50000e+01  7.31511e-03 
 9.55000e+01  7.34735e-03 
 9.60000e+01  7.38586e-03 
 9.65000e+01  7.41254e-03 
 9.70000e+01  7.45007e-03 
 9.75000e+01  7.47643e-03 
 9.80000e+01  7.51279e-03 
 9.85000e+01  7.54630e-03 
 9.90000e+01  7.57947e-03 
 9.95000e+01  7.61043e-03 
 1.00000e+02  7.64190e-03 
 1.00500e+02  7.66094e-03 
 1.01000e+02  7.69051e-03 
 1.01500e+02  7.70505e-03 
 1.02000e+02  7.72800e-03 
 1.02500e+02  7.75312e-03 
 1.03000e+02  7.76947e-03 
 1.03500e+02  7.78311e-03 
 1.04000e+02  7.80328e-03 
 1.04500e+02  7.84161e-03 
 1.05000e+02  7.87157e-03 
 1.05500e+02  7.89233e-03 
 1.06000e+02  7.92277e-03 
 1.06500e+02  7.94446e-03 
 1.07000e+02  7.96209e-03 
 1.07500e+02  7.97049e-03 
 1.08000e+02  7.99958e-03 
 1.08500e+02  8.01864e-03 
 1.09000e+02  8.03328e-03 
 1.09500e+02  8.05429e-03 
 1.10000e+02  8.07553e-03 
 1.10500e+02  8.10632e-03 
 1.11000e+02  8.13715e-03 
 1.11500e+02  8.15815e-03 
 1.12000e+02  8.16796e-03 
 1.12500e+02  8.17541e-03 
 1.13000e+02  8.21129e-03 
 1.13500e+02  8.23481e-03 
 1.14000e+02  8.25565e-03 
 1.14500e+02  8.26617e-03 
 1.15000e+02  8.26310e-03 
 1.15500e+02  8.27712e-03 
 1.16000e+02  8.28978e-03 
 1.16500e+02  8.29764e-03 
 1.17000e+02  8.30645e-03 
 1.17500e+02  8.30208e-03 
 1.18000e+02  8.30723e-03 
 1.18500e+02  8.31844e-03 
 1.19000e+02  8.31403e-03 
 1.19500e+02  8.32339e-03 
 1.20000e+02  8.31540e-03 
 1.20500e+02  8.32188e-03 
 1.21000e+02  8.32753e-03 
 1.21500e+02  8.32210e-03 
 1.22000e+02  8.31385e-03 
 1.22500e+02  8.32508e-03 
 1.23000e+02  8.32478e-03 
 1.23500e+02  8.33635e-03 
 1.24000e+02  8.33931e-03 
 1.24500e+02  8.34077e-03 
 1.25000e+02  8.34575e-03 
 1.25500e+02  8.35025e-03 
 1.26000e+02  8.36152e-03 
 1.26500e+02  8.36700e-03 
 1.27000e+02  8.35896e-03 
 1.27500e+02  8.35322e-03 
 1.28000e+02  8.35190e-03 
 1.28500e+02  8.35240e-03 
 1.29000e+02  8.35040e-03 
 1.29500e+02  8.35550e-03 
 1.30000e+02  8.35198e-03 
 1.30500e+02  8.35647e-03 
 1.31000e+02  8.35748e-03 
 1.31500e+02  8.36920e-03 
 1.32000e+02  8.36813e-03 
 1.32500e+02  8.37426e-03 
 1.33000e+02  8.37868e-03 
 1.33500e+02  8.38244e-03 
 1.34000e+02  8.38213e-03 
 1.34500e+02  8.36986e-03 
 1.35000e+02  8.37603e-03 
 1.35500e+02  8.37217e-03 
 1.36000e+02  8.37055e-03 
 1.36500e+02  8.37147e-03 
 1.37000e+02  8.37263e-03 
 1.37500e+02  8.36835e-03 
 1.38000e+02  8.37124e-03 
 1.38500e+02  8.36605e-03 
 1.39000e+02  8.37247e-03 
 1.39500e+02  8.37095e-03 
 1.40000e+02  8.38410e-03 
 1.40500e+02  8.38786e-03 
 1.41000e+02  8.39141e-03 
 1.41500e+02  8.38684e-03 
 1.42000e+02  8.39940e-03 
 1.42500e+02  8.39098e-03 
 1.43000e+02  8.38733e-03 
 1.43500e+02  8.39532e-03 
 1.44000e+02  8.39114e-03 
 1.44500e+02  8.39585e-03 
 1.45000e+02  8.39919e-03 
 1.45500e+02  8.39185e-03 
 1.46000e+02  8.38214e-03 
 1.46500e+02  8.38856e-03 
 1.47000e+02  8.39242e-03 
 1.47500e+02  8.39552e-03 
 1.48000e+02  8.39422e-03 
 1.48500e+02  8.39588e-03 
 1.49000e+02  8.39491e-03 
 1.49500e+02  8.39951e-03 
 1.50000e+02  8.39898e-03 
 1.50500e+02  8.41569e-03 
 1.51000e+02  8.41264e-03 
 1.51500e+02  8.40719e-03 
 1.52000e+02  8.41287e-03 
 1.52500e+02  8.41430e-03 
 1.53000e+02  8.40384e-03 
 1.53500e+02  8.40403e-03 
 1.54000e+02  8.41216e-03 
 1.54500e+02  8.41044e-03 
 1.55000e+02  8.39895e-03 
 1.55500e+02  8.40742e-03 
 1.56000e+02  8.40497e-03 
 1.56500e+02  8.39918e-03 
 1.57000e+02  8.39793e-03 
 1.57500e+02  8.40000e-03 
 1.58000e+02  8.39966e-03 
 1.58500e+02  8.40476e-03 
 1.59000e+02  8.39906e-03 
 1.59500e+02  8.39727e-03 
 1.60000e+02  8.38912e-03 
 1.60500e+02  8.38841e-03 
 1.61000e+02  8.38443e-03 
 1.61500e+02  8.38282e-03 
 1.62000e+02  8.38793e-03 
 1.62500e+02  8.39019e-03 
 1.63000e+02  8.39093e-03 
 1.63500e+02  8.38066e-03 
 1.64000e+02  8.39153e-03 
 1.64500e+02  8.38779e-03 
 1.65000e+02  8.37655e-03 
 1.65500e+02  8.38015e-03 
 1.66000e+02  8.37702e-03 
 1.66500e+02  8.38511e-03 
 1.67000e+02  8.38499e-03 
 1.67500e+02  8.38389e-03 
 1.68000e+02  8.40619e-03 
 1.68500e+02  8.40414e-03 
 1.69000e+02  8.40143e-03 
 1.69500e+02  8.40539e-03 
 1.70000e+02  8.40268e-03 
 1.70500e+02  8.41965e-03 
 1.71000e+02  8.40831e-03 
 1.71500e+02  8.40056e-03 
 1.72000e+02  8.39919e-03 
 1.72500e+02  8.39079e-03 
 1.73000e+02  8.39444e-03 
 1.73500e+02  8.39109e-03 
 1.74000e+02  8.38680e-03 
 1.74500e+02  8.38599e-03 
 1.75000e+02  8.38615e-03 
 1.75500e+02  8.37881e-03 
 1.76000e+02  8.36849e-03 
 1.76500e+02  8.37477e-03 
 1.77000e+02  8.37320e-03 
 1.77500e+02  8.36891e-03 
 1.78000e+02  8.38462e-03 
 1.78500e+02  8.38191e-03 
 1.79000e+02  8.37666e-03 
 1.79500e+02  8.37707e-03 
 1.80000e+02  8.39137e-03 
 1.80500e+02  8.38637e-03 
 1.81000e+02  8.39008e-03 
 1.81500e+02  8.39094e-03 
 1.82000e+02  8.39890e-03 
 1.82500e+02  8.39890e-03 
 1.83000e+02  8.38740e-03 
 1.83500e+02  8.37852e-03 
 1.84000e+02  8.38124e-03 
 1.84500e+02  8.37781e-03 
 1.85000e+02  8.37977e-03 
 1.85500e+02  8.36955e-03 
 1.86000e+02  8.36596e-03 
 1.86500e+02  8.37179e-03 
 1.87000e+02  8.37719e-03 
 1.87500e+02  8.37981e-03 
 1.88000e+02  8.37134e-03 
 1.88500e+02  8.35759e-03 
 1.89000e+02  8.37293e-03 
 1.89500e+02  8.36161e-03 
 1.90000e+02  8.36306e-03 
 1.90500e+02  8.36286e-03 
 1.91000e+02  8.36605e-03 
 1.91500e+02  8.36178e-03 
 1.92000e+02  8.37259e-03 
 1.92500e+02  8.36841e-03 
 1.93000e+02  8.36641e-03 
 1.93500e+02  8.36720e-03 
 1.94000e+02  8.36068e-03 
 1.94500e+02  8.34972e-03 
 1.95000e+02  8.34527e-03 
 1.95500e+02  8.34187e-03 
 1.96000e+02  8.34831e-03 
 1.96500e+02  8.34719e-03 
 1.97000e+02  8.33550e-03 
 1.97500e+02  8.33960e-03 
 1.98000e+02  8.33113e-03 
 1.98500e+02  8.33125e-03 
 1.99000e+02  8.32132e-03 
 1.99500e+02  8.30366e-03 
 2.00000e+02  8.30313e-03 
 2.00500e+02  8.29742e-03 
 2.01000e+02  8.29407e-03 
 2.01500e+02  8.28842e-03 
 2.02000e+02  8.28259e-03 
 2.02500e+02  8.27089e-03 
 2.03000e+02  8.25452e-03 
 2.03500e+02  8.24287e-03 
 2.04000e+02  8.22832e-03 
 2.04500e+02  8.21179e-03 
 2.05000e+02  8.20627e-03 
 2.05500e+02  8.18352e-03 
 2.06000e+02  8.15858e-03 
 2.06500e+02  8.12415e-03 
 2.07000e+02  8.10849e-03 
 2.07500e+02  8.08005e-03 
 2.08000e+02  8.05306e-03 
 2.08500e+02  8.02055e-03 
 2.09000e+02  7.99632e-03 
 2.09500e+02  7.97006e-03 
 2.10000e+02  7.94797e-03 
 2.10500e+02  7.93127e-03 
 2.11000e+02  7.90581e-03 
 2.11500e+02  7.88214e-03 
 2.12000e+02  7.86478e-03 
 2.12500e+02  7.84915e-03 
 2.13000e+02  7.83254e-03 
 2.13500e+02  7.81348e-03 
 2.14000e+02  7.79347e-03 
 2.14500e+02  7.75918e-03 
 2.15000e+02  7.74150e-03 
 2.15500e+02  7.71718e-03 
 2.16000e+02  7.69227e-03 
 2.16500e+02  7.65641e-03 
 2.17000e+02  7.61861e-03 
 2.17500e+02  7.60122e-03 
 2.18000e+02  7.57061e-03 
 2.18500e+02  7.53603e-03 
 2.19000e+02  7.51033e-03 
 2.19500e+02  7.47971e-03 
 2.20000e+02  7.45734e-03 
 2.20500e+02  7.42935e-03 
 2.21000e+02  7.38989e-03 
 2.21500e+02  7.35043e-03 
 2.22000e+02  7.31416e-03 
 2.22500e+02  7.28572e-03 
 2.23000e+02  7.24917e-03 
 2.23500e+02  7.22406e-03 
 2.24000e+02  7.19471e-03 
 2.24500e+02  7.15922e-03 
 2.25000e+02  7.11128e-03 
 2.25500e+02  7.07381e-03 
 2.26000e+02  7.02971e-03 
 2.26500e+02  6.98704e-03 
 2.27000e+02  6.94223e-03 
 2.27500e+02  6.88315e-03 
 2.28000e+02  6.84570e-03 
 2.28500e+02  6.78966e-03 
 2.29000e+02  6.73392e-03 
 2.29500e+02  6.68294e-03 
 2.30000e+02  6.63776e-03 
 2.30500e+02  6.57380e-03 
 2.31000e+02  6.51742e-03 
 2.31500e+02  6.46951e-03 
 2.32000e+02  6.40583e-03 
 2.32500e+02  6.35908e-03 
 2.33000e+02  6.30301e-03 
 2.33500e+02  6.25682e-03 
 2.34000e+02  6.20766e-03 
 2.34500e+02  6.15883e-03 
 2.35000e+02  6.10050e-03 
 2.35500e+02  6.04948e-03 
 2.36000e+02  5.99040e-03 
 2.36500e+02  5.94384e-03 
 2.37000e+02  5.88804e-03 
 2.37500e+02  5.82817e-03 
 2.38000e+02  5.76037e-03 
 2.38500e+02  5.68511e-03 
 2.39000e+02  5.62057e-03 
 2.39500e+02  5.55549e-03 
 2.40000e+02  5.47209e-03 
 2.40500e+02  5.38917e-03 
 2.41000e+02  5.30591e-03 
 2.41500e+02  5.22285e-03 
 2.42000e+02  5.13816e-03 
 2.42500e+02  5.04258e-03 
 2.43000e+02  4.94126e-03 
 2.43500e+02  4.84558e-03 
 2.44000e+02  4.74620e-03 
 2.44500e+02  4.65204e-03 
 2.45000e+02  4.54709e-03 
 2.45500e+02  4.43882e-03 
 2.46000e+02  4.34580e-03 
 2.46500e+02  4.24192e-03 
 2.47000e+02  4.13483e-03 
 2.47500e+02  4.02179e-03 
 2.48000e+02  3.92787e-03 
 2.48500e+02  3.81579e-03 
 2.49000e+02  3.72004e-03 
 2.49500e+02  3.61085e-03 
 2.50000e+02  3.49934e-03 
 2.50500e+02  3.39826e-03 
 2.51000e+02  3.29012e-03 
 2.51500e+02  3.18626e-03 
 2.52000e+02  3.07964e-03 
 2.52500e+02  2.98097e-03 
 2.53000e+02  2.88380e-03 
 2.53500e+02  2.78181e-03 
 2.54000e+02  2.67208e-03 
 2.54500e+02  2.57136e-03 
 2.55000e+02  2.45962e-03 
 2.55500e+02  2.36205e-03 
 2.56000e+02  2.25916e-03 
 2.56500e+02  2.15889e-03 
 2.57000e+02  2.07187e-03 
 2.57500e+02  1.97818e-03 
 2.58000e+02  1.88931e-03 
 2.58500e+02  1.80356e-03 
 2.59000e+02  1.72827e-03 
 2.59500e+02  1.65567e-03 
 2.60000e+02  1.58361e-03 
 2.60500e+02  1.51760e-03 
 2.61000e+02  1.45232e-03 
 2.61500e+02  1.38838e-03 
 2.62000e+02  1.33122e-03 
 2.62500e+02  1.28159e-03 
 2.63000e+02  1.22795e-03 
 2.63500e+02  1.18042e-03 
 2.64000e+02  1.13226e-03 
 2.64500e+02  1.08364e-03 
 2.65000e+02  1.04367e-03 
 2.65500e+02  1.00526e-03 
 2.66000e+02  9.62341e-04 
 2.66500e+02  9.22824e-04 
 2.67000e+02  8.91871e-04 
 2.67500e+02  8.57615e-04 
 2.68000e+02  8.26898e-04 
 2.68500e+02  7.97497e-04 
 2.69000e+02  7.69969e-04 
 2.69500e+02  7.45770e-04 
 2.70000e+02  7.20067e-04 
 2.70500e+02  6.96605e-04 
 2.71000e+02  6.75322e-04 
 2.71500e+02  6.49430e-04 
 2.72000e+02  6.28356e-04 
 2.72500e+02  6.11848e-04 
 2.73000e+02  5.86522e-04 
 2.73500e+02  5.66463e-04 
 2.74000e+02  5.49934e-04 
 2.74500e+02  5.31438e-04 
 2.75000e+02  5.11844e-04 
 2.75500e+02  4.95151e-04 
 2.76000e+02  4.76634e-04 
 2.76500e+02  4.56748e-04 
 2.77000e+02  4.39977e-04 
 2.77500e+02  4.26563e-04 
 2.78000e+02  4.07525e-04 
 2.78500e+02  3.92559e-04 
 2.79000e+02  3.77070e-04 
 2.79500e+02  3.61869e-04 
 2.80000e+02  3.47335e-04 
 2.80500e+02  3.32741e-04 
 2.81000e+02  3.18286e-04 
 2.81500e+02  3.03207e-04 
 2.82000e+02  2.91610e-04 
 2.82500e+02  2.78524e-04 
 2.83000e+02  2.63248e-04 
 2.83500e+02  2.53205e-04 
 2.84000e+02  2.40070e-04 
 2.84500e+02  2.26886e-04 
 2.85000e+02  2.16216e-04 
 2.85500e+02  2.05780e-04 
 2.86000e+02  1.95467e-04 
 2.86500e+02  1.86999e-04 
 2.87000e+02  1.77576e-04 
 2.87500e+02  1.68677e-04 
 2.88000e+02  1.60434e-04 
 2.88500e+02  1.52726e-04 
 2.89000e+02  1.46035e-04 
 2.89500e+02  1.39168e-04 
 2.90000e+02  1.34596e-04 
 2.90500e+02  1.29318e-04 
 2.91000e+02  1.24528e-04 
 2.91500e+02  1.20011e-04 
 2.92000e+02  1.16351e-04 
 2.92500e+02  1.11582e-04 
 2.93000e+02  1.09072e-04 
 2.93500e+02  1.05072e-04 
 2.94000e+02  1.00682e-04 
 2.94500e+02  9.78744e-05 
 2.95000e+02  9.54008e-05 
 2.95500e+02  9.27424e-05 
 2.96000e+02  9.02264e-05 
 2.96500e+02  8.82624e-05 
 2.97000e+02  8.54720e-05 
 2.97500e+02  8.35824e-05 
 2.98000e+02  8.15840e-05 
 2.98500e+02  7.91992e-05 
 2.99000e+02  7.73696e-05 
 2.99500e+02  7.50232e-05 
 3.00000e+02  7.27160e-05 
 3.00500e+02  7.08928e-05 
 3.01000e+02  6.91088e-05 
 3.01500e+02  6.74480e-05 
 3.02000e+02  6.58024e-05 
 3.02500e+02  6.37904e-05 
 3.03000e+02  6.25984e-05 
 3.03500e+02  6.07104e-05 
 3.04000e+02  5.94912e-05 
 3.04500e+02  5.82824e-05 
 3.05000e+02  5.66080e-05 
 3.05500e+02  5.54656e-05 
 3.06000e+02  5.45288e-05 
 3.06500e+02  5.32464e-05 
 3.07000e+02  5.19472e-05 
 3.07500e+02  5.06240e-05 
 3.08000e+02  4.89544e-05 
 3.08500e+02  4.75128e-05 
 3.09000e+02  4.61368e-05 
 3.09500e+02  4.61472e-05 
 3.10000e+02  4.51160e-05 
 3.10500e+02  4.39032e-05 
 3.11000e+02  4.26272e-05 
 3.11500e+02  4.15152e-05 
 3.12000e+02  4.01864e-05 
 3.12500e+02  3.88680e-05 
 3.13000e+02  3.78136e-05 
 3.13500e+02  3.67376e-05 
 3.14000e+02  3.51968e-05 
 3.14500e+02  3.41824e-05 
 3.15000e+02  3.31024e-05 
 3.15500e+02  3.19288e-05 
 3.16000e+02  3.08632e-05 
 3.16500e+02  2.91752e-05 
 3.17000e+02  2.77128e-05 
 3.17500e+02  2.70176e-05 
 3.18000e+02  2.61128e-05 
 3.18500e+02  2.44992e-05 
 3.19000e+02  2.30936e-05 
 3.19500e+02  2.34216e-05 
