 0.00000e+00  2.34368e-05 
 5.00000e-01  2.36968e-05 
 1.00000e+00  2.50960e-05 
 1.50000e+00  2.68248e-05 
 2.00000e+00  2.79472e-05 
 2.50000e+00  2.94720e-05 
 3.00000e+00  3.08088e-05 
 3.50000e+00  3.18688e-05 
 4.00000e+00  3.33344e-05 
 4.50000e+00  3.50336e-05 
 5.00000e+00  3.59592e-05 
 5.50000e+00  3.69568e-05 
 6.00000e+00  3.81560e-05 
 6.50000e+00  3.94432e-05 
 7.00000e+00  4.08552e-05 
 7.50000e+00  4.22952e-05 
 8.00000e+00  4.39000e-05 
 8.50000e+00  4.51120e-05 
 9.00000e+00  4.61600e-05 
 9.50000e+00  4.76264e-05 
 1.00000e+01  4.85672e-05 
 1.05000e+01  5.00608e-05 
 1.10000e+01  5.14064e-05 
 1.15000e+01  5.25904e-05 
 1.20000e+01  5.33600e-05 
 1.25000e+01  5.50384e-05 
 1.30000e+01  5.64688e-05 
 1.35000e+01  5.82984e-05 
 1.40000e+01  6.00096e-05 
 1.45000e+01  6.09072e-05 
 1.50000e+01  6.25936e-05 
 1.55000e+01  6.45672e-05 
 1.60000e+01  6.58976e-05 
 1.65000e+01  6.76896e-05 
 1.70000e+01  6.90992e-05 
 1.75000e+01  7.11472e-05 
 1.80000e+01  7.29344e-05 
 1.85000e+01  7.48352e-05 
 1.90000e+01  7.62768e-05 
 1.95000e+01  7.82400e-05 
 2.00000e+01  8.03352e-05 
 2.05000e+01  8.15688e-05 
 2.10000e+01  8.33600e-05 
 2.15000e+01  8.67176e-05 
 2.20000e+01  8.85120e-05 
 2.25000e+01  9.07408e-05 
 2.30000e+01  9.24944e-05 
 2.35000e+01  9.53096e-05 
 2.40000e+01  9.86888e-05 
 2.45000e+01  1.01156e-04 
 2.50000e+01  1.04482e-04 
 2.55000e+01  1.07354e-04 
 2.60000e+01  1.10154e-04 
 2.65000e+01  1.14179e-04 
 2.70000e+01  1.18322e-04 
 2.75000e+01  1.22336e-04 
 2.80000e+01  1.27834e-04 
 2.85000e+01  1.30568e-04 
 2.90000e+01  1.34990e-04 
 2.95000e+01  1.41383e-04 
 3.00000e+01  1.47818e-04 
 3.05000e+01  1.52530e-04 
 3.10000e+01  1.59367e-04 
 3.15000e+01  1.66631e-04 
 3.20000e+01  1.73808e-04 
 3.25000e+01  1.82875e-04 
 3.30000e+01  1.92181e-04 
 3.35000e+01  2.00589e-04 
 3.40000e+01  2.11498e-04 
 3.45000e+01  2.22790e-04 
 3.50000e+01  2.32668e-04 
 3.55000e+01  2.45091e-04 
 3.60000e+01  2.57006e-04 
 3.65000e+01  2.69284e-04 
 3.70000e+01  2.83910e-04 
 3.75000e+01  2.97090e-04 
 3.80000e+01  3.12245e-04 
 3.85000e+01  3.29646e-04 
 3.90000e+01  3.44066e-04 
 3.95000e+01  3.61030e-04 
 4.00000e+01  3.78559e-04 
 4.05000e+01  3.96886e-04 
 4.10000e+01  4.15569e-04 
 4.15000e+01  4.34226e-04 
 4.20000e+01  4.51130e-04 
 4.25000e+01  4.69412e-04 
 4.30000e+01  4.88358e-04 
 4.35000e+01  5.08722e-04 
 4.40000e+01  5.28009e-04 
 4.45000e+01  5.48358e-04 
 4.50000e+01  5.70362e-04 
 4.55000e+01  5.94381e-04 
 4.60000e+01  6.15813e-04 
 4.65000e+01  6.37699e-04 
 4.70000e+01  6.61838e-04 
 4.75000e+01  6.85898e-04 
 4.80000e+01  7.13834e-04 
 4.85000e+01  7.38456e-04 
 4.90000e+01  7.71099e-04 
 4.95000e+01  7.98711e-04 
 5.00000e+01  8.30045e-04 
 5.05000e+01  8.63946e-04 
 5.10000e+01  9.00906e-04 
 5.15000e+01  9.38198e-04 
 5.20000e+01  9.73579e-04 
 5.25000e+01  1.01315e-03 
 5.30000e+01  1.05656e-03 
 5.35000e+01  1.09951e-03 
 5.40000e+01  1.14430e-03 
 5.45000e+01  1.18726e-03 
 5.50000e+01  1.23432e-03 
 5.55000e+01  1.28447e-03 
 5.60000e+01  1.34113e-03 
 5.65000e+01  1.39180e-03 
 5.70000e+01  1.44863e-03 
 5.75000e+01  1.51253e-03 
 5.80000e+01  1.57726e-03 
 5.85000e+01  1.64784e-03 
 5.90000e+01  1.72534e-03 
 5.95000e+01  1.79582e-03 
 6.00000e+01  1.87894e-03 
 6.05000e+01  1.96564e-03 
 6.10000e+01  2.05382e-03 
 6.15000e+01  2.14872e-03 
 6.20000e+01  2.24356e-03 
 6.25000e+01  2.34051e-03 
 6.30000e+01  2.43600e-03 
 6.35000e+01  2.54430e-03 
 6.40000e+01  2.64988e-03 
 6.45000e+01  2.75785e-03 
 6.50000e+01  2.86516e-03 
 6.55000e+01  2.96623e-03 
 6.60000e+01  3.08799e-03 
 6.65000e+01  3.19572e-03 
 6.70000e+01  3.31085e-03 
 6.75000e+01  3.41859e-03 
 6.80000e+01  3.54113e-03 
 6.85000e+01  3.64859e-03 
 6.90000e+01  3.75678e-03 
 6.95000e+01  3.87384e-03 
 7.00000e+01  3.98820e-03 
 7.05000e+01  4.11135e-03 
 7.10000e+01  4.22464e-03 
 7.15000e+01  4.32173e-03 
 7.20000e+01  4.43266e-03 
 7.25000e+01  4.53552e-03 
 7.30000e+01  4.65186e-03 
 7.35000e+01  4.75293e-03 
 7.40000e+01  4.85622e-03 
 7.45000e+01  4.95556e-03 
 7.50000e+01  5.04251e-03 
 7.55000e+01  5.13804e-03 
 7.60000e+01  5.23426e-03 
 7.65000e+01  5.32027e-03 
 7.70000e+01  5.41246e-03 
 7.75000e+01  5.49931e-03 
 7.80000e+01  5.59376e-03 
 7.85000e+01  5.67228e-03 
 7.90000e+01  5.77187e-03 
 7.95000e+01  5.85489e-03 
 8.00000e+01  5.93842e-03 
 8.05000e+01  6.02690e-03 
 8.10000e+01  6.09532e-03 
 8.15000e+01  6.17909e-03 
 8.20000e+01  6.24376e-03 
 8.25000e+01  6.30890e-03 
 8.30000e+01  6.37049e-03 
 8.35000e+01  6.42001e-03 
 8.40000e+01  6.47387e-03 
 8.45000e+01  6.53099e-03 
 8.50000e+01  6.58634e-03 
 8.55000e+01  6.63295e-03 
 8.60000e+01  6.68510e-03 
 8.65000e+01  6.73507e-03 
 8.70000e+01  6.79151e-03 
 8.75000e+01  6.83635e-03 
 8.80000e+01  6.88127e-03 
 8.85000e+01  6.94428e-03 
 8.90000e+01  6.98892e-03 
 8.95000e+01  7.04179e-03 
 9.00000e+01  7.09402e-03 
 9.05000e+01  7.13616e-03 
 9.10000e+01  7.17097e-03 
 9.15000e+01  7.20722e-03 
 9.20000e+01  7.23674e-03 
 9.25000e+01  7.27659e-03 
 9.30000e+01  7.30848e-03 
 9.35000e+01  7.34442e-03 
 9.40000e+01  7.36192e-03 
 9.45000e+01  7.38292e-03 
 9.50000e+01  7.42370e-03 
 9.55000e+01  7.45668e-03 
 9.60000e+01  7.49610e-03 
 9.65000e+01  7.54461e-03 
 9.70000e+01  7.57464e-03 
 9.75000e+01  7.63066e-03 
 9.80000e+01  7.66188e-03 
 9.85000e+01  7.68498e-03 
 9.90000e+01  7.72207e-03 
 9.95000e+01  7.75486e-03 
 1.00000e+02  7.77684e-03 
 1.00500e+02  7.81287e-03 
 1.01000e+02  7.83208e-03 
 1.01500e+02  7.85527e-03 
 1.02000e+02  7.88760e-03 
 1.02500e+02  7.91103e-03 
 1.03000e+02  7.93690e-03 
 1.03500e+02  7.95012e-03 
 1.04000e+02  7.97850e-03 
 1.04500e+02  8.00488e-03 
 1.05000e+02  8.01885e-03 
 1.05500e+02  8.04846e-03 
 1.06000e+02  8.08390e-03 
 1.06500e+02  8.11090e-03 
 1.07000e+02  8.12209e-03 
 1.07500e+02  8.14305e-03 
 1.08000e+02  8.16757e-03 
 1.08500e+02  8.19263e-03 
 1.09000e+02  8.22319e-03 
 1.09500e+02  8.23813e-03 
 1.10000e+02  8.25921e-03 
 1.10500e+02  8.28215e-03 
 1.11000e+02  8.29725e-03 
 1.11500e+02  8.31364e-03 
 1.12000e+02  8.32876e-03 
 1.12500e+02  8.33801e-03 
 1.13000e+02  8.34313e-03 
 1.13500e+02  8.34964e-03 
 1.14000e+02  8.36608e-03 
 1.14500e+02  8.37512e-03 
 1.15000e+02  8.38001e-03 
 1.15500e+02  8.40641e-03 
 1.16000e+02  8.42270e-03 
 1.16500e+02  8.43127e-03 
 1.17000e+02  8.43712e-03 
 1.17500e+02  8.42448e-03 
 1.18000e+02  8.44201e-03 
 1.18500e+02  8.44691e-03 
 1.19000e+02  8.45255e-03 
 1.19500e+02  8.44674e-03 
 1.20000e+02  8.45568e-03 
 1.20500e+02  8.46400e-03 
 1.21000e+02  8.48141e-03 
 1.21500e+02  8.47116e-03 
 1.22000e+02  8.47160e-03 
 1.22500e+02  8.46304e-03 
 1.23000e+02  8.46507e-03 
 1.23500e+02  8.46328e-03 
 1.24000e+02  8.47612e-03 
 1.24500e+02  8.47903e-03 
 1.25000e+02  8.49320e-03 
 1.25500e+02  8.50480e-03 
 1.26000e+02  8.50306e-03 
 1.26500e+02  8.49831e-03 
 1.27000e+02  8.49795e-03 
 1.27500e+02  8.49282e-03 
 1.28000e+02  8.49842e-03 
 1.28500e+02  8.50682e-03 
 1.29000e+02  8.50468e-03 
 1.29500e+02  8.50879e-03 
 1.30000e+02  8.50944e-03 
 1.30500e+02  8.50617e-03 
 1.31000e+02  8.50996e-03 
 1.31500e+02  8.50516e-03 
 1.32000e+02  8.49302e-03 
 1.32500e+02  8.49806e-03 
 1.33000e+02  8.51023e-03 
 1.33500e+02  8.50271e-03 
 1.34000e+02  8.50128e-03 
 1.34500e+02  8.49648e-03 
 1.35000e+02  8.50628e-03 
 1.35500e+02  8.51833e-03 
 1.36000e+02  8.53440e-03 
 1.36500e+02  8.53560e-03 
 1.37000e+02  8.52461e-03 
 1.37500e+02  8.54078e-03 
 1.38000e+02  8.53716e-03 
 1.38500e+02  8.53961e-03 
 1.39000e+02  8.53839e-03 
 1.39500e+02  8.52534e-03 
 1.40000e+02  8.51913e-03 
 1.40500e+02  8.53082e-03 
 1.41000e+02  8.51915e-03 
 1.41500e+02  8.51247e-03 
 1.42000e+02  8.50948e-03 
 1.42500e+02  8.51744e-03 
 1.43000e+02  8.52232e-03 
 1.43500e+02  8.49616e-03 
 1.44000e+02  8.50248e-03 
 1.44500e+02  8.52021e-03 
 1.45000e+02  8.52469e-03 
 1.45500e+02  8.52109e-03 
 1.46000e+02  8.51779e-03 
 1.46500e+02  8.51324e-03 
 1.47000e+02  8.51485e-03 
 1.47500e+02  8.52225e-03 
 1.48000e+02  8.53026e-03 
 1.48500e+02  8.53353e-03 
 1.49000e+02  8.53813e-03 
 1.49500e+02  8.53335e-03 
 1.50000e+02  8.53769e-03 
 1.50500e+02  8.53312e-03 
 1.51000e+02  8.52658e-03 
 1.51500e+02  8.52913e-03 
 1.52000e+02  8.53565e-03 
 1.52500e+02  8.53305e-03 
 1.53000e+02  8.53619e-03 
 1.53500e+02  8.52822e-03 
 1.54000e+02  8.53535e-03 
 1.54500e+02  8.53515e-03 
 1.55000e+02  8.52828e-03 
 1.55500e+02  8.53006e-03 
 1.56000e+02  8.53145e-03 
 1.56500e+02  8.52595e-03 
 1.57000e+02  8.52501e-03 
 1.57500e+02  8.52227e-03 
 1.58000e+02  8.51925e-03 
 1.58500e+02  8.52192e-03 
 1.59000e+02  8.51585e-03 
 1.59500e+02  8.52009e-03 
 1.60000e+02  8.51857e-03 
 1.60500e+02  8.52197e-03 
 1.61000e+02  8.53353e-03 
 1.61500e+02  8.52950e-03 
 1.62000e+02  8.52724e-03 
 1.62500e+02  8.52978e-03 
 1.63000e+02  8.52967e-03 
 1.63500e+02  8.52802e-03 
 1.64000e+02  8.52822e-03 
 1.64500e+02  8.53913e-03 
 1.65000e+02  8.53714e-03 
 1.65500e+02  8.53924e-03 
 1.66000e+02  8.53867e-03 
 1.66500e+02  8.52483e-03 
 1.67000e+02  8.52034e-03 
 1.67500e+02  8.51868e-03 
 1.68000e+02  8.52976e-03 
 1.68500e+02  8.52551e-03 
 1.69000e+02  8.52680e-03 
 1.69500e+02  8.53422e-03 
 1.70000e+02  8.52064e-03 
 1.70500e+02  8.52508e-03 
 1.71000e+02  8.51810e-03 
 1.71500e+02  8.52966e-03 
 1.72000e+02  8.53245e-03 
 1.72500e+02  8.53974e-03 
 1.73000e+02  8.53317e-03 
 1.73500e+02  8.52504e-03 
 1.74000e+02  8.52750e-03 
 1.74500e+02  8.53145e-03 
 1.75000e+02  8.51788e-03 
 1.75500e+02  8.51653e-03 
 1.76000e+02  8.51473e-03 
 1.76500e+02  8.51534e-03 
 1.77000e+02  8.51664e-03 
 1.77500e+02  8.50306e-03 
 1.78000e+02  8.50358e-03 
 1.78500e+02  8.50629e-03 
 1.79000e+02  8.51215e-03 
 1.79500e+02  8.51002e-03 
 1.80000e+02  8.50297e-03 
 1.80500e+02  8.49492e-03 
 1.81000e+02  8.50017e-03 
 1.81500e+02  8.48856e-03 
 1.82000e+02  8.48014e-03 
 1.82500e+02  8.48882e-03 
 1.83000e+02  8.48485e-03 
 1.83500e+02  8.48522e-03 
 1.84000e+02  8.47607e-03 
 1.84500e+02  8.47598e-03 
 1.85000e+02  8.48201e-03 
 1.85500e+02  8.49141e-03 
 1.86000e+02  8.48665e-03 
 1.86500e+02  8.49174e-03 
 1.87000e+02  8.48296e-03 
 1.87500e+02  8.48435e-03 
 1.88000e+02  8.48494e-03 
 1.88500e+02  8.48603e-03 
 1.89000e+02  8.47886e-03 
 1.89500e+02  8.48455e-03 
 1.90000e+02  8.48442e-03 
 1.90500e+02  8.49400e-03 
 1.91000e+02  8.48165e-03 
 1.91500e+02  8.48008e-03 
 1.92000e+02  8.47720e-03 
 1.92500e+02  8.47196e-03 
 1.93000e+02  8.47670e-03 
 1.93500e+02  8.47486e-03 
 1.94000e+02  8.48103e-03 
 1.94500e+02  8.48532e-03 
 1.95000e+02  8.48509e-03 
 1.95500e+02  8.47866e-03 
 1.96000e+02  8.47451e-03 
 1.96500e+02  8.46688e-03 
 1.97000e+02  8.45661e-03 
 1.97500e+02  8.44631e-03 
 1.98000e+02  8.43994e-03 
 1.98500e+02  8.42990e-03 
 1.99000e+02  8.43444e-03 
 1.99500e+02  8.41631e-03 
 2.00000e+02  8.40820e-03 
 2.00500e+02  8.41025e-03 
 2.01000e+02  8.40202e-03 
 2.01500e+02  8.39336e-03 
 2.02000e+02  8.38144e-03 
 2.02500e+02  8.38742e-03 
 2.03000e+02  8.36653e-03 
 2.03500e+02  8.35820e-03 
 2.04000e+02  8.33017e-03 
 2.04500e+02  8.32198e-03 
 2.05000e+02  8.30803e-03 
 2.05500e+02  8.30156e-03 
 2.06000e+02  8.28040e-03 
 2.06500e+02  8.27229e-03 
 2.07000e+02  8.23265e-03 
 2.07500e+02  8.21210e-03 
 2.08000e+02  8.19274e-03 
 2.08500e+02  8.16728e-03 
 2.09000e+02  8.15138e-03 
 2.09500e+02  8.13693e-03 
 2.10000e+02  8.11766e-03 
 2.10500e+02  8.09201e-03 
 2.11000e+02  8.07656e-03 
 2.11500e+02  8.05418e-03 
 2.12000e+02  8.04853e-03 
 2.12500e+02  8.03263e-03 
 2.13000e+02  8.00105e-03 
 2.13500e+02  7.97285e-03 
 2.14000e+02  7.95022e-03 
 2.14500e+02  7.92131e-03 
 2.15000e+02  7.89050e-03 
 2.15500e+02  7.86139e-03 
 2.16000e+02  7.83133e-03 
 2.16500e+02  7.81791e-03 
 2.17000e+02  7.77435e-03 
 2.17500e+02  7.73999e-03 
 2.18000e+02  7.71478e-03 
 2.18500e+02  7.69340e-03 
 2.19000e+02  7.67233e-03 
 2.19500e+02  7.66091e-03 
 2.20000e+02  7.63979e-03 
 2.20500e+02  7.58973e-03 
 2.21000e+02  7.55796e-03 
 2.21500e+02  7.50576e-03 
 2.22000e+02  7.46777e-03 
 2.22500e+02  7.43664e-03 
 2.23000e+02  7.40145e-03 
 2.23500e+02  7.36538e-03 
 2.24000e+02  7.33602e-03 
 2.24500e+02  7.32004e-03 
 2.25000e+02  7.27708e-03 
 2.25500e+02  7.22916e-03 
 2.26000e+02  7.18576e-03 
 2.26500e+02  7.14670e-03 
 2.27000e+02  7.09477e-03 
 2.27500e+02  7.03823e-03 
 2.28000e+02  7.00127e-03 
 2.28500e+02  6.94793e-03 
 2.29000e+02  6.89806e-03 
 2.29500e+02  6.83563e-03 
 2.30000e+02  6.78539e-03 
 2.30500e+02  6.72219e-03 
 2.31000e+02  6.67268e-03 
 2.31500e+02  6.61744e-03 
 2.32000e+02  6.56228e-03 
 2.32500e+02  6.51204e-03 
 2.33000e+02  6.44380e-03 
 2.33500e+02  6.38086e-03 
 2.34000e+02  6.31926e-03 
 2.34500e+02  6.26237e-03 
 2.35000e+02  6.19988e-03 
 2.35500e+02  6.11642e-03 
 2.36000e+02  6.03324e-03 
 2.36500e+02  5.96141e-03 
 2.37000e+02  5.88549e-03 
 2.37500e+02  5.80273e-03 
 2.38000e+02  5.72839e-03 
 2.38500e+02  5.65738e-03 
 2.39000e+02  5.57858e-03 
 2.39500e+02  5.51105e-03 
 2.40000e+02  5.42820e-03 
 2.40500e+02  5.36310e-03 
 2.41000e+02  5.27173e-03 
 2.41500e+02  5.18881e-03 
 2.42000e+02  5.10072e-03 
 2.42500e+02  5.01913e-03 
 2.43000e+02  4.92960e-03 
 2.43500e+02  4.84286e-03 
 2.44000e+02  4.74500e-03 
 2.44500e+02  4.65546e-03 
 2.45000e+02  4.54842e-03 
 2.45500e+02  4.44467e-03 
 2.46000e+02  4.34264e-03 
 2.46500e+02  4.24374e-03 
 2.47000e+02  4.15099e-03 
 2.47500e+02  4.03949e-03 
 2.48000e+02  3.92895e-03 
 2.48500e+02  3.82640e-03 
 2.49000e+02  3.72287e-03 
 2.49500e+02  3.61285e-03 
 2.50000e+02  3.50601e-03 
 2.50500e+02  3.40246e-03 
 2.51000e+02  3.29687e-03 
 2.51500e+02  3.18738e-03 
 2.52000e+02  3.08454e-03 
 2.52500e+02  2.97734e-03 
 2.53000e+02  2.87013e-03 
 2.53500e+02  2.76189e-03 
 2.54000e+02  2.66208e-03 
 2.54500e+02  2.56138e-03 
 2.55000e+02  2.45921e-03 
 2.55500e+02  2.35539e-03 
 2.56000e+02  2.25805e-03 
 2.56500e+02  2.16089e-03 
 2.57000e+02  2.06390e-03 
 2.57500e+02  1.97042e-03 
 2.58000e+02  1.88050e-03 
 2.58500e+02  1.80125e-03 
 2.59000e+02  1.72457e-03 
 2.59500e+02  1.64952e-03 
 2.60000e+02  1.58464e-03 
 2.60500e+02  1.51651e-03 
 2.61000e+02  1.45804e-03 
 2.61500e+02  1.39421e-03 
 2.62000e+02  1.34074e-03 
 2.62500e+02  1.28576e-03 
 2.63000e+02  1.23782e-03 
 2.63500e+02  1.18761e-03 
 2.64000e+02  1.13983e-03 
 2.64500e+02  1.09473e-03 
 2.65000e+02  1.05204e-03 
 2.65500e+02  1.00984e-03 
 2.66000e+02  9.72169e-04 
 2.66500e+02  9.35964e-04 
 2.67000e+02  9.00491e-04 
 2.67500e+02  8.63789e-04 
 2.68000e+02  8.35556e-04 
 2.68500e+02  8.04707e-04 
 2.69000e+02  7.78643e-04 
 2.69500e+02  7.51245e-04 
 2.70000e+02  7.24779e-04 
 2.70500e+02  7.00306e-04 
 2.71000e+02  6.78897e-04 
 2.71500e+02  6.57274e-04 
 2.72000e+02  6.34601e-04 
 2.72500e+02  6.11990e-04 
 2.73000e+02  5.92510e-04 
 2.73500e+02  5.71351e-04 
 2.74000e+02  5.51286e-04 
 2.74500e+02  5.34249e-04 
 2.75000e+02  5.15235e-04 
 2.75500e+02  4.98317e-04 
 2.76000e+02  4.78452e-04 
 2.76500e+02  4.60835e-04 
 2.77000e+02  4.42366e-04 
 2.77500e+02  4.24442e-04 
 2.78000e+02  4.07702e-04 
 2.78500e+02  3.90399e-04 
 2.79000e+02  3.77121e-04 
 2.79500e+02  3.60744e-04 
 2.80000e+02  3.45785e-04 
 2.80500e+02  3.29132e-04 
 2.81000e+02  3.14945e-04 
 2.81500e+02  3.01756e-04 
 2.82000e+02  2.89158e-04 
 2.82500e+02  2.75119e-04 
 2.83000e+02  2.62318e-04 
 2.83500e+02  2.49253e-04 
 2.84000e+02  2.37948e-04 
 2.84500e+02  2.26162e-04 
 2.85000e+02  2.15334e-04 
 2.85500e+02  2.03686e-04 
 2.86000e+02  1.95812e-04 
 2.86500e+02  1.86021e-04 
 2.87000e+02  1.77406e-04 
 2.87500e+02  1.70539e-04 
 2.88000e+02  1.62012e-04 
 2.88500e+02  1.55011e-04 
 2.89000e+02  1.49933e-04 
 2.89500e+02  1.44458e-04 
 2.90000e+02  1.38570e-04 
 2.90500e+02  1.34074e-04 
 2.91000e+02  1.30065e-04 
 2.91500e+02  1.25282e-04 
 2.92000e+02  1.20638e-04 
 2.92500e+02  1.17196e-04 
 2.93000e+02  1.14394e-04 
 2.93500e+02  1.11303e-04 
 2.94000e+02  1.08113e-04 
 2.94500e+02  1.05094e-04 
 2.95000e+02  1.01468e-04 
 2.95500e+02  9.90640e-05 
 2.96000e+02  9.64040e-05 
 2.96500e+02  9.36856e-05 
 2.97000e+02  8.98320e-05 
 2.97500e+02  8.76152e-05 
 2.98000e+02  8.56424e-05 
 2.98500e+02  8.40176e-05 
 2.99000e+02  8.17776e-05 
 2.99500e+02  7.97624e-05 
 3.00000e+02  7.79744e-05 
 3.00500e+02  7.57800e-05 
 3.01000e+02  7.36176e-05 
 3.01500e+02  7.23200e-05 
 3.02000e+02  7.10440e-05 
 3.02500e+02  6.88928e-05 
 3.03000e+02  6.67960e-05 
 3.03500e+02  6.60432e-05 
 3.04000e+02  6.49880e-05 
 3.04500e+02  6.22704e-05 
 3.05000e+02  6.08872e-05 
 3.05500e+02  5.99600e-05 
 3.06000e+02  5.81264e-05 
 3.06500e+02  5.68392e-05 
 3.07000e+02  5.51560e-05 
 3.07500e+02  5.37944e-05 
 3.08000e+02  5.20240e-05 
 3.08500e+02  5.18488e-05 
 3.09000e+02  5.04840e-05 
 3.09500e+02  4.86312e-05 
 3.10000e+02  4.67384e-05 
 3.10500e+02  4.49912e-05 
 3.11000e+02  4.40640e-05 
 3.11500e+02  4.30640e-05 
 3.12000e+02  4.16464e-05 
 3.12500e+02  4.07008e-05 
 3.13000e+02  3.92760e-05 
 3.13500e+02  3.81992e-05 
 3.14000e+02  3.72632e-05 
 3.14500e+02  3.56744e-05 
 3.15000e+02  3.46544e-05 
 3.15500e+02  3.36536e-05 
 3.16000e+02  3.19104e-05 
 3.16500e+02  3.09304e-05 
 3.17000e+02  2.99792e-05 
 3.17500e+02  2.84520e-05 
 3.18000e+02  2.61712e-05 
 3.18500e+02  2.49616e-05 
 3.19000e+02  2.32608e-05 
 3.19500e+02  2.38304e-05 
