 0.00000e+00  7.15432e-04 
 5.00000e-01  7.20400e-04 
 1.00000e+00  7.20376e-04 
 1.50000e+00  7.25608e-04 
 2.00000e+00  7.35280e-04 
 2.50000e+00  7.35608e-04 
 3.00000e+00  7.47080e-04 
 3.50000e+00  7.52040e-04 
 4.00000e+00  7.51480e-04 
 4.50000e+00  7.58984e-04 
 5.00000e+00  7.66472e-04 
 5.50000e+00  7.64848e-04 
 6.00000e+00  7.74608e-04 
 6.50000e+00  7.72280e-04 
 7.00000e+00  7.82144e-04 
 7.50000e+00  7.86736e-04 
 8.00000e+00  7.96000e-04 
 8.50000e+00  8.01184e-04 
 9.00000e+00  8.02568e-04 
 9.50000e+00  8.06872e-04 
 1.00000e+01  8.14640e-04 
 1.05000e+01  8.28440e-04 
 1.10000e+01  8.31592e-04 
 1.15000e+01  8.40128e-04 
 1.20000e+01  8.40128e-04 
 1.25000e+01  8.45848e-04 
 1.30000e+01  8.52824e-04 
 1.35000e+01  8.64128e-04 
 1.40000e+01  8.72728e-04 
 1.45000e+01  8.80992e-04 
 1.50000e+01  8.90584e-04 
 1.55000e+01  8.94520e-04 
 1.60000e+01  9.08096e-04 
 1.65000e+01  9.18136e-04 
 1.70000e+01  9.15656e-04 
 1.75000e+01  9.29864e-04 
 1.80000e+01  9.31432e-04 
 1.85000e+01  9.37768e-04 
 1.90000e+01  9.50784e-04 
 1.95000e+01  9.48472e-04 
 2.00000e+01  9.64856e-04 
 2.05000e+01  9.69960e-04 
 2.10000e+01  9.86360e-04 
 2.15000e+01  9.89984e-04 
 2.20000e+01  1.00086e-03 
 2.25000e+01  1.00852e-03 
 2.30000e+01  1.02551e-03 
 2.35000e+01  1.03231e-03 
 2.40000e+01  1.04246e-03 
 2.45000e+01  1.05143e-03 
 2.50000e+01  1.06181e-03 
 2.55000e+01  1.06739e-03 
 2.60000e+01  1.08034e-03 
 2.65000e+01  1.08231e-03 
 2.70000e+01  1.09897e-03 
 2.75000e+01  1.10806e-03 
 2.80000e+01  1.12116e-03 
 2.85000e+01  1.13480e-03 
 2.90000e+01  1.14068e-03 
 2.95000e+01  1.16799e-03 
 3.00000e+01  1.17406e-03 
 3.05000e+01  1.18085e-03 
 3.10000e+01  1.20073e-03 
 3.15000e+01  1.21228e-03 
 3.20000e+01  1.22552e-03 
 3.25000e+01  1.24552e-03 
 3.30000e+01  1.25613e-03 
 3.35000e+01  1.26395e-03 
 3.40000e+01  1.28408e-03 
 3.45000e+01  1.31014e-03 
 3.50000e+01  1.31632e-03 
 3.55000e+01  1.32930e-03 
 3.60000e+01  1.34597e-03 
 3.65000e+01  1.36259e-03 
 3.70000e+01  1.37925e-03 
 3.75000e+01  1.40267e-03 
 3.80000e+01  1.41898e-03 
 3.85000e+01  1.43672e-03 
 3.90000e+01  1.44718e-03 
 3.95000e+01  1.47331e-03 
 4.00000e+01  1.48713e-03 
 4.05000e+01  1.52235e-03 
 4.10000e+01  1.54002e-03 
 4.15000e+01  1.55299e-03 
 4.20000e+01  1.57309e-03 
 4.25000e+01  1.59494e-03 
 4.30000e+01  1.63275e-03 
 4.35000e+01  1.65725e-03 
 4.40000e+01  1.66813e-03 
 4.45000e+01  1.68981e-03 
 4.50000e+01  1.71666e-03 
 4.55000e+01  1.74528e-03 
 4.60000e+01  1.76809e-03 
 4.65000e+01  1.79647e-03 
 4.70000e+01  1.82028e-03 
 4.75000e+01  1.85587e-03 
 4.80000e+01  1.88577e-03 
 4.85000e+01  1.92274e-03 
 4.90000e+01  1.97143e-03 
 4.95000e+01  1.99690e-03 
 5.00000e+01  2.03439e-03 
 5.05000e+01  2.07537e-03 
 5.10000e+01  2.11218e-03 
 5.15000e+01  2.15928e-03 
 5.20000e+01  2.21162e-03 
 5.25000e+01  2.26474e-03 
 5.30000e+01  2.29753e-03 
 5.35000e+01  2.33332e-03 
 5.40000e+01  2.39964e-03 
 5.45000e+01  2.42829e-03 
 5.50000e+01  2.48244e-03 
 5.55000e+01  2.53203e-03 
 5.60000e+01  2.59643e-03 
 5.65000e+01  2.65872e-03 
 5.70000e+01  2.70349e-03 
 5.75000e+01  2.76682e-03 
 5.80000e+01  2.83363e-03 
 5.85000e+01  2.87383e-03 
 5.90000e+01  2.96334e-03 
 5.95000e+01  3.02534e-03 
 6.00000e+01  3.06217e-03 
 6.05000e+01  3.13288e-03 
 6.10000e+01  3.20664e-03 
 6.15000e+01  3.26052e-03 
 6.20000e+01  3.35217e-03 
 6.25000e+01  3.43734e-03 
 6.30000e+01  3.49430e-03 
 6.35000e+01  3.57973e-03 
 6.40000e+01  3.66743e-03 
 6.45000e+01  3.72625e-03 
 6.50000e+01  3.84665e-03 
 6.55000e+01  3.94766e-03 
 6.60000e+01  4.06077e-03 
 6.65000e+01  4.14153e-03 
 6.70000e+01  4.24632e-03 
 6.75000e+01  4.28635e-03 
 6.80000e+01  4.41778e-03 
 6.85000e+01  4.50012e-03 
 6.90000e+01  4.65892e-03 
 6.95000e+01  4.68429e-03 
 7.00000e+01  4.80212e-03 
 7.05000e+01  4.85370e-03 
 7.10000e+01  4.94734e-03 
 7.15000e+01  5.03385e-03 
 7.20000e+01  5.10698e-03 
 7.25000e+01  5.28374e-03 
 7.30000e+01  5.30790e-03 
 7.35000e+01  5.49239e-03 
 7.40000e+01  5.58636e-03 
 7.45000e+01  5.71034e-03 
 7.50000e+01  5.72058e-03 
 7.55000e+01  5.87924e-03 
 7.60000e+01  5.98522e-03 
 7.65000e+01  6.06219e-03 
 7.70000e+01  6.04122e-03 
 7.75000e+01  6.08470e-03 
 7.80000e+01  6.22089e-03 
 7.85000e+01  6.27575e-03 
 7.90000e+01  6.45148e-03 
 7.95000e+01  6.59565e-03 
 8.00000e+01  6.64851e-03 
 8.05000e+01  6.76809e-03 
 8.10000e+01  6.90659e-03 
 8.15000e+01  6.95115e-03 
 8.20000e+01  7.12160e-03 
 8.25000e+01  7.14237e-03 
 8.30000e+01  7.17895e-03 
 8.35000e+01  7.17837e-03 
 8.40000e+01  7.21425e-03 
 8.45000e+01  7.29667e-03 
 8.50000e+01  7.32277e-03 
 8.55000e+01  7.43519e-03 
 8.60000e+01  7.43722e-03 
 8.65000e+01  7.47748e-03 
 8.70000e+01  7.44448e-03 
 8.75000e+01  7.61731e-03 
 8.80000e+01  7.61025e-03 
 8.85000e+01  7.73492e-03 
 8.90000e+01  7.84826e-03 
 8.95000e+01  7.98302e-03 
 9.00000e+01  8.05837e-03 
 9.05000e+01  8.01950e-03 
 9.10000e+01  8.13579e-03 
 9.15000e+01  8.16417e-03 
 9.20000e+01  8.23082e-03 
 9.25000e+01  8.25401e-03 
 9.30000e+01  8.39797e-03 
 9.35000e+01  8.27121e-03 
 9.40000e+01  8.21756e-03 
 9.45000e+01  8.18254e-03 
 9.50000e+01  8.23175e-03 
 9.55000e+01  8.15987e-03 
 9.60000e+01  8.20111e-03 
 9.65000e+01  8.47370e-03 
 9.70000e+01  8.63522e-03 
 9.75000e+01  8.76602e-03 
 9.80000e+01  8.83726e-03 
 9.85000e+01  8.74677e-03 
 9.90000e+01  8.87242e-03 
 9.95000e+01  8.99583e-03 
 1.00000e+02  8.87262e-03 
 1.00500e+02  9.09149e-03 
 1.01000e+02  9.15148e-03 
 1.01500e+02  9.36378e-03 
 1.02000e+02  9.30322e-03 
 1.02500e+02  9.23973e-03 
 1.03000e+02  9.21111e-03 
 1.03500e+02  9.24758e-03 
 1.04000e+02  9.57830e-03 
 1.04500e+02  9.65554e-03 
 1.05000e+02  9.66331e-03 
 1.05500e+02  9.72086e-03 
 1.06000e+02  9.83718e-03 
 1.06500e+02  9.90601e-03 
 1.07000e+02  9.91174e-03 
 1.07500e+02  1.01330e-02 
 1.08000e+02  1.00973e-02 
 1.08500e+02  1.04314e-02 
 1.09000e+02  1.05169e-02 
 1.09500e+02  1.08738e-02 
 1.10000e+02  1.14177e-02 
 1.10500e+02  1.14856e-02 
 1.11000e+02  1.19860e-02 
 1.11500e+02  1.20438e-02 
 1.12000e+02  1.20890e-02 
 1.12500e+02  1.22866e-02 
 1.13000e+02  1.27688e-02 
 1.13500e+02  1.31281e-02 
 1.14000e+02  1.31153e-02 
 1.14500e+02  1.33473e-02 
 1.15000e+02  1.34949e-02 
 1.15500e+02  1.41131e-02 
 1.16000e+02  1.48907e-02 
 1.16500e+02  1.56238e-02 
 1.17000e+02  1.56442e-02 
 1.17500e+02  1.58776e-02 
 1.18000e+02  1.59946e-02 
 1.18500e+02  1.71509e-02 
 1.19000e+02  1.76582e-02 
 1.19500e+02  1.75800e-02 
 1.20000e+02  1.78872e-02 
 1.20500e+02  1.79787e-02 
 1.21000e+02  1.77932e-02 
 1.21500e+02  1.80995e-02 
 1.22000e+02  1.87680e-02 
 1.22500e+02  1.88581e-02 
 1.23000e+02  1.87806e-02 
 1.23500e+02  1.85861e-02 
 1.24000e+02  1.88516e-02 
 1.24500e+02  1.96312e-02 
 1.25000e+02  1.95716e-02 
 1.25500e+02  1.99595e-02 
 1.26000e+02  2.00357e-02 
 1.26500e+02  2.01378e-02 
 1.27000e+02  2.08453e-02 
 1.27500e+02  2.09477e-02 
 1.28000e+02  2.06618e-02 
 1.28500e+02  2.08141e-02 
 1.29000e+02  2.21442e-02 
 1.29500e+02  2.17072e-02 
 1.30000e+02  2.17638e-02 
 1.30500e+02  2.13315e-02 
 1.31000e+02  2.17928e-02 
 1.31500e+02  2.17696e-02 
 1.32000e+02  2.23645e-02 
 1.32500e+02  2.26553e-02 
 1.33000e+02  2.24380e-02 
 1.33500e+02  2.32223e-02 
 1.34000e+02  2.34843e-02 
 1.34500e+02  2.38632e-02 
 1.35000e+02  2.34561e-02 
 1.35500e+02  2.43606e-02 
 1.36000e+02  2.45451e-02 
 1.36500e+02  2.51309e-02 
 1.37000e+02  2.48252e-02 
 1.37500e+02  2.49037e-02 
 1.38000e+02  2.45703e-02 
 1.38500e+02  2.43892e-02 
 1.39000e+02  2.42588e-02 
 1.39500e+02  2.47017e-02 
 1.40000e+02  2.50122e-02 
 1.40500e+02  2.45288e-02 
 1.41000e+02  2.48367e-02 
 1.41500e+02  2.49663e-02 
 1.42000e+02  2.48643e-02 
 1.42500e+02  2.51475e-02 
 1.43000e+02  2.49725e-02 
 1.43500e+02  2.54471e-02 
 1.44000e+02  2.48714e-02 
 1.44500e+02  2.53663e-02 
 1.45000e+02  2.52140e-02 
 1.45500e+02  2.49007e-02 
 1.46000e+02  2.57796e-02 
 1.46500e+02  2.53647e-02 
 1.47000e+02  2.56958e-02 
 1.47500e+02  2.52164e-02 
 1.48000e+02  2.62927e-02 
 1.48500e+02  2.62595e-02 
 1.49000e+02  2.64894e-02 
 1.49500e+02  2.56361e-02 
 1.50000e+02  2.56417e-02 
 1.50500e+02  2.54855e-02 
 1.51000e+02  2.61142e-02 
 1.51500e+02  2.53692e-02 
 1.52000e+02  2.62111e-02 
 1.52500e+02  2.58580e-02 
 1.53000e+02  2.63347e-02 
 1.53500e+02  2.67008e-02 
 1.54000e+02  2.59358e-02 
 1.54500e+02  2.68415e-02 
 1.55000e+02  2.58225e-02 
 1.55500e+02  2.59735e-02 
 1.56000e+02  2.61270e-02 
 1.56500e+02  2.56756e-02 
 1.57000e+02  2.56691e-02 
 1.57500e+02  2.55603e-02 
 1.58000e+02  2.65737e-02 
 1.58500e+02  2.63188e-02 
 1.59000e+02  2.68163e-02 
 1.59500e+02  2.60474e-02 
 1.60000e+02  2.60113e-02 
 1.60500e+02  2.51464e-02 
 1.61000e+02  2.54312e-02 
 1.61500e+02  2.53271e-02 
 1.62000e+02  2.53545e-02 
 1.62500e+02  2.61951e-02 
 1.63000e+02  2.67059e-02 
 1.63500e+02  2.65267e-02 
 1.64000e+02  2.68052e-02 
 1.64500e+02  2.70628e-02 
 1.65000e+02  2.65556e-02 
 1.65500e+02  2.67175e-02 
 1.66000e+02  2.64190e-02 
 1.66500e+02  2.60832e-02 
 1.67000e+02  2.65006e-02 
 1.67500e+02  2.69010e-02 
 1.68000e+02  2.56847e-02 
 1.68500e+02  2.66090e-02 
 1.69000e+02  2.58487e-02 
 1.69500e+02  2.58221e-02 
 1.70000e+02  2.60261e-02 
 1.70500e+02  2.61975e-02 
 1.71000e+02  2.63125e-02 
 1.71500e+02  2.65890e-02 
 1.72000e+02  2.59117e-02 
 1.72500e+02  2.59558e-02 
 1.73000e+02  2.56644e-02 
 1.73500e+02  2.54609e-02 
 1.74000e+02  2.57120e-02 
 1.74500e+02  2.58032e-02 
 1.75000e+02  2.54478e-02 
 1.75500e+02  2.56362e-02 
 1.76000e+02  2.50788e-02 
 1.76500e+02  2.54263e-02 
 1.77000e+02  2.53574e-02 
 1.77500e+02  2.51439e-02 
 1.78000e+02  2.52380e-02 
 1.78500e+02  2.52819e-02 
 1.79000e+02  2.48664e-02 
 1.79500e+02  2.46006e-02 
 1.80000e+02  2.46167e-02 
 1.80500e+02  2.48628e-02 
 1.81000e+02  2.42057e-02 
 1.81500e+02  2.39050e-02 
 1.82000e+02  2.36677e-02 
 1.82500e+02  2.39086e-02 
 1.83000e+02  2.38565e-02 
 1.83500e+02  2.24835e-02 
 1.84000e+02  2.31080e-02 
 1.84500e+02  2.25189e-02 
 1.85000e+02  2.25056e-02 
 1.85500e+02  2.24607e-02 
 1.86000e+02  2.18678e-02 
 1.86500e+02  2.20913e-02 
 1.87000e+02  2.19506e-02 
 1.87500e+02  2.19200e-02 
 1.88000e+02  2.16811e-02 
 1.88500e+02  2.11344e-02 
 1.89000e+02  2.18218e-02 
 1.89500e+02  2.12109e-02 
 1.90000e+02  2.12030e-02 
 1.90500e+02  2.11139e-02 
 1.91000e+02  2.05576e-02 
 1.91500e+02  2.11892e-02 
 1.92000e+02  2.04726e-02 
 1.92500e+02  1.93955e-02 
 1.93000e+02  1.93552e-02 
 1.93500e+02  1.97965e-02 
 1.94000e+02  1.95807e-02 
 1.94500e+02  1.98734e-02 
 1.95000e+02  1.93395e-02 
 1.95500e+02  1.83129e-02 
 1.96000e+02  1.77227e-02 
 1.96500e+02  1.74776e-02 
 1.97000e+02  1.70596e-02 
 1.97500e+02  1.62145e-02 
 1.98000e+02  1.63197e-02 
 1.98500e+02  1.62407e-02 
 1.99000e+02  1.57814e-02 
 1.99500e+02  1.55079e-02 
 2.00000e+02  1.49162e-02 
 2.00500e+02  1.49252e-02 
 2.01000e+02  1.46921e-02 
 2.01500e+02  1.42648e-02 
 2.02000e+02  1.37199e-02 
 2.02500e+02  1.32818e-02 
 2.03000e+02  1.30904e-02 
 2.03500e+02  1.26533e-02 
 2.04000e+02  1.23190e-02 
 2.04500e+02  1.21243e-02 
 2.05000e+02  1.21091e-02 
 2.05500e+02  1.16489e-02 
 2.06000e+02  1.13082e-02 
 2.06500e+02  1.12319e-02 
 2.07000e+02  1.09219e-02 
 2.07500e+02  1.05310e-02 
 2.08000e+02  1.03583e-02 
 2.08500e+02  1.02036e-02 
 2.09000e+02  1.00621e-02 
 2.09500e+02  9.99464e-03 
 2.10000e+02  9.88073e-03 
 2.10500e+02  9.81875e-03 
 2.11000e+02  9.87266e-03 
 2.11500e+02  9.93870e-03 
 2.12000e+02  9.55246e-03 
 2.12500e+02  9.55586e-03 
 2.13000e+02  9.70399e-03 
 2.13500e+02  9.43862e-03 
 2.14000e+02  9.29756e-03 
 2.14500e+02  9.15617e-03 
 2.15000e+02  9.39352e-03 
 2.15500e+02  9.32441e-03 
 2.16000e+02  9.30729e-03 
 2.16500e+02  9.16392e-03 
 2.17000e+02  8.88533e-03 
 2.17500e+02  8.84942e-03 
 2.18000e+02  8.73459e-03 
 2.18500e+02  8.58593e-03 
 2.19000e+02  8.81446e-03 
 2.19500e+02  9.07065e-03 
 2.20000e+02  8.83555e-03 
 2.20500e+02  8.76849e-03 
 2.21000e+02  8.77413e-03 
 2.21500e+02  8.50074e-03 
 2.22000e+02  8.28611e-03 
 2.22500e+02  8.22447e-03 
 2.23000e+02  8.31357e-03 
 2.23500e+02  8.24136e-03 
 2.24000e+02  8.15745e-03 
 2.24500e+02  8.27786e-03 
 2.25000e+02  8.32336e-03 
 2.25500e+02  8.21308e-03 
 2.26000e+02  8.08114e-03 
 2.26500e+02  8.16928e-03 
 2.27000e+02  7.97822e-03 
 2.27500e+02  7.84630e-03 
 2.28000e+02  8.01364e-03 
 2.28500e+02  7.94468e-03 
 2.29000e+02  7.88874e-03 
 2.29500e+02  7.74088e-03 
 2.30000e+02  7.64056e-03 
 2.30500e+02  7.50643e-03 
 2.31000e+02  7.45530e-03 
 2.31500e+02  7.44113e-03 
 2.32000e+02  7.34694e-03 
 2.32500e+02  7.42019e-03 
 2.33000e+02  7.25013e-03 
 2.33500e+02  7.14988e-03 
 2.34000e+02  7.01837e-03 
 2.34500e+02  7.14596e-03 
 2.35000e+02  7.17382e-03 
 2.35500e+02  6.88744e-03 
 2.36000e+02  6.69606e-03 
 2.36500e+02  6.66938e-03 
 2.37000e+02  6.64383e-03 
 2.37500e+02  6.47538e-03 
 2.38000e+02  6.30231e-03 
 2.38500e+02  6.39231e-03 
 2.39000e+02  6.32060e-03 
 2.39500e+02  6.19918e-03 
 2.40000e+02  6.14196e-03 
 2.40500e+02  6.10322e-03 
 2.41000e+02  6.09789e-03 
 2.41500e+02  6.01006e-03 
 2.42000e+02  5.88680e-03 
 2.42500e+02  5.82315e-03 
 2.43000e+02  5.69368e-03 
 2.43500e+02  5.70930e-03 
 2.44000e+02  5.61182e-03 
 2.44500e+02  5.50920e-03 
 2.45000e+02  5.32395e-03 
 2.45500e+02  5.19317e-03 
 2.46000e+02  5.09692e-03 
 2.46500e+02  5.06925e-03 
 2.47000e+02  5.00742e-03 
 2.47500e+02  4.82884e-03 
 2.48000e+02  4.69542e-03 
 2.48500e+02  4.67842e-03 
 2.49000e+02  4.61715e-03 
 2.49500e+02  4.52714e-03 
 2.50000e+02  4.46384e-03 
 2.50500e+02  4.37400e-03 
 2.51000e+02  4.25587e-03 
 2.51500e+02  4.19411e-03 
 2.52000e+02  4.09598e-03 
 2.52500e+02  3.98702e-03 
 2.53000e+02  3.88531e-03 
 2.53500e+02  3.83454e-03 
 2.54000e+02  3.74147e-03 
 2.54500e+02  3.63840e-03 
 2.55000e+02  3.58598e-03 
 2.55500e+02  3.53143e-03 
 2.56000e+02  3.44849e-03 
 2.56500e+02  3.36910e-03 
 2.57000e+02  3.26080e-03 
 2.57500e+02  3.21398e-03 
 2.58000e+02  3.14054e-03 
 2.58500e+02  3.11021e-03 
 2.59000e+02  3.01170e-03 
 2.59500e+02  2.94022e-03 
 2.60000e+02  2.86699e-03 
 2.60500e+02  2.79230e-03 
 2.61000e+02  2.70314e-03 
 2.61500e+02  2.67513e-03 
 2.62000e+02  2.62507e-03 
 2.62500e+02  2.56666e-03 
 2.63000e+02  2.51959e-03 
 2.63500e+02  2.44568e-03 
 2.64000e+02  2.43382e-03 
 2.64500e+02  2.37588e-03 
 2.65000e+02  2.31159e-03 
 2.65500e+02  2.27078e-03 
 2.66000e+02  2.25060e-03 
 2.66500e+02  2.18313e-03 
 2.67000e+02  2.14610e-03 
 2.67500e+02  2.10826e-03 
 2.68000e+02  2.07838e-03 
 2.68500e+02  2.03017e-03 
 2.69000e+02  2.00357e-03 
 2.69500e+02  1.98166e-03 
 2.70000e+02  1.94390e-03 
 2.70500e+02  1.90582e-03 
 2.71000e+02  1.87633e-03 
 2.71500e+02  1.83315e-03 
 2.72000e+02  1.81474e-03 
 2.72500e+02  1.79345e-03 
 2.73000e+02  1.77302e-03 
 2.73500e+02  1.73734e-03 
 2.74000e+02  1.70959e-03 
 2.74500e+02  1.69461e-03 
 2.75000e+02  1.65585e-03 
 2.75500e+02  1.64519e-03 
 2.76000e+02  1.62313e-03 
 2.76500e+02  1.59554e-03 
 2.77000e+02  1.57219e-03 
 2.77500e+02  1.55596e-03 
 2.78000e+02  1.53334e-03 
 2.78500e+02  1.51393e-03 
 2.79000e+02  1.48479e-03 
 2.79500e+02  1.47645e-03 
 2.80000e+02  1.44858e-03 
 2.80500e+02  1.43054e-03 
 2.81000e+02  1.41486e-03 
 2.81500e+02  1.40619e-03 
 2.82000e+02  1.39000e-03 
 2.82500e+02  1.37962e-03 
 2.83000e+02  1.35414e-03 
 2.83500e+02  1.34095e-03 
 2.84000e+02  1.31514e-03 
 2.84500e+02  1.30208e-03 
 2.85000e+02  1.29001e-03 
 2.85500e+02  1.27740e-03 
 2.86000e+02  1.25760e-03 
 2.86500e+02  1.24309e-03 
 2.87000e+02  1.23189e-03 
 2.87500e+02  1.21008e-03 
 2.88000e+02  1.20740e-03 
 2.88500e+02  1.19681e-03 
 2.89000e+02  1.17290e-03 
 2.89500e+02  1.15710e-03 
 2.90000e+02  1.14162e-03 
 2.90500e+02  1.12981e-03 
 2.91000e+02  1.12517e-03 
 2.91500e+02  1.11139e-03 
 2.92000e+02  1.10218e-03 
 2.92500e+02  1.08553e-03 
 2.93000e+02  1.08005e-03 
 2.93500e+02  1.07070e-03 
 2.94000e+02  1.06723e-03 
 2.94500e+02  1.05712e-03 
 2.95000e+02  1.04687e-03 
 2.95500e+02  1.03646e-03 
 2.96000e+02  1.02723e-03 
 2.96500e+02  1.01246e-03 
 2.97000e+02  9.99256e-04 
 2.97500e+02  9.93536e-04 
 2.98000e+02  9.85672e-04 
 2.98500e+02  9.83784e-04 
 2.99000e+02  9.72704e-04 
 2.99500e+02  9.68176e-04 
 3.00000e+02  9.56592e-04 
 3.00500e+02  9.46792e-04 
 3.01000e+02  9.39224e-04 
 3.01500e+02  9.28368e-04 
 3.02000e+02  9.24200e-04 
 3.02500e+02  9.21808e-04 
 3.03000e+02  9.16296e-04 
 3.03500e+02  8.99160e-04 
 3.04000e+02  8.91168e-04 
 3.04500e+02  8.83872e-04 
 3.05000e+02  8.77816e-04 
 3.05500e+02  8.70008e-04 
 3.06000e+02  8.65536e-04 
 3.06500e+02  8.54024e-04 
 3.07000e+02  8.49168e-04 
 3.07500e+02  8.44040e-04 
 3.08000e+02  8.42424e-04 
 3.08500e+02  8.33608e-04 
 3.09000e+02  8.24424e-04 
 3.09500e+02  8.15920e-04 
 3.10000e+02  8.09120e-04 
 3.10500e+02  8.12056e-04 
 3.11000e+02  8.10528e-04 
 3.11500e+02  8.03184e-04 
 3.12000e+02  7.94280e-04 
 3.12500e+02  7.90376e-04 
 3.13000e+02  7.81736e-04 
 3.13500e+02  7.76336e-04 
 3.14000e+02  7.68072e-04 
 3.14500e+02  7.65224e-04 
 3.15000e+02  7.59408e-04 
 3.15500e+02  7.58328e-04 
 3.16000e+02  7.50984e-04 
 3.16500e+02  7.41152e-04 
 3.17000e+02  7.35248e-04 
 3.17500e+02  7.34136e-04 
 3.18000e+02  7.33640e-04 
 3.18500e+02  7.33016e-04 
 3.19000e+02  7.29552e-04 
 3.19500e+02  7.26864e-04 
