 0.00000e+00  7.10888e-04 
 5.00000e-01  7.21280e-04 
 1.00000e+00  7.18128e-04 
 1.50000e+00  7.24736e-04 
 2.00000e+00  7.32112e-04 
 2.50000e+00  7.36800e-04 
 3.00000e+00  7.47184e-04 
 3.50000e+00  7.50416e-04 
 4.00000e+00  7.48760e-04 
 4.50000e+00  7.49152e-04 
 5.00000e+00  7.54080e-04 
 5.50000e+00  7.61256e-04 
 6.00000e+00  7.70800e-04 
 6.50000e+00  7.74360e-04 
 7.00000e+00  7.79840e-04 
 7.50000e+00  7.89600e-04 
 8.00000e+00  7.96008e-04 
 8.50000e+00  8.03232e-04 
 9.00000e+00  8.06368e-04 
 9.50000e+00  8.10576e-04 
 1.00000e+01  8.17880e-04 
 1.05000e+01  8.27936e-04 
 1.10000e+01  8.37728e-04 
 1.15000e+01  8.42472e-04 
 1.20000e+01  8.48280e-04 
 1.25000e+01  8.58160e-04 
 1.30000e+01  8.63224e-04 
 1.35000e+01  8.68784e-04 
 1.40000e+01  8.75104e-04 
 1.45000e+01  8.83952e-04 
 1.50000e+01  8.88184e-04 
 1.55000e+01  8.92304e-04 
 1.60000e+01  9.01928e-04 
 1.65000e+01  9.04040e-04 
 1.70000e+01  9.15296e-04 
 1.75000e+01  9.16736e-04 
 1.80000e+01  9.27112e-04 
 1.85000e+01  9.44296e-04 
 1.90000e+01  9.47168e-04 
 1.95000e+01  9.55272e-04 
 2.00000e+01  9.60224e-04 
 2.05000e+01  9.65384e-04 
 2.10000e+01  9.73000e-04 
 2.15000e+01  9.84168e-04 
 2.20000e+01  9.89816e-04 
 2.25000e+01  1.00482e-03 
 2.30000e+01  1.01890e-03 
 2.35000e+01  1.02632e-03 
 2.40000e+01  1.03750e-03 
 2.45000e+01  1.04699e-03 
 2.50000e+01  1.04505e-03 
 2.55000e+01  1.05718e-03 
 2.60000e+01  1.07194e-03 
 2.65000e+01  1.08154e-03 
 2.70000e+01  1.09212e-03 
 2.75000e+01  1.11022e-03 
 2.80000e+01  1.12129e-03 
 2.85000e+01  1.13574e-03 
 2.90000e+01  1.14654e-03 
 2.95000e+01  1.15097e-03 
 3.00000e+01  1.15983e-03 
 3.05000e+01  1.17662e-03 
 3.10000e+01  1.19490e-03 
 3.15000e+01  1.20671e-03 
 3.20000e+01  1.22410e-03 
 3.25000e+01  1.23578e-03 
 3.30000e+01  1.24793e-03 
 3.35000e+01  1.26897e-03 
 3.40000e+01  1.28438e-03 
 3.45000e+01  1.30136e-03 
 3.50000e+01  1.31697e-03 
 3.55000e+01  1.33231e-03 
 3.60000e+01  1.34162e-03 
 3.65000e+01  1.36170e-03 
 3.70000e+01  1.38414e-03 
 3.75000e+01  1.40228e-03 
 3.80000e+01  1.41343e-03 
 3.85000e+01  1.42748e-03 
 3.90000e+01  1.44234e-03 
 3.95000e+01  1.45973e-03 
 4.00000e+01  1.48001e-03 
 4.05000e+01  1.51781e-03 
 4.10000e+01  1.52896e-03 
 4.15000e+01  1.54504e-03 
 4.20000e+01  1.56723e-03 
 4.25000e+01  1.59031e-03 
 4.30000e+01  1.62618e-03 
 4.35000e+01  1.65566e-03 
 4.40000e+01  1.68042e-03 
 4.45000e+01  1.72035e-03 
 4.50000e+01  1.73655e-03 
 4.55000e+01  1.76933e-03 
 4.60000e+01  1.79566e-03 
 4.65000e+01  1.79802e-03 
 4.70000e+01  1.84788e-03 
 4.75000e+01  1.89655e-03 
 4.80000e+01  1.90519e-03 
 4.85000e+01  1.93650e-03 
 4.90000e+01  1.97352e-03 
 4.95000e+01  2.02215e-03 
 5.00000e+01  2.06648e-03 
 5.05000e+01  2.08602e-03 
 5.10000e+01  2.12354e-03 
 5.15000e+01  2.18106e-03 
 5.20000e+01  2.20854e-03 
 5.25000e+01  2.24502e-03 
 5.30000e+01  2.28260e-03 
 5.35000e+01  2.33643e-03 
 5.40000e+01  2.38446e-03 
 5.45000e+01  2.43226e-03 
 5.50000e+01  2.48734e-03 
 5.55000e+01  2.53400e-03 
 5.60000e+01  2.56794e-03 
 5.65000e+01  2.61871e-03 
 5.70000e+01  2.67787e-03 
 5.75000e+01  2.72087e-03 
 5.80000e+01  2.79083e-03 
 5.85000e+01  2.85766e-03 
 5.90000e+01  2.92061e-03 
 5.95000e+01  2.99190e-03 
 6.00000e+01  3.09242e-03 
 6.05000e+01  3.13995e-03 
 6.10000e+01  3.21283e-03 
 6.15000e+01  3.28130e-03 
 6.20000e+01  3.31962e-03 
 6.25000e+01  3.41617e-03 
 6.30000e+01  3.49270e-03 
 6.35000e+01  3.57241e-03 
 6.40000e+01  3.68778e-03 
 6.45000e+01  3.74860e-03 
 6.50000e+01  3.84045e-03 
 6.55000e+01  3.93345e-03 
 6.60000e+01  4.02768e-03 
 6.65000e+01  4.13138e-03 
 6.70000e+01  4.23556e-03 
 6.75000e+01  4.33617e-03 
 6.80000e+01  4.46769e-03 
 6.85000e+01  4.56454e-03 
 6.90000e+01  4.65810e-03 
 6.95000e+01  4.76662e-03 
 7.00000e+01  4.86403e-03 
 7.05000e+01  4.94753e-03 
 7.10000e+01  5.02851e-03 
 7.15000e+01  5.12926e-03 
 7.20000e+01  5.27554e-03 
 7.25000e+01  5.39930e-03 
 7.30000e+01  5.48498e-03 
 7.35000e+01  5.53265e-03 
 7.40000e+01  5.65281e-03 
 7.45000e+01  5.73926e-03 
 7.50000e+01  5.84189e-03 
 7.55000e+01  5.81954e-03 
 7.60000e+01  5.92398e-03 
 7.65000e+01  5.98770e-03 
 7.70000e+01  5.95657e-03 
 7.75000e+01  6.01012e-03 
 7.80000e+01  6.14010e-03 
 7.85000e+01  6.24838e-03 
 7.90000e+01  6.47529e-03 
 7.95000e+01  6.58298e-03 
 8.00000e+01  6.57654e-03 
 8.05000e+01  6.75438e-03 
 8.10000e+01  6.71750e-03 
 8.15000e+01  6.78904e-03 
 8.20000e+01  6.87890e-03 
 8.25000e+01  6.76454e-03 
 8.30000e+01  6.96108e-03 
 8.35000e+01  6.95799e-03 
 8.40000e+01  7.21165e-03 
 8.45000e+01  7.29822e-03 
 8.50000e+01  7.23993e-03 
 8.55000e+01  7.28035e-03 
 8.60000e+01  7.22379e-03 
 8.65000e+01  7.24314e-03 
 8.70000e+01  7.34901e-03 
 8.75000e+01  7.50573e-03 
 8.80000e+01  7.51839e-03 
 8.85000e+01  7.57637e-03 
 8.90000e+01  7.65192e-03 
 8.95000e+01  7.72745e-03 
 9.00000e+01  7.78175e-03 
 9.05000e+01  7.69406e-03 
 9.10000e+01  7.93614e-03 
 9.15000e+01  8.12140e-03 
 9.20000e+01  8.11203e-03 
 9.25000e+01  8.07247e-03 
 9.30000e+01  8.08083e-03 
 9.35000e+01  8.15113e-03 
 9.40000e+01  8.10100e-03 
 9.45000e+01  8.19931e-03 
 9.50000e+01  8.34380e-03 
 9.55000e+01  8.39293e-03 
 9.60000e+01  8.50244e-03 
 9.65000e+01  8.60274e-03 
 9.70000e+01  8.55901e-03 
 9.75000e+01  8.70357e-03 
 9.80000e+01  8.59278e-03 
 9.85000e+01  8.62491e-03 
 9.90000e+01  8.70183e-03 
 9.95000e+01  8.86878e-03 
 1.00000e+02  9.05202e-03 
 1.00500e+02  9.12552e-03 
 1.01000e+02  9.07782e-03 
 1.01500e+02  9.18842e-03 
 1.02000e+02  9.10613e-03 
 1.02500e+02  9.16884e-03 
 1.03000e+02  9.28437e-03 
 1.03500e+02  9.29689e-03 
 1.04000e+02  9.16218e-03 
 1.04500e+02  9.38490e-03 
 1.05000e+02  9.41608e-03 
 1.05500e+02  9.47904e-03 
 1.06000e+02  9.57882e-03 
 1.06500e+02  9.79641e-03 
 1.07000e+02  1.00695e-02 
 1.07500e+02  9.99305e-03 
 1.08000e+02  9.71808e-03 
 1.08500e+02  9.78951e-03 
 1.09000e+02  1.02391e-02 
 1.09500e+02  1.00868e-02 
 1.10000e+02  1.03676e-02 
 1.10500e+02  1.06322e-02 
 1.11000e+02  1.06090e-02 
 1.11500e+02  1.09753e-02 
 1.12000e+02  1.12343e-02 
 1.12500e+02  1.14692e-02 
 1.13000e+02  1.18304e-02 
 1.13500e+02  1.24046e-02 
 1.14000e+02  1.27445e-02 
 1.14500e+02  1.31690e-02 
 1.15000e+02  1.37577e-02 
 1.15500e+02  1.40853e-02 
 1.16000e+02  1.48070e-02 
 1.16500e+02  1.56525e-02 
 1.17000e+02  1.63038e-02 
 1.17500e+02  1.64542e-02 
 1.18000e+02  1.62748e-02 
 1.18500e+02  1.68053e-02 
 1.19000e+02  1.68119e-02 
 1.19500e+02  1.67712e-02 
 1.20000e+02  1.67870e-02 
 1.20500e+02  1.72863e-02 
 1.21000e+02  1.76127e-02 
 1.21500e+02  1.80198e-02 
 1.22000e+02  1.85309e-02 
 1.22500e+02  1.83561e-02 
 1.23000e+02  1.88111e-02 
 1.23500e+02  1.86826e-02 
 1.24000e+02  1.91904e-02 
 1.24500e+02  1.95480e-02 
 1.25000e+02  1.99629e-02 
 1.25500e+02  1.94993e-02 
 1.26000e+02  1.96490e-02 
 1.26500e+02  2.01218e-02 
 1.27000e+02  2.02183e-02 
 1.27500e+02  2.01110e-02 
 1.28000e+02  2.03026e-02 
 1.28500e+02  2.06526e-02 
 1.29000e+02  2.08048e-02 
 1.29500e+02  2.14485e-02 
 1.30000e+02  2.21981e-02 
 1.30500e+02  2.23338e-02 
 1.31000e+02  2.30940e-02 
 1.31500e+02  2.27338e-02 
 1.32000e+02  2.33465e-02 
 1.32500e+02  2.21646e-02 
 1.33000e+02  2.32747e-02 
 1.33500e+02  2.34079e-02 
 1.34000e+02  2.29022e-02 
 1.34500e+02  2.34377e-02 
 1.35000e+02  2.36810e-02 
 1.35500e+02  2.41144e-02 
 1.36000e+02  2.34507e-02 
 1.36500e+02  2.37834e-02 
 1.37000e+02  2.34190e-02 
 1.37500e+02  2.39573e-02 
 1.38000e+02  2.44805e-02 
 1.38500e+02  2.45313e-02 
 1.39000e+02  2.41261e-02 
 1.39500e+02  2.49634e-02 
 1.40000e+02  2.56142e-02 
 1.40500e+02  2.57251e-02 
 1.41000e+02  2.53597e-02 
 1.41500e+02  2.45326e-02 
 1.42000e+02  2.50369e-02 
 1.42500e+02  2.66655e-02 
 1.43000e+02  2.53090e-02 
 1.43500e+02  2.69748e-02 
 1.44000e+02  2.57572e-02 
 1.44500e+02  2.57988e-02 
 1.45000e+02  2.64436e-02 
 1.45500e+02  2.67540e-02 
 1.46000e+02  2.67642e-02 
 1.46500e+02  2.62191e-02 
 1.47000e+02  2.61833e-02 
 1.47500e+02  2.66167e-02 
 1.48000e+02  2.63269e-02 
 1.48500e+02  2.64160e-02 
 1.49000e+02  2.69129e-02 
 1.49500e+02  2.60544e-02 
 1.50000e+02  2.61987e-02 
 1.50500e+02  2.67892e-02 
 1.51000e+02  2.70723e-02 
 1.51500e+02  2.73182e-02 
 1.52000e+02  2.70306e-02 
 1.52500e+02  2.70106e-02 
 1.53000e+02  2.75179e-02 
 1.53500e+02  2.72368e-02 
 1.54000e+02  2.77438e-02 
 1.54500e+02  2.73708e-02 
 1.55000e+02  2.71182e-02 
 1.55500e+02  2.69538e-02 
 1.56000e+02  2.71363e-02 
 1.56500e+02  2.71738e-02 
 1.57000e+02  2.76746e-02 
 1.57500e+02  2.77956e-02 
 1.58000e+02  2.70341e-02 
 1.58500e+02  2.71422e-02 
 1.59000e+02  2.71871e-02 
 1.59500e+02  2.66092e-02 
 1.60000e+02  2.70392e-02 
 1.60500e+02  2.65678e-02 
 1.61000e+02  2.60653e-02 
 1.61500e+02  2.70005e-02 
 1.62000e+02  2.64249e-02 
 1.62500e+02  2.60534e-02 
 1.63000e+02  2.57903e-02 
 1.63500e+02  2.60028e-02 
 1.64000e+02  2.61910e-02 
 1.64500e+02  2.59824e-02 
 1.65000e+02  2.58335e-02 
 1.65500e+02  2.54528e-02 
 1.66000e+02  2.52053e-02 
 1.66500e+02  2.52457e-02 
 1.67000e+02  2.62000e-02 
 1.67500e+02  2.55440e-02 
 1.68000e+02  2.61768e-02 
 1.68500e+02  2.63152e-02 
 1.69000e+02  2.58841e-02 
 1.69500e+02  2.53654e-02 
 1.70000e+02  2.54352e-02 
 1.70500e+02  2.55955e-02 
 1.71000e+02  2.53420e-02 
 1.71500e+02  2.51656e-02 
 1.72000e+02  2.51936e-02 
 1.72500e+02  2.57489e-02 
 1.73000e+02  2.51607e-02 
 1.73500e+02  2.51676e-02 
 1.74000e+02  2.51035e-02 
 1.74500e+02  2.51176e-02 
 1.75000e+02  2.44891e-02 
 1.75500e+02  2.43268e-02 
 1.76000e+02  2.44895e-02 
 1.76500e+02  2.42855e-02 
 1.77000e+02  2.48776e-02 
 1.77500e+02  2.44392e-02 
 1.78000e+02  2.41903e-02 
 1.78500e+02  2.49289e-02 
 1.79000e+02  2.40135e-02 
 1.79500e+02  2.45022e-02 
 1.80000e+02  2.45703e-02 
 1.80500e+02  2.45806e-02 
 1.81000e+02  2.51676e-02 
 1.81500e+02  2.38471e-02 
 1.82000e+02  2.35332e-02 
 1.82500e+02  2.29209e-02 
 1.83000e+02  2.25446e-02 
 1.83500e+02  2.20911e-02 
 1.84000e+02  2.29678e-02 
 1.84500e+02  2.26734e-02 
 1.85000e+02  2.23664e-02 
 1.85500e+02  2.19330e-02 
 1.86000e+02  2.23527e-02 
 1.86500e+02  2.26780e-02 
 1.87000e+02  2.29164e-02 
 1.87500e+02  2.19975e-02 
 1.88000e+02  2.23546e-02 
 1.88500e+02  2.12999e-02 
 1.89000e+02  2.19899e-02 
 1.89500e+02  2.18107e-02 
 1.90000e+02  2.09364e-02 
 1.90500e+02  2.15305e-02 
 1.91000e+02  2.11935e-02 
 1.91500e+02  2.07766e-02 
 1.92000e+02  2.05590e-02 
 1.92500e+02  1.99702e-02 
 1.93000e+02  1.98252e-02 
 1.93500e+02  1.96889e-02 
 1.94000e+02  1.90581e-02 
 1.94500e+02  1.90319e-02 
 1.95000e+02  1.84452e-02 
 1.95500e+02  1.82052e-02 
 1.96000e+02  1.75677e-02 
 1.96500e+02  1.71072e-02 
 1.97000e+02  1.66964e-02 
 1.97500e+02  1.64454e-02 
 1.98000e+02  1.65854e-02 
 1.98500e+02  1.65239e-02 
 1.99000e+02  1.67049e-02 
 1.99500e+02  1.60610e-02 
 2.00000e+02  1.58213e-02 
 2.00500e+02  1.53209e-02 
 2.01000e+02  1.52032e-02 
 2.01500e+02  1.49028e-02 
 2.02000e+02  1.42805e-02 
 2.02500e+02  1.34524e-02 
 2.03000e+02  1.31495e-02 
 2.03500e+02  1.28688e-02 
 2.04000e+02  1.26634e-02 
 2.04500e+02  1.24223e-02 
 2.05000e+02  1.21368e-02 
 2.05500e+02  1.16577e-02 
 2.06000e+02  1.12579e-02 
 2.06500e+02  1.10423e-02 
 2.07000e+02  1.07336e-02 
 2.07500e+02  1.04657e-02 
 2.08000e+02  1.03796e-02 
 2.08500e+02  9.96796e-03 
 2.09000e+02  9.69731e-03 
 2.09500e+02  9.82267e-03 
 2.10000e+02  9.70160e-03 
 2.10500e+02  9.63001e-03 
 2.11000e+02  9.58244e-03 
 2.11500e+02  9.66866e-03 
 2.12000e+02  9.56882e-03 
 2.12500e+02  9.44821e-03 
 2.13000e+02  9.48338e-03 
 2.13500e+02  9.13166e-03 
 2.14000e+02  9.05826e-03 
 2.14500e+02  9.26081e-03 
 2.15000e+02  9.33740e-03 
 2.15500e+02  9.12889e-03 
 2.16000e+02  9.06930e-03 
 2.16500e+02  9.06225e-03 
 2.17000e+02  8.89062e-03 
 2.17500e+02  8.98791e-03 
 2.18000e+02  8.85451e-03 
 2.18500e+02  8.76877e-03 
 2.19000e+02  8.75526e-03 
 2.19500e+02  8.65393e-03 
 2.20000e+02  8.69027e-03 
 2.20500e+02  8.57075e-03 
 2.21000e+02  8.57143e-03 
 2.21500e+02  8.49394e-03 
 2.22000e+02  8.39131e-03 
 2.22500e+02  8.33630e-03 
 2.23000e+02  8.28594e-03 
 2.23500e+02  8.52466e-03 
 2.24000e+02  8.18875e-03 
 2.24500e+02  8.15404e-03 
 2.25000e+02  8.16738e-03 
 2.25500e+02  8.15270e-03 
 2.26000e+02  8.13132e-03 
 2.26500e+02  8.09102e-03 
 2.27000e+02  7.90884e-03 
 2.27500e+02  7.81500e-03 
 2.28000e+02  7.66273e-03 
 2.28500e+02  7.65226e-03 
 2.29000e+02  7.62934e-03 
 2.29500e+02  7.56830e-03 
 2.30000e+02  7.49678e-03 
 2.30500e+02  7.34546e-03 
 2.31000e+02  7.29118e-03 
 2.31500e+02  7.13565e-03 
 2.32000e+02  7.22338e-03 
 2.32500e+02  7.18746e-03 
 2.33000e+02  7.19591e-03 
 2.33500e+02  7.04796e-03 
 2.34000e+02  6.98883e-03 
 2.34500e+02  6.88962e-03 
 2.35000e+02  6.97251e-03 
 2.35500e+02  6.80368e-03 
 2.36000e+02  6.72585e-03 
 2.36500e+02  6.69063e-03 
 2.37000e+02  6.73698e-03 
 2.37500e+02  6.66718e-03 
 2.38000e+02  6.68986e-03 
 2.38500e+02  6.48538e-03 
 2.39000e+02  6.41272e-03 
 2.39500e+02  6.37742e-03 
 2.40000e+02  6.38386e-03 
 2.40500e+02  6.24406e-03 
 2.41000e+02  6.20623e-03 
 2.41500e+02  6.05054e-03 
 2.42000e+02  5.92240e-03 
 2.42500e+02  5.85695e-03 
 2.43000e+02  5.73694e-03 
 2.43500e+02  5.71629e-03 
 2.44000e+02  5.54827e-03 
 2.44500e+02  5.41209e-03 
 2.45000e+02  5.32563e-03 
 2.45500e+02  5.16578e-03 
 2.46000e+02  5.09710e-03 
 2.46500e+02  5.00976e-03 
 2.47000e+02  4.93512e-03 
 2.47500e+02  4.78399e-03 
 2.48000e+02  4.72345e-03 
 2.48500e+02  4.67483e-03 
 2.49000e+02  4.55012e-03 
 2.49500e+02  4.47731e-03 
 2.50000e+02  4.43032e-03 
 2.50500e+02  4.38923e-03 
 2.51000e+02  4.25970e-03 
 2.51500e+02  4.16670e-03 
 2.52000e+02  4.16082e-03 
 2.52500e+02  4.04926e-03 
 2.53000e+02  3.94892e-03 
 2.53500e+02  3.88964e-03 
 2.54000e+02  3.78389e-03 
 2.54500e+02  3.66048e-03 
 2.55000e+02  3.61002e-03 
 2.55500e+02  3.54320e-03 
 2.56000e+02  3.46281e-03 
 2.56500e+02  3.38846e-03 
 2.57000e+02  3.30419e-03 
 2.57500e+02  3.21618e-03 
 2.58000e+02  3.12356e-03 
 2.58500e+02  3.07165e-03 
 2.59000e+02  2.99385e-03 
 2.59500e+02  2.91742e-03 
 2.60000e+02  2.89098e-03 
 2.60500e+02  2.78400e-03 
 2.61000e+02  2.74339e-03 
 2.61500e+02  2.66954e-03 
 2.62000e+02  2.60076e-03 
 2.62500e+02  2.55199e-03 
 2.63000e+02  2.51243e-03 
 2.63500e+02  2.47152e-03 
 2.64000e+02  2.41739e-03 
 2.64500e+02  2.34567e-03 
 2.65000e+02  2.29967e-03 
 2.65500e+02  2.24966e-03 
 2.66000e+02  2.20749e-03 
 2.66500e+02  2.15268e-03 
 2.67000e+02  2.11494e-03 
 2.67500e+02  2.09067e-03 
 2.68000e+02  2.05698e-03 
 2.68500e+02  2.01463e-03 
 2.69000e+02  2.00305e-03 
 2.69500e+02  1.95508e-03 
 2.70000e+02  1.93449e-03 
 2.70500e+02  1.89717e-03 
 2.71000e+02  1.87190e-03 
 2.71500e+02  1.83738e-03 
 2.72000e+02  1.80772e-03 
 2.72500e+02  1.78859e-03 
 2.73000e+02  1.75590e-03 
 2.73500e+02  1.72789e-03 
 2.74000e+02  1.70238e-03 
 2.74500e+02  1.68319e-03 
 2.75000e+02  1.65042e-03 
 2.75500e+02  1.62528e-03 
 2.76000e+02  1.60110e-03 
 2.76500e+02  1.57336e-03 
 2.77000e+02  1.54842e-03 
 2.77500e+02  1.52737e-03 
 2.78000e+02  1.52120e-03 
 2.78500e+02  1.50826e-03 
 2.79000e+02  1.47394e-03 
 2.79500e+02  1.45729e-03 
 2.80000e+02  1.44239e-03 
 2.80500e+02  1.43337e-03 
 2.81000e+02  1.41604e-03 
 2.81500e+02  1.39455e-03 
 2.82000e+02  1.36648e-03 
 2.82500e+02  1.34834e-03 
 2.83000e+02  1.32878e-03 
 2.83500e+02  1.32836e-03 
 2.84000e+02  1.30279e-03 
 2.84500e+02  1.29011e-03 
 2.85000e+02  1.28636e-03 
 2.85500e+02  1.26730e-03 
 2.86000e+02  1.25492e-03 
 2.86500e+02  1.24151e-03 
 2.87000e+02  1.22333e-03 
 2.87500e+02  1.21666e-03 
 2.88000e+02  1.19636e-03 
 2.88500e+02  1.18091e-03 
 2.89000e+02  1.17782e-03 
 2.89500e+02  1.15498e-03 
 2.90000e+02  1.13987e-03 
 2.90500e+02  1.13418e-03 
 2.91000e+02  1.11703e-03 
 2.91500e+02  1.10731e-03 
 2.92000e+02  1.09006e-03 
 2.92500e+02  1.08771e-03 
 2.93000e+02  1.07571e-03 
 2.93500e+02  1.07422e-03 
 2.94000e+02  1.06887e-03 
 2.94500e+02  1.05153e-03 
 2.95000e+02  1.04138e-03 
 2.95500e+02  1.04498e-03 
 2.96000e+02  1.02670e-03 
 2.96500e+02  1.01663e-03 
 2.97000e+02  1.00202e-03 
 2.97500e+02  9.90224e-04 
 2.98000e+02  9.82192e-04 
 2.98500e+02  9.75464e-04 
 2.99000e+02  9.67656e-04 
 2.99500e+02  9.57288e-04 
 3.00000e+02  9.48384e-04 
 3.00500e+02  9.38240e-04 
 3.01000e+02  9.34384e-04 
 3.01500e+02  9.33584e-04 
 3.02000e+02  9.21784e-04 
 3.02500e+02  9.13976e-04 
 3.03000e+02  9.04720e-04 
 3.03500e+02  9.00280e-04 
 3.04000e+02  8.88360e-04 
 3.04500e+02  8.86336e-04 
 3.05000e+02  8.77656e-04 
 3.05500e+02  8.65480e-04 
 3.06000e+02  8.54920e-04 
 3.06500e+02  8.48792e-04 
 3.07000e+02  8.50080e-04 
 3.07500e+02  8.47728e-04 
 3.08000e+02  8.42560e-04 
 3.08500e+02  8.31168e-04 
 3.09000e+02  8.22664e-04 
 3.09500e+02  8.19584e-04 
 3.10000e+02  8.13480e-04 
 3.10500e+02  8.04472e-04 
 3.11000e+02  7.95824e-04 
 3.11500e+02  7.88816e-04 
 3.12000e+02  7.82776e-04 
 3.12500e+02  7.85080e-04 
 3.13000e+02  7.80272e-04 
 3.13500e+02  7.76736e-04 
 3.14000e+02  7.70984e-04 
 3.14500e+02  7.67680e-04 
 3.15000e+02  7.61304e-04 
 3.15500e+02  7.55424e-04 
 3.16000e+02  7.48936e-04 
 3.16500e+02  7.42400e-04 
 3.17000e+02  7.37456e-04 
 3.17500e+02  7.35392e-04 
 3.18000e+02  7.27960e-04 
 3.18500e+02  7.25328e-04 
 3.19000e+02  7.23616e-04 
 3.19500e+02  7.17144e-04 
