 0.00000e+00  7.09160e-04 
 5.00000e-01  7.15736e-04 
 1.00000e+00  7.21112e-04 
 1.50000e+00  7.23080e-04 
 2.00000e+00  7.28904e-04 
 2.50000e+00  7.35416e-04 
 3.00000e+00  7.43064e-04 
 3.50000e+00  7.49648e-04 
 4.00000e+00  7.54288e-04 
 4.50000e+00  7.55152e-04 
 5.00000e+00  7.59344e-04 
 5.50000e+00  7.63920e-04 
 6.00000e+00  7.71904e-04 
 6.50000e+00  7.78384e-04 
 7.00000e+00  7.87072e-04 
 7.50000e+00  7.97144e-04 
 8.00000e+00  8.03160e-04 
 8.50000e+00  8.11088e-04 
 9.00000e+00  8.19496e-04 
 9.50000e+00  8.26248e-04 
 1.00000e+01  8.29768e-04 
 1.05000e+01  8.39160e-04 
 1.10000e+01  8.40664e-04 
 1.15000e+01  8.44408e-04 
 1.20000e+01  8.50264e-04 
 1.25000e+01  8.59696e-04 
 1.30000e+01  8.70928e-04 
 1.35000e+01  8.73448e-04 
 1.40000e+01  8.75200e-04 
 1.45000e+01  8.82056e-04 
 1.50000e+01  8.87264e-04 
 1.55000e+01  8.92744e-04 
 1.60000e+01  9.02136e-04 
 1.65000e+01  9.12712e-04 
 1.70000e+01  9.24976e-04 
 1.75000e+01  9.31104e-04 
 1.80000e+01  9.32464e-04 
 1.85000e+01  9.48776e-04 
 1.90000e+01  9.56192e-04 
 1.95000e+01  9.54568e-04 
 2.00000e+01  9.61344e-04 
 2.05000e+01  9.70216e-04 
 2.10000e+01  9.84496e-04 
 2.15000e+01  9.91848e-04 
 2.20000e+01  1.00770e-03 
 2.25000e+01  1.01274e-03 
 2.30000e+01  1.02341e-03 
 2.35000e+01  1.02902e-03 
 2.40000e+01  1.04800e-03 
 2.45000e+01  1.05001e-03 
 2.50000e+01  1.06628e-03 
 2.55000e+01  1.08681e-03 
 2.60000e+01  1.09817e-03 
 2.65000e+01  1.10490e-03 
 2.70000e+01  1.11631e-03 
 2.75000e+01  1.13308e-03 
 2.80000e+01  1.13162e-03 
 2.85000e+01  1.14040e-03 
 2.90000e+01  1.15865e-03 
 2.95000e+01  1.17182e-03 
 3.00000e+01  1.17520e-03 
 3.05000e+01  1.19202e-03 
 3.10000e+01  1.20686e-03 
 3.15000e+01  1.22106e-03 
 3.20000e+01  1.22391e-03 
 3.25000e+01  1.24032e-03 
 3.30000e+01  1.25849e-03 
 3.35000e+01  1.27462e-03 
 3.40000e+01  1.28996e-03 
 3.45000e+01  1.30590e-03 
 3.50000e+01  1.31681e-03 
 3.55000e+01  1.32819e-03 
 3.60000e+01  1.34985e-03 
 3.65000e+01  1.36110e-03 
 3.70000e+01  1.38250e-03 
 3.75000e+01  1.40867e-03 
 3.80000e+01  1.42319e-03 
 3.85000e+01  1.44197e-03 
 3.90000e+01  1.45751e-03 
 3.95000e+01  1.46018e-03 
 4.00000e+01  1.48691e-03 
 4.05000e+01  1.51531e-03 
 4.10000e+01  1.52592e-03 
 4.15000e+01  1.55000e-03 
 4.20000e+01  1.58139e-03 
 4.25000e+01  1.60147e-03 
 4.30000e+01  1.62498e-03 
 4.35000e+01  1.66210e-03 
 4.40000e+01  1.68033e-03 
 4.45000e+01  1.71045e-03 
 4.50000e+01  1.73711e-03 
 4.55000e+01  1.75943e-03 
 4.60000e+01  1.79049e-03 
 4.65000e+01  1.82177e-03 
 4.70000e+01  1.87054e-03 
 4.75000e+01  1.90946e-03 
 4.80000e+01  1.92641e-03 
 4.85000e+01  1.97008e-03 
 4.90000e+01  1.99133e-03 
 4.95000e+01  2.03002e-03 
 5.00000e+01  2.06673e-03 
 5.05000e+01  2.10026e-03 
 5.10000e+01  2.13608e-03 
 5.15000e+01  2.19440e-03 
 5.20000e+01  2.23721e-03 
 5.25000e+01  2.28234e-03 
 5.30000e+01  2.32098e-03 
 5.35000e+01  2.35652e-03 
 5.40000e+01  2.41433e-03 
 5.45000e+01  2.47454e-03 
 5.50000e+01  2.53716e-03 
 5.55000e+01  2.58796e-03 
 5.60000e+01  2.62731e-03 
 5.65000e+01  2.70257e-03 
 5.70000e+01  2.76434e-03 
 5.75000e+01  2.82734e-03 
 5.80000e+01  2.89963e-03 
 5.85000e+01  2.96760e-03 
 5.90000e+01  3.03518e-03 
 5.95000e+01  3.09123e-03 
 6.00000e+01  3.17420e-03 
 6.05000e+01  3.24738e-03 
 6.10000e+01  3.29903e-03 
 6.15000e+01  3.36644e-03 
 6.20000e+01  3.46996e-03 
 6.25000e+01  3.52854e-03 
 6.30000e+01  3.60769e-03 
 6.35000e+01  3.65786e-03 
 6.40000e+01  3.71718e-03 
 6.45000e+01  3.76425e-03 
 6.50000e+01  3.86819e-03 
 6.55000e+01  3.99721e-03 
 6.60000e+01  4.07634e-03 
 6.65000e+01  4.16174e-03 
 6.70000e+01  4.28926e-03 
 6.75000e+01  4.41490e-03 
 6.80000e+01  4.52629e-03 
 6.85000e+01  4.58765e-03 
 6.90000e+01  4.70438e-03 
 6.95000e+01  4.73621e-03 
 7.00000e+01  4.89291e-03 
 7.05000e+01  4.97475e-03 
 7.10000e+01  5.13379e-03 
 7.15000e+01  5.28076e-03 
 7.20000e+01  5.28941e-03 
 7.25000e+01  5.35950e-03 
 7.30000e+01  5.44805e-03 
 7.35000e+01  5.58003e-03 
 7.40000e+01  5.63254e-03 
 7.45000e+01  5.73071e-03 
 7.50000e+01  5.90397e-03 
 7.55000e+01  5.97186e-03 
 7.60000e+01  6.01343e-03 
 7.65000e+01  6.05814e-03 
 7.70000e+01  6.29618e-03 
 7.75000e+01  6.28738e-03 
 7.80000e+01  6.42490e-03 
 7.85000e+01  6.51150e-03 
 7.90000e+01  6.59075e-03 
 7.95000e+01  6.76010e-03 
 8.00000e+01  6.78689e-03 
 8.05000e+01  6.85385e-03 
 8.10000e+01  6.92602e-03 
 8.15000e+01  6.88900e-03 
 8.20000e+01  6.76968e-03 
 8.25000e+01  6.74705e-03 
 8.30000e+01  6.94028e-03 
 8.35000e+01  7.03660e-03 
 8.40000e+01  7.15079e-03 
 8.45000e+01  7.25722e-03 
 8.50000e+01  7.43905e-03 
 8.55000e+01  7.50331e-03 
 8.60000e+01  7.42892e-03 
 8.65000e+01  7.64806e-03 
 8.70000e+01  7.64606e-03 
 8.75000e+01  7.75875e-03 
 8.80000e+01  7.68637e-03 
 8.85000e+01  7.72363e-03 
 8.90000e+01  7.86695e-03 
 8.95000e+01  8.03938e-03 
 9.00000e+01  8.10673e-03 
 9.05000e+01  7.94258e-03 
 9.10000e+01  7.92908e-03 
 9.15000e+01  8.07568e-03 
 9.20000e+01  8.18255e-03 
 9.25000e+01  8.12806e-03 
 9.30000e+01  8.02675e-03 
 9.35000e+01  8.23436e-03 
 9.40000e+01  8.23885e-03 
 9.45000e+01  8.29006e-03 
 9.50000e+01  8.49111e-03 
 9.55000e+01  8.48311e-03 
 9.60000e+01  8.43998e-03 
 9.65000e+01  8.59565e-03 
 9.70000e+01  8.58240e-03 
 9.75000e+01  8.53492e-03 
 9.80000e+01  8.81635e-03 
 9.85000e+01  8.71266e-03 
 9.90000e+01  8.71280e-03 
 9.95000e+01  8.76785e-03 
 1.00000e+02  8.68993e-03 
 1.00500e+02  8.82458e-03 
 1.01000e+02  8.76912e-03 
 1.01500e+02  8.84181e-03 
 1.02000e+02  8.93972e-03 
 1.02500e+02  8.97755e-03 
 1.03000e+02  8.96139e-03 
 1.03500e+02  9.05979e-03 
 1.04000e+02  9.15440e-03 
 1.04500e+02  9.38872e-03 
 1.05000e+02  9.52902e-03 
 1.05500e+02  9.65758e-03 
 1.06000e+02  9.70746e-03 
 1.06500e+02  9.52206e-03 
 1.07000e+02  9.73809e-03 
 1.07500e+02  1.01205e-02 
 1.08000e+02  1.03548e-02 
 1.08500e+02  1.05694e-02 
 1.09000e+02  1.04702e-02 
 1.09500e+02  1.07227e-02 
 1.10000e+02  1.09053e-02 
 1.10500e+02  1.08162e-02 
 1.11000e+02  1.08582e-02 
 1.11500e+02  1.11532e-02 
 1.12000e+02  1.16863e-02 
 1.12500e+02  1.18889e-02 
 1.13000e+02  1.24840e-02 
 1.13500e+02  1.26751e-02 
 1.14000e+02  1.27532e-02 
 1.14500e+02  1.32961e-02 
 1.15000e+02  1.40319e-02 
 1.15500e+02  1.40738e-02 
 1.16000e+02  1.46596e-02 
 1.16500e+02  1.50755e-02 
 1.17000e+02  1.53355e-02 
 1.17500e+02  1.54437e-02 
 1.18000e+02  1.57104e-02 
 1.18500e+02  1.58855e-02 
 1.19000e+02  1.63527e-02 
 1.19500e+02  1.61809e-02 
 1.20000e+02  1.71494e-02 
 1.20500e+02  1.73365e-02 
 1.21000e+02  1.72049e-02 
 1.21500e+02  1.78858e-02 
 1.22000e+02  1.79298e-02 
 1.22500e+02  1.85797e-02 
 1.23000e+02  1.80160e-02 
 1.23500e+02  1.81327e-02 
 1.24000e+02  1.84894e-02 
 1.24500e+02  1.89676e-02 
 1.25000e+02  1.91724e-02 
 1.25500e+02  1.93259e-02 
 1.26000e+02  1.97353e-02 
 1.26500e+02  2.04382e-02 
 1.27000e+02  2.02853e-02 
 1.27500e+02  2.02037e-02 
 1.28000e+02  2.09694e-02 
 1.28500e+02  2.05524e-02 
 1.29000e+02  2.15458e-02 
 1.29500e+02  2.12377e-02 
 1.30000e+02  2.14753e-02 
 1.30500e+02  2.13461e-02 
 1.31000e+02  2.13847e-02 
 1.31500e+02  2.19584e-02 
 1.32000e+02  2.20568e-02 
 1.32500e+02  2.24433e-02 
 1.33000e+02  2.24063e-02 
 1.33500e+02  2.20708e-02 
 1.34000e+02  2.29301e-02 
 1.34500e+02  2.39470e-02 
 1.35000e+02  2.33694e-02 
 1.35500e+02  2.36898e-02 
 1.36000e+02  2.28690e-02 
 1.36500e+02  2.30266e-02 
 1.37000e+02  2.31287e-02 
 1.37500e+02  2.36244e-02 
 1.38000e+02  2.39900e-02 
 1.38500e+02  2.46627e-02 
 1.39000e+02  2.47282e-02 
 1.39500e+02  2.38027e-02 
 1.40000e+02  2.43936e-02 
 1.40500e+02  2.45142e-02 
 1.41000e+02  2.45282e-02 
 1.41500e+02  2.42420e-02 
 1.42000e+02  2.45820e-02 
 1.42500e+02  2.47702e-02 
 1.43000e+02  2.49902e-02 
 1.43500e+02  2.43805e-02 
 1.44000e+02  2.47574e-02 
 1.44500e+02  2.45757e-02 
 1.45000e+02  2.49681e-02 
 1.45500e+02  2.55678e-02 
 1.46000e+02  2.52418e-02 
 1.46500e+02  2.60454e-02 
 1.47000e+02  2.57171e-02 
 1.47500e+02  2.59810e-02 
 1.48000e+02  2.56534e-02 
 1.48500e+02  2.58276e-02 
 1.49000e+02  2.62582e-02 
 1.49500e+02  2.67065e-02 
 1.50000e+02  2.70602e-02 
 1.50500e+02  2.61944e-02 
 1.51000e+02  2.70275e-02 
 1.51500e+02  2.62646e-02 
 1.52000e+02  2.64535e-02 
 1.52500e+02  2.69082e-02 
 1.53000e+02  2.64519e-02 
 1.53500e+02  2.73354e-02 
 1.54000e+02  2.69517e-02 
 1.54500e+02  2.69255e-02 
 1.55000e+02  2.70374e-02 
 1.55500e+02  2.67265e-02 
 1.56000e+02  2.65083e-02 
 1.56500e+02  2.66884e-02 
 1.57000e+02  2.62954e-02 
 1.57500e+02  2.64064e-02 
 1.58000e+02  2.66207e-02 
 1.58500e+02  2.62665e-02 
 1.59000e+02  2.61391e-02 
 1.59500e+02  2.58835e-02 
 1.60000e+02  2.65268e-02 
 1.60500e+02  2.59898e-02 
 1.61000e+02  2.64436e-02 
 1.61500e+02  2.53363e-02 
 1.62000e+02  2.65081e-02 
 1.62500e+02  2.60119e-02 
 1.63000e+02  2.62786e-02 
 1.63500e+02  2.56938e-02 
 1.64000e+02  2.61516e-02 
 1.64500e+02  2.62787e-02 
 1.65000e+02  2.65291e-02 
 1.65500e+02  2.64568e-02 
 1.66000e+02  2.64478e-02 
 1.66500e+02  2.66973e-02 
 1.67000e+02  2.59323e-02 
 1.67500e+02  2.59473e-02 
 1.68000e+02  2.64800e-02 
 1.68500e+02  2.61615e-02 
 1.69000e+02  2.68146e-02 
 1.69500e+02  2.57936e-02 
 1.70000e+02  2.61795e-02 
 1.70500e+02  2.61322e-02 
 1.71000e+02  2.59932e-02 
 1.71500e+02  2.57606e-02 
 1.72000e+02  2.58834e-02 
 1.72500e+02  2.60099e-02 
 1.73000e+02  2.56533e-02 
 1.73500e+02  2.57374e-02 
 1.74000e+02  2.53873e-02 
 1.74500e+02  2.60317e-02 
 1.75000e+02  2.54527e-02 
 1.75500e+02  2.56245e-02 
 1.76000e+02  2.55395e-02 
 1.76500e+02  2.50181e-02 
 1.77000e+02  2.52596e-02 
 1.77500e+02  2.52558e-02 
 1.78000e+02  2.55749e-02 
 1.78500e+02  2.48609e-02 
 1.79000e+02  2.48741e-02 
 1.79500e+02  2.48913e-02 
 1.80000e+02  2.49350e-02 
 1.80500e+02  2.42714e-02 
 1.81000e+02  2.43649e-02 
 1.81500e+02  2.44453e-02 
 1.82000e+02  2.45763e-02 
 1.82500e+02  2.36530e-02 
 1.83000e+02  2.34319e-02 
 1.83500e+02  2.32238e-02 
 1.84000e+02  2.32560e-02 
 1.84500e+02  2.21675e-02 
 1.85000e+02  2.23465e-02 
 1.85500e+02  2.28047e-02 
 1.86000e+02  2.26525e-02 
 1.86500e+02  2.20242e-02 
 1.87000e+02  2.18894e-02 
 1.87500e+02  2.12880e-02 
 1.88000e+02  2.14515e-02 
 1.88500e+02  2.10609e-02 
 1.89000e+02  2.12393e-02 
 1.89500e+02  2.08996e-02 
 1.90000e+02  2.07752e-02 
 1.90500e+02  2.04648e-02 
 1.91000e+02  2.01589e-02 
 1.91500e+02  2.05566e-02 
 1.92000e+02  2.00285e-02 
 1.92500e+02  1.95353e-02 
 1.93000e+02  1.95015e-02 
 1.93500e+02  1.92711e-02 
 1.94000e+02  1.85017e-02 
 1.94500e+02  1.87054e-02 
 1.95000e+02  1.80515e-02 
 1.95500e+02  1.75130e-02 
 1.96000e+02  1.75229e-02 
 1.96500e+02  1.73108e-02 
 1.97000e+02  1.70653e-02 
 1.97500e+02  1.69213e-02 
 1.98000e+02  1.64522e-02 
 1.98500e+02  1.65749e-02 
 1.99000e+02  1.62456e-02 
 1.99500e+02  1.60710e-02 
 2.00000e+02  1.54384e-02 
 2.00500e+02  1.50307e-02 
 2.01000e+02  1.43767e-02 
 2.01500e+02  1.43971e-02 
 2.02000e+02  1.43681e-02 
 2.02500e+02  1.38090e-02 
 2.03000e+02  1.33041e-02 
 2.03500e+02  1.27645e-02 
 2.04000e+02  1.30048e-02 
 2.04500e+02  1.25390e-02 
 2.05000e+02  1.23129e-02 
 2.05500e+02  1.19513e-02 
 2.06000e+02  1.14166e-02 
 2.06500e+02  1.11387e-02 
 2.07000e+02  1.10833e-02 
 2.07500e+02  1.09237e-02 
 2.08000e+02  1.05430e-02 
 2.08500e+02  1.02212e-02 
 2.09000e+02  1.01983e-02 
 2.09500e+02  9.85736e-03 
 2.10000e+02  9.83364e-03 
 2.10500e+02  9.92205e-03 
 2.11000e+02  9.86881e-03 
 2.11500e+02  9.67445e-03 
 2.12000e+02  9.63344e-03 
 2.12500e+02  9.58562e-03 
 2.13000e+02  9.42151e-03 
 2.13500e+02  9.36018e-03 
 2.14000e+02  9.32087e-03 
 2.14500e+02  9.50081e-03 
 2.15000e+02  9.23887e-03 
 2.15500e+02  9.24822e-03 
 2.16000e+02  8.90362e-03 
 2.16500e+02  8.87479e-03 
 2.17000e+02  8.91711e-03 
 2.17500e+02  8.96122e-03 
 2.18000e+02  8.74268e-03 
 2.18500e+02  8.73633e-03 
 2.19000e+02  8.88873e-03 
 2.19500e+02  8.56317e-03 
 2.20000e+02  8.74121e-03 
 2.20500e+02  8.71726e-03 
 2.21000e+02  8.69374e-03 
 2.21500e+02  8.57756e-03 
 2.22000e+02  8.50277e-03 
 2.22500e+02  8.36102e-03 
 2.23000e+02  8.51113e-03 
 2.23500e+02  8.40842e-03 
 2.24000e+02  8.19483e-03 
 2.24500e+02  8.10745e-03 
 2.25000e+02  8.21086e-03 
 2.25500e+02  8.26412e-03 
 2.26000e+02  8.09005e-03 
 2.26500e+02  7.93906e-03 
 2.27000e+02  7.84278e-03 
 2.27500e+02  7.92306e-03 
 2.28000e+02  7.86382e-03 
 2.28500e+02  7.81735e-03 
 2.29000e+02  7.69238e-03 
 2.29500e+02  7.60942e-03 
 2.30000e+02  7.48311e-03 
 2.30500e+02  7.44771e-03 
 2.31000e+02  7.35540e-03 
 2.31500e+02  7.28816e-03 
 2.32000e+02  7.33082e-03 
 2.32500e+02  7.25831e-03 
 2.33000e+02  7.13130e-03 
 2.33500e+02  7.01985e-03 
 2.34000e+02  6.93129e-03 
 2.34500e+02  6.96150e-03 
 2.35000e+02  6.82174e-03 
 2.35500e+02  6.76541e-03 
 2.36000e+02  6.78210e-03 
 2.36500e+02  6.82181e-03 
 2.37000e+02  6.69861e-03 
 2.37500e+02  6.65583e-03 
 2.38000e+02  6.44930e-03 
 2.38500e+02  6.38402e-03 
 2.39000e+02  6.43099e-03 
 2.39500e+02  6.46093e-03 
 2.40000e+02  6.33397e-03 
 2.40500e+02  6.21949e-03 
 2.41000e+02  6.03298e-03 
 2.41500e+02  5.90370e-03 
 2.42000e+02  5.79364e-03 
 2.42500e+02  5.69750e-03 
 2.43000e+02  5.55669e-03 
 2.43500e+02  5.49945e-03 
 2.44000e+02  5.50827e-03 
 2.44500e+02  5.43039e-03 
 2.45000e+02  5.39026e-03 
 2.45500e+02  5.28106e-03 
 2.46000e+02  5.20463e-03 
 2.46500e+02  5.18447e-03 
 2.47000e+02  5.01391e-03 
 2.47500e+02  4.89481e-03 
 2.48000e+02  4.87081e-03 
 2.48500e+02  4.77246e-03 
 2.49000e+02  4.66222e-03 
 2.49500e+02  4.59461e-03 
 2.50000e+02  4.43991e-03 
 2.50500e+02  4.41279e-03 
 2.51000e+02  4.31726e-03 
 2.51500e+02  4.20101e-03 
 2.52000e+02  4.13351e-03 
 2.52500e+02  4.02495e-03 
 2.53000e+02  3.94148e-03 
 2.53500e+02  3.87370e-03 
 2.54000e+02  3.75361e-03 
 2.54500e+02  3.64612e-03 
 2.55000e+02  3.57910e-03 
 2.55500e+02  3.49957e-03 
 2.56000e+02  3.44228e-03 
 2.56500e+02  3.36811e-03 
 2.57000e+02  3.28976e-03 
 2.57500e+02  3.23166e-03 
 2.58000e+02  3.15742e-03 
 2.58500e+02  3.04043e-03 
 2.59000e+02  2.98318e-03 
 2.59500e+02  2.91315e-03 
 2.60000e+02  2.87550e-03 
 2.60500e+02  2.78485e-03 
 2.61000e+02  2.70786e-03 
 2.61500e+02  2.66194e-03 
 2.62000e+02  2.61859e-03 
 2.62500e+02  2.57486e-03 
 2.63000e+02  2.51458e-03 
 2.63500e+02  2.44045e-03 
 2.64000e+02  2.38210e-03 
 2.64500e+02  2.35274e-03 
 2.65000e+02  2.30856e-03 
 2.65500e+02  2.27894e-03 
 2.66000e+02  2.25368e-03 
 2.66500e+02  2.19642e-03 
 2.67000e+02  2.14602e-03 
 2.67500e+02  2.10010e-03 
 2.68000e+02  2.06458e-03 
 2.68500e+02  2.04669e-03 
 2.69000e+02  2.01815e-03 
 2.69500e+02  1.98538e-03 
 2.70000e+02  1.95152e-03 
 2.70500e+02  1.90314e-03 
 2.71000e+02  1.87668e-03 
 2.71500e+02  1.84961e-03 
 2.72000e+02  1.83187e-03 
 2.72500e+02  1.80134e-03 
 2.73000e+02  1.76743e-03 
 2.73500e+02  1.74288e-03 
 2.74000e+02  1.72566e-03 
 2.74500e+02  1.68580e-03 
 2.75000e+02  1.65726e-03 
 2.75500e+02  1.64312e-03 
 2.76000e+02  1.62315e-03 
 2.76500e+02  1.59350e-03 
 2.77000e+02  1.58230e-03 
 2.77500e+02  1.56694e-03 
 2.78000e+02  1.53664e-03 
 2.78500e+02  1.50545e-03 
 2.79000e+02  1.49752e-03 
 2.79500e+02  1.47639e-03 
 2.80000e+02  1.45632e-03 
 2.80500e+02  1.44461e-03 
 2.81000e+02  1.42122e-03 
 2.81500e+02  1.39727e-03 
 2.82000e+02  1.37927e-03 
 2.82500e+02  1.37192e-03 
 2.83000e+02  1.35772e-03 
 2.83500e+02  1.33346e-03 
 2.84000e+02  1.31766e-03 
 2.84500e+02  1.30494e-03 
 2.85000e+02  1.28178e-03 
 2.85500e+02  1.27286e-03 
 2.86000e+02  1.26254e-03 
 2.86500e+02  1.25114e-03 
 2.87000e+02  1.23223e-03 
 2.87500e+02  1.21708e-03 
 2.88000e+02  1.20594e-03 
 2.88500e+02  1.19524e-03 
 2.89000e+02  1.17934e-03 
 2.89500e+02  1.16805e-03 
 2.90000e+02  1.15546e-03 
 2.90500e+02  1.14202e-03 
 2.91000e+02  1.12962e-03 
 2.91500e+02  1.12011e-03 
 2.92000e+02  1.10282e-03 
 2.92500e+02  1.08978e-03 
 2.93000e+02  1.07907e-03 
 2.93500e+02  1.06400e-03 
 2.94000e+02  1.05620e-03 
 2.94500e+02  1.05074e-03 
 2.95000e+02  1.04454e-03 
 2.95500e+02  1.03690e-03 
 2.96000e+02  1.02493e-03 
 2.96500e+02  1.02168e-03 
 2.97000e+02  1.00894e-03 
 2.97500e+02  9.94568e-04 
 2.98000e+02  9.86680e-04 
 2.98500e+02  9.81424e-04 
 2.99000e+02  9.78424e-04 
 2.99500e+02  9.60640e-04 
 3.00000e+02  9.51480e-04 
 3.00500e+02  9.38416e-04 
 3.01000e+02  9.35784e-04 
 3.01500e+02  9.29792e-04 
 3.02000e+02  9.22328e-04 
 3.02500e+02  9.24096e-04 
 3.03000e+02  9.20816e-04 
 3.03500e+02  9.04904e-04 
 3.04000e+02  8.95944e-04 
 3.04500e+02  8.86600e-04 
 3.05000e+02  8.86928e-04 
 3.05500e+02  8.71760e-04 
 3.06000e+02  8.57712e-04 
 3.06500e+02  8.53648e-04 
 3.07000e+02  8.46304e-04 
 3.07500e+02  8.42632e-04 
 3.08000e+02  8.37360e-04 
 3.08500e+02  8.28648e-04 
 3.09000e+02  8.24552e-04 
 3.09500e+02  8.27416e-04 
 3.10000e+02  8.18024e-04 
 3.10500e+02  8.09576e-04 
 3.11000e+02  8.01168e-04 
 3.11500e+02  8.02672e-04 
 3.12000e+02  7.97920e-04 
 3.12500e+02  7.96296e-04 
 3.13000e+02  7.87048e-04 
 3.13500e+02  7.76960e-04 
 3.14000e+02  7.72840e-04 
 3.14500e+02  7.68720e-04 
 3.15000e+02  7.62440e-04 
 3.15500e+02  7.61056e-04 
 3.16000e+02  7.53048e-04 
 3.16500e+02  7.50760e-04 
 3.17000e+02  7.42840e-04 
 3.17500e+02  7.41496e-04 
 3.18000e+02  7.39104e-04 
 3.18500e+02  7.33608e-04 
 3.19000e+02  7.30544e-04 
 3.19500e+02  7.22440e-04 
