 0.00000e+00  6.91672e-04 
 5.00000e-01  6.95984e-04 
 1.00000e+00  7.03632e-04 
 1.50000e+00  7.09984e-04 
 2.00000e+00  7.08944e-04 
 2.50000e+00  7.16648e-04 
 3.00000e+00  7.19128e-04 
 3.50000e+00  7.27336e-04 
 4.00000e+00  7.29936e-04 
 4.50000e+00  7.34128e-04 
 5.00000e+00  7.37808e-04 
 5.50000e+00  7.46352e-04 
 6.00000e+00  7.52008e-04 
 6.50000e+00  7.60144e-04 
 7.00000e+00  7.65888e-04 
 7.50000e+00  7.65288e-04 
 8.00000e+00  7.72664e-04 
 8.50000e+00  7.80840e-04 
 9.00000e+00  7.86320e-04 
 9.50000e+00  7.93384e-04 
 1.00000e+01  8.00160e-04 
 1.05000e+01  8.09344e-04 
 1.10000e+01  8.08888e-04 
 1.15000e+01  8.16144e-04 
 1.20000e+01  8.19720e-04 
 1.25000e+01  8.31552e-04 
 1.30000e+01  8.40592e-04 
 1.35000e+01  8.42992e-04 
 1.40000e+01  8.49136e-04 
 1.45000e+01  8.59488e-04 
 1.50000e+01  8.65760e-04 
 1.55000e+01  8.73352e-04 
 1.60000e+01  8.82632e-04 
 1.65000e+01  8.93464e-04 
 1.70000e+01  8.96016e-04 
 1.75000e+01  9.08336e-04 
 1.80000e+01  9.16344e-04 
 1.85000e+01  9.18472e-04 
 1.90000e+01  9.26888e-04 
 1.95000e+01  9.34536e-04 
 2.00000e+01  9.43352e-04 
 2.05000e+01  9.58432e-04 
 2.10000e+01  9.67344e-04 
 2.15000e+01  9.74512e-04 
 2.20000e+01  9.79952e-04 
 2.25000e+01  9.86712e-04 
 2.30000e+01  9.97536e-04 
 2.35000e+01  1.00544e-03 
 2.40000e+01  1.01331e-03 
 2.45000e+01  1.01784e-03 
 2.50000e+01  1.03088e-03 
 2.55000e+01  1.04012e-03 
 2.60000e+01  1.03699e-03 
 2.65000e+01  1.04965e-03 
 2.70000e+01  1.05911e-03 
 2.75000e+01  1.06726e-03 
 2.80000e+01  1.07771e-03 
 2.85000e+01  1.09651e-03 
 2.90000e+01  1.10608e-03 
 2.95000e+01  1.11518e-03 
 3.00000e+01  1.12065e-03 
 3.05000e+01  1.13750e-03 
 3.10000e+01  1.15943e-03 
 3.15000e+01  1.16954e-03 
 3.20000e+01  1.18416e-03 
 3.25000e+01  1.19385e-03 
 3.30000e+01  1.20074e-03 
 3.35000e+01  1.21852e-03 
 3.40000e+01  1.23039e-03 
 3.45000e+01  1.24626e-03 
 3.50000e+01  1.26345e-03 
 3.55000e+01  1.28174e-03 
 3.60000e+01  1.29160e-03 
 3.65000e+01  1.30928e-03 
 3.70000e+01  1.32606e-03 
 3.75000e+01  1.34044e-03 
 3.80000e+01  1.36420e-03 
 3.85000e+01  1.38502e-03 
 3.90000e+01  1.40528e-03 
 3.95000e+01  1.41278e-03 
 4.00000e+01  1.43451e-03 
 4.05000e+01  1.44618e-03 
 4.10000e+01  1.46338e-03 
 4.15000e+01  1.48334e-03 
 4.20000e+01  1.50541e-03 
 4.25000e+01  1.52390e-03 
 4.30000e+01  1.55776e-03 
 4.35000e+01  1.57370e-03 
 4.40000e+01  1.59550e-03 
 4.45000e+01  1.62328e-03 
 4.50000e+01  1.65026e-03 
 4.55000e+01  1.66774e-03 
 4.60000e+01  1.69378e-03 
 4.65000e+01  1.72224e-03 
 4.70000e+01  1.74678e-03 
 4.75000e+01  1.78670e-03 
 4.80000e+01  1.81026e-03 
 4.85000e+01  1.84642e-03 
 4.90000e+01  1.88050e-03 
 4.95000e+01  1.90975e-03 
 5.00000e+01  1.93062e-03 
 5.05000e+01  1.96117e-03 
 5.10000e+01  1.99354e-03 
 5.15000e+01  2.04934e-03 
 5.20000e+01  2.08062e-03 
 5.25000e+01  2.12372e-03 
 5.30000e+01  2.17956e-03 
 5.35000e+01  2.23449e-03 
 5.40000e+01  2.29774e-03 
 5.45000e+01  2.32078e-03 
 5.50000e+01  2.37106e-03 
 5.55000e+01  2.38695e-03 
 5.60000e+01  2.43608e-03 
 5.65000e+01  2.49250e-03 
 5.70000e+01  2.56339e-03 
 5.75000e+01  2.63322e-03 
 5.80000e+01  2.69642e-03 
 5.85000e+01  2.77148e-03 
 5.90000e+01  2.80455e-03 
 5.95000e+01  2.85446e-03 
 6.00000e+01  2.95410e-03 
 6.05000e+01  2.99183e-03 
 6.10000e+01  3.05549e-03 
 6.15000e+01  3.15437e-03 
 6.20000e+01  3.19949e-03 
 6.25000e+01  3.27050e-03 
 6.30000e+01  3.37231e-03 
 6.35000e+01  3.42469e-03 
 6.40000e+01  3.52073e-03 
 6.45000e+01  3.56910e-03 
 6.50000e+01  3.63431e-03 
 6.55000e+01  3.73710e-03 
 6.60000e+01  3.85822e-03 
 6.65000e+01  3.91533e-03 
 6.70000e+01  4.01076e-03 
 6.75000e+01  4.09697e-03 
 6.80000e+01  4.18554e-03 
 6.85000e+01  4.26889e-03 
 6.90000e+01  4.38474e-03 
 6.95000e+01  4.47105e-03 
 7.00000e+01  4.57791e-03 
 7.05000e+01  4.64129e-03 
 7.10000e+01  4.78854e-03 
 7.15000e+01  4.85368e-03 
 7.20000e+01  4.84491e-03 
 7.25000e+01  4.98174e-03 
 7.30000e+01  5.03804e-03 
 7.35000e+01  5.14474e-03 
 7.40000e+01  5.21382e-03 
 7.45000e+01  5.41495e-03 
 7.50000e+01  5.45179e-03 
 7.55000e+01  5.52337e-03 
 7.60000e+01  5.57713e-03 
 7.65000e+01  5.74874e-03 
 7.70000e+01  5.79230e-03 
 7.75000e+01  5.83954e-03 
 7.80000e+01  5.97559e-03 
 7.85000e+01  6.10008e-03 
 7.90000e+01  6.11892e-03 
 7.95000e+01  6.19543e-03 
 8.00000e+01  6.26999e-03 
 8.05000e+01  6.44828e-03 
 8.10000e+01  6.58857e-03 
 8.15000e+01  6.54101e-03 
 8.20000e+01  6.59864e-03 
 8.25000e+01  6.63109e-03 
 8.30000e+01  6.78961e-03 
 8.35000e+01  7.00003e-03 
 8.40000e+01  6.99319e-03 
 8.45000e+01  6.93065e-03 
 8.50000e+01  7.12490e-03 
 8.55000e+01  7.18981e-03 
 8.60000e+01  7.18936e-03 
 8.65000e+01  7.26656e-03 
 8.70000e+01  7.20701e-03 
 8.75000e+01  7.25510e-03 
 8.80000e+01  7.34487e-03 
 8.85000e+01  7.58428e-03 
 8.90000e+01  7.65917e-03 
 8.95000e+01  7.76879e-03 
 9.00000e+01  7.75846e-03 
 9.05000e+01  7.80314e-03 
 9.10000e+01  7.81439e-03 
 9.15000e+01  7.78014e-03 
 9.20000e+01  7.93656e-03 
 9.25000e+01  8.04398e-03 
 9.30000e+01  8.07460e-03 
 9.35000e+01  7.91673e-03 
 9.40000e+01  8.01986e-03 
 9.45000e+01  8.08389e-03 
 9.50000e+01  8.26269e-03 
 9.55000e+01  8.09239e-03 
 9.60000e+01  8.29544e-03 
 9.65000e+01  8.35638e-03 
 9.70000e+01  8.44318e-03 
 9.75000e+01  8.36373e-03 
 9.80000e+01  8.51801e-03 
 9.85000e+01  8.41210e-03 
 9.90000e+01  8.46930e-03 
 9.95000e+01  8.55221e-03 
 1.00000e+02  8.54894e-03 
 1.00500e+02  8.70170e-03 
 1.01000e+02  8.69206e-03 
 1.01500e+02  8.64896e-03 
 1.02000e+02  8.83077e-03 
 1.02500e+02  8.80342e-03 
 1.03000e+02  8.75496e-03 
 1.03500e+02  8.86103e-03 
 1.04000e+02  9.00098e-03 
 1.04500e+02  9.36682e-03 
 1.05000e+02  9.45622e-03 
 1.05500e+02  9.64441e-03 
 1.06000e+02  9.90006e-03 
 1.06500e+02  1.01860e-02 
 1.07000e+02  1.03142e-02 
 1.07500e+02  1.07108e-02 
 1.08000e+02  1.08248e-02 
 1.08500e+02  1.06044e-02 
 1.09000e+02  1.08003e-02 
 1.09500e+02  1.13919e-02 
 1.10000e+02  1.15423e-02 
 1.10500e+02  1.18572e-02 
 1.11000e+02  1.17170e-02 
 1.11500e+02  1.22222e-02 
 1.12000e+02  1.22482e-02 
 1.12500e+02  1.27930e-02 
 1.13000e+02  1.30595e-02 
 1.13500e+02  1.32096e-02 
 1.14000e+02  1.32622e-02 
 1.14500e+02  1.37749e-02 
 1.15000e+02  1.39790e-02 
 1.15500e+02  1.42767e-02 
 1.16000e+02  1.46026e-02 
 1.16500e+02  1.49396e-02 
 1.17000e+02  1.51140e-02 
 1.17500e+02  1.51992e-02 
 1.18000e+02  1.54231e-02 
 1.18500e+02  1.54817e-02 
 1.19000e+02  1.58999e-02 
 1.19500e+02  1.63629e-02 
 1.20000e+02  1.70124e-02 
 1.20500e+02  1.66435e-02 
 1.21000e+02  1.63313e-02 
 1.21500e+02  1.68115e-02 
 1.22000e+02  1.73471e-02 
 1.22500e+02  1.81172e-02 
 1.23000e+02  1.80037e-02 
 1.23500e+02  1.84177e-02 
 1.24000e+02  1.86587e-02 
 1.24500e+02  1.90055e-02 
 1.25000e+02  1.91283e-02 
 1.25500e+02  1.98850e-02 
 1.26000e+02  1.99563e-02 
 1.26500e+02  1.93203e-02 
 1.27000e+02  1.96805e-02 
 1.27500e+02  2.00841e-02 
 1.28000e+02  2.06022e-02 
 1.28500e+02  2.09135e-02 
 1.29000e+02  2.16607e-02 
 1.29500e+02  2.13788e-02 
 1.30000e+02  2.14978e-02 
 1.30500e+02  2.14280e-02 
 1.31000e+02  2.14884e-02 
 1.31500e+02  2.14238e-02 
 1.32000e+02  2.13412e-02 
 1.32500e+02  2.15804e-02 
 1.33000e+02  2.24249e-02 
 1.33500e+02  2.28052e-02 
 1.34000e+02  2.27749e-02 
 1.34500e+02  2.32420e-02 
 1.35000e+02  2.37723e-02 
 1.35500e+02  2.34425e-02 
 1.36000e+02  2.39839e-02 
 1.36500e+02  2.40353e-02 
 1.37000e+02  2.46565e-02 
 1.37500e+02  2.45308e-02 
 1.38000e+02  2.48888e-02 
 1.38500e+02  2.44292e-02 
 1.39000e+02  2.47581e-02 
 1.39500e+02  2.38782e-02 
 1.40000e+02  2.48852e-02 
 1.40500e+02  2.44692e-02 
 1.41000e+02  2.43088e-02 
 1.41500e+02  2.43142e-02 
 1.42000e+02  2.43312e-02 
 1.42500e+02  2.47190e-02 
 1.43000e+02  2.44247e-02 
 1.43500e+02  2.51932e-02 
 1.44000e+02  2.49855e-02 
 1.44500e+02  2.48555e-02 
 1.45000e+02  2.51652e-02 
 1.45500e+02  2.53186e-02 
 1.46000e+02  2.44951e-02 
 1.46500e+02  2.53561e-02 
 1.47000e+02  2.53475e-02 
 1.47500e+02  2.57855e-02 
 1.48000e+02  2.54962e-02 
 1.48500e+02  2.59781e-02 
 1.49000e+02  2.53117e-02 
 1.49500e+02  2.56955e-02 
 1.50000e+02  2.60192e-02 
 1.50500e+02  2.63249e-02 
 1.51000e+02  2.60254e-02 
 1.51500e+02  2.58662e-02 
 1.52000e+02  2.55337e-02 
 1.52500e+02  2.53789e-02 
 1.53000e+02  2.49233e-02 
 1.53500e+02  2.47403e-02 
 1.54000e+02  2.53963e-02 
 1.54500e+02  2.51504e-02 
 1.55000e+02  2.52357e-02 
 1.55500e+02  2.58244e-02 
 1.56000e+02  2.56009e-02 
 1.56500e+02  2.58604e-02 
 1.57000e+02  2.61028e-02 
 1.57500e+02  2.57591e-02 
 1.58000e+02  2.59896e-02 
 1.58500e+02  2.54878e-02 
 1.59000e+02  2.58577e-02 
 1.59500e+02  2.57394e-02 
 1.60000e+02  2.52371e-02 
 1.60500e+02  2.58253e-02 
 1.61000e+02  2.55882e-02 
 1.61500e+02  2.54119e-02 
 1.62000e+02  2.58471e-02 
 1.62500e+02  2.62361e-02 
 1.63000e+02  2.58849e-02 
 1.63500e+02  2.55141e-02 
 1.64000e+02  2.56765e-02 
 1.64500e+02  2.54580e-02 
 1.65000e+02  2.53854e-02 
 1.65500e+02  2.55183e-02 
 1.66000e+02  2.53950e-02 
 1.66500e+02  2.41149e-02 
 1.67000e+02  2.43837e-02 
 1.67500e+02  2.45768e-02 
 1.68000e+02  2.63042e-02 
 1.68500e+02  2.51584e-02 
 1.69000e+02  2.54438e-02 
 1.69500e+02  2.50023e-02 
 1.70000e+02  2.48508e-02 
 1.70500e+02  2.47659e-02 
 1.71000e+02  2.52003e-02 
 1.71500e+02  2.51912e-02 
 1.72000e+02  2.53079e-02 
 1.72500e+02  2.53130e-02 
 1.73000e+02  2.52008e-02 
 1.73500e+02  2.48726e-02 
 1.74000e+02  2.45837e-02 
 1.74500e+02  2.47519e-02 
 1.75000e+02  2.46280e-02 
 1.75500e+02  2.39423e-02 
 1.76000e+02  2.43970e-02 
 1.76500e+02  2.41518e-02 
 1.77000e+02  2.48836e-02 
 1.77500e+02  2.46598e-02 
 1.78000e+02  2.46940e-02 
 1.78500e+02  2.47002e-02 
 1.79000e+02  2.43297e-02 
 1.79500e+02  2.41837e-02 
 1.80000e+02  2.42809e-02 
 1.80500e+02  2.40591e-02 
 1.81000e+02  2.37907e-02 
 1.81500e+02  2.40418e-02 
 1.82000e+02  2.33608e-02 
 1.82500e+02  2.32038e-02 
 1.83000e+02  2.27626e-02 
 1.83500e+02  2.27826e-02 
 1.84000e+02  2.27989e-02 
 1.84500e+02  2.19312e-02 
 1.85000e+02  2.24492e-02 
 1.85500e+02  2.23729e-02 
 1.86000e+02  2.20648e-02 
 1.86500e+02  2.14856e-02 
 1.87000e+02  2.18017e-02 
 1.87500e+02  2.13844e-02 
 1.88000e+02  2.10627e-02 
 1.88500e+02  2.16833e-02 
 1.89000e+02  2.12307e-02 
 1.89500e+02  2.12695e-02 
 1.90000e+02  2.13919e-02 
 1.90500e+02  2.10517e-02 
 1.91000e+02  2.04493e-02 
 1.91500e+02  2.03935e-02 
 1.92000e+02  1.97253e-02 
 1.92500e+02  1.91654e-02 
 1.93000e+02  1.92517e-02 
 1.93500e+02  1.96447e-02 
 1.94000e+02  1.84757e-02 
 1.94500e+02  1.87297e-02 
 1.95000e+02  1.86736e-02 
 1.95500e+02  1.82900e-02 
 1.96000e+02  1.82144e-02 
 1.96500e+02  1.78274e-02 
 1.97000e+02  1.75384e-02 
 1.97500e+02  1.76367e-02 
 1.98000e+02  1.75490e-02 
 1.98500e+02  1.72303e-02 
 1.99000e+02  1.67820e-02 
 1.99500e+02  1.61153e-02 
 2.00000e+02  1.58993e-02 
 2.00500e+02  1.52885e-02 
 2.01000e+02  1.49817e-02 
 2.01500e+02  1.46292e-02 
 2.02000e+02  1.44123e-02 
 2.02500e+02  1.39803e-02 
 2.03000e+02  1.33770e-02 
 2.03500e+02  1.29562e-02 
 2.04000e+02  1.28000e-02 
 2.04500e+02  1.27668e-02 
 2.05000e+02  1.23592e-02 
 2.05500e+02  1.21860e-02 
 2.06000e+02  1.18229e-02 
 2.06500e+02  1.13976e-02 
 2.07000e+02  1.13002e-02 
 2.07500e+02  1.08847e-02 
 2.08000e+02  1.07241e-02 
 2.08500e+02  1.08333e-02 
 2.09000e+02  1.04336e-02 
 2.09500e+02  1.02660e-02 
 2.10000e+02  1.03078e-02 
 2.10500e+02  1.00838e-02 
 2.11000e+02  9.67278e-03 
 2.11500e+02  9.58330e-03 
 2.12000e+02  9.52182e-03 
 2.12500e+02  9.66836e-03 
 2.13000e+02  9.67671e-03 
 2.13500e+02  9.58805e-03 
 2.14000e+02  9.25455e-03 
 2.14500e+02  9.03422e-03 
 2.15000e+02  9.02314e-03 
 2.15500e+02  8.86284e-03 
 2.16000e+02  8.83487e-03 
 2.16500e+02  8.63006e-03 
 2.17000e+02  8.50158e-03 
 2.17500e+02  8.44892e-03 
 2.18000e+02  8.64378e-03 
 2.18500e+02  8.60219e-03 
 2.19000e+02  8.52967e-03 
 2.19500e+02  8.42250e-03 
 2.20000e+02  8.44699e-03 
 2.20500e+02  8.49444e-03 
 2.21000e+02  8.46527e-03 
 2.21500e+02  8.45278e-03 
 2.22000e+02  8.31060e-03 
 2.22500e+02  8.41881e-03 
 2.23000e+02  8.26245e-03 
 2.23500e+02  8.14756e-03 
 2.24000e+02  7.93069e-03 
 2.24500e+02  8.10148e-03 
 2.25000e+02  7.99227e-03 
 2.25500e+02  8.12882e-03 
 2.26000e+02  8.17070e-03 
 2.26500e+02  7.95605e-03 
 2.27000e+02  7.83417e-03 
 2.27500e+02  7.84486e-03 
 2.28000e+02  7.77694e-03 
 2.28500e+02  7.76291e-03 
 2.29000e+02  7.45774e-03 
 2.29500e+02  7.48031e-03 
 2.30000e+02  7.40765e-03 
 2.30500e+02  7.40182e-03 
 2.31000e+02  7.31081e-03 
 2.31500e+02  7.32284e-03 
 2.32000e+02  7.21209e-03 
 2.32500e+02  7.21188e-03 
 2.33000e+02  7.17120e-03 
 2.33500e+02  6.99490e-03 
 2.34000e+02  7.02964e-03 
 2.34500e+02  7.08228e-03 
 2.35000e+02  6.99586e-03 
 2.35500e+02  6.87430e-03 
 2.36000e+02  6.66672e-03 
 2.36500e+02  6.73458e-03 
 2.37000e+02  6.75534e-03 
 2.37500e+02  6.59154e-03 
 2.38000e+02  6.48261e-03 
 2.38500e+02  6.38572e-03 
 2.39000e+02  6.43832e-03 
 2.39500e+02  6.26609e-03 
 2.40000e+02  6.24374e-03 
 2.40500e+02  6.18526e-03 
 2.41000e+02  5.95850e-03 
 2.41500e+02  6.00231e-03 
 2.42000e+02  5.79637e-03 
 2.42500e+02  5.66435e-03 
 2.43000e+02  5.60896e-03 
 2.43500e+02  5.61590e-03 
 2.44000e+02  5.55854e-03 
 2.44500e+02  5.47649e-03 
 2.45000e+02  5.27477e-03 
 2.45500e+02  5.15711e-03 
 2.46000e+02  5.04918e-03 
 2.46500e+02  4.98888e-03 
 2.47000e+02  4.89703e-03 
 2.47500e+02  4.74839e-03 
 2.48000e+02  4.66322e-03 
 2.48500e+02  4.60892e-03 
 2.49000e+02  4.52046e-03 
 2.49500e+02  4.41158e-03 
 2.50000e+02  4.34283e-03 
 2.50500e+02  4.25442e-03 
 2.51000e+02  4.18680e-03 
 2.51500e+02  4.12737e-03 
 2.52000e+02  4.02915e-03 
 2.52500e+02  3.91514e-03 
 2.53000e+02  3.86176e-03 
 2.53500e+02  3.79203e-03 
 2.54000e+02  3.70544e-03 
 2.54500e+02  3.59487e-03 
 2.55000e+02  3.54867e-03 
 2.55500e+02  3.46705e-03 
 2.56000e+02  3.42321e-03 
 2.56500e+02  3.34538e-03 
 2.57000e+02  3.23395e-03 
 2.57500e+02  3.14506e-03 
 2.58000e+02  3.08338e-03 
 2.58500e+02  3.01035e-03 
 2.59000e+02  2.94148e-03 
 2.59500e+02  2.87111e-03 
 2.60000e+02  2.85366e-03 
 2.60500e+02  2.75847e-03 
 2.61000e+02  2.70092e-03 
 2.61500e+02  2.62006e-03 
 2.62000e+02  2.57332e-03 
 2.62500e+02  2.53435e-03 
 2.63000e+02  2.47740e-03 
 2.63500e+02  2.40982e-03 
 2.64000e+02  2.36102e-03 
 2.64500e+02  2.31618e-03 
 2.65000e+02  2.24698e-03 
 2.65500e+02  2.23140e-03 
 2.66000e+02  2.19445e-03 
 2.66500e+02  2.14143e-03 
 2.67000e+02  2.10254e-03 
 2.67500e+02  2.07268e-03 
 2.68000e+02  2.01684e-03 
 2.68500e+02  2.00434e-03 
 2.69000e+02  1.96982e-03 
 2.69500e+02  1.93553e-03 
 2.70000e+02  1.90871e-03 
 2.70500e+02  1.87571e-03 
 2.71000e+02  1.84856e-03 
 2.71500e+02  1.81005e-03 
 2.72000e+02  1.77995e-03 
 2.72500e+02  1.75261e-03 
 2.73000e+02  1.72413e-03 
 2.73500e+02  1.68704e-03 
 2.74000e+02  1.69092e-03 
 2.74500e+02  1.65454e-03 
 2.75000e+02  1.63442e-03 
 2.75500e+02  1.61680e-03 
 2.76000e+02  1.58864e-03 
 2.76500e+02  1.56287e-03 
 2.77000e+02  1.53189e-03 
 2.77500e+02  1.52314e-03 
 2.78000e+02  1.50014e-03 
 2.78500e+02  1.47870e-03 
 2.79000e+02  1.46106e-03 
 2.79500e+02  1.44151e-03 
 2.80000e+02  1.41734e-03 
 2.80500e+02  1.39541e-03 
 2.81000e+02  1.39285e-03 
 2.81500e+02  1.37988e-03 
 2.82000e+02  1.35814e-03 
 2.82500e+02  1.34585e-03 
 2.83000e+02  1.32458e-03 
 2.83500e+02  1.31567e-03 
 2.84000e+02  1.29658e-03 
 2.84500e+02  1.27480e-03 
 2.85000e+02  1.24827e-03 
 2.85500e+02  1.23937e-03 
 2.86000e+02  1.22797e-03 
 2.86500e+02  1.21834e-03 
 2.87000e+02  1.21042e-03 
 2.87500e+02  1.18443e-03 
 2.88000e+02  1.17420e-03 
 2.88500e+02  1.17299e-03 
 2.89000e+02  1.15581e-03 
 2.89500e+02  1.15322e-03 
 2.90000e+02  1.13970e-03 
 2.90500e+02  1.12825e-03 
 2.91000e+02  1.10955e-03 
 2.91500e+02  1.09538e-03 
 2.92000e+02  1.09505e-03 
 2.92500e+02  1.08269e-03 
 2.93000e+02  1.07540e-03 
 2.93500e+02  1.06428e-03 
 2.94000e+02  1.05434e-03 
 2.94500e+02  1.04166e-03 
 2.95000e+02  1.03455e-03 
 2.95500e+02  1.02387e-03 
 2.96000e+02  1.01639e-03 
 2.96500e+02  1.00291e-03 
 2.97000e+02  9.88608e-04 
 2.97500e+02  9.85472e-04 
 2.98000e+02  9.82712e-04 
 2.98500e+02  9.69176e-04 
 2.99000e+02  9.61048e-04 
 2.99500e+02  9.49104e-04 
 3.00000e+02  9.41144e-04 
 3.00500e+02  9.37176e-04 
 3.01000e+02  9.26392e-04 
 3.01500e+02  9.20536e-04 
 3.02000e+02  9.07760e-04 
 3.02500e+02  9.02416e-04 
 3.03000e+02  8.94424e-04 
 3.03500e+02  8.89176e-04 
 3.04000e+02  8.78144e-04 
 3.04500e+02  8.74552e-04 
 3.05000e+02  8.70032e-04 
 3.05500e+02  8.60336e-04 
 3.06000e+02  8.54384e-04 
 3.06500e+02  8.45464e-04 
 3.07000e+02  8.38968e-04 
 3.07500e+02  8.36808e-04 
 3.08000e+02  8.31664e-04 
 3.08500e+02  8.24520e-04 
 3.09000e+02  8.15552e-04 
 3.09500e+02  8.09720e-04 
 3.10000e+02  8.02088e-04 
 3.10500e+02  8.03744e-04 
 3.11000e+02  7.97304e-04 
 3.11500e+02  7.92720e-04 
 3.12000e+02  7.85168e-04 
 3.12500e+02  7.74712e-04 
 3.13000e+02  7.66176e-04 
 3.13500e+02  7.64384e-04 
 3.14000e+02  7.58384e-04 
 3.14500e+02  7.56824e-04 
 3.15000e+02  7.50232e-04 
 3.15500e+02  7.44896e-04 
 3.16000e+02  7.41992e-04 
 3.16500e+02  7.38448e-04 
 3.17000e+02  7.30096e-04 
 3.17500e+02  7.26432e-04 
 3.18000e+02  7.26464e-04 
 3.18500e+02  7.23024e-04 
 3.19000e+02  7.13832e-04 
 3.19500e+02  7.08664e-04 
