 0.00000e+00  6.96006e-04 
 5.00000e-01  7.00213e-04 
 1.00000e+00  7.01525e-04 
 1.50000e+00  7.02341e-04 
 2.00000e+00  7.11917e-04 
 2.50000e+00  7.24236e-04 
 3.00000e+00  7.24420e-04 
 3.50000e+00  7.29724e-04 
 4.00000e+00  7.35588e-04 
 4.50000e+00  7.31252e-04 
 5.00000e+00  7.42724e-04 
 5.50000e+00  7.42564e-04 
 6.00000e+00  7.48868e-04 
 6.50000e+00  7.55891e-04 
 7.00000e+00  7.59491e-04 
 7.50000e+00  7.66043e-04 
 8.00000e+00  7.78738e-04 
 8.50000e+00  7.87170e-04 
 9.00000e+00  7.89090e-04 
 9.50000e+00  7.91890e-04 
 1.00000e+01  7.97258e-04 
 1.05000e+01  8.07345e-04 
 1.10000e+01  8.12649e-04 
 1.15000e+01  8.16817e-04 
 1.20000e+01  8.28537e-04 
 1.25000e+01  8.29464e-04 
 1.30000e+01  8.34288e-04 
 1.35000e+01  8.47528e-04 
 1.40000e+01  8.54232e-04 
 1.45000e+01  8.59751e-04 
 1.50000e+01  8.66295e-04 
 1.55000e+01  8.75767e-04 
 1.60000e+01  8.83086e-04 
 1.65000e+01  8.82062e-04 
 1.70000e+01  8.90878e-04 
 1.75000e+01  8.94062e-04 
 1.80000e+01  9.06070e-04 
 1.85000e+01  9.20893e-04 
 1.90000e+01  9.36260e-04 
 1.95000e+01  9.35036e-04 
 2.00000e+01  9.41916e-04 
 2.05000e+01  9.59924e-04 
 2.10000e+01  9.66755e-04 
 2.15000e+01  9.63923e-04 
 2.20000e+01  9.79243e-04 
 2.25000e+01  9.88802e-04 
 2.30000e+01  1.00549e-03 
 2.35000e+01  1.01387e-03 
 2.40000e+01  1.03015e-03 
 2.45000e+01  1.03273e-03 
 2.50000e+01  1.03698e-03 
 2.55000e+01  1.03830e-03 
 2.60000e+01  1.04607e-03 
 2.65000e+01  1.06119e-03 
 2.70000e+01  1.08057e-03 
 2.75000e+01  1.08557e-03 
 2.80000e+01  1.09589e-03 
 2.85000e+01  1.10725e-03 
 2.90000e+01  1.11565e-03 
 2.95000e+01  1.12327e-03 
 3.00000e+01  1.13825e-03 
 3.05000e+01  1.16436e-03 
 3.10000e+01  1.16945e-03 
 3.15000e+01  1.17028e-03 
 3.20000e+01  1.18895e-03 
 3.25000e+01  1.20040e-03 
 3.30000e+01  1.22182e-03 
 3.35000e+01  1.23196e-03 
 3.40000e+01  1.23724e-03 
 3.45000e+01  1.25632e-03 
 3.50000e+01  1.28443e-03 
 3.55000e+01  1.30145e-03 
 3.60000e+01  1.31298e-03 
 3.65000e+01  1.32201e-03 
 3.70000e+01  1.33289e-03 
 3.75000e+01  1.33924e-03 
 3.80000e+01  1.35312e-03 
 3.85000e+01  1.38242e-03 
 3.90000e+01  1.40074e-03 
 3.95000e+01  1.41727e-03 
 4.00000e+01  1.42576e-03 
 4.05000e+01  1.45802e-03 
 4.10000e+01  1.48328e-03 
 4.15000e+01  1.50430e-03 
 4.20000e+01  1.51710e-03 
 4.25000e+01  1.53605e-03 
 4.30000e+01  1.57495e-03 
 4.35000e+01  1.59920e-03 
 4.40000e+01  1.63054e-03 
 4.45000e+01  1.64836e-03 
 4.50000e+01  1.66792e-03 
 4.55000e+01  1.68758e-03 
 4.60000e+01  1.72277e-03 
 4.65000e+01  1.74085e-03 
 4.70000e+01  1.78929e-03 
 4.75000e+01  1.81004e-03 
 4.80000e+01  1.81917e-03 
 4.85000e+01  1.84980e-03 
 4.90000e+01  1.89026e-03 
 4.95000e+01  1.92715e-03 
 5.00000e+01  1.95521e-03 
 5.05000e+01  1.97840e-03 
 5.10000e+01  2.02328e-03 
 5.15000e+01  2.06106e-03 
 5.20000e+01  2.09734e-03 
 5.25000e+01  2.13669e-03 
 5.30000e+01  2.18042e-03 
 5.35000e+01  2.23581e-03 
 5.40000e+01  2.28794e-03 
 5.45000e+01  2.32785e-03 
 5.50000e+01  2.37825e-03 
 5.55000e+01  2.41943e-03 
 5.60000e+01  2.46751e-03 
 5.65000e+01  2.54100e-03 
 5.70000e+01  2.59862e-03 
 5.75000e+01  2.64184e-03 
 5.80000e+01  2.70177e-03 
 5.85000e+01  2.74945e-03 
 5.90000e+01  2.84071e-03 
 5.95000e+01  2.89093e-03 
 6.00000e+01  2.94631e-03 
 6.05000e+01  2.99106e-03 
 6.10000e+01  3.03600e-03 
 6.15000e+01  3.13738e-03 
 6.20000e+01  3.22927e-03 
 6.25000e+01  3.28740e-03 
 6.30000e+01  3.38587e-03 
 6.35000e+01  3.45871e-03 
 6.40000e+01  3.50083e-03 
 6.45000e+01  3.56402e-03 
 6.50000e+01  3.63929e-03 
 6.55000e+01  3.76220e-03 
 6.60000e+01  3.88460e-03 
 6.65000e+01  4.01926e-03 
 6.70000e+01  4.09193e-03 
 6.75000e+01  4.15314e-03 
 6.80000e+01  4.23110e-03 
 6.85000e+01  4.32612e-03 
 6.90000e+01  4.44964e-03 
 6.95000e+01  4.50718e-03 
 7.00000e+01  4.67278e-03 
 7.05000e+01  4.65131e-03 
 7.10000e+01  4.74826e-03 
 7.15000e+01  4.86210e-03 
 7.20000e+01  4.91100e-03 
 7.25000e+01  5.00593e-03 
 7.30000e+01  5.09685e-03 
 7.35000e+01  5.28186e-03 
 7.40000e+01  5.32786e-03 
 7.45000e+01  5.36577e-03 
 7.50000e+01  5.54145e-03 
 7.55000e+01  5.57651e-03 
 7.60000e+01  5.76547e-03 
 7.65000e+01  5.71717e-03 
 7.70000e+01  5.84420e-03 
 7.75000e+01  5.83275e-03 
 7.80000e+01  5.99891e-03 
 7.85000e+01  6.11790e-03 
 7.90000e+01  6.33342e-03 
 7.95000e+01  6.39487e-03 
 8.00000e+01  6.41464e-03 
 8.05000e+01  6.55136e-03 
 8.10000e+01  6.58099e-03 
 8.15000e+01  6.63765e-03 
 8.20000e+01  6.72222e-03 
 8.25000e+01  6.63199e-03 
 8.30000e+01  6.63484e-03 
 8.35000e+01  6.72857e-03 
 8.40000e+01  6.90955e-03 
 8.45000e+01  6.86906e-03 
 8.50000e+01  6.95629e-03 
 8.55000e+01  7.07545e-03 
 8.60000e+01  7.11468e-03 
 8.65000e+01  7.14631e-03 
 8.70000e+01  7.31115e-03 
 8.75000e+01  7.38110e-03 
 8.80000e+01  7.54730e-03 
 8.85000e+01  7.62619e-03 
 8.90000e+01  7.66651e-03 
 8.95000e+01  7.62384e-03 
 9.00000e+01  7.58110e-03 
 9.05000e+01  7.47916e-03 
 9.10000e+01  7.68996e-03 
 9.15000e+01  7.80135e-03 
 9.20000e+01  7.82797e-03 
 9.25000e+01  7.76829e-03 
 9.30000e+01  7.90258e-03 
 9.35000e+01  8.19564e-03 
 9.40000e+01  8.15635e-03 
 9.45000e+01  8.02050e-03 
 9.50000e+01  8.05905e-03 
 9.55000e+01  8.06969e-03 
 9.60000e+01  8.04182e-03 
 9.65000e+01  8.12737e-03 
 9.70000e+01  8.35633e-03 
 9.75000e+01  8.36154e-03 
 9.80000e+01  8.61534e-03 
 9.85000e+01  8.38255e-03 
 9.90000e+01  8.62670e-03 
 9.95000e+01  8.68365e-03 
 1.00000e+02  8.70222e-03 
 1.00500e+02  8.82621e-03 
 1.01000e+02  8.83423e-03 
 1.01500e+02  8.96881e-03 
 1.02000e+02  8.86946e-03 
 1.02500e+02  8.96843e-03 
 1.03000e+02  8.95431e-03 
 1.03500e+02  9.07238e-03 
 1.04000e+02  9.05887e-03 
 1.04500e+02  9.28396e-03 
 1.05000e+02  9.30887e-03 
 1.05500e+02  9.69102e-03 
 1.06000e+02  9.57526e-03 
 1.06500e+02  9.59872e-03 
 1.07000e+02  9.97357e-03 
 1.07500e+02  9.98525e-03 
 1.08000e+02  1.00419e-02 
 1.08500e+02  1.00785e-02 
 1.09000e+02  1.03817e-02 
 1.09500e+02  1.05367e-02 
 1.10000e+02  1.08861e-02 
 1.10500e+02  1.10134e-02 
 1.11000e+02  1.12136e-02 
 1.11500e+02  1.12004e-02 
 1.12000e+02  1.15295e-02 
 1.12500e+02  1.17263e-02 
 1.13000e+02  1.20480e-02 
 1.13500e+02  1.19060e-02 
 1.14000e+02  1.22978e-02 
 1.14500e+02  1.30496e-02 
 1.15000e+02  1.36814e-02 
 1.15500e+02  1.44087e-02 
 1.16000e+02  1.43812e-02 
 1.16500e+02  1.44871e-02 
 1.17000e+02  1.50439e-02 
 1.17500e+02  1.48251e-02 
 1.18000e+02  1.55617e-02 
 1.18500e+02  1.59797e-02 
 1.19000e+02  1.63640e-02 
 1.19500e+02  1.63683e-02 
 1.20000e+02  1.71740e-02 
 1.20500e+02  1.73664e-02 
 1.21000e+02  1.70627e-02 
 1.21500e+02  1.74680e-02 
 1.22000e+02  1.78215e-02 
 1.22500e+02  1.83464e-02 
 1.23000e+02  1.87940e-02 
 1.23500e+02  1.94880e-02 
 1.24000e+02  1.93573e-02 
 1.24500e+02  1.92958e-02 
 1.25000e+02  1.87953e-02 
 1.25500e+02  1.96231e-02 
 1.26000e+02  1.98155e-02 
 1.26500e+02  1.99209e-02 
 1.27000e+02  2.01889e-02 
 1.27500e+02  2.02708e-02 
 1.28000e+02  2.04781e-02 
 1.28500e+02  2.09697e-02 
 1.29000e+02  2.11961e-02 
 1.29500e+02  2.14252e-02 
 1.30000e+02  2.15459e-02 
 1.30500e+02  2.21617e-02 
 1.31000e+02  2.21531e-02 
 1.31500e+02  2.23222e-02 
 1.32000e+02  2.27225e-02 
 1.32500e+02  2.33821e-02 
 1.33000e+02  2.34856e-02 
 1.33500e+02  2.27878e-02 
 1.34000e+02  2.31926e-02 
 1.34500e+02  2.33026e-02 
 1.35000e+02  2.35309e-02 
 1.35500e+02  2.39003e-02 
 1.36000e+02  2.41912e-02 
 1.36500e+02  2.40245e-02 
 1.37000e+02  2.46669e-02 
 1.37500e+02  2.41929e-02 
 1.38000e+02  2.45665e-02 
 1.38500e+02  2.40105e-02 
 1.39000e+02  2.44127e-02 
 1.39500e+02  2.43596e-02 
 1.40000e+02  2.42044e-02 
 1.40500e+02  2.48063e-02 
 1.41000e+02  2.42382e-02 
 1.41500e+02  2.42706e-02 
 1.42000e+02  2.49814e-02 
 1.42500e+02  2.54656e-02 
 1.43000e+02  2.50034e-02 
 1.43500e+02  2.52770e-02 
 1.44000e+02  2.51178e-02 
 1.44500e+02  2.50533e-02 
 1.45000e+02  2.50198e-02 
 1.45500e+02  2.56546e-02 
 1.46000e+02  2.52005e-02 
 1.46500e+02  2.49872e-02 
 1.47000e+02  2.54977e-02 
 1.47500e+02  2.52493e-02 
 1.48000e+02  2.59610e-02 
 1.48500e+02  2.56839e-02 
 1.49000e+02  2.54949e-02 
 1.49500e+02  2.52309e-02 
 1.50000e+02  2.57803e-02 
 1.50500e+02  2.60837e-02 
 1.51000e+02  2.61826e-02 
 1.51500e+02  2.62724e-02 
 1.52000e+02  2.58303e-02 
 1.52500e+02  2.59251e-02 
 1.53000e+02  2.56226e-02 
 1.53500e+02  2.60116e-02 
 1.54000e+02  2.60512e-02 
 1.54500e+02  2.57865e-02 
 1.55000e+02  2.53958e-02 
 1.55500e+02  2.54603e-02 
 1.56000e+02  2.56331e-02 
 1.56500e+02  2.55108e-02 
 1.57000e+02  2.54125e-02 
 1.57500e+02  2.59834e-02 
 1.58000e+02  2.61082e-02 
 1.58500e+02  2.58433e-02 
 1.59000e+02  2.56340e-02 
 1.59500e+02  2.51426e-02 
 1.60000e+02  2.53371e-02 
 1.60500e+02  2.60391e-02 
 1.61000e+02  2.57747e-02 
 1.61500e+02  2.59385e-02 
 1.62000e+02  2.57816e-02 
 1.62500e+02  2.58316e-02 
 1.63000e+02  2.57227e-02 
 1.63500e+02  2.56482e-02 
 1.64000e+02  2.55121e-02 
 1.64500e+02  2.61344e-02 
 1.65000e+02  2.55006e-02 
 1.65500e+02  2.65906e-02 
 1.66000e+02  2.63009e-02 
 1.66500e+02  2.61778e-02 
 1.67000e+02  2.60479e-02 
 1.67500e+02  2.55576e-02 
 1.68000e+02  2.58866e-02 
 1.68500e+02  2.51025e-02 
 1.69000e+02  2.48959e-02 
 1.69500e+02  2.47683e-02 
 1.70000e+02  2.47813e-02 
 1.70500e+02  2.57800e-02 
 1.71000e+02  2.55324e-02 
 1.71500e+02  2.53740e-02 
 1.72000e+02  2.55402e-02 
 1.72500e+02  2.56964e-02 
 1.73000e+02  2.48715e-02 
 1.73500e+02  2.49940e-02 
 1.74000e+02  2.56083e-02 
 1.74500e+02  2.50040e-02 
 1.75000e+02  2.46892e-02 
 1.75500e+02  2.43139e-02 
 1.76000e+02  2.42568e-02 
 1.76500e+02  2.40529e-02 
 1.77000e+02  2.43453e-02 
 1.77500e+02  2.39121e-02 
 1.78000e+02  2.48795e-02 
 1.78500e+02  2.42636e-02 
 1.79000e+02  2.52799e-02 
 1.79500e+02  2.40646e-02 
 1.80000e+02  2.43986e-02 
 1.80500e+02  2.38832e-02 
 1.81000e+02  2.32796e-02 
 1.81500e+02  2.37190e-02 
 1.82000e+02  2.36516e-02 
 1.82500e+02  2.36934e-02 
 1.83000e+02  2.33419e-02 
 1.83500e+02  2.33000e-02 
 1.84000e+02  2.30482e-02 
 1.84500e+02  2.31259e-02 
 1.85000e+02  2.29532e-02 
 1.85500e+02  2.23965e-02 
 1.86000e+02  2.22076e-02 
 1.86500e+02  2.24744e-02 
 1.87000e+02  2.21182e-02 
 1.87500e+02  2.20729e-02 
 1.88000e+02  2.21090e-02 
 1.88500e+02  2.19118e-02 
 1.89000e+02  2.15637e-02 
 1.89500e+02  2.16085e-02 
 1.90000e+02  2.16420e-02 
 1.90500e+02  2.14184e-02 
 1.91000e+02  2.13854e-02 
 1.91500e+02  2.05887e-02 
 1.92000e+02  2.06352e-02 
 1.92500e+02  2.00674e-02 
 1.93000e+02  2.02541e-02 
 1.93500e+02  1.98585e-02 
 1.94000e+02  1.94244e-02 
 1.94500e+02  1.90484e-02 
 1.95000e+02  1.96401e-02 
 1.95500e+02  1.92110e-02 
 1.96000e+02  1.83233e-02 
 1.96500e+02  1.79878e-02 
 1.97000e+02  1.77456e-02 
 1.97500e+02  1.70676e-02 
 1.98000e+02  1.67107e-02 
 1.98500e+02  1.62486e-02 
 1.99000e+02  1.57214e-02 
 1.99500e+02  1.57126e-02 
 2.00000e+02  1.57072e-02 
 2.00500e+02  1.54354e-02 
 2.01000e+02  1.49072e-02 
 2.01500e+02  1.43436e-02 
 2.02000e+02  1.41516e-02 
 2.02500e+02  1.35514e-02 
 2.03000e+02  1.37266e-02 
 2.03500e+02  1.32695e-02 
 2.04000e+02  1.30223e-02 
 2.04500e+02  1.29096e-02 
 2.05000e+02  1.26394e-02 
 2.05500e+02  1.23521e-02 
 2.06000e+02  1.18956e-02 
 2.06500e+02  1.14361e-02 
 2.07000e+02  1.12865e-02 
 2.07500e+02  1.08600e-02 
 2.08000e+02  1.10920e-02 
 2.08500e+02  1.08277e-02 
 2.09000e+02  1.02682e-02 
 2.09500e+02  1.01374e-02 
 2.10000e+02  9.91082e-03 
 2.10500e+02  9.85192e-03 
 2.11000e+02  9.83632e-03 
 2.11500e+02  9.60565e-03 
 2.12000e+02  9.84023e-03 
 2.12500e+02  9.67968e-03 
 2.13000e+02  9.54693e-03 
 2.13500e+02  9.40243e-03 
 2.14000e+02  9.69354e-03 
 2.14500e+02  9.43464e-03 
 2.15000e+02  9.36733e-03 
 2.15500e+02  9.21407e-03 
 2.16000e+02  9.11749e-03 
 2.16500e+02  9.33119e-03 
 2.17000e+02  9.03680e-03 
 2.17500e+02  8.80574e-03 
 2.18000e+02  8.89674e-03 
 2.18500e+02  8.86518e-03 
 2.19000e+02  9.00102e-03 
 2.19500e+02  8.96288e-03 
 2.20000e+02  8.76454e-03 
 2.20500e+02  8.70260e-03 
 2.21000e+02  8.76415e-03 
 2.21500e+02  8.74361e-03 
 2.22000e+02  8.46194e-03 
 2.22500e+02  8.43634e-03 
 2.23000e+02  8.39332e-03 
 2.23500e+02  8.30812e-03 
 2.24000e+02  8.21040e-03 
 2.24500e+02  8.29654e-03 
 2.25000e+02  8.09206e-03 
 2.25500e+02  8.22950e-03 
 2.26000e+02  8.28655e-03 
 2.26500e+02  8.19635e-03 
 2.27000e+02  8.10672e-03 
 2.27500e+02  7.94498e-03 
 2.28000e+02  8.03682e-03 
 2.28500e+02  7.90389e-03 
 2.29000e+02  7.72363e-03 
 2.29500e+02  7.75679e-03 
 2.30000e+02  7.58378e-03 
 2.30500e+02  7.50558e-03 
 2.31000e+02  7.37836e-03 
 2.31500e+02  7.31923e-03 
 2.32000e+02  7.26344e-03 
 2.32500e+02  7.31241e-03 
 2.33000e+02  7.33499e-03 
 2.33500e+02  7.20004e-03 
 2.34000e+02  7.20865e-03 
 2.34500e+02  7.07673e-03 
 2.35000e+02  7.04934e-03 
 2.35500e+02  7.04393e-03 
 2.36000e+02  6.73464e-03 
 2.36500e+02  6.77749e-03 
 2.37000e+02  6.68980e-03 
 2.37500e+02  6.60817e-03 
 2.38000e+02  6.53585e-03 
 2.38500e+02  6.61807e-03 
 2.39000e+02  6.47162e-03 
 2.39500e+02  6.32779e-03 
 2.40000e+02  6.23236e-03 
 2.40500e+02  6.11038e-03 
 2.41000e+02  6.08568e-03 
 2.41500e+02  6.06008e-03 
 2.42000e+02  5.95744e-03 
 2.42500e+02  5.90034e-03 
 2.43000e+02  5.85163e-03 
 2.43500e+02  5.74097e-03 
 2.44000e+02  5.57965e-03 
 2.44500e+02  5.46928e-03 
 2.45000e+02  5.40091e-03 
 2.45500e+02  5.25660e-03 
 2.46000e+02  5.15524e-03 
 2.46500e+02  5.10829e-03 
 2.47000e+02  4.99374e-03 
 2.47500e+02  4.91138e-03 
 2.48000e+02  4.81842e-03 
 2.48500e+02  4.76771e-03 
 2.49000e+02  4.67957e-03 
 2.49500e+02  4.54856e-03 
 2.50000e+02  4.48657e-03 
 2.50500e+02  4.37180e-03 
 2.51000e+02  4.25549e-03 
 2.51500e+02  4.20089e-03 
 2.52000e+02  4.09413e-03 
 2.52500e+02  4.00276e-03 
 2.53000e+02  3.90935e-03 
 2.53500e+02  3.87128e-03 
 2.54000e+02  3.78706e-03 
 2.54500e+02  3.66912e-03 
 2.55000e+02  3.59930e-03 
 2.55500e+02  3.50852e-03 
 2.56000e+02  3.40781e-03 
 2.56500e+02  3.34728e-03 
 2.57000e+02  3.28228e-03 
 2.57500e+02  3.21221e-03 
 2.58000e+02  3.14569e-03 
 2.58500e+02  3.05092e-03 
 2.59000e+02  2.98801e-03 
 2.59500e+02  2.92279e-03 
 2.60000e+02  2.86152e-03 
 2.60500e+02  2.79678e-03 
 2.61000e+02  2.72516e-03 
 2.61500e+02  2.63140e-03 
 2.62000e+02  2.57353e-03 
 2.62500e+02  2.52147e-03 
 2.63000e+02  2.48653e-03 
 2.63500e+02  2.43637e-03 
 2.64000e+02  2.39345e-03 
 2.64500e+02  2.33870e-03 
 2.65000e+02  2.29367e-03 
 2.65500e+02  2.26030e-03 
 2.66000e+02  2.23814e-03 
 2.66500e+02  2.18634e-03 
 2.67000e+02  2.12919e-03 
 2.67500e+02  2.08982e-03 
 2.68000e+02  2.05815e-03 
 2.68500e+02  2.02199e-03 
 2.69000e+02  2.00737e-03 
 2.69500e+02  1.95861e-03 
 2.70000e+02  1.91603e-03 
 2.70500e+02  1.88671e-03 
 2.71000e+02  1.86167e-03 
 2.71500e+02  1.83307e-03 
 2.72000e+02  1.81366e-03 
 2.72500e+02  1.78000e-03 
 2.73000e+02  1.75501e-03 
 2.73500e+02  1.70597e-03 
 2.74000e+02  1.67953e-03 
 2.74500e+02  1.64935e-03 
 2.75000e+02  1.63264e-03 
 2.75500e+02  1.61435e-03 
 2.76000e+02  1.60183e-03 
 2.76500e+02  1.58616e-03 
 2.77000e+02  1.55588e-03 
 2.77500e+02  1.52837e-03 
 2.78000e+02  1.50547e-03 
 2.78500e+02  1.48359e-03 
 2.79000e+02  1.47040e-03 
 2.79500e+02  1.44391e-03 
 2.80000e+02  1.42535e-03 
 2.80500e+02  1.40362e-03 
 2.81000e+02  1.38198e-03 
 2.81500e+02  1.36235e-03 
 2.82000e+02  1.35210e-03 
 2.82500e+02  1.33924e-03 
 2.83000e+02  1.31943e-03 
 2.83500e+02  1.30447e-03 
 2.84000e+02  1.29144e-03 
 2.84500e+02  1.28948e-03 
 2.85000e+02  1.27300e-03 
 2.85500e+02  1.26106e-03 
 2.86000e+02  1.23816e-03 
 2.86500e+02  1.22374e-03 
 2.87000e+02  1.21310e-03 
 2.87500e+02  1.20198e-03 
 2.88000e+02  1.19079e-03 
 2.88500e+02  1.16985e-03 
 2.89000e+02  1.16197e-03 
 2.89500e+02  1.15184e-03 
 2.90000e+02  1.13986e-03 
 2.90500e+02  1.12917e-03 
 2.91000e+02  1.11773e-03 
 2.91500e+02  1.10139e-03 
 2.92000e+02  1.08685e-03 
 2.92500e+02  1.06666e-03 
 2.93000e+02  1.05674e-03 
 2.93500e+02  1.05136e-03 
 2.94000e+02  1.04070e-03 
 2.94500e+02  1.03909e-03 
 2.95000e+02  1.02307e-03 
 2.95500e+02  1.01239e-03 
 2.96000e+02  9.99474e-04 
 2.96500e+02  9.93522e-04 
 2.97000e+02  9.88074e-04 
 2.97500e+02  9.82619e-04 
 2.98000e+02  9.82187e-04 
 2.98500e+02  9.67283e-04 
 2.99000e+02  9.63395e-04 
 2.99500e+02  9.51252e-04 
 3.00000e+02  9.35956e-04 
 3.00500e+02  9.25461e-04 
 3.01000e+02  9.15293e-04 
 3.01500e+02  9.11901e-04 
 3.02000e+02  9.05510e-04 
 3.02500e+02  9.00758e-04 
 3.03000e+02  8.99318e-04 
 3.03500e+02  8.86582e-04 
 3.04000e+02  8.80847e-04 
 3.04500e+02  8.71807e-04 
 3.05000e+02  8.62151e-04 
 3.05500e+02  8.61143e-04 
 3.06000e+02  8.53288e-04 
 3.06500e+02  8.48440e-04 
 3.07000e+02  8.40872e-04 
 3.07500e+02  8.37392e-04 
 3.08000e+02  8.29144e-04 
 3.08500e+02  8.22193e-04 
 3.09000e+02  8.15833e-04 
 3.09500e+02  8.13457e-04 
 3.10000e+02  7.98234e-04 
 3.10500e+02  7.98882e-04 
 3.11000e+02  7.90538e-04 
 3.11500e+02  7.83234e-04 
 3.12000e+02  7.83202e-04 
 3.12500e+02  7.78242e-04 
 3.13000e+02  7.78162e-04 
 3.13500e+02  7.73331e-04 
 3.14000e+02  7.69955e-04 
 3.14500e+02  7.58619e-04 
 3.15000e+02  7.50683e-04 
 3.15500e+02  7.48076e-04 
 3.16000e+02  7.43588e-04 
 3.16500e+02  7.36844e-04 
 3.17000e+02  7.42036e-04 
 3.17500e+02  7.33188e-04 
 3.18000e+02  7.25836e-04 
 3.18500e+02  7.21493e-04 
 3.19000e+02  7.13925e-04 
 3.19500e+02  7.09333e-04 
