 0.00000e+00  7.16448e-04 
 5.00000e-01  7.14000e-04 
 1.00000e+00  7.22992e-04 
 1.50000e+00  7.24864e-04 
 2.00000e+00  7.31624e-04 
 2.50000e+00  7.36808e-04 
 3.00000e+00  7.39104e-04 
 3.50000e+00  7.49560e-04 
 4.00000e+00  7.47304e-04 
 4.50000e+00  7.54048e-04 
 5.00000e+00  7.59712e-04 
 5.50000e+00  7.65752e-04 
 6.00000e+00  7.74248e-04 
 6.50000e+00  7.80416e-04 
 7.00000e+00  7.86336e-04 
 7.50000e+00  7.87984e-04 
 8.00000e+00  7.98112e-04 
 8.50000e+00  8.01792e-04 
 9.00000e+00  8.06400e-04 
 9.50000e+00  8.11472e-04 
 1.00000e+01  8.17112e-04 
 1.05000e+01  8.29232e-04 
 1.10000e+01  8.33184e-04 
 1.15000e+01  8.41720e-04 
 1.20000e+01  8.46928e-04 
 1.25000e+01  8.55400e-04 
 1.30000e+01  8.61696e-04 
 1.35000e+01  8.67600e-04 
 1.40000e+01  8.75352e-04 
 1.45000e+01  8.82752e-04 
 1.50000e+01  8.88768e-04 
 1.55000e+01  8.96544e-04 
 1.60000e+01  9.04896e-04 
 1.65000e+01  9.10304e-04 
 1.70000e+01  9.19952e-04 
 1.75000e+01  9.34536e-04 
 1.80000e+01  9.37208e-04 
 1.85000e+01  9.50744e-04 
 1.90000e+01  9.55568e-04 
 1.95000e+01  9.60904e-04 
 2.00000e+01  9.71408e-04 
 2.05000e+01  9.84080e-04 
 2.10000e+01  9.97920e-04 
 2.15000e+01  1.00003e-03 
 2.20000e+01  1.00974e-03 
 2.25000e+01  1.01506e-03 
 2.30000e+01  1.02952e-03 
 2.35000e+01  1.04366e-03 
 2.40000e+01  1.05366e-03 
 2.45000e+01  1.06206e-03 
 2.50000e+01  1.07094e-03 
 2.55000e+01  1.08751e-03 
 2.60000e+01  1.10393e-03 
 2.65000e+01  1.11326e-03 
 2.70000e+01  1.12321e-03 
 2.75000e+01  1.13919e-03 
 2.80000e+01  1.14926e-03 
 2.85000e+01  1.16556e-03 
 2.90000e+01  1.17734e-03 
 2.95000e+01  1.17816e-03 
 3.00000e+01  1.18830e-03 
 3.05000e+01  1.21096e-03 
 3.10000e+01  1.22404e-03 
 3.15000e+01  1.24137e-03 
 3.20000e+01  1.25244e-03 
 3.25000e+01  1.26744e-03 
 3.30000e+01  1.26760e-03 
 3.35000e+01  1.28110e-03 
 3.40000e+01  1.29850e-03 
 3.45000e+01  1.31046e-03 
 3.50000e+01  1.33766e-03 
 3.55000e+01  1.35351e-03 
 3.60000e+01  1.36982e-03 
 3.65000e+01  1.40033e-03 
 3.70000e+01  1.41706e-03 
 3.75000e+01  1.43118e-03 
 3.80000e+01  1.44891e-03 
 3.85000e+01  1.46356e-03 
 3.90000e+01  1.48555e-03 
 3.95000e+01  1.50218e-03 
 4.00000e+01  1.52724e-03 
 4.05000e+01  1.53678e-03 
 4.10000e+01  1.57356e-03 
 4.15000e+01  1.58242e-03 
 4.20000e+01  1.60533e-03 
 4.25000e+01  1.65202e-03 
 4.30000e+01  1.66092e-03 
 4.35000e+01  1.67346e-03 
 4.40000e+01  1.70014e-03 
 4.45000e+01  1.74009e-03 
 4.50000e+01  1.76817e-03 
 4.55000e+01  1.80054e-03 
 4.60000e+01  1.82326e-03 
 4.65000e+01  1.85062e-03 
 4.70000e+01  1.90902e-03 
 4.75000e+01  1.91945e-03 
 4.80000e+01  1.94290e-03 
 4.85000e+01  1.97875e-03 
 4.90000e+01  1.99324e-03 
 4.95000e+01  2.04853e-03 
 5.00000e+01  2.08115e-03 
 5.05000e+01  2.09887e-03 
 5.10000e+01  2.16011e-03 
 5.15000e+01  2.19249e-03 
 5.20000e+01  2.21609e-03 
 5.25000e+01  2.26914e-03 
 5.30000e+01  2.30919e-03 
 5.35000e+01  2.38501e-03 
 5.40000e+01  2.43273e-03 
 5.45000e+01  2.48062e-03 
 5.50000e+01  2.54765e-03 
 5.55000e+01  2.60230e-03 
 5.60000e+01  2.64173e-03 
 5.65000e+01  2.70195e-03 
 5.70000e+01  2.76193e-03 
 5.75000e+01  2.79939e-03 
 5.80000e+01  2.86606e-03 
 5.85000e+01  2.94802e-03 
 5.90000e+01  3.01170e-03 
 5.95000e+01  3.05661e-03 
 6.00000e+01  3.13582e-03 
 6.05000e+01  3.22462e-03 
 6.10000e+01  3.30551e-03 
 6.15000e+01  3.36854e-03 
 6.20000e+01  3.42558e-03 
 6.25000e+01  3.49719e-03 
 6.30000e+01  3.62177e-03 
 6.35000e+01  3.72602e-03 
 6.40000e+01  3.83269e-03 
 6.45000e+01  3.88782e-03 
 6.50000e+01  3.98520e-03 
 6.55000e+01  4.10454e-03 
 6.60000e+01  4.25541e-03 
 6.65000e+01  4.31346e-03 
 6.70000e+01  4.39328e-03 
 6.75000e+01  4.49058e-03 
 6.80000e+01  4.60773e-03 
 6.85000e+01  4.71083e-03 
 6.90000e+01  4.79448e-03 
 6.95000e+01  4.86682e-03 
 7.00000e+01  4.96498e-03 
 7.05000e+01  5.08502e-03 
 7.10000e+01  5.12378e-03 
 7.15000e+01  5.12718e-03 
 7.20000e+01  5.22097e-03 
 7.25000e+01  5.28794e-03 
 7.30000e+01  5.47862e-03 
 7.35000e+01  5.50612e-03 
 7.40000e+01  5.54514e-03 
 7.45000e+01  5.73762e-03 
 7.50000e+01  5.87137e-03 
 7.55000e+01  5.99159e-03 
 7.60000e+01  6.04609e-03 
 7.65000e+01  6.19898e-03 
 7.70000e+01  6.15964e-03 
 7.75000e+01  6.18358e-03 
 7.80000e+01  6.24861e-03 
 7.85000e+01  6.34863e-03 
 7.90000e+01  6.53408e-03 
 7.95000e+01  6.56626e-03 
 8.00000e+01  6.70944e-03 
 8.05000e+01  6.77954e-03 
 8.10000e+01  6.87098e-03 
 8.15000e+01  6.85322e-03 
 8.20000e+01  7.06135e-03 
 8.25000e+01  6.82338e-03 
 8.30000e+01  6.86810e-03 
 8.35000e+01  6.99692e-03 
 8.40000e+01  7.15862e-03 
 8.45000e+01  7.17938e-03 
 8.50000e+01  7.25246e-03 
 8.55000e+01  7.32193e-03 
 8.60000e+01  7.42819e-03 
 8.65000e+01  7.62465e-03 
 8.70000e+01  7.65806e-03 
 8.75000e+01  7.66854e-03 
 8.80000e+01  7.72604e-03 
 8.85000e+01  7.73810e-03 
 8.90000e+01  7.68888e-03 
 8.95000e+01  7.93518e-03 
 9.00000e+01  7.92782e-03 
 9.05000e+01  8.03454e-03 
 9.10000e+01  7.98659e-03 
 9.15000e+01  8.10541e-03 
 9.20000e+01  8.21554e-03 
 9.25000e+01  8.21694e-03 
 9.30000e+01  8.26221e-03 
 9.35000e+01  8.27682e-03 
 9.40000e+01  8.36018e-03 
 9.45000e+01  8.42894e-03 
 9.50000e+01  8.42660e-03 
 9.55000e+01  8.55693e-03 
 9.60000e+01  8.30261e-03 
 9.65000e+01  8.35919e-03 
 9.70000e+01  8.56486e-03 
 9.75000e+01  8.69588e-03 
 9.80000e+01  8.89653e-03 
 9.85000e+01  8.64702e-03 
 9.90000e+01  8.68298e-03 
 9.95000e+01  8.77474e-03 
 1.00000e+02  8.82232e-03 
 1.00500e+02  9.06100e-03 
 1.01000e+02  8.97481e-03 
 1.01500e+02  9.00675e-03 
 1.02000e+02  9.14462e-03 
 1.02500e+02  9.13999e-03 
 1.03000e+02  9.33182e-03 
 1.03500e+02  9.44556e-03 
 1.04000e+02  9.23460e-03 
 1.04500e+02  9.41306e-03 
 1.05000e+02  9.49076e-03 
 1.05500e+02  9.57847e-03 
 1.06000e+02  9.70309e-03 
 1.06500e+02  9.80405e-03 
 1.07000e+02  9.83014e-03 
 1.07500e+02  9.91174e-03 
 1.08000e+02  1.03192e-02 
 1.08500e+02  1.01895e-02 
 1.09000e+02  1.03326e-02 
 1.09500e+02  1.04811e-02 
 1.10000e+02  1.06109e-02 
 1.10500e+02  1.07882e-02 
 1.11000e+02  1.10866e-02 
 1.11500e+02  1.13825e-02 
 1.12000e+02  1.16076e-02 
 1.12500e+02  1.17826e-02 
 1.13000e+02  1.21929e-02 
 1.13500e+02  1.24387e-02 
 1.14000e+02  1.23331e-02 
 1.14500e+02  1.27529e-02 
 1.15000e+02  1.32328e-02 
 1.15500e+02  1.38422e-02 
 1.16000e+02  1.44244e-02 
 1.16500e+02  1.46280e-02 
 1.17000e+02  1.50515e-02 
 1.17500e+02  1.53667e-02 
 1.18000e+02  1.55955e-02 
 1.18500e+02  1.62028e-02 
 1.19000e+02  1.63502e-02 
 1.19500e+02  1.65315e-02 
 1.20000e+02  1.65655e-02 
 1.20500e+02  1.72894e-02 
 1.21000e+02  1.70605e-02 
 1.21500e+02  1.73758e-02 
 1.22000e+02  1.77694e-02 
 1.22500e+02  1.79411e-02 
 1.23000e+02  1.83039e-02 
 1.23500e+02  1.84520e-02 
 1.24000e+02  1.85991e-02 
 1.24500e+02  1.92036e-02 
 1.25000e+02  1.84969e-02 
 1.25500e+02  1.88133e-02 
 1.26000e+02  1.90470e-02 
 1.26500e+02  1.93897e-02 
 1.27000e+02  1.93846e-02 
 1.27500e+02  1.99747e-02 
 1.28000e+02  1.97900e-02 
 1.28500e+02  1.96975e-02 
 1.29000e+02  1.98694e-02 
 1.29500e+02  1.98743e-02 
 1.30000e+02  2.08838e-02 
 1.30500e+02  2.10164e-02 
 1.31000e+02  2.12587e-02 
 1.31500e+02  2.17605e-02 
 1.32000e+02  2.22507e-02 
 1.32500e+02  2.19887e-02 
 1.33000e+02  2.22217e-02 
 1.33500e+02  2.21816e-02 
 1.34000e+02  2.26451e-02 
 1.34500e+02  2.33512e-02 
 1.35000e+02  2.32903e-02 
 1.35500e+02  2.33929e-02 
 1.36000e+02  2.29967e-02 
 1.36500e+02  2.29447e-02 
 1.37000e+02  2.31220e-02 
 1.37500e+02  2.33519e-02 
 1.38000e+02  2.42783e-02 
 1.38500e+02  2.36814e-02 
 1.39000e+02  2.36394e-02 
 1.39500e+02  2.36019e-02 
 1.40000e+02  2.40924e-02 
 1.40500e+02  2.44435e-02 
 1.41000e+02  2.48026e-02 
 1.41500e+02  2.46700e-02 
 1.42000e+02  2.52326e-02 
 1.42500e+02  2.50075e-02 
 1.43000e+02  2.51031e-02 
 1.43500e+02  2.51088e-02 
 1.44000e+02  2.55781e-02 
 1.44500e+02  2.50058e-02 
 1.45000e+02  2.52200e-02 
 1.45500e+02  2.54885e-02 
 1.46000e+02  2.60883e-02 
 1.46500e+02  2.59643e-02 
 1.47000e+02  2.64011e-02 
 1.47500e+02  2.65408e-02 
 1.48000e+02  2.72712e-02 
 1.48500e+02  2.70953e-02 
 1.49000e+02  2.67304e-02 
 1.49500e+02  2.69477e-02 
 1.50000e+02  2.65422e-02 
 1.50500e+02  2.63732e-02 
 1.51000e+02  2.64554e-02 
 1.51500e+02  2.62393e-02 
 1.52000e+02  2.63735e-02 
 1.52500e+02  2.75922e-02 
 1.53000e+02  2.68530e-02 
 1.53500e+02  2.66733e-02 
 1.54000e+02  2.72775e-02 
 1.54500e+02  2.64684e-02 
 1.55000e+02  2.60489e-02 
 1.55500e+02  2.63673e-02 
 1.56000e+02  2.64255e-02 
 1.56500e+02  2.62772e-02 
 1.57000e+02  2.66056e-02 
 1.57500e+02  2.67166e-02 
 1.58000e+02  2.65514e-02 
 1.58500e+02  2.62063e-02 
 1.59000e+02  2.64075e-02 
 1.59500e+02  2.67604e-02 
 1.60000e+02  2.60016e-02 
 1.60500e+02  2.60709e-02 
 1.61000e+02  2.53440e-02 
 1.61500e+02  2.56999e-02 
 1.62000e+02  2.61577e-02 
 1.62500e+02  2.59665e-02 
 1.63000e+02  2.61049e-02 
 1.63500e+02  2.59955e-02 
 1.64000e+02  2.63301e-02 
 1.64500e+02  2.59935e-02 
 1.65000e+02  2.59069e-02 
 1.65500e+02  2.53080e-02 
 1.66000e+02  2.59538e-02 
 1.66500e+02  2.56100e-02 
 1.67000e+02  2.59712e-02 
 1.67500e+02  2.62513e-02 
 1.68000e+02  2.63463e-02 
 1.68500e+02  2.63576e-02 
 1.69000e+02  2.62424e-02 
 1.69500e+02  2.62288e-02 
 1.70000e+02  2.64026e-02 
 1.70500e+02  2.60323e-02 
 1.71000e+02  2.62279e-02 
 1.71500e+02  2.58393e-02 
 1.72000e+02  2.66200e-02 
 1.72500e+02  2.55992e-02 
 1.73000e+02  2.57409e-02 
 1.73500e+02  2.53996e-02 
 1.74000e+02  2.52480e-02 
 1.74500e+02  2.52305e-02 
 1.75000e+02  2.49843e-02 
 1.75500e+02  2.45132e-02 
 1.76000e+02  2.46357e-02 
 1.76500e+02  2.40109e-02 
 1.77000e+02  2.47436e-02 
 1.77500e+02  2.49936e-02 
 1.78000e+02  2.47104e-02 
 1.78500e+02  2.52371e-02 
 1.79000e+02  2.52898e-02 
 1.79500e+02  2.59874e-02 
 1.80000e+02  2.56622e-02 
 1.80500e+02  2.55014e-02 
 1.81000e+02  2.45830e-02 
 1.81500e+02  2.47798e-02 
 1.82000e+02  2.41246e-02 
 1.82500e+02  2.38240e-02 
 1.83000e+02  2.43460e-02 
 1.83500e+02  2.40697e-02 
 1.84000e+02  2.39518e-02 
 1.84500e+02  2.36631e-02 
 1.85000e+02  2.39629e-02 
 1.85500e+02  2.35580e-02 
 1.86000e+02  2.30951e-02 
 1.86500e+02  2.30381e-02 
 1.87000e+02  2.19715e-02 
 1.87500e+02  2.17321e-02 
 1.88000e+02  2.19434e-02 
 1.88500e+02  2.15400e-02 
 1.89000e+02  2.16639e-02 
 1.89500e+02  2.17458e-02 
 1.90000e+02  2.22736e-02 
 1.90500e+02  2.14796e-02 
 1.91000e+02  2.13650e-02 
 1.91500e+02  2.14639e-02 
 1.92000e+02  2.04023e-02 
 1.92500e+02  2.02410e-02 
 1.93000e+02  1.96673e-02 
 1.93500e+02  1.93904e-02 
 1.94000e+02  1.91815e-02 
 1.94500e+02  1.92855e-02 
 1.95000e+02  1.92584e-02 
 1.95500e+02  1.90472e-02 
 1.96000e+02  1.84967e-02 
 1.96500e+02  1.83776e-02 
 1.97000e+02  1.78345e-02 
 1.97500e+02  1.74568e-02 
 1.98000e+02  1.71812e-02 
 1.98500e+02  1.68940e-02 
 1.99000e+02  1.61250e-02 
 1.99500e+02  1.54731e-02 
 2.00000e+02  1.52523e-02 
 2.00500e+02  1.52936e-02 
 2.01000e+02  1.47391e-02 
 2.01500e+02  1.49700e-02 
 2.02000e+02  1.49653e-02 
 2.02500e+02  1.50283e-02 
 2.03000e+02  1.42896e-02 
 2.03500e+02  1.40949e-02 
 2.04000e+02  1.39723e-02 
 2.04500e+02  1.32098e-02 
 2.05000e+02  1.30593e-02 
 2.05500e+02  1.29043e-02 
 2.06000e+02  1.26074e-02 
 2.06500e+02  1.27977e-02 
 2.07000e+02  1.26251e-02 
 2.07500e+02  1.23743e-02 
 2.08000e+02  1.19882e-02 
 2.08500e+02  1.13567e-02 
 2.09000e+02  1.12419e-02 
 2.09500e+02  1.08818e-02 
 2.10000e+02  1.05399e-02 
 2.10500e+02  1.04027e-02 
 2.11000e+02  1.03379e-02 
 2.11500e+02  1.02868e-02 
 2.12000e+02  9.98324e-03 
 2.12500e+02  9.84723e-03 
 2.13000e+02  9.82057e-03 
 2.13500e+02  9.68384e-03 
 2.14000e+02  9.60929e-03 
 2.14500e+02  9.61862e-03 
 2.15000e+02  9.62416e-03 
 2.15500e+02  9.38333e-03 
 2.16000e+02  9.37842e-03 
 2.16500e+02  9.11285e-03 
 2.17000e+02  9.17858e-03 
 2.17500e+02  9.18647e-03 
 2.18000e+02  9.21489e-03 
 2.18500e+02  8.92503e-03 
 2.19000e+02  9.08135e-03 
 2.19500e+02  9.00302e-03 
 2.20000e+02  9.02451e-03 
 2.20500e+02  8.96116e-03 
 2.21000e+02  8.98912e-03 
 2.21500e+02  8.58732e-03 
 2.22000e+02  8.51881e-03 
 2.22500e+02  8.69310e-03 
 2.23000e+02  8.70162e-03 
 2.23500e+02  8.49774e-03 
 2.24000e+02  8.49643e-03 
 2.24500e+02  8.43938e-03 
 2.25000e+02  8.50634e-03 
 2.25500e+02  8.37995e-03 
 2.26000e+02  8.43862e-03 
 2.26500e+02  8.35654e-03 
 2.27000e+02  8.20532e-03 
 2.27500e+02  8.07269e-03 
 2.28000e+02  7.97100e-03 
 2.28500e+02  7.94617e-03 
 2.29000e+02  7.80022e-03 
 2.29500e+02  7.86120e-03 
 2.30000e+02  7.80672e-03 
 2.30500e+02  7.73705e-03 
 2.31000e+02  7.72162e-03 
 2.31500e+02  7.58506e-03 
 2.32000e+02  7.48954e-03 
 2.32500e+02  7.38068e-03 
 2.33000e+02  7.30317e-03 
 2.33500e+02  7.28280e-03 
 2.34000e+02  7.20532e-03 
 2.34500e+02  7.26350e-03 
 2.35000e+02  7.18109e-03 
 2.35500e+02  7.10771e-03 
 2.36000e+02  7.05477e-03 
 2.36500e+02  7.05605e-03 
 2.37000e+02  6.87951e-03 
 2.37500e+02  6.68425e-03 
 2.38000e+02  6.73089e-03 
 2.38500e+02  6.71641e-03 
 2.39000e+02  6.66889e-03 
 2.39500e+02  6.54320e-03 
 2.40000e+02  6.43995e-03 
 2.40500e+02  6.25041e-03 
 2.41000e+02  6.16299e-03 
 2.41500e+02  6.08062e-03 
 2.42000e+02  6.03619e-03 
 2.42500e+02  5.98899e-03 
 2.43000e+02  5.96550e-03 
 2.43500e+02  5.90386e-03 
 2.44000e+02  5.80155e-03 
 2.44500e+02  5.68302e-03 
 2.45000e+02  5.60398e-03 
 2.45500e+02  5.49670e-03 
 2.46000e+02  5.46411e-03 
 2.46500e+02  5.31034e-03 
 2.47000e+02  5.16493e-03 
 2.47500e+02  5.03758e-03 
 2.48000e+02  4.98798e-03 
 2.48500e+02  4.88361e-03 
 2.49000e+02  4.82732e-03 
 2.49500e+02  4.72923e-03 
 2.50000e+02  4.62178e-03 
 2.50500e+02  4.52204e-03 
 2.51000e+02  4.41670e-03 
 2.51500e+02  4.32661e-03 
 2.52000e+02  4.23960e-03 
 2.52500e+02  4.15174e-03 
 2.53000e+02  4.03498e-03 
 2.53500e+02  3.93818e-03 
 2.54000e+02  3.81190e-03 
 2.54500e+02  3.73973e-03 
 2.55000e+02  3.69525e-03 
 2.55500e+02  3.60401e-03 
 2.56000e+02  3.52488e-03 
 2.56500e+02  3.44145e-03 
 2.57000e+02  3.34991e-03 
 2.57500e+02  3.28804e-03 
 2.58000e+02  3.17627e-03 
 2.58500e+02  3.09732e-03 
 2.59000e+02  3.03408e-03 
 2.59500e+02  2.97342e-03 
 2.60000e+02  2.91855e-03 
 2.60500e+02  2.85329e-03 
 2.61000e+02  2.78033e-03 
 2.61500e+02  2.71906e-03 
 2.62000e+02  2.66938e-03 
 2.62500e+02  2.61734e-03 
 2.63000e+02  2.58648e-03 
 2.63500e+02  2.53721e-03 
 2.64000e+02  2.46242e-03 
 2.64500e+02  2.40133e-03 
 2.65000e+02  2.33609e-03 
 2.65500e+02  2.28450e-03 
 2.66000e+02  2.25805e-03 
 2.66500e+02  2.21415e-03 
 2.67000e+02  2.17748e-03 
 2.67500e+02  2.15050e-03 
 2.68000e+02  2.11390e-03 
 2.68500e+02  2.05916e-03 
 2.69000e+02  2.02174e-03 
 2.69500e+02  1.99461e-03 
 2.70000e+02  1.96906e-03 
 2.70500e+02  1.93786e-03 
 2.71000e+02  1.90044e-03 
 2.71500e+02  1.87955e-03 
 2.72000e+02  1.84382e-03 
 2.72500e+02  1.81019e-03 
 2.73000e+02  1.78339e-03 
 2.73500e+02  1.75890e-03 
 2.74000e+02  1.74886e-03 
 2.74500e+02  1.70027e-03 
 2.75000e+02  1.66471e-03 
 2.75500e+02  1.64888e-03 
 2.76000e+02  1.62785e-03 
 2.76500e+02  1.60493e-03 
 2.77000e+02  1.57484e-03 
 2.77500e+02  1.54858e-03 
 2.78000e+02  1.52884e-03 
 2.78500e+02  1.50807e-03 
 2.79000e+02  1.49598e-03 
 2.79500e+02  1.49215e-03 
 2.80000e+02  1.45500e-03 
 2.80500e+02  1.42844e-03 
 2.81000e+02  1.41118e-03 
 2.81500e+02  1.39073e-03 
 2.82000e+02  1.37392e-03 
 2.82500e+02  1.36075e-03 
 2.83000e+02  1.34933e-03 
 2.83500e+02  1.32425e-03 
 2.84000e+02  1.31498e-03 
 2.84500e+02  1.31564e-03 
 2.85000e+02  1.28694e-03 
 2.85500e+02  1.26749e-03 
 2.86000e+02  1.25817e-03 
 2.86500e+02  1.24140e-03 
 2.87000e+02  1.21746e-03 
 2.87500e+02  1.21111e-03 
 2.88000e+02  1.20091e-03 
 2.88500e+02  1.17638e-03 
 2.89000e+02  1.16719e-03 
 2.89500e+02  1.16682e-03 
 2.90000e+02  1.15240e-03 
 2.90500e+02  1.13547e-03 
 2.91000e+02  1.12208e-03 
 2.91500e+02  1.11764e-03 
 2.92000e+02  1.10674e-03 
 2.92500e+02  1.08726e-03 
 2.93000e+02  1.08656e-03 
 2.93500e+02  1.06574e-03 
 2.94000e+02  1.05470e-03 
 2.94500e+02  1.05014e-03 
 2.95000e+02  1.04878e-03 
 2.95500e+02  1.03082e-03 
 2.96000e+02  1.02794e-03 
 2.96500e+02  1.01696e-03 
 2.97000e+02  1.00791e-03 
 2.97500e+02  9.92840e-04 
 2.98000e+02  9.84392e-04 
 2.98500e+02  9.80936e-04 
 2.99000e+02  9.70856e-04 
 2.99500e+02  9.62464e-04 
 3.00000e+02  9.51600e-04 
 3.00500e+02  9.44304e-04 
 3.01000e+02  9.38424e-04 
 3.01500e+02  9.37832e-04 
 3.02000e+02  9.23208e-04 
 3.02500e+02  9.12288e-04 
 3.03000e+02  9.00128e-04 
 3.03500e+02  8.96504e-04 
 3.04000e+02  8.88616e-04 
 3.04500e+02  8.78208e-04 
 3.05000e+02  8.78000e-04 
 3.05500e+02  8.71720e-04 
 3.06000e+02  8.58648e-04 
 3.06500e+02  8.50888e-04 
 3.07000e+02  8.46008e-04 
 3.07500e+02  8.39848e-04 
 3.08000e+02  8.34952e-04 
 3.08500e+02  8.36840e-04 
 3.09000e+02  8.25008e-04 
 3.09500e+02  8.17688e-04 
 3.10000e+02  8.17240e-04 
 3.10500e+02  8.08704e-04 
 3.11000e+02  8.06368e-04 
 3.11500e+02  7.92416e-04 
 3.12000e+02  7.87224e-04 
 3.12500e+02  7.81384e-04 
 3.13000e+02  7.76128e-04 
 3.13500e+02  7.72992e-04 
 3.14000e+02  7.71912e-04 
 3.14500e+02  7.60984e-04 
 3.15000e+02  7.59000e-04 
 3.15500e+02  7.52984e-04 
 3.16000e+02  7.51080e-04 
 3.16500e+02  7.43448e-04 
 3.17000e+02  7.34944e-04 
 3.17500e+02  7.30112e-04 
 3.18000e+02  7.30168e-04 
 3.18500e+02  7.25496e-04 
 3.19000e+02  7.25336e-04 
 3.19500e+02  7.18424e-04 
