 0.00000e+00  7.01280e-04 
 5.00000e-01  7.10464e-04 
 1.00000e+00  7.08744e-04 
 1.50000e+00  7.21056e-04 
 2.00000e+00  7.23424e-04 
 2.50000e+00  7.26432e-04 
 3.00000e+00  7.33144e-04 
 3.50000e+00  7.36608e-04 
 4.00000e+00  7.41152e-04 
 4.50000e+00  7.49976e-04 
 5.00000e+00  7.56808e-04 
 5.50000e+00  7.57704e-04 
 6.00000e+00  7.70064e-04 
 6.50000e+00  7.76400e-04 
 7.00000e+00  7.75600e-04 
 7.50000e+00  7.82688e-04 
 8.00000e+00  7.88984e-04 
 8.50000e+00  7.93520e-04 
 9.00000e+00  7.96840e-04 
 9.50000e+00  8.04904e-04 
 1.00000e+01  8.09272e-04 
 1.05000e+01  8.18872e-04 
 1.10000e+01  8.23336e-04 
 1.15000e+01  8.23824e-04 
 1.20000e+01  8.31760e-04 
 1.25000e+01  8.37672e-04 
 1.30000e+01  8.47648e-04 
 1.35000e+01  8.56272e-04 
 1.40000e+01  8.55408e-04 
 1.45000e+01  8.58048e-04 
 1.50000e+01  8.70088e-04 
 1.55000e+01  8.76152e-04 
 1.60000e+01  8.86720e-04 
 1.65000e+01  8.97312e-04 
 1.70000e+01  9.04504e-04 
 1.75000e+01  9.06496e-04 
 1.80000e+01  9.15696e-04 
 1.85000e+01  9.25816e-04 
 1.90000e+01  9.33696e-04 
 1.95000e+01  9.49904e-04 
 2.00000e+01  9.47016e-04 
 2.05000e+01  9.58832e-04 
 2.10000e+01  9.71496e-04 
 2.15000e+01  9.80256e-04 
 2.20000e+01  9.84880e-04 
 2.25000e+01  9.88104e-04 
 2.30000e+01  1.00838e-03 
 2.35000e+01  1.01110e-03 
 2.40000e+01  1.02263e-03 
 2.45000e+01  1.03295e-03 
 2.50000e+01  1.03805e-03 
 2.55000e+01  1.05364e-03 
 2.60000e+01  1.06540e-03 
 2.65000e+01  1.07970e-03 
 2.70000e+01  1.08584e-03 
 2.75000e+01  1.09353e-03 
 2.80000e+01  1.11414e-03 
 2.85000e+01  1.12943e-03 
 2.90000e+01  1.14587e-03 
 2.95000e+01  1.14142e-03 
 3.00000e+01  1.14377e-03 
 3.05000e+01  1.16759e-03 
 3.10000e+01  1.18282e-03 
 3.15000e+01  1.19518e-03 
 3.20000e+01  1.20594e-03 
 3.25000e+01  1.21786e-03 
 3.30000e+01  1.23546e-03 
 3.35000e+01  1.25443e-03 
 3.40000e+01  1.24892e-03 
 3.45000e+01  1.26749e-03 
 3.50000e+01  1.28880e-03 
 3.55000e+01  1.29529e-03 
 3.60000e+01  1.31661e-03 
 3.65000e+01  1.33515e-03 
 3.70000e+01  1.35158e-03 
 3.75000e+01  1.37048e-03 
 3.80000e+01  1.37995e-03 
 3.85000e+01  1.40374e-03 
 3.90000e+01  1.41205e-03 
 3.95000e+01  1.43974e-03 
 4.00000e+01  1.45610e-03 
 4.05000e+01  1.47432e-03 
 4.10000e+01  1.48975e-03 
 4.15000e+01  1.51497e-03 
 4.20000e+01  1.53291e-03 
 4.25000e+01  1.55346e-03 
 4.30000e+01  1.58271e-03 
 4.35000e+01  1.61432e-03 
 4.40000e+01  1.64178e-03 
 4.45000e+01  1.66551e-03 
 4.50000e+01  1.67636e-03 
 4.55000e+01  1.71563e-03 
 4.60000e+01  1.73814e-03 
 4.65000e+01  1.76876e-03 
 4.70000e+01  1.79974e-03 
 4.75000e+01  1.82411e-03 
 4.80000e+01  1.86189e-03 
 4.85000e+01  1.88922e-03 
 4.90000e+01  1.91702e-03 
 4.95000e+01  1.96545e-03 
 5.00000e+01  2.00789e-03 
 5.05000e+01  2.03019e-03 
 5.10000e+01  2.07502e-03 
 5.15000e+01  2.11858e-03 
 5.20000e+01  2.15610e-03 
 5.25000e+01  2.20370e-03 
 5.30000e+01  2.25168e-03 
 5.35000e+01  2.29119e-03 
 5.40000e+01  2.34566e-03 
 5.45000e+01  2.40372e-03 
 5.50000e+01  2.45578e-03 
 5.55000e+01  2.48200e-03 
 5.60000e+01  2.53449e-03 
 5.65000e+01  2.60075e-03 
 5.70000e+01  2.64667e-03 
 5.75000e+01  2.70904e-03 
 5.80000e+01  2.75915e-03 
 5.85000e+01  2.81319e-03 
 5.90000e+01  2.87456e-03 
 5.95000e+01  2.93338e-03 
 6.00000e+01  3.04197e-03 
 6.05000e+01  3.09662e-03 
 6.10000e+01  3.14564e-03 
 6.15000e+01  3.20826e-03 
 6.20000e+01  3.31385e-03 
 6.25000e+01  3.39723e-03 
 6.30000e+01  3.47689e-03 
 6.35000e+01  3.52231e-03 
 6.40000e+01  3.67021e-03 
 6.45000e+01  3.71478e-03 
 6.50000e+01  3.83643e-03 
 6.55000e+01  3.88750e-03 
 6.60000e+01  3.99124e-03 
 6.65000e+01  4.07581e-03 
 6.70000e+01  4.23642e-03 
 6.75000e+01  4.27403e-03 
 6.80000e+01  4.38342e-03 
 6.85000e+01  4.48386e-03 
 6.90000e+01  4.61419e-03 
 6.95000e+01  4.66631e-03 
 7.00000e+01  4.80747e-03 
 7.05000e+01  4.84235e-03 
 7.10000e+01  4.91373e-03 
 7.15000e+01  5.04417e-03 
 7.20000e+01  5.10070e-03 
 7.25000e+01  5.22583e-03 
 7.30000e+01  5.38622e-03 
 7.35000e+01  5.50146e-03 
 7.40000e+01  5.49585e-03 
 7.45000e+01  5.68306e-03 
 7.50000e+01  5.63466e-03 
 7.55000e+01  5.78632e-03 
 7.60000e+01  5.88796e-03 
 7.65000e+01  5.87930e-03 
 7.70000e+01  5.98102e-03 
 7.75000e+01  6.10087e-03 
 7.80000e+01  6.13459e-03 
 7.85000e+01  6.20670e-03 
 7.90000e+01  6.38206e-03 
 7.95000e+01  6.48659e-03 
 8.00000e+01  6.52495e-03 
 8.05000e+01  6.49478e-03 
 8.10000e+01  6.62301e-03 
 8.15000e+01  6.75123e-03 
 8.20000e+01  6.83587e-03 
 8.25000e+01  6.87721e-03 
 8.30000e+01  7.13259e-03 
 8.35000e+01  7.03556e-03 
 8.40000e+01  7.06561e-03 
 8.45000e+01  7.20235e-03 
 8.50000e+01  7.13575e-03 
 8.55000e+01  7.37261e-03 
 8.60000e+01  7.36762e-03 
 8.65000e+01  7.46818e-03 
 8.70000e+01  7.47359e-03 
 8.75000e+01  7.44769e-03 
 8.80000e+01  7.58236e-03 
 8.85000e+01  7.77809e-03 
 8.90000e+01  7.74228e-03 
 8.95000e+01  7.84762e-03 
 9.00000e+01  8.09592e-03 
 9.05000e+01  7.80299e-03 
 9.10000e+01  7.95574e-03 
 9.15000e+01  7.95813e-03 
 9.20000e+01  8.05222e-03 
 9.25000e+01  8.17214e-03 
 9.30000e+01  8.19898e-03 
 9.35000e+01  8.16874e-03 
 9.40000e+01  8.05758e-03 
 9.45000e+01  8.23834e-03 
 9.50000e+01  8.32803e-03 
 9.55000e+01  8.32216e-03 
 9.60000e+01  8.35558e-03 
 9.65000e+01  8.38563e-03 
 9.70000e+01  8.60458e-03 
 9.75000e+01  8.65015e-03 
 9.80000e+01  8.61661e-03 
 9.85000e+01  8.68265e-03 
 9.90000e+01  8.76838e-03 
 9.95000e+01  8.78837e-03 
 1.00000e+02  8.92205e-03 
 1.00500e+02  9.05240e-03 
 1.01000e+02  9.11275e-03 
 1.01500e+02  9.02752e-03 
 1.02000e+02  8.89034e-03 
 1.02500e+02  8.97527e-03 
 1.03000e+02  9.11506e-03 
 1.03500e+02  9.19811e-03 
 1.04000e+02  9.43398e-03 
 1.04500e+02  9.48139e-03 
 1.05000e+02  9.57474e-03 
 1.05500e+02  9.77009e-03 
 1.06000e+02  9.83043e-03 
 1.06500e+02  9.66405e-03 
 1.07000e+02  9.81242e-03 
 1.07500e+02  9.74897e-03 
 1.08000e+02  9.84592e-03 
 1.08500e+02  9.91814e-03 
 1.09000e+02  1.01360e-02 
 1.09500e+02  1.03601e-02 
 1.10000e+02  1.05692e-02 
 1.10500e+02  1.04811e-02 
 1.11000e+02  1.09937e-02 
 1.11500e+02  1.13289e-02 
 1.12000e+02  1.14898e-02 
 1.12500e+02  1.16071e-02 
 1.13000e+02  1.17265e-02 
 1.13500e+02  1.19128e-02 
 1.14000e+02  1.23249e-02 
 1.14500e+02  1.26788e-02 
 1.15000e+02  1.31080e-02 
 1.15500e+02  1.34765e-02 
 1.16000e+02  1.34860e-02 
 1.16500e+02  1.41871e-02 
 1.17000e+02  1.46176e-02 
 1.17500e+02  1.47715e-02 
 1.18000e+02  1.49085e-02 
 1.18500e+02  1.53917e-02 
 1.19000e+02  1.62052e-02 
 1.19500e+02  1.64628e-02 
 1.20000e+02  1.68301e-02 
 1.20500e+02  1.69487e-02 
 1.21000e+02  1.74203e-02 
 1.21500e+02  1.73526e-02 
 1.22000e+02  1.80908e-02 
 1.22500e+02  1.82067e-02 
 1.23000e+02  1.81777e-02 
 1.23500e+02  1.86482e-02 
 1.24000e+02  1.92714e-02 
 1.24500e+02  1.96646e-02 
 1.25000e+02  1.95337e-02 
 1.25500e+02  1.93533e-02 
 1.26000e+02  1.96471e-02 
 1.26500e+02  2.00278e-02 
 1.27000e+02  2.02062e-02 
 1.27500e+02  2.06049e-02 
 1.28000e+02  2.11143e-02 
 1.28500e+02  2.15691e-02 
 1.29000e+02  2.16334e-02 
 1.29500e+02  2.23042e-02 
 1.30000e+02  2.26223e-02 
 1.30500e+02  2.24934e-02 
 1.31000e+02  2.31205e-02 
 1.31500e+02  2.27721e-02 
 1.32000e+02  2.29749e-02 
 1.32500e+02  2.28619e-02 
 1.33000e+02  2.28362e-02 
 1.33500e+02  2.25939e-02 
 1.34000e+02  2.32120e-02 
 1.34500e+02  2.25494e-02 
 1.35000e+02  2.30434e-02 
 1.35500e+02  2.29825e-02 
 1.36000e+02  2.31615e-02 
 1.36500e+02  2.40163e-02 
 1.37000e+02  2.41087e-02 
 1.37500e+02  2.39266e-02 
 1.38000e+02  2.43766e-02 
 1.38500e+02  2.40850e-02 
 1.39000e+02  2.49328e-02 
 1.39500e+02  2.48302e-02 
 1.40000e+02  2.44648e-02 
 1.40500e+02  2.43574e-02 
 1.41000e+02  2.41355e-02 
 1.41500e+02  2.48726e-02 
 1.42000e+02  2.51606e-02 
 1.42500e+02  2.49556e-02 
 1.43000e+02  2.56026e-02 
 1.43500e+02  2.52944e-02 
 1.44000e+02  2.61332e-02 
 1.44500e+02  2.58153e-02 
 1.45000e+02  2.63761e-02 
 1.45500e+02  2.61696e-02 
 1.46000e+02  2.57477e-02 
 1.46500e+02  2.54576e-02 
 1.47000e+02  2.55618e-02 
 1.47500e+02  2.59941e-02 
 1.48000e+02  2.62329e-02 
 1.48500e+02  2.56202e-02 
 1.49000e+02  2.52720e-02 
 1.49500e+02  2.62718e-02 
 1.50000e+02  2.55736e-02 
 1.50500e+02  2.63628e-02 
 1.51000e+02  2.58107e-02 
 1.51500e+02  2.60300e-02 
 1.52000e+02  2.65000e-02 
 1.52500e+02  2.64421e-02 
 1.53000e+02  2.68472e-02 
 1.53500e+02  2.72064e-02 
 1.54000e+02  2.70348e-02 
 1.54500e+02  2.64882e-02 
 1.55000e+02  2.63860e-02 
 1.55500e+02  2.63037e-02 
 1.56000e+02  2.63204e-02 
 1.56500e+02  2.67812e-02 
 1.57000e+02  2.65473e-02 
 1.57500e+02  2.64285e-02 
 1.58000e+02  2.63772e-02 
 1.58500e+02  2.58253e-02 
 1.59000e+02  2.58297e-02 
 1.59500e+02  2.56419e-02 
 1.60000e+02  2.59307e-02 
 1.60500e+02  2.48949e-02 
 1.61000e+02  2.56224e-02 
 1.61500e+02  2.54678e-02 
 1.62000e+02  2.55817e-02 
 1.62500e+02  2.56163e-02 
 1.63000e+02  2.55930e-02 
 1.63500e+02  2.50862e-02 
 1.64000e+02  2.48075e-02 
 1.64500e+02  2.52173e-02 
 1.65000e+02  2.53064e-02 
 1.65500e+02  2.54205e-02 
 1.66000e+02  2.59143e-02 
 1.66500e+02  2.60247e-02 
 1.67000e+02  2.59783e-02 
 1.67500e+02  2.53830e-02 
 1.68000e+02  2.51883e-02 
 1.68500e+02  2.53960e-02 
 1.69000e+02  2.58805e-02 
 1.69500e+02  2.56987e-02 
 1.70000e+02  2.59261e-02 
 1.70500e+02  2.57370e-02 
 1.71000e+02  2.57884e-02 
 1.71500e+02  2.59834e-02 
 1.72000e+02  2.53499e-02 
 1.72500e+02  2.51614e-02 
 1.73000e+02  2.58354e-02 
 1.73500e+02  2.51987e-02 
 1.74000e+02  2.49324e-02 
 1.74500e+02  2.47743e-02 
 1.75000e+02  2.54127e-02 
 1.75500e+02  2.52809e-02 
 1.76000e+02  2.54318e-02 
 1.76500e+02  2.52289e-02 
 1.77000e+02  2.46166e-02 
 1.77500e+02  2.48608e-02 
 1.78000e+02  2.55889e-02 
 1.78500e+02  2.48571e-02 
 1.79000e+02  2.51296e-02 
 1.79500e+02  2.49863e-02 
 1.80000e+02  2.43518e-02 
 1.80500e+02  2.41657e-02 
 1.81000e+02  2.41710e-02 
 1.81500e+02  2.42359e-02 
 1.82000e+02  2.43829e-02 
 1.82500e+02  2.40368e-02 
 1.83000e+02  2.42820e-02 
 1.83500e+02  2.34918e-02 
 1.84000e+02  2.40266e-02 
 1.84500e+02  2.36108e-02 
 1.85000e+02  2.38144e-02 
 1.85500e+02  2.34285e-02 
 1.86000e+02  2.29579e-02 
 1.86500e+02  2.26852e-02 
 1.87000e+02  2.26373e-02 
 1.87500e+02  2.20167e-02 
 1.88000e+02  2.23001e-02 
 1.88500e+02  2.15721e-02 
 1.89000e+02  2.21796e-02 
 1.89500e+02  2.11071e-02 
 1.90000e+02  2.08748e-02 
 1.90500e+02  2.11302e-02 
 1.91000e+02  2.04618e-02 
 1.91500e+02  2.02045e-02 
 1.92000e+02  1.96545e-02 
 1.92500e+02  1.97176e-02 
 1.93000e+02  1.95710e-02 
 1.93500e+02  1.99771e-02 
 1.94000e+02  1.92203e-02 
 1.94500e+02  1.89599e-02 
 1.95000e+02  1.89447e-02 
 1.95500e+02  1.83450e-02 
 1.96000e+02  1.83274e-02 
 1.96500e+02  1.84387e-02 
 1.97000e+02  1.85144e-02 
 1.97500e+02  1.78814e-02 
 1.98000e+02  1.72054e-02 
 1.98500e+02  1.62945e-02 
 1.99000e+02  1.66330e-02 
 1.99500e+02  1.67099e-02 
 2.00000e+02  1.59369e-02 
 2.00500e+02  1.56218e-02 
 2.01000e+02  1.54353e-02 
 2.01500e+02  1.53306e-02 
 2.02000e+02  1.49329e-02 
 2.02500e+02  1.44518e-02 
 2.03000e+02  1.41730e-02 
 2.03500e+02  1.35025e-02 
 2.04000e+02  1.32066e-02 
 2.04500e+02  1.28905e-02 
 2.05000e+02  1.27673e-02 
 2.05500e+02  1.29326e-02 
 2.06000e+02  1.27374e-02 
 2.06500e+02  1.23326e-02 
 2.07000e+02  1.22943e-02 
 2.07500e+02  1.17614e-02 
 2.08000e+02  1.18223e-02 
 2.08500e+02  1.15500e-02 
 2.09000e+02  1.11883e-02 
 2.09500e+02  1.06314e-02 
 2.10000e+02  1.05858e-02 
 2.10500e+02  1.03959e-02 
 2.11000e+02  9.97918e-03 
 2.11500e+02  1.01168e-02 
 2.12000e+02  9.96051e-03 
 2.12500e+02  9.86205e-03 
 2.13000e+02  9.73712e-03 
 2.13500e+02  9.58834e-03 
 2.14000e+02  9.53098e-03 
 2.14500e+02  9.46442e-03 
 2.15000e+02  9.37647e-03 
 2.15500e+02  9.33813e-03 
 2.16000e+02  9.13309e-03 
 2.16500e+02  9.21805e-03 
 2.17000e+02  9.04286e-03 
 2.17500e+02  9.20198e-03 
 2.18000e+02  9.24385e-03 
 2.18500e+02  8.93818e-03 
 2.19000e+02  8.93190e-03 
 2.19500e+02  8.95550e-03 
 2.20000e+02  8.86167e-03 
 2.20500e+02  8.72133e-03 
 2.21000e+02  8.74736e-03 
 2.21500e+02  8.70739e-03 
 2.22000e+02  8.80775e-03 
 2.22500e+02  8.67630e-03 
 2.23000e+02  8.52882e-03 
 2.23500e+02  8.38898e-03 
 2.24000e+02  8.47533e-03 
 2.24500e+02  8.45595e-03 
 2.25000e+02  8.54938e-03 
 2.25500e+02  8.55922e-03 
 2.26000e+02  8.32123e-03 
 2.26500e+02  8.34879e-03 
 2.27000e+02  8.32229e-03 
 2.27500e+02  8.08575e-03 
 2.28000e+02  7.99441e-03 
 2.28500e+02  7.99286e-03 
 2.29000e+02  8.02698e-03 
 2.29500e+02  8.00851e-03 
 2.30000e+02  7.91812e-03 
 2.30500e+02  7.75752e-03 
 2.31000e+02  7.62935e-03 
 2.31500e+02  7.68507e-03 
 2.32000e+02  7.55238e-03 
 2.32500e+02  7.53161e-03 
 2.33000e+02  7.49183e-03 
 2.33500e+02  7.38984e-03 
 2.34000e+02  7.28449e-03 
 2.34500e+02  7.36286e-03 
 2.35000e+02  7.22170e-03 
 2.35500e+02  7.04879e-03 
 2.36000e+02  6.86126e-03 
 2.36500e+02  6.92941e-03 
 2.37000e+02  6.95515e-03 
 2.37500e+02  7.02934e-03 
 2.38000e+02  6.95766e-03 
 2.38500e+02  6.67721e-03 
 2.39000e+02  6.56936e-03 
 2.39500e+02  6.41363e-03 
 2.40000e+02  6.34080e-03 
 2.40500e+02  6.20453e-03 
 2.41000e+02  6.25666e-03 
 2.41500e+02  6.18812e-03 
 2.42000e+02  6.04046e-03 
 2.42500e+02  5.95622e-03 
 2.43000e+02  5.82660e-03 
 2.43500e+02  5.68309e-03 
 2.44000e+02  5.61462e-03 
 2.44500e+02  5.58399e-03 
 2.45000e+02  5.48304e-03 
 2.45500e+02  5.33622e-03 
 2.46000e+02  5.24334e-03 
 2.46500e+02  5.23078e-03 
 2.47000e+02  5.13474e-03 
 2.47500e+02  5.02012e-03 
 2.48000e+02  4.88069e-03 
 2.48500e+02  4.84190e-03 
 2.49000e+02  4.78433e-03 
 2.49500e+02  4.66806e-03 
 2.50000e+02  4.58035e-03 
 2.50500e+02  4.50394e-03 
 2.51000e+02  4.36549e-03 
 2.51500e+02  4.26443e-03 
 2.52000e+02  4.12620e-03 
 2.52500e+02  4.07133e-03 
 2.53000e+02  4.00127e-03 
 2.53500e+02  3.88244e-03 
 2.54000e+02  3.79101e-03 
 2.54500e+02  3.68355e-03 
 2.55000e+02  3.58003e-03 
 2.55500e+02  3.51701e-03 
 2.56000e+02  3.43922e-03 
 2.56500e+02  3.35038e-03 
 2.57000e+02  3.27663e-03 
 2.57500e+02  3.20753e-03 
 2.58000e+02  3.17132e-03 
 2.58500e+02  3.05825e-03 
 2.59000e+02  3.01334e-03 
 2.59500e+02  2.94725e-03 
 2.60000e+02  2.88030e-03 
 2.60500e+02  2.81300e-03 
 2.61000e+02  2.75391e-03 
 2.61500e+02  2.69574e-03 
 2.62000e+02  2.61565e-03 
 2.62500e+02  2.55741e-03 
 2.63000e+02  2.52854e-03 
 2.63500e+02  2.45860e-03 
 2.64000e+02  2.39857e-03 
 2.64500e+02  2.34759e-03 
 2.65000e+02  2.29911e-03 
 2.65500e+02  2.26192e-03 
 2.66000e+02  2.20632e-03 
 2.66500e+02  2.15886e-03 
 2.67000e+02  2.12396e-03 
 2.67500e+02  2.09435e-03 
 2.68000e+02  2.05476e-03 
 2.68500e+02  2.02933e-03 
 2.69000e+02  2.01550e-03 
 2.69500e+02  1.96696e-03 
 2.70000e+02  1.92730e-03 
 2.70500e+02  1.90153e-03 
 2.71000e+02  1.88657e-03 
 2.71500e+02  1.84822e-03 
 2.72000e+02  1.81577e-03 
 2.72500e+02  1.78120e-03 
 2.73000e+02  1.75429e-03 
 2.73500e+02  1.73187e-03 
 2.74000e+02  1.69464e-03 
 2.74500e+02  1.66580e-03 
 2.75000e+02  1.63722e-03 
 2.75500e+02  1.61074e-03 
 2.76000e+02  1.59211e-03 
 2.76500e+02  1.57509e-03 
 2.77000e+02  1.55006e-03 
 2.77500e+02  1.53109e-03 
 2.78000e+02  1.50961e-03 
 2.78500e+02  1.49163e-03 
 2.79000e+02  1.46804e-03 
 2.79500e+02  1.45206e-03 
 2.80000e+02  1.45071e-03 
 2.80500e+02  1.42506e-03 
 2.81000e+02  1.40050e-03 
 2.81500e+02  1.38773e-03 
 2.82000e+02  1.38539e-03 
 2.82500e+02  1.36786e-03 
 2.83000e+02  1.35166e-03 
 2.83500e+02  1.33926e-03 
 2.84000e+02  1.32271e-03 
 2.84500e+02  1.30133e-03 
 2.85000e+02  1.28711e-03 
 2.85500e+02  1.26509e-03 
 2.86000e+02  1.24372e-03 
 2.86500e+02  1.22540e-03 
 2.87000e+02  1.21789e-03 
 2.87500e+02  1.20740e-03 
 2.88000e+02  1.19714e-03 
 2.88500e+02  1.18782e-03 
 2.89000e+02  1.16869e-03 
 2.89500e+02  1.15907e-03 
 2.90000e+02  1.15298e-03 
 2.90500e+02  1.14025e-03 
 2.91000e+02  1.12402e-03 
 2.91500e+02  1.11140e-03 
 2.92000e+02  1.10289e-03 
 2.92500e+02  1.08278e-03 
 2.93000e+02  1.08236e-03 
 2.93500e+02  1.06646e-03 
 2.94000e+02  1.05946e-03 
 2.94500e+02  1.05513e-03 
 2.95000e+02  1.04006e-03 
 2.95500e+02  1.03109e-03 
 2.96000e+02  1.02128e-03 
 2.96500e+02  1.00418e-03 
 2.97000e+02  9.92008e-04 
 2.97500e+02  9.83504e-04 
 2.98000e+02  9.72512e-04 
 2.98500e+02  9.64280e-04 
 2.99000e+02  9.54872e-04 
 2.99500e+02  9.47872e-04 
 3.00000e+02  9.36872e-04 
 3.00500e+02  9.32968e-04 
 3.01000e+02  9.19648e-04 
 3.01500e+02  9.09656e-04 
 3.02000e+02  9.03640e-04 
 3.02500e+02  9.04112e-04 
 3.03000e+02  8.99960e-04 
 3.03500e+02  8.87928e-04 
 3.04000e+02  8.77632e-04 
 3.04500e+02  8.76952e-04 
 3.05000e+02  8.71864e-04 
 3.05500e+02  8.64936e-04 
 3.06000e+02  8.58280e-04 
 3.06500e+02  8.46768e-04 
 3.07000e+02  8.41800e-04 
 3.07500e+02  8.37232e-04 
 3.08000e+02  8.27136e-04 
 3.08500e+02  8.15192e-04 
 3.09000e+02  8.05128e-04 
 3.09500e+02  8.05952e-04 
 3.10000e+02  7.97744e-04 
 3.10500e+02  7.97128e-04 
 3.11000e+02  7.97664e-04 
 3.11500e+02  7.95808e-04 
 3.12000e+02  7.87424e-04 
 3.12500e+02  7.81752e-04 
 3.13000e+02  7.68280e-04 
 3.13500e+02  7.62272e-04 
 3.14000e+02  7.57856e-04 
 3.14500e+02  7.54144e-04 
 3.15000e+02  7.44872e-04 
 3.15500e+02  7.55232e-04 
 3.16000e+02  7.47224e-04 
 3.16500e+02  7.45760e-04 
 3.17000e+02  7.43056e-04 
 3.17500e+02  7.34168e-04 
 3.18000e+02  7.27024e-04 
 3.18500e+02  7.23864e-04 
 3.19000e+02  7.24824e-04 
 3.19500e+02  7.13504e-04 
