 0.00000e+00  7.05648e-04 
 5.00000e-01  7.07000e-04 
 1.00000e+00  7.10896e-04 
 1.50000e+00  7.25656e-04 
 2.00000e+00  7.30640e-04 
 2.50000e+00  7.28592e-04 
 3.00000e+00  7.32568e-04 
 3.50000e+00  7.42568e-04 
 4.00000e+00  7.51696e-04 
 4.50000e+00  7.55160e-04 
 5.00000e+00  7.60744e-04 
 5.50000e+00  7.67064e-04 
 6.00000e+00  7.75256e-04 
 6.50000e+00  7.74960e-04 
 7.00000e+00  7.84808e-04 
 7.50000e+00  7.88224e-04 
 8.00000e+00  7.95880e-04 
 8.50000e+00  8.00816e-04 
 9.00000e+00  8.03944e-04 
 9.50000e+00  8.08960e-04 
 1.00000e+01  8.17464e-04 
 1.05000e+01  8.23400e-04 
 1.10000e+01  8.34040e-04 
 1.15000e+01  8.33624e-04 
 1.20000e+01  8.40360e-04 
 1.25000e+01  8.51264e-04 
 1.30000e+01  8.56920e-04 
 1.35000e+01  8.64120e-04 
 1.40000e+01  8.66496e-04 
 1.45000e+01  8.76256e-04 
 1.50000e+01  8.80320e-04 
 1.55000e+01  8.88184e-04 
 1.60000e+01  8.93720e-04 
 1.65000e+01  9.04040e-04 
 1.70000e+01  9.19368e-04 
 1.75000e+01  9.17224e-04 
 1.80000e+01  9.26376e-04 
 1.85000e+01  9.40848e-04 
 1.90000e+01  9.46360e-04 
 1.95000e+01  9.51488e-04 
 2.00000e+01  9.58864e-04 
 2.05000e+01  9.62680e-04 
 2.10000e+01  9.73704e-04 
 2.15000e+01  9.89680e-04 
 2.20000e+01  9.90600e-04 
 2.25000e+01  1.00209e-03 
 2.30000e+01  1.01441e-03 
 2.35000e+01  1.01921e-03 
 2.40000e+01  1.03440e-03 
 2.45000e+01  1.04069e-03 
 2.50000e+01  1.05010e-03 
 2.55000e+01  1.05526e-03 
 2.60000e+01  1.06134e-03 
 2.65000e+01  1.07762e-03 
 2.70000e+01  1.08875e-03 
 2.75000e+01  1.10438e-03 
 2.80000e+01  1.10913e-03 
 2.85000e+01  1.12321e-03 
 2.90000e+01  1.13773e-03 
 2.95000e+01  1.14538e-03 
 3.00000e+01  1.15159e-03 
 3.05000e+01  1.16554e-03 
 3.10000e+01  1.18158e-03 
 3.15000e+01  1.20174e-03 
 3.20000e+01  1.21634e-03 
 3.25000e+01  1.23502e-03 
 3.30000e+01  1.25432e-03 
 3.35000e+01  1.26232e-03 
 3.40000e+01  1.27393e-03 
 3.45000e+01  1.28728e-03 
 3.50000e+01  1.30774e-03 
 3.55000e+01  1.32082e-03 
 3.60000e+01  1.34091e-03 
 3.65000e+01  1.35492e-03 
 3.70000e+01  1.37074e-03 
 3.75000e+01  1.39632e-03 
 3.80000e+01  1.40570e-03 
 3.85000e+01  1.42794e-03 
 3.90000e+01  1.45441e-03 
 3.95000e+01  1.47923e-03 
 4.00000e+01  1.48314e-03 
 4.05000e+01  1.49787e-03 
 4.10000e+01  1.52554e-03 
 4.15000e+01  1.53744e-03 
 4.20000e+01  1.55869e-03 
 4.25000e+01  1.58542e-03 
 4.30000e+01  1.60523e-03 
 4.35000e+01  1.63064e-03 
 4.40000e+01  1.66065e-03 
 4.45000e+01  1.67978e-03 
 4.50000e+01  1.71205e-03 
 4.55000e+01  1.73156e-03 
 4.60000e+01  1.78111e-03 
 4.65000e+01  1.78906e-03 
 4.70000e+01  1.82892e-03 
 4.75000e+01  1.86181e-03 
 4.80000e+01  1.89562e-03 
 4.85000e+01  1.91283e-03 
 4.90000e+01  1.94470e-03 
 4.95000e+01  1.99429e-03 
 5.00000e+01  2.05167e-03 
 5.05000e+01  2.06535e-03 
 5.10000e+01  2.08120e-03 
 5.15000e+01  2.11439e-03 
 5.20000e+01  2.14651e-03 
 5.25000e+01  2.20629e-03 
 5.30000e+01  2.24766e-03 
 5.35000e+01  2.30405e-03 
 5.40000e+01  2.34882e-03 
 5.45000e+01  2.37966e-03 
 5.50000e+01  2.44589e-03 
 5.55000e+01  2.51300e-03 
 5.60000e+01  2.56516e-03 
 5.65000e+01  2.61838e-03 
 5.70000e+01  2.66198e-03 
 5.75000e+01  2.69648e-03 
 5.80000e+01  2.77742e-03 
 5.85000e+01  2.86103e-03 
 5.90000e+01  2.90253e-03 
 5.95000e+01  2.94497e-03 
 6.00000e+01  3.03302e-03 
 6.05000e+01  3.08596e-03 
 6.10000e+01  3.19769e-03 
 6.15000e+01  3.22455e-03 
 6.20000e+01  3.27886e-03 
 6.25000e+01  3.31499e-03 
 6.30000e+01  3.37612e-03 
 6.35000e+01  3.47144e-03 
 6.40000e+01  3.56890e-03 
 6.45000e+01  3.65257e-03 
 6.50000e+01  3.73218e-03 
 6.55000e+01  3.83631e-03 
 6.60000e+01  3.96152e-03 
 6.65000e+01  4.02359e-03 
 6.70000e+01  4.15533e-03 
 6.75000e+01  4.19480e-03 
 6.80000e+01  4.29691e-03 
 6.85000e+01  4.41309e-03 
 6.90000e+01  4.54906e-03 
 6.95000e+01  4.64350e-03 
 7.00000e+01  4.76135e-03 
 7.05000e+01  4.83466e-03 
 7.10000e+01  4.91430e-03 
 7.15000e+01  4.98735e-03 
 7.20000e+01  5.08149e-03 
 7.25000e+01  5.18691e-03 
 7.30000e+01  5.32861e-03 
 7.35000e+01  5.45591e-03 
 7.40000e+01  5.54290e-03 
 7.45000e+01  5.62984e-03 
 7.50000e+01  5.65377e-03 
 7.55000e+01  5.78414e-03 
 7.60000e+01  5.83838e-03 
 7.65000e+01  5.97874e-03 
 7.70000e+01  6.08887e-03 
 7.75000e+01  6.07791e-03 
 7.80000e+01  6.24339e-03 
 7.85000e+01  6.29620e-03 
 7.90000e+01  6.43114e-03 
 7.95000e+01  6.63827e-03 
 8.00000e+01  6.57209e-03 
 8.05000e+01  6.74417e-03 
 8.10000e+01  6.82062e-03 
 8.15000e+01  6.86329e-03 
 8.20000e+01  6.82445e-03 
 8.25000e+01  6.72590e-03 
 8.30000e+01  6.83511e-03 
 8.35000e+01  6.97362e-03 
 8.40000e+01  7.24151e-03 
 8.45000e+01  7.11188e-03 
 8.50000e+01  7.00898e-03 
 8.55000e+01  7.18709e-03 
 8.60000e+01  7.34828e-03 
 8.65000e+01  7.33807e-03 
 8.70000e+01  7.21986e-03 
 8.75000e+01  7.45342e-03 
 8.80000e+01  7.52106e-03 
 8.85000e+01  7.51126e-03 
 8.90000e+01  7.62790e-03 
 8.95000e+01  7.70330e-03 
 9.00000e+01  7.86497e-03 
 9.05000e+01  7.92922e-03 
 9.10000e+01  7.83142e-03 
 9.15000e+01  7.80002e-03 
 9.20000e+01  7.75491e-03 
 9.25000e+01  7.94955e-03 
 9.30000e+01  7.98750e-03 
 9.35000e+01  8.09291e-03 
 9.40000e+01  8.23063e-03 
 9.45000e+01  8.13984e-03 
 9.50000e+01  8.28332e-03 
 9.55000e+01  8.17794e-03 
 9.60000e+01  8.25794e-03 
 9.65000e+01  8.38430e-03 
 9.70000e+01  8.48480e-03 
 9.75000e+01  8.51534e-03 
 9.80000e+01  8.75559e-03 
 9.85000e+01  8.64774e-03 
 9.90000e+01  8.86318e-03 
 9.95000e+01  8.89726e-03 
 1.00000e+02  8.90877e-03 
 1.00500e+02  8.82012e-03 
 1.01000e+02  8.87002e-03 
 1.01500e+02  8.91474e-03 
 1.02000e+02  8.99406e-03 
 1.02500e+02  9.06655e-03 
 1.03000e+02  9.25122e-03 
 1.03500e+02  9.45358e-03 
 1.04000e+02  9.20634e-03 
 1.04500e+02  9.27085e-03 
 1.05000e+02  9.19678e-03 
 1.05500e+02  9.22613e-03 
 1.06000e+02  9.32362e-03 
 1.06500e+02  9.29865e-03 
 1.07000e+02  9.55000e-03 
 1.07500e+02  9.67837e-03 
 1.08000e+02  9.94202e-03 
 1.08500e+02  1.01778e-02 
 1.09000e+02  1.03629e-02 
 1.09500e+02  1.07618e-02 
 1.10000e+02  1.09674e-02 
 1.10500e+02  1.08810e-02 
 1.11000e+02  1.10700e-02 
 1.11500e+02  1.14444e-02 
 1.12000e+02  1.19292e-02 
 1.12500e+02  1.22081e-02 
 1.13000e+02  1.23752e-02 
 1.13500e+02  1.29947e-02 
 1.14000e+02  1.30270e-02 
 1.14500e+02  1.36643e-02 
 1.15000e+02  1.41774e-02 
 1.15500e+02  1.42626e-02 
 1.16000e+02  1.47479e-02 
 1.16500e+02  1.56118e-02 
 1.17000e+02  1.61412e-02 
 1.17500e+02  1.64370e-02 
 1.18000e+02  1.68777e-02 
 1.18500e+02  1.74603e-02 
 1.19000e+02  1.74137e-02 
 1.19500e+02  1.73221e-02 
 1.20000e+02  1.79871e-02 
 1.20500e+02  1.82099e-02 
 1.21000e+02  1.82517e-02 
 1.21500e+02  1.85888e-02 
 1.22000e+02  1.83291e-02 
 1.22500e+02  1.86661e-02 
 1.23000e+02  1.85649e-02 
 1.23500e+02  1.88111e-02 
 1.24000e+02  1.93878e-02 
 1.24500e+02  1.90012e-02 
 1.25000e+02  2.00170e-02 
 1.25500e+02  1.99790e-02 
 1.26000e+02  2.00751e-02 
 1.26500e+02  2.01718e-02 
 1.27000e+02  2.04284e-02 
 1.27500e+02  2.07142e-02 
 1.28000e+02  2.10473e-02 
 1.28500e+02  2.18866e-02 
 1.29000e+02  2.19085e-02 
 1.29500e+02  2.22046e-02 
 1.30000e+02  2.25950e-02 
 1.30500e+02  2.28698e-02 
 1.31000e+02  2.23291e-02 
 1.31500e+02  2.29689e-02 
 1.32000e+02  2.26723e-02 
 1.32500e+02  2.27520e-02 
 1.33000e+02  2.35071e-02 
 1.33500e+02  2.31387e-02 
 1.34000e+02  2.33482e-02 
 1.34500e+02  2.37416e-02 
 1.35000e+02  2.30604e-02 
 1.35500e+02  2.35274e-02 
 1.36000e+02  2.40334e-02 
 1.36500e+02  2.37487e-02 
 1.37000e+02  2.39327e-02 
 1.37500e+02  2.40736e-02 
 1.38000e+02  2.46858e-02 
 1.38500e+02  2.43487e-02 
 1.39000e+02  2.49230e-02 
 1.39500e+02  2.44311e-02 
 1.40000e+02  2.42362e-02 
 1.40500e+02  2.50183e-02 
 1.41000e+02  2.53352e-02 
 1.41500e+02  2.53443e-02 
 1.42000e+02  2.47727e-02 
 1.42500e+02  2.50513e-02 
 1.43000e+02  2.53631e-02 
 1.43500e+02  2.47035e-02 
 1.44000e+02  2.61041e-02 
 1.44500e+02  2.56548e-02 
 1.45000e+02  2.54341e-02 
 1.45500e+02  2.60633e-02 
 1.46000e+02  2.57463e-02 
 1.46500e+02  2.58376e-02 
 1.47000e+02  2.64434e-02 
 1.47500e+02  2.60045e-02 
 1.48000e+02  2.68104e-02 
 1.48500e+02  2.65203e-02 
 1.49000e+02  2.59069e-02 
 1.49500e+02  2.64995e-02 
 1.50000e+02  2.58801e-02 
 1.50500e+02  2.52378e-02 
 1.51000e+02  2.61259e-02 
 1.51500e+02  2.64105e-02 
 1.52000e+02  2.68376e-02 
 1.52500e+02  2.63766e-02 
 1.53000e+02  2.72563e-02 
 1.53500e+02  2.66502e-02 
 1.54000e+02  2.71720e-02 
 1.54500e+02  2.63679e-02 
 1.55000e+02  2.67783e-02 
 1.55500e+02  2.64497e-02 
 1.56000e+02  2.66132e-02 
 1.56500e+02  2.66791e-02 
 1.57000e+02  2.64196e-02 
 1.57500e+02  2.63406e-02 
 1.58000e+02  2.66758e-02 
 1.58500e+02  2.61866e-02 
 1.59000e+02  2.70352e-02 
 1.59500e+02  2.63477e-02 
 1.60000e+02  2.69878e-02 
 1.60500e+02  2.65437e-02 
 1.61000e+02  2.64936e-02 
 1.61500e+02  2.66800e-02 
 1.62000e+02  2.67716e-02 
 1.62500e+02  2.63140e-02 
 1.63000e+02  2.71201e-02 
 1.63500e+02  2.71208e-02 
 1.64000e+02  2.75259e-02 
 1.64500e+02  2.72736e-02 
 1.65000e+02  2.68885e-02 
 1.65500e+02  2.63897e-02 
 1.66000e+02  2.62360e-02 
 1.66500e+02  2.67421e-02 
 1.67000e+02  2.63112e-02 
 1.67500e+02  2.59731e-02 
 1.68000e+02  2.61518e-02 
 1.68500e+02  2.62925e-02 
 1.69000e+02  2.54840e-02 
 1.69500e+02  2.58073e-02 
 1.70000e+02  2.55155e-02 
 1.70500e+02  2.61143e-02 
 1.71000e+02  2.66822e-02 
 1.71500e+02  2.70485e-02 
 1.72000e+02  2.61946e-02 
 1.72500e+02  2.62958e-02 
 1.73000e+02  2.56683e-02 
 1.73500e+02  2.55573e-02 
 1.74000e+02  2.54054e-02 
 1.74500e+02  2.57999e-02 
 1.75000e+02  2.55190e-02 
 1.75500e+02  2.53710e-02 
 1.76000e+02  2.56071e-02 
 1.76500e+02  2.47624e-02 
 1.77000e+02  2.50846e-02 
 1.77500e+02  2.48829e-02 
 1.78000e+02  2.43831e-02 
 1.78500e+02  2.41673e-02 
 1.79000e+02  2.38220e-02 
 1.79500e+02  2.38447e-02 
 1.80000e+02  2.38383e-02 
 1.80500e+02  2.41038e-02 
 1.81000e+02  2.41763e-02 
 1.81500e+02  2.43159e-02 
 1.82000e+02  2.45365e-02 
 1.82500e+02  2.43642e-02 
 1.83000e+02  2.39508e-02 
 1.83500e+02  2.36994e-02 
 1.84000e+02  2.38324e-02 
 1.84500e+02  2.38019e-02 
 1.85000e+02  2.32171e-02 
 1.85500e+02  2.34912e-02 
 1.86000e+02  2.28330e-02 
 1.86500e+02  2.32213e-02 
 1.87000e+02  2.23661e-02 
 1.87500e+02  2.19735e-02 
 1.88000e+02  2.17624e-02 
 1.88500e+02  2.20795e-02 
 1.89000e+02  2.09464e-02 
 1.89500e+02  2.06270e-02 
 1.90000e+02  2.11631e-02 
 1.90500e+02  2.03489e-02 
 1.91000e+02  2.06451e-02 
 1.91500e+02  2.03026e-02 
 1.92000e+02  1.99912e-02 
 1.92500e+02  1.96528e-02 
 1.93000e+02  1.96964e-02 
 1.93500e+02  1.93680e-02 
 1.94000e+02  1.91632e-02 
 1.94500e+02  1.89608e-02 
 1.95000e+02  1.84915e-02 
 1.95500e+02  1.80184e-02 
 1.96000e+02  1.76555e-02 
 1.96500e+02  1.76259e-02 
 1.97000e+02  1.70946e-02 
 1.97500e+02  1.71595e-02 
 1.98000e+02  1.73121e-02 
 1.98500e+02  1.66638e-02 
 1.99000e+02  1.64427e-02 
 1.99500e+02  1.69170e-02 
 2.00000e+02  1.67710e-02 
 2.00500e+02  1.59583e-02 
 2.01000e+02  1.56949e-02 
 2.01500e+02  1.51927e-02 
 2.02000e+02  1.47478e-02 
 2.02500e+02  1.43629e-02 
 2.03000e+02  1.39140e-02 
 2.03500e+02  1.32091e-02 
 2.04000e+02  1.27700e-02 
 2.04500e+02  1.27338e-02 
 2.05000e+02  1.23485e-02 
 2.05500e+02  1.16809e-02 
 2.06000e+02  1.14429e-02 
 2.06500e+02  1.10451e-02 
 2.07000e+02  1.09602e-02 
 2.07500e+02  1.05404e-02 
 2.08000e+02  1.05733e-02 
 2.08500e+02  1.03277e-02 
 2.09000e+02  1.01681e-02 
 2.09500e+02  9.87545e-03 
 2.10000e+02  9.75345e-03 
 2.10500e+02  9.73198e-03 
 2.11000e+02  9.50669e-03 
 2.11500e+02  9.69685e-03 
 2.12000e+02  9.73053e-03 
 2.12500e+02  9.65426e-03 
 2.13000e+02  9.50252e-03 
 2.13500e+02  9.64690e-03 
 2.14000e+02  9.31164e-03 
 2.14500e+02  9.30298e-03 
 2.15000e+02  9.31794e-03 
 2.15500e+02  9.21643e-03 
 2.16000e+02  9.18619e-03 
 2.16500e+02  8.99372e-03 
 2.17000e+02  8.85028e-03 
 2.17500e+02  8.81441e-03 
 2.18000e+02  8.84202e-03 
 2.18500e+02  8.94258e-03 
 2.19000e+02  9.00937e-03 
 2.19500e+02  8.74998e-03 
 2.20000e+02  8.77376e-03 
 2.20500e+02  8.79076e-03 
 2.21000e+02  8.67799e-03 
 2.21500e+02  8.68014e-03 
 2.22000e+02  8.62338e-03 
 2.22500e+02  8.60546e-03 
 2.23000e+02  8.48134e-03 
 2.23500e+02  8.47777e-03 
 2.24000e+02  8.24764e-03 
 2.24500e+02  8.27034e-03 
 2.25000e+02  8.25460e-03 
 2.25500e+02  8.22598e-03 
 2.26000e+02  8.08705e-03 
 2.26500e+02  8.08014e-03 
 2.27000e+02  7.97990e-03 
 2.27500e+02  7.93887e-03 
 2.28000e+02  8.00957e-03 
 2.28500e+02  7.77787e-03 
 2.29000e+02  7.75010e-03 
 2.29500e+02  7.66159e-03 
 2.30000e+02  7.67637e-03 
 2.30500e+02  7.55554e-03 
 2.31000e+02  7.39971e-03 
 2.31500e+02  7.20658e-03 
 2.32000e+02  7.16350e-03 
 2.32500e+02  7.21784e-03 
 2.33000e+02  7.18619e-03 
 2.33500e+02  7.22693e-03 
 2.34000e+02  7.04501e-03 
 2.34500e+02  7.14233e-03 
 2.35000e+02  7.05857e-03 
 2.35500e+02  6.82263e-03 
 2.36000e+02  6.70275e-03 
 2.36500e+02  6.72283e-03 
 2.37000e+02  6.59076e-03 
 2.37500e+02  6.52201e-03 
 2.38000e+02  6.52074e-03 
 2.38500e+02  6.55208e-03 
 2.39000e+02  6.51441e-03 
 2.39500e+02  6.28714e-03 
 2.40000e+02  6.25048e-03 
 2.40500e+02  6.13541e-03 
 2.41000e+02  6.10419e-03 
 2.41500e+02  5.87990e-03 
 2.42000e+02  5.82990e-03 
 2.42500e+02  5.70414e-03 
 2.43000e+02  5.58458e-03 
 2.43500e+02  5.53669e-03 
 2.44000e+02  5.48833e-03 
 2.44500e+02  5.42617e-03 
 2.45000e+02  5.23894e-03 
 2.45500e+02  5.24347e-03 
 2.46000e+02  5.19440e-03 
 2.46500e+02  5.15676e-03 
 2.47000e+02  5.01426e-03 
 2.47500e+02  4.88222e-03 
 2.48000e+02  4.76470e-03 
 2.48500e+02  4.75459e-03 
 2.49000e+02  4.64574e-03 
 2.49500e+02  4.56686e-03 
 2.50000e+02  4.43232e-03 
 2.50500e+02  4.32490e-03 
 2.51000e+02  4.26866e-03 
 2.51500e+02  4.17405e-03 
 2.52000e+02  4.11594e-03 
 2.52500e+02  4.01999e-03 
 2.53000e+02  3.89090e-03 
 2.53500e+02  3.83187e-03 
 2.54000e+02  3.74708e-03 
 2.54500e+02  3.63724e-03 
 2.55000e+02  3.56547e-03 
 2.55500e+02  3.51832e-03 
 2.56000e+02  3.40098e-03 
 2.56500e+02  3.33455e-03 
 2.57000e+02  3.24083e-03 
 2.57500e+02  3.16360e-03 
 2.58000e+02  3.12087e-03 
 2.58500e+02  3.05774e-03 
 2.59000e+02  2.98640e-03 
 2.59500e+02  2.94027e-03 
 2.60000e+02  2.84916e-03 
 2.60500e+02  2.81693e-03 
 2.61000e+02  2.72307e-03 
 2.61500e+02  2.64674e-03 
 2.62000e+02  2.60800e-03 
 2.62500e+02  2.56110e-03 
 2.63000e+02  2.51750e-03 
 2.63500e+02  2.46028e-03 
 2.64000e+02  2.39802e-03 
 2.64500e+02  2.35721e-03 
 2.65000e+02  2.29496e-03 
 2.65500e+02  2.25483e-03 
 2.66000e+02  2.22284e-03 
 2.66500e+02  2.19263e-03 
 2.67000e+02  2.16140e-03 
 2.67500e+02  2.10450e-03 
 2.68000e+02  2.05902e-03 
 2.68500e+02  2.02785e-03 
 2.69000e+02  1.99884e-03 
 2.69500e+02  1.96644e-03 
 2.70000e+02  1.94496e-03 
 2.70500e+02  1.92074e-03 
 2.71000e+02  1.88954e-03 
 2.71500e+02  1.87365e-03 
 2.72000e+02  1.83834e-03 
 2.72500e+02  1.81187e-03 
 2.73000e+02  1.77415e-03 
 2.73500e+02  1.74457e-03 
 2.74000e+02  1.71743e-03 
 2.74500e+02  1.68794e-03 
 2.75000e+02  1.66143e-03 
 2.75500e+02  1.63831e-03 
 2.76000e+02  1.61469e-03 
 2.76500e+02  1.59526e-03 
 2.77000e+02  1.57870e-03 
 2.77500e+02  1.54348e-03 
 2.78000e+02  1.52874e-03 
 2.78500e+02  1.50035e-03 
 2.79000e+02  1.47148e-03 
 2.79500e+02  1.44791e-03 
 2.80000e+02  1.43183e-03 
 2.80500e+02  1.41694e-03 
 2.81000e+02  1.39978e-03 
 2.81500e+02  1.37558e-03 
 2.82000e+02  1.36278e-03 
 2.82500e+02  1.36451e-03 
 2.83000e+02  1.34266e-03 
 2.83500e+02  1.31430e-03 
 2.84000e+02  1.30294e-03 
 2.84500e+02  1.27681e-03 
 2.85000e+02  1.27328e-03 
 2.85500e+02  1.25231e-03 
 2.86000e+02  1.23953e-03 
 2.86500e+02  1.22372e-03 
 2.87000e+02  1.21843e-03 
 2.87500e+02  1.19617e-03 
 2.88000e+02  1.17795e-03 
 2.88500e+02  1.17352e-03 
 2.89000e+02  1.16762e-03 
 2.89500e+02  1.15727e-03 
 2.90000e+02  1.15693e-03 
 2.90500e+02  1.14753e-03 
 2.91000e+02  1.12728e-03 
 2.91500e+02  1.11392e-03 
 2.92000e+02  1.10562e-03 
 2.92500e+02  1.08903e-03 
 2.93000e+02  1.08517e-03 
 2.93500e+02  1.06317e-03 
 2.94000e+02  1.05586e-03 
 2.94500e+02  1.05206e-03 
 2.95000e+02  1.03284e-03 
 2.95500e+02  1.02570e-03 
 2.96000e+02  1.01855e-03 
 2.96500e+02  1.00582e-03 
 2.97000e+02  9.98736e-04 
 2.97500e+02  9.93104e-04 
 2.98000e+02  9.88312e-04 
 2.98500e+02  9.72200e-04 
 2.99000e+02  9.59064e-04 
 2.99500e+02  9.49136e-04 
 3.00000e+02  9.37944e-04 
 3.00500e+02  9.31424e-04 
 3.01000e+02  9.25928e-04 
 3.01500e+02  9.25928e-04 
 3.02000e+02  9.22296e-04 
 3.02500e+02  9.12440e-04 
 3.03000e+02  9.00856e-04 
 3.03500e+02  8.93328e-04 
 3.04000e+02  8.88288e-04 
 3.04500e+02  8.85920e-04 
 3.05000e+02  8.76120e-04 
 3.05500e+02  8.68088e-04 
 3.06000e+02  8.63512e-04 
 3.06500e+02  8.52768e-04 
 3.07000e+02  8.47216e-04 
 3.07500e+02  8.37336e-04 
 3.08000e+02  8.37208e-04 
 3.08500e+02  8.34040e-04 
 3.09000e+02  8.28624e-04 
 3.09500e+02  8.27992e-04 
 3.10000e+02  8.17560e-04 
 3.10500e+02  8.14464e-04 
 3.11000e+02  8.04208e-04 
 3.11500e+02  7.98160e-04 
 3.12000e+02  7.91376e-04 
 3.12500e+02  7.84096e-04 
 3.13000e+02  7.81272e-04 
 3.13500e+02  7.77168e-04 
 3.14000e+02  7.66304e-04 
 3.14500e+02  7.62856e-04 
 3.15000e+02  7.53408e-04 
 3.15500e+02  7.53624e-04 
 3.16000e+02  7.48440e-04 
 3.16500e+02  7.42560e-04 
 3.17000e+02  7.38808e-04 
 3.17500e+02  7.30776e-04 
 3.18000e+02  7.27600e-04 
 3.18500e+02  7.19824e-04 
 3.19000e+02  7.19552e-04 
 3.19500e+02  7.18360e-04 
