 0.00000e+00  0.00000e+00 
 5.00000e-01  0.00000e+00 
 1.00000e+00  0.00000e+00 
 1.50000e+00  0.00000e+00 
 2.00000e+00  0.00000e+00 
 2.50000e+00  0.00000e+00 
 3.00000e+00  0.00000e+00 
 3.50000e+00  0.00000e+00 
 4.00000e+00  0.00000e+00 
 4.50000e+00  0.00000e+00 
 5.00000e+00  0.00000e+00 
 5.50000e+00  0.00000e+00 
 6.00000e+00  0.00000e+00 
 6.50000e+00  0.00000e+00 
 7.00000e+00  0.00000e+00 
 7.50000e+00  0.00000e+00 
 8.00000e+00  0.00000e+00 
 8.50000e+00  0.00000e+00 
 9.00000e+00  4.48000e-07 
 9.50000e+00  3.36000e-07 
 1.00000e+01  2.80000e-07 
 1.05000e+01  2.48000e-07 
 1.10000e+01  2.00000e-07 
 1.15000e+01  1.84000e-07 
 1.20000e+01  1.76000e-07 
 1.25000e+01  1.68000e-07 
 1.30000e+01  1.52000e-07 
 1.35000e+01  1.44000e-07 
 1.40000e+01  1.36000e-07 
 1.45000e+01  1.28000e-07 
 1.50000e+01  1.28000e-07 
 1.55000e+01  1.28000e-07 
 1.60000e+01  1.20000e-07 
 1.65000e+01  1.20000e-07 
 1.70000e+01  1.12000e-07 
 1.75000e+01  1.04000e-07 
 1.80000e+01  1.04000e-07 
 1.85000e+01  9.60000e-08 
 1.90000e+01  1.04000e-07 
 1.95000e+01  1.97600e-06 
 2.00000e+01  8.72000e-07 
 2.05000e+01  7.28000e-07 
 2.10000e+01  6.08000e-07 
 2.15000e+01  5.36000e-07 
 2.20000e+01  4.96000e-07 
 2.25000e+01  4.80000e-07 
 2.30000e+01  4.40000e-07 
 2.35000e+01  4.16000e-07 
 2.40000e+01  3.84000e-07 
 2.45000e+01  3.76000e-07 
 2.50000e+01  3.84000e-07 
 2.55000e+01  3.60000e-07 
 2.60000e+01  3.44000e-07 
 2.65000e+01  3.44000e-07 
 2.70000e+01  3.12000e-07 
 2.75000e+01  3.20000e-07 
 2.80000e+01  1.68800e-06 
 2.85000e+01  1.38400e-06 
 2.90000e+01  2.08800e-06 
 2.95000e+01  3.16000e-06 
 3.00000e+01  2.11200e-06 
 3.05000e+01  1.74400e-06 
 3.10000e+01  1.48000e-06 
 3.15000e+01  1.28800e-06 
 3.20000e+01  1.21600e-06 
 3.25000e+01  1.14400e-06 
 3.30000e+01  1.08800e-06 
 3.35000e+01  3.46400e-06 
 3.40000e+01  2.31200e-06 
 3.45000e+01  2.03200e-06 
 3.50000e+01  1.72000e-06 
 3.55000e+01  1.57600e-06 
 3.60000e+01  1.49600e-06 
 3.65000e+01  1.43200e-06 
 3.70000e+01  1.36800e-06 
 3.75000e+01  1.32800e-06 
 3.80000e+01  1.26400e-06 
 3.85000e+01  1.25600e-06 
 3.90000e+01  1.20800e-06 
 3.95000e+01  2.50400e-06 
 4.00000e+01  3.97600e-06 
 4.05000e+01  3.46400e-06 
 4.10000e+01  2.79200e-06 
 4.15000e+01  2.46400e-06 
 4.20000e+01  4.47200e-06 
 4.25000e+01  4.06400e-06 
 4.30000e+01  4.76000e-06 
 4.35000e+01  4.04800e-06 
 4.40000e+01  3.45600e-06 
 4.45000e+01  3.18400e-06 
 4.50000e+01  7.70400e-06 
 4.55000e+01  6.77600e-06 
 4.60000e+01  6.64800e-06 
 4.65000e+01  6.62400e-06 
 4.70000e+01  7.60000e-06 
 4.75000e+01  9.25600e-06 
 4.80000e+01  8.01600e-06 
 4.85000e+01  6.48800e-06 
 4.90000e+01  5.92800e-06 
 4.95000e+01  7.60000e-06 
 5.00000e+01  7.15200e-06 
 5.05000e+01  8.70400e-06 
 5.10000e+01  8.72800e-06 
 5.15000e+01  1.00160e-05 
 5.20000e+01  1.03280e-05 
 5.25000e+01  9.99200e-06 
 5.30000e+01  9.16000e-06 
 5.35000e+01  7.84800e-06 
 5.40000e+01  1.04240e-05 
 5.45000e+01  1.16560e-05 
 5.50000e+01  1.86960e-05 
 5.55000e+01  1.73680e-05 
 5.60000e+01  1.77280e-05 
 5.65000e+01  1.48080e-05 
 5.70000e+01  1.58320e-05 
 5.75000e+01  1.27760e-05 
 5.80000e+01  1.73600e-05 
 5.85000e+01  1.55440e-05 
 5.90000e+01  1.35360e-05 
 5.95000e+01  1.61200e-05 
 6.00000e+01  1.74800e-05 
 6.05000e+01  1.47520e-05 
 6.10000e+01  1.82720e-05 
 6.15000e+01  1.60480e-05 
 6.20000e+01  2.18960e-05 
 6.25000e+01  2.69680e-05 
 6.30000e+01  2.26560e-05 
 6.35000e+01  2.38880e-05 
 6.40000e+01  2.07760e-05 
 6.45000e+01  1.92480e-05 
 6.50000e+01  3.23760e-05 
 6.55000e+01  3.43120e-05 
 6.60000e+01  3.60880e-05 
 6.65000e+01  3.63440e-05 
 6.70000e+01  3.19280e-05 
 6.75000e+01  3.37520e-05 
 6.80000e+01  5.00240e-05 
 6.85000e+01  5.46800e-05 
 6.90000e+01  6.35760e-05 
 6.95000e+01  6.62160e-05 
 7.00000e+01  6.07440e-05 
 7.05000e+01  8.34240e-05 
 7.10000e+01  6.97920e-05 
 7.15000e+01  7.45520e-05 
 7.20000e+01  7.56640e-05 
 7.25000e+01  7.75760e-05 
 7.30000e+01  8.85120e-05 
 7.35000e+01  9.33440e-05 
 7.40000e+01  1.22768e-04 
 7.45000e+01  1.38256e-04 
 7.50000e+01  1.63824e-04 
 7.55000e+01  1.55848e-04 
 7.60000e+01  1.46440e-04 
 7.65000e+01  1.66288e-04 
 7.70000e+01  1.67672e-04 
 7.75000e+01  1.68272e-04 
 7.80000e+01  1.71952e-04 
 7.85000e+01  2.01872e-04 
 7.90000e+01  1.70752e-04 
 7.95000e+01  1.84160e-04 
 8.00000e+01  2.14256e-04 
 8.05000e+01  2.00488e-04 
 8.10000e+01  1.79736e-04 
 8.15000e+01  1.95448e-04 
 8.20000e+01  2.16264e-04 
 8.25000e+01  2.04536e-04 
 8.30000e+01  2.03984e-04 
 8.35000e+01  2.06400e-04 
 8.40000e+01  2.07560e-04 
 8.45000e+01  1.95376e-04 
 8.50000e+01  1.92416e-04 
 8.55000e+01  2.01736e-04 
 8.60000e+01  2.33584e-04 
 8.65000e+01  2.88168e-04 
 8.70000e+01  2.72240e-04 
 8.75000e+01  2.84528e-04 
 8.80000e+01  3.14672e-04 
 8.85000e+01  2.96000e-04 
 8.90000e+01  3.13720e-04 
 8.95000e+01  3.30328e-04 
 9.00000e+01  3.21560e-04 
 9.05000e+01  3.62912e-04 
 9.10000e+01  3.36600e-04 
 9.15000e+01  3.27056e-04 
 9.20000e+01  3.68280e-04 
 9.25000e+01  3.33368e-04 
 9.30000e+01  3.53056e-04 
 9.35000e+01  3.71144e-04 
 9.40000e+01  3.89720e-04 
 9.45000e+01  3.83392e-04 
 9.50000e+01  4.20288e-04 
 9.55000e+01  4.08560e-04 
 9.60000e+01  3.99032e-04 
 9.65000e+01  4.27352e-04 
 9.70000e+01  4.04608e-04 
 9.75000e+01  3.68632e-04 
 9.80000e+01  3.64128e-04 
 9.85000e+01  3.64376e-04 
 9.90000e+01  3.64352e-04 
 9.95000e+01  3.61440e-04 
 1.00000e+02  4.15696e-04 
 1.00500e+02  4.00840e-04 
 1.01000e+02  3.98968e-04 
 1.01500e+02  4.40424e-04 
 1.02000e+02  4.52416e-04 
 1.02500e+02  4.88504e-04 
 1.03000e+02  4.97672e-04 
 1.03500e+02  5.40568e-04 
 1.04000e+02  5.62656e-04 
 1.04500e+02  6.67664e-04 
 1.05000e+02  6.93752e-04 
 1.05500e+02  6.24776e-04 
 1.06000e+02  6.49848e-04 
 1.06500e+02  7.09024e-04 
 1.07000e+02  7.78424e-04 
 1.07500e+02  9.02912e-04 
 1.08000e+02  8.65640e-04 
 1.08500e+02  1.00358e-03 
 1.09000e+02  1.11754e-03 
 1.09500e+02  1.17306e-03 
 1.10000e+02  1.25351e-03 
 1.10500e+02  1.34996e-03 
 1.11000e+02  1.40190e-03 
 1.11500e+02  1.58250e-03 
 1.12000e+02  1.75835e-03 
 1.12500e+02  1.90713e-03 
 1.13000e+02  2.11320e-03 
 1.13500e+02  2.09789e-03 
 1.14000e+02  2.23803e-03 
 1.14500e+02  2.55544e-03 
 1.15000e+02  2.78589e-03 
 1.15500e+02  2.86285e-03 
 1.16000e+02  2.93410e-03 
 1.16500e+02  3.23525e-03 
 1.17000e+02  3.56026e-03 
 1.17500e+02  3.68431e-03 
 1.18000e+02  3.47877e-03 
 1.18500e+02  3.52786e-03 
 1.19000e+02  3.91974e-03 
 1.19500e+02  4.01137e-03 
 1.20000e+02  4.10954e-03 
 1.20500e+02  4.16534e-03 
 1.21000e+02  4.24153e-03 
 1.21500e+02  4.38818e-03 
 1.22000e+02  4.71267e-03 
 1.22500e+02  4.65478e-03 
 1.23000e+02  5.13742e-03 
 1.23500e+02  5.44162e-03 
 1.24000e+02  5.05958e-03 
 1.24500e+02  4.95549e-03 
 1.25000e+02  5.28711e-03 
 1.25500e+02  5.25261e-03 
 1.26000e+02  5.42302e-03 
 1.26500e+02  5.56375e-03 
 1.27000e+02  5.25089e-03 
 1.27500e+02  5.41494e-03 
 1.28000e+02  5.63486e-03 
 1.28500e+02  5.78500e-03 
 1.29000e+02  5.89749e-03 
 1.29500e+02  5.91078e-03 
 1.30000e+02  6.05887e-03 
 1.30500e+02  6.09402e-03 
 1.31000e+02  5.99660e-03 
 1.31500e+02  6.32426e-03 
 1.32000e+02  6.48508e-03 
 1.32500e+02  6.66282e-03 
 1.33000e+02  6.77426e-03 
 1.33500e+02  6.71286e-03 
 1.34000e+02  7.09034e-03 
 1.34500e+02  7.26213e-03 
 1.35000e+02  7.25305e-03 
 1.35500e+02  7.22639e-03 
 1.36000e+02  7.56597e-03 
 1.36500e+02  7.24516e-03 
 1.37000e+02  7.49129e-03 
 1.37500e+02  7.20737e-03 
 1.38000e+02  7.18271e-03 
 1.38500e+02  7.50063e-03 
 1.39000e+02  7.68032e-03 
 1.39500e+02  7.45732e-03 
 1.40000e+02  7.53785e-03 
 1.40500e+02  7.82284e-03 
 1.41000e+02  7.60019e-03 
 1.41500e+02  7.57984e-03 
 1.42000e+02  7.46846e-03 
 1.42500e+02  7.30776e-03 
 1.43000e+02  7.72932e-03 
 1.43500e+02  8.13028e-03 
 1.44000e+02  8.06346e-03 
 1.44500e+02  7.42865e-03 
 1.45000e+02  8.07162e-03 
 1.45500e+02  7.59953e-03 
 1.46000e+02  7.99376e-03 
 1.46500e+02  7.95544e-03 
 1.47000e+02  7.78766e-03 
 1.47500e+02  7.90110e-03 
 1.48000e+02  8.04963e-03 
 1.48500e+02  7.92237e-03 
 1.49000e+02  8.36195e-03 
 1.49500e+02  8.09906e-03 
 1.50000e+02  7.89887e-03 
 1.50500e+02  7.95750e-03 
 1.51000e+02  7.96722e-03 
 1.51500e+02  8.47228e-03 
 1.52000e+02  8.43954e-03 
 1.52500e+02  8.22333e-03 
 1.53000e+02  8.19774e-03 
 1.53500e+02  8.27390e-03 
 1.54000e+02  8.30474e-03 
 1.54500e+02  8.44968e-03 
 1.55000e+02  8.01922e-03 
 1.55500e+02  7.68197e-03 
 1.56000e+02  8.21153e-03 
 1.56500e+02  8.71085e-03 
 1.57000e+02  8.41351e-03 
 1.57500e+02  8.40819e-03 
 1.58000e+02  8.30372e-03 
 1.58500e+02  8.34317e-03 
 1.59000e+02  8.06903e-03 
 1.59500e+02  8.21292e-03 
 1.60000e+02  8.63238e-03 
 1.60500e+02  8.76591e-03 
 1.61000e+02  8.33261e-03 
 1.61500e+02  8.41575e-03 
 1.62000e+02  8.85083e-03 
 1.62500e+02  8.51500e-03 
 1.63000e+02  8.24877e-03 
 1.63500e+02  8.19460e-03 
 1.64000e+02  8.13324e-03 
 1.64500e+02  8.13146e-03 
 1.65000e+02  8.02186e-03 
 1.65500e+02  8.45710e-03 
 1.66000e+02  7.93755e-03 
 1.66500e+02  7.90080e-03 
 1.67000e+02  8.04380e-03 
 1.67500e+02  8.30057e-03 
 1.68000e+02  8.28958e-03 
 1.68500e+02  8.13593e-03 
 1.69000e+02  7.84385e-03 
 1.69500e+02  7.66804e-03 
 1.70000e+02  7.78734e-03 
 1.70500e+02  8.11770e-03 
 1.71000e+02  7.79020e-03 
 1.71500e+02  7.52422e-03 
 1.72000e+02  8.04698e-03 
 1.72500e+02  7.94095e-03 
 1.73000e+02  7.92718e-03 
 1.73500e+02  8.25944e-03 
 1.74000e+02  7.87102e-03 
 1.74500e+02  7.88065e-03 
 1.75000e+02  7.75717e-03 
 1.75500e+02  7.78504e-03 
 1.76000e+02  7.82237e-03 
 1.76500e+02  7.47396e-03 
 1.77000e+02  7.67670e-03 
 1.77500e+02  7.70843e-03 
 1.78000e+02  7.97092e-03 
 1.78500e+02  8.10829e-03 
 1.79000e+02  7.89105e-03 
 1.79500e+02  7.68611e-03 
 1.80000e+02  7.94939e-03 
 1.80500e+02  8.02940e-03 
 1.81000e+02  8.11306e-03 
 1.81500e+02  7.82120e-03 
 1.82000e+02  7.56350e-03 
 1.82500e+02  7.76867e-03 
 1.83000e+02  7.57630e-03 
 1.83500e+02  7.60813e-03 
 1.84000e+02  7.42800e-03 
 1.84500e+02  7.01661e-03 
 1.85000e+02  7.03555e-03 
 1.85500e+02  7.27545e-03 
 1.86000e+02  7.07146e-03 
 1.86500e+02  7.25015e-03 
 1.87000e+02  6.73894e-03 
 1.87500e+02  6.53812e-03 
 1.88000e+02  6.34644e-03 
 1.88500e+02  6.42030e-03 
 1.89000e+02  6.21773e-03 
 1.89500e+02  6.11190e-03 
 1.90000e+02  5.76328e-03 
 1.90500e+02  5.61477e-03 
 1.91000e+02  5.87512e-03 
 1.91500e+02  5.71519e-03 
 1.92000e+02  5.69149e-03 
 1.92500e+02  5.48514e-03 
 1.93000e+02  5.31210e-03 
 1.93500e+02  5.25278e-03 
 1.94000e+02  4.98722e-03 
 1.94500e+02  4.62548e-03 
 1.95000e+02  4.60108e-03 
 1.95500e+02  4.41950e-03 
 1.96000e+02  4.49050e-03 
 1.96500e+02  4.18984e-03 
 1.97000e+02  4.02993e-03 
 1.97500e+02  3.99075e-03 
 1.98000e+02  4.01392e-03 
 1.98500e+02  4.05987e-03 
 1.99000e+02  3.84756e-03 
 1.99500e+02  3.76466e-03 
 2.00000e+02  3.62284e-03 
 2.00500e+02  3.52850e-03 
 2.01000e+02  3.55667e-03 
 2.01500e+02  3.06458e-03 
 2.02000e+02  3.00877e-03 
 2.02500e+02  2.66232e-03 
 2.03000e+02  2.64067e-03 
 2.03500e+02  2.32943e-03 
 2.04000e+02  2.11156e-03 
 2.04500e+02  2.04309e-03 
 2.05000e+02  1.85108e-03 
 2.05500e+02  1.58970e-03 
 2.06000e+02  1.51234e-03 
 2.06500e+02  1.39342e-03 
 2.07000e+02  1.26430e-03 
 2.07500e+02  1.22205e-03 
 2.08000e+02  1.15848e-03 
 2.08500e+02  1.14534e-03 
 2.09000e+02  1.10104e-03 
 2.09500e+02  1.05166e-03 
 2.10000e+02  8.54376e-04 
 2.10500e+02  8.10920e-04 
 2.11000e+02  7.36304e-04 
 2.11500e+02  7.06992e-04 
 2.12000e+02  6.30688e-04 
 2.12500e+02  6.69544e-04 
 2.13000e+02  6.30536e-04 
 2.13500e+02  6.28800e-04 
 2.14000e+02  6.44088e-04 
 2.14500e+02  6.27448e-04 
 2.15000e+02  6.17776e-04 
 2.15500e+02  5.79920e-04 
 2.16000e+02  5.43272e-04 
 2.16500e+02  5.67232e-04 
 2.17000e+02  5.93272e-04 
 2.17500e+02  5.15376e-04 
 2.18000e+02  4.47256e-04 
 2.18500e+02  4.21432e-04 
 2.19000e+02  3.79888e-04 
 2.19500e+02  4.20400e-04 
 2.20000e+02  4.01400e-04 
 2.20500e+02  4.14864e-04 
 2.21000e+02  3.77168e-04 
 2.21500e+02  3.50400e-04 
 2.22000e+02  3.37168e-04 
 2.22500e+02  3.24328e-04 
 2.23000e+02  3.57352e-04 
 2.23500e+02  3.18360e-04 
 2.24000e+02  3.56656e-04 
 2.24500e+02  3.60528e-04 
 2.25000e+02  3.26592e-04 
 2.25500e+02  3.13288e-04 
 2.26000e+02  3.13216e-04 
 2.26500e+02  2.88624e-04 
 2.27000e+02  2.86288e-04 
 2.27500e+02  2.71624e-04 
 2.28000e+02  2.65320e-04 
 2.28500e+02  2.65984e-04 
 2.29000e+02  2.38928e-04 
 2.29500e+02  2.62344e-04 
 2.30000e+02  3.05352e-04 
 2.30500e+02  2.78096e-04 
 2.31000e+02  2.86480e-04 
 2.31500e+02  2.54840e-04 
 2.32000e+02  2.27064e-04 
 2.32500e+02  2.20768e-04 
 2.33000e+02  2.08608e-04 
 2.33500e+02  2.25144e-04 
 2.34000e+02  2.47624e-04 
 2.34500e+02  2.24520e-04 
 2.35000e+02  2.09552e-04 
 2.35500e+02  1.72064e-04 
 2.36000e+02  1.73432e-04 
 2.36500e+02  1.71448e-04 
 2.37000e+02  1.70176e-04 
 2.37500e+02  1.59272e-04 
 2.38000e+02  1.69344e-04 
 2.38500e+02  1.47848e-04 
 2.39000e+02  1.66040e-04 
 2.39500e+02  1.49608e-04 
 2.40000e+02  1.29984e-04 
 2.40500e+02  1.24000e-04 
 2.41000e+02  1.24696e-04 
 2.41500e+02  1.40600e-04 
 2.42000e+02  1.31344e-04 
 2.42500e+02  1.25464e-04 
 2.43000e+02  1.16584e-04 
 2.43500e+02  8.60880e-05 
 2.44000e+02  9.44560e-05 
 2.44500e+02  8.51680e-05 
 2.45000e+02  9.25040e-05 
 2.45500e+02  9.03760e-05 
 2.46000e+02  8.36400e-05 
 2.46500e+02  9.03040e-05 
 2.47000e+02  6.06560e-05 
 2.47500e+02  5.74400e-05 
 2.48000e+02  6.05840e-05 
 2.48500e+02  4.71680e-05 
 2.49000e+02  4.90320e-05 
 2.49500e+02  5.72560e-05 
 2.50000e+02  4.36640e-05 
 2.50500e+02  3.20000e-05 
 2.51000e+02  4.27600e-05 
 2.51500e+02  3.25440e-05 
 2.52000e+02  3.13920e-05 
 2.52500e+02  3.15680e-05 
 2.53000e+02  3.14240e-05 
 2.53500e+02  2.30000e-05 
 2.54000e+02  1.64080e-05 
 2.54500e+02  1.90720e-05 
 2.55000e+02  1.50320e-05 
 2.55500e+02  1.64640e-05 
 2.56000e+02  2.02880e-05 
 2.56500e+02  1.99680e-05 
 2.57000e+02  2.11520e-05 
 2.57500e+02  1.27760e-05 
 2.58000e+02  8.75200e-06 
 2.58500e+02  9.04800e-06 
 2.59000e+02  9.64800e-06 
 2.59500e+02  1.07200e-05 
 2.60000e+02  1.39840e-05 
 2.60500e+02  1.16320e-05 
 2.61000e+02  1.64880e-05 
 2.61500e+02  1.12400e-05 
 2.62000e+02  8.92800e-06 
 2.62500e+02  9.56800e-06 
 2.63000e+02  1.15920e-05 
 2.63500e+02  8.64000e-06 
 2.64000e+02  9.55200e-06 
 2.64500e+02  1.13520e-05 
 2.65000e+02  1.16720e-05 
 2.65500e+02  9.55200e-06 
 2.66000e+02  1.00480e-05 
 2.66500e+02  5.91200e-06 
 2.67000e+02  3.92000e-06 
 2.67500e+02  4.20000e-06 
 2.68000e+02  4.48000e-06 
 2.68500e+02  4.80000e-06 
 2.69000e+02  5.64800e-06 
 2.69500e+02  5.08000e-06 
 2.70000e+02  5.08000e-06 
 2.70500e+02  5.55200e-06 
 2.71000e+02  6.56800e-06 
 2.71500e+02  8.65600e-06 
 2.72000e+02  1.02320e-05 
 2.72500e+02  3.79200e-06 
 2.73000e+02  3.48800e-06 
 2.73500e+02  1.67200e-06 
 2.74000e+02  1.73600e-06 
 2.74500e+02  1.88000e-06 
 2.75000e+02  1.98400e-06 
 2.75500e+02  2.29600e-06 
 2.76000e+02  3.76800e-06 
 2.76500e+02  2.61600e-06 
 2.77000e+02  2.48000e-06 
 2.77500e+02  2.49600e-06 
 2.78000e+02  1.52800e-06 
 2.78500e+02  2.28800e-06 
 2.79000e+02  1.39200e-06 
 2.79500e+02  5.44000e-07 
 2.80000e+02  5.44000e-07 
 2.80500e+02  5.52000e-07 
 2.81000e+02  5.76000e-07 
 2.81500e+02  5.60000e-07 
 2.82000e+02  5.76000e-07 
 2.82500e+02  5.92000e-07 
 2.83000e+02  6.08000e-07 
 2.83500e+02  6.16000e-07 
 2.84000e+02  6.32000e-07 
 2.84500e+02  6.48000e-07 
 2.85000e+02  6.80000e-07 
 2.85500e+02  7.12000e-07 
 2.86000e+02  7.20000e-07 
 2.86500e+02  7.68000e-07 
 2.87000e+02  7.84000e-07 
 2.87500e+02  8.56000e-07 
 2.88000e+02  9.12000e-07 
 2.88500e+02  1.01600e-06 
 2.89000e+02  1.24800e-06 
 2.89500e+02  2.42400e-06 
 2.90000e+02  3.76000e-07 
 2.90500e+02  3.84000e-07 
 2.91000e+02  4.00000e-07 
 2.91500e+02  4.00000e-07 
 2.92000e+02  4.00000e-07 
 2.92500e+02  4.32000e-07 
 2.93000e+02  4.40000e-07 
 2.93500e+02  4.48000e-07 
 2.94000e+02  4.64000e-07 
 2.94500e+02  4.96000e-07 
 2.95000e+02  5.44000e-07 
 2.95500e+02  5.60000e-07 
 2.96000e+02  6.32000e-07 
 2.96500e+02  8.32000e-07 
 2.97000e+02  8.64000e-07 
 2.97500e+02  3.04000e-07 
 2.98000e+02  3.12000e-07 
 2.98500e+02  3.52000e-07 
 2.99000e+02  4.64000e-07 
 2.99500e+02  4.80000e-07 
 3.00000e+02  4.88000e-07 
 3.00500e+02  5.12000e-07 
 3.01000e+02  5.36000e-07 
 3.01500e+02  5.84000e-07 
 3.02000e+02  6.00000e-07 
 3.02500e+02  6.40000e-07 
 3.03000e+02  6.96000e-07 
 3.03500e+02  7.76000e-07 
 3.04000e+02  8.96000e-07 
 3.04500e+02  1.21600e-06 
 3.05000e+02  1.56800e-06 
 3.05500e+02  2.72000e-07 
 3.06000e+02  2.88000e-07 
 3.06500e+02  3.04000e-07 
 3.07000e+02  3.04000e-07 
 3.07500e+02  3.20000e-07 
 3.08000e+02  3.44000e-07 
 3.08500e+02  4.08000e-07 
 3.09000e+02  4.32000e-07 
 3.09500e+02  4.64000e-07 
 3.10000e+02  5.52000e-07 
 3.10500e+02  7.92000e-07 
 3.11000e+02  1.75200e-06 
 3.11500e+02  3.20000e-08 
 3.12000e+02  0.00000e+00 
 3.12500e+02  0.00000e+00 
 3.13000e+02  0.00000e+00 
 3.13500e+02  0.00000e+00 
 3.14000e+02  0.00000e+00 
 3.14500e+02  0.00000e+00 
 3.15000e+02  0.00000e+00 
 3.15500e+02  0.00000e+00 
 3.16000e+02  0.00000e+00 
 3.16500e+02  0.00000e+00 
 3.17000e+02  0.00000e+00 
 3.17500e+02  0.00000e+00 
 3.18000e+02  0.00000e+00 
 3.18500e+02  0.00000e+00 
 3.19000e+02  0.00000e+00 
 3.19500e+02  0.00000e+00 
