 0.00000e+00  0.00000e+00 
 5.00000e-01  0.00000e+00 
 1.00000e+00  0.00000e+00 
 1.50000e+00  0.00000e+00 
 2.00000e+00  0.00000e+00 
 2.50000e+00  0.00000e+00 
 3.00000e+00  0.00000e+00 
 3.50000e+00  0.00000e+00 
 4.00000e+00  0.00000e+00 
 4.50000e+00  0.00000e+00 
 5.00000e+00  0.00000e+00 
 5.50000e+00  0.00000e+00 
 6.00000e+00  0.00000e+00 
 6.50000e+00  0.00000e+00 
 7.00000e+00  0.00000e+00 
 7.50000e+00  0.00000e+00 
 8.00000e+00  0.00000e+00 
 8.50000e+00  0.00000e+00 
 9.00000e+00  0.00000e+00 
 9.50000e+00  0.00000e+00 
 1.00000e+01  0.00000e+00 
 1.05000e+01  0.00000e+00 
 1.10000e+01  0.00000e+00 
 1.15000e+01  0.00000e+00 
 1.20000e+01  0.00000e+00 
 1.25000e+01  0.00000e+00 
 1.30000e+01  0.00000e+00 
 1.35000e+01  0.00000e+00 
 1.40000e+01  0.00000e+00 
 1.45000e+01  0.00000e+00 
 1.50000e+01  0.00000e+00 
 1.55000e+01  0.00000e+00 
 1.60000e+01  0.00000e+00 
 1.65000e+01  0.00000e+00 
 1.70000e+01  0.00000e+00 
 1.75000e+01  0.00000e+00 
 1.80000e+01  0.00000e+00 
 1.85000e+01  0.00000e+00 
 1.90000e+01  0.00000e+00 
 1.95000e+01  0.00000e+00 
 2.00000e+01  0.00000e+00 
 2.05000e+01  0.00000e+00 
 2.10000e+01  0.00000e+00 
 2.15000e+01  1.66400e-06 
 2.20000e+01  1.48000e-06 
 2.25000e+01  1.04000e-06 
 2.30000e+01  8.72000e-07 
 2.35000e+01  7.04000e-07 
 2.40000e+01  6.48000e-07 
 2.45000e+01  6.16000e-07 
 2.50000e+01  5.68000e-07 
 2.55000e+01  5.20000e-07 
 2.60000e+01  4.80000e-07 
 2.65000e+01  4.56000e-07 
 2.70000e+01  4.56000e-07 
 2.75000e+01  4.48000e-07 
 2.80000e+01  4.16000e-07 
 2.85000e+01  1.18400e-06 
 2.90000e+01  1.84000e-06 
 2.95000e+01  1.03200e-06 
 3.00000e+01  6.88000e-07 
 3.05000e+01  6.24000e-07 
 3.10000e+01  7.44000e-07 
 3.15000e+01  7.84000e-07 
 3.20000e+01  7.20000e-07 
 3.25000e+01  6.56000e-07 
 3.30000e+01  6.48000e-07 
 3.35000e+01  6.32000e-07 
 3.40000e+01  6.24000e-07 
 3.45000e+01  3.86400e-06 
 3.50000e+01  3.88000e-06 
 3.55000e+01  3.00800e-06 
 3.60000e+01  2.24800e-06 
 3.65000e+01  1.95200e-06 
 3.70000e+01  1.78400e-06 
 3.75000e+01  2.80000e-06 
 3.80000e+01  2.36000e-06 
 3.85000e+01  2.19200e-06 
 3.90000e+01  1.94400e-06 
 3.95000e+01  1.85600e-06 
 4.00000e+01  1.76800e-06 
 4.05000e+01  1.64800e-06 
 4.10000e+01  1.46400e-06 
 4.15000e+01  1.40000e-06 
 4.20000e+01  1.37600e-06 
 4.25000e+01  2.39200e-06 
 4.30000e+01  2.94400e-06 
 4.35000e+01  2.21600e-06 
 4.40000e+01  5.84800e-06 
 4.45000e+01  4.77600e-06 
 4.50000e+01  4.12000e-06 
 4.55000e+01  3.35200e-06 
 4.60000e+01  5.36000e-06 
 4.65000e+01  6.36000e-06 
 4.70000e+01  4.69600e-06 
 4.75000e+01  4.08000e-06 
 4.80000e+01  3.78400e-06 
 4.85000e+01  3.50400e-06 
 4.90000e+01  3.37600e-06 
 4.95000e+01  3.24000e-06 
 5.00000e+01  7.16000e-06 
 5.05000e+01  6.24800e-06 
 5.10000e+01  5.11200e-06 
 5.15000e+01  7.16800e-06 
 5.20000e+01  8.27200e-06 
 5.25000e+01  8.34400e-06 
 5.30000e+01  1.02000e-05 
 5.35000e+01  1.16320e-05 
 5.40000e+01  9.19200e-06 
 5.45000e+01  1.08400e-05 
 5.50000e+01  1.68800e-05 
 5.55000e+01  1.50960e-05 
 5.60000e+01  1.34000e-05 
 5.65000e+01  1.28880e-05 
 5.70000e+01  1.09680e-05 
 5.75000e+01  1.02080e-05 
 5.80000e+01  1.07520e-05 
 5.85000e+01  1.20800e-05 
 5.90000e+01  1.22560e-05 
 5.95000e+01  1.51280e-05 
 6.00000e+01  1.30320e-05 
 6.05000e+01  1.48720e-05 
 6.10000e+01  1.41680e-05 
 6.15000e+01  1.55200e-05 
 6.20000e+01  1.93360e-05 
 6.25000e+01  2.67760e-05 
 6.30000e+01  2.36480e-05 
 6.35000e+01  2.57120e-05 
 6.40000e+01  3.11280e-05 
 6.45000e+01  3.03120e-05 
 6.50000e+01  2.48800e-05 
 6.55000e+01  2.21760e-05 
 6.60000e+01  2.06320e-05 
 6.65000e+01  2.72080e-05 
 6.70000e+01  3.15440e-05 
 6.75000e+01  3.19600e-05 
 6.80000e+01  3.28720e-05 
 6.85000e+01  4.65200e-05 
 6.90000e+01  5.20560e-05 
 6.95000e+01  6.01600e-05 
 7.00000e+01  6.49760e-05 
 7.05000e+01  5.54880e-05 
 7.10000e+01  5.47440e-05 
 7.15000e+01  5.50080e-05 
 7.20000e+01  5.96480e-05 
 7.25000e+01  8.36160e-05 
 7.30000e+01  8.98240e-05 
 7.35000e+01  1.24792e-04 
 7.40000e+01  1.10280e-04 
 7.45000e+01  1.17256e-04 
 7.50000e+01  1.26520e-04 
 7.55000e+01  1.25488e-04 
 7.60000e+01  1.31384e-04 
 7.65000e+01  1.11224e-04 
 7.70000e+01  1.13128e-04 
 7.75000e+01  1.25168e-04 
 7.80000e+01  1.21976e-04 
 7.85000e+01  1.28216e-04 
 7.90000e+01  1.27496e-04 
 7.95000e+01  1.33184e-04 
 8.00000e+01  1.64992e-04 
 8.05000e+01  1.64376e-04 
 8.10000e+01  1.68760e-04 
 8.15000e+01  1.88584e-04 
 8.20000e+01  1.93312e-04 
 8.25000e+01  2.19296e-04 
 8.30000e+01  1.80304e-04 
 8.35000e+01  1.82416e-04 
 8.40000e+01  2.00568e-04 
 8.45000e+01  2.27200e-04 
 8.50000e+01  2.30760e-04 
 8.55000e+01  2.18648e-04 
 8.60000e+01  2.25120e-04 
 8.65000e+01  2.17320e-04 
 8.70000e+01  1.99448e-04 
 8.75000e+01  2.06840e-04 
 8.80000e+01  2.34984e-04 
 8.85000e+01  2.46864e-04 
 8.90000e+01  2.57096e-04 
 8.95000e+01  2.51864e-04 
 9.00000e+01  2.61864e-04 
 9.05000e+01  2.60936e-04 
 9.10000e+01  2.40696e-04 
 9.15000e+01  2.45424e-04 
 9.20000e+01  2.31192e-04 
 9.25000e+01  2.44248e-04 
 9.30000e+01  2.40616e-04 
 9.35000e+01  2.78352e-04 
 9.40000e+01  2.82632e-04 
 9.45000e+01  3.14624e-04 
 9.50000e+01  3.36992e-04 
 9.55000e+01  3.09328e-04 
 9.60000e+01  2.97496e-04 
 9.65000e+01  3.68760e-04 
 9.70000e+01  3.90976e-04 
 9.75000e+01  3.50424e-04 
 9.80000e+01  4.11064e-04 
 9.85000e+01  4.18112e-04 
 9.90000e+01  4.50096e-04 
 9.95000e+01  4.21888e-04 
 1.00000e+02  4.64480e-04 
 1.00500e+02  5.08744e-04 
 1.01000e+02  4.57464e-04 
 1.01500e+02  4.76568e-04 
 1.02000e+02  5.02384e-04 
 1.02500e+02  4.92728e-04 
 1.03000e+02  5.03816e-04 
 1.03500e+02  5.81968e-04 
 1.04000e+02  5.76896e-04 
 1.04500e+02  6.54024e-04 
 1.05000e+02  6.65048e-04 
 1.05500e+02  6.19008e-04 
 1.06000e+02  6.16304e-04 
 1.06500e+02  6.17400e-04 
 1.07000e+02  6.73920e-04 
 1.07500e+02  6.96152e-04 
 1.08000e+02  6.74232e-04 
 1.08500e+02  7.68984e-04 
 1.09000e+02  9.19312e-04 
 1.09500e+02  1.10738e-03 
 1.10000e+02  1.16618e-03 
 1.10500e+02  1.28310e-03 
 1.11000e+02  1.35130e-03 
 1.11500e+02  1.53627e-03 
 1.12000e+02  1.83447e-03 
 1.12500e+02  1.90238e-03 
 1.13000e+02  2.08284e-03 
 1.13500e+02  2.04005e-03 
 1.14000e+02  2.19514e-03 
 1.14500e+02  2.37697e-03 
 1.15000e+02  2.68046e-03 
 1.15500e+02  2.82577e-03 
 1.16000e+02  3.03425e-03 
 1.16500e+02  3.27805e-03 
 1.17000e+02  3.66089e-03 
 1.17500e+02  4.02991e-03 
 1.18000e+02  4.23633e-03 
 1.18500e+02  4.27002e-03 
 1.19000e+02  4.38614e-03 
 1.19500e+02  4.46379e-03 
 1.20000e+02  4.35879e-03 
 1.20500e+02  4.66133e-03 
 1.21000e+02  4.73688e-03 
 1.21500e+02  4.57215e-03 
 1.22000e+02  4.85359e-03 
 1.22500e+02  4.92149e-03 
 1.23000e+02  4.97942e-03 
 1.23500e+02  4.89186e-03 
 1.24000e+02  5.11967e-03 
 1.24500e+02  5.35915e-03 
 1.25000e+02  5.56379e-03 
 1.25500e+02  5.62957e-03 
 1.26000e+02  5.53682e-03 
 1.26500e+02  5.38325e-03 
 1.27000e+02  5.35135e-03 
 1.27500e+02  5.64256e-03 
 1.28000e+02  6.17387e-03 
 1.28500e+02  6.53524e-03 
 1.29000e+02  6.62623e-03 
 1.29500e+02  6.89566e-03 
 1.30000e+02  6.91159e-03 
 1.30500e+02  6.88949e-03 
 1.31000e+02  6.53999e-03 
 1.31500e+02  6.96446e-03 
 1.32000e+02  7.07553e-03 
 1.32500e+02  6.90380e-03 
 1.33000e+02  7.23524e-03 
 1.33500e+02  7.23951e-03 
 1.34000e+02  7.25841e-03 
 1.34500e+02  7.11366e-03 
 1.35000e+02  7.02862e-03 
 1.35500e+02  6.95036e-03 
 1.36000e+02  7.05208e-03 
 1.36500e+02  6.99250e-03 
 1.37000e+02  7.31374e-03 
 1.37500e+02  7.46970e-03 
 1.38000e+02  7.97242e-03 
 1.38500e+02  8.00535e-03 
 1.39000e+02  7.75322e-03 
 1.39500e+02  7.65506e-03 
 1.40000e+02  8.01214e-03 
 1.40500e+02  8.32297e-03 
 1.41000e+02  8.16738e-03 
 1.41500e+02  7.97992e-03 
 1.42000e+02  7.79627e-03 
 1.42500e+02  7.90199e-03 
 1.43000e+02  7.94447e-03 
 1.43500e+02  7.85461e-03 
 1.44000e+02  8.45202e-03 
 1.44500e+02  8.48990e-03 
 1.45000e+02  8.27821e-03 
 1.45500e+02  8.54959e-03 
 1.46000e+02  8.31345e-03 
 1.46500e+02  8.30914e-03 
 1.47000e+02  8.29728e-03 
 1.47500e+02  8.52033e-03 
 1.48000e+02  8.44283e-03 
 1.48500e+02  8.49945e-03 
 1.49000e+02  8.34629e-03 
 1.49500e+02  8.45441e-03 
 1.50000e+02  8.04000e-03 
 1.50500e+02  7.91756e-03 
 1.51000e+02  8.28567e-03 
 1.51500e+02  8.79296e-03 
 1.52000e+02  8.46365e-03 
 1.52500e+02  8.56021e-03 
 1.53000e+02  8.51145e-03 
 1.53500e+02  8.85148e-03 
 1.54000e+02  8.71585e-03 
 1.54500e+02  8.62383e-03 
 1.55000e+02  8.78815e-03 
 1.55500e+02  8.82538e-03 
 1.56000e+02  8.56891e-03 
 1.56500e+02  8.94702e-03 
 1.57000e+02  8.94157e-03 
 1.57500e+02  8.92219e-03 
 1.58000e+02  8.83741e-03 
 1.58500e+02  8.71907e-03 
 1.59000e+02  8.19894e-03 
 1.59500e+02  8.54859e-03 
 1.60000e+02  8.41870e-03 
 1.60500e+02  8.61802e-03 
 1.61000e+02  8.53233e-03 
 1.61500e+02  8.62171e-03 
 1.62000e+02  8.47134e-03 
 1.62500e+02  8.71861e-03 
 1.63000e+02  8.78106e-03 
 1.63500e+02  9.08379e-03 
 1.64000e+02  8.86366e-03 
 1.64500e+02  8.88821e-03 
 1.65000e+02  8.36130e-03 
 1.65500e+02  8.53234e-03 
 1.66000e+02  8.75191e-03 
 1.66500e+02  8.95192e-03 
 1.67000e+02  8.38922e-03 
 1.67500e+02  8.69926e-03 
 1.68000e+02  8.55575e-03 
 1.68500e+02  8.60641e-03 
 1.69000e+02  8.66874e-03 
 1.69500e+02  8.28752e-03 
 1.70000e+02  8.61542e-03 
 1.70500e+02  8.63606e-03 
 1.71000e+02  8.66685e-03 
 1.71500e+02  8.97302e-03 
 1.72000e+02  8.44546e-03 
 1.72500e+02  8.15319e-03 
 1.73000e+02  7.85401e-03 
 1.73500e+02  8.22685e-03 
 1.74000e+02  8.05312e-03 
 1.74500e+02  8.08233e-03 
 1.75000e+02  8.01091e-03 
 1.75500e+02  8.41642e-03 
 1.76000e+02  7.87578e-03 
 1.76500e+02  7.78645e-03 
 1.77000e+02  8.02777e-03 
 1.77500e+02  8.25639e-03 
 1.78000e+02  7.70476e-03 
 1.78500e+02  7.64930e-03 
 1.79000e+02  7.43614e-03 
 1.79500e+02  7.45016e-03 
 1.80000e+02  7.43890e-03 
 1.80500e+02  7.30948e-03 
 1.81000e+02  7.89181e-03 
 1.81500e+02  7.58752e-03 
 1.82000e+02  7.76295e-03 
 1.82500e+02  7.53506e-03 
 1.83000e+02  7.27786e-03 
 1.83500e+02  7.20611e-03 
 1.84000e+02  7.45973e-03 
 1.84500e+02  7.36957e-03 
 1.85000e+02  7.12026e-03 
 1.85500e+02  6.99682e-03 
 1.86000e+02  6.86630e-03 
 1.86500e+02  6.97144e-03 
 1.87000e+02  6.65365e-03 
 1.87500e+02  6.30201e-03 
 1.88000e+02  6.75905e-03 
 1.88500e+02  6.66533e-03 
 1.89000e+02  6.17513e-03 
 1.89500e+02  5.88223e-03 
 1.90000e+02  6.25382e-03 
 1.90500e+02  5.92930e-03 
 1.91000e+02  5.74670e-03 
 1.91500e+02  5.61294e-03 
 1.92000e+02  5.62038e-03 
 1.92500e+02  5.34098e-03 
 1.93000e+02  5.01315e-03 
 1.93500e+02  5.00652e-03 
 1.94000e+02  4.97735e-03 
 1.94500e+02  5.03905e-03 
 1.95000e+02  5.02570e-03 
 1.95500e+02  4.67057e-03 
 1.96000e+02  4.32522e-03 
 1.96500e+02  4.13371e-03 
 1.97000e+02  3.80046e-03 
 1.97500e+02  3.87152e-03 
 1.98000e+02  3.96539e-03 
 1.98500e+02  3.72650e-03 
 1.99000e+02  3.88399e-03 
 1.99500e+02  3.63964e-03 
 2.00000e+02  3.41426e-03 
 2.00500e+02  3.19830e-03 
 2.01000e+02  3.06635e-03 
 2.01500e+02  3.16251e-03 
 2.02000e+02  2.94510e-03 
 2.02500e+02  2.57816e-03 
 2.03000e+02  2.55730e-03 
 2.03500e+02  2.23252e-03 
 2.04000e+02  2.14254e-03 
 2.04500e+02  1.76384e-03 
 2.05000e+02  1.65129e-03 
 2.05500e+02  1.43206e-03 
 2.06000e+02  1.17279e-03 
 2.06500e+02  1.14780e-03 
 2.07000e+02  1.11253e-03 
 2.07500e+02  1.01686e-03 
 2.08000e+02  9.36264e-04 
 2.08500e+02  8.29624e-04 
 2.09000e+02  6.89160e-04 
 2.09500e+02  6.62416e-04 
 2.10000e+02  6.63280e-04 
 2.10500e+02  6.91280e-04 
 2.11000e+02  6.91888e-04 
 2.11500e+02  6.09872e-04 
 2.12000e+02  5.86216e-04 
 2.12500e+02  5.43216e-04 
 2.13000e+02  5.93296e-04 
 2.13500e+02  4.91488e-04 
 2.14000e+02  4.93592e-04 
 2.14500e+02  4.58024e-04 
 2.15000e+02  4.62504e-04 
 2.15500e+02  4.29400e-04 
 2.16000e+02  4.62704e-04 
 2.16500e+02  4.47640e-04 
 2.17000e+02  4.47048e-04 
 2.17500e+02  4.47696e-04 
 2.18000e+02  4.60496e-04 
 2.18500e+02  4.45032e-04 
 2.19000e+02  4.67016e-04 
 2.19500e+02  4.08584e-04 
 2.20000e+02  3.87128e-04 
 2.20500e+02  3.82584e-04 
 2.21000e+02  4.07080e-04 
 2.21500e+02  3.32000e-04 
 2.22000e+02  3.25576e-04 
 2.22500e+02  3.50544e-04 
 2.23000e+02  3.40992e-04 
 2.23500e+02  3.54928e-04 
 2.24000e+02  3.36256e-04 
 2.24500e+02  3.11056e-04 
 2.25000e+02  3.31440e-04 
 2.25500e+02  3.19528e-04 
 2.26000e+02  3.47344e-04 
 2.26500e+02  3.17112e-04 
 2.27000e+02  2.95064e-04 
 2.27500e+02  2.93768e-04 
 2.28000e+02  2.67944e-04 
 2.28500e+02  2.45928e-04 
 2.29000e+02  2.57928e-04 
 2.29500e+02  2.21152e-04 
 2.30000e+02  2.38176e-04 
 2.30500e+02  2.07928e-04 
 2.31000e+02  1.96928e-04 
 2.31500e+02  2.00472e-04 
 2.32000e+02  2.04680e-04 
 2.32500e+02  2.09304e-04 
 2.33000e+02  2.28920e-04 
 2.33500e+02  2.02280e-04 
 2.34000e+02  2.01024e-04 
 2.34500e+02  2.25136e-04 
 2.35000e+02  2.36872e-04 
 2.35500e+02  1.91344e-04 
 2.36000e+02  1.75792e-04 
 2.36500e+02  1.80504e-04 
 2.37000e+02  1.72080e-04 
 2.37500e+02  1.57336e-04 
 2.38000e+02  1.64768e-04 
 2.38500e+02  1.43808e-04 
 2.39000e+02  1.34712e-04 
 2.39500e+02  1.40608e-04 
 2.40000e+02  1.08880e-04 
 2.40500e+02  1.16272e-04 
 2.41000e+02  1.16744e-04 
 2.41500e+02  1.08208e-04 
 2.42000e+02  1.07752e-04 
 2.42500e+02  1.28080e-04 
 2.43000e+02  1.14920e-04 
 2.43500e+02  1.05016e-04 
 2.44000e+02  1.00776e-04 
 2.44500e+02  9.37760e-05 
 2.45000e+02  9.40960e-05 
 2.45500e+02  7.35200e-05 
 2.46000e+02  6.80240e-05 
 2.46500e+02  6.42800e-05 
 2.47000e+02  7.02240e-05 
 2.47500e+02  6.84960e-05 
 2.48000e+02  7.50880e-05 
 2.48500e+02  8.52160e-05 
 2.49000e+02  6.42480e-05 
 2.49500e+02  4.93760e-05 
 2.50000e+02  3.07840e-05 
 2.50500e+02  3.28960e-05 
 2.51000e+02  3.56400e-05 
 2.51500e+02  4.32640e-05 
 2.52000e+02  4.17280e-05 
 2.52500e+02  3.35760e-05 
 2.53000e+02  2.64960e-05 
 2.53500e+02  2.13280e-05 
 2.54000e+02  2.06320e-05 
 2.54500e+02  2.16320e-05 
 2.55000e+02  2.12000e-05 
 2.55500e+02  1.97920e-05 
 2.56000e+02  2.60560e-05 
 2.56500e+02  2.24000e-05 
 2.57000e+02  1.60480e-05 
 2.57500e+02  1.62400e-05 
 2.58000e+02  1.67440e-05 
 2.58500e+02  1.46720e-05 
 2.59000e+02  1.30320e-05 
 2.59500e+02  1.58480e-05 
 2.60000e+02  1.77680e-05 
 2.60500e+02  1.08160e-05 
 2.61000e+02  1.08720e-05 
 2.61500e+02  1.15440e-05 
 2.62000e+02  1.11040e-05 
 2.62500e+02  1.62320e-05 
 2.63000e+02  1.00160e-05 
 2.63500e+02  9.85600e-06 
 2.64000e+02  8.88800e-06 
 2.64500e+02  7.24000e-06 
 2.65000e+02  5.53600e-06 
 2.65500e+02  9.24000e-06 
 2.66000e+02  2.73600e-06 
 2.66500e+02  2.78400e-06 
 2.67000e+02  3.30400e-06 
 2.67500e+02  2.96000e-06 
 2.68000e+02  3.06400e-06 
 2.68500e+02  3.18400e-06 
 2.69000e+02  3.32800e-06 
 2.69500e+02  3.54400e-06 
 2.70000e+02  3.76000e-06 
 2.70500e+02  4.17600e-06 
 2.71000e+02  4.79200e-06 
 2.71500e+02  5.93600e-06 
 2.72000e+02  4.54400e-06 
 2.72500e+02  7.12000e-06 
 2.73000e+02  3.34400e-06 
 2.73500e+02  2.68000e-06 
 2.74000e+02  1.41600e-06 
 2.74500e+02  1.41600e-06 
 2.75000e+02  1.49600e-06 
 2.75500e+02  1.64800e-06 
 2.76000e+02  1.77600e-06 
 2.76500e+02  2.37600e-06 
 2.77000e+02  1.24800e-06 
 2.77500e+02  1.29600e-06 
 2.78000e+02  1.32800e-06 
 2.78500e+02  1.42400e-06 
 2.79000e+02  1.51200e-06 
 2.79500e+02  1.67200e-06 
 2.80000e+02  2.36000e-06 
 2.80500e+02  1.21600e-06 
 2.81000e+02  1.26400e-06 
 2.81500e+02  1.35200e-06 
 2.82000e+02  1.44800e-06 
 2.82500e+02  1.60800e-06 
 2.83000e+02  1.16800e-06 
 2.83500e+02  1.22400e-06 
 2.84000e+02  1.52800e-06 
 2.84500e+02  8.56000e-07 
 2.85000e+02  8.64000e-07 
 2.85500e+02  9.20000e-07 
 2.86000e+02  9.20000e-07 
 2.86500e+02  9.20000e-07 
 2.87000e+02  8.64000e-07 
 2.87500e+02  9.20000e-07 
 2.88000e+02  9.68000e-07 
 2.88500e+02  9.92000e-07 
 2.89000e+02  1.05600e-06 
 2.89500e+02  1.16800e-06 
 2.90000e+02  1.32000e-06 
 2.90500e+02  1.56000e-06 
 2.91000e+02  2.24000e-06 
 2.91500e+02  6.32000e-07 
 2.92000e+02  6.64000e-07 
 2.92500e+02  6.72000e-07 
 2.93000e+02  7.04000e-07 
 2.93500e+02  7.44000e-07 
 2.94000e+02  7.84000e-07 
 2.94500e+02  8.32000e-07 
 2.95000e+02  8.88000e-07 
 2.95500e+02  9.36000e-07 
 2.96000e+02  1.06400e-06 
 2.96500e+02  1.22400e-06 
 2.97000e+02  1.44800e-06 
 2.97500e+02  2.63200e-06 
 2.98000e+02  1.02400e-06 
 2.98500e+02  1.72000e-06 
 2.99000e+02  1.04000e-07 
 2.99500e+02  1.12000e-07 
 3.00000e+02  1.12000e-07 
 3.00500e+02  1.12000e-07 
 3.01000e+02  1.20000e-07 
 3.01500e+02  1.20000e-07 
 3.02000e+02  1.36000e-07 
 3.02500e+02  1.36000e-07 
 3.03000e+02  1.36000e-07 
 3.03500e+02  1.44000e-07 
 3.04000e+02  1.52000e-07 
 3.04500e+02  1.52000e-07 
 3.05000e+02  1.76000e-07 
 3.05500e+02  2.00000e-07 
 3.06000e+02  2.00000e-07 
 3.06500e+02  2.16000e-07 
 3.07000e+02  2.64000e-07 
 3.07500e+02  3.36000e-07 
 3.08000e+02  4.32000e-07 
 3.08500e+02  3.60000e-07 
 3.09000e+02  0.00000e+00 
 3.09500e+02  0.00000e+00 
 3.10000e+02  0.00000e+00 
 3.10500e+02  0.00000e+00 
 3.11000e+02  0.00000e+00 
 3.11500e+02  0.00000e+00 
 3.12000e+02  0.00000e+00 
 3.12500e+02  0.00000e+00 
 3.13000e+02  0.00000e+00 
 3.13500e+02  0.00000e+00 
 3.14000e+02  0.00000e+00 
 3.14500e+02  0.00000e+00 
 3.15000e+02  0.00000e+00 
 3.15500e+02  0.00000e+00 
 3.16000e+02  0.00000e+00 
 3.16500e+02  0.00000e+00 
 3.17000e+02  0.00000e+00 
 3.17500e+02  0.00000e+00 
 3.18000e+02  0.00000e+00 
 3.18500e+02  0.00000e+00 
 3.19000e+02  0.00000e+00 
 3.19500e+02  0.00000e+00 
