 0.00000e+00  0.00000e+00 
 5.00000e-01  0.00000e+00 
 1.00000e+00  0.00000e+00 
 1.50000e+00  0.00000e+00 
 2.00000e+00  0.00000e+00 
 2.50000e+00  0.00000e+00 
 3.00000e+00  0.00000e+00 
 3.50000e+00  0.00000e+00 
 4.00000e+00  0.00000e+00 
 4.50000e+00  0.00000e+00 
 5.00000e+00  0.00000e+00 
 5.50000e+00  0.00000e+00 
 6.00000e+00  0.00000e+00 
 6.50000e+00  0.00000e+00 
 7.00000e+00  0.00000e+00 
 7.50000e+00  0.00000e+00 
 8.00000e+00  0.00000e+00 
 8.50000e+00  0.00000e+00 
 9.00000e+00  0.00000e+00 
 9.50000e+00  0.00000e+00 
 1.00000e+01  0.00000e+00 
 1.05000e+01  0.00000e+00 
 1.10000e+01  0.00000e+00 
 1.15000e+01  2.88000e-07 
 1.20000e+01  5.44000e-07 
 1.25000e+01  3.68000e-07 
 1.30000e+01  2.72000e-07 
 1.35000e+01  2.24000e-07 
 1.40000e+01  2.16000e-07 
 1.45000e+01  1.92000e-07 
 1.50000e+01  1.76000e-07 
 1.55000e+01  1.60000e-07 
 1.60000e+01  1.52000e-07 
 1.65000e+01  1.44000e-07 
 1.70000e+01  1.44000e-07 
 1.75000e+01  1.44000e-07 
 1.80000e+01  1.28000e-07 
 1.85000e+01  1.20000e-07 
 1.90000e+01  1.12000e-07 
 1.95000e+01  1.20000e-07 
 2.00000e+01  1.12000e-07 
 2.05000e+01  1.12000e-07 
 2.10000e+01  1.12000e-07 
 2.15000e+01  1.04000e-07 
 2.20000e+01  1.04000e-07 
 2.25000e+01  9.60000e-08 
 2.30000e+01  9.60000e-08 
 2.35000e+01  9.60000e-08 
 2.40000e+01  8.80000e-08 
 2.45000e+01  9.60000e-08 
 2.50000e+01  9.60000e-08 
 2.55000e+01  8.80000e-08 
 2.60000e+01  8.80000e-08 
 2.65000e+01  8.80000e-08 
 2.70000e+01  4.48000e-07 
 2.75000e+01  1.76000e-06 
 2.80000e+01  9.44000e-07 
 2.85000e+01  6.88000e-07 
 2.90000e+01  6.48000e-07 
 2.95000e+01  1.97600e-06 
 3.00000e+01  1.61600e-06 
 3.05000e+01  8.72000e-07 
 3.10000e+01  2.27200e-06 
 3.15000e+01  1.52800e-06 
 3.20000e+01  1.24000e-06 
 3.25000e+01  1.05600e-06 
 3.30000e+01  9.44000e-07 
 3.35000e+01  9.04000e-07 
 3.40000e+01  8.40000e-07 
 3.45000e+01  7.76000e-07 
 3.50000e+01  7.60000e-07 
 3.55000e+01  7.36000e-07 
 3.60000e+01  7.04000e-07 
 3.65000e+01  6.80000e-07 
 3.70000e+01  2.81600e-06 
 3.75000e+01  1.64000e-06 
 3.80000e+01  1.37600e-06 
 3.85000e+01  1.26400e-06 
 3.90000e+01  1.16000e-06 
 3.95000e+01  1.08800e-06 
 4.00000e+01  1.04800e-06 
 4.05000e+01  9.76000e-07 
 4.10000e+01  9.44000e-07 
 4.15000e+01  2.73600e-06 
 4.20000e+01  2.15200e-06 
 4.25000e+01  1.75200e-06 
 4.30000e+01  1.58400e-06 
 4.35000e+01  1.47200e-06 
 4.40000e+01  5.36800e-06 
 4.45000e+01  3.98400e-06 
 4.50000e+01  3.15200e-06 
 4.55000e+01  2.74400e-06 
 4.60000e+01  2.51200e-06 
 4.65000e+01  5.01600e-06 
 4.70000e+01  3.41600e-06 
 4.75000e+01  3.08800e-06 
 4.80000e+01  2.83200e-06 
 4.85000e+01  2.69600e-06 
 4.90000e+01  2.50400e-06 
 4.95000e+01  2.43200e-06 
 5.00000e+01  3.17600e-06 
 5.05000e+01  7.58400e-06 
 5.10000e+01  4.16800e-06 
 5.15000e+01  5.16000e-06 
 5.20000e+01  6.72800e-06 
 5.25000e+01  7.72800e-06 
 5.30000e+01  7.14400e-06 
 5.35000e+01  7.60800e-06 
 5.40000e+01  8.83200e-06 
 5.45000e+01  6.42400e-06 
 5.50000e+01  5.83200e-06 
 5.55000e+01  1.05120e-05 
 5.60000e+01  9.94400e-06 
 5.65000e+01  8.72800e-06 
 5.70000e+01  1.09360e-05 
 5.75000e+01  1.57600e-05 
 5.80000e+01  1.17600e-05 
 5.85000e+01  1.13120e-05 
 5.90000e+01  1.58640e-05 
 5.95000e+01  1.73040e-05 
 6.00000e+01  2.10880e-05 
 6.05000e+01  2.94640e-05 
 6.10000e+01  3.59440e-05 
 6.15000e+01  3.27680e-05 
 6.20000e+01  2.90640e-05 
 6.25000e+01  2.55760e-05 
 6.30000e+01  2.64480e-05 
 6.35000e+01  3.80240e-05 
 6.40000e+01  3.13600e-05 
 6.45000e+01  3.22560e-05 
 6.50000e+01  3.20640e-05 
 6.55000e+01  3.31440e-05 
 6.60000e+01  4.06800e-05 
 6.65000e+01  4.39200e-05 
 6.70000e+01  4.74800e-05 
 6.75000e+01  4.83360e-05 
 6.80000e+01  6.00960e-05 
 6.85000e+01  5.53520e-05 
 6.90000e+01  5.39760e-05 
 6.95000e+01  6.49920e-05 
 7.00000e+01  6.40960e-05 
 7.05000e+01  6.08400e-05 
 7.10000e+01  6.55200e-05 
 7.15000e+01  6.11840e-05 
 7.20000e+01  6.93360e-05 
 7.25000e+01  7.53280e-05 
 7.30000e+01  9.09040e-05 
 7.35000e+01  9.86320e-05 
 7.40000e+01  1.03032e-04 
 7.45000e+01  1.15896e-04 
 7.50000e+01  1.09304e-04 
 7.55000e+01  9.94640e-05 
 7.60000e+01  1.39792e-04 
 7.65000e+01  1.22672e-04 
 7.70000e+01  1.10152e-04 
 7.75000e+01  1.06576e-04 
 7.80000e+01  1.12856e-04 
 7.85000e+01  1.15552e-04 
 7.90000e+01  1.67928e-04 
 7.95000e+01  1.39632e-04 
 8.00000e+01  1.17056e-04 
 8.05000e+01  1.15584e-04 
 8.10000e+01  1.49000e-04 
 8.15000e+01  1.39616e-04 
 8.20000e+01  1.31560e-04 
 8.25000e+01  1.40960e-04 
 8.30000e+01  1.54080e-04 
 8.35000e+01  1.68288e-04 
 8.40000e+01  1.84864e-04 
 8.45000e+01  1.89600e-04 
 8.50000e+01  1.79088e-04 
 8.55000e+01  1.82136e-04 
 8.60000e+01  2.01240e-04 
 8.65000e+01  1.94424e-04 
 8.70000e+01  1.82096e-04 
 8.75000e+01  1.77616e-04 
 8.80000e+01  1.94056e-04 
 8.85000e+01  1.92184e-04 
 8.90000e+01  1.78208e-04 
 8.95000e+01  1.85792e-04 
 9.00000e+01  1.89112e-04 
 9.05000e+01  2.41848e-04 
 9.10000e+01  2.47544e-04 
 9.15000e+01  2.89176e-04 
 9.20000e+01  2.63352e-04 
 9.25000e+01  2.65584e-04 
 9.30000e+01  2.80832e-04 
 9.35000e+01  2.65200e-04 
 9.40000e+01  2.98656e-04 
 9.45000e+01  3.32224e-04 
 9.50000e+01  3.33496e-04 
 9.55000e+01  3.39256e-04 
 9.60000e+01  3.82456e-04 
 9.65000e+01  3.32504e-04 
 9.70000e+01  3.20880e-04 
 9.75000e+01  3.08576e-04 
 9.80000e+01  3.36944e-04 
 9.85000e+01  3.77512e-04 
 9.90000e+01  3.65016e-04 
 9.95000e+01  3.78432e-04 
 1.00000e+02  3.78536e-04 
 1.00500e+02  4.13112e-04 
 1.01000e+02  4.01600e-04 
 1.01500e+02  4.34912e-04 
 1.02000e+02  4.99200e-04 
 1.02500e+02  4.64536e-04 
 1.03000e+02  5.07536e-04 
 1.03500e+02  5.77272e-04 
 1.04000e+02  5.20520e-04 
 1.04500e+02  5.76584e-04 
 1.05000e+02  5.47512e-04 
 1.05500e+02  5.49352e-04 
 1.06000e+02  5.78264e-04 
 1.06500e+02  6.41872e-04 
 1.07000e+02  6.64632e-04 
 1.07500e+02  6.65808e-04 
 1.08000e+02  7.26736e-04 
 1.08500e+02  8.00952e-04 
 1.09000e+02  8.66992e-04 
 1.09500e+02  9.08584e-04 
 1.10000e+02  1.02928e-03 
 1.10500e+02  1.07907e-03 
 1.11000e+02  1.09271e-03 
 1.11500e+02  1.24748e-03 
 1.12000e+02  1.36040e-03 
 1.12500e+02  1.58254e-03 
 1.13000e+02  1.62125e-03 
 1.13500e+02  1.81520e-03 
 1.14000e+02  1.82471e-03 
 1.14500e+02  2.10413e-03 
 1.15000e+02  2.05594e-03 
 1.15500e+02  2.16142e-03 
 1.16000e+02  2.70984e-03 
 1.16500e+02  2.68268e-03 
 1.17000e+02  2.87986e-03 
 1.17500e+02  2.75058e-03 
 1.18000e+02  3.18147e-03 
 1.18500e+02  3.27264e-03 
 1.19000e+02  3.50606e-03 
 1.19500e+02  3.68516e-03 
 1.20000e+02  3.79114e-03 
 1.20500e+02  3.88655e-03 
 1.21000e+02  4.08445e-03 
 1.21500e+02  4.03434e-03 
 1.22000e+02  4.25227e-03 
 1.22500e+02  4.37590e-03 
 1.23000e+02  4.40710e-03 
 1.23500e+02  4.58282e-03 
 1.24000e+02  4.65426e-03 
 1.24500e+02  5.04260e-03 
 1.25000e+02  4.68046e-03 
 1.25500e+02  4.46322e-03 
 1.26000e+02  4.71184e-03 
 1.26500e+02  4.94146e-03 
 1.27000e+02  4.78765e-03 
 1.27500e+02  4.76166e-03 
 1.28000e+02  5.09461e-03 
 1.28500e+02  5.03478e-03 
 1.29000e+02  4.94896e-03 
 1.29500e+02  4.86555e-03 
 1.30000e+02  5.15210e-03 
 1.30500e+02  5.11787e-03 
 1.31000e+02  5.49949e-03 
 1.31500e+02  5.84934e-03 
 1.32000e+02  5.95725e-03 
 1.32500e+02  5.89365e-03 
 1.33000e+02  5.94798e-03 
 1.33500e+02  5.79786e-03 
 1.34000e+02  6.26310e-03 
 1.34500e+02  6.47946e-03 
 1.35000e+02  6.53022e-03 
 1.35500e+02  6.37283e-03 
 1.36000e+02  6.46163e-03 
 1.36500e+02  6.40405e-03 
 1.37000e+02  6.13987e-03 
 1.37500e+02  6.51223e-03 
 1.38000e+02  7.02693e-03 
 1.38500e+02  6.85727e-03 
 1.39000e+02  6.91220e-03 
 1.39500e+02  7.00565e-03 
 1.40000e+02  7.22681e-03 
 1.40500e+02  7.54071e-03 
 1.41000e+02  7.81049e-03 
 1.41500e+02  7.99803e-03 
 1.42000e+02  7.91475e-03 
 1.42500e+02  8.05956e-03 
 1.43000e+02  8.02246e-03 
 1.43500e+02  8.14596e-03 
 1.44000e+02  8.41377e-03 
 1.44500e+02  7.83585e-03 
 1.45000e+02  7.90258e-03 
 1.45500e+02  7.83022e-03 
 1.46000e+02  8.26554e-03 
 1.46500e+02  8.09144e-03 
 1.47000e+02  8.34216e-03 
 1.47500e+02  8.38460e-03 
 1.48000e+02  8.59980e-03 
 1.48500e+02  8.71432e-03 
 1.49000e+02  8.40523e-03 
 1.49500e+02  8.47210e-03 
 1.50000e+02  8.23106e-03 
 1.50500e+02  8.51888e-03 
 1.51000e+02  8.38178e-03 
 1.51500e+02  8.05836e-03 
 1.52000e+02  8.39559e-03 
 1.52500e+02  8.50611e-03 
 1.53000e+02  8.51393e-03 
 1.53500e+02  8.26780e-03 
 1.54000e+02  8.37486e-03 
 1.54500e+02  7.97178e-03 
 1.55000e+02  7.86537e-03 
 1.55500e+02  7.89606e-03 
 1.56000e+02  8.29029e-03 
 1.56500e+02  8.16939e-03 
 1.57000e+02  8.27214e-03 
 1.57500e+02  8.39466e-03 
 1.58000e+02  8.53010e-03 
 1.58500e+02  8.36576e-03 
 1.59000e+02  8.19920e-03 
 1.59500e+02  8.30274e-03 
 1.60000e+02  7.94534e-03 
 1.60500e+02  7.93310e-03 
 1.61000e+02  7.85666e-03 
 1.61500e+02  7.77082e-03 
 1.62000e+02  8.35478e-03 
 1.62500e+02  8.24324e-03 
 1.63000e+02  8.22602e-03 
 1.63500e+02  8.24096e-03 
 1.64000e+02  7.77145e-03 
 1.64500e+02  8.41733e-03 
 1.65000e+02  8.25205e-03 
 1.65500e+02  7.95052e-03 
 1.66000e+02  8.37577e-03 
 1.66500e+02  8.00410e-03 
 1.67000e+02  8.38531e-03 
 1.67500e+02  8.31918e-03 
 1.68000e+02  8.33687e-03 
 1.68500e+02  8.51712e-03 
 1.69000e+02  8.47375e-03 
 1.69500e+02  8.12641e-03 
 1.70000e+02  8.32245e-03 
 1.70500e+02  8.20630e-03 
 1.71000e+02  8.58861e-03 
 1.71500e+02  8.29798e-03 
 1.72000e+02  8.38765e-03 
 1.72500e+02  8.29124e-03 
 1.73000e+02  8.51290e-03 
 1.73500e+02  7.96412e-03 
 1.74000e+02  7.88657e-03 
 1.74500e+02  7.77159e-03 
 1.75000e+02  7.88095e-03 
 1.75500e+02  7.52234e-03 
 1.76000e+02  7.20208e-03 
 1.76500e+02  7.39384e-03 
 1.77000e+02  7.49080e-03 
 1.77500e+02  7.81262e-03 
 1.78000e+02  7.55966e-03 
 1.78500e+02  8.09848e-03 
 1.79000e+02  7.98646e-03 
 1.79500e+02  8.39010e-03 
 1.80000e+02  8.49043e-03 
 1.80500e+02  7.90163e-03 
 1.81000e+02  7.43397e-03 
 1.81500e+02  7.71870e-03 
 1.82000e+02  7.68954e-03 
 1.82500e+02  7.40502e-03 
 1.83000e+02  7.11952e-03 
 1.83500e+02  7.08075e-03 
 1.84000e+02  7.20017e-03 
 1.84500e+02  7.28165e-03 
 1.85000e+02  7.42419e-03 
 1.85500e+02  7.49293e-03 
 1.86000e+02  6.78178e-03 
 1.86500e+02  6.62822e-03 
 1.87000e+02  6.55018e-03 
 1.87500e+02  6.25758e-03 
 1.88000e+02  6.46618e-03 
 1.88500e+02  6.41274e-03 
 1.89000e+02  6.00459e-03 
 1.89500e+02  6.33450e-03 
 1.90000e+02  6.43139e-03 
 1.90500e+02  5.85086e-03 
 1.91000e+02  5.97936e-03 
 1.91500e+02  6.19008e-03 
 1.92000e+02  5.97206e-03 
 1.92500e+02  5.54721e-03 
 1.93000e+02  5.36558e-03 
 1.93500e+02  4.86378e-03 
 1.94000e+02  4.92609e-03 
 1.94500e+02  4.82974e-03 
 1.95000e+02  4.94778e-03 
 1.95500e+02  5.05684e-03 
 1.96000e+02  4.61915e-03 
 1.96500e+02  4.42196e-03 
 1.97000e+02  4.16463e-03 
 1.97500e+02  4.14858e-03 
 1.98000e+02  4.15338e-03 
 1.98500e+02  3.92559e-03 
 1.99000e+02  3.48175e-03 
 1.99500e+02  3.32360e-03 
 2.00000e+02  3.14605e-03 
 2.00500e+02  3.03054e-03 
 2.01000e+02  3.05228e-03 
 2.01500e+02  3.14657e-03 
 2.02000e+02  3.30601e-03 
 2.02500e+02  3.03532e-03 
 2.03000e+02  2.83502e-03 
 2.03500e+02  2.88614e-03 
 2.04000e+02  2.61097e-03 
 2.04500e+02  2.39514e-03 
 2.05000e+02  2.27403e-03 
 2.05500e+02  2.19356e-03 
 2.06000e+02  2.20894e-03 
 2.06500e+02  2.12764e-03 
 2.07000e+02  1.79658e-03 
 2.07500e+02  1.67771e-03 
 2.08000e+02  1.55357e-03 
 2.08500e+02  1.37778e-03 
 2.09000e+02  1.16825e-03 
 2.09500e+02  1.05347e-03 
 2.10000e+02  1.00357e-03 
 2.10500e+02  9.15568e-04 
 2.11000e+02  9.62736e-04 
 2.11500e+02  8.61432e-04 
 2.12000e+02  7.40840e-04 
 2.12500e+02  6.50040e-04 
 2.13000e+02  6.05720e-04 
 2.13500e+02  6.40616e-04 
 2.14000e+02  5.43592e-04 
 2.14500e+02  5.43896e-04 
 2.15000e+02  5.04104e-04 
 2.15500e+02  4.78752e-04 
 2.16000e+02  4.42168e-04 
 2.16500e+02  4.28504e-04 
 2.17000e+02  4.61264e-04 
 2.17500e+02  4.58816e-04 
 2.18000e+02  4.56072e-04 
 2.18500e+02  3.87088e-04 
 2.19000e+02  3.59672e-04 
 2.19500e+02  3.55416e-04 
 2.20000e+02  4.00472e-04 
 2.20500e+02  4.14800e-04 
 2.21000e+02  3.42104e-04 
 2.21500e+02  3.65184e-04 
 2.22000e+02  3.34272e-04 
 2.22500e+02  3.66328e-04 
 2.23000e+02  3.64336e-04 
 2.23500e+02  3.37448e-04 
 2.24000e+02  3.48152e-04 
 2.24500e+02  3.96160e-04 
 2.25000e+02  3.44072e-04 
 2.25500e+02  3.14592e-04 
 2.26000e+02  2.74112e-04 
 2.26500e+02  2.90048e-04 
 2.27000e+02  2.94008e-04 
 2.27500e+02  2.73920e-04 
 2.28000e+02  2.69048e-04 
 2.28500e+02  2.50688e-04 
 2.29000e+02  2.16208e-04 
 2.29500e+02  2.34184e-04 
 2.30000e+02  2.24552e-04 
 2.30500e+02  2.07824e-04 
 2.31000e+02  2.12744e-04 
 2.31500e+02  2.16104e-04 
 2.32000e+02  1.99232e-04 
 2.32500e+02  2.30896e-04 
 2.33000e+02  2.19832e-04 
 2.33500e+02  2.08824e-04 
 2.34000e+02  2.00040e-04 
 2.34500e+02  1.90400e-04 
 2.35000e+02  1.90336e-04 
 2.35500e+02  1.94128e-04 
 2.36000e+02  1.84912e-04 
 2.36500e+02  1.70976e-04 
 2.37000e+02  1.64192e-04 
 2.37500e+02  1.70232e-04 
 2.38000e+02  1.92600e-04 
 2.38500e+02  1.71848e-04 
 2.39000e+02  1.63976e-04 
 2.39500e+02  1.57152e-04 
 2.40000e+02  1.53752e-04 
 2.40500e+02  1.49288e-04 
 2.41000e+02  1.31824e-04 
 2.41500e+02  1.21976e-04 
 2.42000e+02  1.24488e-04 
 2.42500e+02  1.18696e-04 
 2.43000e+02  1.34592e-04 
 2.43500e+02  1.24800e-04 
 2.44000e+02  1.19712e-04 
 2.44500e+02  1.31032e-04 
 2.45000e+02  1.33384e-04 
 2.45500e+02  9.48160e-05 
 2.46000e+02  9.70160e-05 
 2.46500e+02  9.34080e-05 
 2.47000e+02  8.34160e-05 
 2.47500e+02  7.77600e-05 
 2.48000e+02  7.88720e-05 
 2.48500e+02  7.48960e-05 
 2.49000e+02  6.89200e-05 
 2.49500e+02  6.48560e-05 
 2.50000e+02  5.71040e-05 
 2.50500e+02  6.03920e-05 
 2.51000e+02  5.10320e-05 
 2.51500e+02  4.80560e-05 
 2.52000e+02  4.40960e-05 
 2.52500e+02  3.37920e-05 
 2.53000e+02  3.30240e-05 
 2.53500e+02  3.31840e-05 
 2.54000e+02  3.90080e-05 
 2.54500e+02  3.82560e-05 
 2.55000e+02  3.02640e-05 
 2.55500e+02  3.05600e-05 
 2.56000e+02  2.55120e-05 
 2.56500e+02  2.42720e-05 
 2.57000e+02  2.55920e-05 
 2.57500e+02  2.54560e-05 
 2.58000e+02  2.03040e-05 
 2.58500e+02  2.28160e-05 
 2.59000e+02  2.26960e-05 
 2.59500e+02  1.37440e-05 
 2.60000e+02  1.36880e-05 
 2.60500e+02  1.21680e-05 
 2.61000e+02  1.28480e-05 
 2.61500e+02  1.14960e-05 
 2.62000e+02  1.43600e-05 
 2.62500e+02  2.10320e-05 
 2.63000e+02  1.63840e-05 
 2.63500e+02  1.04000e-05 
 2.64000e+02  6.87200e-06 
 2.64500e+02  7.76000e-06 
 2.65000e+02  8.91200e-06 
 2.65500e+02  1.03760e-05 
 2.66000e+02  7.74400e-06 
 2.66500e+02  7.33600e-06 
 2.67000e+02  6.05600e-06 
 2.67500e+02  3.53600e-06 
 2.68000e+02  3.36800e-06 
 2.68500e+02  3.47200e-06 
 2.69000e+02  3.60000e-06 
 2.69500e+02  3.74400e-06 
 2.70000e+02  3.89600e-06 
 2.70500e+02  4.11200e-06 
 2.71000e+02  4.41600e-06 
 2.71500e+02  5.00800e-06 
 2.72000e+02  4.78400e-06 
 2.72500e+02  5.82400e-06 
 2.73000e+02  4.60000e-06 
 2.73500e+02  4.84000e-06 
 2.74000e+02  6.40800e-06 
 2.74500e+02  6.12000e-06 
 2.75000e+02  5.35200e-06 
 2.75500e+02  5.04800e-06 
 2.76000e+02  3.60800e-06 
 2.76500e+02  3.01600e-06 
 2.77000e+02  3.00800e-06 
 2.77500e+02  1.69600e-06 
 2.78000e+02  1.40800e-06 
 2.78500e+02  1.76000e-06 
 2.79000e+02  3.14400e-06 
 2.79500e+02  1.26400e-06 
 2.80000e+02  1.36800e-06 
 2.80500e+02  1.79200e-06 
 2.81000e+02  2.40000e-06 
 2.81500e+02  6.40000e-07 
 2.82000e+02  6.48000e-07 
 2.82500e+02  6.72000e-07 
 2.83000e+02  7.12000e-07 
 2.83500e+02  7.76000e-07 
 2.84000e+02  8.32000e-07 
 2.84500e+02  9.84000e-07 
 2.85000e+02  1.90400e-06 
 2.85500e+02  9.04000e-07 
 2.86000e+02  5.92000e-07 
 2.86500e+02  6.08000e-07 
 2.87000e+02  6.88000e-07 
 2.87500e+02  8.64000e-07 
 2.88000e+02  1.16000e-06 
 2.88500e+02  3.20000e-07 
 2.89000e+02  2.08000e-07 
 2.89500e+02  2.24000e-07 
 2.90000e+02  2.24000e-07 
 2.90500e+02  3.20000e-07 
 2.91000e+02  3.36000e-07 
 2.91500e+02  3.20000e-07 
 2.92000e+02  3.36000e-07 
 2.92500e+02  3.60000e-07 
 2.93000e+02  3.84000e-07 
 2.93500e+02  4.00000e-07 
 2.94000e+02  4.24000e-07 
 2.94500e+02  4.72000e-07 
 2.95000e+02  8.24000e-07 
 2.95500e+02  1.14400e-06 
 2.96000e+02  1.68000e-06 
 2.96500e+02  1.92000e-07 
 2.97000e+02  2.00000e-07 
 2.97500e+02  2.00000e-07 
 2.98000e+02  2.24000e-07 
 2.98500e+02  2.16000e-07 
 2.99000e+02  2.32000e-07 
 2.99500e+02  2.32000e-07 
 3.00000e+02  2.24000e-07 
 3.00500e+02  2.40000e-07 
 3.01000e+02  2.56000e-07 
 3.01500e+02  2.56000e-07 
 3.02000e+02  2.88000e-07 
 3.02500e+02  2.88000e-07 
 3.03000e+02  3.04000e-07 
 3.03500e+02  3.12000e-07 
 3.04000e+02  3.20000e-07 
 3.04500e+02  3.60000e-07 
 3.05000e+02  4.16000e-07 
 3.05500e+02  4.40000e-07 
 3.06000e+02  4.72000e-07 
 3.06500e+02  5.84000e-07 
 3.07000e+02  8.16000e-07 
 3.07500e+02  1.68000e-06 
 3.08000e+02  0.00000e+00 
 3.08500e+02  0.00000e+00 
 3.09000e+02  0.00000e+00 
 3.09500e+02  0.00000e+00 
 3.10000e+02  0.00000e+00 
 3.10500e+02  0.00000e+00 
 3.11000e+02  0.00000e+00 
 3.11500e+02  0.00000e+00 
 3.12000e+02  0.00000e+00 
 3.12500e+02  0.00000e+00 
 3.13000e+02  0.00000e+00 
 3.13500e+02  0.00000e+00 
 3.14000e+02  9.60000e-08 
 3.14500e+02  1.12000e-07 
 3.15000e+02  1.04000e-07 
 3.15500e+02  1.12000e-07 
 3.16000e+02  1.12000e-07 
 3.16500e+02  1.28000e-07 
 3.17000e+02  1.28000e-07 
 3.17500e+02  1.44000e-07 
 3.18000e+02  1.36000e-07 
 3.18500e+02  1.52000e-07 
 3.19000e+02  1.52000e-07 
 3.19500e+02  1.68000e-07 
