 0.00000e+00  0.00000e+00 
 5.00000e-01  0.00000e+00 
 1.00000e+00  0.00000e+00 
 1.50000e+00  0.00000e+00 
 2.00000e+00  0.00000e+00 
 2.50000e+00  0.00000e+00 
 3.00000e+00  0.00000e+00 
 3.50000e+00  0.00000e+00 
 4.00000e+00  0.00000e+00 
 4.50000e+00  0.00000e+00 
 5.00000e+00  0.00000e+00 
 5.50000e+00  0.00000e+00 
 6.00000e+00  0.00000e+00 
 6.50000e+00  0.00000e+00 
 7.00000e+00  0.00000e+00 
 7.50000e+00  0.00000e+00 
 8.00000e+00  0.00000e+00 
 8.50000e+00  0.00000e+00 
 9.00000e+00  0.00000e+00 
 9.50000e+00  0.00000e+00 
 1.00000e+01  0.00000e+00 
 1.05000e+01  0.00000e+00 
 1.10000e+01  0.00000e+00 
 1.15000e+01  0.00000e+00 
 1.20000e+01  0.00000e+00 
 1.25000e+01  0.00000e+00 
 1.30000e+01  0.00000e+00 
 1.35000e+01  0.00000e+00 
 1.40000e+01  0.00000e+00 
 1.45000e+01  0.00000e+00 
 1.50000e+01  0.00000e+00 
 1.55000e+01  0.00000e+00 
 1.60000e+01  0.00000e+00 
 1.65000e+01  0.00000e+00 
 1.70000e+01  0.00000e+00 
 1.75000e+01  0.00000e+00 
 1.80000e+01  0.00000e+00 
 1.85000e+01  0.00000e+00 
 1.90000e+01  0.00000e+00 
 1.95000e+01  0.00000e+00 
 2.00000e+01  0.00000e+00 
 2.05000e+01  0.00000e+00 
 2.10000e+01  0.00000e+00 
 2.15000e+01  0.00000e+00 
 2.20000e+01  0.00000e+00 
 2.25000e+01  0.00000e+00 
 2.30000e+01  3.12000e-06 
 2.35000e+01  1.98400e-06 
 2.40000e+01  1.32800e-06 
 2.45000e+01  1.09600e-06 
 2.50000e+01  1.00800e-06 
 2.55000e+01  8.88000e-07 
 2.60000e+01  7.76000e-07 
 2.65000e+01  7.36000e-07 
 2.70000e+01  7.12000e-07 
 2.75000e+01  6.88000e-07 
 2.80000e+01  6.32000e-07 
 2.85000e+01  5.92000e-07 
 2.90000e+01  5.68000e-07 
 2.95000e+01  5.52000e-07 
 3.00000e+01  5.44000e-07 
 3.05000e+01  5.44000e-07 
 3.10000e+01  5.12000e-07 
 3.15000e+01  4.96000e-07 
 3.20000e+01  4.72000e-07 
 3.25000e+01  4.64000e-07 
 3.30000e+01  4.48000e-07 
 3.35000e+01  4.56000e-07 
 3.40000e+01  4.48000e-07 
 3.45000e+01  4.40000e-07 
 3.50000e+01  4.40000e-07 
 3.55000e+01  4.16000e-07 
 3.60000e+01  4.08000e-07 
 3.65000e+01  4.00000e-07 
 3.70000e+01  3.84000e-07 
 3.75000e+01  2.67200e-06 
 3.80000e+01  1.38400e-06 
 3.85000e+01  3.05600e-06 
 3.90000e+01  2.12800e-06 
 3.95000e+01  3.00000e-06 
 4.00000e+01  3.03200e-06 
 4.05000e+01  2.35200e-06 
 4.10000e+01  2.08800e-06 
 4.15000e+01  1.85600e-06 
 4.20000e+01  1.76000e-06 
 4.25000e+01  3.88800e-06 
 4.30000e+01  2.76800e-06 
 4.35000e+01  2.36800e-06 
 4.40000e+01  4.52800e-06 
 4.45000e+01  3.23200e-06 
 4.50000e+01  4.45600e-06 
 4.55000e+01  6.80800e-06 
 4.60000e+01  8.96800e-06 
 4.65000e+01  6.81600e-06 
 4.70000e+01  5.60000e-06 
 4.75000e+01  7.16000e-06 
 4.80000e+01  6.24000e-06 
 4.85000e+01  5.31200e-06 
 4.90000e+01  6.37600e-06 
 4.95000e+01  1.13840e-05 
 5.00000e+01  8.36000e-06 
 5.05000e+01  7.28000e-06 
 5.10000e+01  9.91200e-06 
 5.15000e+01  1.56240e-05 
 5.20000e+01  1.62880e-05 
 5.25000e+01  1.39680e-05 
 5.30000e+01  1.27440e-05 
 5.35000e+01  1.13600e-05 
 5.40000e+01  1.29360e-05 
 5.45000e+01  1.08560e-05 
 5.50000e+01  1.73520e-05 
 5.55000e+01  1.68160e-05 
 5.60000e+01  1.45520e-05 
 5.65000e+01  1.98560e-05 
 5.70000e+01  2.50960e-05 
 5.75000e+01  2.47440e-05 
 5.80000e+01  2.67440e-05 
 5.85000e+01  2.39840e-05 
 5.90000e+01  2.44240e-05 
 5.95000e+01  2.59040e-05 
 6.00000e+01  2.04720e-05 
 6.05000e+01  1.97360e-05 
 6.10000e+01  3.12560e-05 
 6.15000e+01  3.41280e-05 
 6.20000e+01  3.08560e-05 
 6.25000e+01  4.31600e-05 
 6.30000e+01  4.56880e-05 
 6.35000e+01  4.20320e-05 
 6.40000e+01  3.82080e-05 
 6.45000e+01  4.57280e-05 
 6.50000e+01  4.46400e-05 
 6.55000e+01  4.10720e-05 
 6.60000e+01  4.30080e-05 
 6.65000e+01  5.60080e-05 
 6.70000e+01  6.44720e-05 
 6.75000e+01  6.39600e-05 
 6.80000e+01  6.44560e-05 
 6.85000e+01  6.43920e-05 
 6.90000e+01  7.05680e-05 
 6.95000e+01  7.06240e-05 
 7.00000e+01  7.17760e-05 
 7.05000e+01  7.91440e-05 
 7.10000e+01  8.69680e-05 
 7.15000e+01  9.16640e-05 
 7.20000e+01  8.10400e-05 
 7.25000e+01  8.51360e-05 
 7.30000e+01  1.02120e-04 
 7.35000e+01  1.03672e-04 
 7.40000e+01  1.07056e-04 
 7.45000e+01  1.13064e-04 
 7.50000e+01  1.14072e-04 
 7.55000e+01  1.10072e-04 
 7.60000e+01  1.35984e-04 
 7.65000e+01  1.24728e-04 
 7.70000e+01  1.20296e-04 
 7.75000e+01  1.39616e-04 
 7.80000e+01  1.27952e-04 
 7.85000e+01  1.50896e-04 
 7.90000e+01  1.41736e-04 
 7.95000e+01  1.41144e-04 
 8.00000e+01  1.56592e-04 
 8.05000e+01  1.47912e-04 
 8.10000e+01  1.58856e-04 
 8.15000e+01  1.60872e-04 
 8.20000e+01  1.61552e-04 
 8.25000e+01  1.75168e-04 
 8.30000e+01  1.79136e-04 
 8.35000e+01  1.85104e-04 
 8.40000e+01  1.80376e-04 
 8.45000e+01  1.70168e-04 
 8.50000e+01  1.68512e-04 
 8.55000e+01  1.75872e-04 
 8.60000e+01  2.09384e-04 
 8.65000e+01  2.04512e-04 
 8.70000e+01  2.45160e-04 
 8.75000e+01  2.25136e-04 
 8.80000e+01  2.25424e-04 
 8.85000e+01  2.22168e-04 
 8.90000e+01  2.27936e-04 
 8.95000e+01  2.23520e-04 
 9.00000e+01  2.35120e-04 
 9.05000e+01  2.29664e-04 
 9.10000e+01  2.56160e-04 
 9.15000e+01  2.82304e-04 
 9.20000e+01  2.72888e-04 
 9.25000e+01  2.80152e-04 
 9.30000e+01  2.67600e-04 
 9.35000e+01  2.69744e-04 
 9.40000e+01  3.11352e-04 
 9.45000e+01  2.76960e-04 
 9.50000e+01  2.89456e-04 
 9.55000e+01  2.75464e-04 
 9.60000e+01  3.10728e-04 
 9.65000e+01  3.23448e-04 
 9.70000e+01  3.24744e-04 
 9.75000e+01  4.05880e-04 
 9.80000e+01  4.30848e-04 
 9.85000e+01  3.92568e-04 
 9.90000e+01  4.28528e-04 
 9.95000e+01  4.17504e-04 
 1.00000e+02  4.11320e-04 
 1.00500e+02  4.33480e-04 
 1.01000e+02  4.18768e-04 
 1.01500e+02  4.95280e-04 
 1.02000e+02  4.89864e-04 
 1.02500e+02  4.76528e-04 
 1.03000e+02  4.33176e-04 
 1.03500e+02  4.77352e-04 
 1.04000e+02  5.04656e-04 
 1.04500e+02  4.99160e-04 
 1.05000e+02  5.47320e-04 
 1.05500e+02  5.45696e-04 
 1.06000e+02  6.23400e-04 
 1.06500e+02  6.64344e-04 
 1.07000e+02  7.22568e-04 
 1.07500e+02  7.73616e-04 
 1.08000e+02  8.11832e-04 
 1.08500e+02  9.39336e-04 
 1.09000e+02  9.80032e-04 
 1.09500e+02  9.80528e-04 
 1.10000e+02  1.04995e-03 
 1.10500e+02  1.17966e-03 
 1.11000e+02  1.15722e-03 
 1.11500e+02  1.34701e-03 
 1.12000e+02  1.51670e-03 
 1.12500e+02  1.67070e-03 
 1.13000e+02  1.85148e-03 
 1.13500e+02  2.04784e-03 
 1.14000e+02  2.11406e-03 
 1.14500e+02  2.18750e-03 
 1.15000e+02  2.57566e-03 
 1.15500e+02  2.77002e-03 
 1.16000e+02  2.58681e-03 
 1.16500e+02  3.00068e-03 
 1.17000e+02  3.20796e-03 
 1.17500e+02  3.34534e-03 
 1.18000e+02  3.37859e-03 
 1.18500e+02  3.38457e-03 
 1.19000e+02  3.45642e-03 
 1.19500e+02  3.70856e-03 
 1.20000e+02  3.81166e-03 
 1.20500e+02  3.90989e-03 
 1.21000e+02  3.87932e-03 
 1.21500e+02  4.22681e-03 
 1.22000e+02  4.43426e-03 
 1.22500e+02  4.45082e-03 
 1.23000e+02  4.46960e-03 
 1.23500e+02  4.39657e-03 
 1.24000e+02  4.77602e-03 
 1.24500e+02  4.79840e-03 
 1.25000e+02  5.03236e-03 
 1.25500e+02  5.14528e-03 
 1.26000e+02  5.22997e-03 
 1.26500e+02  5.74742e-03 
 1.27000e+02  5.53546e-03 
 1.27500e+02  5.61504e-03 
 1.28000e+02  5.66233e-03 
 1.28500e+02  5.96113e-03 
 1.29000e+02  6.03806e-03 
 1.29500e+02  6.25588e-03 
 1.30000e+02  6.25981e-03 
 1.30500e+02  5.91401e-03 
 1.31000e+02  6.26026e-03 
 1.31500e+02  6.28333e-03 
 1.32000e+02  6.71178e-03 
 1.32500e+02  6.91610e-03 
 1.33000e+02  6.87622e-03 
 1.33500e+02  6.57005e-03 
 1.34000e+02  7.02934e-03 
 1.34500e+02  7.49618e-03 
 1.35000e+02  7.11530e-03 
 1.35500e+02  6.92811e-03 
 1.36000e+02  6.74146e-03 
 1.36500e+02  7.00554e-03 
 1.37000e+02  7.07853e-03 
 1.37500e+02  7.15794e-03 
 1.38000e+02  7.27360e-03 
 1.38500e+02  7.84708e-03 
 1.39000e+02  7.41119e-03 
 1.39500e+02  7.38611e-03 
 1.40000e+02  7.80501e-03 
 1.40500e+02  7.51558e-03 
 1.41000e+02  7.76567e-03 
 1.41500e+02  7.64511e-03 
 1.42000e+02  7.94542e-03 
 1.42500e+02  7.72766e-03 
 1.43000e+02  7.99117e-03 
 1.43500e+02  7.50534e-03 
 1.44000e+02  7.57949e-03 
 1.44500e+02  7.73287e-03 
 1.45000e+02  7.71257e-03 
 1.45500e+02  7.77904e-03 
 1.46000e+02  7.95202e-03 
 1.46500e+02  8.33751e-03 
 1.47000e+02  8.11750e-03 
 1.47500e+02  7.99753e-03 
 1.48000e+02  7.76155e-03 
 1.48500e+02  8.06051e-03 
 1.49000e+02  8.19696e-03 
 1.49500e+02  8.45366e-03 
 1.50000e+02  8.67777e-03 
 1.50500e+02  8.58372e-03 
 1.51000e+02  8.42884e-03 
 1.51500e+02  8.43227e-03 
 1.52000e+02  8.58505e-03 
 1.52500e+02  8.31802e-03 
 1.53000e+02  8.51766e-03 
 1.53500e+02  8.79419e-03 
 1.54000e+02  8.58145e-03 
 1.54500e+02  8.80626e-03 
 1.55000e+02  8.72611e-03 
 1.55500e+02  8.75010e-03 
 1.56000e+02  8.29206e-03 
 1.56500e+02  8.36882e-03 
 1.57000e+02  8.21435e-03 
 1.57500e+02  8.60905e-03 
 1.58000e+02  8.25769e-03 
 1.58500e+02  7.95190e-03 
 1.59000e+02  8.39730e-03 
 1.59500e+02  8.36059e-03 
 1.60000e+02  8.61181e-03 
 1.60500e+02  8.27286e-03 
 1.61000e+02  8.13632e-03 
 1.61500e+02  8.50861e-03 
 1.62000e+02  8.41516e-03 
 1.62500e+02  8.70482e-03 
 1.63000e+02  8.73658e-03 
 1.63500e+02  8.58440e-03 
 1.64000e+02  8.36594e-03 
 1.64500e+02  8.27842e-03 
 1.65000e+02  8.44802e-03 
 1.65500e+02  8.51974e-03 
 1.66000e+02  8.70980e-03 
 1.66500e+02  8.80234e-03 
 1.67000e+02  8.84157e-03 
 1.67500e+02  8.70471e-03 
 1.68000e+02  8.67501e-03 
 1.68500e+02  8.85443e-03 
 1.69000e+02  8.47554e-03 
 1.69500e+02  8.72735e-03 
 1.70000e+02  8.55187e-03 
 1.70500e+02  8.43859e-03 
 1.71000e+02  8.19421e-03 
 1.71500e+02  8.28483e-03 
 1.72000e+02  8.23310e-03 
 1.72500e+02  8.22446e-03 
 1.73000e+02  8.34566e-03 
 1.73500e+02  7.89386e-03 
 1.74000e+02  7.94216e-03 
 1.74500e+02  7.91390e-03 
 1.75000e+02  7.82464e-03 
 1.75500e+02  7.52079e-03 
 1.76000e+02  7.46578e-03 
 1.76500e+02  7.52477e-03 
 1.77000e+02  7.70426e-03 
 1.77500e+02  7.74219e-03 
 1.78000e+02  8.01131e-03 
 1.78500e+02  7.90121e-03 
 1.79000e+02  7.72335e-03 
 1.79500e+02  7.91466e-03 
 1.80000e+02  7.84874e-03 
 1.80500e+02  7.56627e-03 
 1.81000e+02  7.69825e-03 
 1.81500e+02  7.36244e-03 
 1.82000e+02  7.72590e-03 
 1.82500e+02  7.33230e-03 
 1.83000e+02  7.29042e-03 
 1.83500e+02  7.11534e-03 
 1.84000e+02  7.14714e-03 
 1.84500e+02  6.76585e-03 
 1.85000e+02  6.68996e-03 
 1.85500e+02  6.80300e-03 
 1.86000e+02  6.43469e-03 
 1.86500e+02  6.58688e-03 
 1.87000e+02  6.01273e-03 
 1.87500e+02  6.09824e-03 
 1.88000e+02  6.10277e-03 
 1.88500e+02  5.94893e-03 
 1.89000e+02  5.81369e-03 
 1.89500e+02  5.98050e-03 
 1.90000e+02  5.50873e-03 
 1.90500e+02  5.65978e-03 
 1.91000e+02  5.43571e-03 
 1.91500e+02  5.74971e-03 
 1.92000e+02  5.33986e-03 
 1.92500e+02  4.96437e-03 
 1.93000e+02  4.71734e-03 
 1.93500e+02  4.79422e-03 
 1.94000e+02  5.01401e-03 
 1.94500e+02  4.76031e-03 
 1.95000e+02  4.45242e-03 
 1.95500e+02  4.44775e-03 
 1.96000e+02  4.28970e-03 
 1.96500e+02  4.00938e-03 
 1.97000e+02  4.13518e-03 
 1.97500e+02  3.95391e-03 
 1.98000e+02  3.85658e-03 
 1.98500e+02  3.64170e-03 
 1.99000e+02  3.60515e-03 
 1.99500e+02  3.61284e-03 
 2.00000e+02  3.14368e-03 
 2.00500e+02  2.84170e-03 
 2.01000e+02  2.74003e-03 
 2.01500e+02  2.74401e-03 
 2.02000e+02  2.63595e-03 
 2.02500e+02  2.55326e-03 
 2.03000e+02  2.35754e-03 
 2.03500e+02  2.22508e-03 
 2.04000e+02  2.28807e-03 
 2.04500e+02  2.02047e-03 
 2.05000e+02  1.84553e-03 
 2.05500e+02  1.77407e-03 
 2.06000e+02  1.55488e-03 
 2.06500e+02  1.46775e-03 
 2.07000e+02  1.37845e-03 
 2.07500e+02  1.13081e-03 
 2.08000e+02  1.06619e-03 
 2.08500e+02  9.67832e-04 
 2.09000e+02  7.82168e-04 
 2.09500e+02  7.94928e-04 
 2.10000e+02  8.20760e-04 
 2.10500e+02  7.41344e-04 
 2.11000e+02  7.20640e-04 
 2.11500e+02  6.85808e-04 
 2.12000e+02  7.06096e-04 
 2.12500e+02  6.59056e-04 
 2.13000e+02  6.13960e-04 
 2.13500e+02  5.90184e-04 
 2.14000e+02  6.47960e-04 
 2.14500e+02  5.64560e-04 
 2.15000e+02  5.71224e-04 
 2.15500e+02  4.44880e-04 
 2.16000e+02  4.49440e-04 
 2.16500e+02  4.13312e-04 
 2.17000e+02  4.65992e-04 
 2.17500e+02  4.22264e-04 
 2.18000e+02  4.07208e-04 
 2.18500e+02  4.19640e-04 
 2.19000e+02  3.74712e-04 
 2.19500e+02  3.82920e-04 
 2.20000e+02  3.77032e-04 
 2.20500e+02  3.73912e-04 
 2.21000e+02  3.68368e-04 
 2.21500e+02  3.74368e-04 
 2.22000e+02  3.60648e-04 
 2.22500e+02  3.56920e-04 
 2.23000e+02  3.73632e-04 
 2.23500e+02  3.30816e-04 
 2.24000e+02  3.45648e-04 
 2.24500e+02  2.99480e-04 
 2.25000e+02  2.72848e-04 
 2.25500e+02  2.65856e-04 
 2.26000e+02  3.00424e-04 
 2.26500e+02  2.31272e-04 
 2.27000e+02  2.34248e-04 
 2.27500e+02  2.55488e-04 
 2.28000e+02  2.14544e-04 
 2.28500e+02  2.15496e-04 
 2.29000e+02  2.26824e-04 
 2.29500e+02  2.14416e-04 
 2.30000e+02  1.95200e-04 
 2.30500e+02  1.76688e-04 
 2.31000e+02  1.77576e-04 
 2.31500e+02  1.83896e-04 
 2.32000e+02  1.98520e-04 
 2.32500e+02  1.78016e-04 
 2.33000e+02  1.85432e-04 
 2.33500e+02  1.89288e-04 
 2.34000e+02  1.70496e-04 
 2.34500e+02  1.77048e-04 
 2.35000e+02  1.57456e-04 
 2.35500e+02  1.62336e-04 
 2.36000e+02  1.73528e-04 
 2.36500e+02  1.62704e-04 
 2.37000e+02  1.69472e-04 
 2.37500e+02  1.66528e-04 
 2.38000e+02  1.53408e-04 
 2.38500e+02  1.40768e-04 
 2.39000e+02  1.41016e-04 
 2.39500e+02  1.57512e-04 
 2.40000e+02  1.44680e-04 
 2.40500e+02  1.37200e-04 
 2.41000e+02  1.33904e-04 
 2.41500e+02  1.21824e-04 
 2.42000e+02  1.12800e-04 
 2.42500e+02  1.15128e-04 
 2.43000e+02  1.16488e-04 
 2.43500e+02  1.04504e-04 
 2.44000e+02  1.09976e-04 
 2.44500e+02  1.03048e-04 
 2.45000e+02  1.06560e-04 
 2.45500e+02  1.01504e-04 
 2.46000e+02  7.34320e-05 
 2.46500e+02  6.21920e-05 
 2.47000e+02  5.97920e-05 
 2.47500e+02  6.54960e-05 
 2.48000e+02  6.52160e-05 
 2.48500e+02  5.93200e-05 
 2.49000e+02  5.67840e-05 
 2.49500e+02  6.63440e-05 
 2.50000e+02  4.76960e-05 
 2.50500e+02  3.75040e-05 
 2.51000e+02  4.19440e-05 
 2.51500e+02  3.91680e-05 
 2.52000e+02  4.32240e-05 
 2.52500e+02  4.36720e-05 
 2.53000e+02  3.85040e-05 
 2.53500e+02  4.33520e-05 
 2.54000e+02  3.59200e-05 
 2.54500e+02  3.30480e-05 
 2.55000e+02  3.44800e-05 
 2.55500e+02  3.12080e-05 
 2.56000e+02  3.06800e-05 
 2.56500e+02  3.37440e-05 
 2.57000e+02  3.03760e-05 
 2.57500e+02  2.75680e-05 
 2.58000e+02  2.94160e-05 
 2.58500e+02  1.98480e-05 
 2.59000e+02  1.85760e-05 
 2.59500e+02  1.38880e-05 
 2.60000e+02  1.68960e-05 
 2.60500e+02  1.69200e-05 
 2.61000e+02  1.39680e-05 
 2.61500e+02  1.65840e-05 
 2.62000e+02  1.55360e-05 
 2.62500e+02  1.17680e-05 
 2.63000e+02  1.03520e-05 
 2.63500e+02  6.84800e-06 
 2.64000e+02  6.48800e-06 
 2.64500e+02  6.96800e-06 
 2.65000e+02  7.52000e-06 
 2.65500e+02  8.62400e-06 
 2.66000e+02  8.81600e-06 
 2.66500e+02  8.90400e-06 
 2.67000e+02  7.72800e-06 
 2.67500e+02  7.84000e-06 
 2.68000e+02  1.13520e-05 
 2.68500e+02  7.14400e-06 
 2.69000e+02  7.48800e-06 
 2.69500e+02  6.50400e-06 
 2.70000e+02  5.32000e-06 
 2.70500e+02  4.86400e-06 
 2.71000e+02  4.80000e-06 
 2.71500e+02  2.85600e-06 
 2.72000e+02  3.24800e-06 
 2.72500e+02  4.34400e-06 
 2.73000e+02  4.93600e-06 
 2.73500e+02  2.32000e-06 
 2.74000e+02  1.01600e-06 
 2.74500e+02  1.04000e-06 
 2.75000e+02  1.08800e-06 
 2.75500e+02  1.10400e-06 
 2.76000e+02  1.15200e-06 
 2.76500e+02  1.18400e-06 
 2.77000e+02  1.24000e-06 
 2.77500e+02  1.31200e-06 
 2.78000e+02  1.35200e-06 
 2.78500e+02  1.45600e-06 
 2.79000e+02  1.60800e-06 
 2.79500e+02  1.78400e-06 
 2.80000e+02  2.07200e-06 
 2.80500e+02  2.82400e-06 
 2.81000e+02  4.04000e-06 
 2.81500e+02  4.56000e-07 
 2.82000e+02  4.56000e-07 
 2.82500e+02  4.96000e-07 
 2.83000e+02  4.96000e-07 
 2.83500e+02  5.20000e-07 
 2.84000e+02  5.60000e-07 
 2.84500e+02  5.92000e-07 
 2.85000e+02  6.16000e-07 
 2.85500e+02  7.44000e-07 
 2.86000e+02  3.84000e-07 
 2.86500e+02  3.20000e-07 
 2.87000e+02  3.20000e-07 
 2.87500e+02  3.36000e-07 
 2.88000e+02  3.36000e-07 
 2.88500e+02  3.52000e-07 
 2.89000e+02  3.76000e-07 
 2.89500e+02  3.68000e-07 
 2.90000e+02  3.84000e-07 
 2.90500e+02  3.20000e-07 
 2.91000e+02  3.28000e-07 
 2.91500e+02  3.60000e-07 
 2.92000e+02  3.76000e-07 
 2.92500e+02  3.92000e-07 
 2.93000e+02  4.40000e-07 
 2.93500e+02  4.96000e-07 
 2.94000e+02  5.52000e-07 
 2.94500e+02  6.48000e-07 
 2.95000e+02  9.28000e-07 
 2.95500e+02  1.78400e-06 
 2.96000e+02  0.00000e+00 
 2.96500e+02  0.00000e+00 
 2.97000e+02  0.00000e+00 
 2.97500e+02  0.00000e+00 
 2.98000e+02  0.00000e+00 
 2.98500e+02  0.00000e+00 
 2.99000e+02  0.00000e+00 
 2.99500e+02  0.00000e+00 
 3.00000e+02  0.00000e+00 
 3.00500e+02  0.00000e+00 
 3.01000e+02  0.00000e+00 
 3.01500e+02  0.00000e+00 
 3.02000e+02  0.00000e+00 
 3.02500e+02  0.00000e+00 
 3.03000e+02  0.00000e+00 
 3.03500e+02  0.00000e+00 
 3.04000e+02  0.00000e+00 
 3.04500e+02  0.00000e+00 
 3.05000e+02  0.00000e+00 
 3.05500e+02  0.00000e+00 
 3.06000e+02  0.00000e+00 
 3.06500e+02  0.00000e+00 
 3.07000e+02  0.00000e+00 
 3.07500e+02  0.00000e+00 
 3.08000e+02  0.00000e+00 
 3.08500e+02  0.00000e+00 
 3.09000e+02  0.00000e+00 
 3.09500e+02  0.00000e+00 
 3.10000e+02  0.00000e+00 
 3.10500e+02  0.00000e+00 
 3.11000e+02  0.00000e+00 
 3.11500e+02  0.00000e+00 
 3.12000e+02  0.00000e+00 
 3.12500e+02  0.00000e+00 
 3.13000e+02  0.00000e+00 
 3.13500e+02  0.00000e+00 
 3.14000e+02  0.00000e+00 
 3.14500e+02  0.00000e+00 
 3.15000e+02  0.00000e+00 
 3.15500e+02  0.00000e+00 
 3.16000e+02  0.00000e+00 
 3.16500e+02  0.00000e+00 
 3.17000e+02  0.00000e+00 
 3.17500e+02  0.00000e+00 
 3.18000e+02  0.00000e+00 
 3.18500e+02  0.00000e+00 
 3.19000e+02  0.00000e+00 
 3.19500e+02  0.00000e+00 
