 0.00000e+00  0.00000e+00 
 5.00000e-01  0.00000e+00 
 1.00000e+00  0.00000e+00 
 1.50000e+00  0.00000e+00 
 2.00000e+00  0.00000e+00 
 2.50000e+00  0.00000e+00 
 3.00000e+00  0.00000e+00 
 3.50000e+00  0.00000e+00 
 4.00000e+00  0.00000e+00 
 4.50000e+00  0.00000e+00 
 5.00000e+00  0.00000e+00 
 5.50000e+00  1.68000e-07 
 6.00000e+00  2.80000e-07 
 6.50000e+00  2.24000e-07 
 7.00000e+00  2.00000e-07 
 7.50000e+00  1.84000e-07 
 8.00000e+00  1.84000e-07 
 8.50000e+00  1.52000e-07 
 9.00000e+00  1.44000e-07 
 9.50000e+00  1.44000e-07 
 1.00000e+01  1.36000e-07 
 1.05000e+01  1.28000e-07 
 1.10000e+01  1.28000e-07 
 1.15000e+01  1.20000e-07 
 1.20000e+01  1.20000e-07 
 1.25000e+01  1.04000e-07 
 1.30000e+01  1.04000e-07 
 1.35000e+01  1.12000e-07 
 1.40000e+01  9.60000e-08 
 1.45000e+01  1.04000e-07 
 1.50000e+01  1.04000e-07 
 1.55000e+01  9.60000e-08 
 1.60000e+01  9.60000e-08 
 1.65000e+01  8.80000e-08 
 1.70000e+01  8.80000e-08 
 1.75000e+01  8.80000e-08 
 1.80000e+01  8.80000e-08 
 1.85000e+01  8.80000e-08 
 1.90000e+01  8.00000e-08 
 1.95000e+01  8.80000e-08 
 2.00000e+01  8.00000e-08 
 2.05000e+01  8.80000e-08 
 2.10000e+01  9.44000e-07 
 2.15000e+01  1.31200e-06 
 2.20000e+01  4.48000e-07 
 2.25000e+01  3.84000e-07 
 2.30000e+01  3.36000e-07 
 2.35000e+01  2.96000e-07 
 2.40000e+01  2.72000e-07 
 2.45000e+01  2.64000e-07 
 2.50000e+01  1.83200e-06 
 2.55000e+01  1.25600e-06 
 2.60000e+01  8.96000e-07 
 2.65000e+01  7.84000e-07 
 2.70000e+01  7.20000e-07 
 2.75000e+01  6.64000e-07 
 2.80000e+01  6.16000e-07 
 2.85000e+01  5.68000e-07 
 2.90000e+01  8.72000e-07 
 2.95000e+01  2.36000e-06 
 3.00000e+01  1.36000e-06 
 3.05000e+01  1.15200e-06 
 3.10000e+01  1.02400e-06 
 3.15000e+01  9.68000e-07 
 3.20000e+01  9.20000e-07 
 3.25000e+01  8.80000e-07 
 3.30000e+01  8.08000e-07 
 3.35000e+01  7.76000e-07 
 3.40000e+01  7.60000e-07 
 3.45000e+01  7.36000e-07 
 3.50000e+01  7.12000e-07 
 3.55000e+01  6.16000e-07 
 3.60000e+01  5.84000e-07 
 3.65000e+01  5.52000e-07 
 3.70000e+01  5.52000e-07 
 3.75000e+01  1.05600e-06 
 3.80000e+01  8.80000e-07 
 3.85000e+01  8.32000e-07 
 3.90000e+01  7.84000e-07 
 3.95000e+01  7.36000e-07 
 4.00000e+01  7.12000e-07 
 4.05000e+01  7.12000e-07 
 4.10000e+01  6.80000e-07 
 4.15000e+01  6.56000e-07 
 4.20000e+01  6.56000e-07 
 4.25000e+01  6.40000e-07 
 4.30000e+01  1.34400e-06 
 4.35000e+01  1.24800e-06 
 4.40000e+01  1.04800e-06 
 4.45000e+01  9.60000e-07 
 4.50000e+01  8.88000e-07 
 4.55000e+01  8.88000e-07 
 4.60000e+01  2.76800e-06 
 4.65000e+01  2.18400e-06 
 4.70000e+01  1.74400e-06 
 4.75000e+01  2.70400e-06 
 4.80000e+01  3.28000e-06 
 4.85000e+01  2.88800e-06 
 4.90000e+01  9.11200e-06 
 4.95000e+01  6.61600e-06 
 5.00000e+01  5.00000e-06 
 5.05000e+01  4.24800e-06 
 5.10000e+01  5.23200e-06 
 5.15000e+01  1.08240e-05 
 5.20000e+01  8.02400e-06 
 5.25000e+01  1.30960e-05 
 5.30000e+01  9.37600e-06 
 5.35000e+01  7.92000e-06 
 5.40000e+01  1.14320e-05 
 5.45000e+01  9.67200e-06 
 5.50000e+01  8.24800e-06 
 5.55000e+01  8.02400e-06 
 5.60000e+01  7.53600e-06 
 5.65000e+01  7.31200e-06 
 5.70000e+01  9.25600e-06 
 5.75000e+01  1.09040e-05 
 5.80000e+01  9.91200e-06 
 5.85000e+01  8.60800e-06 
 5.90000e+01  9.70400e-06 
 5.95000e+01  1.02640e-05 
 6.00000e+01  1.24320e-05 
 6.05000e+01  1.01120e-05 
 6.10000e+01  1.36720e-05 
 6.15000e+01  1.15520e-05 
 6.20000e+01  1.12240e-05 
 6.25000e+01  1.37200e-05 
 6.30000e+01  2.30240e-05 
 6.35000e+01  1.75200e-05 
 6.40000e+01  1.54560e-05 
 6.45000e+01  2.30160e-05 
 6.50000e+01  1.81360e-05 
 6.55000e+01  2.58080e-05 
 6.60000e+01  2.93600e-05 
 6.65000e+01  2.37440e-05 
 6.70000e+01  2.76560e-05 
 6.75000e+01  3.28000e-05 
 6.80000e+01  3.04400e-05 
 6.85000e+01  3.59360e-05 
 6.90000e+01  3.65360e-05 
 6.95000e+01  4.70000e-05 
 7.00000e+01  4.30480e-05 
 7.05000e+01  4.47520e-05 
 7.10000e+01  4.63360e-05 
 7.15000e+01  5.68080e-05 
 7.20000e+01  6.31600e-05 
 7.25000e+01  9.22960e-05 
 7.30000e+01  8.34560e-05 
 7.35000e+01  6.89840e-05 
 7.40000e+01  7.50960e-05 
 7.45000e+01  6.61360e-05 
 7.50000e+01  8.13920e-05 
 7.55000e+01  7.87040e-05 
 7.60000e+01  9.05360e-05 
 7.65000e+01  9.24560e-05 
 7.70000e+01  1.02936e-04 
 7.75000e+01  9.90640e-05 
 7.80000e+01  1.10384e-04 
 7.85000e+01  1.43656e-04 
 7.90000e+01  1.21560e-04 
 7.95000e+01  1.07424e-04 
 8.00000e+01  1.23872e-04 
 8.05000e+01  1.37912e-04 
 8.10000e+01  1.56552e-04 
 8.15000e+01  1.48176e-04 
 8.20000e+01  1.65016e-04 
 8.25000e+01  1.62256e-04 
 8.30000e+01  1.54960e-04 
 8.35000e+01  1.72040e-04 
 8.40000e+01  1.81256e-04 
 8.45000e+01  1.70256e-04 
 8.50000e+01  2.01264e-04 
 8.55000e+01  2.26144e-04 
 8.60000e+01  2.03144e-04 
 8.65000e+01  2.02336e-04 
 8.70000e+01  2.48216e-04 
 8.75000e+01  2.59584e-04 
 8.80000e+01  2.38432e-04 
 8.85000e+01  2.65984e-04 
 8.90000e+01  2.48112e-04 
 8.95000e+01  2.70312e-04 
 9.00000e+01  2.84464e-04 
 9.05000e+01  2.41680e-04 
 9.10000e+01  2.29928e-04 
 9.15000e+01  2.68112e-04 
 9.20000e+01  2.45320e-04 
 9.25000e+01  2.85336e-04 
 9.30000e+01  2.85760e-04 
 9.35000e+01  3.00840e-04 
 9.40000e+01  2.87976e-04 
 9.45000e+01  2.91624e-04 
 9.50000e+01  3.12360e-04 
 9.55000e+01  2.92784e-04 
 9.60000e+01  3.05560e-04 
 9.65000e+01  3.09808e-04 
 9.70000e+01  3.59856e-04 
 9.75000e+01  3.53144e-04 
 9.80000e+01  3.24264e-04 
 9.85000e+01  3.65528e-04 
 9.90000e+01  4.09448e-04 
 9.95000e+01  4.25312e-04 
 1.00000e+02  4.18712e-04 
 1.00500e+02  4.35232e-04 
 1.01000e+02  4.28320e-04 
 1.01500e+02  4.55176e-04 
 1.02000e+02  4.27488e-04 
 1.02500e+02  4.45328e-04 
 1.03000e+02  5.14232e-04 
 1.03500e+02  5.43752e-04 
 1.04000e+02  5.93320e-04 
 1.04500e+02  6.21240e-04 
 1.05000e+02  7.02608e-04 
 1.05500e+02  7.13216e-04 
 1.06000e+02  7.67672e-04 
 1.06500e+02  7.73904e-04 
 1.07000e+02  7.79152e-04 
 1.07500e+02  8.08096e-04 
 1.08000e+02  8.41384e-04 
 1.08500e+02  8.62992e-04 
 1.09000e+02  9.33824e-04 
 1.09500e+02  1.03788e-03 
 1.10000e+02  1.13638e-03 
 1.10500e+02  1.35798e-03 
 1.11000e+02  1.39582e-03 
 1.11500e+02  1.68462e-03 
 1.12000e+02  1.81242e-03 
 1.12500e+02  1.89483e-03 
 1.13000e+02  1.89150e-03 
 1.13500e+02  2.03376e-03 
 1.14000e+02  2.10443e-03 
 1.14500e+02  2.27548e-03 
 1.15000e+02  2.40982e-03 
 1.15500e+02  2.47374e-03 
 1.16000e+02  2.71048e-03 
 1.16500e+02  2.85006e-03 
 1.17000e+02  3.09086e-03 
 1.17500e+02  3.45597e-03 
 1.18000e+02  3.78886e-03 
 1.18500e+02  3.83890e-03 
 1.19000e+02  3.81726e-03 
 1.19500e+02  4.00360e-03 
 1.20000e+02  4.22767e-03 
 1.20500e+02  4.22408e-03 
 1.21000e+02  4.27882e-03 
 1.21500e+02  4.27046e-03 
 1.22000e+02  4.53324e-03 
 1.22500e+02  4.49160e-03 
 1.23000e+02  4.58169e-03 
 1.23500e+02  4.72932e-03 
 1.24000e+02  4.94896e-03 
 1.24500e+02  4.89395e-03 
 1.25000e+02  4.96518e-03 
 1.25500e+02  5.15733e-03 
 1.26000e+02  5.59860e-03 
 1.26500e+02  5.36724e-03 
 1.27000e+02  5.54578e-03 
 1.27500e+02  5.97206e-03 
 1.28000e+02  5.87962e-03 
 1.28500e+02  5.95118e-03 
 1.29000e+02  6.16994e-03 
 1.29500e+02  6.41203e-03 
 1.30000e+02  6.27919e-03 
 1.30500e+02  6.08526e-03 
 1.31000e+02  6.08743e-03 
 1.31500e+02  6.28433e-03 
 1.32000e+02  5.86078e-03 
 1.32500e+02  5.78294e-03 
 1.33000e+02  6.21090e-03 
 1.33500e+02  6.22760e-03 
 1.34000e+02  6.45746e-03 
 1.34500e+02  6.45825e-03 
 1.35000e+02  6.40622e-03 
 1.35500e+02  6.33770e-03 
 1.36000e+02  6.43810e-03 
 1.36500e+02  6.99906e-03 
 1.37000e+02  7.05697e-03 
 1.37500e+02  7.04647e-03 
 1.38000e+02  7.50567e-03 
 1.38500e+02  7.57713e-03 
 1.39000e+02  7.41433e-03 
 1.39500e+02  7.36623e-03 
 1.40000e+02  7.74590e-03 
 1.40500e+02  7.53123e-03 
 1.41000e+02  7.21379e-03 
 1.41500e+02  7.26878e-03 
 1.42000e+02  7.18115e-03 
 1.42500e+02  7.25649e-03 
 1.43000e+02  7.42996e-03 
 1.43500e+02  7.75472e-03 
 1.44000e+02  7.41491e-03 
 1.44500e+02  7.45102e-03 
 1.45000e+02  7.34164e-03 
 1.45500e+02  7.75190e-03 
 1.46000e+02  7.69773e-03 
 1.46500e+02  7.95656e-03 
 1.47000e+02  7.48298e-03 
 1.47500e+02  7.86530e-03 
 1.48000e+02  8.23327e-03 
 1.48500e+02  7.99872e-03 
 1.49000e+02  7.77387e-03 
 1.49500e+02  7.97038e-03 
 1.50000e+02  7.87081e-03 
 1.50500e+02  7.63798e-03 
 1.51000e+02  7.67290e-03 
 1.51500e+02  7.72500e-03 
 1.52000e+02  7.69922e-03 
 1.52500e+02  7.70384e-03 
 1.53000e+02  7.64042e-03 
 1.53500e+02  7.41321e-03 
 1.54000e+02  7.87415e-03 
 1.54500e+02  8.00467e-03 
 1.55000e+02  7.70136e-03 
 1.55500e+02  7.54034e-03 
 1.56000e+02  7.89238e-03 
 1.56500e+02  7.53010e-03 
 1.57000e+02  7.84863e-03 
 1.57500e+02  8.30446e-03 
 1.58000e+02  8.15831e-03 
 1.58500e+02  7.97534e-03 
 1.59000e+02  8.57503e-03 
 1.59500e+02  8.31451e-03 
 1.60000e+02  7.86282e-03 
 1.60500e+02  7.83934e-03 
 1.61000e+02  7.71884e-03 
 1.61500e+02  7.77833e-03 
 1.62000e+02  7.94082e-03 
 1.62500e+02  7.61971e-03 
 1.63000e+02  8.00146e-03 
 1.63500e+02  7.65082e-03 
 1.64000e+02  7.96176e-03 
 1.64500e+02  8.25278e-03 
 1.65000e+02  8.08681e-03 
 1.65500e+02  8.32854e-03 
 1.66000e+02  8.06515e-03 
 1.66500e+02  8.09831e-03 
 1.67000e+02  8.02131e-03 
 1.67500e+02  7.41816e-03 
 1.68000e+02  7.69254e-03 
 1.68500e+02  7.80566e-03 
 1.69000e+02  7.79966e-03 
 1.69500e+02  7.81678e-03 
 1.70000e+02  8.05802e-03 
 1.70500e+02  8.05893e-03 
 1.71000e+02  8.13382e-03 
 1.71500e+02  8.41680e-03 
 1.72000e+02  8.27682e-03 
 1.72500e+02  8.52661e-03 
 1.73000e+02  8.18526e-03 
 1.73500e+02  8.17210e-03 
 1.74000e+02  8.63546e-03 
 1.74500e+02  7.96190e-03 
 1.75000e+02  8.12068e-03 
 1.75500e+02  8.10418e-03 
 1.76000e+02  8.27607e-03 
 1.76500e+02  8.12338e-03 
 1.77000e+02  7.72158e-03 
 1.77500e+02  7.76710e-03 
 1.78000e+02  7.78276e-03 
 1.78500e+02  7.95816e-03 
 1.79000e+02  7.83126e-03 
 1.79500e+02  7.98224e-03 
 1.80000e+02  7.75799e-03 
 1.80500e+02  7.37006e-03 
 1.81000e+02  7.51026e-03 
 1.81500e+02  7.49843e-03 
 1.82000e+02  7.49175e-03 
 1.82500e+02  7.46039e-03 
 1.83000e+02  7.63449e-03 
 1.83500e+02  7.75237e-03 
 1.84000e+02  7.65126e-03 
 1.84500e+02  6.96666e-03 
 1.85000e+02  6.99648e-03 
 1.85500e+02  6.86273e-03 
 1.86000e+02  6.85068e-03 
 1.86500e+02  7.05302e-03 
 1.87000e+02  6.75598e-03 
 1.87500e+02  6.51945e-03 
 1.88000e+02  6.39875e-03 
 1.88500e+02  6.47962e-03 
 1.89000e+02  6.37486e-03 
 1.89500e+02  6.39349e-03 
 1.90000e+02  6.36539e-03 
 1.90500e+02  6.01597e-03 
 1.91000e+02  6.28550e-03 
 1.91500e+02  6.04433e-03 
 1.92000e+02  5.69218e-03 
 1.92500e+02  5.41530e-03 
 1.93000e+02  5.22098e-03 
 1.93500e+02  5.41844e-03 
 1.94000e+02  5.24175e-03 
 1.94500e+02  5.37609e-03 
 1.95000e+02  5.05191e-03 
 1.95500e+02  5.02367e-03 
 1.96000e+02  4.78936e-03 
 1.96500e+02  4.70131e-03 
 1.97000e+02  4.32476e-03 
 1.97500e+02  4.08486e-03 
 1.98000e+02  3.79739e-03 
 1.98500e+02  3.72378e-03 
 1.99000e+02  3.57442e-03 
 1.99500e+02  3.46193e-03 
 2.00000e+02  3.37745e-03 
 2.00500e+02  3.39473e-03 
 2.01000e+02  3.28782e-03 
 2.01500e+02  2.91885e-03 
 2.02000e+02  2.72190e-03 
 2.02500e+02  2.50137e-03 
 2.03000e+02  2.32160e-03 
 2.03500e+02  2.19314e-03 
 2.04000e+02  2.03859e-03 
 2.04500e+02  1.83229e-03 
 2.05000e+02  1.68974e-03 
 2.05500e+02  1.67674e-03 
 2.06000e+02  1.58383e-03 
 2.06500e+02  1.51268e-03 
 2.07000e+02  1.43070e-03 
 2.07500e+02  1.24416e-03 
 2.08000e+02  1.14904e-03 
 2.08500e+02  1.02714e-03 
 2.09000e+02  1.04066e-03 
 2.09500e+02  1.01560e-03 
 2.10000e+02  9.28680e-04 
 2.10500e+02  8.23928e-04 
 2.11000e+02  7.59824e-04 
 2.11500e+02  6.47168e-04 
 2.12000e+02  7.20080e-04 
 2.12500e+02  7.28632e-04 
 2.13000e+02  5.99984e-04 
 2.13500e+02  6.09440e-04 
 2.14000e+02  5.22264e-04 
 2.14500e+02  5.26880e-04 
 2.15000e+02  5.49312e-04 
 2.15500e+02  4.72848e-04 
 2.16000e+02  4.71304e-04 
 2.16500e+02  4.41632e-04 
 2.17000e+02  4.90272e-04 
 2.17500e+02  4.29544e-04 
 2.18000e+02  4.18120e-04 
 2.18500e+02  3.90616e-04 
 2.19000e+02  4.30752e-04 
 2.19500e+02  3.95928e-04 
 2.20000e+02  3.82544e-04 
 2.20500e+02  3.58120e-04 
 2.21000e+02  3.38744e-04 
 2.21500e+02  3.56792e-04 
 2.22000e+02  3.03312e-04 
 2.22500e+02  2.92768e-04 
 2.23000e+02  2.64848e-04 
 2.23500e+02  2.74024e-04 
 2.24000e+02  2.71872e-04 
 2.24500e+02  2.93400e-04 
 2.25000e+02  2.58272e-04 
 2.25500e+02  2.75840e-04 
 2.26000e+02  2.69952e-04 
 2.26500e+02  2.85736e-04 
 2.27000e+02  3.11704e-04 
 2.27500e+02  2.80368e-04 
 2.28000e+02  2.52896e-04 
 2.28500e+02  2.44096e-04 
 2.29000e+02  2.26856e-04 
 2.29500e+02  2.37400e-04 
 2.30000e+02  2.46440e-04 
 2.30500e+02  2.23192e-04 
 2.31000e+02  2.39928e-04 
 2.31500e+02  2.07744e-04 
 2.32000e+02  2.02104e-04 
 2.32500e+02  2.31688e-04 
 2.33000e+02  2.21856e-04 
 2.33500e+02  2.09240e-04 
 2.34000e+02  2.28224e-04 
 2.34500e+02  2.06672e-04 
 2.35000e+02  1.60696e-04 
 2.35500e+02  1.81088e-04 
 2.36000e+02  1.44704e-04 
 2.36500e+02  1.64312e-04 
 2.37000e+02  1.71016e-04 
 2.37500e+02  1.63280e-04 
 2.38000e+02  1.45128e-04 
 2.38500e+02  1.41488e-04 
 2.39000e+02  1.56384e-04 
 2.39500e+02  1.44792e-04 
 2.40000e+02  1.42384e-04 
 2.40500e+02  1.11032e-04 
 2.41000e+02  1.03184e-04 
 2.41500e+02  1.14048e-04 
 2.42000e+02  1.07608e-04 
 2.42500e+02  1.02120e-04 
 2.43000e+02  8.40000e-05 
 2.43500e+02  9.03520e-05 
 2.44000e+02  8.75920e-05 
 2.44500e+02  8.38240e-05 
 2.45000e+02  9.11920e-05 
 2.45500e+02  9.25120e-05 
 2.46000e+02  8.13120e-05 
 2.46500e+02  8.51360e-05 
 2.47000e+02  7.24880e-05 
 2.47500e+02  7.80320e-05 
 2.48000e+02  8.35120e-05 
 2.48500e+02  7.05600e-05 
 2.49000e+02  7.57040e-05 
 2.49500e+02  5.90880e-05 
 2.50000e+02  5.26080e-05 
 2.50500e+02  3.90800e-05 
 2.51000e+02  3.49600e-05 
 2.51500e+02  3.09840e-05 
 2.52000e+02  3.69040e-05 
 2.52500e+02  3.92160e-05 
 2.53000e+02  3.43360e-05 
 2.53500e+02  3.19040e-05 
 2.54000e+02  1.95840e-05 
 2.54500e+02  1.85840e-05 
 2.55000e+02  2.30640e-05 
 2.55500e+02  1.62000e-05 
 2.56000e+02  1.40160e-05 
 2.56500e+02  1.26160e-05 
 2.57000e+02  1.28400e-05 
 2.57500e+02  1.07200e-05 
 2.58000e+02  1.11840e-05 
 2.58500e+02  1.22000e-05 
 2.59000e+02  1.29120e-05 
 2.59500e+02  1.53200e-05 
 2.60000e+02  1.32720e-05 
 2.60500e+02  1.28480e-05 
 2.61000e+02  9.77600e-06 
 2.61500e+02  1.05680e-05 
 2.62000e+02  1.15680e-05 
 2.62500e+02  1.39920e-05 
 2.63000e+02  1.23200e-05 
 2.63500e+02  1.28480e-05 
 2.64000e+02  1.49600e-05 
 2.64500e+02  1.34480e-05 
 2.65000e+02  1.38480e-05 
 2.65500e+02  1.55200e-05 
 2.66000e+02  1.37760e-05 
 2.66500e+02  1.22160e-05 
 2.67000e+02  1.05920e-05 
 2.67500e+02  1.07600e-05 
 2.68000e+02  6.92800e-06 
 2.68500e+02  8.20800e-06 
 2.69000e+02  9.07200e-06 
 2.69500e+02  9.24000e-06 
 2.70000e+02  9.64000e-06 
 2.70500e+02  4.88000e-06 
 2.71000e+02  5.52000e-06 
 2.71500e+02  7.45600e-06 
 2.72000e+02  6.11200e-06 
 2.72500e+02  6.18400e-06 
 2.73000e+02  4.89600e-06 
 2.73500e+02  2.30400e-06 
 2.74000e+02  2.37600e-06 
 2.74500e+02  2.74400e-06 
 2.75000e+02  3.70400e-06 
 2.75500e+02  1.69600e-06 
 2.76000e+02  1.77600e-06 
 2.76500e+02  1.94400e-06 
 2.77000e+02  2.28000e-06 
 2.77500e+02  3.42400e-06 
 2.78000e+02  1.21600e-06 
 2.78500e+02  1.26400e-06 
 2.79000e+02  1.28000e-06 
 2.79500e+02  1.38400e-06 
 2.80000e+02  1.44800e-06 
 2.80500e+02  1.53600e-06 
 2.81000e+02  1.91200e-06 
 2.81500e+02  2.66400e-06 
 2.82000e+02  3.63200e-06 
 2.82500e+02  2.15200e-06 
 2.83000e+02  2.47200e-06 
 2.83500e+02  9.36000e-07 
 2.84000e+02  9.68000e-07 
 2.84500e+02  9.28000e-07 
 2.85000e+02  8.56000e-07 
 2.85500e+02  8.72000e-07 
 2.86000e+02  8.88000e-07 
 2.86500e+02  9.60000e-07 
 2.87000e+02  1.00800e-06 
 2.87500e+02  1.06400e-06 
 2.88000e+02  1.11200e-06 
 2.88500e+02  1.16000e-06 
 2.89000e+02  1.32800e-06 
 2.89500e+02  1.45600e-06 
 2.90000e+02  1.68800e-06 
 2.90500e+02  2.16000e-06 
 2.91000e+02  2.76800e-06 
 2.91500e+02  2.40800e-06 
 2.92000e+02  5.68000e-07 
 2.92500e+02  1.12000e-07 
 2.93000e+02  0.00000e+00 
 2.93500e+02  0.00000e+00 
 2.94000e+02  0.00000e+00 
 2.94500e+02  0.00000e+00 
 2.95000e+02  0.00000e+00 
 2.95500e+02  0.00000e+00 
 2.96000e+02  0.00000e+00 
 2.96500e+02  0.00000e+00 
 2.97000e+02  0.00000e+00 
 2.97500e+02  0.00000e+00 
 2.98000e+02  0.00000e+00 
 2.98500e+02  0.00000e+00 
 2.99000e+02  0.00000e+00 
 2.99500e+02  0.00000e+00 
 3.00000e+02  0.00000e+00 
 3.00500e+02  0.00000e+00 
 3.01000e+02  0.00000e+00 
 3.01500e+02  0.00000e+00 
 3.02000e+02  0.00000e+00 
 3.02500e+02  0.00000e+00 
 3.03000e+02  0.00000e+00 
 3.03500e+02  0.00000e+00 
 3.04000e+02  0.00000e+00 
 3.04500e+02  0.00000e+00 
 3.05000e+02  0.00000e+00 
 3.05500e+02  0.00000e+00 
 3.06000e+02  0.00000e+00 
 3.06500e+02  0.00000e+00 
 3.07000e+02  0.00000e+00 
 3.07500e+02  0.00000e+00 
 3.08000e+02  0.00000e+00 
 3.08500e+02  0.00000e+00 
 3.09000e+02  0.00000e+00 
 3.09500e+02  0.00000e+00 
 3.10000e+02  0.00000e+00 
 3.10500e+02  0.00000e+00 
 3.11000e+02  0.00000e+00 
 3.11500e+02  0.00000e+00 
 3.12000e+02  0.00000e+00 
 3.12500e+02  0.00000e+00 
 3.13000e+02  0.00000e+00 
 3.13500e+02  0.00000e+00 
 3.14000e+02  0.00000e+00 
 3.14500e+02  0.00000e+00 
 3.15000e+02  0.00000e+00 
 3.15500e+02  0.00000e+00 
 3.16000e+02  0.00000e+00 
 3.16500e+02  0.00000e+00 
 3.17000e+02  0.00000e+00 
 3.17500e+02  0.00000e+00 
 3.18000e+02  0.00000e+00 
 3.18500e+02  0.00000e+00 
 3.19000e+02  0.00000e+00 
 3.19500e+02  0.00000e+00 
