 0.00000e+00  0.00000e+00 
 5.00000e-01  0.00000e+00 
 1.00000e+00  0.00000e+00 
 1.50000e+00  0.00000e+00 
 2.00000e+00  0.00000e+00 
 2.50000e+00  0.00000e+00 
 3.00000e+00  0.00000e+00 
 3.50000e+00  0.00000e+00 
 4.00000e+00  0.00000e+00 
 4.50000e+00  0.00000e+00 
 5.00000e+00  0.00000e+00 
 5.50000e+00  0.00000e+00 
 6.00000e+00  0.00000e+00 
 6.50000e+00  0.00000e+00 
 7.00000e+00  0.00000e+00 
 7.50000e+00  0.00000e+00 
 8.00000e+00  1.35200e-06 
 8.50000e+00  3.60000e-07 
 9.00000e+00  2.88000e-07 
 9.50000e+00  2.56000e-07 
 1.00000e+01  2.08000e-07 
 1.05000e+01  1.92000e-07 
 1.10000e+01  1.76000e-07 
 1.15000e+01  1.68000e-07 
 1.20000e+01  1.60000e-07 
 1.25000e+01  1.44000e-07 
 1.30000e+01  1.36000e-07 
 1.35000e+01  1.36000e-07 
 1.40000e+01  1.20000e-07 
 1.45000e+01  1.28000e-07 
 1.50000e+01  1.28000e-07 
 1.55000e+01  1.12000e-07 
 1.60000e+01  1.12000e-07 
 1.65000e+01  1.12000e-07 
 1.70000e+01  1.04000e-07 
 1.75000e+01  1.04000e-07 
 1.80000e+01  9.60000e-08 
 1.85000e+01  1.04000e-07 
 1.90000e+01  7.92000e-07 
 1.95000e+01  5.92000e-07 
 2.00000e+01  4.24000e-07 
 2.05000e+01  3.84000e-07 
 2.10000e+01  3.28000e-07 
 2.15000e+01  2.88000e-07 
 2.20000e+01  2.80000e-07 
 2.25000e+01  2.72000e-07 
 2.30000e+01  2.56000e-07 
 2.35000e+01  2.48000e-07 
 2.40000e+01  2.32000e-07 
 2.45000e+01  2.24000e-07 
 2.50000e+01  2.24000e-07 
 2.55000e+01  2.24000e-07 
 2.60000e+01  2.08000e-07 
 2.65000e+01  2.00000e-07 
 2.70000e+01  2.00000e-07 
 2.75000e+01  1.92000e-07 
 2.80000e+01  1.84000e-07 
 2.85000e+01  1.84000e-07 
 2.90000e+01  1.92000e-07 
 2.95000e+01  1.84000e-07 
 3.00000e+01  2.00000e-07 
 3.05000e+01  2.27200e-06 
 3.10000e+01  3.27200e-06 
 3.15000e+01  2.00000e-06 
 3.20000e+01  1.56800e-06 
 3.25000e+01  3.12000e-06 
 3.30000e+01  1.56000e-06 
 3.35000e+01  1.31200e-06 
 3.40000e+01  1.24000e-06 
 3.45000e+01  1.14400e-06 
 3.50000e+01  1.06400e-06 
 3.55000e+01  1.02400e-06 
 3.60000e+01  9.92000e-07 
 3.65000e+01  9.52000e-07 
 3.70000e+01  9.92000e-07 
 3.75000e+01  1.22400e-06 
 3.80000e+01  1.12800e-06 
 3.85000e+01  1.08800e-06 
 3.90000e+01  1.04800e-06 
 3.95000e+01  1.51200e-06 
 4.00000e+01  2.98400e-06 
 4.05000e+01  3.51200e-06 
 4.10000e+01  3.19200e-06 
 4.15000e+01  2.62400e-06 
 4.20000e+01  2.37600e-06 
 4.25000e+01  2.16800e-06 
 4.30000e+01  2.04800e-06 
 4.35000e+01  2.06400e-06 
 4.40000e+01  2.00800e-06 
 4.45000e+01  1.94400e-06 
 4.50000e+01  2.09600e-06 
 4.55000e+01  2.13600e-06 
 4.60000e+01  2.08000e-06 
 4.65000e+01  2.00800e-06 
 4.70000e+01  1.93600e-06 
 4.75000e+01  1.88800e-06 
 4.80000e+01  1.90400e-06 
 4.85000e+01  1.82400e-06 
 4.90000e+01  1.80800e-06 
 4.95000e+01  1.77600e-06 
 5.00000e+01  1.72000e-06 
 5.05000e+01  5.44800e-06 
 5.10000e+01  8.90400e-06 
 5.15000e+01  9.18400e-06 
 5.20000e+01  1.48560e-05 
 5.25000e+01  8.52000e-06 
 5.30000e+01  1.01440e-05 
 5.35000e+01  1.09520e-05 
 5.40000e+01  8.16000e-06 
 5.45000e+01  7.24800e-06 
 5.50000e+01  8.41600e-06 
 5.55000e+01  1.01760e-05 
 5.60000e+01  9.56000e-06 
 5.65000e+01  7.74400e-06 
 5.70000e+01  7.10400e-06 
 5.75000e+01  6.74400e-06 
 5.80000e+01  8.39200e-06 
 5.85000e+01  1.41600e-05 
 5.90000e+01  1.37120e-05 
 5.95000e+01  1.46320e-05 
 6.00000e+01  1.72560e-05 
 6.05000e+01  1.53760e-05 
 6.10000e+01  1.28480e-05 
 6.15000e+01  1.36000e-05 
 6.20000e+01  1.80080e-05 
 6.25000e+01  2.45120e-05 
 6.30000e+01  2.63520e-05 
 6.35000e+01  2.61120e-05 
 6.40000e+01  2.50000e-05 
 6.45000e+01  3.82640e-05 
 6.50000e+01  4.12240e-05 
 6.55000e+01  4.28000e-05 
 6.60000e+01  4.37200e-05 
 6.65000e+01  5.23120e-05 
 6.70000e+01  5.22000e-05 
 6.75000e+01  5.64160e-05 
 6.80000e+01  5.50720e-05 
 6.85000e+01  6.50320e-05 
 6.90000e+01  8.07840e-05 
 6.95000e+01  9.69520e-05 
 7.00000e+01  1.00848e-04 
 7.05000e+01  9.41680e-05 
 7.10000e+01  9.66640e-05 
 7.15000e+01  9.45040e-05 
 7.20000e+01  1.07792e-04 
 7.25000e+01  1.04728e-04 
 7.30000e+01  1.21128e-04 
 7.35000e+01  1.09464e-04 
 7.40000e+01  1.27664e-04 
 7.45000e+01  1.17000e-04 
 7.50000e+01  1.23688e-04 
 7.55000e+01  1.56704e-04 
 7.60000e+01  1.31904e-04 
 7.65000e+01  1.51200e-04 
 7.70000e+01  1.56824e-04 
 7.75000e+01  1.31144e-04 
 7.80000e+01  1.54744e-04 
 7.85000e+01  1.82896e-04 
 7.90000e+01  2.08656e-04 
 7.95000e+01  1.74648e-04 
 8.00000e+01  1.68288e-04 
 8.05000e+01  1.65280e-04 
 8.10000e+01  1.83968e-04 
 8.15000e+01  2.14064e-04 
 8.20000e+01  2.20784e-04 
 8.25000e+01  1.89264e-04 
 8.30000e+01  1.97968e-04 
 8.35000e+01  1.80416e-04 
 8.40000e+01  1.96176e-04 
 8.45000e+01  2.30600e-04 
 8.50000e+01  2.10584e-04 
 8.55000e+01  2.31120e-04 
 8.60000e+01  2.16240e-04 
 8.65000e+01  2.03680e-04 
 8.70000e+01  2.13304e-04 
 8.75000e+01  2.01448e-04 
 8.80000e+01  2.11392e-04 
 8.85000e+01  2.13960e-04 
 8.90000e+01  2.04768e-04 
 8.95000e+01  2.13480e-04 
 9.00000e+01  2.78544e-04 
 9.05000e+01  2.57824e-04 
 9.10000e+01  2.71080e-04 
 9.15000e+01  2.97032e-04 
 9.20000e+01  2.85824e-04 
 9.25000e+01  2.64504e-04 
 9.30000e+01  2.59216e-04 
 9.35000e+01  2.67328e-04 
 9.40000e+01  2.66872e-04 
 9.45000e+01  3.22296e-04 
 9.50000e+01  3.26304e-04 
 9.55000e+01  3.90608e-04 
 9.60000e+01  3.92640e-04 
 9.65000e+01  4.07992e-04 
 9.70000e+01  3.98768e-04 
 9.75000e+01  4.07736e-04 
 9.80000e+01  4.73088e-04 
 9.85000e+01  4.27168e-04 
 9.90000e+01  4.51056e-04 
 9.95000e+01  4.51944e-04 
 1.00000e+02  4.82600e-04 
 1.00500e+02  5.88840e-04 
 1.01000e+02  5.60592e-04 
 1.01500e+02  5.30856e-04 
 1.02000e+02  5.52648e-04 
 1.02500e+02  5.48360e-04 
 1.03000e+02  5.91296e-04 
 1.03500e+02  6.42896e-04 
 1.04000e+02  5.82576e-04 
 1.04500e+02  5.30624e-04 
 1.05000e+02  5.17992e-04 
 1.05500e+02  5.50464e-04 
 1.06000e+02  6.44048e-04 
 1.06500e+02  6.60776e-04 
 1.07000e+02  7.13200e-04 
 1.07500e+02  7.24624e-04 
 1.08000e+02  7.69696e-04 
 1.08500e+02  7.21288e-04 
 1.09000e+02  8.44216e-04 
 1.09500e+02  9.02416e-04 
 1.10000e+02  1.01308e-03 
 1.10500e+02  9.97912e-04 
 1.11000e+02  1.16294e-03 
 1.11500e+02  1.21375e-03 
 1.12000e+02  1.30075e-03 
 1.12500e+02  1.44060e-03 
 1.13000e+02  1.60183e-03 
 1.13500e+02  1.82935e-03 
 1.14000e+02  2.12278e-03 
 1.14500e+02  2.38565e-03 
 1.15000e+02  2.47042e-03 
 1.15500e+02  2.88347e-03 
 1.16000e+02  3.13526e-03 
 1.16500e+02  3.41849e-03 
 1.17000e+02  3.66894e-03 
 1.17500e+02  3.87667e-03 
 1.18000e+02  3.97886e-03 
 1.18500e+02  3.99994e-03 
 1.19000e+02  4.24329e-03 
 1.19500e+02  4.22717e-03 
 1.20000e+02  4.19241e-03 
 1.20500e+02  4.36518e-03 
 1.21000e+02  4.51780e-03 
 1.21500e+02  4.87682e-03 
 1.22000e+02  4.97012e-03 
 1.22500e+02  4.90345e-03 
 1.23000e+02  5.01205e-03 
 1.23500e+02  5.13443e-03 
 1.24000e+02  5.13458e-03 
 1.24500e+02  5.29257e-03 
 1.25000e+02  5.49174e-03 
 1.25500e+02  5.43865e-03 
 1.26000e+02  5.44525e-03 
 1.26500e+02  5.62670e-03 
 1.27000e+02  5.72481e-03 
 1.27500e+02  5.78366e-03 
 1.28000e+02  5.88545e-03 
 1.28500e+02  5.73113e-03 
 1.29000e+02  5.82886e-03 
 1.29500e+02  6.33936e-03 
 1.30000e+02  6.24018e-03 
 1.30500e+02  6.69862e-03 
 1.31000e+02  7.08954e-03 
 1.31500e+02  7.18535e-03 
 1.32000e+02  7.21204e-03 
 1.32500e+02  6.85358e-03 
 1.33000e+02  7.08495e-03 
 1.33500e+02  7.55594e-03 
 1.34000e+02  7.23594e-03 
 1.34500e+02  7.26074e-03 
 1.35000e+02  7.53638e-03 
 1.35500e+02  7.24848e-03 
 1.36000e+02  7.35950e-03 
 1.36500e+02  7.29869e-03 
 1.37000e+02  7.71906e-03 
 1.37500e+02  7.92217e-03 
 1.38000e+02  8.08153e-03 
 1.38500e+02  7.93091e-03 
 1.39000e+02  7.68098e-03 
 1.39500e+02  8.01746e-03 
 1.40000e+02  8.55409e-03 
 1.40500e+02  8.50308e-03 
 1.41000e+02  8.27652e-03 
 1.41500e+02  7.94418e-03 
 1.42000e+02  7.97914e-03 
 1.42500e+02  8.73186e-03 
 1.43000e+02  9.06729e-03 
 1.43500e+02  8.96877e-03 
 1.44000e+02  8.72027e-03 
 1.44500e+02  8.41850e-03 
 1.45000e+02  8.49620e-03 
 1.45500e+02  8.94375e-03 
 1.46000e+02  8.98476e-03 
 1.46500e+02  8.42402e-03 
 1.47000e+02  8.27027e-03 
 1.47500e+02  8.66151e-03 
 1.48000e+02  9.14350e-03 
 1.48500e+02  8.84115e-03 
 1.49000e+02  8.65413e-03 
 1.49500e+02  8.82926e-03 
 1.50000e+02  8.42262e-03 
 1.50500e+02  8.59379e-03 
 1.51000e+02  8.87481e-03 
 1.51500e+02  9.04260e-03 
 1.52000e+02  8.58246e-03 
 1.52500e+02  8.34978e-03 
 1.53000e+02  8.61505e-03 
 1.53500e+02  8.99496e-03 
 1.54000e+02  8.91525e-03 
 1.54500e+02  8.74061e-03 
 1.55000e+02  8.81050e-03 
 1.55500e+02  8.96045e-03 
 1.56000e+02  8.66040e-03 
 1.56500e+02  8.78115e-03 
 1.57000e+02  8.86346e-03 
 1.57500e+02  8.95294e-03 
 1.58000e+02  8.93033e-03 
 1.58500e+02  9.04677e-03 
 1.59000e+02  9.31214e-03 
 1.59500e+02  8.85579e-03 
 1.60000e+02  8.97165e-03 
 1.60500e+02  8.53472e-03 
 1.61000e+02  8.58178e-03 
 1.61500e+02  8.67824e-03 
 1.62000e+02  8.61599e-03 
 1.62500e+02  8.59589e-03 
 1.63000e+02  7.94284e-03 
 1.63500e+02  8.56154e-03 
 1.64000e+02  8.56779e-03 
 1.64500e+02  8.56024e-03 
 1.65000e+02  8.35643e-03 
 1.65500e+02  8.15802e-03 
 1.66000e+02  8.17683e-03 
 1.66500e+02  8.20959e-03 
 1.67000e+02  8.36116e-03 
 1.67500e+02  8.42658e-03 
 1.68000e+02  8.50007e-03 
 1.68500e+02  8.56730e-03 
 1.69000e+02  8.41751e-03 
 1.69500e+02  8.21882e-03 
 1.70000e+02  8.14926e-03 
 1.70500e+02  8.27974e-03 
 1.71000e+02  8.17737e-03 
 1.71500e+02  8.28381e-03 
 1.72000e+02  8.18422e-03 
 1.72500e+02  8.00425e-03 
 1.73000e+02  7.96072e-03 
 1.73500e+02  7.96170e-03 
 1.74000e+02  7.72866e-03 
 1.74500e+02  7.76904e-03 
 1.75000e+02  7.90405e-03 
 1.75500e+02  7.22979e-03 
 1.76000e+02  7.31880e-03 
 1.76500e+02  7.16613e-03 
 1.77000e+02  7.30706e-03 
 1.77500e+02  7.05964e-03 
 1.78000e+02  7.60969e-03 
 1.78500e+02  7.64825e-03 
 1.79000e+02  7.54593e-03 
 1.79500e+02  7.36112e-03 
 1.80000e+02  7.70252e-03 
 1.80500e+02  7.55178e-03 
 1.81000e+02  7.51488e-03 
 1.81500e+02  7.37406e-03 
 1.82000e+02  6.73383e-03 
 1.82500e+02  6.52829e-03 
 1.83000e+02  6.06203e-03 
 1.83500e+02  6.41067e-03 
 1.84000e+02  6.93282e-03 
 1.84500e+02  6.91632e-03 
 1.85000e+02  6.44478e-03 
 1.85500e+02  6.53427e-03 
 1.86000e+02  6.62625e-03 
 1.86500e+02  6.79597e-03 
 1.87000e+02  6.73762e-03 
 1.87500e+02  6.48834e-03 
 1.88000e+02  6.37830e-03 
 1.88500e+02  6.47128e-03 
 1.89000e+02  6.16030e-03 
 1.89500e+02  6.01531e-03 
 1.90000e+02  6.15059e-03 
 1.90500e+02  6.12194e-03 
 1.91000e+02  5.84764e-03 
 1.91500e+02  5.85166e-03 
 1.92000e+02  5.70438e-03 
 1.92500e+02  5.47867e-03 
 1.93000e+02  5.41841e-03 
 1.93500e+02  5.49682e-03 
 1.94000e+02  5.08922e-03 
 1.94500e+02  5.06384e-03 
 1.95000e+02  5.14180e-03 
 1.95500e+02  4.85432e-03 
 1.96000e+02  4.43830e-03 
 1.96500e+02  3.98972e-03 
 1.97000e+02  4.04286e-03 
 1.97500e+02  4.20633e-03 
 1.98000e+02  3.86410e-03 
 1.98500e+02  4.17974e-03 
 1.99000e+02  4.15159e-03 
 1.99500e+02  3.78964e-03 
 2.00000e+02  3.57849e-03 
 2.00500e+02  3.34290e-03 
 2.01000e+02  3.12466e-03 
 2.01500e+02  3.07552e-03 
 2.02000e+02  2.69569e-03 
 2.02500e+02  2.45721e-03 
 2.03000e+02  2.34034e-03 
 2.03500e+02  2.21430e-03 
 2.04000e+02  2.16795e-03 
 2.04500e+02  1.90656e-03 
 2.05000e+02  1.87707e-03 
 2.05500e+02  1.62647e-03 
 2.06000e+02  1.44191e-03 
 2.06500e+02  1.18569e-03 
 2.07000e+02  9.85952e-04 
 2.07500e+02  1.00949e-03 
 2.08000e+02  9.33024e-04 
 2.08500e+02  8.64880e-04 
 2.09000e+02  7.76152e-04 
 2.09500e+02  8.06304e-04 
 2.10000e+02  6.88032e-04 
 2.10500e+02  6.94928e-04 
 2.11000e+02  5.93096e-04 
 2.11500e+02  5.95576e-04 
 2.12000e+02  6.36432e-04 
 2.12500e+02  6.38224e-04 
 2.13000e+02  6.45752e-04 
 2.13500e+02  5.29272e-04 
 2.14000e+02  4.82792e-04 
 2.14500e+02  4.74624e-04 
 2.15000e+02  5.24024e-04 
 2.15500e+02  5.27360e-04 
 2.16000e+02  4.74840e-04 
 2.16500e+02  5.49920e-04 
 2.17000e+02  5.08856e-04 
 2.17500e+02  5.25496e-04 
 2.18000e+02  4.64600e-04 
 2.18500e+02  4.53928e-04 
 2.19000e+02  4.57136e-04 
 2.19500e+02  4.43456e-04 
 2.20000e+02  4.21072e-04 
 2.20500e+02  4.02016e-04 
 2.21000e+02  3.63848e-04 
 2.21500e+02  3.63592e-04 
 2.22000e+02  3.71928e-04 
 2.22500e+02  3.73080e-04 
 2.23000e+02  3.60240e-04 
 2.23500e+02  3.38592e-04 
 2.24000e+02  3.31848e-04 
 2.24500e+02  2.99880e-04 
 2.25000e+02  3.04904e-04 
 2.25500e+02  3.31360e-04 
 2.26000e+02  2.94320e-04 
 2.26500e+02  2.92960e-04 
 2.27000e+02  3.14880e-04 
 2.27500e+02  2.31728e-04 
 2.28000e+02  2.48240e-04 
 2.28500e+02  2.32064e-04 
 2.29000e+02  2.51792e-04 
 2.29500e+02  2.50496e-04 
 2.30000e+02  2.15344e-04 
 2.30500e+02  2.08960e-04 
 2.31000e+02  1.96616e-04 
 2.31500e+02  2.28848e-04 
 2.32000e+02  2.49488e-04 
 2.32500e+02  1.80056e-04 
 2.33000e+02  1.73272e-04 
 2.33500e+02  1.72040e-04 
 2.34000e+02  1.76240e-04 
 2.34500e+02  2.05432e-04 
 2.35000e+02  1.92944e-04 
 2.35500e+02  1.90752e-04 
 2.36000e+02  1.70392e-04 
 2.36500e+02  1.74448e-04 
 2.37000e+02  1.60208e-04 
 2.37500e+02  1.27280e-04 
 2.38000e+02  1.29688e-04 
 2.38500e+02  1.35168e-04 
 2.39000e+02  1.38496e-04 
 2.39500e+02  1.45992e-04 
 2.40000e+02  1.60800e-04 
 2.40500e+02  1.45864e-04 
 2.41000e+02  1.45824e-04 
 2.41500e+02  1.40240e-04 
 2.42000e+02  1.27504e-04 
 2.42500e+02  1.29592e-04 
 2.43000e+02  1.14328e-04 
 2.43500e+02  1.01528e-04 
 2.44000e+02  1.00520e-04 
 2.44500e+02  1.01336e-04 
 2.45000e+02  9.18320e-05 
 2.45500e+02  9.87840e-05 
 2.46000e+02  8.55600e-05 
 2.46500e+02  1.01016e-04 
 2.47000e+02  7.78400e-05 
 2.47500e+02  8.48400e-05 
 2.48000e+02  8.04480e-05 
 2.48500e+02  6.56480e-05 
 2.49000e+02  6.17680e-05 
 2.49500e+02  6.29120e-05 
 2.50000e+02  5.07360e-05 
 2.50500e+02  6.06960e-05 
 2.51000e+02  6.73920e-05 
 2.51500e+02  6.73600e-05 
 2.52000e+02  5.42560e-05 
 2.52500e+02  4.10880e-05 
 2.53000e+02  4.08160e-05 
 2.53500e+02  4.06480e-05 
 2.54000e+02  3.10800e-05 
 2.54500e+02  2.72000e-05 
 2.55000e+02  2.21840e-05 
 2.55500e+02  1.92720e-05 
 2.56000e+02  1.90000e-05 
 2.56500e+02  1.82880e-05 
 2.57000e+02  1.88320e-05 
 2.57500e+02  1.98320e-05 
 2.58000e+02  1.40240e-05 
 2.58500e+02  1.48640e-05 
 2.59000e+02  1.61200e-05 
 2.59500e+02  1.56080e-05 
 2.60000e+02  1.51440e-05 
 2.60500e+02  1.56960e-05 
 2.61000e+02  1.46880e-05 
 2.61500e+02  1.10560e-05 
 2.62000e+02  7.96000e-06 
 2.62500e+02  9.08800e-06 
 2.63000e+02  9.84000e-06 
 2.63500e+02  8.13600e-06 
 2.64000e+02  9.52800e-06 
 2.64500e+02  9.91200e-06 
 2.65000e+02  7.00000e-06 
 2.65500e+02  9.08000e-06 
 2.66000e+02  1.08560e-05 
 2.66500e+02  4.25600e-06 
 2.67000e+02  3.08000e-06 
 2.67500e+02  4.85600e-06 
 2.68000e+02  1.27200e-06 
 2.68500e+02  8.96000e-07 
 2.69000e+02  9.68000e-07 
 2.69500e+02  9.84000e-07 
 2.70000e+02  1.11200e-06 
 2.70500e+02  1.22400e-06 
 2.71000e+02  1.47200e-06 
 2.71500e+02  2.08800e-06 
 2.72000e+02  1.74400e-06 
 2.72500e+02  4.00000e-07 
 2.73000e+02  4.08000e-07 
 2.73500e+02  4.16000e-07 
 2.74000e+02  4.32000e-07 
 2.74500e+02  4.40000e-07 
 2.75000e+02  4.56000e-07 
 2.75500e+02  4.80000e-07 
 2.76000e+02  4.88000e-07 
 2.76500e+02  5.04000e-07 
 2.77000e+02  6.00000e-07 
 2.77500e+02  8.56000e-07 
 2.78000e+02  9.44000e-07 
 2.78500e+02  1.01600e-06 
 2.79000e+02  1.31200e-06 
 2.79500e+02  1.88800e-06 
 2.80000e+02  1.36000e-06 
 2.80500e+02  3.52000e-07 
 2.81000e+02  3.68000e-07 
 2.81500e+02  3.92000e-07 
 2.82000e+02  4.00000e-07 
 2.82500e+02  4.16000e-07 
 2.83000e+02  4.72000e-07 
 2.83500e+02  5.28000e-07 
 2.84000e+02  5.52000e-07 
 2.84500e+02  6.56000e-07 
 2.85000e+02  8.64000e-07 
 2.85500e+02  1.31200e-06 
 2.86000e+02  1.19200e-06 
 2.86500e+02  0.00000e+00 
 2.87000e+02  0.00000e+00 
 2.87500e+02  0.00000e+00 
 2.88000e+02  0.00000e+00 
 2.88500e+02  0.00000e+00 
 2.89000e+02  0.00000e+00 
 2.89500e+02  0.00000e+00 
 2.90000e+02  0.00000e+00 
 2.90500e+02  0.00000e+00 
 2.91000e+02  0.00000e+00 
 2.91500e+02  0.00000e+00 
 2.92000e+02  0.00000e+00 
 2.92500e+02  0.00000e+00 
 2.93000e+02  0.00000e+00 
 2.93500e+02  0.00000e+00 
 2.94000e+02  0.00000e+00 
 2.94500e+02  0.00000e+00 
 2.95000e+02  0.00000e+00 
 2.95500e+02  0.00000e+00 
 2.96000e+02  0.00000e+00 
 2.96500e+02  0.00000e+00 
 2.97000e+02  0.00000e+00 
 2.97500e+02  0.00000e+00 
 2.98000e+02  0.00000e+00 
 2.98500e+02  0.00000e+00 
 2.99000e+02  0.00000e+00 
 2.99500e+02  2.40000e-08 
 3.00000e+02  1.04000e-07 
 3.00500e+02  1.04000e-07 
 3.01000e+02  1.04000e-07 
 3.01500e+02  1.12000e-07 
 3.02000e+02  1.12000e-07 
 3.02500e+02  1.20000e-07 
 3.03000e+02  1.20000e-07 
 3.03500e+02  1.28000e-07 
 3.04000e+02  1.36000e-07 
 3.04500e+02  1.36000e-07 
 3.05000e+02  1.36000e-07 
 3.05500e+02  1.44000e-07 
 3.06000e+02  1.60000e-07 
 3.06500e+02  1.76000e-07 
 3.07000e+02  1.92000e-07 
 3.07500e+02  1.92000e-07 
 3.08000e+02  2.08000e-07 
 3.08500e+02  2.72000e-07 
 3.09000e+02  3.20000e-07 
 3.09500e+02  4.08000e-07 
 3.10000e+02  3.68000e-07 
 3.10500e+02  0.00000e+00 
 3.11000e+02  0.00000e+00 
 3.11500e+02  0.00000e+00 
 3.12000e+02  0.00000e+00 
 3.12500e+02  0.00000e+00 
 3.13000e+02  0.00000e+00 
 3.13500e+02  0.00000e+00 
 3.14000e+02  0.00000e+00 
 3.14500e+02  0.00000e+00 
 3.15000e+02  0.00000e+00 
 3.15500e+02  0.00000e+00 
 3.16000e+02  0.00000e+00 
 3.16500e+02  0.00000e+00 
 3.17000e+02  0.00000e+00 
 3.17500e+02  0.00000e+00 
 3.18000e+02  0.00000e+00 
 3.18500e+02  0.00000e+00 
 3.19000e+02  0.00000e+00 
 3.19500e+02  0.00000e+00 
