 0.00000e+00  0.00000e+00 
 5.00000e-01  0.00000e+00 
 1.00000e+00  0.00000e+00 
 1.50000e+00  0.00000e+00 
 2.00000e+00  0.00000e+00 
 2.50000e+00  0.00000e+00 
 3.00000e+00  0.00000e+00 
 3.50000e+00  0.00000e+00 
 4.00000e+00  0.00000e+00 
 4.50000e+00  0.00000e+00 
 5.00000e+00  0.00000e+00 
 5.50000e+00  0.00000e+00 
 6.00000e+00  0.00000e+00 
 6.50000e+00  0.00000e+00 
 7.00000e+00  0.00000e+00 
 7.50000e+00  0.00000e+00 
 8.00000e+00  0.00000e+00 
 8.50000e+00  1.48000e-06 
 9.00000e+00  3.52000e-07 
 9.50000e+00  3.04000e-07 
 1.00000e+01  2.48000e-07 
 1.05000e+01  2.00000e-07 
 1.10000e+01  1.92000e-07 
 1.15000e+01  1.76000e-07 
 1.20000e+01  1.68000e-07 
 1.25000e+01  1.60000e-07 
 1.30000e+01  1.44000e-07 
 1.35000e+01  1.36000e-07 
 1.40000e+01  1.28000e-07 
 1.45000e+01  1.28000e-07 
 1.50000e+01  1.28000e-07 
 1.55000e+01  1.20000e-07 
 1.60000e+01  1.20000e-07 
 1.65000e+01  1.04000e-07 
 1.70000e+01  1.12000e-07 
 1.75000e+01  1.01600e-06 
 1.80000e+01  1.26400e-06 
 1.85000e+01  8.64000e-07 
 1.90000e+01  6.56000e-07 
 1.95000e+01  5.92000e-07 
 2.00000e+01  5.52000e-07 
 2.05000e+01  4.96000e-07 
 2.10000e+01  4.48000e-07 
 2.15000e+01  4.24000e-07 
 2.20000e+01  4.16000e-07 
 2.25000e+01  4.08000e-07 
 2.30000e+01  3.84000e-07 
 2.35000e+01  3.60000e-07 
 2.40000e+01  3.60000e-07 
 2.45000e+01  3.36000e-07 
 2.50000e+01  3.36000e-07 
 2.55000e+01  3.36000e-07 
 2.60000e+01  3.20000e-07 
 2.65000e+01  3.12000e-07 
 2.70000e+01  2.96000e-07 
 2.75000e+01  2.96000e-07 
 2.80000e+01  2.88000e-07 
 2.85000e+01  2.88000e-07 
 2.90000e+01  2.80000e-07 
 2.95000e+01  2.88000e-07 
 3.00000e+01  2.72000e-07 
 3.05000e+01  2.72000e-07 
 3.10000e+01  1.91200e-06 
 3.15000e+01  1.00800e-06 
 3.20000e+01  6.48000e-07 
 3.25000e+01  5.60000e-07 
 3.30000e+01  5.04000e-07 
 3.35000e+01  4.88000e-07 
 3.40000e+01  4.80000e-07 
 3.45000e+01  4.48000e-07 
 3.50000e+01  4.32000e-07 
 3.55000e+01  1.02400e-06 
 3.60000e+01  1.08000e-06 
 3.65000e+01  8.56000e-07 
 3.70000e+01  8.48000e-07 
 3.75000e+01  7.92000e-07 
 3.80000e+01  7.36000e-07 
 3.85000e+01  7.12000e-07 
 3.90000e+01  9.36000e-07 
 3.95000e+01  4.54400e-06 
 4.00000e+01  4.88000e-06 
 4.05000e+01  3.36800e-06 
 4.10000e+01  2.87200e-06 
 4.15000e+01  2.44000e-06 
 4.20000e+01  2.30400e-06 
 4.25000e+01  2.13600e-06 
 4.30000e+01  1.96800e-06 
 4.35000e+01  1.88800e-06 
 4.40000e+01  5.43200e-06 
 4.45000e+01  3.53600e-06 
 4.50000e+01  3.04800e-06 
 4.55000e+01  2.68800e-06 
 4.60000e+01  2.55200e-06 
 4.65000e+01  5.08000e-06 
 4.70000e+01  5.87200e-06 
 4.75000e+01  4.24800e-06 
 4.80000e+01  5.28000e-06 
 4.85000e+01  5.28800e-06 
 4.90000e+01  4.68000e-06 
 4.95000e+01  4.15200e-06 
 5.00000e+01  3.97600e-06 
 5.05000e+01  3.78400e-06 
 5.10000e+01  3.60000e-06 
 5.15000e+01  3.42400e-06 
 5.20000e+01  6.95200e-06 
 5.25000e+01  9.35200e-06 
 5.30000e+01  7.28000e-06 
 5.35000e+01  8.28800e-06 
 5.40000e+01  8.70400e-06 
 5.45000e+01  9.70400e-06 
 5.50000e+01  1.11520e-05 
 5.55000e+01  1.05840e-05 
 5.60000e+01  8.96800e-06 
 5.65000e+01  8.09600e-06 
 5.70000e+01  8.98400e-06 
 5.75000e+01  1.69360e-05 
 5.80000e+01  1.61920e-05 
 5.85000e+01  2.16880e-05 
 5.90000e+01  1.99280e-05 
 5.95000e+01  2.07120e-05 
 6.00000e+01  1.68320e-05 
 6.05000e+01  2.09120e-05 
 6.10000e+01  1.98000e-05 
 6.15000e+01  1.79040e-05 
 6.20000e+01  1.59520e-05 
 6.25000e+01  1.51200e-05 
 6.30000e+01  1.50000e-05 
 6.35000e+01  1.55520e-05 
 6.40000e+01  2.87040e-05 
 6.45000e+01  3.21040e-05 
 6.50000e+01  4.01200e-05 
 6.55000e+01  4.20720e-05 
 6.60000e+01  4.28000e-05 
 6.65000e+01  4.22880e-05 
 6.70000e+01  3.94960e-05 
 6.75000e+01  3.48560e-05 
 6.80000e+01  3.29280e-05 
 6.85000e+01  5.65680e-05 
 6.90000e+01  5.31360e-05 
 6.95000e+01  4.84640e-05 
 7.00000e+01  4.83280e-05 
 7.05000e+01  5.21840e-05 
 7.10000e+01  6.13600e-05 
 7.15000e+01  8.73680e-05 
 7.20000e+01  1.08040e-04 
 7.25000e+01  8.89440e-05 
 7.30000e+01  1.00248e-04 
 7.35000e+01  9.92800e-05 
 7.40000e+01  1.18096e-04 
 7.45000e+01  1.08608e-04 
 7.50000e+01  1.12024e-04 
 7.55000e+01  1.13080e-04 
 7.60000e+01  1.25128e-04 
 7.65000e+01  1.42184e-04 
 7.70000e+01  1.27440e-04 
 7.75000e+01  1.19632e-04 
 7.80000e+01  1.19672e-04 
 7.85000e+01  1.29408e-04 
 7.90000e+01  1.29992e-04 
 7.95000e+01  1.40928e-04 
 8.00000e+01  1.45992e-04 
 8.05000e+01  1.42080e-04 
 8.10000e+01  1.49272e-04 
 8.15000e+01  1.54736e-04 
 8.20000e+01  1.52592e-04 
 8.25000e+01  1.66456e-04 
 8.30000e+01  1.71776e-04 
 8.35000e+01  1.99272e-04 
 8.40000e+01  1.93872e-04 
 8.45000e+01  1.94536e-04 
 8.50000e+01  2.25080e-04 
 8.55000e+01  2.22632e-04 
 8.60000e+01  2.33880e-04 
 8.65000e+01  2.05592e-04 
 8.70000e+01  2.31216e-04 
 8.75000e+01  2.51096e-04 
 8.80000e+01  2.57576e-04 
 8.85000e+01  2.50328e-04 
 8.90000e+01  2.48016e-04 
 8.95000e+01  2.46960e-04 
 9.00000e+01  2.62768e-04 
 9.05000e+01  2.42160e-04 
 9.10000e+01  2.65000e-04 
 9.15000e+01  2.50880e-04 
 9.20000e+01  2.89792e-04 
 9.25000e+01  3.05112e-04 
 9.30000e+01  2.82928e-04 
 9.35000e+01  2.86704e-04 
 9.40000e+01  2.82168e-04 
 9.45000e+01  2.72688e-04 
 9.50000e+01  3.27248e-04 
 9.55000e+01  3.26168e-04 
 9.60000e+01  2.93552e-04 
 9.65000e+01  3.06792e-04 
 9.70000e+01  3.03488e-04 
 9.75000e+01  3.49808e-04 
 9.80000e+01  3.04928e-04 
 9.85000e+01  3.11544e-04 
 9.90000e+01  3.41376e-04 
 9.95000e+01  3.72888e-04 
 1.00000e+02  3.62592e-04 
 1.00500e+02  3.49280e-04 
 1.01000e+02  3.76544e-04 
 1.01500e+02  4.21984e-04 
 1.02000e+02  4.52296e-04 
 1.02500e+02  4.29464e-04 
 1.03000e+02  4.65112e-04 
 1.03500e+02  5.24352e-04 
 1.04000e+02  5.58312e-04 
 1.04500e+02  5.38176e-04 
 1.05000e+02  5.75920e-04 
 1.05500e+02  6.86808e-04 
 1.06000e+02  8.27872e-04 
 1.06500e+02  9.46472e-04 
 1.07000e+02  9.67736e-04 
 1.07500e+02  1.11165e-03 
 1.08000e+02  1.26497e-03 
 1.08500e+02  1.33196e-03 
 1.09000e+02  1.21914e-03 
 1.09500e+02  1.44722e-03 
 1.10000e+02  1.49935e-03 
 1.10500e+02  1.52775e-03 
 1.11000e+02  1.69762e-03 
 1.11500e+02  1.80830e-03 
 1.12000e+02  1.99380e-03 
 1.12500e+02  2.11118e-03 
 1.13000e+02  2.30597e-03 
 1.13500e+02  2.38521e-03 
 1.14000e+02  2.38353e-03 
 1.14500e+02  2.71263e-03 
 1.15000e+02  2.68390e-03 
 1.15500e+02  2.92506e-03 
 1.16000e+02  2.98872e-03 
 1.16500e+02  3.13243e-03 
 1.17000e+02  3.19827e-03 
 1.17500e+02  3.23858e-03 
 1.18000e+02  3.27602e-03 
 1.18500e+02  3.38670e-03 
 1.19000e+02  3.58674e-03 
 1.19500e+02  3.83376e-03 
 1.20000e+02  4.06973e-03 
 1.20500e+02  4.05766e-03 
 1.21000e+02  4.04921e-03 
 1.21500e+02  3.93601e-03 
 1.22000e+02  4.03838e-03 
 1.22500e+02  4.29867e-03 
 1.23000e+02  4.48231e-03 
 1.23500e+02  4.50050e-03 
 1.24000e+02  4.70254e-03 
 1.24500e+02  4.80550e-03 
 1.25000e+02  4.89954e-03 
 1.25500e+02  5.24682e-03 
 1.26000e+02  5.28382e-03 
 1.26500e+02  5.25807e-03 
 1.27000e+02  5.37738e-03 
 1.27500e+02  5.85412e-03 
 1.28000e+02  5.84366e-03 
 1.28500e+02  6.31362e-03 
 1.29000e+02  6.61294e-03 
 1.29500e+02  6.81058e-03 
 1.30000e+02  6.61713e-03 
 1.30500e+02  6.53052e-03 
 1.31000e+02  6.43492e-03 
 1.31500e+02  6.32796e-03 
 1.32000e+02  5.94594e-03 
 1.32500e+02  6.31453e-03 
 1.33000e+02  6.41734e-03 
 1.33500e+02  6.83845e-03 
 1.34000e+02  7.06686e-03 
 1.34500e+02  6.93278e-03 
 1.35000e+02  7.18294e-03 
 1.35500e+02  7.41988e-03 
 1.36000e+02  6.84828e-03 
 1.36500e+02  7.25440e-03 
 1.37000e+02  7.09621e-03 
 1.37500e+02  7.43120e-03 
 1.38000e+02  7.62889e-03 
 1.38500e+02  7.54055e-03 
 1.39000e+02  7.67586e-03 
 1.39500e+02  7.68966e-03 
 1.40000e+02  7.77522e-03 
 1.40500e+02  7.53732e-03 
 1.41000e+02  7.42851e-03 
 1.41500e+02  7.45396e-03 
 1.42000e+02  7.67375e-03 
 1.42500e+02  7.57338e-03 
 1.43000e+02  7.75651e-03 
 1.43500e+02  7.76576e-03 
 1.44000e+02  7.73740e-03 
 1.44500e+02  7.58933e-03 
 1.45000e+02  7.56122e-03 
 1.45500e+02  7.43706e-03 
 1.46000e+02  7.08052e-03 
 1.46500e+02  7.50728e-03 
 1.47000e+02  7.76202e-03 
 1.47500e+02  7.86381e-03 
 1.48000e+02  7.71226e-03 
 1.48500e+02  7.80180e-03 
 1.49000e+02  7.97026e-03 
 1.49500e+02  7.78478e-03 
 1.50000e+02  8.29198e-03 
 1.50500e+02  8.57458e-03 
 1.51000e+02  8.31072e-03 
 1.51500e+02  8.64643e-03 
 1.52000e+02  8.08603e-03 
 1.52500e+02  8.19772e-03 
 1.53000e+02  7.98470e-03 
 1.53500e+02  8.17746e-03 
 1.54000e+02  7.98206e-03 
 1.54500e+02  8.05236e-03 
 1.55000e+02  8.51802e-03 
 1.55500e+02  8.27025e-03 
 1.56000e+02  8.10690e-03 
 1.56500e+02  8.31452e-03 
 1.57000e+02  8.14255e-03 
 1.57500e+02  8.21156e-03 
 1.58000e+02  8.20699e-03 
 1.58500e+02  8.15059e-03 
 1.59000e+02  8.17046e-03 
 1.59500e+02  7.92444e-03 
 1.60000e+02  8.33982e-03 
 1.60500e+02  8.46643e-03 
 1.61000e+02  8.27184e-03 
 1.61500e+02  8.28705e-03 
 1.62000e+02  8.17508e-03 
 1.62500e+02  8.35162e-03 
 1.63000e+02  8.17402e-03 
 1.63500e+02  8.48369e-03 
 1.64000e+02  8.20567e-03 
 1.64500e+02  8.38811e-03 
 1.65000e+02  8.28344e-03 
 1.65500e+02  8.19161e-03 
 1.66000e+02  8.10053e-03 
 1.66500e+02  7.64107e-03 
 1.67000e+02  7.45917e-03 
 1.67500e+02  7.93710e-03 
 1.68000e+02  8.49955e-03 
 1.68500e+02  8.47638e-03 
 1.69000e+02  7.94059e-03 
 1.69500e+02  7.97867e-03 
 1.70000e+02  7.86251e-03 
 1.70500e+02  7.64931e-03 
 1.71000e+02  8.03028e-03 
 1.71500e+02  7.75464e-03 
 1.72000e+02  8.00002e-03 
 1.72500e+02  7.92490e-03 
 1.73000e+02  7.72744e-03 
 1.73500e+02  7.97896e-03 
 1.74000e+02  7.66355e-03 
 1.74500e+02  7.74329e-03 
 1.75000e+02  7.65920e-03 
 1.75500e+02  7.49264e-03 
 1.76000e+02  7.66006e-03 
 1.76500e+02  7.59734e-03 
 1.77000e+02  7.87499e-03 
 1.77500e+02  8.18378e-03 
 1.78000e+02  8.22782e-03 
 1.78500e+02  7.71729e-03 
 1.79000e+02  7.95099e-03 
 1.79500e+02  7.91639e-03 
 1.80000e+02  8.11886e-03 
 1.80500e+02  8.01255e-03 
 1.81000e+02  8.01378e-03 
 1.81500e+02  7.82140e-03 
 1.82000e+02  7.63910e-03 
 1.82500e+02  7.29468e-03 
 1.83000e+02  6.90914e-03 
 1.83500e+02  7.22326e-03 
 1.84000e+02  7.21575e-03 
 1.84500e+02  6.74010e-03 
 1.85000e+02  6.86282e-03 
 1.85500e+02  6.71163e-03 
 1.86000e+02  6.98316e-03 
 1.86500e+02  6.93459e-03 
 1.87000e+02  6.60026e-03 
 1.87500e+02  6.48179e-03 
 1.88000e+02  6.41712e-03 
 1.88500e+02  6.57642e-03 
 1.89000e+02  6.47258e-03 
 1.89500e+02  6.45990e-03 
 1.90000e+02  6.76686e-03 
 1.90500e+02  6.57570e-03 
 1.91000e+02  6.39466e-03 
 1.91500e+02  6.01673e-03 
 1.92000e+02  5.69633e-03 
 1.92500e+02  5.50334e-03 
 1.93000e+02  5.72110e-03 
 1.93500e+02  5.37110e-03 
 1.94000e+02  5.43542e-03 
 1.94500e+02  5.36728e-03 
 1.95000e+02  5.37492e-03 
 1.95500e+02  5.16774e-03 
 1.96000e+02  5.01303e-03 
 1.96500e+02  4.91644e-03 
 1.97000e+02  4.53840e-03 
 1.97500e+02  4.54705e-03 
 1.98000e+02  4.46437e-03 
 1.98500e+02  4.22325e-03 
 1.99000e+02  4.11129e-03 
 1.99500e+02  3.78939e-03 
 2.00000e+02  3.69658e-03 
 2.00500e+02  3.38495e-03 
 2.01000e+02  3.27644e-03 
 2.01500e+02  3.23454e-03 
 2.02000e+02  2.97534e-03 
 2.02500e+02  2.64250e-03 
 2.03000e+02  2.64476e-03 
 2.03500e+02  2.40142e-03 
 2.04000e+02  2.27482e-03 
 2.04500e+02  2.20470e-03 
 2.05000e+02  1.90290e-03 
 2.05500e+02  1.83694e-03 
 2.06000e+02  1.86077e-03 
 2.06500e+02  1.54154e-03 
 2.07000e+02  1.34331e-03 
 2.07500e+02  1.23187e-03 
 2.08000e+02  1.31542e-03 
 2.08500e+02  1.14351e-03 
 2.09000e+02  9.62872e-04 
 2.09500e+02  9.42840e-04 
 2.10000e+02  9.09928e-04 
 2.10500e+02  8.41312e-04 
 2.11000e+02  8.55480e-04 
 2.11500e+02  8.12416e-04 
 2.12000e+02  7.88816e-04 
 2.12500e+02  7.95680e-04 
 2.13000e+02  8.11576e-04 
 2.13500e+02  6.05688e-04 
 2.14000e+02  5.05720e-04 
 2.14500e+02  4.83336e-04 
 2.15000e+02  4.79616e-04 
 2.15500e+02  4.25912e-04 
 2.16000e+02  4.21496e-04 
 2.16500e+02  4.39152e-04 
 2.17000e+02  3.96416e-04 
 2.17500e+02  3.87936e-04 
 2.18000e+02  3.41248e-04 
 2.18500e+02  3.47376e-04 
 2.19000e+02  3.54768e-04 
 2.19500e+02  3.88112e-04 
 2.20000e+02  3.41776e-04 
 2.20500e+02  3.69408e-04 
 2.21000e+02  3.62920e-04 
 2.21500e+02  3.39384e-04 
 2.22000e+02  3.75240e-04 
 2.22500e+02  4.01224e-04 
 2.23000e+02  3.94800e-04 
 2.23500e+02  3.73992e-04 
 2.24000e+02  4.06464e-04 
 2.24500e+02  4.09064e-04 
 2.25000e+02  3.19088e-04 
 2.25500e+02  3.39528e-04 
 2.26000e+02  3.31104e-04 
 2.26500e+02  3.40672e-04 
 2.27000e+02  3.27760e-04 
 2.27500e+02  3.21632e-04 
 2.28000e+02  3.22736e-04 
 2.28500e+02  3.10912e-04 
 2.29000e+02  3.06504e-04 
 2.29500e+02  3.24920e-04 
 2.30000e+02  2.94432e-04 
 2.30500e+02  3.08120e-04 
 2.31000e+02  3.21960e-04 
 2.31500e+02  2.89768e-04 
 2.32000e+02  2.75312e-04 
 2.32500e+02  2.62824e-04 
 2.33000e+02  2.49040e-04 
 2.33500e+02  2.57216e-04 
 2.34000e+02  2.70360e-04 
 2.34500e+02  2.30336e-04 
 2.35000e+02  2.24184e-04 
 2.35500e+02  2.48704e-04 
 2.36000e+02  2.29048e-04 
 2.36500e+02  2.46720e-04 
 2.37000e+02  1.85040e-04 
 2.37500e+02  1.64600e-04 
 2.38000e+02  1.91600e-04 
 2.38500e+02  1.58944e-04 
 2.39000e+02  1.41200e-04 
 2.39500e+02  1.36904e-04 
 2.40000e+02  1.40976e-04 
 2.40500e+02  1.21736e-04 
 2.41000e+02  1.38664e-04 
 2.41500e+02  1.33280e-04 
 2.42000e+02  1.47656e-04 
 2.42500e+02  1.32808e-04 
 2.43000e+02  1.27072e-04 
 2.43500e+02  1.19128e-04 
 2.44000e+02  1.15072e-04 
 2.44500e+02  1.23136e-04 
 2.45000e+02  1.11256e-04 
 2.45500e+02  9.60320e-05 
 2.46000e+02  1.10392e-04 
 2.46500e+02  1.10144e-04 
 2.47000e+02  8.44080e-05 
 2.47500e+02  5.93440e-05 
 2.48000e+02  6.60800e-05 
 2.48500e+02  6.28240e-05 
 2.49000e+02  6.51760e-05 
 2.49500e+02  6.00640e-05 
 2.50000e+02  4.64160e-05 
 2.50500e+02  4.40400e-05 
 2.51000e+02  5.12480e-05 
 2.51500e+02  5.26960e-05 
 2.52000e+02  5.06000e-05 
 2.52500e+02  4.23680e-05 
 2.53000e+02  4.53920e-05 
 2.53500e+02  3.48960e-05 
 2.54000e+02  3.47680e-05 
 2.54500e+02  3.31840e-05 
 2.55000e+02  2.47680e-05 
 2.55500e+02  2.48000e-05 
 2.56000e+02  1.83440e-05 
 2.56500e+02  1.68960e-05 
 2.57000e+02  1.31200e-05 
 2.57500e+02  1.31840e-05 
 2.58000e+02  1.37920e-05 
 2.58500e+02  1.55040e-05 
 2.59000e+02  1.52400e-05 
 2.59500e+02  1.63280e-05 
 2.60000e+02  2.06480e-05 
 2.60500e+02  1.66720e-05 
 2.61000e+02  1.28160e-05 
 2.61500e+02  1.27760e-05 
 2.62000e+02  1.54240e-05 
 2.62500e+02  1.40240e-05 
 2.63000e+02  1.75360e-05 
 2.63500e+02  1.62960e-05 
 2.64000e+02  1.22320e-05 
 2.64500e+02  1.19280e-05 
 2.65000e+02  1.30000e-05 
 2.65500e+02  1.47840e-05 
 2.66000e+02  1.12240e-05 
 2.66500e+02  1.21360e-05 
 2.67000e+02  8.63200e-06 
 2.67500e+02  5.54400e-06 
 2.68000e+02  5.62400e-06 
 2.68500e+02  6.10400e-06 
 2.69000e+02  6.64000e-06 
 2.69500e+02  8.03200e-06 
 2.70000e+02  9.00800e-06 
 2.70500e+02  5.62400e-06 
 2.71000e+02  6.67200e-06 
 2.71500e+02  8.55200e-06 
 2.72000e+02  8.35200e-06 
 2.72500e+02  3.59200e-06 
 2.73000e+02  4.76000e-06 
 2.73500e+02  3.16800e-06 
 2.74000e+02  2.92000e-06 
 2.74500e+02  3.11200e-06 
 2.75000e+02  3.42400e-06 
 2.75500e+02  5.13600e-06 
 2.76000e+02  2.72800e-06 
 2.76500e+02  3.20800e-06 
 2.77000e+02  4.16000e-06 
 2.77500e+02  4.12000e-06 
 2.78000e+02  5.16000e-06 
 2.78500e+02  3.90400e-06 
 2.79000e+02  5.24800e-06 
 2.79500e+02  5.20000e-06 
 2.80000e+02  1.40800e-06 
 2.80500e+02  1.72800e-06 
 2.81000e+02  2.35200e-06 
 2.81500e+02  5.92000e-07 
 2.82000e+02  6.00000e-07 
 2.82500e+02  6.32000e-07 
 2.83000e+02  6.88000e-07 
 2.83500e+02  7.20000e-07 
 2.84000e+02  7.68000e-07 
 2.84500e+02  8.32000e-07 
 2.85000e+02  9.28000e-07 
 2.85500e+02  1.10400e-06 
 2.86000e+02  1.48000e-06 
 2.86500e+02  1.68000e-06 
 2.87000e+02  1.52000e-06 
 2.87500e+02  9.92000e-07 
 2.88000e+02  9.60000e-08 
 2.88500e+02  1.04000e-07 
 2.89000e+02  9.60000e-08 
 2.89500e+02  9.60000e-08 
 2.90000e+02  1.04000e-07 
 2.90500e+02  9.60000e-08 
 2.91000e+02  1.04000e-07 
 2.91500e+02  1.04000e-07 
 2.92000e+02  1.12000e-07 
 2.92500e+02  1.20000e-07 
 2.93000e+02  1.12000e-07 
 2.93500e+02  1.20000e-07 
 2.94000e+02  1.20000e-07 
 2.94500e+02  1.28000e-07 
 2.95000e+02  1.20000e-07 
 2.95500e+02  1.36000e-07 
 2.96000e+02  1.36000e-07 
 2.96500e+02  1.52000e-07 
 2.97000e+02  1.52000e-07 
 2.97500e+02  1.60000e-07 
 2.98000e+02  1.60000e-07 
 2.98500e+02  1.76000e-07 
 2.99000e+02  3.84000e-07 
 2.99500e+02  4.16000e-07 
 3.00000e+02  4.48000e-07 
 3.00500e+02  5.28000e-07 
 3.01000e+02  6.40000e-07 
 3.01500e+02  8.24000e-07 
 3.02000e+02  1.74400e-06 
 3.02500e+02  0.00000e+00 
 3.03000e+02  0.00000e+00 
 3.03500e+02  0.00000e+00 
 3.04000e+02  0.00000e+00 
 3.04500e+02  0.00000e+00 
 3.05000e+02  0.00000e+00 
 3.05500e+02  0.00000e+00 
 3.06000e+02  0.00000e+00 
 3.06500e+02  0.00000e+00 
 3.07000e+02  0.00000e+00 
 3.07500e+02  0.00000e+00 
 3.08000e+02  0.00000e+00 
 3.08500e+02  0.00000e+00 
 3.09000e+02  0.00000e+00 
 3.09500e+02  0.00000e+00 
 3.10000e+02  0.00000e+00 
 3.10500e+02  0.00000e+00 
 3.11000e+02  0.00000e+00 
 3.11500e+02  0.00000e+00 
 3.12000e+02  0.00000e+00 
 3.12500e+02  0.00000e+00 
 3.13000e+02  0.00000e+00 
 3.13500e+02  0.00000e+00 
 3.14000e+02  0.00000e+00 
 3.14500e+02  0.00000e+00 
 3.15000e+02  0.00000e+00 
 3.15500e+02  0.00000e+00 
 3.16000e+02  0.00000e+00 
 3.16500e+02  0.00000e+00 
 3.17000e+02  0.00000e+00 
 3.17500e+02  0.00000e+00 
 3.18000e+02  0.00000e+00 
 3.18500e+02  0.00000e+00 
 3.19000e+02  0.00000e+00 
 3.19500e+02  0.00000e+00 
