 0.00000e+00  0.00000e+00 
 5.00000e-01  0.00000e+00 
 1.00000e+00  0.00000e+00 
 1.50000e+00  0.00000e+00 
 2.00000e+00  0.00000e+00 
 2.50000e+00  0.00000e+00 
 3.00000e+00  0.00000e+00 
 3.50000e+00  0.00000e+00 
 4.00000e+00  0.00000e+00 
 4.50000e+00  0.00000e+00 
 5.00000e+00  0.00000e+00 
 5.50000e+00  0.00000e+00 
 6.00000e+00  0.00000e+00 
 6.50000e+00  0.00000e+00 
 7.00000e+00  0.00000e+00 
 7.50000e+00  0.00000e+00 
 8.00000e+00  0.00000e+00 
 8.50000e+00  0.00000e+00 
 9.00000e+00  0.00000e+00 
 9.50000e+00  0.00000e+00 
 1.00000e+01  0.00000e+00 
 1.05000e+01  0.00000e+00 
 1.10000e+01  0.00000e+00 
 1.15000e+01  0.00000e+00 
 1.20000e+01  0.00000e+00 
 1.25000e+01  0.00000e+00 
 1.30000e+01  0.00000e+00 
 1.35000e+01  0.00000e+00 
 1.40000e+01  0.00000e+00 
 1.45000e+01  0.00000e+00 
 1.50000e+01  0.00000e+00 
 1.55000e+01  0.00000e+00 
 1.60000e+01  0.00000e+00 
 1.65000e+01  0.00000e+00 
 1.70000e+01  0.00000e+00 
 1.75000e+01  0.00000e+00 
 1.80000e+01  0.00000e+00 
 1.85000e+01  0.00000e+00 
 1.90000e+01  0.00000e+00 
 1.95000e+01  0.00000e+00 
 2.00000e+01  0.00000e+00 
 2.05000e+01  0.00000e+00 
 2.10000e+01  0.00000e+00 
 2.15000e+01  0.00000e+00 
 2.20000e+01  0.00000e+00 
 2.25000e+01  0.00000e+00 
 2.30000e+01  0.00000e+00 
 2.35000e+01  0.00000e+00 
 2.40000e+01  0.00000e+00 
 2.45000e+01  0.00000e+00 
 2.50000e+01  0.00000e+00 
 2.55000e+01  0.00000e+00 
 2.60000e+01  0.00000e+00 
 2.65000e+01  1.07200e-06 
 2.70000e+01  1.24000e-06 
 2.75000e+01  7.68000e-07 
 2.80000e+01  6.32000e-07 
 2.85000e+01  5.04000e-07 
 2.90000e+01  4.64000e-07 
 2.95000e+01  4.40000e-07 
 3.00000e+01  4.00000e-07 
 3.05000e+01  3.68000e-07 
 3.10000e+01  3.36000e-07 
 3.15000e+01  3.36000e-07 
 3.20000e+01  3.20000e-07 
 3.25000e+01  3.12000e-07 
 3.30000e+01  1.55200e-06 
 3.35000e+01  1.56800e-06 
 3.40000e+01  2.88000e-06 
 3.45000e+01  2.02400e-06 
 3.50000e+01  1.53600e-06 
 3.55000e+01  1.44000e-06 
 3.60000e+01  1.27200e-06 
 3.65000e+01  1.14400e-06 
 3.70000e+01  1.12000e-06 
 3.75000e+01  1.17600e-06 
 3.80000e+01  1.12800e-06 
 3.85000e+01  1.04800e-06 
 3.90000e+01  3.04000e-06 
 3.95000e+01  1.81600e-06 
 4.00000e+01  1.62400e-06 
 4.05000e+01  1.49600e-06 
 4.10000e+01  2.74400e-06 
 4.15000e+01  2.83200e-06 
 4.20000e+01  2.20800e-06 
 4.25000e+01  2.03200e-06 
 4.30000e+01  1.84800e-06 
 4.35000e+01  1.76800e-06 
 4.40000e+01  1.72000e-06 
 4.45000e+01  3.76800e-06 
 4.50000e+01  4.03200e-06 
 4.55000e+01  2.64800e-06 
 4.60000e+01  2.29600e-06 
 4.65000e+01  3.94400e-06 
 4.70000e+01  3.55200e-06 
 4.75000e+01  2.98400e-06 
 4.80000e+01  2.73600e-06 
 4.85000e+01  2.68800e-06 
 4.90000e+01  3.22400e-06 
 4.95000e+01  3.15200e-06 
 5.00000e+01  2.96800e-06 
 5.05000e+01  2.82400e-06 
 5.10000e+01  3.21600e-06 
 5.15000e+01  3.04000e-06 
 5.20000e+01  3.81600e-06 
 5.25000e+01  7.16000e-06 
 5.30000e+01  5.76800e-06 
 5.35000e+01  8.12000e-06 
 5.40000e+01  4.84000e-06 
 5.45000e+01  4.34400e-06 
 5.50000e+01  6.91200e-06 
 5.55000e+01  7.93600e-06 
 5.60000e+01  5.87200e-06 
 5.65000e+01  5.32800e-06 
 5.70000e+01  1.10880e-05 
 5.75000e+01  1.01040e-05 
 5.80000e+01  1.24240e-05 
 5.85000e+01  1.06160e-05 
 5.90000e+01  1.38880e-05 
 5.95000e+01  1.26560e-05 
 6.00000e+01  1.63360e-05 
 6.05000e+01  1.82400e-05 
 6.10000e+01  2.52880e-05 
 6.15000e+01  1.67760e-05 
 6.20000e+01  1.43600e-05 
 6.25000e+01  1.73520e-05 
 6.30000e+01  2.30960e-05 
 6.35000e+01  2.22880e-05 
 6.40000e+01  1.91680e-05 
 6.45000e+01  2.68480e-05 
 6.50000e+01  2.58720e-05 
 6.55000e+01  2.17520e-05 
 6.60000e+01  2.02240e-05 
 6.65000e+01  2.15280e-05 
 6.70000e+01  2.92880e-05 
 6.75000e+01  3.17840e-05 
 6.80000e+01  2.91920e-05 
 6.85000e+01  3.36400e-05 
 6.90000e+01  4.83680e-05 
 6.95000e+01  5.49040e-05 
 7.00000e+01  4.32400e-05 
 7.05000e+01  4.53360e-05 
 7.10000e+01  4.92240e-05 
 7.15000e+01  6.25520e-05 
 7.20000e+01  6.27680e-05 
 7.25000e+01  6.16960e-05 
 7.30000e+01  5.56240e-05 
 7.35000e+01  6.48800e-05 
 7.40000e+01  6.33680e-05 
 7.45000e+01  6.57200e-05 
 7.50000e+01  6.66240e-05 
 7.55000e+01  8.20800e-05 
 7.60000e+01  1.15168e-04 
 7.65000e+01  1.23480e-04 
 7.70000e+01  1.33320e-04 
 7.75000e+01  1.16920e-04 
 7.80000e+01  1.29584e-04 
 7.85000e+01  1.36264e-04 
 7.90000e+01  1.31288e-04 
 7.95000e+01  1.50472e-04 
 8.00000e+01  1.41768e-04 
 8.05000e+01  1.31912e-04 
 8.10000e+01  1.52528e-04 
 8.15000e+01  1.50264e-04 
 8.20000e+01  1.53136e-04 
 8.25000e+01  1.74328e-04 
 8.30000e+01  1.90016e-04 
 8.35000e+01  1.79488e-04 
 8.40000e+01  2.21032e-04 
 8.45000e+01  1.90656e-04 
 8.50000e+01  2.18408e-04 
 8.55000e+01  2.17192e-04 
 8.60000e+01  2.46696e-04 
 8.65000e+01  2.20632e-04 
 8.70000e+01  2.33440e-04 
 8.75000e+01  2.35840e-04 
 8.80000e+01  2.69464e-04 
 8.85000e+01  2.73720e-04 
 8.90000e+01  2.61440e-04 
 8.95000e+01  2.50136e-04 
 9.00000e+01  2.90688e-04 
 9.05000e+01  2.91400e-04 
 9.10000e+01  2.50656e-04 
 9.15000e+01  2.90208e-04 
 9.20000e+01  3.18504e-04 
 9.25000e+01  2.69704e-04 
 9.30000e+01  2.55696e-04 
 9.35000e+01  2.48840e-04 
 9.40000e+01  2.41008e-04 
 9.45000e+01  2.54672e-04 
 9.50000e+01  2.84072e-04 
 9.55000e+01  3.05488e-04 
 9.60000e+01  3.46856e-04 
 9.65000e+01  2.96696e-04 
 9.70000e+01  3.09528e-04 
 9.75000e+01  3.27576e-04 
 9.80000e+01  3.12624e-04 
 9.85000e+01  3.68592e-04 
 9.90000e+01  3.58688e-04 
 9.95000e+01  3.96976e-04 
 1.00000e+02  3.99960e-04 
 1.00500e+02  3.82248e-04 
 1.01000e+02  4.48336e-04 
 1.01500e+02  4.84568e-04 
 1.02000e+02  4.15512e-04 
 1.02500e+02  4.28184e-04 
 1.03000e+02  4.46056e-04 
 1.03500e+02  4.64560e-04 
 1.04000e+02  5.42224e-04 
 1.04500e+02  5.59512e-04 
 1.05000e+02  5.97408e-04 
 1.05500e+02  5.80904e-04 
 1.06000e+02  5.90360e-04 
 1.06500e+02  5.35088e-04 
 1.07000e+02  5.86192e-04 
 1.07500e+02  6.10448e-04 
 1.08000e+02  6.13344e-04 
 1.08500e+02  7.34696e-04 
 1.09000e+02  7.41352e-04 
 1.09500e+02  8.15152e-04 
 1.10000e+02  7.98664e-04 
 1.10500e+02  8.46040e-04 
 1.11000e+02  8.85712e-04 
 1.11500e+02  1.02887e-03 
 1.12000e+02  1.27389e-03 
 1.12500e+02  1.24846e-03 
 1.13000e+02  1.42314e-03 
 1.13500e+02  1.49695e-03 
 1.14000e+02  1.64017e-03 
 1.14500e+02  1.94941e-03 
 1.15000e+02  2.02056e-03 
 1.15500e+02  2.18476e-03 
 1.16000e+02  2.31131e-03 
 1.16500e+02  2.33498e-03 
 1.17000e+02  2.74730e-03 
 1.17500e+02  2.83563e-03 
 1.18000e+02  2.82050e-03 
 1.18500e+02  3.11157e-03 
 1.19000e+02  3.36329e-03 
 1.19500e+02  3.61926e-03 
 1.20000e+02  3.68077e-03 
 1.20500e+02  3.68285e-03 
 1.21000e+02  3.86414e-03 
 1.21500e+02  4.12702e-03 
 1.22000e+02  4.22422e-03 
 1.22500e+02  4.36453e-03 
 1.23000e+02  4.38236e-03 
 1.23500e+02  4.59114e-03 
 1.24000e+02  4.73293e-03 
 1.24500e+02  4.95100e-03 
 1.25000e+02  4.92398e-03 
 1.25500e+02  5.00396e-03 
 1.26000e+02  5.03830e-03 
 1.26500e+02  5.36165e-03 
 1.27000e+02  5.42451e-03 
 1.27500e+02  5.32925e-03 
 1.28000e+02  5.35353e-03 
 1.28500e+02  5.77166e-03 
 1.29000e+02  6.25885e-03 
 1.29500e+02  6.10438e-03 
 1.30000e+02  6.29205e-03 
 1.30500e+02  6.14938e-03 
 1.31000e+02  6.60658e-03 
 1.31500e+02  6.68212e-03 
 1.32000e+02  6.87287e-03 
 1.32500e+02  6.65561e-03 
 1.33000e+02  6.43707e-03 
 1.33500e+02  6.44970e-03 
 1.34000e+02  6.64627e-03 
 1.34500e+02  6.61044e-03 
 1.35000e+02  6.67191e-03 
 1.35500e+02  6.90262e-03 
 1.36000e+02  6.73982e-03 
 1.36500e+02  6.93688e-03 
 1.37000e+02  7.28342e-03 
 1.37500e+02  7.14480e-03 
 1.38000e+02  7.04671e-03 
 1.38500e+02  7.26263e-03 
 1.39000e+02  7.54258e-03 
 1.39500e+02  7.32893e-03 
 1.40000e+02  7.11303e-03 
 1.40500e+02  7.19049e-03 
 1.41000e+02  7.20567e-03 
 1.41500e+02  7.39421e-03 
 1.42000e+02  7.41610e-03 
 1.42500e+02  7.45777e-03 
 1.43000e+02  7.60934e-03 
 1.43500e+02  7.77514e-03 
 1.44000e+02  7.94118e-03 
 1.44500e+02  8.26642e-03 
 1.45000e+02  8.37317e-03 
 1.45500e+02  7.80080e-03 
 1.46000e+02  7.77022e-03 
 1.46500e+02  8.01628e-03 
 1.47000e+02  7.85274e-03 
 1.47500e+02  8.15931e-03 
 1.48000e+02  8.39485e-03 
 1.48500e+02  8.26666e-03 
 1.49000e+02  8.18523e-03 
 1.49500e+02  8.19673e-03 
 1.50000e+02  8.35994e-03 
 1.50500e+02  7.89754e-03 
 1.51000e+02  8.05917e-03 
 1.51500e+02  7.90257e-03 
 1.52000e+02  7.75317e-03 
 1.52500e+02  8.22179e-03 
 1.53000e+02  8.29369e-03 
 1.53500e+02  8.44717e-03 
 1.54000e+02  8.14806e-03 
 1.54500e+02  8.22558e-03 
 1.55000e+02  7.93706e-03 
 1.55500e+02  7.98230e-03 
 1.56000e+02  8.02449e-03 
 1.56500e+02  8.27346e-03 
 1.57000e+02  8.25862e-03 
 1.57500e+02  8.56078e-03 
 1.58000e+02  8.00847e-03 
 1.58500e+02  8.08929e-03 
 1.59000e+02  7.57814e-03 
 1.59500e+02  7.65789e-03 
 1.60000e+02  7.77415e-03 
 1.60500e+02  7.23431e-03 
 1.61000e+02  7.35159e-03 
 1.61500e+02  7.63016e-03 
 1.62000e+02  7.37209e-03 
 1.62500e+02  7.67690e-03 
 1.63000e+02  7.93385e-03 
 1.63500e+02  7.70128e-03 
 1.64000e+02  7.92878e-03 
 1.64500e+02  8.01381e-03 
 1.65000e+02  7.90817e-03 
 1.65500e+02  7.61813e-03 
 1.66000e+02  7.98355e-03 
 1.66500e+02  8.05194e-03 
 1.67000e+02  7.85345e-03 
 1.67500e+02  7.96459e-03 
 1.68000e+02  7.48192e-03 
 1.68500e+02  7.97724e-03 
 1.69000e+02  8.01130e-03 
 1.69500e+02  8.11046e-03 
 1.70000e+02  8.46957e-03 
 1.70500e+02  8.48806e-03 
 1.71000e+02  8.63850e-03 
 1.71500e+02  8.82774e-03 
 1.72000e+02  8.04340e-03 
 1.72500e+02  8.31894e-03 
 1.73000e+02  8.52526e-03 
 1.73500e+02  8.66906e-03 
 1.74000e+02  8.20728e-03 
 1.74500e+02  7.98696e-03 
 1.75000e+02  8.28551e-03 
 1.75500e+02  7.93973e-03 
 1.76000e+02  8.51516e-03 
 1.76500e+02  8.17444e-03 
 1.77000e+02  7.76740e-03 
 1.77500e+02  7.89348e-03 
 1.78000e+02  8.18440e-03 
 1.78500e+02  8.39546e-03 
 1.79000e+02  7.86586e-03 
 1.79500e+02  8.10539e-03 
 1.80000e+02  7.89361e-03 
 1.80500e+02  7.62783e-03 
 1.81000e+02  7.41782e-03 
 1.81500e+02  7.60380e-03 
 1.82000e+02  7.65000e-03 
 1.82500e+02  7.19554e-03 
 1.83000e+02  7.02632e-03 
 1.83500e+02  7.12951e-03 
 1.84000e+02  6.97487e-03 
 1.84500e+02  7.13306e-03 
 1.85000e+02  7.36768e-03 
 1.85500e+02  7.19928e-03 
 1.86000e+02  7.14510e-03 
 1.86500e+02  7.02294e-03 
 1.87000e+02  6.53865e-03 
 1.87500e+02  6.72906e-03 
 1.88000e+02  6.28418e-03 
 1.88500e+02  6.20290e-03 
 1.89000e+02  6.14026e-03 
 1.89500e+02  6.10357e-03 
 1.90000e+02  6.15565e-03 
 1.90500e+02  5.91186e-03 
 1.91000e+02  5.44937e-03 
 1.91500e+02  5.55159e-03 
 1.92000e+02  5.23451e-03 
 1.92500e+02  5.43543e-03 
 1.93000e+02  5.46438e-03 
 1.93500e+02  5.43506e-03 
 1.94000e+02  5.08834e-03 
 1.94500e+02  5.16610e-03 
 1.95000e+02  4.88409e-03 
 1.95500e+02  4.91771e-03 
 1.96000e+02  4.79308e-03 
 1.96500e+02  4.67734e-03 
 1.97000e+02  4.69317e-03 
 1.97500e+02  4.46450e-03 
 1.98000e+02  4.01027e-03 
 1.98500e+02  3.99369e-03 
 1.99000e+02  4.10406e-03 
 1.99500e+02  3.88329e-03 
 2.00000e+02  3.45974e-03 
 2.00500e+02  3.54408e-03 
 2.01000e+02  3.45407e-03 
 2.01500e+02  3.23687e-03 
 2.02000e+02  3.06700e-03 
 2.02500e+02  2.84058e-03 
 2.03000e+02  2.51623e-03 
 2.03500e+02  2.38578e-03 
 2.04000e+02  2.07160e-03 
 2.04500e+02  2.08276e-03 
 2.05000e+02  2.12130e-03 
 2.05500e+02  1.92873e-03 
 2.06000e+02  1.77477e-03 
 2.06500e+02  1.61104e-03 
 2.07000e+02  1.44779e-03 
 2.07500e+02  1.45844e-03 
 2.08000e+02  1.35563e-03 
 2.08500e+02  1.29753e-03 
 2.09000e+02  1.18040e-03 
 2.09500e+02  1.16442e-03 
 2.10000e+02  9.48488e-04 
 2.10500e+02  8.85760e-04 
 2.11000e+02  7.17256e-04 
 2.11500e+02  7.05784e-04 
 2.12000e+02  6.98488e-04 
 2.12500e+02  6.73944e-04 
 2.13000e+02  5.74976e-04 
 2.13500e+02  5.82840e-04 
 2.14000e+02  6.17928e-04 
 2.14500e+02  5.25968e-04 
 2.15000e+02  5.13464e-04 
 2.15500e+02  4.59800e-04 
 2.16000e+02  4.90376e-04 
 2.16500e+02  4.35240e-04 
 2.17000e+02  3.94712e-04 
 2.17500e+02  3.97104e-04 
 2.18000e+02  4.02080e-04 
 2.18500e+02  3.74744e-04 
 2.19000e+02  3.32352e-04 
 2.19500e+02  3.45680e-04 
 2.20000e+02  3.64608e-04 
 2.20500e+02  4.06304e-04 
 2.21000e+02  3.18016e-04 
 2.21500e+02  3.47472e-04 
 2.22000e+02  3.31544e-04 
 2.22500e+02  3.81360e-04 
 2.23000e+02  3.47424e-04 
 2.23500e+02  3.31976e-04 
 2.24000e+02  3.55152e-04 
 2.24500e+02  3.56864e-04 
 2.25000e+02  3.31632e-04 
 2.25500e+02  3.13576e-04 
 2.26000e+02  3.23080e-04 
 2.26500e+02  2.98824e-04 
 2.27000e+02  2.78680e-04 
 2.27500e+02  2.59088e-04 
 2.28000e+02  2.82232e-04 
 2.28500e+02  2.47480e-04 
 2.29000e+02  2.46856e-04 
 2.29500e+02  2.11656e-04 
 2.30000e+02  1.91384e-04 
 2.30500e+02  2.00776e-04 
 2.31000e+02  1.95776e-04 
 2.31500e+02  2.18976e-04 
 2.32000e+02  1.96928e-04 
 2.32500e+02  2.06344e-04 
 2.33000e+02  2.18104e-04 
 2.33500e+02  1.95192e-04 
 2.34000e+02  1.70128e-04 
 2.34500e+02  1.81576e-04 
 2.35000e+02  1.69928e-04 
 2.35500e+02  1.62912e-04 
 2.36000e+02  1.33344e-04 
 2.36500e+02  1.56520e-04 
 2.37000e+02  1.46096e-04 
 2.37500e+02  1.27208e-04 
 2.38000e+02  1.29016e-04 
 2.38500e+02  1.15416e-04 
 2.39000e+02  1.32192e-04 
 2.39500e+02  1.27928e-04 
 2.40000e+02  1.05808e-04 
 2.40500e+02  1.10328e-04 
 2.41000e+02  1.01712e-04 
 2.41500e+02  8.57360e-05 
 2.42000e+02  8.10880e-05 
 2.42500e+02  8.30480e-05 
 2.43000e+02  7.16720e-05 
 2.43500e+02  7.19680e-05 
 2.44000e+02  7.30800e-05 
 2.44500e+02  5.16000e-05 
 2.45000e+02  5.18240e-05 
 2.45500e+02  5.66240e-05 
 2.46000e+02  6.41680e-05 
 2.46500e+02  6.63920e-05 
 2.47000e+02  6.95680e-05 
 2.47500e+02  5.74560e-05 
 2.48000e+02  4.89200e-05 
 2.48500e+02  5.68480e-05 
 2.49000e+02  5.00720e-05 
 2.49500e+02  5.61440e-05 
 2.50000e+02  5.71200e-05 
 2.50500e+02  5.34320e-05 
 2.51000e+02  4.91600e-05 
 2.51500e+02  4.33280e-05 
 2.52000e+02  2.94240e-05 
 2.52500e+02  2.72880e-05 
 2.53000e+02  2.84480e-05 
 2.53500e+02  3.28080e-05 
 2.54000e+02  2.96640e-05 
 2.54500e+02  2.91120e-05 
 2.55000e+02  3.33760e-05 
 2.55500e+02  2.77600e-05 
 2.56000e+02  2.34240e-05 
 2.56500e+02  2.33200e-05 
 2.57000e+02  2.13760e-05 
 2.57500e+02  1.86320e-05 
 2.58000e+02  2.48160e-05 
 2.58500e+02  2.20320e-05 
 2.59000e+02  1.36080e-05 
 2.59500e+02  1.78320e-05 
 2.60000e+02  2.10160e-05 
 2.60500e+02  8.68000e-06 
 2.61000e+02  9.76000e-06 
 2.61500e+02  1.25680e-05 
 2.62000e+02  1.05760e-05 
 2.62500e+02  9.00800e-06 
 2.63000e+02  7.11200e-06 
 2.63500e+02  6.32000e-06 
 2.64000e+02  4.90400e-06 
 2.64500e+02  5.49600e-06 
 2.65000e+02  4.99200e-06 
 2.65500e+02  5.00000e-06 
 2.66000e+02  5.61600e-06 
 2.66500e+02  7.14400e-06 
 2.67000e+02  5.02400e-06 
 2.67500e+02  6.30400e-06 
 2.68000e+02  4.56000e-06 
 2.68500e+02  5.36800e-06 
 2.69000e+02  3.24800e-06 
 2.69500e+02  3.53600e-06 
 2.70000e+02  3.80800e-06 
 2.70500e+02  4.36000e-06 
 2.71000e+02  6.25600e-06 
 2.71500e+02  5.16000e-06 
 2.72000e+02  2.72000e-06 
 2.72500e+02  3.26400e-06 
 2.73000e+02  3.64800e-06 
 2.73500e+02  2.23200e-06 
 2.74000e+02  2.31200e-06 
 2.74500e+02  2.60000e-06 
 2.75000e+02  2.99200e-06 
 2.75500e+02  3.63200e-06 
 2.76000e+02  1.84800e-06 
 2.76500e+02  2.00800e-06 
 2.77000e+02  2.17600e-06 
 2.77500e+02  2.54400e-06 
 2.78000e+02  3.60000e-06 
 2.78500e+02  1.37600e-06 
 2.79000e+02  9.84000e-07 
 2.79500e+02  9.92000e-07 
 2.80000e+02  1.02400e-06 
 2.80500e+02  1.02400e-06 
 2.81000e+02  1.09600e-06 
 2.81500e+02  1.13600e-06 
 2.82000e+02  1.15200e-06 
 2.82500e+02  1.21600e-06 
 2.83000e+02  1.30400e-06 
 2.83500e+02  1.39200e-06 
 2.84000e+02  1.44800e-06 
 2.84500e+02  1.70400e-06 
 2.85000e+02  2.18400e-06 
 2.85500e+02  4.46400e-06 
 2.86000e+02  1.40000e-06 
 2.86500e+02  9.28000e-07 
 2.87000e+02  9.68000e-07 
 2.87500e+02  1.04800e-06 
 2.88000e+02  1.13600e-06 
 2.88500e+02  1.52800e-06 
 2.89000e+02  2.56800e-06 
 2.89500e+02  1.70400e-06 
 2.90000e+02  9.12000e-07 
 2.90500e+02  1.02400e-06 
 2.91000e+02  1.16000e-06 
 2.91500e+02  1.28800e-06 
 2.92000e+02  1.52800e-06 
 2.92500e+02  2.28000e-06 
 2.93000e+02  3.06400e-06 
 2.93500e+02  1.12000e-07 
 2.94000e+02  1.12000e-07 
 2.94500e+02  1.20000e-07 
 2.95000e+02  1.28000e-07 
 2.95500e+02  1.28000e-07 
 2.96000e+02  1.28000e-07 
 2.96500e+02  1.36000e-07 
 2.97000e+02  1.36000e-07 
 2.97500e+02  1.44000e-07 
 2.98000e+02  1.52000e-07 
 2.98500e+02  1.68000e-07 
 2.99000e+02  1.68000e-07 
 2.99500e+02  7.20000e-08 
 3.00000e+02  0.00000e+00 
 3.00500e+02  0.00000e+00 
 3.01000e+02  0.00000e+00 
 3.01500e+02  0.00000e+00 
 3.02000e+02  0.00000e+00 
 3.02500e+02  0.00000e+00 
 3.03000e+02  0.00000e+00 
 3.03500e+02  0.00000e+00 
 3.04000e+02  0.00000e+00 
 3.04500e+02  0.00000e+00 
 3.05000e+02  0.00000e+00 
 3.05500e+02  0.00000e+00 
 3.06000e+02  0.00000e+00 
 3.06500e+02  0.00000e+00 
 3.07000e+02  0.00000e+00 
 3.07500e+02  0.00000e+00 
 3.08000e+02  0.00000e+00 
 3.08500e+02  0.00000e+00 
 3.09000e+02  0.00000e+00 
 3.09500e+02  0.00000e+00 
 3.10000e+02  0.00000e+00 
 3.10500e+02  0.00000e+00 
 3.11000e+02  0.00000e+00 
 3.11500e+02  0.00000e+00 
 3.12000e+02  0.00000e+00 
 3.12500e+02  0.00000e+00 
 3.13000e+02  0.00000e+00 
 3.13500e+02  0.00000e+00 
 3.14000e+02  0.00000e+00 
 3.14500e+02  0.00000e+00 
 3.15000e+02  0.00000e+00 
 3.15500e+02  0.00000e+00 
 3.16000e+02  0.00000e+00 
 3.16500e+02  0.00000e+00 
 3.17000e+02  0.00000e+00 
 3.17500e+02  0.00000e+00 
 3.18000e+02  0.00000e+00 
 3.18500e+02  0.00000e+00 
 3.19000e+02  0.00000e+00 
 3.19500e+02  0.00000e+00 
