 0.00000e+00  1.38288e-04 
 5.00000e-01  1.42288e-04 
 1.00000e+00  1.21056e-04 
 1.50000e+00  9.67040e-05 
 2.00000e+00  8.25600e-05 
 2.50000e+00  7.68560e-05 
 3.00000e+00  6.92800e-05 
 3.50000e+00  6.38560e-05 
 4.00000e+00  6.21200e-05 
 4.50000e+00  6.37360e-05 
 5.00000e+00  6.24720e-05 
 5.50000e+00  5.85520e-05 
 6.00000e+00  5.76320e-05 
 6.50000e+00  5.30000e-05 
 7.00000e+00  5.01760e-05 
 7.50000e+00  4.94320e-05 
 8.00000e+00  5.04800e-05 
 8.50000e+00  4.80240e-05 
 9.00000e+00  4.78400e-05 
 9.50000e+00  4.88000e-05 
 1.00000e+01  5.00080e-05 
 1.05000e+01  4.72160e-05 
 1.10000e+01  4.52400e-05 
 1.15000e+01  4.59360e-05 
 1.20000e+01  4.83600e-05 
 1.25000e+01  4.66560e-05 
 1.30000e+01  4.49440e-05 
 1.35000e+01  4.36240e-05 
 1.40000e+01  4.23040e-05 
 1.45000e+01  4.23680e-05 
 1.50000e+01  4.52320e-05 
 1.55000e+01  4.40000e-05 
 1.60000e+01  4.36480e-05 
 1.65000e+01  4.26640e-05 
 1.70000e+01  4.22640e-05 
 1.75000e+01  4.37680e-05 
 1.80000e+01  4.54000e-05 
 1.85000e+01  4.70400e-05 
 1.90000e+01  4.45120e-05 
 1.95000e+01  4.43920e-05 
 2.00000e+01  4.25440e-05 
 2.05000e+01  4.62000e-05 
 2.10000e+01  4.24160e-05 
 2.15000e+01  4.06000e-05 
 2.20000e+01  4.04480e-05 
 2.25000e+01  4.12400e-05 
 2.30000e+01  4.47920e-05 
 2.35000e+01  4.30000e-05 
 2.40000e+01  4.35120e-05 
 2.45000e+01  4.42800e-05 
 2.50000e+01  4.89840e-05 
 2.55000e+01  4.89120e-05 
 2.60000e+01  4.73200e-05 
 2.65000e+01  4.67360e-05 
 2.70000e+01  4.87600e-05 
 2.75000e+01  4.51600e-05 
 2.80000e+01  4.34720e-05 
 2.85000e+01  4.22720e-05 
 2.90000e+01  4.42800e-05 
 2.95000e+01  4.37120e-05 
 3.00000e+01  4.41040e-05 
 3.05000e+01  4.68160e-05 
 3.10000e+01  4.99120e-05 
 3.15000e+01  5.31200e-05 
 3.20000e+01  5.09040e-05 
 3.25000e+01  4.74080e-05 
 3.30000e+01  4.96080e-05 
 3.35000e+01  4.97200e-05 
 3.40000e+01  4.87440e-05 
 3.45000e+01  4.62720e-05 
 3.50000e+01  4.96160e-05 
 3.55000e+01  5.35200e-05 
 3.60000e+01  5.24880e-05 
 3.65000e+01  5.30880e-05 
 3.70000e+01  5.44720e-05 
 3.75000e+01  5.44000e-05 
 3.80000e+01  5.20160e-05 
 3.85000e+01  5.31680e-05 
 3.90000e+01  5.52800e-05 
 3.95000e+01  5.53440e-05 
 4.00000e+01  5.40800e-05 
 4.05000e+01  5.22160e-05 
 4.10000e+01  5.49360e-05 
 4.15000e+01  5.17840e-05 
 4.20000e+01  5.23120e-05 
 4.25000e+01  5.60720e-05 
 4.30000e+01  5.75920e-05 
 4.35000e+01  5.62800e-05 
 4.40000e+01  5.73440e-05 
 4.45000e+01  6.24640e-05 
 4.50000e+01  6.20240e-05 
 4.55000e+01  6.90640e-05 
 4.60000e+01  7.13360e-05 
 4.65000e+01  7.53200e-05 
 4.70000e+01  9.01120e-05 
 4.75000e+01  1.09648e-04 
 4.80000e+01  1.29808e-04 
 4.85000e+01  1.28824e-04 
 4.90000e+01  1.54952e-04 
 4.95000e+01  1.78136e-04 
 5.00000e+01  1.69600e-04 
 5.05000e+01  1.86784e-04 
 5.10000e+01  1.73880e-04 
 5.15000e+01  1.78704e-04 
 5.20000e+01  1.66952e-04 
 5.25000e+01  1.66176e-04 
 5.30000e+01  1.60120e-04 
 5.35000e+01  1.59656e-04 
 5.40000e+01  1.62176e-04 
 5.45000e+01  1.64296e-04 
 5.50000e+01  1.74344e-04 
 5.55000e+01  1.75952e-04 
 5.60000e+01  1.67760e-04 
 5.65000e+01  1.73600e-04 
 5.70000e+01  1.69240e-04 
 5.75000e+01  1.66336e-04 
 5.80000e+01  1.72768e-04 
 5.85000e+01  1.76936e-04 
 5.90000e+01  1.82760e-04 
 5.95000e+01  1.72440e-04 
 6.00000e+01  1.65128e-04 
 6.05000e+01  1.80176e-04 
 6.10000e+01  1.94264e-04 
 6.15000e+01  1.98544e-04 
 6.20000e+01  1.90040e-04 
 6.25000e+01  1.80960e-04 
 6.30000e+01  1.89760e-04 
 6.35000e+01  2.03168e-04 
 6.40000e+01  2.09168e-04 
 6.45000e+01  2.04016e-04 
 6.50000e+01  2.08704e-04 
 6.55000e+01  2.08336e-04 
 6.60000e+01  2.35664e-04 
 6.65000e+01  2.33816e-04 
 6.70000e+01  2.31632e-04 
 6.75000e+01  2.38376e-04 
 6.80000e+01  2.40520e-04 
 6.85000e+01  2.45560e-04 
 6.90000e+01  2.58064e-04 
 6.95000e+01  2.67072e-04 
 7.00000e+01  2.70784e-04 
 7.05000e+01  2.95288e-04 
 7.10000e+01  3.04216e-04 
 7.15000e+01  3.09328e-04 
 7.20000e+01  3.29432e-04 
 7.25000e+01  3.10208e-04 
 7.30000e+01  3.38688e-04 
 7.35000e+01  3.49016e-04 
 7.40000e+01  3.34096e-04 
 7.45000e+01  3.61928e-04 
 7.50000e+01  3.73440e-04 
 7.55000e+01  3.75024e-04 
 7.60000e+01  4.00984e-04 
 7.65000e+01  3.75648e-04 
 7.70000e+01  3.90208e-04 
 7.75000e+01  4.16416e-04 
 7.80000e+01  3.88144e-04 
 7.85000e+01  3.84608e-04 
 7.90000e+01  3.82568e-04 
 7.95000e+01  3.81920e-04 
 8.00000e+01  3.74904e-04 
 8.05000e+01  4.00688e-04 
 8.10000e+01  3.97248e-04 
 8.15000e+01  4.31496e-04 
 8.20000e+01  4.46776e-04 
 8.25000e+01  4.35504e-04 
 8.30000e+01  4.44096e-04 
 8.35000e+01  4.44936e-04 
 8.40000e+01  4.49728e-04 
 8.45000e+01  4.53992e-04 
 8.50000e+01  4.45224e-04 
 8.55000e+01  4.68456e-04 
 8.60000e+01  4.72432e-04 
 8.65000e+01  4.96968e-04 
 8.70000e+01  4.91032e-04 
 8.75000e+01  4.84048e-04 
 8.80000e+01  4.75008e-04 
 8.85000e+01  5.04304e-04 
 8.90000e+01  4.99424e-04 
 8.95000e+01  5.09024e-04 
 9.00000e+01  5.19528e-04 
 9.05000e+01  5.02072e-04 
 9.10000e+01  5.29600e-04 
 9.15000e+01  5.25872e-04 
 9.20000e+01  5.25640e-04 
 9.25000e+01  5.49400e-04 
 9.30000e+01  5.22928e-04 
 9.35000e+01  5.33256e-04 
 9.40000e+01  5.39928e-04 
 9.45000e+01  4.99656e-04 
 9.50000e+01  5.20432e-04 
 9.55000e+01  5.37304e-04 
 9.60000e+01  5.23296e-04 
 9.65000e+01  5.21440e-04 
 9.70000e+01  5.20784e-04 
 9.75000e+01  5.55336e-04 
 9.80000e+01  5.67264e-04 
 9.85000e+01  6.22576e-04 
 9.90000e+01  6.23872e-04 
 9.95000e+01  6.90648e-04 
 1.00000e+02  6.91704e-04 
 1.00500e+02  6.48648e-04 
 1.01000e+02  7.15184e-04 
 1.01500e+02  7.17976e-04 
 1.02000e+02  7.66664e-04 
 1.02500e+02  7.26112e-04 
 1.03000e+02  8.33656e-04 
 1.03500e+02  7.31328e-04 
 1.04000e+02  7.57992e-04 
 1.04500e+02  7.55296e-04 
 1.05000e+02  7.98000e-04 
 1.05500e+02  8.23760e-04 
 1.06000e+02  9.25848e-04 
 1.06500e+02  9.79696e-04 
 1.07000e+02  9.57792e-04 
 1.07500e+02  9.69544e-04 
 1.08000e+02  9.85880e-04 
 1.08500e+02  1.07040e-03 
 1.09000e+02  1.16070e-03 
 1.09500e+02  1.22058e-03 
 1.10000e+02  1.31422e-03 
 1.10500e+02  1.48621e-03 
 1.11000e+02  1.50765e-03 
 1.11500e+02  1.59010e-03 
 1.12000e+02  1.90999e-03 
 1.12500e+02  2.00565e-03 
 1.13000e+02  2.06147e-03 
 1.13500e+02  2.23374e-03 
 1.14000e+02  2.59288e-03 
 1.14500e+02  2.77034e-03 
 1.15000e+02  2.84743e-03 
 1.15500e+02  3.02367e-03 
 1.16000e+02  3.23442e-03 
 1.16500e+02  3.45229e-03 
 1.17000e+02  3.46163e-03 
 1.17500e+02  3.58186e-03 
 1.18000e+02  3.77542e-03 
 1.18500e+02  3.88622e-03 
 1.19000e+02  4.03548e-03 
 1.19500e+02  4.21884e-03 
 1.20000e+02  4.41303e-03 
 1.20500e+02  4.36987e-03 
 1.21000e+02  4.46751e-03 
 1.21500e+02  4.87874e-03 
 1.22000e+02  4.95499e-03 
 1.22500e+02  5.15645e-03 
 1.23000e+02  5.17942e-03 
 1.23500e+02  5.50290e-03 
 1.24000e+02  5.47094e-03 
 1.24500e+02  5.68161e-03 
 1.25000e+02  5.60934e-03 
 1.25500e+02  6.05891e-03 
 1.26000e+02  6.05794e-03 
 1.26500e+02  6.23412e-03 
 1.27000e+02  6.38914e-03 
 1.27500e+02  6.62538e-03 
 1.28000e+02  6.60527e-03 
 1.28500e+02  6.73272e-03 
 1.29000e+02  6.50636e-03 
 1.29500e+02  6.33543e-03 
 1.30000e+02  6.65911e-03 
 1.30500e+02  7.05325e-03 
 1.31000e+02  7.30708e-03 
 1.31500e+02  7.07617e-03 
 1.32000e+02  7.07231e-03 
 1.32500e+02  7.38886e-03 
 1.33000e+02  7.45414e-03 
 1.33500e+02  7.55252e-03 
 1.34000e+02  7.93570e-03 
 1.34500e+02  8.18655e-03 
 1.35000e+02  8.29751e-03 
 1.35500e+02  8.35094e-03 
 1.36000e+02  7.50120e-03 
 1.36500e+02  7.62167e-03 
 1.37000e+02  7.82347e-03 
 1.37500e+02  8.16091e-03 
 1.38000e+02  8.31060e-03 
 1.38500e+02  8.04102e-03 
 1.39000e+02  8.38429e-03 
 1.39500e+02  8.37861e-03 
 1.40000e+02  8.31854e-03 
 1.40500e+02  8.52839e-03 
 1.41000e+02  8.62876e-03 
 1.41500e+02  8.80720e-03 
 1.42000e+02  8.91428e-03 
 1.42500e+02  9.17174e-03 
 1.43000e+02  8.76152e-03 
 1.43500e+02  8.68832e-03 
 1.44000e+02  8.54493e-03 
 1.44500e+02  9.20107e-03 
 1.45000e+02  8.63873e-03 
 1.45500e+02  9.10847e-03 
 1.46000e+02  9.10649e-03 
 1.46500e+02  8.96373e-03 
 1.47000e+02  8.96185e-03 
 1.47500e+02  8.60476e-03 
 1.48000e+02  8.69999e-03 
 1.48500e+02  8.68303e-03 
 1.49000e+02  8.91754e-03 
 1.49500e+02  9.04494e-03 
 1.50000e+02  9.23081e-03 
 1.50500e+02  9.20681e-03 
 1.51000e+02  9.51465e-03 
 1.51500e+02  9.52066e-03 
 1.52000e+02  9.29181e-03 
 1.52500e+02  9.19806e-03 
 1.53000e+02  9.65208e-03 
 1.53500e+02  9.42544e-03 
 1.54000e+02  9.48696e-03 
 1.54500e+02  9.39367e-03 
 1.55000e+02  9.20228e-03 
 1.55500e+02  9.55971e-03 
 1.56000e+02  9.60807e-03 
 1.56500e+02  9.20866e-03 
 1.57000e+02  9.18854e-03 
 1.57500e+02  9.09677e-03 
 1.58000e+02  9.40762e-03 
 1.58500e+02  9.34854e-03 
 1.59000e+02  9.36331e-03 
 1.59500e+02  9.34950e-03 
 1.60000e+02  9.30063e-03 
 1.60500e+02  9.30377e-03 
 1.61000e+02  9.44122e-03 
 1.61500e+02  9.64231e-03 
 1.62000e+02  9.70986e-03 
 1.62500e+02  8.97331e-03 
 1.63000e+02  9.02392e-03 
 1.63500e+02  9.73124e-03 
 1.64000e+02  9.31061e-03 
 1.64500e+02  9.28838e-03 
 1.65000e+02  9.46012e-03 
 1.65500e+02  9.28787e-03 
 1.66000e+02  9.61181e-03 
 1.66500e+02  9.13766e-03 
 1.67000e+02  9.52318e-03 
 1.67500e+02  9.58607e-03 
 1.68000e+02  9.18427e-03 
 1.68500e+02  9.11458e-03 
 1.69000e+02  9.35346e-03 
 1.69500e+02  9.12973e-03 
 1.70000e+02  9.36879e-03 
 1.70500e+02  9.15110e-03 
 1.71000e+02  9.06917e-03 
 1.71500e+02  9.02788e-03 
 1.72000e+02  9.11880e-03 
 1.72500e+02  8.90990e-03 
 1.73000e+02  8.95442e-03 
 1.73500e+02  8.97170e-03 
 1.74000e+02  8.76259e-03 
 1.74500e+02  8.56178e-03 
 1.75000e+02  9.11105e-03 
 1.75500e+02  8.96398e-03 
 1.76000e+02  9.06029e-03 
 1.76500e+02  8.77386e-03 
 1.77000e+02  8.37055e-03 
 1.77500e+02  8.63336e-03 
 1.78000e+02  8.78209e-03 
 1.78500e+02  8.53007e-03 
 1.79000e+02  8.24826e-03 
 1.79500e+02  8.24906e-03 
 1.80000e+02  8.28246e-03 
 1.80500e+02  8.54470e-03 
 1.81000e+02  8.41838e-03 
 1.81500e+02  8.34979e-03 
 1.82000e+02  8.25546e-03 
 1.82500e+02  8.12687e-03 
 1.83000e+02  7.67446e-03 
 1.83500e+02  7.55520e-03 
 1.84000e+02  7.30921e-03 
 1.84500e+02  7.49421e-03 
 1.85000e+02  7.35293e-03 
 1.85500e+02  7.56365e-03 
 1.86000e+02  7.35770e-03 
 1.86500e+02  7.00049e-03 
 1.87000e+02  7.12185e-03 
 1.87500e+02  7.37664e-03 
 1.88000e+02  7.32107e-03 
 1.88500e+02  6.94347e-03 
 1.89000e+02  7.40074e-03 
 1.89500e+02  7.40678e-03 
 1.90000e+02  7.42018e-03 
 1.90500e+02  6.60929e-03 
 1.91000e+02  6.73951e-03 
 1.91500e+02  6.46060e-03 
 1.92000e+02  5.90493e-03 
 1.92500e+02  5.57834e-03 
 1.93000e+02  5.55798e-03 
 1.93500e+02  5.18250e-03 
 1.94000e+02  4.96258e-03 
 1.94500e+02  4.88195e-03 
 1.95000e+02  4.89684e-03 
 1.95500e+02  4.73190e-03 
 1.96000e+02  4.75232e-03 
 1.96500e+02  4.92026e-03 
 1.97000e+02  4.85306e-03 
 1.97500e+02  4.55926e-03 
 1.98000e+02  4.25563e-03 
 1.98500e+02  4.19582e-03 
 1.99000e+02  4.39225e-03 
 1.99500e+02  4.12709e-03 
 2.00000e+02  3.92274e-03 
 2.00500e+02  3.65344e-03 
 2.01000e+02  3.58288e-03 
 2.01500e+02  3.26571e-03 
 2.02000e+02  3.07287e-03 
 2.02500e+02  2.84631e-03 
 2.03000e+02  2.91357e-03 
 2.03500e+02  2.65426e-03 
 2.04000e+02  2.41545e-03 
 2.04500e+02  2.37018e-03 
 2.05000e+02  2.34985e-03 
 2.05500e+02  2.02997e-03 
 2.06000e+02  1.92791e-03 
 2.06500e+02  1.60727e-03 
 2.07000e+02  1.58270e-03 
 2.07500e+02  1.48274e-03 
 2.08000e+02  1.35206e-03 
 2.08500e+02  1.25158e-03 
 2.09000e+02  1.20398e-03 
 2.09500e+02  1.21658e-03 
 2.10000e+02  1.16142e-03 
 2.10500e+02  1.04501e-03 
 2.11000e+02  1.09079e-03 
 2.11500e+02  1.02091e-03 
 2.12000e+02  9.57856e-04 
 2.12500e+02  8.40936e-04 
 2.13000e+02  9.01264e-04 
 2.13500e+02  9.20776e-04 
 2.14000e+02  9.11088e-04 
 2.14500e+02  8.82784e-04 
 2.15000e+02  8.39128e-04 
 2.15500e+02  8.68920e-04 
 2.16000e+02  7.96320e-04 
 2.16500e+02  7.78408e-04 
 2.17000e+02  7.80240e-04 
 2.17500e+02  7.86048e-04 
 2.18000e+02  7.73992e-04 
 2.18500e+02  7.43952e-04 
 2.19000e+02  7.13424e-04 
 2.19500e+02  7.18768e-04 
 2.20000e+02  7.53424e-04 
 2.20500e+02  7.50704e-04 
 2.21000e+02  7.12752e-04 
 2.21500e+02  6.31464e-04 
 2.22000e+02  6.20304e-04 
 2.22500e+02  7.00544e-04 
 2.23000e+02  6.57416e-04 
 2.23500e+02  6.02384e-04 
 2.24000e+02  5.86640e-04 
 2.24500e+02  5.88560e-04 
 2.25000e+02  6.22680e-04 
 2.25500e+02  5.68568e-04 
 2.26000e+02  5.56408e-04 
 2.26500e+02  5.21136e-04 
 2.27000e+02  5.25872e-04 
 2.27500e+02  5.31832e-04 
 2.28000e+02  5.43600e-04 
 2.28500e+02  5.58168e-04 
 2.29000e+02  5.49984e-04 
 2.29500e+02  5.35976e-04 
 2.30000e+02  5.05504e-04 
 2.30500e+02  5.06896e-04 
 2.31000e+02  4.90776e-04 
 2.31500e+02  4.88032e-04 
 2.32000e+02  5.22448e-04 
 2.32500e+02  5.22096e-04 
 2.33000e+02  5.29320e-04 
 2.33500e+02  5.10832e-04 
 2.34000e+02  5.10144e-04 
 2.34500e+02  5.23720e-04 
 2.35000e+02  5.31024e-04 
 2.35500e+02  4.95736e-04 
 2.36000e+02  5.05712e-04 
 2.36500e+02  4.68200e-04 
 2.37000e+02  4.96576e-04 
 2.37500e+02  4.87856e-04 
 2.38000e+02  4.87800e-04 
 2.38500e+02  4.70712e-04 
 2.39000e+02  4.91544e-04 
 2.39500e+02  4.88304e-04 
 2.40000e+02  4.64752e-04 
 2.40500e+02  4.69632e-04 
 2.41000e+02  4.52944e-04 
 2.41500e+02  4.55168e-04 
 2.42000e+02  4.59888e-04 
 2.42500e+02  4.54536e-04 
 2.43000e+02  4.42240e-04 
 2.43500e+02  4.11856e-04 
 2.44000e+02  4.08888e-04 
 2.44500e+02  3.84320e-04 
 2.45000e+02  3.72496e-04 
 2.45500e+02  3.92944e-04 
 2.46000e+02  3.95256e-04 
 2.46500e+02  3.92752e-04 
 2.47000e+02  3.80744e-04 
 2.47500e+02  3.61256e-04 
 2.48000e+02  3.42472e-04 
 2.48500e+02  3.52816e-04 
 2.49000e+02  3.49080e-04 
 2.49500e+02  3.36440e-04 
 2.50000e+02  3.26224e-04 
 2.50500e+02  3.27360e-04 
 2.51000e+02  3.29480e-04 
 2.51500e+02  3.22544e-04 
 2.52000e+02  3.18656e-04 
 2.52500e+02  2.96352e-04 
 2.53000e+02  2.81776e-04 
 2.53500e+02  2.87360e-04 
 2.54000e+02  2.83928e-04 
 2.54500e+02  2.84600e-04 
 2.55000e+02  2.83328e-04 
 2.55500e+02  2.75296e-04 
 2.56000e+02  2.75136e-04 
 2.56500e+02  2.62464e-04 
 2.57000e+02  2.69680e-04 
 2.57500e+02  2.75632e-04 
 2.58000e+02  2.49840e-04 
 2.58500e+02  2.48144e-04 
 2.59000e+02  2.57192e-04 
 2.59500e+02  2.60064e-04 
 2.60000e+02  2.58176e-04 
 2.60500e+02  2.63472e-04 
 2.61000e+02  2.64464e-04 
 2.61500e+02  2.54248e-04 
 2.62000e+02  2.57336e-04 
 2.62500e+02  2.60512e-04 
 2.63000e+02  2.62752e-04 
 2.63500e+02  2.67928e-04 
 2.64000e+02  2.61984e-04 
 2.64500e+02  2.72240e-04 
 2.65000e+02  2.67016e-04 
 2.65500e+02  2.73752e-04 
 2.66000e+02  2.82808e-04 
 2.66500e+02  2.95752e-04 
 2.67000e+02  3.21848e-04 
 2.67500e+02  3.13272e-04 
 2.68000e+02  3.13536e-04 
 2.68500e+02  2.90296e-04 
 2.69000e+02  2.80128e-04 
 2.69500e+02  2.82512e-04 
 2.70000e+02  2.45896e-04 
 2.70500e+02  2.03296e-04 
 2.71000e+02  1.88408e-04 
 2.71500e+02  1.50776e-04 
 2.72000e+02  1.24256e-04 
 2.72500e+02  1.13488e-04 
 2.73000e+02  1.08168e-04 
 2.73500e+02  1.02784e-04 
 2.74000e+02  1.01096e-04 
 2.74500e+02  8.57440e-05 
 2.75000e+02  8.59600e-05 
 2.75500e+02  8.60320e-05 
 2.76000e+02  8.69440e-05 
 2.76500e+02  8.97200e-05 
 2.77000e+02  8.77440e-05 
 2.77500e+02  8.88800e-05 
 2.78000e+02  8.42240e-05 
 2.78500e+02  8.61520e-05 
 2.79000e+02  9.14400e-05 
 2.79500e+02  8.71920e-05 
 2.80000e+02  8.76240e-05 
 2.80500e+02  8.86880e-05 
 2.81000e+02  9.24320e-05 
 2.81500e+02  8.80480e-05 
 2.82000e+02  8.96320e-05 
 2.82500e+02  8.85120e-05 
 2.83000e+02  8.89440e-05 
 2.83500e+02  8.41920e-05 
 2.84000e+02  7.93520e-05 
 2.84500e+02  7.88960e-05 
 2.85000e+02  8.15760e-05 
 2.85500e+02  8.40640e-05 
 2.86000e+02  8.90880e-05 
 2.86500e+02  8.78880e-05 
 2.87000e+02  8.83680e-05 
 2.87500e+02  9.13360e-05 
 2.88000e+02  9.22080e-05 
 2.88500e+02  8.64560e-05 
 2.89000e+02  8.20800e-05 
 2.89500e+02  8.13040e-05 
 2.90000e+02  8.39600e-05 
 2.90500e+02  8.10960e-05 
 2.91000e+02  8.29840e-05 
 2.91500e+02  8.70880e-05 
 2.92000e+02  8.42240e-05 
 2.92500e+02  8.08320e-05 
 2.93000e+02  8.34160e-05 
 2.93500e+02  8.09520e-05 
 2.94000e+02  8.23280e-05 
 2.94500e+02  8.37920e-05 
 2.95000e+02  8.30080e-05 
 2.95500e+02  8.10880e-05 
 2.96000e+02  8.22240e-05 
 2.96500e+02  8.19600e-05 
 2.97000e+02  8.24480e-05 
 2.97500e+02  8.25440e-05 
 2.98000e+02  8.60240e-05 
 2.98500e+02  8.95600e-05 
 2.99000e+02  9.07920e-05 
 2.99500e+02  8.79840e-05 
 3.00000e+02  8.61440e-05 
 3.00500e+02  8.87840e-05 
 3.01000e+02  8.94880e-05 
 3.01500e+02  9.06320e-05 
 3.02000e+02  9.46560e-05 
 3.02500e+02  9.42480e-05 
 3.03000e+02  9.52320e-05 
 3.03500e+02  9.29920e-05 
 3.04000e+02  9.58480e-05 
 3.04500e+02  9.40480e-05 
 3.05000e+02  9.32880e-05 
 3.05500e+02  9.53600e-05 
 3.06000e+02  9.86080e-05 
 3.06500e+02  9.79280e-05 
 3.07000e+02  1.03136e-04 
 3.07500e+02  1.02560e-04 
 3.08000e+02  1.04064e-04 
 3.08500e+02  1.09504e-04 
 3.09000e+02  1.07784e-04 
 3.09500e+02  1.08912e-04 
 3.10000e+02  1.07504e-04 
 3.10500e+02  1.09248e-04 
 3.11000e+02  1.12840e-04 
 3.11500e+02  1.13736e-04 
 3.12000e+02  1.18664e-04 
 3.12500e+02  1.23872e-04 
 3.13000e+02  1.30976e-04 
 3.13500e+02  1.37456e-04 
 3.14000e+02  1.43168e-04 
 3.14500e+02  1.46016e-04 
 3.15000e+02  1.50856e-04 
 3.15500e+02  1.59736e-04 
 3.16000e+02  1.67208e-04 
 3.16500e+02  1.81784e-04 
 3.17000e+02  1.95512e-04 
 3.17500e+02  2.15616e-04 
 3.18000e+02  2.42288e-04 
 3.18500e+02  2.87752e-04 
 3.19000e+02  3.70296e-04 
 3.19500e+02  8.04440e-04 
