 0.00000e+00  1.64800e-04 
 5.00000e-01  1.71496e-04 
 1.00000e+00  1.34296e-04 
 1.50000e+00  1.10720e-04 
 2.00000e+00  9.29760e-05 
 2.50000e+00  8.29760e-05 
 3.00000e+00  7.57520e-05 
 3.50000e+00  6.97680e-05 
 4.00000e+00  6.73600e-05 
 4.50000e+00  6.75040e-05 
 5.00000e+00  6.32640e-05 
 5.50000e+00  6.12720e-05 
 6.00000e+00  5.94800e-05 
 6.50000e+00  6.06160e-05 
 7.00000e+00  6.03840e-05 
 7.50000e+00  5.53920e-05 
 8.00000e+00  5.73920e-05 
 8.50000e+00  5.79760e-05 
 9.00000e+00  5.41840e-05 
 9.50000e+00  5.09120e-05 
 1.00000e+01  5.21280e-05 
 1.05000e+01  5.06880e-05 
 1.10000e+01  5.24960e-05 
 1.15000e+01  4.97520e-05 
 1.20000e+01  4.82960e-05 
 1.25000e+01  4.94560e-05 
 1.30000e+01  5.00080e-05 
 1.35000e+01  4.63760e-05 
 1.40000e+01  4.47440e-05 
 1.45000e+01  4.40800e-05 
 1.50000e+01  4.66240e-05 
 1.55000e+01  4.53920e-05 
 1.60000e+01  4.32320e-05 
 1.65000e+01  4.17040e-05 
 1.70000e+01  4.20080e-05 
 1.75000e+01  4.23280e-05 
 1.80000e+01  4.14480e-05 
 1.85000e+01  4.38160e-05 
 1.90000e+01  4.22320e-05 
 1.95000e+01  4.12720e-05 
 2.00000e+01  4.14000e-05 
 2.05000e+01  4.04880e-05 
 2.10000e+01  4.36000e-05 
 2.15000e+01  4.40000e-05 
 2.20000e+01  4.22800e-05 
 2.25000e+01  4.33600e-05 
 2.30000e+01  4.39440e-05 
 2.35000e+01  4.15760e-05 
 2.40000e+01  4.13360e-05 
 2.45000e+01  4.21040e-05 
 2.50000e+01  4.18640e-05 
 2.55000e+01  4.19440e-05 
 2.60000e+01  4.17040e-05 
 2.65000e+01  3.99520e-05 
 2.70000e+01  4.08880e-05 
 2.75000e+01  4.10400e-05 
 2.80000e+01  3.96480e-05 
 2.85000e+01  3.86480e-05 
 2.90000e+01  3.85280e-05 
 2.95000e+01  4.09680e-05 
 3.00000e+01  3.96320e-05 
 3.05000e+01  4.01680e-05 
 3.10000e+01  4.27200e-05 
 3.15000e+01  4.35680e-05 
 3.20000e+01  4.08240e-05 
 3.25000e+01  4.04320e-05 
 3.30000e+01  4.37840e-05 
 3.35000e+01  4.50160e-05 
 3.40000e+01  4.31520e-05 
 3.45000e+01  4.29360e-05 
 3.50000e+01  4.09760e-05 
 3.55000e+01  4.44800e-05 
 3.60000e+01  4.41600e-05 
 3.65000e+01  4.40080e-05 
 3.70000e+01  4.40320e-05 
 3.75000e+01  4.81040e-05 
 3.80000e+01  4.60080e-05 
 3.85000e+01  4.52560e-05 
 3.90000e+01  4.36240e-05 
 3.95000e+01  5.01920e-05 
 4.00000e+01  4.57680e-05 
 4.05000e+01  4.66800e-05 
 4.10000e+01  4.74640e-05 
 4.15000e+01  4.97920e-05 
 4.20000e+01  4.72480e-05 
 4.25000e+01  4.85440e-05 
 4.30000e+01  4.74080e-05 
 4.35000e+01  5.03360e-05 
 4.40000e+01  5.33920e-05 
 4.45000e+01  5.65360e-05 
 4.50000e+01  5.35120e-05 
 4.55000e+01  5.17920e-05 
 4.60000e+01  5.82720e-05 
 4.65000e+01  6.24960e-05 
 4.70000e+01  6.53200e-05 
 4.75000e+01  8.19040e-05 
 4.80000e+01  9.79520e-05 
 4.85000e+01  1.36504e-04 
 4.90000e+01  1.65088e-04 
 4.95000e+01  1.55928e-04 
 5.00000e+01  1.64512e-04 
 5.05000e+01  1.72440e-04 
 5.10000e+01  1.66336e-04 
 5.15000e+01  1.60408e-04 
 5.20000e+01  1.57080e-04 
 5.25000e+01  1.62136e-04 
 5.30000e+01  1.65784e-04 
 5.35000e+01  1.61160e-04 
 5.40000e+01  1.58128e-04 
 5.45000e+01  1.61112e-04 
 5.50000e+01  1.53928e-04 
 5.55000e+01  1.58416e-04 
 5.60000e+01  1.48352e-04 
 5.65000e+01  1.42704e-04 
 5.70000e+01  1.46552e-04 
 5.75000e+01  1.49920e-04 
 5.80000e+01  1.53848e-04 
 5.85000e+01  1.51088e-04 
 5.90000e+01  1.53512e-04 
 5.95000e+01  1.59592e-04 
 6.00000e+01  1.57840e-04 
 6.05000e+01  1.62952e-04 
 6.10000e+01  1.62176e-04 
 6.15000e+01  1.64992e-04 
 6.20000e+01  1.63016e-04 
 6.25000e+01  1.70032e-04 
 6.30000e+01  1.68272e-04 
 6.35000e+01  1.73648e-04 
 6.40000e+01  1.74432e-04 
 6.45000e+01  1.82152e-04 
 6.50000e+01  1.87640e-04 
 6.55000e+01  1.90064e-04 
 6.60000e+01  1.89584e-04 
 6.65000e+01  1.97208e-04 
 6.70000e+01  2.16880e-04 
 6.75000e+01  2.29616e-04 
 6.80000e+01  2.35440e-04 
 6.85000e+01  2.33280e-04 
 6.90000e+01  2.45448e-04 
 6.95000e+01  2.40208e-04 
 7.00000e+01  2.82960e-04 
 7.05000e+01  3.03712e-04 
 7.10000e+01  2.83552e-04 
 7.15000e+01  2.98096e-04 
 7.20000e+01  2.85688e-04 
 7.25000e+01  2.90448e-04 
 7.30000e+01  2.99576e-04 
 7.35000e+01  3.24696e-04 
 7.40000e+01  3.33008e-04 
 7.45000e+01  3.29312e-04 
 7.50000e+01  3.55440e-04 
 7.55000e+01  3.64216e-04 
 7.60000e+01  3.81976e-04 
 7.65000e+01  3.81896e-04 
 7.70000e+01  3.57568e-04 
 7.75000e+01  4.04456e-04 
 7.80000e+01  3.76744e-04 
 7.85000e+01  3.83728e-04 
 7.90000e+01  3.60520e-04 
 7.95000e+01  3.81936e-04 
 8.00000e+01  3.73704e-04 
 8.05000e+01  3.92544e-04 
 8.10000e+01  3.95832e-04 
 8.15000e+01  3.83880e-04 
 8.20000e+01  3.82144e-04 
 8.25000e+01  4.01480e-04 
 8.30000e+01  4.29296e-04 
 8.35000e+01  4.46592e-04 
 8.40000e+01  4.41464e-04 
 8.45000e+01  4.43576e-04 
 8.50000e+01  4.37680e-04 
 8.55000e+01  4.31672e-04 
 8.60000e+01  4.48568e-04 
 8.65000e+01  4.72960e-04 
 8.70000e+01  4.55288e-04 
 8.75000e+01  4.83672e-04 
 8.80000e+01  5.02728e-04 
 8.85000e+01  5.46976e-04 
 8.90000e+01  5.01560e-04 
 8.95000e+01  4.94968e-04 
 9.00000e+01  4.81016e-04 
 9.05000e+01  4.88248e-04 
 9.10000e+01  5.23440e-04 
 9.15000e+01  5.16288e-04 
 9.20000e+01  5.13992e-04 
 9.25000e+01  5.42528e-04 
 9.30000e+01  5.66496e-04 
 9.35000e+01  5.41256e-04 
 9.40000e+01  5.62440e-04 
 9.45000e+01  5.85648e-04 
 9.50000e+01  6.27640e-04 
 9.55000e+01  5.77560e-04 
 9.60000e+01  5.85776e-04 
 9.65000e+01  5.97856e-04 
 9.70000e+01  5.69248e-04 
 9.75000e+01  5.49472e-04 
 9.80000e+01  6.27456e-04 
 9.85000e+01  6.57272e-04 
 9.90000e+01  6.95464e-04 
 9.95000e+01  6.50152e-04 
 1.00000e+02  6.78600e-04 
 1.00500e+02  6.86312e-04 
 1.01000e+02  7.07584e-04 
 1.01500e+02  7.38152e-04 
 1.02000e+02  7.33872e-04 
 1.02500e+02  7.75984e-04 
 1.03000e+02  7.95536e-04 
 1.03500e+02  7.27232e-04 
 1.04000e+02  7.57992e-04 
 1.04500e+02  8.89128e-04 
 1.05000e+02  9.44680e-04 
 1.05500e+02  9.61224e-04 
 1.06000e+02  9.50288e-04 
 1.06500e+02  1.03782e-03 
 1.07000e+02  1.08503e-03 
 1.07500e+02  1.07864e-03 
 1.08000e+02  1.08694e-03 
 1.08500e+02  1.05305e-03 
 1.09000e+02  1.22715e-03 
 1.09500e+02  1.21294e-03 
 1.10000e+02  1.51940e-03 
 1.10500e+02  1.41700e-03 
 1.11000e+02  1.51093e-03 
 1.11500e+02  1.63555e-03 
 1.12000e+02  1.84794e-03 
 1.12500e+02  1.99439e-03 
 1.13000e+02  2.00306e-03 
 1.13500e+02  2.02863e-03 
 1.14000e+02  2.16552e-03 
 1.14500e+02  2.22591e-03 
 1.15000e+02  2.27700e-03 
 1.15500e+02  2.72741e-03 
 1.16000e+02  2.98851e-03 
 1.16500e+02  3.15219e-03 
 1.17000e+02  3.23762e-03 
 1.17500e+02  3.45760e-03 
 1.18000e+02  3.44836e-03 
 1.18500e+02  3.89445e-03 
 1.19000e+02  4.07868e-03 
 1.19500e+02  4.40908e-03 
 1.20000e+02  4.36172e-03 
 1.20500e+02  4.74562e-03 
 1.21000e+02  4.85177e-03 
 1.21500e+02  4.93586e-03 
 1.22000e+02  5.02711e-03 
 1.22500e+02  5.25570e-03 
 1.23000e+02  5.32905e-03 
 1.23500e+02  5.48083e-03 
 1.24000e+02  5.84402e-03 
 1.24500e+02  6.13926e-03 
 1.25000e+02  5.90424e-03 
 1.25500e+02  5.85108e-03 
 1.26000e+02  6.00411e-03 
 1.26500e+02  6.19043e-03 
 1.27000e+02  6.22621e-03 
 1.27500e+02  6.67485e-03 
 1.28000e+02  6.95755e-03 
 1.28500e+02  7.12646e-03 
 1.29000e+02  7.15814e-03 
 1.29500e+02  7.33974e-03 
 1.30000e+02  7.52702e-03 
 1.30500e+02  7.77958e-03 
 1.31000e+02  7.69860e-03 
 1.31500e+02  7.79822e-03 
 1.32000e+02  7.48329e-03 
 1.32500e+02  7.68394e-03 
 1.33000e+02  7.69016e-03 
 1.33500e+02  7.48757e-03 
 1.34000e+02  7.83174e-03 
 1.34500e+02  7.77031e-03 
 1.35000e+02  7.40298e-03 
 1.35500e+02  7.52521e-03 
 1.36000e+02  7.80232e-03 
 1.36500e+02  8.49567e-03 
 1.37000e+02  8.14078e-03 
 1.37500e+02  8.36706e-03 
 1.38000e+02  8.33627e-03 
 1.38500e+02  8.57471e-03 
 1.39000e+02  8.73827e-03 
 1.39500e+02  8.70811e-03 
 1.40000e+02  8.68951e-03 
 1.40500e+02  8.66122e-03 
 1.41000e+02  8.45724e-03 
 1.41500e+02  8.87002e-03 
 1.42000e+02  8.74083e-03 
 1.42500e+02  9.19061e-03 
 1.43000e+02  9.06310e-03 
 1.43500e+02  9.24771e-03 
 1.44000e+02  9.23640e-03 
 1.44500e+02  9.15798e-03 
 1.45000e+02  9.20033e-03 
 1.45500e+02  9.59514e-03 
 1.46000e+02  9.48901e-03 
 1.46500e+02  8.80043e-03 
 1.47000e+02  9.08774e-03 
 1.47500e+02  9.18086e-03 
 1.48000e+02  9.16359e-03 
 1.48500e+02  8.67986e-03 
 1.49000e+02  8.58530e-03 
 1.49500e+02  9.08792e-03 
 1.50000e+02  9.07695e-03 
 1.50500e+02  9.38587e-03 
 1.51000e+02  9.38598e-03 
 1.51500e+02  9.33150e-03 
 1.52000e+02  9.93218e-03 
 1.52500e+02  9.90507e-03 
 1.53000e+02  9.82846e-03 
 1.53500e+02  1.00711e-02 
 1.54000e+02  1.00235e-02 
 1.54500e+02  9.80653e-03 
 1.55000e+02  9.62970e-03 
 1.55500e+02  9.72556e-03 
 1.56000e+02  9.70364e-03 
 1.56500e+02  9.70296e-03 
 1.57000e+02  9.67308e-03 
 1.57500e+02  9.55222e-03 
 1.58000e+02  9.43431e-03 
 1.58500e+02  9.22350e-03 
 1.59000e+02  9.67720e-03 
 1.59500e+02  9.30837e-03 
 1.60000e+02  9.23610e-03 
 1.60500e+02  9.40182e-03 
 1.61000e+02  9.31308e-03 
 1.61500e+02  9.37771e-03 
 1.62000e+02  9.33496e-03 
 1.62500e+02  9.30690e-03 
 1.63000e+02  9.19159e-03 
 1.63500e+02  8.71792e-03 
 1.64000e+02  8.36590e-03 
 1.64500e+02  8.30314e-03 
 1.65000e+02  8.89746e-03 
 1.65500e+02  8.97887e-03 
 1.66000e+02  9.46166e-03 
 1.66500e+02  9.48066e-03 
 1.67000e+02  9.14085e-03 
 1.67500e+02  8.89297e-03 
 1.68000e+02  8.90922e-03 
 1.68500e+02  9.17206e-03 
 1.69000e+02  9.03909e-03 
 1.69500e+02  8.74458e-03 
 1.70000e+02  8.95142e-03 
 1.70500e+02  8.69454e-03 
 1.71000e+02  8.53872e-03 
 1.71500e+02  8.57562e-03 
 1.72000e+02  8.54592e-03 
 1.72500e+02  8.51643e-03 
 1.73000e+02  8.40002e-03 
 1.73500e+02  8.13130e-03 
 1.74000e+02  8.01138e-03 
 1.74500e+02  8.18716e-03 
 1.75000e+02  8.41213e-03 
 1.75500e+02  8.69527e-03 
 1.76000e+02  8.37266e-03 
 1.76500e+02  8.37304e-03 
 1.77000e+02  8.06649e-03 
 1.77500e+02  8.60930e-03 
 1.78000e+02  8.50934e-03 
 1.78500e+02  8.19514e-03 
 1.79000e+02  8.24982e-03 
 1.79500e+02  8.33528e-03 
 1.80000e+02  7.90788e-03 
 1.80500e+02  7.96898e-03 
 1.81000e+02  8.03217e-03 
 1.81500e+02  7.85926e-03 
 1.82000e+02  8.15037e-03 
 1.82500e+02  8.39450e-03 
 1.83000e+02  8.15944e-03 
 1.83500e+02  8.23595e-03 
 1.84000e+02  8.13573e-03 
 1.84500e+02  8.00586e-03 
 1.85000e+02  7.70930e-03 
 1.85500e+02  7.64656e-03 
 1.86000e+02  7.13070e-03 
 1.86500e+02  7.19626e-03 
 1.87000e+02  7.07588e-03 
 1.87500e+02  7.15858e-03 
 1.88000e+02  6.95757e-03 
 1.88500e+02  7.09994e-03 
 1.89000e+02  7.06742e-03 
 1.89500e+02  6.55552e-03 
 1.90000e+02  6.34026e-03 
 1.90500e+02  6.31505e-03 
 1.91000e+02  6.30590e-03 
 1.91500e+02  6.11096e-03 
 1.92000e+02  5.91457e-03 
 1.92500e+02  5.63663e-03 
 1.93000e+02  5.68170e-03 
 1.93500e+02  5.75666e-03 
 1.94000e+02  5.46370e-03 
 1.94500e+02  5.46254e-03 
 1.95000e+02  5.22013e-03 
 1.95500e+02  4.95838e-03 
 1.96000e+02  5.02586e-03 
 1.96500e+02  5.27191e-03 
 1.97000e+02  5.06638e-03 
 1.97500e+02  4.81433e-03 
 1.98000e+02  4.37882e-03 
 1.98500e+02  4.05287e-03 
 1.99000e+02  3.97158e-03 
 1.99500e+02  4.12445e-03 
 2.00000e+02  3.78639e-03 
 2.00500e+02  3.62046e-03 
 2.01000e+02  3.49584e-03 
 2.01500e+02  3.47446e-03 
 2.02000e+02  3.32284e-03 
 2.02500e+02  3.06101e-03 
 2.03000e+02  2.98134e-03 
 2.03500e+02  2.73715e-03 
 2.04000e+02  2.41959e-03 
 2.04500e+02  2.35363e-03 
 2.05000e+02  2.44276e-03 
 2.05500e+02  2.56442e-03 
 2.06000e+02  2.34589e-03 
 2.06500e+02  2.25192e-03 
 2.07000e+02  2.19191e-03 
 2.07500e+02  2.10485e-03 
 2.08000e+02  1.86751e-03 
 2.08500e+02  1.63591e-03 
 2.09000e+02  1.47498e-03 
 2.09500e+02  1.36678e-03 
 2.10000e+02  1.28410e-03 
 2.10500e+02  1.21678e-03 
 2.11000e+02  1.16281e-03 
 2.11500e+02  1.20489e-03 
 2.12000e+02  1.06565e-03 
 2.12500e+02  9.54128e-04 
 2.13000e+02  9.13312e-04 
 2.13500e+02  8.84952e-04 
 2.14000e+02  8.78864e-04 
 2.14500e+02  8.36664e-04 
 2.15000e+02  8.24960e-04 
 2.15500e+02  8.56264e-04 
 2.16000e+02  8.13624e-04 
 2.16500e+02  7.56128e-04 
 2.17000e+02  7.39560e-04 
 2.17500e+02  7.47400e-04 
 2.18000e+02  7.47208e-04 
 2.18500e+02  7.56888e-04 
 2.19000e+02  7.37272e-04 
 2.19500e+02  7.08144e-04 
 2.20000e+02  6.88880e-04 
 2.20500e+02  7.10800e-04 
 2.21000e+02  7.03384e-04 
 2.21500e+02  6.82768e-04 
 2.22000e+02  6.92136e-04 
 2.22500e+02  6.50712e-04 
 2.23000e+02  6.39336e-04 
 2.23500e+02  6.39832e-04 
 2.24000e+02  6.79176e-04 
 2.24500e+02  6.89320e-04 
 2.25000e+02  6.18176e-04 
 2.25500e+02  6.11904e-04 
 2.26000e+02  5.95856e-04 
 2.26500e+02  5.98880e-04 
 2.27000e+02  6.00232e-04 
 2.27500e+02  6.00848e-04 
 2.28000e+02  5.67368e-04 
 2.28500e+02  5.70712e-04 
 2.29000e+02  5.42392e-04 
 2.29500e+02  5.48712e-04 
 2.30000e+02  5.32608e-04 
 2.30500e+02  5.38056e-04 
 2.31000e+02  5.47704e-04 
 2.31500e+02  5.56472e-04 
 2.32000e+02  5.42232e-04 
 2.32500e+02  5.77568e-04 
 2.33000e+02  5.30528e-04 
 2.33500e+02  5.39152e-04 
 2.34000e+02  5.46016e-04 
 2.34500e+02  5.48640e-04 
 2.35000e+02  4.98248e-04 
 2.35500e+02  5.14136e-04 
 2.36000e+02  4.94976e-04 
 2.36500e+02  4.94344e-04 
 2.37000e+02  5.36816e-04 
 2.37500e+02  5.19064e-04 
 2.38000e+02  5.04032e-04 
 2.38500e+02  4.69832e-04 
 2.39000e+02  4.76816e-04 
 2.39500e+02  4.92712e-04 
 2.40000e+02  4.95776e-04 
 2.40500e+02  4.62408e-04 
 2.41000e+02  4.37208e-04 
 2.41500e+02  4.26760e-04 
 2.42000e+02  4.20192e-04 
 2.42500e+02  3.94112e-04 
 2.43000e+02  4.21360e-04 
 2.43500e+02  4.01456e-04 
 2.44000e+02  3.99280e-04 
 2.44500e+02  4.17496e-04 
 2.45000e+02  4.02408e-04 
 2.45500e+02  3.78536e-04 
 2.46000e+02  3.90192e-04 
 2.46500e+02  3.99328e-04 
 2.47000e+02  3.74064e-04 
 2.47500e+02  3.51768e-04 
 2.48000e+02  3.54216e-04 
 2.48500e+02  3.39064e-04 
 2.49000e+02  3.25008e-04 
 2.49500e+02  3.23632e-04 
 2.50000e+02  3.23128e-04 
 2.50500e+02  2.84288e-04 
 2.51000e+02  2.89792e-04 
 2.51500e+02  2.75520e-04 
 2.52000e+02  2.72928e-04 
 2.52500e+02  2.77136e-04 
 2.53000e+02  2.67592e-04 
 2.53500e+02  2.52248e-04 
 2.54000e+02  2.45920e-04 
 2.54500e+02  2.35304e-04 
 2.55000e+02  2.42848e-04 
 2.55500e+02  2.39752e-04 
 2.56000e+02  2.30096e-04 
 2.56500e+02  2.37288e-04 
 2.57000e+02  2.37784e-04 
 2.57500e+02  2.49032e-04 
 2.58000e+02  2.43408e-04 
 2.58500e+02  2.34496e-04 
 2.59000e+02  2.38416e-04 
 2.59500e+02  2.49656e-04 
 2.60000e+02  2.44832e-04 
 2.60500e+02  2.29048e-04 
 2.61000e+02  2.40928e-04 
 2.61500e+02  2.38896e-04 
 2.62000e+02  2.43288e-04 
 2.62500e+02  2.37040e-04 
 2.63000e+02  2.42696e-04 
 2.63500e+02  2.54536e-04 
 2.64000e+02  2.50464e-04 
 2.64500e+02  2.60528e-04 
 2.65000e+02  2.66248e-04 
 2.65500e+02  2.80952e-04 
 2.66000e+02  2.78792e-04 
 2.66500e+02  2.91928e-04 
 2.67000e+02  3.16464e-04 
 2.67500e+02  3.13392e-04 
 2.68000e+02  3.13176e-04 
 2.68500e+02  3.27264e-04 
 2.69000e+02  3.31448e-04 
 2.69500e+02  2.71512e-04 
 2.70000e+02  2.38184e-04 
 2.70500e+02  2.09872e-04 
 2.71000e+02  1.54016e-04 
 2.71500e+02  1.30832e-04 
 2.72000e+02  1.06624e-04 
 2.72500e+02  9.75760e-05 
 2.73000e+02  9.55840e-05 
 2.73500e+02  9.08560e-05 
 2.74000e+02  9.52720e-05 
 2.74500e+02  9.55120e-05 
 2.75000e+02  8.96400e-05 
 2.75500e+02  8.70240e-05 
 2.76000e+02  8.08400e-05 
 2.76500e+02  8.33680e-05 
 2.77000e+02  8.92720e-05 
 2.77500e+02  8.26240e-05 
 2.78000e+02  8.39760e-05 
 2.78500e+02  8.12000e-05 
 2.79000e+02  8.20560e-05 
 2.79500e+02  7.89840e-05 
 2.80000e+02  7.92720e-05 
 2.80500e+02  7.51200e-05 
 2.81000e+02  7.50080e-05 
 2.81500e+02  7.73840e-05 
 2.82000e+02  7.90400e-05 
 2.82500e+02  7.97760e-05 
 2.83000e+02  7.57360e-05 
 2.83500e+02  7.83760e-05 
 2.84000e+02  7.49760e-05 
 2.84500e+02  7.40960e-05 
 2.85000e+02  7.44880e-05 
 2.85500e+02  7.51760e-05 
 2.86000e+02  7.29120e-05 
 2.86500e+02  7.41840e-05 
 2.87000e+02  7.81040e-05 
 2.87500e+02  7.81680e-05 
 2.88000e+02  7.37520e-05 
 2.88500e+02  7.19520e-05 
 2.89000e+02  7.40560e-05 
 2.89500e+02  7.80320e-05 
 2.90000e+02  8.04080e-05 
 2.90500e+02  7.67600e-05 
 2.91000e+02  7.76320e-05 
 2.91500e+02  7.85760e-05 
 2.92000e+02  7.76800e-05 
 2.92500e+02  7.49520e-05 
 2.93000e+02  7.79920e-05 
 2.93500e+02  7.79680e-05 
 2.94000e+02  7.82160e-05 
 2.94500e+02  7.81520e-05 
 2.95000e+02  7.73120e-05 
 2.95500e+02  7.58640e-05 
 2.96000e+02  8.08640e-05 
 2.96500e+02  8.04400e-05 
 2.97000e+02  8.01200e-05 
 2.97500e+02  8.30640e-05 
 2.98000e+02  8.56240e-05 
 2.98500e+02  7.88480e-05 
 2.99000e+02  7.89680e-05 
 2.99500e+02  8.03520e-05 
 3.00000e+02  8.06400e-05 
 3.00500e+02  8.18320e-05 
 3.01000e+02  8.06000e-05 
 3.01500e+02  8.54960e-05 
 3.02000e+02  8.31520e-05 
 3.02500e+02  8.63040e-05 
 3.03000e+02  8.78320e-05 
 3.03500e+02  8.73840e-05 
 3.04000e+02  8.62640e-05 
 3.04500e+02  8.65520e-05 
 3.05000e+02  8.58960e-05 
 3.05500e+02  8.90640e-05 
 3.06000e+02  9.35040e-05 
 3.06500e+02  1.00376e-04 
 3.07000e+02  9.53680e-05 
 3.07500e+02  9.73840e-05 
 3.08000e+02  9.88640e-05 
 3.08500e+02  9.79920e-05 
 3.09000e+02  9.95920e-05 
 3.09500e+02  1.04792e-04 
 3.10000e+02  1.03040e-04 
 3.10500e+02  1.07952e-04 
 3.11000e+02  1.05904e-04 
 3.11500e+02  1.12088e-04 
 3.12000e+02  1.15600e-04 
 3.12500e+02  1.21872e-04 
 3.13000e+02  1.21544e-04 
 3.13500e+02  1.26208e-04 
 3.14000e+02  1.28680e-04 
 3.14500e+02  1.34544e-04 
 3.15000e+02  1.38376e-04 
 3.15500e+02  1.47360e-04 
 3.16000e+02  1.57600e-04 
 3.16500e+02  1.70912e-04 
 3.17000e+02  1.82696e-04 
 3.17500e+02  2.05528e-04 
 3.18000e+02  2.25440e-04 
 3.18500e+02  2.68528e-04 
 3.19000e+02  3.47312e-04 
 3.19500e+02  7.51120e-04 
