 0.00000e+00  1.35688e-04 
 5.00000e-01  1.63144e-04 
 1.00000e+00  1.34632e-04 
 1.50000e+00  1.06760e-04 
 2.00000e+00  9.35840e-05 
 2.50000e+00  8.18800e-05 
 3.00000e+00  7.52000e-05 
 3.50000e+00  7.01200e-05 
 4.00000e+00  6.57440e-05 
 4.50000e+00  6.25040e-05 
 5.00000e+00  6.03360e-05 
 5.50000e+00  5.74240e-05 
 6.00000e+00  5.55440e-05 
 6.50000e+00  5.32960e-05 
 7.00000e+00  5.30080e-05 
 7.50000e+00  5.18880e-05 
 8.00000e+00  4.93040e-05 
 8.50000e+00  4.97840e-05 
 9.00000e+00  5.10160e-05 
 9.50000e+00  4.90320e-05 
 1.00000e+01  4.66400e-05 
 1.05000e+01  4.54480e-05 
 1.10000e+01  4.47200e-05 
 1.15000e+01  4.80080e-05 
 1.20000e+01  4.73760e-05 
 1.25000e+01  4.58400e-05 
 1.30000e+01  4.41280e-05 
 1.35000e+01  4.52720e-05 
 1.40000e+01  4.22640e-05 
 1.45000e+01  4.11440e-05 
 1.50000e+01  4.29360e-05 
 1.55000e+01  4.08400e-05 
 1.60000e+01  4.30080e-05 
 1.65000e+01  4.03040e-05 
 1.70000e+01  3.90560e-05 
 1.75000e+01  4.00560e-05 
 1.80000e+01  4.02000e-05 
 1.85000e+01  3.88000e-05 
 1.90000e+01  4.02160e-05 
 1.95000e+01  4.11840e-05 
 2.00000e+01  4.05120e-05 
 2.05000e+01  3.85920e-05 
 2.10000e+01  3.86400e-05 
 2.15000e+01  3.88560e-05 
 2.20000e+01  3.91120e-05 
 2.25000e+01  3.87520e-05 
 2.30000e+01  3.85040e-05 
 2.35000e+01  4.21120e-05 
 2.40000e+01  4.21680e-05 
 2.45000e+01  4.07680e-05 
 2.50000e+01  4.49520e-05 
 2.55000e+01  4.59680e-05 
 2.60000e+01  4.24240e-05 
 2.65000e+01  4.03920e-05 
 2.70000e+01  4.11120e-05 
 2.75000e+01  4.23440e-05 
 2.80000e+01  4.38160e-05 
 2.85000e+01  4.43440e-05 
 2.90000e+01  4.50320e-05 
 2.95000e+01  4.50640e-05 
 3.00000e+01  4.46880e-05 
 3.05000e+01  4.44160e-05 
 3.10000e+01  4.38960e-05 
 3.15000e+01  4.78160e-05 
 3.20000e+01  4.53040e-05 
 3.25000e+01  4.93760e-05 
 3.30000e+01  4.91280e-05 
 3.35000e+01  4.56000e-05 
 3.40000e+01  4.40000e-05 
 3.45000e+01  4.77760e-05 
 3.50000e+01  4.53760e-05 
 3.55000e+01  4.35760e-05 
 3.60000e+01  4.42080e-05 
 3.65000e+01  4.49760e-05 
 3.70000e+01  4.44000e-05 
 3.75000e+01  4.84960e-05 
 3.80000e+01  4.75840e-05 
 3.85000e+01  4.91040e-05 
 3.90000e+01  4.67120e-05 
 3.95000e+01  4.47200e-05 
 4.00000e+01  5.08080e-05 
 4.05000e+01  5.09040e-05 
 4.10000e+01  5.27600e-05 
 4.15000e+01  5.15200e-05 
 4.20000e+01  5.24400e-05 
 4.25000e+01  5.18480e-05 
 4.30000e+01  5.15360e-05 
 4.35000e+01  5.92240e-05 
 4.40000e+01  5.99520e-05 
 4.45000e+01  5.47280e-05 
 4.50000e+01  5.56800e-05 
 4.55000e+01  5.69840e-05 
 4.60000e+01  5.74560e-05 
 4.65000e+01  6.41120e-05 
 4.70000e+01  8.95840e-05 
 4.75000e+01  9.97280e-05 
 4.80000e+01  1.21136e-04 
 4.85000e+01  1.46992e-04 
 4.90000e+01  1.77112e-04 
 4.95000e+01  1.82904e-04 
 5.00000e+01  1.78128e-04 
 5.05000e+01  1.76168e-04 
 5.10000e+01  1.72952e-04 
 5.15000e+01  1.63408e-04 
 5.20000e+01  1.60672e-04 
 5.25000e+01  1.59320e-04 
 5.30000e+01  1.59216e-04 
 5.35000e+01  1.58936e-04 
 5.40000e+01  1.59456e-04 
 5.45000e+01  1.53392e-04 
 5.50000e+01  1.56408e-04 
 5.55000e+01  1.61960e-04 
 5.60000e+01  1.53048e-04 
 5.65000e+01  1.49864e-04 
 5.70000e+01  1.55592e-04 
 5.75000e+01  1.55848e-04 
 5.80000e+01  1.54888e-04 
 5.85000e+01  1.57224e-04 
 5.90000e+01  1.48312e-04 
 5.95000e+01  1.56304e-04 
 6.00000e+01  1.74544e-04 
 6.05000e+01  1.63008e-04 
 6.10000e+01  1.61936e-04 
 6.15000e+01  1.77768e-04 
 6.20000e+01  1.76400e-04 
 6.25000e+01  1.84432e-04 
 6.30000e+01  1.95952e-04 
 6.35000e+01  2.03440e-04 
 6.40000e+01  2.01912e-04 
 6.45000e+01  1.97504e-04 
 6.50000e+01  2.00168e-04 
 6.55000e+01  2.27848e-04 
 6.60000e+01  2.35024e-04 
 6.65000e+01  2.35216e-04 
 6.70000e+01  2.31928e-04 
 6.75000e+01  2.43592e-04 
 6.80000e+01  2.52264e-04 
 6.85000e+01  2.59376e-04 
 6.90000e+01  2.62816e-04 
 6.95000e+01  2.66648e-04 
 7.00000e+01  2.60624e-04 
 7.05000e+01  2.98968e-04 
 7.10000e+01  3.23936e-04 
 7.15000e+01  3.18248e-04 
 7.20000e+01  3.07264e-04 
 7.25000e+01  3.12520e-04 
 7.30000e+01  3.15080e-04 
 7.35000e+01  3.49560e-04 
 7.40000e+01  3.53592e-04 
 7.45000e+01  3.51040e-04 
 7.50000e+01  3.79888e-04 
 7.55000e+01  3.76352e-04 
 7.60000e+01  3.91136e-04 
 7.65000e+01  3.77480e-04 
 7.70000e+01  3.95624e-04 
 7.75000e+01  4.17592e-04 
 7.80000e+01  4.17648e-04 
 7.85000e+01  3.94344e-04 
 7.90000e+01  4.45240e-04 
 7.95000e+01  4.64864e-04 
 8.00000e+01  4.76880e-04 
 8.05000e+01  4.77016e-04 
 8.10000e+01  4.93616e-04 
 8.15000e+01  4.88128e-04 
 8.20000e+01  5.18112e-04 
 8.25000e+01  4.98816e-04 
 8.30000e+01  5.05808e-04 
 8.35000e+01  5.12920e-04 
 8.40000e+01  5.40112e-04 
 8.45000e+01  5.71776e-04 
 8.50000e+01  5.69032e-04 
 8.55000e+01  5.47680e-04 
 8.60000e+01  5.24872e-04 
 8.65000e+01  5.10224e-04 
 8.70000e+01  5.51528e-04 
 8.75000e+01  5.35552e-04 
 8.80000e+01  5.71984e-04 
 8.85000e+01  6.18344e-04 
 8.90000e+01  6.43512e-04 
 8.95000e+01  6.34568e-04 
 9.00000e+01  6.63024e-04 
 9.05000e+01  6.53320e-04 
 9.10000e+01  6.47568e-04 
 9.15000e+01  6.56912e-04 
 9.20000e+01  6.22520e-04 
 9.25000e+01  6.14616e-04 
 9.30000e+01  6.59312e-04 
 9.35000e+01  6.65640e-04 
 9.40000e+01  6.65736e-04 
 9.45000e+01  6.22176e-04 
 9.50000e+01  6.38016e-04 
 9.55000e+01  6.12872e-04 
 9.60000e+01  6.49056e-04 
 9.65000e+01  6.83896e-04 
 9.70000e+01  6.64376e-04 
 9.75000e+01  6.61544e-04 
 9.80000e+01  6.84064e-04 
 9.85000e+01  6.52992e-04 
 9.90000e+01  6.41144e-04 
 9.95000e+01  6.64496e-04 
 1.00000e+02  6.97704e-04 
 1.00500e+02  7.34784e-04 
 1.01000e+02  7.31680e-04 
 1.01500e+02  7.17080e-04 
 1.02000e+02  7.06896e-04 
 1.02500e+02  6.78248e-04 
 1.03000e+02  6.64904e-04 
 1.03500e+02  7.04728e-04 
 1.04000e+02  6.85576e-04 
 1.04500e+02  7.92776e-04 
 1.05000e+02  8.86656e-04 
 1.05500e+02  9.07320e-04 
 1.06000e+02  9.52640e-04 
 1.06500e+02  1.04426e-03 
 1.07000e+02  1.05294e-03 
 1.07500e+02  1.06508e-03 
 1.08000e+02  1.16015e-03 
 1.08500e+02  1.31899e-03 
 1.09000e+02  1.45040e-03 
 1.09500e+02  1.45064e-03 
 1.10000e+02  1.54363e-03 
 1.10500e+02  1.53163e-03 
 1.11000e+02  1.60636e-03 
 1.11500e+02  1.59474e-03 
 1.12000e+02  1.80637e-03 
 1.12500e+02  1.81533e-03 
 1.13000e+02  2.00046e-03 
 1.13500e+02  2.26393e-03 
 1.14000e+02  2.59028e-03 
 1.14500e+02  2.64658e-03 
 1.15000e+02  2.68591e-03 
 1.15500e+02  3.10566e-03 
 1.16000e+02  3.41718e-03 
 1.16500e+02  3.55823e-03 
 1.17000e+02  3.68753e-03 
 1.17500e+02  3.81619e-03 
 1.18000e+02  4.04222e-03 
 1.18500e+02  4.04738e-03 
 1.19000e+02  4.21861e-03 
 1.19500e+02  4.36778e-03 
 1.20000e+02  4.77850e-03 
 1.20500e+02  4.84921e-03 
 1.21000e+02  4.99399e-03 
 1.21500e+02  5.13380e-03 
 1.22000e+02  5.27942e-03 
 1.22500e+02  5.36002e-03 
 1.23000e+02  5.42780e-03 
 1.23500e+02  5.23285e-03 
 1.24000e+02  5.43689e-03 
 1.24500e+02  5.58311e-03 
 1.25000e+02  5.70972e-03 
 1.25500e+02  5.72082e-03 
 1.26000e+02  5.98250e-03 
 1.26500e+02  6.24079e-03 
 1.27000e+02  6.34450e-03 
 1.27500e+02  6.42584e-03 
 1.28000e+02  6.42212e-03 
 1.28500e+02  6.45351e-03 
 1.29000e+02  6.96605e-03 
 1.29500e+02  6.62930e-03 
 1.30000e+02  6.53675e-03 
 1.30500e+02  6.99474e-03 
 1.31000e+02  6.94114e-03 
 1.31500e+02  6.89825e-03 
 1.32000e+02  7.02183e-03 
 1.32500e+02  7.09962e-03 
 1.33000e+02  7.12050e-03 
 1.33500e+02  7.00098e-03 
 1.34000e+02  7.18241e-03 
 1.34500e+02  7.99004e-03 
 1.35000e+02  8.19505e-03 
 1.35500e+02  7.93754e-03 
 1.36000e+02  7.87074e-03 
 1.36500e+02  7.51573e-03 
 1.37000e+02  7.76475e-03 
 1.37500e+02  7.81523e-03 
 1.38000e+02  8.21614e-03 
 1.38500e+02  8.56397e-03 
 1.39000e+02  8.51964e-03 
 1.39500e+02  8.17825e-03 
 1.40000e+02  8.18505e-03 
 1.40500e+02  8.36299e-03 
 1.41000e+02  8.47226e-03 
 1.41500e+02  8.10033e-03 
 1.42000e+02  8.14590e-03 
 1.42500e+02  8.35625e-03 
 1.43000e+02  8.68513e-03 
 1.43500e+02  8.37752e-03 
 1.44000e+02  8.54764e-03 
 1.44500e+02  8.61408e-03 
 1.45000e+02  8.88238e-03 
 1.45500e+02  8.91268e-03 
 1.46000e+02  9.16767e-03 
 1.46500e+02  9.00285e-03 
 1.47000e+02  9.32290e-03 
 1.47500e+02  9.38324e-03 
 1.48000e+02  9.35762e-03 
 1.48500e+02  9.51769e-03 
 1.49000e+02  9.59237e-03 
 1.49500e+02  9.75273e-03 
 1.50000e+02  9.54570e-03 
 1.50500e+02  9.44253e-03 
 1.51000e+02  9.71232e-03 
 1.51500e+02  9.68267e-03 
 1.52000e+02  9.64244e-03 
 1.52500e+02  9.55675e-03 
 1.53000e+02  1.00166e-02 
 1.53500e+02  9.62629e-03 
 1.54000e+02  9.78115e-03 
 1.54500e+02  9.89880e-03 
 1.55000e+02  9.47046e-03 
 1.55500e+02  9.71139e-03 
 1.56000e+02  9.71542e-03 
 1.56500e+02  9.61827e-03 
 1.57000e+02  9.57021e-03 
 1.57500e+02  9.42110e-03 
 1.58000e+02  1.00419e-02 
 1.58500e+02  9.61532e-03 
 1.59000e+02  9.27019e-03 
 1.59500e+02  9.01096e-03 
 1.60000e+02  9.28087e-03 
 1.60500e+02  9.49851e-03 
 1.61000e+02  9.19928e-03 
 1.61500e+02  9.26320e-03 
 1.62000e+02  9.11134e-03 
 1.62500e+02  8.81399e-03 
 1.63000e+02  8.91963e-03 
 1.63500e+02  8.73280e-03 
 1.64000e+02  9.09037e-03 
 1.64500e+02  9.52958e-03 
 1.65000e+02  9.84291e-03 
 1.65500e+02  9.29881e-03 
 1.66000e+02  9.40531e-03 
 1.66500e+02  9.19041e-03 
 1.67000e+02  8.75754e-03 
 1.67500e+02  8.77084e-03 
 1.68000e+02  9.16302e-03 
 1.68500e+02  9.26139e-03 
 1.69000e+02  9.03359e-03 
 1.69500e+02  9.16862e-03 
 1.70000e+02  9.04970e-03 
 1.70500e+02  9.15340e-03 
 1.71000e+02  9.12552e-03 
 1.71500e+02  8.96793e-03 
 1.72000e+02  9.01145e-03 
 1.72500e+02  9.34473e-03 
 1.73000e+02  9.12541e-03 
 1.73500e+02  9.00082e-03 
 1.74000e+02  9.20914e-03 
 1.74500e+02  9.42676e-03 
 1.75000e+02  9.35359e-03 
 1.75500e+02  9.59642e-03 
 1.76000e+02  9.46997e-03 
 1.76500e+02  8.93366e-03 
 1.77000e+02  9.15760e-03 
 1.77500e+02  9.15015e-03 
 1.78000e+02  9.00874e-03 
 1.78500e+02  8.70293e-03 
 1.79000e+02  8.34923e-03 
 1.79500e+02  8.62500e-03 
 1.80000e+02  8.46216e-03 
 1.80500e+02  8.20670e-03 
 1.81000e+02  8.37446e-03 
 1.81500e+02  8.42463e-03 
 1.82000e+02  8.36392e-03 
 1.82500e+02  8.03995e-03 
 1.83000e+02  7.52948e-03 
 1.83500e+02  7.71807e-03 
 1.84000e+02  7.32355e-03 
 1.84500e+02  7.26178e-03 
 1.85000e+02  7.03974e-03 
 1.85500e+02  7.54446e-03 
 1.86000e+02  7.68698e-03 
 1.86500e+02  7.35648e-03 
 1.87000e+02  6.91016e-03 
 1.87500e+02  6.93444e-03 
 1.88000e+02  6.92971e-03 
 1.88500e+02  6.77083e-03 
 1.89000e+02  6.69126e-03 
 1.89500e+02  6.83439e-03 
 1.90000e+02  6.51046e-03 
 1.90500e+02  6.42142e-03 
 1.91000e+02  6.49290e-03 
 1.91500e+02  6.37068e-03 
 1.92000e+02  6.04429e-03 
 1.92500e+02  6.11531e-03 
 1.93000e+02  6.40712e-03 
 1.93500e+02  5.90346e-03 
 1.94000e+02  5.20925e-03 
 1.94500e+02  5.39934e-03 
 1.95000e+02  5.06642e-03 
 1.95500e+02  4.81558e-03 
 1.96000e+02  4.77940e-03 
 1.96500e+02  4.78301e-03 
 1.97000e+02  4.55381e-03 
 1.97500e+02  4.49094e-03 
 1.98000e+02  4.30104e-03 
 1.98500e+02  4.25423e-03 
 1.99000e+02  4.27985e-03 
 1.99500e+02  4.03150e-03 
 2.00000e+02  3.83445e-03 
 2.00500e+02  3.78796e-03 
 2.01000e+02  3.41122e-03 
 2.01500e+02  3.31243e-03 
 2.02000e+02  3.28922e-03 
 2.02500e+02  2.70498e-03 
 2.03000e+02  2.43373e-03 
 2.03500e+02  2.41706e-03 
 2.04000e+02  2.37834e-03 
 2.04500e+02  2.15676e-03 
 2.05000e+02  1.92262e-03 
 2.05500e+02  1.73463e-03 
 2.06000e+02  1.67968e-03 
 2.06500e+02  1.59615e-03 
 2.07000e+02  1.38191e-03 
 2.07500e+02  1.29743e-03 
 2.08000e+02  1.24133e-03 
 2.08500e+02  1.23033e-03 
 2.09000e+02  1.14983e-03 
 2.09500e+02  1.09968e-03 
 2.10000e+02  1.08410e-03 
 2.10500e+02  1.00062e-03 
 2.11000e+02  1.00442e-03 
 2.11500e+02  1.04127e-03 
 2.12000e+02  9.96352e-04 
 2.12500e+02  9.12576e-04 
 2.13000e+02  8.93536e-04 
 2.13500e+02  8.25720e-04 
 2.14000e+02  7.99416e-04 
 2.14500e+02  8.61352e-04 
 2.15000e+02  8.53248e-04 
 2.15500e+02  8.47184e-04 
 2.16000e+02  7.92576e-04 
 2.16500e+02  7.84424e-04 
 2.17000e+02  7.34600e-04 
 2.17500e+02  7.19312e-04 
 2.18000e+02  7.57072e-04 
 2.18500e+02  7.25392e-04 
 2.19000e+02  7.02944e-04 
 2.19500e+02  6.88872e-04 
 2.20000e+02  6.76488e-04 
 2.20500e+02  6.53536e-04 
 2.21000e+02  6.69792e-04 
 2.21500e+02  6.65808e-04 
 2.22000e+02  6.93896e-04 
 2.22500e+02  7.20920e-04 
 2.23000e+02  6.88720e-04 
 2.23500e+02  6.63744e-04 
 2.24000e+02  6.31368e-04 
 2.24500e+02  7.04648e-04 
 2.25000e+02  6.10744e-04 
 2.25500e+02  6.20448e-04 
 2.26000e+02  6.17288e-04 
 2.26500e+02  6.47880e-04 
 2.27000e+02  5.92368e-04 
 2.27500e+02  5.93248e-04 
 2.28000e+02  5.80928e-04 
 2.28500e+02  5.75320e-04 
 2.29000e+02  5.50280e-04 
 2.29500e+02  5.41048e-04 
 2.30000e+02  5.44224e-04 
 2.30500e+02  5.61848e-04 
 2.31000e+02  5.69056e-04 
 2.31500e+02  5.61920e-04 
 2.32000e+02  5.68768e-04 
 2.32500e+02  5.69736e-04 
 2.33000e+02  5.81888e-04 
 2.33500e+02  5.18992e-04 
 2.34000e+02  5.20192e-04 
 2.34500e+02  5.17008e-04 
 2.35000e+02  5.25568e-04 
 2.35500e+02  4.94808e-04 
 2.36000e+02  5.30552e-04 
 2.36500e+02  5.32448e-04 
 2.37000e+02  5.27976e-04 
 2.37500e+02  5.01944e-04 
 2.38000e+02  5.19552e-04 
 2.38500e+02  5.19792e-04 
 2.39000e+02  4.84960e-04 
 2.39500e+02  4.88136e-04 
 2.40000e+02  4.78168e-04 
 2.40500e+02  4.67768e-04 
 2.41000e+02  4.40792e-04 
 2.41500e+02  4.37720e-04 
 2.42000e+02  4.19632e-04 
 2.42500e+02  4.46328e-04 
 2.43000e+02  4.56608e-04 
 2.43500e+02  3.87480e-04 
 2.44000e+02  3.77256e-04 
 2.44500e+02  4.25496e-04 
 2.45000e+02  3.88032e-04 
 2.45500e+02  3.69896e-04 
 2.46000e+02  3.59656e-04 
 2.46500e+02  3.74856e-04 
 2.47000e+02  3.76552e-04 
 2.47500e+02  3.73152e-04 
 2.48000e+02  3.52616e-04 
 2.48500e+02  3.73664e-04 
 2.49000e+02  3.35496e-04 
 2.49500e+02  3.45200e-04 
 2.50000e+02  3.21888e-04 
 2.50500e+02  3.23056e-04 
 2.51000e+02  3.06224e-04 
 2.51500e+02  2.91640e-04 
 2.52000e+02  2.89456e-04 
 2.52500e+02  2.88184e-04 
 2.53000e+02  2.76168e-04 
 2.53500e+02  2.67632e-04 
 2.54000e+02  2.74920e-04 
 2.54500e+02  2.65768e-04 
 2.55000e+02  2.48768e-04 
 2.55500e+02  2.53352e-04 
 2.56000e+02  2.64864e-04 
 2.56500e+02  2.68552e-04 
 2.57000e+02  2.58592e-04 
 2.57500e+02  2.45576e-04 
 2.58000e+02  2.50768e-04 
 2.58500e+02  2.41728e-04 
 2.59000e+02  2.32752e-04 
 2.59500e+02  2.37672e-04 
 2.60000e+02  2.44952e-04 
 2.60500e+02  2.44808e-04 
 2.61000e+02  2.35104e-04 
 2.61500e+02  2.41832e-04 
 2.62000e+02  2.42264e-04 
 2.62500e+02  2.41880e-04 
 2.63000e+02  2.46136e-04 
 2.63500e+02  2.52024e-04 
 2.64000e+02  2.49920e-04 
 2.64500e+02  2.53528e-04 
 2.65000e+02  2.53520e-04 
 2.65500e+02  2.57528e-04 
 2.66000e+02  2.70720e-04 
 2.66500e+02  2.84680e-04 
 2.67000e+02  3.07976e-04 
 2.67500e+02  3.43768e-04 
 2.68000e+02  3.52432e-04 
 2.68500e+02  3.54112e-04 
 2.69000e+02  3.12760e-04 
 2.69500e+02  2.74632e-04 
 2.70000e+02  2.27704e-04 
 2.70500e+02  1.95152e-04 
 2.71000e+02  1.50600e-04 
 2.71500e+02  1.24856e-04 
 2.72000e+02  1.16608e-04 
 2.72500e+02  1.00216e-04 
 2.73000e+02  1.01032e-04 
 2.73500e+02  9.45120e-05 
 2.74000e+02  9.64800e-05 
 2.74500e+02  9.44000e-05 
 2.75000e+02  9.16800e-05 
 2.75500e+02  9.21520e-05 
 2.76000e+02  8.09120e-05 
 2.76500e+02  8.27520e-05 
 2.77000e+02  8.55920e-05 
 2.77500e+02  8.90160e-05 
 2.78000e+02  9.51280e-05 
 2.78500e+02  8.58000e-05 
 2.79000e+02  8.88800e-05 
 2.79500e+02  8.21920e-05 
 2.80000e+02  7.86880e-05 
 2.80500e+02  8.05040e-05 
 2.81000e+02  8.10800e-05 
 2.81500e+02  7.92320e-05 
 2.82000e+02  8.04560e-05 
 2.82500e+02  7.79920e-05 
 2.83000e+02  8.02400e-05 
 2.83500e+02  7.68480e-05 
 2.84000e+02  7.91440e-05 
 2.84500e+02  8.26080e-05 
 2.85000e+02  8.49840e-05 
 2.85500e+02  8.56800e-05 
 2.86000e+02  8.53360e-05 
 2.86500e+02  8.84240e-05 
 2.87000e+02  9.23440e-05 
 2.87500e+02  8.43200e-05 
 2.88000e+02  8.20160e-05 
 2.88500e+02  8.23600e-05 
 2.89000e+02  8.60240e-05 
 2.89500e+02  8.30560e-05 
 2.90000e+02  7.96800e-05 
 2.90500e+02  8.27680e-05 
 2.91000e+02  8.11440e-05 
 2.91500e+02  8.02320e-05 
 2.92000e+02  8.20400e-05 
 2.92500e+02  8.30800e-05 
 2.93000e+02  8.45840e-05 
 2.93500e+02  9.02080e-05 
 2.94000e+02  8.75680e-05 
 2.94500e+02  8.70000e-05 
 2.95000e+02  8.32160e-05 
 2.95500e+02  7.67840e-05 
 2.96000e+02  7.78480e-05 
 2.96500e+02  8.21040e-05 
 2.97000e+02  8.35200e-05 
 2.97500e+02  8.07040e-05 
 2.98000e+02  8.09680e-05 
 2.98500e+02  7.93760e-05 
 2.99000e+02  8.28160e-05 
 2.99500e+02  8.52160e-05 
 3.00000e+02  8.49760e-05 
 3.00500e+02  8.36320e-05 
 3.01000e+02  8.56880e-05 
 3.01500e+02  8.67280e-05 
 3.02000e+02  9.13440e-05 
 3.02500e+02  8.78720e-05 
 3.03000e+02  9.03280e-05 
 3.03500e+02  9.45840e-05 
 3.04000e+02  9.05680e-05 
 3.04500e+02  9.14800e-05 
 3.05000e+02  9.26080e-05 
 3.05500e+02  9.65520e-05 
 3.06000e+02  9.69840e-05 
 3.06500e+02  9.60000e-05 
 3.07000e+02  9.91280e-05 
 3.07500e+02  1.00168e-04 
 3.08000e+02  1.02264e-04 
 3.08500e+02  1.02272e-04 
 3.09000e+02  1.02952e-04 
 3.09500e+02  1.03832e-04 
 3.10000e+02  1.07872e-04 
 3.10500e+02  1.13544e-04 
 3.11000e+02  1.15368e-04 
 3.11500e+02  1.19224e-04 
 3.12000e+02  1.20064e-04 
 3.12500e+02  1.22192e-04 
 3.13000e+02  1.24600e-04 
 3.13500e+02  1.30840e-04 
 3.14000e+02  1.36272e-04 
 3.14500e+02  1.38520e-04 
 3.15000e+02  1.47320e-04 
 3.15500e+02  1.56464e-04 
 3.16000e+02  1.62304e-04 
 3.16500e+02  1.75696e-04 
 3.17000e+02  1.98208e-04 
 3.17500e+02  2.14680e-04 
 3.18000e+02  2.41512e-04 
 3.18500e+02  2.85616e-04 
 3.19000e+02  3.57168e-04 
 3.19500e+02  7.87584e-04 
