 0.00000e+00  1.39768e-04 
 5.00000e-01  1.53936e-04 
 1.00000e+00  1.34256e-04 
 1.50000e+00  1.07160e-04 
 2.00000e+00  8.99040e-05 
 2.50000e+00  7.86000e-05 
 3.00000e+00  7.19920e-05 
 3.50000e+00  6.88880e-05 
 4.00000e+00  6.39600e-05 
 4.50000e+00  6.45520e-05 
 5.00000e+00  6.22160e-05 
 5.50000e+00  5.64240e-05 
 6.00000e+00  5.42720e-05 
 6.50000e+00  5.15760e-05 
 7.00000e+00  5.09440e-05 
 7.50000e+00  4.83680e-05 
 8.00000e+00  5.04320e-05 
 8.50000e+00  4.92800e-05 
 9.00000e+00  4.78720e-05 
 9.50000e+00  4.58240e-05 
 1.00000e+01  4.47200e-05 
 1.05000e+01  4.49680e-05 
 1.10000e+01  4.58880e-05 
 1.15000e+01  4.41920e-05 
 1.20000e+01  4.26240e-05 
 1.25000e+01  4.40480e-05 
 1.30000e+01  4.53200e-05 
 1.35000e+01  4.50320e-05 
 1.40000e+01  4.53680e-05 
 1.45000e+01  4.41440e-05 
 1.50000e+01  4.47840e-05 
 1.55000e+01  4.19040e-05 
 1.60000e+01  4.17200e-05 
 1.65000e+01  4.45280e-05 
 1.70000e+01  4.25440e-05 
 1.75000e+01  4.35360e-05 
 1.80000e+01  4.26720e-05 
 1.85000e+01  4.36960e-05 
 1.90000e+01  4.12800e-05 
 1.95000e+01  4.00960e-05 
 2.00000e+01  4.23600e-05 
 2.05000e+01  4.07280e-05 
 2.10000e+01  3.88800e-05 
 2.15000e+01  3.79040e-05 
 2.20000e+01  3.73360e-05 
 2.25000e+01  3.76160e-05 
 2.30000e+01  3.95280e-05 
 2.35000e+01  3.97840e-05 
 2.40000e+01  3.85040e-05 
 2.45000e+01  4.16560e-05 
 2.50000e+01  4.37200e-05 
 2.55000e+01  4.28480e-05 
 2.60000e+01  4.30640e-05 
 2.65000e+01  4.07600e-05 
 2.70000e+01  4.25840e-05 
 2.75000e+01  3.99280e-05 
 2.80000e+01  3.97200e-05 
 2.85000e+01  3.95120e-05 
 2.90000e+01  4.24640e-05 
 2.95000e+01  4.16960e-05 
 3.00000e+01  4.19520e-05 
 3.05000e+01  4.15040e-05 
 3.10000e+01  3.99120e-05 
 3.15000e+01  3.99520e-05 
 3.20000e+01  3.89920e-05 
 3.25000e+01  3.93280e-05 
 3.30000e+01  3.95440e-05 
 3.35000e+01  3.85280e-05 
 3.40000e+01  3.76480e-05 
 3.45000e+01  3.82240e-05 
 3.50000e+01  4.01360e-05 
 3.55000e+01  4.04480e-05 
 3.60000e+01  4.01360e-05 
 3.65000e+01  3.85920e-05 
 3.70000e+01  4.06480e-05 
 3.75000e+01  4.69040e-05 
 3.80000e+01  4.30320e-05 
 3.85000e+01  4.31520e-05 
 3.90000e+01  4.37600e-05 
 3.95000e+01  4.15920e-05 
 4.00000e+01  4.42160e-05 
 4.05000e+01  4.42880e-05 
 4.10000e+01  4.59280e-05 
 4.15000e+01  4.85120e-05 
 4.20000e+01  4.96640e-05 
 4.25000e+01  5.16320e-05 
 4.30000e+01  5.11040e-05 
 4.35000e+01  4.69760e-05 
 4.40000e+01  4.77280e-05 
 4.45000e+01  4.88640e-05 
 4.50000e+01  4.95920e-05 
 4.55000e+01  6.41520e-05 
 4.60000e+01  7.94400e-05 
 4.65000e+01  7.60240e-05 
 4.70000e+01  8.52640e-05 
 4.75000e+01  1.11008e-04 
 4.80000e+01  1.29840e-04 
 4.85000e+01  1.59784e-04 
 4.90000e+01  1.60848e-04 
 4.95000e+01  1.72368e-04 
 5.00000e+01  1.66120e-04 
 5.05000e+01  1.76072e-04 
 5.10000e+01  1.72992e-04 
 5.15000e+01  1.71160e-04 
 5.20000e+01  1.55832e-04 
 5.25000e+01  1.57008e-04 
 5.30000e+01  1.51456e-04 
 5.35000e+01  1.46144e-04 
 5.40000e+01  1.48744e-04 
 5.45000e+01  1.51152e-04 
 5.50000e+01  1.41888e-04 
 5.55000e+01  1.46112e-04 
 5.60000e+01  1.39520e-04 
 5.65000e+01  1.47488e-04 
 5.70000e+01  1.47968e-04 
 5.75000e+01  1.50888e-04 
 5.80000e+01  1.52920e-04 
 5.85000e+01  1.51728e-04 
 5.90000e+01  1.46840e-04 
 5.95000e+01  1.45080e-04 
 6.00000e+01  1.58968e-04 
 6.05000e+01  1.58240e-04 
 6.10000e+01  1.58720e-04 
 6.15000e+01  1.71792e-04 
 6.20000e+01  1.61552e-04 
 6.25000e+01  1.75816e-04 
 6.30000e+01  1.81288e-04 
 6.35000e+01  1.75856e-04 
 6.40000e+01  1.76368e-04 
 6.45000e+01  1.82160e-04 
 6.50000e+01  1.94768e-04 
 6.55000e+01  2.06848e-04 
 6.60000e+01  2.31488e-04 
 6.65000e+01  2.35072e-04 
 6.70000e+01  2.47344e-04 
 6.75000e+01  2.48592e-04 
 6.80000e+01  2.28648e-04 
 6.85000e+01  2.37648e-04 
 6.90000e+01  2.50832e-04 
 6.95000e+01  2.47176e-04 
 7.00000e+01  2.76016e-04 
 7.05000e+01  2.93704e-04 
 7.10000e+01  3.01888e-04 
 7.15000e+01  3.10176e-04 
 7.20000e+01  3.26304e-04 
 7.25000e+01  3.24840e-04 
 7.30000e+01  3.21840e-04 
 7.35000e+01  3.14240e-04 
 7.40000e+01  3.38672e-04 
 7.45000e+01  3.32152e-04 
 7.50000e+01  3.30624e-04 
 7.55000e+01  3.27576e-04 
 7.60000e+01  3.15176e-04 
 7.65000e+01  3.42704e-04 
 7.70000e+01  3.35440e-04 
 7.75000e+01  3.55288e-04 
 7.80000e+01  3.47568e-04 
 7.85000e+01  3.63592e-04 
 7.90000e+01  3.57056e-04 
 7.95000e+01  3.76088e-04 
 8.00000e+01  4.13224e-04 
 8.05000e+01  4.19040e-04 
 8.10000e+01  4.14096e-04 
 8.15000e+01  3.77656e-04 
 8.20000e+01  3.82744e-04 
 8.25000e+01  3.99000e-04 
 8.30000e+01  4.21504e-04 
 8.35000e+01  4.31488e-04 
 8.40000e+01  4.17616e-04 
 8.45000e+01  4.08408e-04 
 8.50000e+01  3.95192e-04 
 8.55000e+01  4.52624e-04 
 8.60000e+01  4.42768e-04 
 8.65000e+01  4.74344e-04 
 8.70000e+01  4.57672e-04 
 8.75000e+01  4.74792e-04 
 8.80000e+01  5.07144e-04 
 8.85000e+01  5.07024e-04 
 8.90000e+01  5.43696e-04 
 8.95000e+01  5.45704e-04 
 9.00000e+01  5.33816e-04 
 9.05000e+01  5.43352e-04 
 9.10000e+01  5.38704e-04 
 9.15000e+01  5.42272e-04 
 9.20000e+01  5.39488e-04 
 9.25000e+01  5.49824e-04 
 9.30000e+01  5.59248e-04 
 9.35000e+01  5.40656e-04 
 9.40000e+01  5.72008e-04 
 9.45000e+01  5.20824e-04 
 9.50000e+01  5.38096e-04 
 9.55000e+01  5.82160e-04 
 9.60000e+01  5.37928e-04 
 9.65000e+01  5.37152e-04 
 9.70000e+01  5.68208e-04 
 9.75000e+01  5.37240e-04 
 9.80000e+01  5.32240e-04 
 9.85000e+01  5.87880e-04 
 9.90000e+01  6.05656e-04 
 9.95000e+01  5.59480e-04 
 1.00000e+02  6.29656e-04 
 1.00500e+02  6.38496e-04 
 1.01000e+02  6.46160e-04 
 1.01500e+02  6.40056e-04 
 1.02000e+02  6.21872e-04 
 1.02500e+02  6.67064e-04 
 1.03000e+02  6.76120e-04 
 1.03500e+02  7.11960e-04 
 1.04000e+02  7.04112e-04 
 1.04500e+02  7.25136e-04 
 1.05000e+02  7.22064e-04 
 1.05500e+02  8.05880e-04 
 1.06000e+02  9.06368e-04 
 1.06500e+02  8.66200e-04 
 1.07000e+02  9.09648e-04 
 1.07500e+02  9.96168e-04 
 1.08000e+02  9.99760e-04 
 1.08500e+02  1.09998e-03 
 1.09000e+02  1.16005e-03 
 1.09500e+02  1.30141e-03 
 1.10000e+02  1.34334e-03 
 1.10500e+02  1.31138e-03 
 1.11000e+02  1.37739e-03 
 1.11500e+02  1.52862e-03 
 1.12000e+02  1.63693e-03 
 1.12500e+02  1.78641e-03 
 1.13000e+02  1.96144e-03 
 1.13500e+02  2.11153e-03 
 1.14000e+02  2.15225e-03 
 1.14500e+02  2.43079e-03 
 1.15000e+02  2.52659e-03 
 1.15500e+02  2.79254e-03 
 1.16000e+02  3.16324e-03 
 1.16500e+02  3.31943e-03 
 1.17000e+02  3.78455e-03 
 1.17500e+02  3.80729e-03 
 1.18000e+02  4.01820e-03 
 1.18500e+02  4.10943e-03 
 1.19000e+02  4.18356e-03 
 1.19500e+02  4.19339e-03 
 1.20000e+02  4.40468e-03 
 1.20500e+02  4.58765e-03 
 1.21000e+02  4.56286e-03 
 1.21500e+02  4.67716e-03 
 1.22000e+02  4.73250e-03 
 1.22500e+02  5.04609e-03 
 1.23000e+02  5.23990e-03 
 1.23500e+02  5.28334e-03 
 1.24000e+02  5.33400e-03 
 1.24500e+02  5.28150e-03 
 1.25000e+02  5.43435e-03 
 1.25500e+02  5.60799e-03 
 1.26000e+02  5.65931e-03 
 1.26500e+02  5.82935e-03 
 1.27000e+02  5.97990e-03 
 1.27500e+02  6.32982e-03 
 1.28000e+02  6.20699e-03 
 1.28500e+02  6.23489e-03 
 1.29000e+02  6.08029e-03 
 1.29500e+02  6.49142e-03 
 1.30000e+02  6.97293e-03 
 1.30500e+02  7.08546e-03 
 1.31000e+02  7.22498e-03 
 1.31500e+02  7.24594e-03 
 1.32000e+02  7.46942e-03 
 1.32500e+02  7.65585e-03 
 1.33000e+02  7.47564e-03 
 1.33500e+02  7.89041e-03 
 1.34000e+02  7.70262e-03 
 1.34500e+02  7.89023e-03 
 1.35000e+02  8.27210e-03 
 1.35500e+02  8.32770e-03 
 1.36000e+02  7.94492e-03 
 1.36500e+02  7.92558e-03 
 1.37000e+02  8.12309e-03 
 1.37500e+02  8.26009e-03 
 1.38000e+02  8.38014e-03 
 1.38500e+02  8.29300e-03 
 1.39000e+02  7.98507e-03 
 1.39500e+02  8.08457e-03 
 1.40000e+02  8.15407e-03 
 1.40500e+02  8.25888e-03 
 1.41000e+02  8.08747e-03 
 1.41500e+02  8.28093e-03 
 1.42000e+02  8.43790e-03 
 1.42500e+02  8.43435e-03 
 1.43000e+02  8.21303e-03 
 1.43500e+02  8.17194e-03 
 1.44000e+02  8.47624e-03 
 1.44500e+02  8.44665e-03 
 1.45000e+02  8.52227e-03 
 1.45500e+02  9.26388e-03 
 1.46000e+02  9.00038e-03 
 1.46500e+02  8.89922e-03 
 1.47000e+02  9.41823e-03 
 1.47500e+02  9.80298e-03 
 1.48000e+02  9.57220e-03 
 1.48500e+02  9.76373e-03 
 1.49000e+02  9.64307e-03 
 1.49500e+02  9.95026e-03 
 1.50000e+02  9.39296e-03 
 1.50500e+02  9.21550e-03 
 1.51000e+02  9.27657e-03 
 1.51500e+02  9.36546e-03 
 1.52000e+02  9.57058e-03 
 1.52500e+02  1.00884e-02 
 1.53000e+02  9.79368e-03 
 1.53500e+02  9.93888e-03 
 1.54000e+02  9.73112e-03 
 1.54500e+02  1.01004e-02 
 1.55000e+02  9.60991e-03 
 1.55500e+02  9.60087e-03 
 1.56000e+02  9.49504e-03 
 1.56500e+02  9.46285e-03 
 1.57000e+02  9.76982e-03 
 1.57500e+02  9.33173e-03 
 1.58000e+02  9.59308e-03 
 1.58500e+02  9.16690e-03 
 1.59000e+02  9.34292e-03 
 1.59500e+02  9.43532e-03 
 1.60000e+02  9.82957e-03 
 1.60500e+02  9.17146e-03 
 1.61000e+02  8.88657e-03 
 1.61500e+02  8.91731e-03 
 1.62000e+02  9.25527e-03 
 1.62500e+02  9.17154e-03 
 1.63000e+02  9.12205e-03 
 1.63500e+02  9.32566e-03 
 1.64000e+02  9.38758e-03 
 1.64500e+02  9.21228e-03 
 1.65000e+02  8.83274e-03 
 1.65500e+02  8.89046e-03 
 1.66000e+02  8.78422e-03 
 1.66500e+02  8.73648e-03 
 1.67000e+02  9.16518e-03 
 1.67500e+02  9.09812e-03 
 1.68000e+02  9.24399e-03 
 1.68500e+02  9.18610e-03 
 1.69000e+02  9.36970e-03 
 1.69500e+02  9.16919e-03 
 1.70000e+02  9.39761e-03 
 1.70500e+02  9.16545e-03 
 1.71000e+02  8.85773e-03 
 1.71500e+02  9.28868e-03 
 1.72000e+02  9.16325e-03 
 1.72500e+02  8.92316e-03 
 1.73000e+02  8.40292e-03 
 1.73500e+02  8.71062e-03 
 1.74000e+02  8.79023e-03 
 1.74500e+02  8.65273e-03 
 1.75000e+02  8.46070e-03 
 1.75500e+02  8.33977e-03 
 1.76000e+02  8.37839e-03 
 1.76500e+02  8.29854e-03 
 1.77000e+02  8.62861e-03 
 1.77500e+02  8.33626e-03 
 1.78000e+02  8.34121e-03 
 1.78500e+02  8.77794e-03 
 1.79000e+02  8.61984e-03 
 1.79500e+02  8.64653e-03 
 1.80000e+02  8.61070e-03 
 1.80500e+02  8.55292e-03 
 1.81000e+02  9.04145e-03 
 1.81500e+02  8.13866e-03 
 1.82000e+02  7.73807e-03 
 1.82500e+02  8.19718e-03 
 1.83000e+02  8.11242e-03 
 1.83500e+02  8.26121e-03 
 1.84000e+02  8.09777e-03 
 1.84500e+02  7.86432e-03 
 1.85000e+02  7.65000e-03 
 1.85500e+02  7.36370e-03 
 1.86000e+02  7.71521e-03 
 1.86500e+02  7.50395e-03 
 1.87000e+02  7.15515e-03 
 1.87500e+02  6.60076e-03 
 1.88000e+02  6.63422e-03 
 1.88500e+02  6.76629e-03 
 1.89000e+02  6.69954e-03 
 1.89500e+02  7.17860e-03 
 1.90000e+02  6.96593e-03 
 1.90500e+02  6.97274e-03 
 1.91000e+02  6.60769e-03 
 1.91500e+02  6.32291e-03 
 1.92000e+02  6.24290e-03 
 1.92500e+02  5.89382e-03 
 1.93000e+02  5.65034e-03 
 1.93500e+02  5.85550e-03 
 1.94000e+02  5.67574e-03 
 1.94500e+02  5.91541e-03 
 1.95000e+02  5.62927e-03 
 1.95500e+02  5.39992e-03 
 1.96000e+02  5.25171e-03 
 1.96500e+02  5.16137e-03 
 1.97000e+02  5.12210e-03 
 1.97500e+02  4.70806e-03 
 1.98000e+02  4.44356e-03 
 1.98500e+02  4.25488e-03 
 1.99000e+02  4.03649e-03 
 1.99500e+02  3.67909e-03 
 2.00000e+02  3.50709e-03 
 2.00500e+02  3.48489e-03 
 2.01000e+02  3.47098e-03 
 2.01500e+02  3.27082e-03 
 2.02000e+02  3.16890e-03 
 2.02500e+02  3.13697e-03 
 2.03000e+02  2.92156e-03 
 2.03500e+02  2.62510e-03 
 2.04000e+02  2.59627e-03 
 2.04500e+02  2.41421e-03 
 2.05000e+02  2.35059e-03 
 2.05500e+02  2.24370e-03 
 2.06000e+02  2.22922e-03 
 2.06500e+02  2.18682e-03 
 2.07000e+02  2.13032e-03 
 2.07500e+02  1.90966e-03 
 2.08000e+02  1.89373e-03 
 2.08500e+02  1.66038e-03 
 2.09000e+02  1.44297e-03 
 2.09500e+02  1.42673e-03 
 2.10000e+02  1.26455e-03 
 2.10500e+02  1.20034e-03 
 2.11000e+02  1.11794e-03 
 2.11500e+02  1.09085e-03 
 2.12000e+02  1.03342e-03 
 2.12500e+02  9.59792e-04 
 2.13000e+02  9.27384e-04 
 2.13500e+02  8.85856e-04 
 2.14000e+02  9.08120e-04 
 2.14500e+02  9.25280e-04 
 2.15000e+02  9.05736e-04 
 2.15500e+02  8.65432e-04 
 2.16000e+02  8.11208e-04 
 2.16500e+02  7.90056e-04 
 2.17000e+02  8.17320e-04 
 2.17500e+02  7.85272e-04 
 2.18000e+02  8.16248e-04 
 2.18500e+02  7.45200e-04 
 2.19000e+02  7.49104e-04 
 2.19500e+02  7.60696e-04 
 2.20000e+02  7.70720e-04 
 2.20500e+02  7.55432e-04 
 2.21000e+02  7.50344e-04 
 2.21500e+02  6.77272e-04 
 2.22000e+02  6.44112e-04 
 2.22500e+02  6.26480e-04 
 2.23000e+02  6.01152e-04 
 2.23500e+02  5.87672e-04 
 2.24000e+02  6.07488e-04 
 2.24500e+02  5.84000e-04 
 2.25000e+02  5.67360e-04 
 2.25500e+02  5.92912e-04 
 2.26000e+02  5.97912e-04 
 2.26500e+02  6.01944e-04 
 2.27000e+02  6.15064e-04 
 2.27500e+02  6.09104e-04 
 2.28000e+02  5.89656e-04 
 2.28500e+02  5.79656e-04 
 2.29000e+02  5.93984e-04 
 2.29500e+02  5.53480e-04 
 2.30000e+02  5.63072e-04 
 2.30500e+02  5.29600e-04 
 2.31000e+02  5.53624e-04 
 2.31500e+02  5.96400e-04 
 2.32000e+02  5.86160e-04 
 2.32500e+02  5.03976e-04 
 2.33000e+02  4.72464e-04 
 2.33500e+02  4.70176e-04 
 2.34000e+02  4.85328e-04 
 2.34500e+02  4.87392e-04 
 2.35000e+02  4.84960e-04 
 2.35500e+02  4.97056e-04 
 2.36000e+02  5.09400e-04 
 2.36500e+02  4.74280e-04 
 2.37000e+02  4.57200e-04 
 2.37500e+02  4.52632e-04 
 2.38000e+02  4.49184e-04 
 2.38500e+02  4.41232e-04 
 2.39000e+02  4.54840e-04 
 2.39500e+02  4.42832e-04 
 2.40000e+02  4.32272e-04 
 2.40500e+02  4.68152e-04 
 2.41000e+02  4.54648e-04 
 2.41500e+02  4.16512e-04 
 2.42000e+02  4.08784e-04 
 2.42500e+02  4.18648e-04 
 2.43000e+02  4.15064e-04 
 2.43500e+02  3.76544e-04 
 2.44000e+02  3.89520e-04 
 2.44500e+02  4.00368e-04 
 2.45000e+02  3.98760e-04 
 2.45500e+02  3.89008e-04 
 2.46000e+02  3.57992e-04 
 2.46500e+02  3.57616e-04 
 2.47000e+02  3.39368e-04 
 2.47500e+02  3.57864e-04 
 2.48000e+02  3.47688e-04 
 2.48500e+02  3.32704e-04 
 2.49000e+02  3.25384e-04 
 2.49500e+02  3.03656e-04 
 2.50000e+02  3.09464e-04 
 2.50500e+02  3.18024e-04 
 2.51000e+02  2.89632e-04 
 2.51500e+02  2.95568e-04 
 2.52000e+02  2.96432e-04 
 2.52500e+02  2.87448e-04 
 2.53000e+02  2.92176e-04 
 2.53500e+02  2.82120e-04 
 2.54000e+02  2.69072e-04 
 2.54500e+02  2.73576e-04 
 2.55000e+02  2.51536e-04 
 2.55500e+02  2.60680e-04 
 2.56000e+02  2.54776e-04 
 2.56500e+02  2.54048e-04 
 2.57000e+02  2.57192e-04 
 2.57500e+02  2.46776e-04 
 2.58000e+02  2.46048e-04 
 2.58500e+02  2.47520e-04 
 2.59000e+02  2.45424e-04 
 2.59500e+02  2.33448e-04 
 2.60000e+02  2.28176e-04 
 2.60500e+02  2.37656e-04 
 2.61000e+02  2.30888e-04 
 2.61500e+02  2.32232e-04 
 2.62000e+02  2.29328e-04 
 2.62500e+02  2.32192e-04 
 2.63000e+02  2.34928e-04 
 2.63500e+02  2.41424e-04 
 2.64000e+02  2.42864e-04 
 2.64500e+02  2.44064e-04 
 2.65000e+02  2.46368e-04 
 2.65500e+02  2.61728e-04 
 2.66000e+02  2.67472e-04 
 2.66500e+02  2.74592e-04 
 2.67000e+02  2.91344e-04 
 2.67500e+02  3.12864e-04 
 2.68000e+02  3.26840e-04 
 2.68500e+02  3.45440e-04 
 2.69000e+02  3.18736e-04 
 2.69500e+02  2.87560e-04 
 2.70000e+02  2.37528e-04 
 2.70500e+02  1.99496e-04 
 2.71000e+02  1.64088e-04 
 2.71500e+02  1.28296e-04 
 2.72000e+02  1.06744e-04 
 2.72500e+02  9.62400e-05 
 2.73000e+02  9.87280e-05 
 2.73500e+02  8.94480e-05 
 2.74000e+02  8.90720e-05 
 2.74500e+02  8.87440e-05 
 2.75000e+02  8.03760e-05 
 2.75500e+02  8.17280e-05 
 2.76000e+02  8.38640e-05 
 2.76500e+02  8.14880e-05 
 2.77000e+02  7.83920e-05 
 2.77500e+02  7.85680e-05 
 2.78000e+02  7.86480e-05 
 2.78500e+02  8.04400e-05 
 2.79000e+02  8.31520e-05 
 2.79500e+02  8.20160e-05 
 2.80000e+02  8.38000e-05 
 2.80500e+02  8.01040e-05 
 2.81000e+02  8.18320e-05 
 2.81500e+02  7.96800e-05 
 2.82000e+02  7.84880e-05 
 2.82500e+02  8.17040e-05 
 2.83000e+02  8.49920e-05 
 2.83500e+02  7.97840e-05 
 2.84000e+02  7.76800e-05 
 2.84500e+02  7.65040e-05 
 2.85000e+02  7.82960e-05 
 2.85500e+02  7.82800e-05 
 2.86000e+02  7.86800e-05 
 2.86500e+02  7.96400e-05 
 2.87000e+02  7.87680e-05 
 2.87500e+02  7.94160e-05 
 2.88000e+02  8.27840e-05 
 2.88500e+02  8.54880e-05 
 2.89000e+02  7.91920e-05 
 2.89500e+02  7.84320e-05 
 2.90000e+02  8.10720e-05 
 2.90500e+02  7.81760e-05 
 2.91000e+02  7.88240e-05 
 2.91500e+02  7.92800e-05 
 2.92000e+02  7.88240e-05 
 2.92500e+02  8.05600e-05 
 2.93000e+02  7.77600e-05 
 2.93500e+02  8.06000e-05 
 2.94000e+02  7.86880e-05 
 2.94500e+02  8.18640e-05 
 2.95000e+02  7.90320e-05 
 2.95500e+02  7.97680e-05 
 2.96000e+02  7.91280e-05 
 2.96500e+02  7.64240e-05 
 2.97000e+02  7.93040e-05 
 2.97500e+02  8.14880e-05 
 2.98000e+02  8.28800e-05 
 2.98500e+02  8.57600e-05 
 2.99000e+02  8.71280e-05 
 2.99500e+02  8.85280e-05 
 3.00000e+02  8.80240e-05 
 3.00500e+02  8.73760e-05 
 3.01000e+02  8.96640e-05 
 3.01500e+02  8.92480e-05 
 3.02000e+02  8.61200e-05 
 3.02500e+02  9.06400e-05 
 3.03000e+02  9.05280e-05 
 3.03500e+02  9.25040e-05 
 3.04000e+02  9.52000e-05 
 3.04500e+02  1.00984e-04 
 3.05000e+02  9.58560e-05 
 3.05500e+02  9.39600e-05 
 3.06000e+02  9.54320e-05 
 3.06500e+02  9.32320e-05 
 3.07000e+02  9.55440e-05 
 3.07500e+02  9.66240e-05 
 3.08000e+02  1.00480e-04 
 3.08500e+02  1.04432e-04 
 3.09000e+02  1.02112e-04 
 3.09500e+02  1.05000e-04 
 3.10000e+02  1.08376e-04 
 3.10500e+02  1.08232e-04 
 3.11000e+02  1.09960e-04 
 3.11500e+02  1.13280e-04 
 3.12000e+02  1.17624e-04 
 3.12500e+02  1.24552e-04 
 3.13000e+02  1.25392e-04 
 3.13500e+02  1.27856e-04 
 3.14000e+02  1.33744e-04 
 3.14500e+02  1.39224e-04 
 3.15000e+02  1.46168e-04 
 3.15500e+02  1.56744e-04 
 3.16000e+02  1.65408e-04 
 3.16500e+02  1.77856e-04 
 3.17000e+02  1.92472e-04 
 3.17500e+02  2.10480e-04 
 3.18000e+02  2.38008e-04 
 3.18500e+02  2.79080e-04 
 3.19000e+02  3.58832e-04 
 3.19500e+02  7.77704e-04 
