 0.00000e+00  1.54312e-04 
 5.00000e-01  1.71656e-04 
 1.00000e+00  1.41944e-04 
 1.50000e+00  1.16808e-04 
 2.00000e+00  9.96080e-05 
 2.50000e+00  8.79760e-05 
 3.00000e+00  7.95520e-05 
 3.50000e+00  7.76320e-05 
 4.00000e+00  7.12640e-05 
 4.50000e+00  6.85280e-05 
 5.00000e+00  6.52160e-05 
 5.50000e+00  6.59520e-05 
 6.00000e+00  6.22000e-05 
 6.50000e+00  5.88800e-05 
 7.00000e+00  5.63440e-05 
 7.50000e+00  5.56080e-05 
 8.00000e+00  5.47280e-05 
 8.50000e+00  5.25120e-05 
 9.00000e+00  5.21120e-05 
 9.50000e+00  5.38560e-05 
 1.00000e+01  5.36000e-05 
 1.05000e+01  5.24000e-05 
 1.10000e+01  5.14720e-05 
 1.15000e+01  4.84720e-05 
 1.20000e+01  4.76640e-05 
 1.25000e+01  4.70800e-05 
 1.30000e+01  4.82720e-05 
 1.35000e+01  4.55920e-05 
 1.40000e+01  4.44960e-05 
 1.45000e+01  4.43680e-05 
 1.50000e+01  4.45680e-05 
 1.55000e+01  4.30640e-05 
 1.60000e+01  4.35040e-05 
 1.65000e+01  4.43200e-05 
 1.70000e+01  4.48720e-05 
 1.75000e+01  4.74320e-05 
 1.80000e+01  4.76960e-05 
 1.85000e+01  4.47280e-05 
 1.90000e+01  4.33680e-05 
 1.95000e+01  4.61040e-05 
 2.00000e+01  4.32560e-05 
 2.05000e+01  4.47120e-05 
 2.10000e+01  4.33840e-05 
 2.15000e+01  4.35520e-05 
 2.20000e+01  4.33280e-05 
 2.25000e+01  4.10960e-05 
 2.30000e+01  4.00560e-05 
 2.35000e+01  4.10800e-05 
 2.40000e+01  4.09200e-05 
 2.45000e+01  3.92240e-05 
 2.50000e+01  3.85520e-05 
 2.55000e+01  3.97280e-05 
 2.60000e+01  4.12160e-05 
 2.65000e+01  4.32080e-05 
 2.70000e+01  4.39920e-05 
 2.75000e+01  4.47760e-05 
 2.80000e+01  4.34560e-05 
 2.85000e+01  4.14800e-05 
 2.90000e+01  4.09360e-05 
 2.95000e+01  3.96720e-05 
 3.00000e+01  4.02960e-05 
 3.05000e+01  4.16080e-05 
 3.10000e+01  4.52160e-05 
 3.15000e+01  4.43600e-05 
 3.20000e+01  4.47440e-05 
 3.25000e+01  5.07440e-05 
 3.30000e+01  4.81200e-05 
 3.35000e+01  4.51520e-05 
 3.40000e+01  4.34400e-05 
 3.45000e+01  4.35200e-05 
 3.50000e+01  4.37200e-05 
 3.55000e+01  4.69040e-05 
 3.60000e+01  4.35600e-05 
 3.65000e+01  4.33200e-05 
 3.70000e+01  4.79760e-05 
 3.75000e+01  4.98960e-05 
 3.80000e+01  5.04560e-05 
 3.85000e+01  4.90080e-05 
 3.90000e+01  5.20480e-05 
 3.95000e+01  5.32320e-05 
 4.00000e+01  5.14720e-05 
 4.05000e+01  5.12560e-05 
 4.10000e+01  5.06320e-05 
 4.15000e+01  5.19840e-05 
 4.20000e+01  5.21440e-05 
 4.25000e+01  5.41120e-05 
 4.30000e+01  5.32080e-05 
 4.35000e+01  5.10960e-05 
 4.40000e+01  5.29280e-05 
 4.45000e+01  5.56240e-05 
 4.50000e+01  6.05680e-05 
 4.55000e+01  5.89840e-05 
 4.60000e+01  6.35600e-05 
 4.65000e+01  7.28320e-05 
 4.70000e+01  8.06320e-05 
 4.75000e+01  9.94320e-05 
 4.80000e+01  1.25200e-04 
 4.85000e+01  1.43888e-04 
 4.90000e+01  1.50584e-04 
 4.95000e+01  1.64968e-04 
 5.00000e+01  1.90144e-04 
 5.05000e+01  2.06936e-04 
 5.10000e+01  1.91344e-04 
 5.15000e+01  1.80768e-04 
 5.20000e+01  1.76928e-04 
 5.25000e+01  1.69648e-04 
 5.30000e+01  1.67000e-04 
 5.35000e+01  1.58304e-04 
 5.40000e+01  1.64760e-04 
 5.45000e+01  1.66760e-04 
 5.50000e+01  1.59864e-04 
 5.55000e+01  1.59784e-04 
 5.60000e+01  1.66272e-04 
 5.65000e+01  1.60720e-04 
 5.70000e+01  1.61824e-04 
 5.75000e+01  1.70456e-04 
 5.80000e+01  1.64512e-04 
 5.85000e+01  1.79792e-04 
 5.90000e+01  1.79096e-04 
 5.95000e+01  1.67544e-04 
 6.00000e+01  1.65752e-04 
 6.05000e+01  1.70336e-04 
 6.10000e+01  1.70680e-04 
 6.15000e+01  1.69960e-04 
 6.20000e+01  1.68200e-04 
 6.25000e+01  1.84592e-04 
 6.30000e+01  1.73680e-04 
 6.35000e+01  1.87584e-04 
 6.40000e+01  1.91576e-04 
 6.45000e+01  2.06152e-04 
 6.50000e+01  2.04904e-04 
 6.55000e+01  2.11792e-04 
 6.60000e+01  2.29000e-04 
 6.65000e+01  2.39224e-04 
 6.70000e+01  2.54720e-04 
 6.75000e+01  2.53808e-04 
 6.80000e+01  2.59656e-04 
 6.85000e+01  2.95000e-04 
 6.90000e+01  3.05240e-04 
 6.95000e+01  3.05112e-04 
 7.00000e+01  3.00256e-04 
 7.05000e+01  2.97800e-04 
 7.10000e+01  3.06120e-04 
 7.15000e+01  3.42640e-04 
 7.20000e+01  3.28488e-04 
 7.25000e+01  3.45216e-04 
 7.30000e+01  3.66136e-04 
 7.35000e+01  3.42128e-04 
 7.40000e+01  3.72968e-04 
 7.45000e+01  3.86656e-04 
 7.50000e+01  4.54680e-04 
 7.55000e+01  4.13856e-04 
 7.60000e+01  4.21416e-04 
 7.65000e+01  4.14248e-04 
 7.70000e+01  4.69672e-04 
 7.75000e+01  4.59984e-04 
 7.80000e+01  4.57648e-04 
 7.85000e+01  4.57192e-04 
 7.90000e+01  4.33896e-04 
 7.95000e+01  4.47160e-04 
 8.00000e+01  4.41128e-04 
 8.05000e+01  4.34472e-04 
 8.10000e+01  4.53048e-04 
 8.15000e+01  4.96800e-04 
 8.20000e+01  5.07392e-04 
 8.25000e+01  4.81400e-04 
 8.30000e+01  5.25696e-04 
 8.35000e+01  5.11528e-04 
 8.40000e+01  4.99256e-04 
 8.45000e+01  4.91968e-04 
 8.50000e+01  5.58256e-04 
 8.55000e+01  4.95864e-04 
 8.60000e+01  5.00816e-04 
 8.65000e+01  5.03160e-04 
 8.70000e+01  4.94176e-04 
 8.75000e+01  4.87648e-04 
 8.80000e+01  5.25696e-04 
 8.85000e+01  5.40872e-04 
 8.90000e+01  5.58232e-04 
 8.95000e+01  5.61248e-04 
 9.00000e+01  5.61888e-04 
 9.05000e+01  5.64056e-04 
 9.10000e+01  5.42880e-04 
 9.15000e+01  5.66488e-04 
 9.20000e+01  5.50648e-04 
 9.25000e+01  5.82592e-04 
 9.30000e+01  6.02128e-04 
 9.35000e+01  6.40424e-04 
 9.40000e+01  6.28720e-04 
 9.45000e+01  6.40240e-04 
 9.50000e+01  6.72856e-04 
 9.55000e+01  6.79816e-04 
 9.60000e+01  7.03528e-04 
 9.65000e+01  6.78360e-04 
 9.70000e+01  6.98056e-04 
 9.75000e+01  7.63032e-04 
 9.80000e+01  7.48176e-04 
 9.85000e+01  7.09568e-04 
 9.90000e+01  7.18416e-04 
 9.95000e+01  7.40768e-04 
 1.00000e+02  7.57784e-04 
 1.00500e+02  7.90000e-04 
 1.01000e+02  7.87720e-04 
 1.01500e+02  8.30280e-04 
 1.02000e+02  9.20096e-04 
 1.02500e+02  8.88208e-04 
 1.03000e+02  9.02568e-04 
 1.03500e+02  9.65688e-04 
 1.04000e+02  9.39752e-04 
 1.04500e+02  9.56528e-04 
 1.05000e+02  9.74568e-04 
 1.05500e+02  9.79744e-04 
 1.06000e+02  1.01018e-03 
 1.06500e+02  1.15298e-03 
 1.07000e+02  1.11299e-03 
 1.07500e+02  1.16692e-03 
 1.08000e+02  1.19250e-03 
 1.08500e+02  1.17083e-03 
 1.09000e+02  1.25576e-03 
 1.09500e+02  1.33199e-03 
 1.10000e+02  1.29864e-03 
 1.10500e+02  1.41567e-03 
 1.11000e+02  1.40446e-03 
 1.11500e+02  1.52998e-03 
 1.12000e+02  1.69266e-03 
 1.12500e+02  1.85841e-03 
 1.13000e+02  2.00841e-03 
 1.13500e+02  2.20164e-03 
 1.14000e+02  2.31698e-03 
 1.14500e+02  2.53890e-03 
 1.15000e+02  2.76708e-03 
 1.15500e+02  3.08104e-03 
 1.16000e+02  3.40235e-03 
 1.16500e+02  3.94183e-03 
 1.17000e+02  3.90421e-03 
 1.17500e+02  4.22489e-03 
 1.18000e+02  4.34265e-03 
 1.18500e+02  4.24514e-03 
 1.19000e+02  4.31243e-03 
 1.19500e+02  4.28552e-03 
 1.20000e+02  4.31570e-03 
 1.20500e+02  4.57972e-03 
 1.21000e+02  4.59282e-03 
 1.21500e+02  4.90691e-03 
 1.22000e+02  5.17114e-03 
 1.22500e+02  5.27880e-03 
 1.23000e+02  5.28627e-03 
 1.23500e+02  5.37985e-03 
 1.24000e+02  5.66275e-03 
 1.24500e+02  5.92023e-03 
 1.25000e+02  5.91390e-03 
 1.25500e+02  5.84178e-03 
 1.26000e+02  5.91874e-03 
 1.26500e+02  6.05313e-03 
 1.27000e+02  6.14703e-03 
 1.27500e+02  5.88898e-03 
 1.28000e+02  6.28349e-03 
 1.28500e+02  6.38349e-03 
 1.29000e+02  6.52942e-03 
 1.29500e+02  7.11446e-03 
 1.30000e+02  6.98555e-03 
 1.30500e+02  7.63736e-03 
 1.31000e+02  7.59605e-03 
 1.31500e+02  7.44743e-03 
 1.32000e+02  7.26946e-03 
 1.32500e+02  7.52479e-03 
 1.33000e+02  7.45113e-03 
 1.33500e+02  7.36240e-03 
 1.34000e+02  7.52569e-03 
 1.34500e+02  7.68762e-03 
 1.35000e+02  8.05664e-03 
 1.35500e+02  8.04045e-03 
 1.36000e+02  8.17708e-03 
 1.36500e+02  7.70196e-03 
 1.37000e+02  7.53560e-03 
 1.37500e+02  7.56032e-03 
 1.38000e+02  8.02202e-03 
 1.38500e+02  8.19797e-03 
 1.39000e+02  8.26546e-03 
 1.39500e+02  8.40248e-03 
 1.40000e+02  8.73558e-03 
 1.40500e+02  8.87158e-03 
 1.41000e+02  8.57979e-03 
 1.41500e+02  8.36639e-03 
 1.42000e+02  8.59195e-03 
 1.42500e+02  8.92874e-03 
 1.43000e+02  8.77690e-03 
 1.43500e+02  9.05281e-03 
 1.44000e+02  8.94622e-03 
 1.44500e+02  8.99625e-03 
 1.45000e+02  9.25218e-03 
 1.45500e+02  9.64018e-03 
 1.46000e+02  9.42817e-03 
 1.46500e+02  9.39480e-03 
 1.47000e+02  9.35842e-03 
 1.47500e+02  9.45280e-03 
 1.48000e+02  9.28018e-03 
 1.48500e+02  9.18394e-03 
 1.49000e+02  9.17417e-03 
 1.49500e+02  9.39949e-03 
 1.50000e+02  9.28838e-03 
 1.50500e+02  9.58131e-03 
 1.51000e+02  9.79505e-03 
 1.51500e+02  1.00460e-02 
 1.52000e+02  1.01184e-02 
 1.52500e+02  1.01522e-02 
 1.53000e+02  1.03831e-02 
 1.53500e+02  1.00304e-02 
 1.54000e+02  1.02629e-02 
 1.54500e+02  1.02025e-02 
 1.55000e+02  9.94668e-03 
 1.55500e+02  9.77530e-03 
 1.56000e+02  9.78722e-03 
 1.56500e+02  1.01931e-02 
 1.57000e+02  1.03498e-02 
 1.57500e+02  1.02554e-02 
 1.58000e+02  1.00177e-02 
 1.58500e+02  9.49337e-03 
 1.59000e+02  9.45778e-03 
 1.59500e+02  9.49846e-03 
 1.60000e+02  9.58150e-03 
 1.60500e+02  9.60142e-03 
 1.61000e+02  9.35843e-03 
 1.61500e+02  9.52549e-03 
 1.62000e+02  9.54986e-03 
 1.62500e+02  9.24468e-03 
 1.63000e+02  9.34885e-03 
 1.63500e+02  9.24206e-03 
 1.64000e+02  8.99476e-03 
 1.64500e+02  9.06065e-03 
 1.65000e+02  9.18838e-03 
 1.65500e+02  8.95818e-03 
 1.66000e+02  8.50914e-03 
 1.66500e+02  8.84041e-03 
 1.67000e+02  9.00302e-03 
 1.67500e+02  9.14391e-03 
 1.68000e+02  9.13518e-03 
 1.68500e+02  9.14136e-03 
 1.69000e+02  9.25514e-03 
 1.69500e+02  8.90112e-03 
 1.70000e+02  8.84021e-03 
 1.70500e+02  8.85521e-03 
 1.71000e+02  8.58346e-03 
 1.71500e+02  8.59625e-03 
 1.72000e+02  8.78098e-03 
 1.72500e+02  9.11865e-03 
 1.73000e+02  8.92081e-03 
 1.73500e+02  8.76669e-03 
 1.74000e+02  9.02350e-03 
 1.74500e+02  8.63157e-03 
 1.75000e+02  8.74536e-03 
 1.75500e+02  8.47186e-03 
 1.76000e+02  8.68893e-03 
 1.76500e+02  8.99698e-03 
 1.77000e+02  8.97962e-03 
 1.77500e+02  8.85093e-03 
 1.78000e+02  8.76533e-03 
 1.78500e+02  8.35277e-03 
 1.79000e+02  8.48112e-03 
 1.79500e+02  8.51146e-03 
 1.80000e+02  8.60200e-03 
 1.80500e+02  8.78698e-03 
 1.81000e+02  8.79037e-03 
 1.81500e+02  8.52888e-03 
 1.82000e+02  8.02922e-03 
 1.82500e+02  8.22681e-03 
 1.83000e+02  7.76937e-03 
 1.83500e+02  7.77448e-03 
 1.84000e+02  7.45940e-03 
 1.84500e+02  7.46483e-03 
 1.85000e+02  7.32208e-03 
 1.85500e+02  7.17258e-03 
 1.86000e+02  7.42054e-03 
 1.86500e+02  7.67452e-03 
 1.87000e+02  7.42953e-03 
 1.87500e+02  7.29468e-03 
 1.88000e+02  7.29610e-03 
 1.88500e+02  6.93385e-03 
 1.89000e+02  7.32882e-03 
 1.89500e+02  7.09446e-03 
 1.90000e+02  6.92218e-03 
 1.90500e+02  6.78976e-03 
 1.91000e+02  6.90565e-03 
 1.91500e+02  6.70612e-03 
 1.92000e+02  6.38979e-03 
 1.92500e+02  6.08130e-03 
 1.93000e+02  6.04875e-03 
 1.93500e+02  5.85394e-03 
 1.94000e+02  5.67243e-03 
 1.94500e+02  5.32738e-03 
 1.95000e+02  5.18625e-03 
 1.95500e+02  4.96241e-03 
 1.96000e+02  4.88026e-03 
 1.96500e+02  4.44228e-03 
 1.97000e+02  4.38939e-03 
 1.97500e+02  4.20010e-03 
 1.98000e+02  4.07350e-03 
 1.98500e+02  4.26715e-03 
 1.99000e+02  4.00986e-03 
 1.99500e+02  4.02699e-03 
 2.00000e+02  4.00398e-03 
 2.00500e+02  3.76809e-03 
 2.01000e+02  3.54086e-03 
 2.01500e+02  3.51162e-03 
 2.02000e+02  3.09459e-03 
 2.02500e+02  2.74585e-03 
 2.03000e+02  2.69966e-03 
 2.03500e+02  2.34572e-03 
 2.04000e+02  2.33603e-03 
 2.04500e+02  2.17270e-03 
 2.05000e+02  1.85847e-03 
 2.05500e+02  1.78874e-03 
 2.06000e+02  1.81462e-03 
 2.06500e+02  1.69852e-03 
 2.07000e+02  1.45891e-03 
 2.07500e+02  1.36382e-03 
 2.08000e+02  1.29672e-03 
 2.08500e+02  1.15720e-03 
 2.09000e+02  1.04559e-03 
 2.09500e+02  1.05774e-03 
 2.10000e+02  1.05899e-03 
 2.10500e+02  1.11168e-03 
 2.11000e+02  1.09366e-03 
 2.11500e+02  1.13518e-03 
 2.12000e+02  1.01614e-03 
 2.12500e+02  9.30928e-04 
 2.13000e+02  9.09280e-04 
 2.13500e+02  8.95528e-04 
 2.14000e+02  8.67032e-04 
 2.14500e+02  8.77776e-04 
 2.15000e+02  8.90408e-04 
 2.15500e+02  9.13328e-04 
 2.16000e+02  8.74688e-04 
 2.16500e+02  8.55368e-04 
 2.17000e+02  8.47776e-04 
 2.17500e+02  8.77912e-04 
 2.18000e+02  7.99472e-04 
 2.18500e+02  7.72648e-04 
 2.19000e+02  7.32592e-04 
 2.19500e+02  7.37696e-04 
 2.20000e+02  7.41304e-04 
 2.20500e+02  7.35152e-04 
 2.21000e+02  7.27200e-04 
 2.21500e+02  7.42904e-04 
 2.22000e+02  7.61824e-04 
 2.22500e+02  7.87760e-04 
 2.23000e+02  7.25328e-04 
 2.23500e+02  7.23968e-04 
 2.24000e+02  7.29064e-04 
 2.24500e+02  6.69032e-04 
 2.25000e+02  6.85856e-04 
 2.25500e+02  6.73552e-04 
 2.26000e+02  6.90600e-04 
 2.26500e+02  6.71312e-04 
 2.27000e+02  6.49640e-04 
 2.27500e+02  5.99720e-04 
 2.28000e+02  5.93024e-04 
 2.28500e+02  6.10352e-04 
 2.29000e+02  6.16384e-04 
 2.29500e+02  5.78808e-04 
 2.30000e+02  5.86824e-04 
 2.30500e+02  5.81392e-04 
 2.31000e+02  5.90760e-04 
 2.31500e+02  5.86936e-04 
 2.32000e+02  5.90896e-04 
 2.32500e+02  6.21656e-04 
 2.33000e+02  5.82600e-04 
 2.33500e+02  5.91216e-04 
 2.34000e+02  5.67704e-04 
 2.34500e+02  5.72672e-04 
 2.35000e+02  5.39800e-04 
 2.35500e+02  5.55848e-04 
 2.36000e+02  5.44168e-04 
 2.36500e+02  5.32584e-04 
 2.37000e+02  5.48040e-04 
 2.37500e+02  5.40328e-04 
 2.38000e+02  5.22264e-04 
 2.38500e+02  5.32584e-04 
 2.39000e+02  5.46712e-04 
 2.39500e+02  5.22352e-04 
 2.40000e+02  5.33000e-04 
 2.40500e+02  4.99256e-04 
 2.41000e+02  4.78280e-04 
 2.41500e+02  4.63000e-04 
 2.42000e+02  4.63680e-04 
 2.42500e+02  4.56856e-04 
 2.43000e+02  4.54760e-04 
 2.43500e+02  4.78752e-04 
 2.44000e+02  4.51656e-04 
 2.44500e+02  4.60232e-04 
 2.45000e+02  4.47376e-04 
 2.45500e+02  4.25224e-04 
 2.46000e+02  4.33056e-04 
 2.46500e+02  4.27112e-04 
 2.47000e+02  4.16280e-04 
 2.47500e+02  4.27064e-04 
 2.48000e+02  4.28776e-04 
 2.48500e+02  4.23944e-04 
 2.49000e+02  4.01264e-04 
 2.49500e+02  3.94720e-04 
 2.50000e+02  3.57264e-04 
 2.50500e+02  3.41416e-04 
 2.51000e+02  3.16328e-04 
 2.51500e+02  3.23688e-04 
 2.52000e+02  2.99728e-04 
 2.52500e+02  2.90824e-04 
 2.53000e+02  2.82920e-04 
 2.53500e+02  2.86792e-04 
 2.54000e+02  2.78752e-04 
 2.54500e+02  2.61248e-04 
 2.55000e+02  2.63304e-04 
 2.55500e+02  2.62968e-04 
 2.56000e+02  2.52696e-04 
 2.56500e+02  2.63592e-04 
 2.57000e+02  2.50792e-04 
 2.57500e+02  2.38936e-04 
 2.58000e+02  2.38880e-04 
 2.58500e+02  2.48776e-04 
 2.59000e+02  2.47912e-04 
 2.59500e+02  2.57488e-04 
 2.60000e+02  2.54720e-04 
 2.60500e+02  2.46024e-04 
 2.61000e+02  2.33672e-04 
 2.61500e+02  2.37320e-04 
 2.62000e+02  2.39336e-04 
 2.62500e+02  2.36656e-04 
 2.63000e+02  2.39008e-04 
 2.63500e+02  2.47664e-04 
 2.64000e+02  2.54680e-04 
 2.64500e+02  2.55552e-04 
 2.65000e+02  2.66048e-04 
 2.65500e+02  2.74392e-04 
 2.66000e+02  2.84520e-04 
 2.66500e+02  2.99968e-04 
 2.67000e+02  3.23688e-04 
 2.67500e+02  3.44152e-04 
 2.68000e+02  3.69384e-04 
 2.68500e+02  3.53160e-04 
 2.69000e+02  3.22792e-04 
 2.69500e+02  2.91872e-04 
 2.70000e+02  2.46648e-04 
 2.70500e+02  1.85136e-04 
 2.71000e+02  1.65920e-04 
 2.71500e+02  1.42680e-04 
 2.72000e+02  1.19592e-04 
 2.72500e+02  1.13088e-04 
 2.73000e+02  1.11104e-04 
 2.73500e+02  1.10160e-04 
 2.74000e+02  1.00648e-04 
 2.74500e+02  8.87280e-05 
 2.75000e+02  8.92080e-05 
 2.75500e+02  8.58320e-05 
 2.76000e+02  8.98080e-05 
 2.76500e+02  8.98720e-05 
 2.77000e+02  8.95040e-05 
 2.77500e+02  8.54240e-05 
 2.78000e+02  8.57760e-05 
 2.78500e+02  8.11040e-05 
 2.79000e+02  7.85920e-05 
 2.79500e+02  7.99760e-05 
 2.80000e+02  8.50240e-05 
 2.80500e+02  8.06240e-05 
 2.81000e+02  8.37840e-05 
 2.81500e+02  7.79120e-05 
 2.82000e+02  7.81120e-05 
 2.82500e+02  7.83200e-05 
 2.83000e+02  8.11680e-05 
 2.83500e+02  8.22240e-05 
 2.84000e+02  7.97760e-05 
 2.84500e+02  7.99760e-05 
 2.85000e+02  7.92800e-05 
 2.85500e+02  8.00000e-05 
 2.86000e+02  7.79920e-05 
 2.86500e+02  7.42000e-05 
 2.87000e+02  7.68160e-05 
 2.87500e+02  8.23040e-05 
 2.88000e+02  7.18080e-05 
 2.88500e+02  7.15760e-05 
 2.89000e+02  7.27680e-05 
 2.89500e+02  7.24160e-05 
 2.90000e+02  7.56080e-05 
 2.90500e+02  7.66640e-05 
 2.91000e+02  7.64160e-05 
 2.91500e+02  7.69280e-05 
 2.92000e+02  7.66640e-05 
 2.92500e+02  7.85520e-05 
 2.93000e+02  7.95200e-05 
 2.93500e+02  7.77040e-05 
 2.94000e+02  7.50080e-05 
 2.94500e+02  7.55120e-05 
 2.95000e+02  7.46880e-05 
 2.95500e+02  7.73680e-05 
 2.96000e+02  7.80400e-05 
 2.96500e+02  8.05680e-05 
 2.97000e+02  8.05600e-05 
 2.97500e+02  8.30480e-05 
 2.98000e+02  8.41840e-05 
 2.98500e+02  8.63920e-05 
 2.99000e+02  8.67360e-05 
 2.99500e+02  8.74800e-05 
 3.00000e+02  8.62720e-05 
 3.00500e+02  8.99200e-05 
 3.01000e+02  8.89680e-05 
 3.01500e+02  8.93280e-05 
 3.02000e+02  9.28640e-05 
 3.02500e+02  8.70560e-05 
 3.03000e+02  8.71920e-05 
 3.03500e+02  8.72480e-05 
 3.04000e+02  8.94160e-05 
 3.04500e+02  9.03760e-05 
 3.05000e+02  9.10080e-05 
 3.05500e+02  9.19120e-05 
 3.06000e+02  9.37360e-05 
 3.06500e+02  9.63760e-05 
 3.07000e+02  9.61360e-05 
 3.07500e+02  9.80960e-05 
 3.08000e+02  1.00808e-04 
 3.08500e+02  1.06728e-04 
 3.09000e+02  1.05432e-04 
 3.09500e+02  1.11208e-04 
 3.10000e+02  1.13136e-04 
 3.10500e+02  1.09008e-04 
 3.11000e+02  1.11856e-04 
 3.11500e+02  1.16488e-04 
 3.12000e+02  1.18808e-04 
 3.12500e+02  1.21672e-04 
 3.13000e+02  1.29640e-04 
 3.13500e+02  1.39392e-04 
 3.14000e+02  1.37832e-04 
 3.14500e+02  1.43296e-04 
 3.15000e+02  1.47864e-04 
 3.15500e+02  1.56056e-04 
 3.16000e+02  1.68592e-04 
 3.16500e+02  1.80664e-04 
 3.17000e+02  1.97904e-04 
 3.17500e+02  2.19104e-04 
 3.18000e+02  2.35440e-04 
 3.18500e+02  2.84368e-04 
 3.19000e+02  3.64512e-04 
 3.19500e+02  7.95536e-04 
