 0.00000e+00  1.55216e-04 
 5.00000e-01  1.74608e-04 
 1.00000e+00  1.56520e-04 
 1.50000e+00  1.34256e-04 
 2.00000e+00  1.16552e-04 
 2.50000e+00  9.76480e-05 
 3.00000e+00  8.85840e-05 
 3.50000e+00  8.19200e-05 
 4.00000e+00  7.59760e-05 
 4.50000e+00  7.28880e-05 
 5.00000e+00  6.76960e-05 
 5.50000e+00  6.58080e-05 
 6.00000e+00  6.24640e-05 
 6.50000e+00  6.36320e-05 
 7.00000e+00  6.15600e-05 
 7.50000e+00  5.84560e-05 
 8.00000e+00  5.80240e-05 
 8.50000e+00  5.84080e-05 
 9.00000e+00  5.90160e-05 
 9.50000e+00  5.43440e-05 
 1.00000e+01  5.37680e-05 
 1.05000e+01  5.32400e-05 
 1.10000e+01  5.15280e-05 
 1.15000e+01  5.33520e-05 
 1.20000e+01  5.01520e-05 
 1.25000e+01  4.72640e-05 
 1.30000e+01  4.78640e-05 
 1.35000e+01  4.66560e-05 
 1.40000e+01  4.62560e-05 
 1.45000e+01  4.47520e-05 
 1.50000e+01  4.62080e-05 
 1.55000e+01  4.87440e-05 
 1.60000e+01  4.74880e-05 
 1.65000e+01  4.66560e-05 
 1.70000e+01  4.47040e-05 
 1.75000e+01  4.91040e-05 
 1.80000e+01  4.80560e-05 
 1.85000e+01  4.93200e-05 
 1.90000e+01  4.83040e-05 
 1.95000e+01  4.63760e-05 
 2.00000e+01  4.70160e-05 
 2.05000e+01  4.68320e-05 
 2.10000e+01  4.45920e-05 
 2.15000e+01  4.35920e-05 
 2.20000e+01  4.90640e-05 
 2.25000e+01  4.67360e-05 
 2.30000e+01  4.45040e-05 
 2.35000e+01  4.56640e-05 
 2.40000e+01  4.79680e-05 
 2.45000e+01  4.94160e-05 
 2.50000e+01  4.67440e-05 
 2.55000e+01  4.62160e-05 
 2.60000e+01  4.57840e-05 
 2.65000e+01  5.04400e-05 
 2.70000e+01  4.98240e-05 
 2.75000e+01  4.98480e-05 
 2.80000e+01  4.86960e-05 
 2.85000e+01  4.95760e-05 
 2.90000e+01  4.85280e-05 
 2.95000e+01  4.89200e-05 
 3.00000e+01  4.61760e-05 
 3.05000e+01  4.51040e-05 
 3.10000e+01  4.65440e-05 
 3.15000e+01  4.95920e-05 
 3.20000e+01  4.95280e-05 
 3.25000e+01  4.87840e-05 
 3.30000e+01  5.04000e-05 
 3.35000e+01  5.14160e-05 
 3.40000e+01  4.86800e-05 
 3.45000e+01  4.86640e-05 
 3.50000e+01  4.88400e-05 
 3.55000e+01  4.94480e-05 
 3.60000e+01  5.44320e-05 
 3.65000e+01  5.36560e-05 
 3.70000e+01  5.33280e-05 
 3.75000e+01  5.29120e-05 
 3.80000e+01  5.67520e-05 
 3.85000e+01  5.60240e-05 
 3.90000e+01  5.50480e-05 
 3.95000e+01  5.51520e-05 
 4.00000e+01  5.31840e-05 
 4.05000e+01  5.11680e-05 
 4.10000e+01  5.95920e-05 
 4.15000e+01  5.80080e-05 
 4.20000e+01  5.75040e-05 
 4.25000e+01  6.28560e-05 
 4.30000e+01  5.89840e-05 
 4.35000e+01  6.28800e-05 
 4.40000e+01  6.16400e-05 
 4.45000e+01  6.48960e-05 
 4.50000e+01  7.31680e-05 
 4.55000e+01  7.40880e-05 
 4.60000e+01  7.03280e-05 
 4.65000e+01  8.38960e-05 
 4.70000e+01  1.02584e-04 
 4.75000e+01  1.21888e-04 
 4.80000e+01  1.29152e-04 
 4.85000e+01  1.51584e-04 
 4.90000e+01  1.64216e-04 
 4.95000e+01  1.59256e-04 
 5.00000e+01  1.66544e-04 
 5.05000e+01  1.91336e-04 
 5.10000e+01  1.89672e-04 
 5.15000e+01  1.82920e-04 
 5.20000e+01  1.76672e-04 
 5.25000e+01  1.67808e-04 
 5.30000e+01  1.61312e-04 
 5.35000e+01  1.68728e-04 
 5.40000e+01  1.59696e-04 
 5.45000e+01  1.56944e-04 
 5.50000e+01  1.60232e-04 
 5.55000e+01  1.54904e-04 
 5.60000e+01  1.67904e-04 
 5.65000e+01  1.69808e-04 
 5.70000e+01  1.65672e-04 
 5.75000e+01  1.74312e-04 
 5.80000e+01  1.69352e-04 
 5.85000e+01  1.70984e-04 
 5.90000e+01  1.76848e-04 
 5.95000e+01  1.80832e-04 
 6.00000e+01  1.70520e-04 
 6.05000e+01  1.71448e-04 
 6.10000e+01  1.83400e-04 
 6.15000e+01  1.91232e-04 
 6.20000e+01  1.87296e-04 
 6.25000e+01  1.77472e-04 
 6.30000e+01  1.87960e-04 
 6.35000e+01  2.02888e-04 
 6.40000e+01  2.09176e-04 
 6.45000e+01  2.01976e-04 
 6.50000e+01  2.22480e-04 
 6.55000e+01  2.31520e-04 
 6.60000e+01  2.46096e-04 
 6.65000e+01  2.51056e-04 
 6.70000e+01  2.43192e-04 
 6.75000e+01  2.59112e-04 
 6.80000e+01  2.76952e-04 
 6.85000e+01  2.97168e-04 
 6.90000e+01  2.74840e-04 
 6.95000e+01  2.58312e-04 
 7.00000e+01  2.80712e-04 
 7.05000e+01  3.02264e-04 
 7.10000e+01  3.06648e-04 
 7.15000e+01  2.99680e-04 
 7.20000e+01  3.07016e-04 
 7.25000e+01  3.29768e-04 
 7.30000e+01  3.37976e-04 
 7.35000e+01  3.22216e-04 
 7.40000e+01  3.35512e-04 
 7.45000e+01  3.64632e-04 
 7.50000e+01  3.55480e-04 
 7.55000e+01  3.51416e-04 
 7.60000e+01  3.31912e-04 
 7.65000e+01  3.44432e-04 
 7.70000e+01  3.63968e-04 
 7.75000e+01  3.93312e-04 
 7.80000e+01  3.92136e-04 
 7.85000e+01  4.05016e-04 
 7.90000e+01  3.93816e-04 
 7.95000e+01  4.12088e-04 
 8.00000e+01  4.42808e-04 
 8.05000e+01  4.22024e-04 
 8.10000e+01  4.54544e-04 
 8.15000e+01  4.16032e-04 
 8.20000e+01  3.97320e-04 
 8.25000e+01  4.29456e-04 
 8.30000e+01  4.50304e-04 
 8.35000e+01  4.84816e-04 
 8.40000e+01  5.32304e-04 
 8.45000e+01  5.06880e-04 
 8.50000e+01  4.92376e-04 
 8.55000e+01  4.89904e-04 
 8.60000e+01  5.17808e-04 
 8.65000e+01  4.97144e-04 
 8.70000e+01  5.02264e-04 
 8.75000e+01  4.67784e-04 
 8.80000e+01  4.91960e-04 
 8.85000e+01  5.48272e-04 
 8.90000e+01  5.71440e-04 
 8.95000e+01  5.46880e-04 
 9.00000e+01  5.27776e-04 
 9.05000e+01  5.42912e-04 
 9.10000e+01  5.59192e-04 
 9.15000e+01  5.71384e-04 
 9.20000e+01  5.97064e-04 
 9.25000e+01  5.71256e-04 
 9.30000e+01  5.73968e-04 
 9.35000e+01  5.99648e-04 
 9.40000e+01  5.93264e-04 
 9.45000e+01  6.06640e-04 
 9.50000e+01  5.66048e-04 
 9.55000e+01  5.92384e-04 
 9.60000e+01  5.93984e-04 
 9.65000e+01  5.80424e-04 
 9.70000e+01  6.29080e-04 
 9.75000e+01  6.27552e-04 
 9.80000e+01  6.42688e-04 
 9.85000e+01  6.43696e-04 
 9.90000e+01  7.24024e-04 
 9.95000e+01  7.56608e-04 
 1.00000e+02  7.94688e-04 
 1.00500e+02  8.00472e-04 
 1.01000e+02  8.53696e-04 
 1.01500e+02  8.53656e-04 
 1.02000e+02  9.16752e-04 
 1.02500e+02  8.45136e-04 
 1.03000e+02  8.22840e-04 
 1.03500e+02  9.17800e-04 
 1.04000e+02  9.24304e-04 
 1.04500e+02  9.85616e-04 
 1.05000e+02  1.04910e-03 
 1.05500e+02  1.05230e-03 
 1.06000e+02  9.50800e-04 
 1.06500e+02  1.02899e-03 
 1.07000e+02  1.16355e-03 
 1.07500e+02  1.15572e-03 
 1.08000e+02  1.18526e-03 
 1.08500e+02  1.32331e-03 
 1.09000e+02  1.37616e-03 
 1.09500e+02  1.44677e-03 
 1.10000e+02  1.68700e-03 
 1.10500e+02  1.92014e-03 
 1.11000e+02  1.89797e-03 
 1.11500e+02  1.95978e-03 
 1.12000e+02  2.09386e-03 
 1.12500e+02  2.27901e-03 
 1.13000e+02  2.22346e-03 
 1.13500e+02  2.36568e-03 
 1.14000e+02  2.49713e-03 
 1.14500e+02  2.69596e-03 
 1.15000e+02  2.73527e-03 
 1.15500e+02  2.96145e-03 
 1.16000e+02  3.21242e-03 
 1.16500e+02  3.31829e-03 
 1.17000e+02  3.68050e-03 
 1.17500e+02  3.88613e-03 
 1.18000e+02  3.96842e-03 
 1.18500e+02  4.30344e-03 
 1.19000e+02  4.33672e-03 
 1.19500e+02  4.60115e-03 
 1.20000e+02  4.77689e-03 
 1.20500e+02  4.90927e-03 
 1.21000e+02  5.05295e-03 
 1.21500e+02  5.48092e-03 
 1.22000e+02  5.46050e-03 
 1.22500e+02  5.50207e-03 
 1.23000e+02  5.59549e-03 
 1.23500e+02  5.36235e-03 
 1.24000e+02  5.56042e-03 
 1.24500e+02  5.64923e-03 
 1.25000e+02  5.97687e-03 
 1.25500e+02  5.67828e-03 
 1.26000e+02  5.84459e-03 
 1.26500e+02  6.10253e-03 
 1.27000e+02  6.48923e-03 
 1.27500e+02  6.67350e-03 
 1.28000e+02  6.26796e-03 
 1.28500e+02  6.70207e-03 
 1.29000e+02  6.91138e-03 
 1.29500e+02  7.30925e-03 
 1.30000e+02  6.99414e-03 
 1.30500e+02  6.82035e-03 
 1.31000e+02  6.61898e-03 
 1.31500e+02  6.78290e-03 
 1.32000e+02  6.90036e-03 
 1.32500e+02  7.30915e-03 
 1.33000e+02  7.34149e-03 
 1.33500e+02  7.64026e-03 
 1.34000e+02  7.94416e-03 
 1.34500e+02  8.07616e-03 
 1.35000e+02  7.65610e-03 
 1.35500e+02  8.14800e-03 
 1.36000e+02  8.72522e-03 
 1.36500e+02  8.58701e-03 
 1.37000e+02  8.53419e-03 
 1.37500e+02  8.68838e-03 
 1.38000e+02  8.70366e-03 
 1.38500e+02  8.68142e-03 
 1.39000e+02  8.47282e-03 
 1.39500e+02  8.36378e-03 
 1.40000e+02  8.13017e-03 
 1.40500e+02  8.32016e-03 
 1.41000e+02  8.17870e-03 
 1.41500e+02  8.56438e-03 
 1.42000e+02  8.92922e-03 
 1.42500e+02  8.43256e-03 
 1.43000e+02  8.71375e-03 
 1.43500e+02  8.99324e-03 
 1.44000e+02  8.95110e-03 
 1.44500e+02  8.64762e-03 
 1.45000e+02  8.96941e-03 
 1.45500e+02  8.77008e-03 
 1.46000e+02  8.88514e-03 
 1.46500e+02  9.13899e-03 
 1.47000e+02  8.81128e-03 
 1.47500e+02  8.91870e-03 
 1.48000e+02  8.99938e-03 
 1.48500e+02  9.07635e-03 
 1.49000e+02  9.33102e-03 
 1.49500e+02  8.87071e-03 
 1.50000e+02  8.54016e-03 
 1.50500e+02  8.61590e-03 
 1.51000e+02  8.59892e-03 
 1.51500e+02  8.73863e-03 
 1.52000e+02  8.80010e-03 
 1.52500e+02  9.30920e-03 
 1.53000e+02  9.17998e-03 
 1.53500e+02  9.25482e-03 
 1.54000e+02  9.20276e-03 
 1.54500e+02  9.34332e-03 
 1.55000e+02  9.22229e-03 
 1.55500e+02  9.24054e-03 
 1.56000e+02  9.04814e-03 
 1.56500e+02  9.27755e-03 
 1.57000e+02  9.02977e-03 
 1.57500e+02  9.23010e-03 
 1.58000e+02  9.65612e-03 
 1.58500e+02  9.43224e-03 
 1.59000e+02  9.29074e-03 
 1.59500e+02  9.45014e-03 
 1.60000e+02  9.24126e-03 
 1.60500e+02  8.90681e-03 
 1.61000e+02  8.94802e-03 
 1.61500e+02  8.59925e-03 
 1.62000e+02  8.89099e-03 
 1.62500e+02  9.31948e-03 
 1.63000e+02  9.59540e-03 
 1.63500e+02  9.51557e-03 
 1.64000e+02  9.73781e-03 
 1.64500e+02  9.48332e-03 
 1.65000e+02  8.83666e-03 
 1.65500e+02  9.03050e-03 
 1.66000e+02  9.26585e-03 
 1.66500e+02  9.00052e-03 
 1.67000e+02  9.26062e-03 
 1.67500e+02  9.32458e-03 
 1.68000e+02  8.93245e-03 
 1.68500e+02  8.98982e-03 
 1.69000e+02  8.92916e-03 
 1.69500e+02  8.93567e-03 
 1.70000e+02  9.10502e-03 
 1.70500e+02  9.22762e-03 
 1.71000e+02  9.22280e-03 
 1.71500e+02  9.24993e-03 
 1.72000e+02  9.13822e-03 
 1.72500e+02  9.07186e-03 
 1.73000e+02  8.66274e-03 
 1.73500e+02  8.80350e-03 
 1.74000e+02  9.09876e-03 
 1.74500e+02  8.75510e-03 
 1.75000e+02  9.14150e-03 
 1.75500e+02  8.82360e-03 
 1.76000e+02  8.92563e-03 
 1.76500e+02  9.15818e-03 
 1.77000e+02  9.21147e-03 
 1.77500e+02  8.94378e-03 
 1.78000e+02  8.96606e-03 
 1.78500e+02  8.85112e-03 
 1.79000e+02  8.61899e-03 
 1.79500e+02  8.45995e-03 
 1.80000e+02  8.57692e-03 
 1.80500e+02  8.72691e-03 
 1.81000e+02  8.24697e-03 
 1.81500e+02  7.99290e-03 
 1.82000e+02  7.90737e-03 
 1.82500e+02  8.03266e-03 
 1.83000e+02  7.91032e-03 
 1.83500e+02  7.35027e-03 
 1.84000e+02  7.81770e-03 
 1.84500e+02  7.60162e-03 
 1.85000e+02  7.35878e-03 
 1.85500e+02  7.16126e-03 
 1.86000e+02  7.36855e-03 
 1.86500e+02  6.83003e-03 
 1.87000e+02  7.02814e-03 
 1.87500e+02  6.56820e-03 
 1.88000e+02  6.40553e-03 
 1.88500e+02  6.87625e-03 
 1.89000e+02  6.73331e-03 
 1.89500e+02  6.81302e-03 
 1.90000e+02  6.76370e-03 
 1.90500e+02  6.54071e-03 
 1.91000e+02  6.70483e-03 
 1.91500e+02  6.82226e-03 
 1.92000e+02  6.31851e-03 
 1.92500e+02  5.85703e-03 
 1.93000e+02  5.88766e-03 
 1.93500e+02  5.93606e-03 
 1.94000e+02  5.71182e-03 
 1.94500e+02  5.82876e-03 
 1.95000e+02  5.59556e-03 
 1.95500e+02  4.95132e-03 
 1.96000e+02  4.87341e-03 
 1.96500e+02  4.52162e-03 
 1.97000e+02  4.48634e-03 
 1.97500e+02  4.12778e-03 
 1.98000e+02  4.11689e-03 
 1.98500e+02  3.91286e-03 
 1.99000e+02  3.72021e-03 
 1.99500e+02  3.65154e-03 
 2.00000e+02  3.55957e-03 
 2.00500e+02  3.50854e-03 
 2.01000e+02  3.35370e-03 
 2.01500e+02  3.05921e-03 
 2.02000e+02  2.86830e-03 
 2.02500e+02  2.54314e-03 
 2.03000e+02  2.37054e-03 
 2.03500e+02  2.35234e-03 
 2.04000e+02  2.13946e-03 
 2.04500e+02  2.24143e-03 
 2.05000e+02  1.95369e-03 
 2.05500e+02  1.80350e-03 
 2.06000e+02  1.71393e-03 
 2.06500e+02  1.65963e-03 
 2.07000e+02  1.51619e-03 
 2.07500e+02  1.44511e-03 
 2.08000e+02  1.37963e-03 
 2.08500e+02  1.31348e-03 
 2.09000e+02  1.16944e-03 
 2.09500e+02  1.22221e-03 
 2.10000e+02  1.11988e-03 
 2.10500e+02  1.09904e-03 
 2.11000e+02  9.90312e-04 
 2.11500e+02  9.65584e-04 
 2.12000e+02  9.67816e-04 
 2.12500e+02  9.78512e-04 
 2.13000e+02  9.53528e-04 
 2.13500e+02  8.84976e-04 
 2.14000e+02  8.72128e-04 
 2.14500e+02  8.51784e-04 
 2.15000e+02  8.76800e-04 
 2.15500e+02  8.49792e-04 
 2.16000e+02  8.18152e-04 
 2.16500e+02  7.77000e-04 
 2.17000e+02  7.82904e-04 
 2.17500e+02  8.23816e-04 
 2.18000e+02  8.09736e-04 
 2.18500e+02  7.58496e-04 
 2.19000e+02  7.39712e-04 
 2.19500e+02  7.65088e-04 
 2.20000e+02  7.09312e-04 
 2.20500e+02  7.17008e-04 
 2.21000e+02  6.60792e-04 
 2.21500e+02  6.87160e-04 
 2.22000e+02  6.51240e-04 
 2.22500e+02  6.23840e-04 
 2.23000e+02  6.36192e-04 
 2.23500e+02  6.09192e-04 
 2.24000e+02  6.05560e-04 
 2.24500e+02  6.34976e-04 
 2.25000e+02  6.13224e-04 
 2.25500e+02  6.09280e-04 
 2.26000e+02  5.97128e-04 
 2.26500e+02  6.00552e-04 
 2.27000e+02  5.89696e-04 
 2.27500e+02  6.18048e-04 
 2.28000e+02  6.22008e-04 
 2.28500e+02  6.40448e-04 
 2.29000e+02  6.39056e-04 
 2.29500e+02  6.52904e-04 
 2.30000e+02  5.85968e-04 
 2.30500e+02  5.98744e-04 
 2.31000e+02  5.47192e-04 
 2.31500e+02  5.56376e-04 
 2.32000e+02  5.58064e-04 
 2.32500e+02  5.31568e-04 
 2.33000e+02  5.18352e-04 
 2.33500e+02  5.16848e-04 
 2.34000e+02  5.14008e-04 
 2.34500e+02  5.09424e-04 
 2.35000e+02  4.87432e-04 
 2.35500e+02  4.60120e-04 
 2.36000e+02  4.74360e-04 
 2.36500e+02  4.93600e-04 
 2.37000e+02  4.88688e-04 
 2.37500e+02  4.86872e-04 
 2.38000e+02  5.12472e-04 
 2.38500e+02  4.98056e-04 
 2.39000e+02  4.87976e-04 
 2.39500e+02  4.64432e-04 
 2.40000e+02  4.62832e-04 
 2.40500e+02  4.94568e-04 
 2.41000e+02  5.13464e-04 
 2.41500e+02  4.81600e-04 
 2.42000e+02  4.67344e-04 
 2.42500e+02  4.59080e-04 
 2.43000e+02  4.61072e-04 
 2.43500e+02  4.67560e-04 
 2.44000e+02  4.32640e-04 
 2.44500e+02  4.31464e-04 
 2.45000e+02  4.18296e-04 
 2.45500e+02  4.13176e-04 
 2.46000e+02  4.27576e-04 
 2.46500e+02  4.35848e-04 
 2.47000e+02  4.20696e-04 
 2.47500e+02  3.98872e-04 
 2.48000e+02  4.14872e-04 
 2.48500e+02  3.86256e-04 
 2.49000e+02  3.69328e-04 
 2.49500e+02  3.54200e-04 
 2.50000e+02  3.35288e-04 
 2.50500e+02  3.35824e-04 
 2.51000e+02  3.32952e-04 
 2.51500e+02  3.09808e-04 
 2.52000e+02  3.24144e-04 
 2.52500e+02  3.19600e-04 
 2.53000e+02  3.07616e-04 
 2.53500e+02  2.92696e-04 
 2.54000e+02  2.61768e-04 
 2.54500e+02  2.37992e-04 
 2.55000e+02  2.35688e-04 
 2.55500e+02  2.47560e-04 
 2.56000e+02  2.44632e-04 
 2.56500e+02  2.35248e-04 
 2.57000e+02  2.40864e-04 
 2.57500e+02  2.43160e-04 
 2.58000e+02  2.42768e-04 
 2.58500e+02  2.44920e-04 
 2.59000e+02  2.42608e-04 
 2.59500e+02  2.40368e-04 
 2.60000e+02  2.46032e-04 
 2.60500e+02  2.34072e-04 
 2.61000e+02  2.29760e-04 
 2.61500e+02  2.30808e-04 
 2.62000e+02  2.45624e-04 
 2.62500e+02  2.36608e-04 
 2.63000e+02  2.36096e-04 
 2.63500e+02  2.32632e-04 
 2.64000e+02  2.31656e-04 
 2.64500e+02  2.32080e-04 
 2.65000e+02  2.41672e-04 
 2.65500e+02  2.54352e-04 
 2.66000e+02  2.69600e-04 
 2.66500e+02  2.78256e-04 
 2.67000e+02  2.91032e-04 
 2.67500e+02  3.23704e-04 
 2.68000e+02  3.30864e-04 
 2.68500e+02  3.23104e-04 
 2.69000e+02  2.95984e-04 
 2.69500e+02  3.04768e-04 
 2.70000e+02  2.42632e-04 
 2.70500e+02  1.99416e-04 
 2.71000e+02  1.66248e-04 
 2.71500e+02  1.35144e-04 
 2.72000e+02  1.27672e-04 
 2.72500e+02  1.18928e-04 
 2.73000e+02  1.10488e-04 
 2.73500e+02  1.02536e-04 
 2.74000e+02  1.04088e-04 
 2.74500e+02  9.98240e-05 
 2.75000e+02  1.06384e-04 
 2.75500e+02  1.09640e-04 
 2.76000e+02  1.01976e-04 
 2.76500e+02  9.55520e-05 
 2.77000e+02  9.45040e-05 
 2.77500e+02  9.05280e-05 
 2.78000e+02  9.11200e-05 
 2.78500e+02  9.28880e-05 
 2.79000e+02  9.15520e-05 
 2.79500e+02  8.99920e-05 
 2.80000e+02  8.71760e-05 
 2.80500e+02  8.82400e-05 
 2.81000e+02  9.22000e-05 
 2.81500e+02  8.83040e-05 
 2.82000e+02  9.31280e-05 
 2.82500e+02  8.50720e-05 
 2.83000e+02  8.58880e-05 
 2.83500e+02  8.70160e-05 
 2.84000e+02  8.15440e-05 
 2.84500e+02  8.33200e-05 
 2.85000e+02  8.72800e-05 
 2.85500e+02  8.40800e-05 
 2.86000e+02  8.20080e-05 
 2.86500e+02  8.02560e-05 
 2.87000e+02  8.00160e-05 
 2.87500e+02  8.32000e-05 
 2.88000e+02  8.11040e-05 
 2.88500e+02  8.42320e-05 
 2.89000e+02  8.39760e-05 
 2.89500e+02  8.86560e-05 
 2.90000e+02  8.38320e-05 
 2.90500e+02  8.68640e-05 
 2.91000e+02  8.86400e-05 
 2.91500e+02  8.56160e-05 
 2.92000e+02  8.59840e-05 
 2.92500e+02  8.91440e-05 
 2.93000e+02  8.30400e-05 
 2.93500e+02  7.95440e-05 
 2.94000e+02  8.38880e-05 
 2.94500e+02  8.66880e-05 
 2.95000e+02  8.37200e-05 
 2.95500e+02  7.97600e-05 
 2.96000e+02  8.30560e-05 
 2.96500e+02  8.50560e-05 
 2.97000e+02  8.50880e-05 
 2.97500e+02  8.81520e-05 
 2.98000e+02  8.53040e-05 
 2.98500e+02  8.54240e-05 
 2.99000e+02  8.34400e-05 
 2.99500e+02  8.42880e-05 
 3.00000e+02  8.81840e-05 
 3.00500e+02  8.92720e-05 
 3.01000e+02  9.19440e-05 
 3.01500e+02  9.10400e-05 
 3.02000e+02  9.56800e-05 
 3.02500e+02  9.34880e-05 
 3.03000e+02  9.59520e-05 
 3.03500e+02  9.52240e-05 
 3.04000e+02  9.97680e-05 
 3.04500e+02  9.50880e-05 
 3.05000e+02  9.58480e-05 
 3.05500e+02  9.49840e-05 
 3.06000e+02  9.66560e-05 
 3.06500e+02  9.98960e-05 
 3.07000e+02  1.03640e-04 
 3.07500e+02  1.02736e-04 
 3.08000e+02  1.06352e-04 
 3.08500e+02  1.04928e-04 
 3.09000e+02  1.09416e-04 
 3.09500e+02  1.11848e-04 
 3.10000e+02  1.15008e-04 
 3.10500e+02  1.15264e-04 
 3.11000e+02  1.19592e-04 
 3.11500e+02  1.21392e-04 
 3.12000e+02  1.25736e-04 
 3.12500e+02  1.28192e-04 
 3.13000e+02  1.32624e-04 
 3.13500e+02  1.38952e-04 
 3.14000e+02  1.42312e-04 
 3.14500e+02  1.49320e-04 
 3.15000e+02  1.58424e-04 
 3.15500e+02  1.65464e-04 
 3.16000e+02  1.74416e-04 
 3.16500e+02  1.90736e-04 
 3.17000e+02  2.10960e-04 
 3.17500e+02  2.34888e-04 
 3.18000e+02  2.56568e-04 
 3.18500e+02  2.98552e-04 
 3.19000e+02  3.84320e-04 
 3.19500e+02  8.18840e-04 
