 0.00000e+00  1.37552e-04 
 5.00000e-01  1.65096e-04 
 1.00000e+00  1.45912e-04 
 1.50000e+00  1.16784e-04 
 2.00000e+00  9.83440e-05 
 2.50000e+00  8.75040e-05 
 3.00000e+00  7.88000e-05 
 3.50000e+00  7.26240e-05 
 4.00000e+00  6.70480e-05 
 4.50000e+00  6.46720e-05 
 5.00000e+00  6.07360e-05 
 5.50000e+00  5.92320e-05 
 6.00000e+00  5.57680e-05 
 6.50000e+00  5.43520e-05 
 7.00000e+00  5.48000e-05 
 7.50000e+00  5.35280e-05 
 8.00000e+00  5.27760e-05 
 8.50000e+00  5.18400e-05 
 9.00000e+00  4.95840e-05 
 9.50000e+00  4.76320e-05 
 1.00000e+01  4.75120e-05 
 1.05000e+01  4.73680e-05 
 1.10000e+01  4.52160e-05 
 1.15000e+01  4.55680e-05 
 1.20000e+01  4.73600e-05 
 1.25000e+01  4.52320e-05 
 1.30000e+01  4.61440e-05 
 1.35000e+01  4.68640e-05 
 1.40000e+01  4.56640e-05 
 1.45000e+01  4.34480e-05 
 1.50000e+01  4.42720e-05 
 1.55000e+01  4.64160e-05 
 1.60000e+01  4.39280e-05 
 1.65000e+01  4.39520e-05 
 1.70000e+01  4.31120e-05 
 1.75000e+01  4.48000e-05 
 1.80000e+01  4.37200e-05 
 1.85000e+01  4.17360e-05 
 1.90000e+01  4.20720e-05 
 1.95000e+01  4.18880e-05 
 2.00000e+01  3.98320e-05 
 2.05000e+01  4.24480e-05 
 2.10000e+01  4.71600e-05 
 2.15000e+01  4.41200e-05 
 2.20000e+01  4.22160e-05 
 2.25000e+01  4.32480e-05 
 2.30000e+01  4.38080e-05 
 2.35000e+01  4.28720e-05 
 2.40000e+01  4.15200e-05 
 2.45000e+01  4.38800e-05 
 2.50000e+01  4.28320e-05 
 2.55000e+01  4.28160e-05 
 2.60000e+01  4.30000e-05 
 2.65000e+01  4.13760e-05 
 2.70000e+01  4.38960e-05 
 2.75000e+01  4.26160e-05 
 2.80000e+01  4.08160e-05 
 2.85000e+01  4.19360e-05 
 2.90000e+01  4.50640e-05 
 2.95000e+01  4.22160e-05 
 3.00000e+01  4.25920e-05 
 3.05000e+01  4.06480e-05 
 3.10000e+01  4.18960e-05 
 3.15000e+01  4.32720e-05 
 3.20000e+01  4.30640e-05 
 3.25000e+01  4.25200e-05 
 3.30000e+01  4.37200e-05 
 3.35000e+01  4.68880e-05 
 3.40000e+01  4.49760e-05 
 3.45000e+01  4.57840e-05 
 3.50000e+01  4.43200e-05 
 3.55000e+01  4.43280e-05 
 3.60000e+01  4.69040e-05 
 3.65000e+01  4.80000e-05 
 3.70000e+01  4.54080e-05 
 3.75000e+01  4.63680e-05 
 3.80000e+01  4.71120e-05 
 3.85000e+01  4.55840e-05 
 3.90000e+01  4.61920e-05 
 3.95000e+01  4.75040e-05 
 4.00000e+01  5.02960e-05 
 4.05000e+01  5.32640e-05 
 4.10000e+01  5.43680e-05 
 4.15000e+01  5.71040e-05 
 4.20000e+01  5.72480e-05 
 4.25000e+01  5.73280e-05 
 4.30000e+01  5.63760e-05 
 4.35000e+01  6.36960e-05 
 4.40000e+01  6.58320e-05 
 4.45000e+01  6.09760e-05 
 4.50000e+01  6.25760e-05 
 4.55000e+01  7.35280e-05 
 4.60000e+01  7.44080e-05 
 4.65000e+01  7.19680e-05 
 4.70000e+01  9.06800e-05 
 4.75000e+01  1.06536e-04 
 4.80000e+01  1.11760e-04 
 4.85000e+01  1.39104e-04 
 4.90000e+01  1.49528e-04 
 4.95000e+01  1.82424e-04 
 5.00000e+01  1.86104e-04 
 5.05000e+01  1.92992e-04 
 5.10000e+01  2.08296e-04 
 5.15000e+01  1.96544e-04 
 5.20000e+01  1.87968e-04 
 5.25000e+01  1.78064e-04 
 5.30000e+01  1.71920e-04 
 5.35000e+01  1.68000e-04 
 5.40000e+01  1.65416e-04 
 5.45000e+01  1.65136e-04 
 5.50000e+01  1.68216e-04 
 5.55000e+01  1.68272e-04 
 5.60000e+01  1.71952e-04 
 5.65000e+01  1.65120e-04 
 5.70000e+01  1.58784e-04 
 5.75000e+01  1.70584e-04 
 5.80000e+01  1.71928e-04 
 5.85000e+01  1.69608e-04 
 5.90000e+01  1.67664e-04 
 5.95000e+01  1.68056e-04 
 6.00000e+01  1.82840e-04 
 6.05000e+01  1.88120e-04 
 6.10000e+01  1.90624e-04 
 6.15000e+01  1.93912e-04 
 6.20000e+01  1.88240e-04 
 6.25000e+01  1.86400e-04 
 6.30000e+01  1.96232e-04 
 6.35000e+01  1.93936e-04 
 6.40000e+01  2.14824e-04 
 6.45000e+01  2.18912e-04 
 6.50000e+01  2.09184e-04 
 6.55000e+01  2.06480e-04 
 6.60000e+01  2.04024e-04 
 6.65000e+01  2.15544e-04 
 6.70000e+01  2.39760e-04 
 6.75000e+01  2.39024e-04 
 6.80000e+01  2.53384e-04 
 6.85000e+01  2.49384e-04 
 6.90000e+01  2.80664e-04 
 6.95000e+01  2.91552e-04 
 7.00000e+01  2.77424e-04 
 7.05000e+01  2.81768e-04 
 7.10000e+01  3.00504e-04 
 7.15000e+01  2.99240e-04 
 7.20000e+01  3.04640e-04 
 7.25000e+01  3.16808e-04 
 7.30000e+01  3.06888e-04 
 7.35000e+01  3.19160e-04 
 7.40000e+01  3.27232e-04 
 7.45000e+01  3.64208e-04 
 7.50000e+01  3.48016e-04 
 7.55000e+01  3.48672e-04 
 7.60000e+01  3.74000e-04 
 7.65000e+01  3.72336e-04 
 7.70000e+01  3.91440e-04 
 7.75000e+01  3.96968e-04 
 7.80000e+01  3.88424e-04 
 7.85000e+01  3.74096e-04 
 7.90000e+01  4.16792e-04 
 7.95000e+01  4.30424e-04 
 8.00000e+01  4.31584e-04 
 8.05000e+01  4.83104e-04 
 8.10000e+01  4.56464e-04 
 8.15000e+01  4.81424e-04 
 8.20000e+01  4.92848e-04 
 8.25000e+01  4.71720e-04 
 8.30000e+01  4.70112e-04 
 8.35000e+01  4.73824e-04 
 8.40000e+01  4.84672e-04 
 8.45000e+01  4.94384e-04 
 8.50000e+01  4.60728e-04 
 8.55000e+01  4.69008e-04 
 8.60000e+01  4.97632e-04 
 8.65000e+01  4.88712e-04 
 8.70000e+01  4.52280e-04 
 8.75000e+01  4.66584e-04 
 8.80000e+01  5.21872e-04 
 8.85000e+01  5.09720e-04 
 8.90000e+01  4.66584e-04 
 8.95000e+01  4.91592e-04 
 9.00000e+01  4.99368e-04 
 9.05000e+01  5.24048e-04 
 9.10000e+01  5.42176e-04 
 9.15000e+01  5.13528e-04 
 9.20000e+01  5.22640e-04 
 9.25000e+01  5.17808e-04 
 9.30000e+01  5.37480e-04 
 9.35000e+01  5.48680e-04 
 9.40000e+01  5.34632e-04 
 9.45000e+01  5.08040e-04 
 9.50000e+01  4.83936e-04 
 9.55000e+01  5.21176e-04 
 9.60000e+01  5.51816e-04 
 9.65000e+01  6.06208e-04 
 9.70000e+01  5.97776e-04 
 9.75000e+01  6.76288e-04 
 9.80000e+01  6.92960e-04 
 9.85000e+01  7.01152e-04 
 9.90000e+01  6.67552e-04 
 9.95000e+01  6.91064e-04 
 1.00000e+02  6.99384e-04 
 1.00500e+02  7.04200e-04 
 1.01000e+02  7.50256e-04 
 1.01500e+02  7.50864e-04 
 1.02000e+02  7.61880e-04 
 1.02500e+02  7.16016e-04 
 1.03000e+02  8.40920e-04 
 1.03500e+02  8.11872e-04 
 1.04000e+02  8.29224e-04 
 1.04500e+02  7.90968e-04 
 1.05000e+02  7.94984e-04 
 1.05500e+02  8.31856e-04 
 1.06000e+02  8.53872e-04 
 1.06500e+02  9.00056e-04 
 1.07000e+02  8.83288e-04 
 1.07500e+02  9.05984e-04 
 1.08000e+02  1.07760e-03 
 1.08500e+02  1.14219e-03 
 1.09000e+02  1.21286e-03 
 1.09500e+02  1.33650e-03 
 1.10000e+02  1.39702e-03 
 1.10500e+02  1.45086e-03 
 1.11000e+02  1.54161e-03 
 1.11500e+02  1.79874e-03 
 1.12000e+02  1.70366e-03 
 1.12500e+02  1.88982e-03 
 1.13000e+02  2.30234e-03 
 1.13500e+02  2.39796e-03 
 1.14000e+02  2.59430e-03 
 1.14500e+02  2.79752e-03 
 1.15000e+02  3.02786e-03 
 1.15500e+02  3.17831e-03 
 1.16000e+02  3.59421e-03 
 1.16500e+02  3.56492e-03 
 1.17000e+02  3.85218e-03 
 1.17500e+02  4.14198e-03 
 1.18000e+02  4.49505e-03 
 1.18500e+02  4.60024e-03 
 1.19000e+02  4.58567e-03 
 1.19500e+02  4.63506e-03 
 1.20000e+02  4.95813e-03 
 1.20500e+02  5.15833e-03 
 1.21000e+02  5.22043e-03 
 1.21500e+02  5.47689e-03 
 1.22000e+02  5.29178e-03 
 1.22500e+02  5.18138e-03 
 1.23000e+02  5.09141e-03 
 1.23500e+02  5.71358e-03 
 1.24000e+02  5.55794e-03 
 1.24500e+02  5.44830e-03 
 1.25000e+02  5.85910e-03 
 1.25500e+02  6.08729e-03 
 1.26000e+02  6.12646e-03 
 1.26500e+02  6.27324e-03 
 1.27000e+02  6.45161e-03 
 1.27500e+02  6.62621e-03 
 1.28000e+02  6.63009e-03 
 1.28500e+02  6.79488e-03 
 1.29000e+02  6.94846e-03 
 1.29500e+02  6.85114e-03 
 1.30000e+02  7.19732e-03 
 1.30500e+02  7.55750e-03 
 1.31000e+02  7.36897e-03 
 1.31500e+02  7.38212e-03 
 1.32000e+02  7.32696e-03 
 1.32500e+02  7.37091e-03 
 1.33000e+02  7.78859e-03 
 1.33500e+02  7.68428e-03 
 1.34000e+02  7.60758e-03 
 1.34500e+02  7.68757e-03 
 1.35000e+02  7.90384e-03 
 1.35500e+02  8.17294e-03 
 1.36000e+02  8.33734e-03 
 1.36500e+02  8.33994e-03 
 1.37000e+02  8.30779e-03 
 1.37500e+02  8.10617e-03 
 1.38000e+02  8.04955e-03 
 1.38500e+02  8.37929e-03 
 1.39000e+02  8.39178e-03 
 1.39500e+02  8.23748e-03 
 1.40000e+02  7.96224e-03 
 1.40500e+02  8.31360e-03 
 1.41000e+02  8.68830e-03 
 1.41500e+02  8.77388e-03 
 1.42000e+02  8.61700e-03 
 1.42500e+02  8.66410e-03 
 1.43000e+02  8.96008e-03 
 1.43500e+02  8.70173e-03 
 1.44000e+02  8.90598e-03 
 1.44500e+02  8.67966e-03 
 1.45000e+02  8.66953e-03 
 1.45500e+02  9.07726e-03 
 1.46000e+02  9.16787e-03 
 1.46500e+02  9.14850e-03 
 1.47000e+02  9.28509e-03 
 1.47500e+02  9.60026e-03 
 1.48000e+02  9.57493e-03 
 1.48500e+02  9.56125e-03 
 1.49000e+02  9.30833e-03 
 1.49500e+02  9.30788e-03 
 1.50000e+02  9.42758e-03 
 1.50500e+02  9.08897e-03 
 1.51000e+02  9.16022e-03 
 1.51500e+02  9.52763e-03 
 1.52000e+02  9.52559e-03 
 1.52500e+02  9.57782e-03 
 1.53000e+02  9.98554e-03 
 1.53500e+02  9.69006e-03 
 1.54000e+02  9.70101e-03 
 1.54500e+02  9.50818e-03 
 1.55000e+02  9.47599e-03 
 1.55500e+02  9.35804e-03 
 1.56000e+02  9.38931e-03 
 1.56500e+02  9.10785e-03 
 1.57000e+02  9.23446e-03 
 1.57500e+02  9.24199e-03 
 1.58000e+02  9.16666e-03 
 1.58500e+02  9.31092e-03 
 1.59000e+02  9.84750e-03 
 1.59500e+02  9.78765e-03 
 1.60000e+02  1.00117e-02 
 1.60500e+02  9.63802e-03 
 1.61000e+02  9.66170e-03 
 1.61500e+02  9.45174e-03 
 1.62000e+02  9.59926e-03 
 1.62500e+02  9.56896e-03 
 1.63000e+02  9.68419e-03 
 1.63500e+02  9.82867e-03 
 1.64000e+02  1.00350e-02 
 1.64500e+02  9.99465e-03 
 1.65000e+02  1.00964e-02 
 1.65500e+02  9.45944e-03 
 1.66000e+02  9.11290e-03 
 1.66500e+02  9.31718e-03 
 1.67000e+02  9.48637e-03 
 1.67500e+02  9.11206e-03 
 1.68000e+02  8.96578e-03 
 1.68500e+02  8.96100e-03 
 1.69000e+02  8.95510e-03 
 1.69500e+02  8.55334e-03 
 1.70000e+02  8.84366e-03 
 1.70500e+02  8.94480e-03 
 1.71000e+02  9.60777e-03 
 1.71500e+02  9.38933e-03 
 1.72000e+02  9.61522e-03 
 1.72500e+02  9.61678e-03 
 1.73000e+02  9.34490e-03 
 1.73500e+02  8.93107e-03 
 1.74000e+02  8.98854e-03 
 1.74500e+02  9.14858e-03 
 1.75000e+02  8.77262e-03 
 1.75500e+02  8.98448e-03 
 1.76000e+02  8.79046e-03 
 1.76500e+02  8.76576e-03 
 1.77000e+02  8.55607e-03 
 1.77500e+02  8.31902e-03 
 1.78000e+02  8.35710e-03 
 1.78500e+02  7.93448e-03 
 1.79000e+02  7.80720e-03 
 1.79500e+02  8.15424e-03 
 1.80000e+02  7.87646e-03 
 1.80500e+02  8.21014e-03 
 1.81000e+02  8.15977e-03 
 1.81500e+02  8.11883e-03 
 1.82000e+02  8.32833e-03 
 1.82500e+02  8.34999e-03 
 1.83000e+02  8.19325e-03 
 1.83500e+02  8.08830e-03 
 1.84000e+02  8.05473e-03 
 1.84500e+02  7.92528e-03 
 1.85000e+02  7.87724e-03 
 1.85500e+02  7.66872e-03 
 1.86000e+02  7.67730e-03 
 1.86500e+02  7.65335e-03 
 1.87000e+02  7.47009e-03 
 1.87500e+02  7.10474e-03 
 1.88000e+02  6.73689e-03 
 1.88500e+02  6.69728e-03 
 1.89000e+02  6.50459e-03 
 1.89500e+02  6.30492e-03 
 1.90000e+02  6.44706e-03 
 1.90500e+02  6.17720e-03 
 1.91000e+02  6.18099e-03 
 1.91500e+02  6.31354e-03 
 1.92000e+02  5.92928e-03 
 1.92500e+02  6.01386e-03 
 1.93000e+02  6.10343e-03 
 1.93500e+02  5.91348e-03 
 1.94000e+02  5.80166e-03 
 1.94500e+02  5.40490e-03 
 1.95000e+02  4.96975e-03 
 1.95500e+02  4.86954e-03 
 1.96000e+02  4.99358e-03 
 1.96500e+02  5.03839e-03 
 1.97000e+02  5.03492e-03 
 1.97500e+02  4.96045e-03 
 1.98000e+02  4.57030e-03 
 1.98500e+02  4.53822e-03 
 1.99000e+02  4.56324e-03 
 1.99500e+02  4.64698e-03 
 2.00000e+02  4.68130e-03 
 2.00500e+02  4.62438e-03 
 2.01000e+02  4.02542e-03 
 2.01500e+02  3.68674e-03 
 2.02000e+02  3.57615e-03 
 2.02500e+02  3.33074e-03 
 2.03000e+02  2.98052e-03 
 2.03500e+02  2.60418e-03 
 2.04000e+02  2.54158e-03 
 2.04500e+02  2.44026e-03 
 2.05000e+02  2.23054e-03 
 2.05500e+02  2.02654e-03 
 2.06000e+02  1.90658e-03 
 2.06500e+02  1.77715e-03 
 2.07000e+02  1.53366e-03 
 2.07500e+02  1.38917e-03 
 2.08000e+02  1.37379e-03 
 2.08500e+02  1.31477e-03 
 2.09000e+02  1.26221e-03 
 2.09500e+02  1.15660e-03 
 2.10000e+02  1.19039e-03 
 2.10500e+02  1.18548e-03 
 2.11000e+02  1.06330e-03 
 2.11500e+02  1.00287e-03 
 2.12000e+02  1.01518e-03 
 2.12500e+02  1.07846e-03 
 2.13000e+02  1.08474e-03 
 2.13500e+02  1.05802e-03 
 2.14000e+02  1.01385e-03 
 2.14500e+02  1.04146e-03 
 2.15000e+02  9.25544e-04 
 2.15500e+02  9.19592e-04 
 2.16000e+02  8.50384e-04 
 2.16500e+02  8.92544e-04 
 2.17000e+02  8.70832e-04 
 2.17500e+02  7.85976e-04 
 2.18000e+02  8.07488e-04 
 2.18500e+02  7.93008e-04 
 2.19000e+02  8.00448e-04 
 2.19500e+02  8.11944e-04 
 2.20000e+02  8.19480e-04 
 2.20500e+02  8.18696e-04 
 2.21000e+02  8.51776e-04 
 2.21500e+02  7.42968e-04 
 2.22000e+02  7.28848e-04 
 2.22500e+02  7.54880e-04 
 2.23000e+02  7.59136e-04 
 2.23500e+02  7.32520e-04 
 2.24000e+02  6.58544e-04 
 2.24500e+02  6.85048e-04 
 2.25000e+02  6.64736e-04 
 2.25500e+02  6.49984e-04 
 2.26000e+02  6.71920e-04 
 2.26500e+02  6.63824e-04 
 2.27000e+02  6.33560e-04 
 2.27500e+02  6.23952e-04 
 2.28000e+02  6.41640e-04 
 2.28500e+02  5.98264e-04 
 2.29000e+02  5.78344e-04 
 2.29500e+02  6.19288e-04 
 2.30000e+02  5.68224e-04 
 2.30500e+02  5.73880e-04 
 2.31000e+02  5.76712e-04 
 2.31500e+02  5.61328e-04 
 2.32000e+02  5.31016e-04 
 2.32500e+02  5.39832e-04 
 2.33000e+02  5.62728e-04 
 2.33500e+02  5.45896e-04 
 2.34000e+02  5.37704e-04 
 2.34500e+02  5.25960e-04 
 2.35000e+02  5.15184e-04 
 2.35500e+02  5.27888e-04 
 2.36000e+02  5.02408e-04 
 2.36500e+02  5.19792e-04 
 2.37000e+02  5.15752e-04 
 2.37500e+02  5.30000e-04 
 2.38000e+02  5.26904e-04 
 2.38500e+02  5.37544e-04 
 2.39000e+02  5.18904e-04 
 2.39500e+02  5.10344e-04 
 2.40000e+02  4.65336e-04 
 2.40500e+02  4.79832e-04 
 2.41000e+02  4.75680e-04 
 2.41500e+02  4.41672e-04 
 2.42000e+02  4.37008e-04 
 2.42500e+02  4.38144e-04 
 2.43000e+02  4.70280e-04 
 2.43500e+02  4.72704e-04 
 2.44000e+02  4.52792e-04 
 2.44500e+02  4.56512e-04 
 2.45000e+02  4.34840e-04 
 2.45500e+02  4.17920e-04 
 2.46000e+02  4.16608e-04 
 2.46500e+02  3.89024e-04 
 2.47000e+02  3.84344e-04 
 2.47500e+02  3.67864e-04 
 2.48000e+02  3.43312e-04 
 2.48500e+02  3.29632e-04 
 2.49000e+02  3.23168e-04 
 2.49500e+02  3.12600e-04 
 2.50000e+02  3.18208e-04 
 2.50500e+02  3.29592e-04 
 2.51000e+02  3.27336e-04 
 2.51500e+02  3.07496e-04 
 2.52000e+02  2.87144e-04 
 2.52500e+02  2.80392e-04 
 2.53000e+02  2.97112e-04 
 2.53500e+02  2.87896e-04 
 2.54000e+02  2.82928e-04 
 2.54500e+02  2.69784e-04 
 2.55000e+02  2.59560e-04 
 2.55500e+02  2.55880e-04 
 2.56000e+02  2.54672e-04 
 2.56500e+02  2.53248e-04 
 2.57000e+02  2.39656e-04 
 2.57500e+02  2.46808e-04 
 2.58000e+02  2.58872e-04 
 2.58500e+02  2.44472e-04 
 2.59000e+02  2.45472e-04 
 2.59500e+02  2.33392e-04 
 2.60000e+02  2.46416e-04 
 2.60500e+02  2.39104e-04 
 2.61000e+02  2.41336e-04 
 2.61500e+02  2.35312e-04 
 2.62000e+02  2.37208e-04 
 2.62500e+02  2.51888e-04 
 2.63000e+02  2.48832e-04 
 2.63500e+02  2.46264e-04 
 2.64000e+02  2.49840e-04 
 2.64500e+02  2.53080e-04 
 2.65000e+02  2.65248e-04 
 2.65500e+02  2.74016e-04 
 2.66000e+02  2.89792e-04 
 2.66500e+02  3.14104e-04 
 2.67000e+02  3.26720e-04 
 2.67500e+02  3.14216e-04 
 2.68000e+02  3.22960e-04 
 2.68500e+02  3.13552e-04 
 2.69000e+02  3.12168e-04 
 2.69500e+02  2.87944e-04 
 2.70000e+02  2.35936e-04 
 2.70500e+02  1.98448e-04 
 2.71000e+02  1.52480e-04 
 2.71500e+02  1.36040e-04 
 2.72000e+02  1.29616e-04 
 2.72500e+02  1.21816e-04 
 2.73000e+02  1.10224e-04 
 2.73500e+02  1.08376e-04 
 2.74000e+02  1.10656e-04 
 2.74500e+02  1.08128e-04 
 2.75000e+02  1.01016e-04 
 2.75500e+02  9.30720e-05 
 2.76000e+02  8.95680e-05 
 2.76500e+02  9.18240e-05 
 2.77000e+02  9.59040e-05 
 2.77500e+02  8.98640e-05 
 2.78000e+02  8.64960e-05 
 2.78500e+02  8.53440e-05 
 2.79000e+02  8.72800e-05 
 2.79500e+02  8.44160e-05 
 2.80000e+02  8.66560e-05 
 2.80500e+02  8.43280e-05 
 2.81000e+02  8.37760e-05 
 2.81500e+02  8.09200e-05 
 2.82000e+02  7.84320e-05 
 2.82500e+02  8.21280e-05 
 2.83000e+02  8.12080e-05 
 2.83500e+02  7.71840e-05 
 2.84000e+02  7.67360e-05 
 2.84500e+02  8.09200e-05 
 2.85000e+02  7.79520e-05 
 2.85500e+02  8.16960e-05 
 2.86000e+02  8.32960e-05 
 2.86500e+02  8.01920e-05 
 2.87000e+02  8.03440e-05 
 2.87500e+02  8.40880e-05 
 2.88000e+02  8.23120e-05 
 2.88500e+02  8.50320e-05 
 2.89000e+02  8.11760e-05 
 2.89500e+02  8.30000e-05 
 2.90000e+02  7.92640e-05 
 2.90500e+02  8.00720e-05 
 2.91000e+02  7.59280e-05 
 2.91500e+02  7.70720e-05 
 2.92000e+02  7.70160e-05 
 2.92500e+02  8.01680e-05 
 2.93000e+02  8.19360e-05 
 2.93500e+02  8.27600e-05 
 2.94000e+02  7.91920e-05 
 2.94500e+02  7.98640e-05 
 2.95000e+02  7.79840e-05 
 2.95500e+02  7.71920e-05 
 2.96000e+02  7.92400e-05 
 2.96500e+02  8.11680e-05 
 2.97000e+02  8.09120e-05 
 2.97500e+02  8.41520e-05 
 2.98000e+02  8.47520e-05 
 2.98500e+02  8.65600e-05 
 2.99000e+02  8.40000e-05 
 2.99500e+02  8.61920e-05 
 3.00000e+02  8.36560e-05 
 3.00500e+02  8.52800e-05 
 3.01000e+02  9.01600e-05 
 3.01500e+02  8.92000e-05 
 3.02000e+02  8.86640e-05 
 3.02500e+02  8.64720e-05 
 3.03000e+02  9.02080e-05 
 3.03500e+02  8.79280e-05 
 3.04000e+02  9.09120e-05 
 3.04500e+02  9.14320e-05 
 3.05000e+02  9.66400e-05 
 3.05500e+02  9.84960e-05 
 3.06000e+02  1.00504e-04 
 3.06500e+02  1.04176e-04 
 3.07000e+02  1.03296e-04 
 3.07500e+02  1.05784e-04 
 3.08000e+02  1.02696e-04 
 3.08500e+02  1.03824e-04 
 3.09000e+02  1.05592e-04 
 3.09500e+02  1.05096e-04 
 3.10000e+02  1.08016e-04 
 3.10500e+02  1.09552e-04 
 3.11000e+02  1.12840e-04 
 3.11500e+02  1.10560e-04 
 3.12000e+02  1.15264e-04 
 3.12500e+02  1.19608e-04 
 3.13000e+02  1.23208e-04 
 3.13500e+02  1.31056e-04 
 3.14000e+02  1.36936e-04 
 3.14500e+02  1.39736e-04 
 3.15000e+02  1.47808e-04 
 3.15500e+02  1.53768e-04 
 3.16000e+02  1.66656e-04 
 3.16500e+02  1.78096e-04 
 3.17000e+02  1.97680e-04 
 3.17500e+02  2.13344e-04 
 3.18000e+02  2.41136e-04 
 3.18500e+02  2.91312e-04 
 3.19000e+02  3.61672e-04 
 3.19500e+02  7.89224e-04 
