 0.00000e+00  0.00000e+00 
 5.00000e-01  3.29023e-02 
 1.00000e+00  6.56713e-02 
 1.50000e+00  9.83041e-02 
 2.00000e+00  1.30793e-01 
 2.50000e+00  1.63131e-01 
 3.00000e+00  1.95315e-01 
 3.50000e+00  2.27341e-01 
 4.00000e+00  2.59206e-01 
 4.50000e+00  2.90907e-01 
 5.00000e+00  3.22444e-01 
 5.50000e+00  3.53815e-01 
 6.00000e+00  3.85019e-01 
 6.50000e+00  4.16054e-01 
 7.00000e+00  4.46919e-01 
 7.50000e+00  4.77610e-01 
 8.00000e+00  5.08125e-01 
 8.50000e+00  5.38464e-01 
 9.00000e+00  5.68623e-01 
 9.50000e+00  5.98601e-01 
 1.00000e+01  6.28397e-01 
 1.05000e+01  6.58009e-01 
 1.10000e+01  6.87435e-01 
 1.15000e+01  7.16675e-01 
 1.20000e+01  7.45727e-01 
 1.25000e+01  7.74591e-01 
 1.30000e+01  8.03266e-01 
 1.35000e+01  8.31749e-01 
 1.40000e+01  8.60038e-01 
 1.45000e+01  8.88133e-01 
 1.50000e+01  9.16033e-01 
 1.55000e+01  9.43736e-01 
 1.60000e+01  9.71243e-01 
 1.65000e+01  9.98550e-01 
 1.70000e+01  1.02566e+00 
 1.75000e+01  1.05256e+00 
 1.80000e+01  1.07925e+00 
 1.85000e+01  1.10574e+00 
 1.90000e+01  1.13202e+00 
 1.95000e+01  1.15809e+00 
 2.00000e+01  1.18395e+00 
 2.05000e+01  1.20960e+00 
 2.10000e+01  1.23504e+00 
 2.15000e+01  1.26026e+00 
 2.20000e+01  1.28526e+00 
 2.25000e+01  1.31004e+00 
 2.30000e+01  1.33461e+00 
 2.35000e+01  1.35894e+00 
 2.40000e+01  1.38306e+00 
 2.45000e+01  1.40695e+00 
 2.50000e+01  1.43061e+00 
 2.55000e+01  1.45404e+00 
 2.60000e+01  1.47724e+00 
 2.65000e+01  1.50020e+00 
 2.70000e+01  1.52293e+00 
 2.75000e+01  1.54541e+00 
 2.80000e+01  1.56766e+00 
 2.85000e+01  1.58966e+00 
 2.90000e+01  1.61142e+00 
 2.95000e+01  1.63294e+00 
 3.00000e+01  1.65421e+00 
 3.05000e+01  1.67523e+00 
 3.10000e+01  1.69601e+00 
 3.15000e+01  1.71653e+00 
 3.20000e+01  1.73681e+00 
 3.25000e+01  1.75683e+00 
 3.30000e+01  1.77660e+00 
 3.35000e+01  1.79612e+00 
 3.40000e+01  1.81539e+00 
 3.45000e+01  1.83439e+00 
 3.50000e+01  1.85314e+00 
 3.55000e+01  1.87164e+00 
 3.60000e+01  1.88987e+00 
 3.65000e+01  1.90785e+00 
 3.70000e+01  1.92556e+00 
 3.75000e+01  1.94302e+00 
 3.80000e+01  1.96022e+00 
 3.85000e+01  1.97715e+00 
 3.90000e+01  1.99382e+00 
 3.95000e+01  2.01023e+00 
 4.00000e+01  2.02638e+00 
 4.05000e+01  2.04227e+00 
 4.10000e+01  2.05789e+00 
 4.15000e+01  2.07326e+00 
 4.20000e+01  2.08836e+00 
 4.25000e+01  2.10320e+00 
 4.30000e+01  2.11777e+00 
 4.35000e+01  2.13208e+00 
 4.40000e+01  2.14611e+00 
 4.45000e+01  2.15989e+00 
 4.50000e+01  2.17339e+00 
 4.55000e+01  2.18662e+00 
 4.60000e+01  2.19958e+00 
 4.65000e+01  2.21227e+00 
 4.70000e+01  2.22468e+00 
 4.75000e+01  2.23682e+00 
 4.80000e+01  2.24869e+00 
 4.85000e+01  2.26029e+00 
 4.90000e+01  2.27162e+00 
 4.95000e+01  2.28270e+00 
 5.00000e+01  2.29352e+00 
 5.05000e+01  2.30409e+00 
 5.10000e+01  2.31439e+00 
 5.15000e+01  2.32445e+00 
 5.20000e+01  2.33424e+00 
 5.25000e+01  2.34376e+00 
 5.30000e+01  2.35302e+00 
 5.35000e+01  2.36201e+00 
 5.40000e+01  2.37074e+00 
 5.45000e+01  2.37920e+00 
 5.50000e+01  2.38739e+00 
 5.55000e+01  2.39531e+00 
 5.60000e+01  2.40295e+00 
 5.65000e+01  2.41033e+00 
 5.70000e+01  2.41743e+00 
 5.75000e+01  2.42426e+00 
 5.80000e+01  2.43082e+00 
 5.85000e+01  2.43711e+00 
 5.90000e+01  2.44313e+00 
 5.95000e+01  2.44888e+00 
 6.00000e+01  2.45436e+00 
 6.05000e+01  2.45959e+00 
 6.10000e+01  2.46456e+00 
 6.15000e+01  2.46929e+00 
 6.20000e+01  2.47378e+00 
 6.25000e+01  2.47804e+00 
 6.30000e+01  2.48208e+00 
 6.35000e+01  2.48591e+00 
 6.40000e+01  2.48954e+00 
 6.45000e+01  2.49299e+00 
 6.50000e+01  2.49626e+00 
 6.55000e+01  2.49938e+00 
 6.60000e+01  2.50233e+00 
 6.65000e+01  2.50512e+00 
 6.70000e+01  2.50777e+00 
 6.75000e+01  2.51028e+00 
 6.80000e+01  2.51265e+00 
 6.85000e+01  2.51488e+00 
 6.90000e+01  2.51699e+00 
 6.95000e+01  2.51897e+00 
 7.00000e+01  2.52085e+00 
 7.05000e+01  2.52263e+00 
 7.10000e+01  2.52431e+00 
 7.15000e+01  2.52591e+00 
 7.20000e+01  2.52740e+00 
 7.25000e+01  2.52881e+00 
 7.30000e+01  2.53014e+00 
 7.35000e+01  2.53140e+00 
 7.40000e+01  2.53260e+00 
 7.45000e+01  2.53374e+00 
 7.50000e+01  2.53484e+00 
 7.55000e+01  2.53587e+00 
 7.60000e+01  2.53685e+00 
 7.65000e+01  2.53777e+00 
 7.70000e+01  2.53867e+00 
 7.75000e+01  2.53951e+00 
 7.80000e+01  2.54031e+00 
 7.85000e+01  2.54107e+00 
 7.90000e+01  2.54177e+00 
 7.95000e+01  2.54244e+00 
 8.00000e+01  2.54305e+00 
 8.05000e+01  2.54360e+00 
 8.10000e+01  2.54412e+00 
 8.15000e+01  2.54459e+00 
 8.20000e+01  2.54502e+00 
 8.25000e+01  2.54546e+00 
 8.30000e+01  2.54594e+00 
 8.35000e+01  2.54645e+00 
 8.40000e+01  2.54696e+00 
 8.45000e+01  2.54749e+00 
 8.50000e+01  2.54801e+00 
 8.55000e+01  2.54851e+00 
 8.60000e+01  2.54897e+00 
 8.65000e+01  2.54942e+00 
 8.70000e+01  2.54984e+00 
 8.75000e+01  2.55023e+00 
 8.80000e+01  2.55060e+00 
 8.85000e+01  2.55094e+00 
 8.90000e+01  2.55128e+00 
 8.95000e+01  2.55163e+00 
 9.00000e+01  2.55196e+00 
 9.05000e+01  2.55224e+00 
 9.10000e+01  2.55251e+00 
 9.15000e+01  2.55279e+00 
 9.20000e+01  2.55308e+00 
 9.25000e+01  2.55335e+00 
 9.30000e+01  2.55361e+00 
 9.35000e+01  2.55391e+00 
 9.40000e+01  2.55422e+00 
 9.45000e+01  2.55452e+00 
 9.50000e+01  2.55484e+00 
 9.55000e+01  2.55514e+00 
 9.60000e+01  2.55540e+00 
 9.65000e+01  2.55563e+00 
 9.70000e+01  2.55587e+00 
 9.75000e+01  2.55607e+00 
 9.80000e+01  2.55628e+00 
 9.85000e+01  2.55650e+00 
 9.90000e+01  2.55668e+00 
 9.95000e+01  2.55686e+00 
 1.00000e+02  2.55704e+00 
 1.00500e+02  2.55722e+00 
 1.01000e+02  2.55742e+00 
 1.01500e+02  2.55765e+00 
 1.02000e+02  2.55790e+00 
 1.02500e+02  2.55818e+00 
 1.03000e+02  2.55846e+00 
 1.03500e+02  2.55874e+00 
 1.04000e+02  2.55904e+00 
 1.04500e+02  2.55932e+00 
 1.05000e+02  2.55959e+00 
 1.05500e+02  2.55982e+00 
 1.06000e+02  2.56003e+00 
 1.06500e+02  2.56020e+00 
 1.07000e+02  2.56038e+00 
 1.07500e+02  2.56063e+00 
 1.08000e+02  2.56086e+00 
 1.08500e+02  2.56105e+00 
 1.09000e+02  2.56118e+00 
 1.09500e+02  2.56132e+00 
 1.10000e+02  2.56147e+00 
 1.10500e+02  2.56159e+00 
 1.11000e+02  2.56172e+00 
 1.11500e+02  2.56189e+00 
 1.12000e+02  2.56207e+00 
 1.12500e+02  2.56227e+00 
 1.13000e+02  2.56245e+00 
 1.13500e+02  2.56257e+00 
 1.14000e+02  2.56266e+00 
 1.14500e+02  2.56278e+00 
 1.15000e+02  2.56295e+00 
 1.15500e+02  2.56304e+00 
 1.16000e+02  2.56310e+00 
 1.16500e+02  2.56317e+00 
 1.17000e+02  2.56321e+00 
 1.17500e+02  2.56325e+00 
 1.18000e+02  2.56325e+00 
 1.18500e+02  2.56331e+00 
 1.19000e+02  2.56338e+00 
 1.19500e+02  2.56342e+00 
 1.20000e+02  2.56345e+00 
 1.20500e+02  2.56351e+00 
 1.21000e+02  2.56355e+00 
 1.21500e+02  2.56358e+00 
 1.22000e+02  2.56361e+00 
 1.22500e+02  2.56366e+00 
 1.23000e+02  2.56367e+00 
 1.23500e+02  2.56365e+00 
 1.24000e+02  2.56370e+00 
 1.24500e+02  2.56375e+00 
 1.25000e+02  2.56378e+00 
 1.25500e+02  2.56383e+00 
 1.26000e+02  2.56384e+00 
 1.26500e+02  2.56386e+00 
 1.27000e+02  2.56386e+00 
 1.27500e+02  2.56386e+00 
 1.28000e+02  2.56390e+00 
 1.28500e+02  2.56394e+00 
 1.29000e+02  2.56394e+00 
 1.29500e+02  2.56395e+00 
 1.30000e+02  2.56395e+00 
 1.30500e+02  2.56396e+00 
 1.31000e+02  2.56396e+00 
 1.31500e+02  2.56397e+00 
 1.32000e+02  2.56401e+00 
 1.32500e+02  2.56400e+00 
 1.33000e+02  2.56404e+00 
 1.33500e+02  2.56402e+00 
 1.34000e+02  2.56407e+00 
 1.34500e+02  2.56408e+00 
 1.35000e+02  2.56406e+00 
 1.35500e+02  2.56407e+00 
 1.36000e+02  2.56409e+00 
 1.36500e+02  2.56407e+00 
 1.37000e+02  2.56410e+00 
 1.37500e+02  2.56413e+00 
 1.38000e+02  2.56414e+00 
 1.38500e+02  2.56413e+00 
 1.39000e+02  2.56415e+00 
 1.39500e+02  2.56414e+00 
 1.40000e+02  2.56414e+00 
 1.40500e+02  2.56417e+00 
 1.41000e+02  2.56416e+00 
 1.41500e+02  2.56414e+00 
 1.42000e+02  2.56416e+00 
 1.42500e+02  2.56418e+00 
 1.43000e+02  2.56418e+00 
 1.43500e+02  2.56418e+00 
 1.44000e+02  2.56417e+00 
 1.44500e+02  2.56418e+00 
 1.45000e+02  2.56415e+00 
 1.45500e+02  2.56418e+00 
 1.46000e+02  2.56419e+00 
 1.46500e+02  2.56418e+00 
 1.47000e+02  2.56417e+00 
 1.47500e+02  2.56419e+00 
 1.48000e+02  2.56421e+00 
 1.48500e+02  2.56419e+00 
 1.49000e+02  2.56421e+00 
 1.49500e+02  2.56422e+00 
 1.50000e+02  2.56424e+00 
 1.50500e+02  2.56421e+00 
 1.51000e+02  2.56423e+00 
 1.51500e+02  2.56422e+00 
 1.52000e+02  2.56419e+00 
 1.52500e+02  2.56423e+00 
 1.53000e+02  2.56422e+00 
 1.53500e+02  2.56424e+00 
 1.54000e+02  2.56423e+00 
 1.54500e+02  2.56426e+00 
 1.55000e+02  2.56427e+00 
 1.55500e+02  2.56427e+00 
 1.56000e+02  2.56427e+00 
 1.56500e+02  2.56428e+00 
 1.57000e+02  2.56428e+00 
 1.57500e+02  2.56427e+00 
 1.58000e+02  2.56427e+00 
 1.58500e+02  2.56426e+00 
 1.59000e+02  2.56428e+00 
 1.59500e+02  2.56425e+00 
 1.60000e+02  2.56427e+00 
 1.60500e+02  2.56427e+00 
 1.61000e+02  2.56428e+00 
 1.61500e+02  2.56426e+00 
 1.62000e+02  2.56426e+00 
 1.62500e+02  2.56429e+00 
 1.63000e+02  2.56426e+00 
 1.63500e+02  2.56429e+00 
 1.64000e+02  2.56427e+00 
 1.64500e+02  2.56428e+00 
 1.65000e+02  2.56425e+00 
 1.65500e+02  2.56426e+00 
 1.66000e+02  2.56425e+00 
 1.66500e+02  2.56430e+00 
 1.67000e+02  2.56425e+00 
 1.67500e+02  2.56425e+00 
 1.68000e+02  2.56427e+00 
 1.68500e+02  2.56426e+00 
 1.69000e+02  2.56427e+00 
 1.69500e+02  2.56426e+00 
 1.70000e+02  2.56425e+00 
 1.70500e+02  2.56426e+00 
 1.71000e+02  2.56426e+00 
 1.71500e+02  2.56426e+00 
 1.72000e+02  2.56421e+00 
 1.72500e+02  2.56421e+00 
 1.73000e+02  2.56418e+00 
 1.73500e+02  2.56418e+00 
 1.74000e+02  2.56414e+00 
 1.74500e+02  2.56416e+00 
 1.75000e+02  2.56415e+00 
 1.75500e+02  2.56414e+00 
 1.76000e+02  2.56414e+00 
 1.76500e+02  2.56414e+00 
 1.77000e+02  2.56411e+00 
 1.77500e+02  2.56410e+00 
 1.78000e+02  2.56411e+00 
 1.78500e+02  2.56410e+00 
 1.79000e+02  2.56410e+00 
 1.79500e+02  2.56409e+00 
 1.80000e+02  2.56409e+00 
 1.80500e+02  2.56409e+00 
 1.81000e+02  2.56405e+00 
 1.81500e+02  2.56405e+00 
 1.82000e+02  2.56403e+00 
 1.82500e+02  2.56403e+00 
 1.83000e+02  2.56402e+00 
 1.83500e+02  2.56400e+00 
 1.84000e+02  2.56400e+00 
 1.84500e+02  2.56396e+00 
 1.85000e+02  2.56398e+00 
 1.85500e+02  2.56394e+00 
 1.86000e+02  2.56394e+00 
 1.86500e+02  2.56389e+00 
 1.87000e+02  2.56392e+00 
 1.87500e+02  2.56390e+00 
 1.88000e+02  2.56387e+00 
 1.88500e+02  2.56383e+00 
 1.89000e+02  2.56382e+00 
 1.89500e+02  2.56382e+00 
 1.90000e+02  2.56378e+00 
 1.90500e+02  2.56379e+00 
 1.91000e+02  2.56374e+00 
 1.91500e+02  2.56373e+00 
 1.92000e+02  2.56374e+00 
 1.92500e+02  2.56374e+00 
 1.93000e+02  2.56371e+00 
 1.93500e+02  2.56370e+00 
 1.94000e+02  2.56365e+00 
 1.94500e+02  2.56362e+00 
 1.95000e+02  2.56361e+00 
 1.95500e+02  2.56356e+00 
 1.96000e+02  2.56351e+00 
 1.96500e+02  2.56350e+00 
 1.97000e+02  2.56347e+00 
 1.97500e+02  2.56345e+00 
 1.98000e+02  2.56341e+00 
 1.98500e+02  2.56338e+00 
 1.99000e+02  2.56334e+00 
 1.99500e+02  2.56328e+00 
 2.00000e+02  2.56323e+00 
 2.00500e+02  2.56316e+00 
 2.01000e+02  2.56308e+00 
 2.01500e+02  2.56301e+00 
 2.02000e+02  2.56297e+00 
 2.02500e+02  2.56293e+00 
 2.03000e+02  2.56285e+00 
 2.03500e+02  2.56273e+00 
 2.04000e+02  2.56262e+00 
 2.04500e+02  2.56253e+00 
 2.05000e+02  2.56244e+00 
 2.05500e+02  2.56231e+00 
 2.06000e+02  2.56211e+00 
 2.06500e+02  2.56191e+00 
 2.07000e+02  2.56176e+00 
 2.07500e+02  2.56161e+00 
 2.08000e+02  2.56142e+00 
 2.08500e+02  2.56118e+00 
 2.09000e+02  2.56096e+00 
 2.09500e+02  2.56073e+00 
 2.10000e+02  2.56050e+00 
 2.10500e+02  2.56033e+00 
 2.11000e+02  2.56015e+00 
 2.11500e+02  2.55995e+00 
 2.12000e+02  2.55973e+00 
 2.12500e+02  2.55954e+00 
 2.13000e+02  2.55935e+00 
 2.13500e+02  2.55916e+00 
 2.14000e+02  2.55897e+00 
 2.14500e+02  2.55879e+00 
 2.15000e+02  2.55857e+00 
 2.15500e+02  2.55834e+00 
 2.16000e+02  2.55810e+00 
 2.16500e+02  2.55785e+00 
 2.17000e+02  2.55764e+00 
 2.17500e+02  2.55745e+00 
 2.18000e+02  2.55723e+00 
 2.18500e+02  2.55702e+00 
 2.19000e+02  2.55682e+00 
 2.19500e+02  2.55661e+00 
 2.20000e+02  2.55639e+00 
 2.20500e+02  2.55618e+00 
 2.21000e+02  2.55593e+00 
 2.21500e+02  2.55564e+00 
 2.22000e+02  2.55533e+00 
 2.22500e+02  2.55501e+00 
 2.23000e+02  2.55472e+00 
 2.23500e+02  2.55442e+00 
 2.24000e+02  2.55411e+00 
 2.24500e+02  2.55379e+00 
 2.25000e+02  2.55350e+00 
 2.25500e+02  2.55322e+00 
 2.26000e+02  2.55290e+00 
 2.26500e+02  2.55253e+00 
 2.27000e+02  2.55217e+00 
 2.27500e+02  2.55182e+00 
 2.28000e+02  2.55146e+00 
 2.28500e+02  2.55108e+00 
 2.29000e+02  2.55067e+00 
 2.29500e+02  2.55024e+00 
 2.30000e+02  2.54979e+00 
 2.30500e+02  2.54933e+00 
 2.31000e+02  2.54886e+00 
 2.31500e+02  2.54839e+00 
 2.32000e+02  2.54792e+00 
 2.32500e+02  2.54746e+00 
 2.33000e+02  2.54697e+00 
 2.33500e+02  2.54647e+00 
 2.34000e+02  2.54598e+00 
 2.34500e+02  2.54550e+00 
 2.35000e+02  2.54501e+00 
 2.35500e+02  2.54450e+00 
 2.36000e+02  2.54399e+00 
 2.36500e+02  2.54347e+00 
 2.37000e+02  2.54294e+00 
 2.37500e+02  2.54236e+00 
 2.38000e+02  2.54174e+00 
 2.38500e+02  2.54110e+00 
 2.39000e+02  2.54045e+00 
 2.39500e+02  2.53980e+00 
 2.40000e+02  2.53907e+00 
 2.40500e+02  2.53829e+00 
 2.41000e+02  2.53744e+00 
 2.41500e+02  2.53655e+00 
 2.42000e+02  2.53563e+00 
 2.42500e+02  2.53467e+00 
 2.43000e+02  2.53370e+00 
 2.43500e+02  2.53270e+00 
 2.44000e+02  2.53170e+00 
 2.44500e+02  2.53064e+00 
 2.45000e+02  2.52953e+00 
 2.45500e+02  2.52836e+00 
 2.46000e+02  2.52711e+00 
 2.46500e+02  2.52578e+00 
 2.47000e+02  2.52436e+00 
 2.47500e+02  2.52284e+00 
 2.48000e+02  2.52123e+00 
 2.48500e+02  2.51953e+00 
 2.49000e+02  2.51772e+00 
 2.49500e+02  2.51579e+00 
 2.50000e+02  2.51375e+00 
 2.50500e+02  2.51158e+00 
 2.51000e+02  2.50928e+00 
 2.51500e+02  2.50683e+00 
 2.52000e+02  2.50423e+00 
 2.52500e+02  2.50146e+00 
 2.53000e+02  2.49852e+00 
 2.53500e+02  2.49541e+00 
 2.54000e+02  2.49212e+00 
 2.54500e+02  2.48864e+00 
 2.55000e+02  2.48497e+00 
 2.55500e+02  2.48111e+00 
 2.56000e+02  2.47704e+00 
 2.56500e+02  2.47275e+00 
 2.57000e+02  2.46825e+00 
 2.57500e+02  2.46352e+00 
 2.58000e+02  2.45856e+00 
 2.58500e+02  2.45335e+00 
 2.59000e+02  2.44790e+00 
 2.59500e+02  2.44221e+00 
 2.60000e+02  2.43627e+00 
 2.60500e+02  2.43007e+00 
 2.61000e+02  2.42363e+00 
 2.61500e+02  2.41693e+00 
 2.62000e+02  2.40998e+00 
 2.62500e+02  2.40278e+00 
 2.63000e+02  2.39532e+00 
 2.63500e+02  2.38761e+00 
 2.64000e+02  2.37964e+00 
 2.64500e+02  2.37143e+00 
 2.65000e+02  2.36298e+00 
 2.65500e+02  2.35427e+00 
 2.66000e+02  2.34532e+00 
 2.66500e+02  2.33611e+00 
 2.67000e+02  2.32666e+00 
 2.67500e+02  2.31698e+00 
 2.68000e+02  2.30706e+00 
 2.68500e+02  2.29694e+00 
 2.69000e+02  2.28659e+00 
 2.69500e+02  2.27602e+00 
 2.70000e+02  2.26521e+00 
 2.70500e+02  2.25416e+00 
 2.71000e+02  2.24287e+00 
 2.71500e+02  2.23132e+00 
 2.72000e+02  2.21950e+00 
 2.72500e+02  2.20742e+00 
 2.73000e+02  2.19507e+00 
 2.73500e+02  2.18245e+00 
 2.74000e+02  2.16957e+00 
 2.74500e+02  2.15642e+00 
 2.75000e+02  2.14300e+00 
 2.75500e+02  2.12933e+00 
 2.76000e+02  2.11539e+00 
 2.76500e+02  2.10119e+00 
 2.77000e+02  2.08673e+00 
 2.77500e+02  2.07200e+00 
 2.78000e+02  2.05702e+00 
 2.78500e+02  2.04178e+00 
 2.79000e+02  2.02628e+00 
 2.79500e+02  2.01053e+00 
 2.80000e+02  1.99452e+00 
 2.80500e+02  1.97826e+00 
 2.81000e+02  1.96175e+00 
 2.81500e+02  1.94498e+00 
 2.82000e+02  1.92795e+00 
 2.82500e+02  1.91068e+00 
 2.83000e+02  1.89316e+00 
 2.83500e+02  1.87538e+00 
 2.84000e+02  1.85736e+00 
 2.84500e+02  1.83908e+00 
 2.85000e+02  1.82056e+00 
 2.85500e+02  1.80179e+00 
 2.86000e+02  1.78278e+00 
 2.86500e+02  1.76352e+00 
 2.87000e+02  1.74402e+00 
 2.87500e+02  1.72427e+00 
 2.88000e+02  1.70429e+00 
 2.88500e+02  1.68407e+00 
 2.89000e+02  1.66360e+00 
 2.89500e+02  1.64290e+00 
 2.90000e+02  1.62196e+00 
 2.90500e+02  1.60079e+00 
 2.91000e+02  1.57938e+00 
 2.91500e+02  1.55774e+00 
 2.92000e+02  1.53587e+00 
 2.92500e+02  1.51377e+00 
 2.93000e+02  1.49145e+00 
 2.93500e+02  1.46891e+00 
 2.94000e+02  1.44614e+00 
 2.94500e+02  1.42316e+00 
 2.95000e+02  1.39996e+00 
 2.95500e+02  1.37655e+00 
 2.96000e+02  1.35292e+00 
 2.96500e+02  1.32907e+00 
 2.97000e+02  1.30501e+00 
 2.97500e+02  1.28074e+00 
 2.98000e+02  1.25626e+00 
 2.98500e+02  1.23157e+00 
 2.99000e+02  1.20668e+00 
 2.99500e+02  1.18158e+00 
 3.00000e+02  1.15628e+00 
 3.00500e+02  1.13078e+00 
 3.01000e+02  1.10508e+00 
 3.01500e+02  1.07919e+00 
 3.02000e+02  1.05310e+00 
 3.02500e+02  1.02682e+00 
 3.03000e+02  1.00035e+00 
 3.03500e+02  9.73680e-01 
 3.04000e+02  9.46824e-01 
 3.04500e+02  9.19780e-01 
 3.05000e+02  8.92551e-01 
 3.05500e+02  8.65138e-01 
 3.06000e+02  8.37542e-01 
 3.06500e+02  8.09768e-01 
 3.07000e+02  7.81817e-01 
 3.07500e+02  7.53691e-01 
 3.08000e+02  7.25392e-01 
 3.08500e+02  6.96919e-01 
 3.09000e+02  6.68277e-01 
 3.09500e+02  6.39464e-01 
 3.10000e+02  6.10483e-01 
 3.10500e+02  5.81333e-01 
 3.11000e+02  5.52018e-01 
 3.11500e+02  5.22541e-01 
 3.12000e+02  4.92904e-01 
 3.12500e+02  4.63106e-01 
 3.13000e+02  4.33148e-01 
 3.13500e+02  4.03033e-01 
 3.14000e+02  3.72764e-01 
 3.14500e+02  3.42343e-01 
 3.15000e+02  3.11772e-01 
 3.15500e+02  2.81054e-01 
 3.16000e+02  2.50192e-01 
 3.16500e+02  2.19187e-01 
 3.17000e+02  1.88045e-01 
 3.17500e+02  1.56769e-01 
 3.18000e+02  1.25367e-01 
 3.18500e+02  9.38428e-02 
 3.19000e+02  6.22059e-02 
 3.19500e+02  3.04711e-02 
