 0.00000e+00  0.00000e+00 
 5.00000e-01  3.25742e-02 
 1.00000e+00  6.50175e-02 
 1.50000e+00  9.73297e-02 
 2.00000e+00  1.29503e-01 
 2.50000e+00  1.61530e-01 
 3.00000e+00  1.93408e-01 
 3.50000e+00  2.25132e-01 
 4.00000e+00  2.56701e-01 
 4.50000e+00  2.88111e-01 
 5.00000e+00  3.19361e-01 
 5.50000e+00  3.50449e-01 
 6.00000e+00  3.81374e-01 
 6.50000e+00  4.12134e-01 
 7.00000e+00  4.42729e-01 
 7.50000e+00  4.73156e-01 
 8.00000e+00  5.03414e-01 
 8.50000e+00  5.33501e-01 
 9.00000e+00  5.63414e-01 
 9.50000e+00  5.93154e-01 
 1.00000e+01  6.22719e-01 
 1.05000e+01  6.52106e-01 
 1.10000e+01  6.81313e-01 
 1.15000e+01  7.10338e-01 
 1.20000e+01  7.39179e-01 
 1.25000e+01  7.67836e-01 
 1.30000e+01  7.96309e-01 
 1.35000e+01  8.24595e-01 
 1.40000e+01  8.52693e-01 
 1.45000e+01  8.80602e-01 
 1.50000e+01  9.08317e-01 
 1.55000e+01  9.35840e-01 
 1.60000e+01  9.63167e-01 
 1.65000e+01  9.90299e-01 
 1.70000e+01  1.01723e+00 
 1.75000e+01  1.04397e+00 
 1.80000e+01  1.07051e+00 
 1.85000e+01  1.09685e+00 
 1.90000e+01  1.12299e+00 
 1.95000e+01  1.14892e+00 
 2.00000e+01  1.17464e+00 
 2.05000e+01  1.20016e+00 
 2.10000e+01  1.22546e+00 
 2.15000e+01  1.25056e+00 
 2.20000e+01  1.27544e+00 
 2.25000e+01  1.30010e+00 
 2.30000e+01  1.32455e+00 
 2.35000e+01  1.34877e+00 
 2.40000e+01  1.37278e+00 
 2.45000e+01  1.39656e+00 
 2.50000e+01  1.42012e+00 
 2.55000e+01  1.44346e+00 
 2.60000e+01  1.46656e+00 
 2.65000e+01  1.48943e+00 
 2.70000e+01  1.51208e+00 
 2.75000e+01  1.53450e+00 
 2.80000e+01  1.55668e+00 
 2.85000e+01  1.57862e+00 
 2.90000e+01  1.60034e+00 
 2.95000e+01  1.62181e+00 
 3.00000e+01  1.64304e+00 
 3.05000e+01  1.66404e+00 
 3.10000e+01  1.68479e+00 
 3.15000e+01  1.70530e+00 
 3.20000e+01  1.72557e+00 
 3.25000e+01  1.74559e+00 
 3.30000e+01  1.76536e+00 
 3.35000e+01  1.78488e+00 
 3.40000e+01  1.80415e+00 
 3.45000e+01  1.82318e+00 
 3.50000e+01  1.84194e+00 
 3.55000e+01  1.86046e+00 
 3.60000e+01  1.87871e+00 
 3.65000e+01  1.89672e+00 
 3.70000e+01  1.91447e+00 
 3.75000e+01  1.93196e+00 
 3.80000e+01  1.94920e+00 
 3.85000e+01  1.96617e+00 
 3.90000e+01  1.98289e+00 
 3.95000e+01  1.99935e+00 
 4.00000e+01  2.01555e+00 
 4.05000e+01  2.03150e+00 
 4.10000e+01  2.04719e+00 
 4.15000e+01  2.06261e+00 
 4.20000e+01  2.07778e+00 
 4.25000e+01  2.09269e+00 
 4.30000e+01  2.10733e+00 
 4.35000e+01  2.12171e+00 
 4.40000e+01  2.13582e+00 
 4.45000e+01  2.14967e+00 
 4.50000e+01  2.16324e+00 
 4.55000e+01  2.17656e+00 
 4.60000e+01  2.18960e+00 
 4.65000e+01  2.20239e+00 
 4.70000e+01  2.21490e+00 
 4.75000e+01  2.22715e+00 
 4.80000e+01  2.23914e+00 
 4.85000e+01  2.25087e+00 
 4.90000e+01  2.26235e+00 
 4.95000e+01  2.27357e+00 
 5.00000e+01  2.28454e+00 
 5.05000e+01  2.29527e+00 
 5.10000e+01  2.30574e+00 
 5.15000e+01  2.31595e+00 
 5.20000e+01  2.32592e+00 
 5.25000e+01  2.33563e+00 
 5.30000e+01  2.34509e+00 
 5.35000e+01  2.35428e+00 
 5.40000e+01  2.36322e+00 
 5.45000e+01  2.37190e+00 
 5.50000e+01  2.38032e+00 
 5.55000e+01  2.38848e+00 
 5.60000e+01  2.39637e+00 
 5.65000e+01  2.40400e+00 
 5.70000e+01  2.41136e+00 
 5.75000e+01  2.41845e+00 
 5.80000e+01  2.42528e+00 
 5.85000e+01  2.43186e+00 
 5.90000e+01  2.43817e+00 
 5.95000e+01  2.44424e+00 
 6.00000e+01  2.45005e+00 
 6.05000e+01  2.45561e+00 
 6.10000e+01  2.46093e+00 
 6.15000e+01  2.46602e+00 
 6.20000e+01  2.47086e+00 
 6.25000e+01  2.47548e+00 
 6.30000e+01  2.47986e+00 
 6.35000e+01  2.48402e+00 
 6.40000e+01  2.48796e+00 
 6.45000e+01  2.49168e+00 
 6.50000e+01  2.49520e+00 
 6.55000e+01  2.49852e+00 
 6.60000e+01  2.50167e+00 
 6.65000e+01  2.50462e+00 
 6.70000e+01  2.50741e+00 
 6.75000e+01  2.51002e+00 
 6.80000e+01  2.51249e+00 
 6.85000e+01  2.51482e+00 
 6.90000e+01  2.51703e+00 
 6.95000e+01  2.51912e+00 
 7.00000e+01  2.52109e+00 
 7.05000e+01  2.52296e+00 
 7.10000e+01  2.52472e+00 
 7.15000e+01  2.52639e+00 
 7.20000e+01  2.52797e+00 
 7.25000e+01  2.52947e+00 
 7.30000e+01  2.53090e+00 
 7.35000e+01  2.53228e+00 
 7.40000e+01  2.53357e+00 
 7.45000e+01  2.53481e+00 
 7.50000e+01  2.53599e+00 
 7.55000e+01  2.53711e+00 
 7.60000e+01  2.53820e+00 
 7.65000e+01  2.53923e+00 
 7.70000e+01  2.54019e+00 
 7.75000e+01  2.54111e+00 
 7.80000e+01  2.54199e+00 
 7.85000e+01  2.54282e+00 
 7.90000e+01  2.54358e+00 
 7.95000e+01  2.54429e+00 
 8.00000e+01  2.54494e+00 
 8.05000e+01  2.54556e+00 
 8.10000e+01  2.54616e+00 
 8.15000e+01  2.54671e+00 
 8.20000e+01  2.54722e+00 
 8.25000e+01  2.54773e+00 
 8.30000e+01  2.54825e+00 
 8.35000e+01  2.54876e+00 
 8.40000e+01  2.54926e+00 
 8.45000e+01  2.54976e+00 
 8.50000e+01  2.55027e+00 
 8.55000e+01  2.55077e+00 
 8.60000e+01  2.55128e+00 
 8.65000e+01  2.55175e+00 
 8.70000e+01  2.55218e+00 
 8.75000e+01  2.55257e+00 
 8.80000e+01  2.55297e+00 
 8.85000e+01  2.55336e+00 
 8.90000e+01  2.55376e+00 
 8.95000e+01  2.55417e+00 
 9.00000e+01  2.55456e+00 
 9.05000e+01  2.55493e+00 
 9.10000e+01  2.55528e+00 
 9.15000e+01  2.55559e+00 
 9.20000e+01  2.55590e+00 
 9.25000e+01  2.55621e+00 
 9.30000e+01  2.55652e+00 
 9.35000e+01  2.55681e+00 
 9.40000e+01  2.55706e+00 
 9.45000e+01  2.55731e+00 
 9.50000e+01  2.55757e+00 
 9.55000e+01  2.55784e+00 
 9.60000e+01  2.55810e+00 
 9.65000e+01  2.55837e+00 
 9.70000e+01  2.55865e+00 
 9.75000e+01  2.55894e+00 
 9.80000e+01  2.55922e+00 
 9.85000e+01  2.55949e+00 
 9.90000e+01  2.55975e+00 
 9.95000e+01  2.56002e+00 
 1.00000e+02  2.56028e+00 
 1.00500e+02  2.56054e+00 
 1.01000e+02  2.56081e+00 
 1.01500e+02  2.56106e+00 
 1.02000e+02  2.56130e+00 
 1.02500e+02  2.56155e+00 
 1.03000e+02  2.56177e+00 
 1.03500e+02  2.56197e+00 
 1.04000e+02  2.56215e+00 
 1.04500e+02  2.56235e+00 
 1.05000e+02  2.56256e+00 
 1.05500e+02  2.56276e+00 
 1.06000e+02  2.56296e+00 
 1.06500e+02  2.56318e+00 
 1.07000e+02  2.56343e+00 
 1.07500e+02  2.56369e+00 
 1.08000e+02  2.56390e+00 
 1.08500e+02  2.56407e+00 
 1.09000e+02  2.56421e+00 
 1.09500e+02  2.56434e+00 
 1.10000e+02  2.56452e+00 
 1.10500e+02  2.56471e+00 
 1.11000e+02  2.56491e+00 
 1.11500e+02  2.56509e+00 
 1.12000e+02  2.56524e+00 
 1.12500e+02  2.56534e+00 
 1.13000e+02  2.56542e+00 
 1.13500e+02  2.56554e+00 
 1.14000e+02  2.56564e+00 
 1.14500e+02  2.56572e+00 
 1.15000e+02  2.56579e+00 
 1.15500e+02  2.56587e+00 
 1.16000e+02  2.56597e+00 
 1.16500e+02  2.56609e+00 
 1.17000e+02  2.56617e+00 
 1.17500e+02  2.56619e+00 
 1.18000e+02  2.56624e+00 
 1.18500e+02  2.56627e+00 
 1.19000e+02  2.56630e+00 
 1.19500e+02  2.56637e+00 
 1.20000e+02  2.56642e+00 
 1.20500e+02  2.56650e+00 
 1.21000e+02  2.56654e+00 
 1.21500e+02  2.56654e+00 
 1.22000e+02  2.56659e+00 
 1.22500e+02  2.56661e+00 
 1.23000e+02  2.56662e+00 
 1.23500e+02  2.56662e+00 
 1.24000e+02  2.56665e+00 
 1.24500e+02  2.56665e+00 
 1.25000e+02  2.56672e+00 
 1.25500e+02  2.56676e+00 
 1.26000e+02  2.56676e+00 
 1.26500e+02  2.56676e+00 
 1.27000e+02  2.56679e+00 
 1.27500e+02  2.56682e+00 
 1.28000e+02  2.56684e+00 
 1.28500e+02  2.56688e+00 
 1.29000e+02  2.56689e+00 
 1.29500e+02  2.56690e+00 
 1.30000e+02  2.56689e+00 
 1.30500e+02  2.56687e+00 
 1.31000e+02  2.56692e+00 
 1.31500e+02  2.56697e+00 
 1.32000e+02  2.56696e+00 
 1.32500e+02  2.56699e+00 
 1.33000e+02  2.56699e+00 
 1.33500e+02  2.56701e+00 
 1.34000e+02  2.56703e+00 
 1.34500e+02  2.56702e+00 
 1.35000e+02  2.56701e+00 
 1.35500e+02  2.56705e+00 
 1.36000e+02  2.56706e+00 
 1.36500e+02  2.56708e+00 
 1.37000e+02  2.56709e+00 
 1.37500e+02  2.56705e+00 
 1.38000e+02  2.56708e+00 
 1.38500e+02  2.56711e+00 
 1.39000e+02  2.56708e+00 
 1.39500e+02  2.56710e+00 
 1.40000e+02  2.56709e+00 
 1.40500e+02  2.56712e+00 
 1.41000e+02  2.56714e+00 
 1.41500e+02  2.56716e+00 
 1.42000e+02  2.56717e+00 
 1.42500e+02  2.56716e+00 
 1.43000e+02  2.56717e+00 
 1.43500e+02  2.56718e+00 
 1.44000e+02  2.56721e+00 
 1.44500e+02  2.56719e+00 
 1.45000e+02  2.56716e+00 
 1.45500e+02  2.56719e+00 
 1.46000e+02  2.56716e+00 
 1.46500e+02  2.56717e+00 
 1.47000e+02  2.56714e+00 
 1.47500e+02  2.56716e+00 
 1.48000e+02  2.56720e+00 
 1.48500e+02  2.56718e+00 
 1.49000e+02  2.56719e+00 
 1.49500e+02  2.56721e+00 
 1.50000e+02  2.56718e+00 
 1.50500e+02  2.56719e+00 
 1.51000e+02  2.56721e+00 
 1.51500e+02  2.56720e+00 
 1.52000e+02  2.56720e+00 
 1.52500e+02  2.56722e+00 
 1.53000e+02  2.56721e+00 
 1.53500e+02  2.56722e+00 
 1.54000e+02  2.56721e+00 
 1.54500e+02  2.56722e+00 
 1.55000e+02  2.56721e+00 
 1.55500e+02  2.56721e+00 
 1.56000e+02  2.56723e+00 
 1.56500e+02  2.56720e+00 
 1.57000e+02  2.56724e+00 
 1.57500e+02  2.56722e+00 
 1.58000e+02  2.56721e+00 
 1.58500e+02  2.56723e+00 
 1.59000e+02  2.56721e+00 
 1.59500e+02  2.56721e+00 
 1.60000e+02  2.56721e+00 
 1.60500e+02  2.56718e+00 
 1.61000e+02  2.56720e+00 
 1.61500e+02  2.56722e+00 
 1.62000e+02  2.56721e+00 
 1.62500e+02  2.56721e+00 
 1.63000e+02  2.56716e+00 
 1.63500e+02  2.56716e+00 
 1.64000e+02  2.56717e+00 
 1.64500e+02  2.56717e+00 
 1.65000e+02  2.56716e+00 
 1.65500e+02  2.56717e+00 
 1.66000e+02  2.56714e+00 
 1.66500e+02  2.56713e+00 
 1.67000e+02  2.56712e+00 
 1.67500e+02  2.56715e+00 
 1.68000e+02  2.56715e+00 
 1.68500e+02  2.56717e+00 
 1.69000e+02  2.56717e+00 
 1.69500e+02  2.56718e+00 
 1.70000e+02  2.56722e+00 
 1.70500e+02  2.56722e+00 
 1.71000e+02  2.56720e+00 
 1.71500e+02  2.56718e+00 
 1.72000e+02  2.56722e+00 
 1.72500e+02  2.56718e+00 
 1.73000e+02  2.56717e+00 
 1.73500e+02  2.56719e+00 
 1.74000e+02  2.56718e+00 
 1.74500e+02  2.56722e+00 
 1.75000e+02  2.56718e+00 
 1.75500e+02  2.56721e+00 
 1.76000e+02  2.56718e+00 
 1.76500e+02  2.56718e+00 
 1.77000e+02  2.56721e+00 
 1.77500e+02  2.56717e+00 
 1.78000e+02  2.56715e+00 
 1.78500e+02  2.56719e+00 
 1.79000e+02  2.56717e+00 
 1.79500e+02  2.56715e+00 
 1.80000e+02  2.56714e+00 
 1.80500e+02  2.56713e+00 
 1.81000e+02  2.56716e+00 
 1.81500e+02  2.56713e+00 
 1.82000e+02  2.56711e+00 
 1.82500e+02  2.56713e+00 
 1.83000e+02  2.56710e+00 
 1.83500e+02  2.56708e+00 
 1.84000e+02  2.56706e+00 
 1.84500e+02  2.56705e+00 
 1.85000e+02  2.56706e+00 
 1.85500e+02  2.56706e+00 
 1.86000e+02  2.56704e+00 
 1.86500e+02  2.56702e+00 
 1.87000e+02  2.56700e+00 
 1.87500e+02  2.56699e+00 
 1.88000e+02  2.56698e+00 
 1.88500e+02  2.56696e+00 
 1.89000e+02  2.56696e+00 
 1.89500e+02  2.56695e+00 
 1.90000e+02  2.56693e+00 
 1.90500e+02  2.56695e+00 
 1.91000e+02  2.56692e+00 
 1.91500e+02  2.56691e+00 
 1.92000e+02  2.56688e+00 
 1.92500e+02  2.56684e+00 
 1.93000e+02  2.56682e+00 
 1.93500e+02  2.56679e+00 
 1.94000e+02  2.56681e+00 
 1.94500e+02  2.56678e+00 
 1.95000e+02  2.56676e+00 
 1.95500e+02  2.56674e+00 
 1.96000e+02  2.56670e+00 
 1.96500e+02  2.56667e+00 
 1.97000e+02  2.56662e+00 
 1.97500e+02  2.56658e+00 
 1.98000e+02  2.56655e+00 
 1.98500e+02  2.56652e+00 
 1.99000e+02  2.56646e+00 
 1.99500e+02  2.56641e+00 
 2.00000e+02  2.56633e+00 
 2.00500e+02  2.56631e+00 
 2.01000e+02  2.56631e+00 
 2.01500e+02  2.56627e+00 
 2.02000e+02  2.56621e+00 
 2.02500e+02  2.56616e+00 
 2.03000e+02  2.56607e+00 
 2.03500e+02  2.56597e+00 
 2.04000e+02  2.56585e+00 
 2.04500e+02  2.56577e+00 
 2.05000e+02  2.56564e+00 
 2.05500e+02  2.56553e+00 
 2.06000e+02  2.56538e+00 
 2.06500e+02  2.56524e+00 
 2.07000e+02  2.56511e+00 
 2.07500e+02  2.56498e+00 
 2.08000e+02  2.56483e+00 
 2.08500e+02  2.56466e+00 
 2.09000e+02  2.56448e+00 
 2.09500e+02  2.56430e+00 
 2.10000e+02  2.56414e+00 
 2.10500e+02  2.56396e+00 
 2.11000e+02  2.56370e+00 
 2.11500e+02  2.56346e+00 
 2.12000e+02  2.56324e+00 
 2.12500e+02  2.56306e+00 
 2.13000e+02  2.56291e+00 
 2.13500e+02  2.56275e+00 
 2.14000e+02  2.56256e+00 
 2.14500e+02  2.56236e+00 
 2.15000e+02  2.56214e+00 
 2.15500e+02  2.56191e+00 
 2.16000e+02  2.56163e+00 
 2.16500e+02  2.56135e+00 
 2.17000e+02  2.56109e+00 
 2.17500e+02  2.56084e+00 
 2.18000e+02  2.56059e+00 
 2.18500e+02  2.56034e+00 
 2.19000e+02  2.56010e+00 
 2.19500e+02  2.55991e+00 
 2.20000e+02  2.55971e+00 
 2.20500e+02  2.55949e+00 
 2.21000e+02  2.55925e+00 
 2.21500e+02  2.55899e+00 
 2.22000e+02  2.55873e+00 
 2.22500e+02  2.55847e+00 
 2.23000e+02  2.55820e+00 
 2.23500e+02  2.55791e+00 
 2.24000e+02  2.55760e+00 
 2.24500e+02  2.55729e+00 
 2.25000e+02  2.55695e+00 
 2.25500e+02  2.55659e+00 
 2.26000e+02  2.55622e+00 
 2.26500e+02  2.55584e+00 
 2.27000e+02  2.55547e+00 
 2.27500e+02  2.55510e+00 
 2.28000e+02  2.55472e+00 
 2.28500e+02  2.55435e+00 
 2.29000e+02  2.55397e+00 
 2.29500e+02  2.55357e+00 
 2.30000e+02  2.55317e+00 
 2.30500e+02  2.55276e+00 
 2.31000e+02  2.55234e+00 
 2.31500e+02  2.55192e+00 
 2.32000e+02  2.55149e+00 
 2.32500e+02  2.55106e+00 
 2.33000e+02  2.55059e+00 
 2.33500e+02  2.55013e+00 
 2.34000e+02  2.54965e+00 
 2.34500e+02  2.54917e+00 
 2.35000e+02  2.54869e+00 
 2.35500e+02  2.54818e+00 
 2.36000e+02  2.54764e+00 
 2.36500e+02  2.54705e+00 
 2.37000e+02  2.54644e+00 
 2.37500e+02  2.54581e+00 
 2.38000e+02  2.54517e+00 
 2.38500e+02  2.54454e+00 
 2.39000e+02  2.54391e+00 
 2.39500e+02  2.54326e+00 
 2.40000e+02  2.54258e+00 
 2.40500e+02  2.54184e+00 
 2.41000e+02  2.54104e+00 
 2.41500e+02  2.54020e+00 
 2.42000e+02  2.53931e+00 
 2.42500e+02  2.53840e+00 
 2.43000e+02  2.53746e+00 
 2.43500e+02  2.53648e+00 
 2.44000e+02  2.53546e+00 
 2.44500e+02  2.53438e+00 
 2.45000e+02  2.53322e+00 
 2.45500e+02  2.53200e+00 
 2.46000e+02  2.53071e+00 
 2.46500e+02  2.52933e+00 
 2.47000e+02  2.52783e+00 
 2.47500e+02  2.52622e+00 
 2.48000e+02  2.52450e+00 
 2.48500e+02  2.52267e+00 
 2.49000e+02  2.52073e+00 
 2.49500e+02  2.51867e+00 
 2.50000e+02  2.51647e+00 
 2.50500e+02  2.51414e+00 
 2.51000e+02  2.51165e+00 
 2.51500e+02  2.50899e+00 
 2.52000e+02  2.50616e+00 
 2.52500e+02  2.50316e+00 
 2.53000e+02  2.50000e+00 
 2.53500e+02  2.49665e+00 
 2.54000e+02  2.49313e+00 
 2.54500e+02  2.48942e+00 
 2.55000e+02  2.48551e+00 
 2.55500e+02  2.48141e+00 
 2.56000e+02  2.47710e+00 
 2.56500e+02  2.47258e+00 
 2.57000e+02  2.46783e+00 
 2.57500e+02  2.46285e+00 
 2.58000e+02  2.45763e+00 
 2.58500e+02  2.45218e+00 
 2.59000e+02  2.44648e+00 
 2.59500e+02  2.44052e+00 
 2.60000e+02  2.43432e+00 
 2.60500e+02  2.42786e+00 
 2.61000e+02  2.42114e+00 
 2.61500e+02  2.41418e+00 
 2.62000e+02  2.40696e+00 
 2.62500e+02  2.39949e+00 
 2.63000e+02  2.39177e+00 
 2.63500e+02  2.38380e+00 
 2.64000e+02  2.37558e+00 
 2.64500e+02  2.36712e+00 
 2.65000e+02  2.35841e+00 
 2.65500e+02  2.34946e+00 
 2.66000e+02  2.34027e+00 
 2.66500e+02  2.33085e+00 
 2.67000e+02  2.32119e+00 
 2.67500e+02  2.31131e+00 
 2.68000e+02  2.30120e+00 
 2.68500e+02  2.29089e+00 
 2.69000e+02  2.28035e+00 
 2.69500e+02  2.26960e+00 
 2.70000e+02  2.25862e+00 
 2.70500e+02  2.24741e+00 
 2.71000e+02  2.23594e+00 
 2.71500e+02  2.22423e+00 
 2.72000e+02  2.21225e+00 
 2.72500e+02  2.20002e+00 
 2.73000e+02  2.18752e+00 
 2.73500e+02  2.17475e+00 
 2.74000e+02  2.16172e+00 
 2.74500e+02  2.14843e+00 
 2.75000e+02  2.13487e+00 
 2.75500e+02  2.12105e+00 
 2.76000e+02  2.10698e+00 
 2.76500e+02  2.09264e+00 
 2.77000e+02  2.07805e+00 
 2.77500e+02  2.06320e+00 
 2.78000e+02  2.04809e+00 
 2.78500e+02  2.03273e+00 
 2.79000e+02  2.01712e+00 
 2.79500e+02  2.00126e+00 
 2.80000e+02  1.98514e+00 
 2.80500e+02  1.96876e+00 
 2.81000e+02  1.95214e+00 
 2.81500e+02  1.93527e+00 
 2.82000e+02  1.91816e+00 
 2.82500e+02  1.90080e+00 
 2.83000e+02  1.88319e+00 
 2.83500e+02  1.86534e+00 
 2.84000e+02  1.84723e+00 
 2.84500e+02  1.82889e+00 
 2.85000e+02  1.81031e+00 
 2.85500e+02  1.79148e+00 
 2.86000e+02  1.77242e+00 
 2.86500e+02  1.75312e+00 
 2.87000e+02  1.73359e+00 
 2.87500e+02  1.71382e+00 
 2.88000e+02  1.69382e+00 
 2.88500e+02  1.67358e+00 
 2.89000e+02  1.65311e+00 
 2.89500e+02  1.63240e+00 
 2.90000e+02  1.61146e+00 
 2.90500e+02  1.59030e+00 
 2.91000e+02  1.56891e+00 
 2.91500e+02  1.54729e+00 
 2.92000e+02  1.52545e+00 
 2.92500e+02  1.50339e+00 
 2.93000e+02  1.48110e+00 
 2.93500e+02  1.45860e+00 
 2.94000e+02  1.43587e+00 
 2.94500e+02  1.41293e+00 
 2.95000e+02  1.38978e+00 
 2.95500e+02  1.36641e+00 
 2.96000e+02  1.34283e+00 
 2.96500e+02  1.31905e+00 
 2.97000e+02  1.29505e+00 
 2.97500e+02  1.27085e+00 
 2.98000e+02  1.24644e+00 
 2.98500e+02  1.22183e+00 
 2.99000e+02  1.19702e+00 
 2.99500e+02  1.17201e+00 
 3.00000e+02  1.14681e+00 
 3.00500e+02  1.12142e+00 
 3.01000e+02  1.09583e+00 
 3.01500e+02  1.07005e+00 
 3.02000e+02  1.04408e+00 
 3.02500e+02  1.01791e+00 
 3.03000e+02  9.91566e-01 
 3.03500e+02  9.65032e-01 
 3.04000e+02  9.38315e-01 
 3.04500e+02  9.11418e-01 
 3.05000e+02  8.84342e-01 
 3.05500e+02  8.57088e-01 
 3.06000e+02  8.29658e-01 
 3.06500e+02  8.02054e-01 
 3.07000e+02  7.74275e-01 
 3.07500e+02  7.46324e-01 
 3.08000e+02  7.18201e-01 
 3.08500e+02  6.89910e-01 
 3.09000e+02  6.61453e-01 
 3.09500e+02  6.32831e-01 
 3.10000e+02  6.04046e-01 
 3.10500e+02  5.75099e-01 
 3.11000e+02  5.45990e-01 
 3.11500e+02  5.16723e-01 
 3.12000e+02  4.87301e-01 
 3.12500e+02  4.57725e-01 
 3.13000e+02  4.27997e-01 
 3.13500e+02  3.98117e-01 
 3.14000e+02  3.68089e-01 
 3.14500e+02  3.37915e-01 
 3.15000e+02  3.07598e-01 
 3.15500e+02  2.77139e-01 
 3.16000e+02  2.46540e-01 
 3.16500e+02  2.15803e-01 
 3.17000e+02  1.84932e-01 
 3.17500e+02  1.53933e-01 
 3.18000e+02  1.22812e-01 
 3.18500e+02  9.15754e-02 
 3.19000e+02  6.02325e-02 
 3.19500e+02  2.88003e-02 
