 0.00000e+00  0.00000e+00 
 5.00000e-01  3.27938e-02 
 1.00000e+00  6.54566e-02 
 1.50000e+00  9.79872e-02 
 2.00000e+00  1.30380e-01 
 2.50000e+00  1.62628e-01 
 3.00000e+00  1.94726e-01 
 3.50000e+00  2.26669e-01 
 4.00000e+00  2.58455e-01 
 4.50000e+00  2.90079e-01 
 5.00000e+00  3.21543e-01 
 5.50000e+00  3.52842e-01 
 6.00000e+00  3.83975e-01 
 6.50000e+00  4.14942e-01 
 7.00000e+00  4.45740e-01 
 7.50000e+00  4.76370e-01 
 8.00000e+00  5.06829e-01 
 8.50000e+00  5.37116e-01 
 9.00000e+00  5.67229e-01 
 9.50000e+00  5.97167e-01 
 1.00000e+01  6.26930e-01 
 1.05000e+01  6.56516e-01 
 1.10000e+01  6.85923e-01 
 1.15000e+01  7.15147e-01 
 1.20000e+01  7.44189e-01 
 1.25000e+01  7.73047e-01 
 1.30000e+01  8.01720e-01 
 1.35000e+01  8.30206e-01 
 1.40000e+01  8.58504e-01 
 1.45000e+01  8.86611e-01 
 1.50000e+01  9.14525e-01 
 1.55000e+01  9.42245e-01 
 1.60000e+01  9.69770e-01 
 1.65000e+01  9.97097e-01 
 1.70000e+01  1.02422e+00 
 1.75000e+01  1.05115e+00 
 1.80000e+01  1.07788e+00 
 1.85000e+01  1.10440e+00 
 1.90000e+01  1.13072e+00 
 1.95000e+01  1.15683e+00 
 2.00000e+01  1.18274e+00 
 2.05000e+01  1.20845e+00 
 2.10000e+01  1.23394e+00 
 2.15000e+01  1.25922e+00 
 2.20000e+01  1.28428e+00 
 2.25000e+01  1.30913e+00 
 2.30000e+01  1.33376e+00 
 2.35000e+01  1.35817e+00 
 2.40000e+01  1.38236e+00 
 2.45000e+01  1.40633e+00 
 2.50000e+01  1.43007e+00 
 2.55000e+01  1.45358e+00 
 2.60000e+01  1.47687e+00 
 2.65000e+01  1.49993e+00 
 2.70000e+01  1.52275e+00 
 2.75000e+01  1.54535e+00 
 2.80000e+01  1.56771e+00 
 2.85000e+01  1.58984e+00 
 2.90000e+01  1.61173e+00 
 2.95000e+01  1.63338e+00 
 3.00000e+01  1.65479e+00 
 3.05000e+01  1.67595e+00 
 3.10000e+01  1.69687e+00 
 3.15000e+01  1.71754e+00 
 3.20000e+01  1.73797e+00 
 3.25000e+01  1.75814e+00 
 3.30000e+01  1.77806e+00 
 3.35000e+01  1.79773e+00 
 3.40000e+01  1.81714e+00 
 3.45000e+01  1.83631e+00 
 3.50000e+01  1.85521e+00 
 3.55000e+01  1.87385e+00 
 3.60000e+01  1.89224e+00 
 3.65000e+01  1.91036e+00 
 3.70000e+01  1.92823e+00 
 3.75000e+01  1.94584e+00 
 3.80000e+01  1.96318e+00 
 3.85000e+01  1.98027e+00 
 3.90000e+01  1.99709e+00 
 3.95000e+01  2.01365e+00 
 4.00000e+01  2.02994e+00 
 4.05000e+01  2.04597e+00 
 4.10000e+01  2.06174e+00 
 4.15000e+01  2.07723e+00 
 4.20000e+01  2.09247e+00 
 4.25000e+01  2.10744e+00 
 4.30000e+01  2.12214e+00 
 4.35000e+01  2.13657e+00 
 4.40000e+01  2.15073e+00 
 4.45000e+01  2.16463e+00 
 4.50000e+01  2.17825e+00 
 4.55000e+01  2.19161e+00 
 4.60000e+01  2.20470e+00 
 4.65000e+01  2.21752e+00 
 4.70000e+01  2.23007e+00 
 4.75000e+01  2.24236e+00 
 4.80000e+01  2.25439e+00 
 4.85000e+01  2.26615e+00 
 4.90000e+01  2.27766e+00 
 4.95000e+01  2.28891e+00 
 5.00000e+01  2.29991e+00 
 5.05000e+01  2.31065e+00 
 5.10000e+01  2.32113e+00 
 5.15000e+01  2.33136e+00 
 5.20000e+01  2.34133e+00 
 5.25000e+01  2.35105e+00 
 5.30000e+01  2.36049e+00 
 5.35000e+01  2.36967e+00 
 5.40000e+01  2.37858e+00 
 5.45000e+01  2.38723e+00 
 5.50000e+01  2.39561e+00 
 5.55000e+01  2.40371e+00 
 5.60000e+01  2.41155e+00 
 5.65000e+01  2.41912e+00 
 5.70000e+01  2.42642e+00 
 5.75000e+01  2.43345e+00 
 5.80000e+01  2.44021e+00 
 5.85000e+01  2.44670e+00 
 5.90000e+01  2.45293e+00 
 5.95000e+01  2.45890e+00 
 6.00000e+01  2.46460e+00 
 6.05000e+01  2.47006e+00 
 6.10000e+01  2.47527e+00 
 6.15000e+01  2.48024e+00 
 6.20000e+01  2.48497e+00 
 6.25000e+01  2.48949e+00 
 6.30000e+01  2.49379e+00 
 6.35000e+01  2.49786e+00 
 6.40000e+01  2.50173e+00 
 6.45000e+01  2.50541e+00 
 6.50000e+01  2.50890e+00 
 6.55000e+01  2.51220e+00 
 6.60000e+01  2.51533e+00 
 6.65000e+01  2.51829e+00 
 6.70000e+01  2.52108e+00 
 6.75000e+01  2.52371e+00 
 6.80000e+01  2.52619e+00 
 6.85000e+01  2.52853e+00 
 6.90000e+01  2.53075e+00 
 6.95000e+01  2.53283e+00 
 7.00000e+01  2.53479e+00 
 7.05000e+01  2.53663e+00 
 7.10000e+01  2.53836e+00 
 7.15000e+01  2.54001e+00 
 7.20000e+01  2.54157e+00 
 7.25000e+01  2.54306e+00 
 7.30000e+01  2.54449e+00 
 7.35000e+01  2.54585e+00 
 7.40000e+01  2.54714e+00 
 7.45000e+01  2.54836e+00 
 7.50000e+01  2.54951e+00 
 7.55000e+01  2.55061e+00 
 7.60000e+01  2.55165e+00 
 7.65000e+01  2.55263e+00 
 7.70000e+01  2.55354e+00 
 7.75000e+01  2.55441e+00 
 7.80000e+01  2.55527e+00 
 7.85000e+01  2.55610e+00 
 7.90000e+01  2.55693e+00 
 7.95000e+01  2.55774e+00 
 8.00000e+01  2.55852e+00 
 8.05000e+01  2.55926e+00 
 8.10000e+01  2.55996e+00 
 8.15000e+01  2.56063e+00 
 8.20000e+01  2.56126e+00 
 8.25000e+01  2.56183e+00 
 8.30000e+01  2.56234e+00 
 8.35000e+01  2.56280e+00 
 8.40000e+01  2.56325e+00 
 8.45000e+01  2.56369e+00 
 8.50000e+01  2.56413e+00 
 8.55000e+01  2.56456e+00 
 8.60000e+01  2.56497e+00 
 8.65000e+01  2.56538e+00 
 8.70000e+01  2.56578e+00 
 8.75000e+01  2.56619e+00 
 8.80000e+01  2.56660e+00 
 8.85000e+01  2.56700e+00 
 8.90000e+01  2.56740e+00 
 8.95000e+01  2.56780e+00 
 9.00000e+01  2.56819e+00 
 9.05000e+01  2.56855e+00 
 9.10000e+01  2.56888e+00 
 9.15000e+01  2.56918e+00 
 9.20000e+01  2.56948e+00 
 9.25000e+01  2.56972e+00 
 9.30000e+01  2.56995e+00 
 9.35000e+01  2.57017e+00 
 9.40000e+01  2.57035e+00 
 9.45000e+01  2.57056e+00 
 9.50000e+01  2.57080e+00 
 9.55000e+01  2.57107e+00 
 9.60000e+01  2.57138e+00 
 9.65000e+01  2.57173e+00 
 9.70000e+01  2.57209e+00 
 9.75000e+01  2.57243e+00 
 9.80000e+01  2.57274e+00 
 9.85000e+01  2.57300e+00 
 9.90000e+01  2.57324e+00 
 9.95000e+01  2.57347e+00 
 1.00000e+02  2.57368e+00 
 1.00500e+02  2.57390e+00 
 1.01000e+02  2.57413e+00 
 1.01500e+02  2.57437e+00 
 1.02000e+02  2.57457e+00 
 1.02500e+02  2.57473e+00 
 1.03000e+02  2.57492e+00 
 1.03500e+02  2.57510e+00 
 1.04000e+02  2.57532e+00 
 1.04500e+02  2.57555e+00 
 1.05000e+02  2.57578e+00 
 1.05500e+02  2.57601e+00 
 1.06000e+02  2.57626e+00 
 1.06500e+02  2.57648e+00 
 1.07000e+02  2.57665e+00 
 1.07500e+02  2.57684e+00 
 1.08000e+02  2.57703e+00 
 1.08500e+02  2.57722e+00 
 1.09000e+02  2.57741e+00 
 1.09500e+02  2.57760e+00 
 1.10000e+02  2.57782e+00 
 1.10500e+02  2.57800e+00 
 1.11000e+02  2.57817e+00 
 1.11500e+02  2.57831e+00 
 1.12000e+02  2.57839e+00 
 1.12500e+02  2.57849e+00 
 1.13000e+02  2.57863e+00 
 1.13500e+02  2.57877e+00 
 1.14000e+02  2.57884e+00 
 1.14500e+02  2.57890e+00 
 1.15000e+02  2.57895e+00 
 1.15500e+02  2.57907e+00 
 1.16000e+02  2.57921e+00 
 1.16500e+02  2.57934e+00 
 1.17000e+02  2.57939e+00 
 1.17500e+02  2.57938e+00 
 1.18000e+02  2.57940e+00 
 1.18500e+02  2.57947e+00 
 1.19000e+02  2.57956e+00 
 1.19500e+02  2.57957e+00 
 1.20000e+02  2.57955e+00 
 1.20500e+02  2.57959e+00 
 1.21000e+02  2.57962e+00 
 1.21500e+02  2.57962e+00 
 1.22000e+02  2.57970e+00 
 1.22500e+02  2.57970e+00 
 1.23000e+02  2.57973e+00 
 1.23500e+02  2.57976e+00 
 1.24000e+02  2.57979e+00 
 1.24500e+02  2.57985e+00 
 1.25000e+02  2.57988e+00 
 1.25500e+02  2.57991e+00 
 1.26000e+02  2.57996e+00 
 1.26500e+02  2.57998e+00 
 1.27000e+02  2.58000e+00 
 1.27500e+02  2.58004e+00 
 1.28000e+02  2.58003e+00 
 1.28500e+02  2.58005e+00 
 1.29000e+02  2.58009e+00 
 1.29500e+02  2.58012e+00 
 1.30000e+02  2.58009e+00 
 1.30500e+02  2.58009e+00 
 1.31000e+02  2.58011e+00 
 1.31500e+02  2.58014e+00 
 1.32000e+02  2.58016e+00 
 1.32500e+02  2.58020e+00 
 1.33000e+02  2.58021e+00 
 1.33500e+02  2.58023e+00 
 1.34000e+02  2.58024e+00 
 1.34500e+02  2.58023e+00 
 1.35000e+02  2.58024e+00 
 1.35500e+02  2.58024e+00 
 1.36000e+02  2.58026e+00 
 1.36500e+02  2.58027e+00 
 1.37000e+02  2.58030e+00 
 1.37500e+02  2.58028e+00 
 1.38000e+02  2.58030e+00 
 1.38500e+02  2.58031e+00 
 1.39000e+02  2.58029e+00 
 1.39500e+02  2.58031e+00 
 1.40000e+02  2.58032e+00 
 1.40500e+02  2.58030e+00 
 1.41000e+02  2.58030e+00 
 1.41500e+02  2.58032e+00 
 1.42000e+02  2.58030e+00 
 1.42500e+02  2.58033e+00 
 1.43000e+02  2.58035e+00 
 1.43500e+02  2.58032e+00 
 1.44000e+02  2.58030e+00 
 1.44500e+02  2.58032e+00 
 1.45000e+02  2.58035e+00 
 1.45500e+02  2.58035e+00 
 1.46000e+02  2.58035e+00 
 1.46500e+02  2.58035e+00 
 1.47000e+02  2.58037e+00 
 1.47500e+02  2.58034e+00 
 1.48000e+02  2.58035e+00 
 1.48500e+02  2.58035e+00 
 1.49000e+02  2.58033e+00 
 1.49500e+02  2.58033e+00 
 1.50000e+02  2.58034e+00 
 1.50500e+02  2.58037e+00 
 1.51000e+02  2.58034e+00 
 1.51500e+02  2.58038e+00 
 1.52000e+02  2.58037e+00 
 1.52500e+02  2.58035e+00 
 1.53000e+02  2.58037e+00 
 1.53500e+02  2.58038e+00 
 1.54000e+02  2.58035e+00 
 1.54500e+02  2.58034e+00 
 1.55000e+02  2.58035e+00 
 1.55500e+02  2.58036e+00 
 1.56000e+02  2.58037e+00 
 1.56500e+02  2.58036e+00 
 1.57000e+02  2.58036e+00 
 1.57500e+02  2.58036e+00 
 1.58000e+02  2.58036e+00 
 1.58500e+02  2.58035e+00 
 1.59000e+02  2.58034e+00 
 1.59500e+02  2.58035e+00 
 1.60000e+02  2.58034e+00 
 1.60500e+02  2.58034e+00 
 1.61000e+02  2.58030e+00 
 1.61500e+02  2.58034e+00 
 1.62000e+02  2.58034e+00 
 1.62500e+02  2.58034e+00 
 1.63000e+02  2.58034e+00 
 1.63500e+02  2.58034e+00 
 1.64000e+02  2.58033e+00 
 1.64500e+02  2.58033e+00 
 1.65000e+02  2.58034e+00 
 1.65500e+02  2.58036e+00 
 1.66000e+02  2.58031e+00 
 1.66500e+02  2.58031e+00 
 1.67000e+02  2.58032e+00 
 1.67500e+02  2.58035e+00 
 1.68000e+02  2.58032e+00 
 1.68500e+02  2.58030e+00 
 1.69000e+02  2.58034e+00 
 1.69500e+02  2.58031e+00 
 1.70000e+02  2.58034e+00 
 1.70500e+02  2.58031e+00 
 1.71000e+02  2.58033e+00 
 1.71500e+02  2.58030e+00 
 1.72000e+02  2.58034e+00 
 1.72500e+02  2.58033e+00 
 1.73000e+02  2.58031e+00 
 1.73500e+02  2.58032e+00 
 1.74000e+02  2.58029e+00 
 1.74500e+02  2.58028e+00 
 1.75000e+02  2.58024e+00 
 1.75500e+02  2.58024e+00 
 1.76000e+02  2.58024e+00 
 1.76500e+02  2.58022e+00 
 1.77000e+02  2.58025e+00 
 1.77500e+02  2.58019e+00 
 1.78000e+02  2.58020e+00 
 1.78500e+02  2.58021e+00 
 1.79000e+02  2.58020e+00 
 1.79500e+02  2.58018e+00 
 1.80000e+02  2.58019e+00 
 1.80500e+02  2.58017e+00 
 1.81000e+02  2.58016e+00 
 1.81500e+02  2.58014e+00 
 1.82000e+02  2.58013e+00 
 1.82500e+02  2.58014e+00 
 1.83000e+02  2.58013e+00 
 1.83500e+02  2.58012e+00 
 1.84000e+02  2.58012e+00 
 1.84500e+02  2.58011e+00 
 1.85000e+02  2.58009e+00 
 1.85500e+02  2.58010e+00 
 1.86000e+02  2.58007e+00 
 1.86500e+02  2.58007e+00 
 1.87000e+02  2.58005e+00 
 1.87500e+02  2.58004e+00 
 1.88000e+02  2.58005e+00 
 1.88500e+02  2.57999e+00 
 1.89000e+02  2.57999e+00 
 1.89500e+02  2.57997e+00 
 1.90000e+02  2.57994e+00 
 1.90500e+02  2.57995e+00 
 1.91000e+02  2.57995e+00 
 1.91500e+02  2.57992e+00 
 1.92000e+02  2.57995e+00 
 1.92500e+02  2.57990e+00 
 1.93000e+02  2.57987e+00 
 1.93500e+02  2.57984e+00 
 1.94000e+02  2.57982e+00 
 1.94500e+02  2.57981e+00 
 1.95000e+02  2.57982e+00 
 1.95500e+02  2.57978e+00 
 1.96000e+02  2.57976e+00 
 1.96500e+02  2.57973e+00 
 1.97000e+02  2.57969e+00 
 1.97500e+02  2.57959e+00 
 1.98000e+02  2.57951e+00 
 1.98500e+02  2.57949e+00 
 1.99000e+02  2.57949e+00 
 1.99500e+02  2.57943e+00 
 2.00000e+02  2.57935e+00 
 2.00500e+02  2.57928e+00 
 2.01000e+02  2.57924e+00 
 2.01500e+02  2.57919e+00 
 2.02000e+02  2.57909e+00 
 2.02500e+02  2.57901e+00 
 2.03000e+02  2.57892e+00 
 2.03500e+02  2.57880e+00 
 2.04000e+02  2.57867e+00 
 2.04500e+02  2.57855e+00 
 2.05000e+02  2.57845e+00 
 2.05500e+02  2.57834e+00 
 2.06000e+02  2.57818e+00 
 2.06500e+02  2.57802e+00 
 2.07000e+02  2.57784e+00 
 2.07500e+02  2.57761e+00 
 2.08000e+02  2.57739e+00 
 2.08500e+02  2.57719e+00 
 2.09000e+02  2.57702e+00 
 2.09500e+02  2.57685e+00 
 2.10000e+02  2.57667e+00 
 2.10500e+02  2.57650e+00 
 2.11000e+02  2.57636e+00 
 2.11500e+02  2.57623e+00 
 2.12000e+02  2.57606e+00 
 2.12500e+02  2.57586e+00 
 2.13000e+02  2.57568e+00 
 2.13500e+02  2.57549e+00 
 2.14000e+02  2.57526e+00 
 2.14500e+02  2.57505e+00 
 2.15000e+02  2.57486e+00 
 2.15500e+02  2.57467e+00 
 2.16000e+02  2.57447e+00 
 2.16500e+02  2.57424e+00 
 2.17000e+02  2.57395e+00 
 2.17500e+02  2.57368e+00 
 2.18000e+02  2.57342e+00 
 2.18500e+02  2.57320e+00 
 2.19000e+02  2.57304e+00 
 2.19500e+02  2.57288e+00 
 2.20000e+02  2.57267e+00 
 2.20500e+02  2.57240e+00 
 2.21000e+02  2.57212e+00 
 2.21500e+02  2.57180e+00 
 2.22000e+02  2.57144e+00 
 2.22500e+02  2.57111e+00 
 2.23000e+02  2.57082e+00 
 2.23500e+02  2.57056e+00 
 2.24000e+02  2.57030e+00 
 2.24500e+02  2.57005e+00 
 2.25000e+02  2.56980e+00 
 2.25500e+02  2.56951e+00 
 2.26000e+02  2.56919e+00 
 2.26500e+02  2.56886e+00 
 2.27000e+02  2.56850e+00 
 2.27500e+02  2.56812e+00 
 2.28000e+02  2.56775e+00 
 2.28500e+02  2.56738e+00 
 2.29000e+02  2.56699e+00 
 2.29500e+02  2.56656e+00 
 2.30000e+02  2.56612e+00 
 2.30500e+02  2.56568e+00 
 2.31000e+02  2.56525e+00 
 2.31500e+02  2.56481e+00 
 2.32000e+02  2.56438e+00 
 2.32500e+02  2.56393e+00 
 2.33000e+02  2.56346e+00 
 2.33500e+02  2.56296e+00 
 2.34000e+02  2.56245e+00 
 2.34500e+02  2.56193e+00 
 2.35000e+02  2.56139e+00 
 2.35500e+02  2.56078e+00 
 2.36000e+02  2.56010e+00 
 2.36500e+02  2.55942e+00 
 2.37000e+02  2.55874e+00 
 2.37500e+02  2.55803e+00 
 2.38000e+02  2.55732e+00 
 2.38500e+02  2.55661e+00 
 2.39000e+02  2.55590e+00 
 2.39500e+02  2.55518e+00 
 2.40000e+02  2.55443e+00 
 2.40500e+02  2.55366e+00 
 2.41000e+02  2.55287e+00 
 2.41500e+02  2.55204e+00 
 2.42000e+02  2.55116e+00 
 2.42500e+02  2.55023e+00 
 2.43000e+02  2.54925e+00 
 2.43500e+02  2.54821e+00 
 2.44000e+02  2.54712e+00 
 2.44500e+02  2.54594e+00 
 2.45000e+02  2.54468e+00 
 2.45500e+02  2.54335e+00 
 2.46000e+02  2.54196e+00 
 2.46500e+02  2.54051e+00 
 2.47000e+02  2.53899e+00 
 2.47500e+02  2.53738e+00 
 2.48000e+02  2.53569e+00 
 2.48500e+02  2.53392e+00 
 2.49000e+02  2.53208e+00 
 2.49500e+02  2.53012e+00 
 2.50000e+02  2.52805e+00 
 2.50500e+02  2.52584e+00 
 2.51000e+02  2.52350e+00 
 2.51500e+02  2.52101e+00 
 2.52000e+02  2.51837e+00 
 2.52500e+02  2.51558e+00 
 2.53000e+02  2.51261e+00 
 2.53500e+02  2.50949e+00 
 2.54000e+02  2.50620e+00 
 2.54500e+02  2.50271e+00 
 2.55000e+02  2.49903e+00 
 2.55500e+02  2.49514e+00 
 2.56000e+02  2.49103e+00 
 2.56500e+02  2.48670e+00 
 2.57000e+02  2.48213e+00 
 2.57500e+02  2.47733e+00 
 2.58000e+02  2.47230e+00 
 2.58500e+02  2.46703e+00 
 2.59000e+02  2.46150e+00 
 2.59500e+02  2.45571e+00 
 2.60000e+02  2.44967e+00 
 2.60500e+02  2.44338e+00 
 2.61000e+02  2.43683e+00 
 2.61500e+02  2.43003e+00 
 2.62000e+02  2.42298e+00 
 2.62500e+02  2.41567e+00 
 2.63000e+02  2.40810e+00 
 2.63500e+02  2.40027e+00 
 2.64000e+02  2.39220e+00 
 2.64500e+02  2.38386e+00 
 2.65000e+02  2.37526e+00 
 2.65500e+02  2.36641e+00 
 2.66000e+02  2.35731e+00 
 2.66500e+02  2.34796e+00 
 2.67000e+02  2.33837e+00 
 2.67500e+02  2.32854e+00 
 2.68000e+02  2.31848e+00 
 2.68500e+02  2.30820e+00 
 2.69000e+02  2.29769e+00 
 2.69500e+02  2.28696e+00 
 2.70000e+02  2.27599e+00 
 2.70500e+02  2.26480e+00 
 2.71000e+02  2.25335e+00 
 2.71500e+02  2.24166e+00 
 2.72000e+02  2.22970e+00 
 2.72500e+02  2.21749e+00 
 2.73000e+02  2.20501e+00 
 2.73500e+02  2.19227e+00 
 2.74000e+02  2.17927e+00 
 2.74500e+02  2.16599e+00 
 2.75000e+02  2.15246e+00 
 2.75500e+02  2.13867e+00 
 2.76000e+02  2.12461e+00 
 2.76500e+02  2.11030e+00 
 2.77000e+02  2.09573e+00 
 2.77500e+02  2.08090e+00 
 2.78000e+02  2.06582e+00 
 2.78500e+02  2.05047e+00 
 2.79000e+02  2.03486e+00 
 2.79500e+02  2.01900e+00 
 2.80000e+02  2.00289e+00 
 2.80500e+02  1.98652e+00 
 2.81000e+02  1.96990e+00 
 2.81500e+02  1.95302e+00 
 2.82000e+02  1.93589e+00 
 2.82500e+02  1.91851e+00 
 2.83000e+02  1.90087e+00 
 2.83500e+02  1.88298e+00 
 2.84000e+02  1.86485e+00 
 2.84500e+02  1.84646e+00 
 2.85000e+02  1.82782e+00 
 2.85500e+02  1.80893e+00 
 2.86000e+02  1.78980e+00 
 2.86500e+02  1.77042e+00 
 2.87000e+02  1.75080e+00 
 2.87500e+02  1.73093e+00 
 2.88000e+02  1.71082e+00 
 2.88500e+02  1.69047e+00 
 2.89000e+02  1.66988e+00 
 2.89500e+02  1.64905e+00 
 2.90000e+02  1.62799e+00 
 2.90500e+02  1.60671e+00 
 2.91000e+02  1.58519e+00 
 2.91500e+02  1.56344e+00 
 2.92000e+02  1.54147e+00 
 2.92500e+02  1.51928e+00 
 2.93000e+02  1.49686e+00 
 2.93500e+02  1.47422e+00 
 2.94000e+02  1.45137e+00 
 2.94500e+02  1.42829e+00 
 2.95000e+02  1.40499e+00 
 2.95500e+02  1.38148e+00 
 2.96000e+02  1.35776e+00 
 2.96500e+02  1.33382e+00 
 2.97000e+02  1.30967e+00 
 2.97500e+02  1.28532e+00 
 2.98000e+02  1.26076e+00 
 2.98500e+02  1.23599e+00 
 2.99000e+02  1.21102e+00 
 2.99500e+02  1.18585e+00 
 3.00000e+02  1.16048e+00 
 3.00500e+02  1.13491e+00 
 3.01000e+02  1.10914e+00 
 3.01500e+02  1.08318e+00 
 3.02000e+02  1.05702e+00 
 3.02500e+02  1.03068e+00 
 3.03000e+02  1.00414e+00 
 3.03500e+02  9.77421e-01 
 3.04000e+02  9.50511e-01 
 3.04500e+02  9.23419e-01 
 3.05000e+02  8.96144e-01 
 3.05500e+02  8.68689e-01 
 3.06000e+02  8.41054e-01 
 3.06500e+02  8.13241e-01 
 3.07000e+02  7.85252e-01 
 3.07500e+02  7.57089e-01 
 3.08000e+02  7.28754e-01 
 3.08500e+02  7.00248e-01 
 3.09000e+02  6.71571e-01 
 3.09500e+02  6.42727e-01 
 3.10000e+02  6.13718e-01 
 3.10500e+02  5.84546e-01 
 3.11000e+02  5.55212e-01 
 3.11500e+02  5.25715e-01 
 3.12000e+02  4.96058e-01 
 3.12500e+02  4.66242e-01 
 3.13000e+02  4.36271e-01 
 3.13500e+02  4.06145e-01 
 3.14000e+02  3.75868e-01 
 3.14500e+02  3.45443e-01 
 3.15000e+02  3.14872e-01 
 3.15500e+02  2.84157e-01 
 3.16000e+02  2.53302e-01 
 3.16500e+02  2.22309e-01 
 3.17000e+02  1.91182e-01 
 3.17500e+02  1.59929e-01 
 3.18000e+02  1.28555e-01 
 3.18500e+02  9.70662e-02 
 3.19000e+02  6.54683e-02 
 3.19500e+02  3.37792e-02 
