 0.00000e+00  0.00000e+00 
 5.00000e-01  3.25018e-02 
 1.00000e+00  6.48738e-02 
 1.50000e+00  9.71163e-02 
 2.00000e+00  1.29222e-01 
 2.50000e+00  1.61183e-01 
 3.00000e+00  1.92995e-01 
 3.50000e+00  2.24654e-01 
 4.00000e+00  2.56158e-01 
 4.50000e+00  2.87505e-01 
 5.00000e+00  3.18694e-01 
 5.50000e+00  3.49724e-01 
 6.00000e+00  3.80592e-01 
 6.50000e+00  4.11297e-01 
 7.00000e+00  4.41837e-01 
 7.50000e+00  4.72212e-01 
 8.00000e+00  5.02420e-01 
 8.50000e+00  5.32460e-01 
 9.00000e+00  5.62327e-01 
 9.50000e+00  5.92021e-01 
 1.00000e+01  6.21541e-01 
 1.05000e+01  6.50886e-01 
 1.10000e+01  6.80054e-01 
 1.15000e+01  7.09043e-01 
 1.20000e+01  7.37852e-01 
 1.25000e+01  7.66480e-01 
 1.30000e+01  7.94924e-01 
 1.35000e+01  8.23186e-01 
 1.40000e+01  8.51263e-01 
 1.45000e+01  8.79152e-01 
 1.50000e+01  9.06854e-01 
 1.55000e+01  9.34367e-01 
 1.60000e+01  9.61687e-01 
 1.65000e+01  9.88815e-01 
 1.70000e+01  1.01575e+00 
 1.75000e+01  1.04249e+00 
 1.80000e+01  1.06903e+00 
 1.85000e+01  1.09537e+00 
 1.90000e+01  1.12152e+00 
 1.95000e+01  1.14745e+00 
 2.00000e+01  1.17319e+00 
 2.05000e+01  1.19871e+00 
 2.10000e+01  1.22403e+00 
 2.15000e+01  1.24914e+00 
 2.20000e+01  1.27404e+00 
 2.25000e+01  1.29872e+00 
 2.30000e+01  1.32319e+00 
 2.35000e+01  1.34744e+00 
 2.40000e+01  1.37147e+00 
 2.45000e+01  1.39528e+00 
 2.50000e+01  1.41887e+00 
 2.55000e+01  1.44223e+00 
 2.60000e+01  1.46536e+00 
 2.65000e+01  1.48828e+00 
 2.70000e+01  1.51097e+00 
 2.75000e+01  1.53343e+00 
 2.80000e+01  1.55565e+00 
 2.85000e+01  1.57765e+00 
 2.90000e+01  1.59941e+00 
 2.95000e+01  1.62094e+00 
 3.00000e+01  1.64222e+00 
 3.05000e+01  1.66328e+00 
 3.10000e+01  1.68408e+00 
 3.15000e+01  1.70465e+00 
 3.20000e+01  1.72497e+00 
 3.25000e+01  1.74505e+00 
 3.30000e+01  1.76488e+00 
 3.35000e+01  1.78446e+00 
 3.40000e+01  1.80380e+00 
 3.45000e+01  1.82289e+00 
 3.50000e+01  1.84173e+00 
 3.55000e+01  1.86032e+00 
 3.60000e+01  1.87865e+00 
 3.65000e+01  1.89673e+00 
 3.70000e+01  1.91455e+00 
 3.75000e+01  1.93213e+00 
 3.80000e+01  1.94944e+00 
 3.85000e+01  1.96651e+00 
 3.90000e+01  1.98333e+00 
 3.95000e+01  1.99989e+00 
 4.00000e+01  2.01620e+00 
 4.05000e+01  2.03225e+00 
 4.10000e+01  2.04805e+00 
 4.15000e+01  2.06359e+00 
 4.20000e+01  2.07887e+00 
 4.25000e+01  2.09390e+00 
 4.30000e+01  2.10866e+00 
 4.35000e+01  2.12316e+00 
 4.40000e+01  2.13741e+00 
 4.45000e+01  2.15138e+00 
 4.50000e+01  2.16509e+00 
 4.55000e+01  2.17854e+00 
 4.60000e+01  2.19172e+00 
 4.65000e+01  2.20463e+00 
 4.70000e+01  2.21728e+00 
 4.75000e+01  2.22966e+00 
 4.80000e+01  2.24176e+00 
 4.85000e+01  2.25360e+00 
 4.90000e+01  2.26518e+00 
 4.95000e+01  2.27650e+00 
 5.00000e+01  2.28756e+00 
 5.05000e+01  2.29838e+00 
 5.10000e+01  2.30894e+00 
 5.15000e+01  2.31927e+00 
 5.20000e+01  2.32934e+00 
 5.25000e+01  2.33916e+00 
 5.30000e+01  2.34873e+00 
 5.35000e+01  2.35804e+00 
 5.40000e+01  2.36710e+00 
 5.45000e+01  2.37590e+00 
 5.50000e+01  2.38443e+00 
 5.55000e+01  2.39270e+00 
 5.60000e+01  2.40070e+00 
 5.65000e+01  2.40845e+00 
 5.70000e+01  2.41593e+00 
 5.75000e+01  2.42315e+00 
 5.80000e+01  2.43010e+00 
 5.85000e+01  2.43680e+00 
 5.90000e+01  2.44323e+00 
 5.95000e+01  2.44939e+00 
 6.00000e+01  2.45530e+00 
 6.05000e+01  2.46094e+00 
 6.10000e+01  2.46634e+00 
 6.15000e+01  2.47150e+00 
 6.20000e+01  2.47643e+00 
 6.25000e+01  2.48113e+00 
 6.30000e+01  2.48559e+00 
 6.35000e+01  2.48984e+00 
 6.40000e+01  2.49386e+00 
 6.45000e+01  2.49768e+00 
 6.50000e+01  2.50131e+00 
 6.55000e+01  2.50477e+00 
 6.60000e+01  2.50804e+00 
 6.65000e+01  2.51114e+00 
 6.70000e+01  2.51405e+00 
 6.75000e+01  2.51679e+00 
 6.80000e+01  2.51937e+00 
 6.85000e+01  2.52180e+00 
 6.90000e+01  2.52409e+00 
 6.95000e+01  2.52625e+00 
 7.00000e+01  2.52827e+00 
 7.05000e+01  2.53017e+00 
 7.10000e+01  2.53194e+00 
 7.15000e+01  2.53364e+00 
 7.20000e+01  2.53525e+00 
 7.25000e+01  2.53677e+00 
 7.30000e+01  2.53823e+00 
 7.35000e+01  2.53964e+00 
 7.40000e+01  2.54097e+00 
 7.45000e+01  2.54223e+00 
 7.50000e+01  2.54343e+00 
 7.55000e+01  2.54457e+00 
 7.60000e+01  2.54564e+00 
 7.65000e+01  2.54667e+00 
 7.70000e+01  2.54763e+00 
 7.75000e+01  2.54855e+00 
 7.80000e+01  2.54944e+00 
 7.85000e+01  2.55031e+00 
 7.90000e+01  2.55115e+00 
 7.95000e+01  2.55193e+00 
 8.00000e+01  2.55265e+00 
 8.05000e+01  2.55332e+00 
 8.10000e+01  2.55397e+00 
 8.15000e+01  2.55456e+00 
 8.20000e+01  2.55512e+00 
 8.25000e+01  2.55564e+00 
 8.30000e+01  2.55615e+00 
 8.35000e+01  2.55667e+00 
 8.40000e+01  2.55721e+00 
 8.45000e+01  2.55772e+00 
 8.50000e+01  2.55823e+00 
 8.55000e+01  2.55873e+00 
 8.60000e+01  2.55923e+00 
 8.65000e+01  2.55972e+00 
 8.70000e+01  2.56021e+00 
 8.75000e+01  2.56070e+00 
 8.80000e+01  2.56116e+00 
 8.85000e+01  2.56160e+00 
 8.90000e+01  2.56201e+00 
 8.95000e+01  2.56238e+00 
 9.00000e+01  2.56272e+00 
 9.05000e+01  2.56305e+00 
 9.10000e+01  2.56340e+00 
 9.15000e+01  2.56376e+00 
 9.20000e+01  2.56411e+00 
 9.25000e+01  2.56443e+00 
 9.30000e+01  2.56474e+00 
 9.35000e+01  2.56507e+00 
 9.40000e+01  2.56536e+00 
 9.45000e+01  2.56560e+00 
 9.50000e+01  2.56583e+00 
 9.55000e+01  2.56608e+00 
 9.60000e+01  2.56633e+00 
 9.65000e+01  2.56661e+00 
 9.70000e+01  2.56692e+00 
 9.75000e+01  2.56722e+00 
 9.80000e+01  2.56754e+00 
 9.85000e+01  2.56780e+00 
 9.90000e+01  2.56806e+00 
 9.95000e+01  2.56831e+00 
 1.00000e+02  2.56854e+00 
 1.00500e+02  2.56877e+00 
 1.01000e+02  2.56898e+00 
 1.01500e+02  2.56919e+00 
 1.02000e+02  2.56937e+00 
 1.02500e+02  2.56957e+00 
 1.03000e+02  2.56977e+00 
 1.03500e+02  2.56999e+00 
 1.04000e+02  2.57020e+00 
 1.04500e+02  2.57042e+00 
 1.05000e+02  2.57065e+00 
 1.05500e+02  2.57089e+00 
 1.06000e+02  2.57111e+00 
 1.06500e+02  2.57133e+00 
 1.07000e+02  2.57155e+00 
 1.07500e+02  2.57179e+00 
 1.08000e+02  2.57198e+00 
 1.08500e+02  2.57217e+00 
 1.09000e+02  2.57236e+00 
 1.09500e+02  2.57256e+00 
 1.10000e+02  2.57278e+00 
 1.10500e+02  2.57298e+00 
 1.11000e+02  2.57315e+00 
 1.11500e+02  2.57326e+00 
 1.12000e+02  2.57335e+00 
 1.12500e+02  2.57350e+00 
 1.13000e+02  2.57363e+00 
 1.13500e+02  2.57373e+00 
 1.14000e+02  2.57385e+00 
 1.14500e+02  2.57402e+00 
 1.15000e+02  2.57417e+00 
 1.15500e+02  2.57429e+00 
 1.16000e+02  2.57435e+00 
 1.16500e+02  2.57435e+00 
 1.17000e+02  2.57442e+00 
 1.17500e+02  2.57447e+00 
 1.18000e+02  2.57455e+00 
 1.18500e+02  2.57463e+00 
 1.19000e+02  2.57470e+00 
 1.19500e+02  2.57476e+00 
 1.20000e+02  2.57480e+00 
 1.20500e+02  2.57486e+00 
 1.21000e+02  2.57483e+00 
 1.21500e+02  2.57486e+00 
 1.22000e+02  2.57493e+00 
 1.22500e+02  2.57495e+00 
 1.23000e+02  2.57498e+00 
 1.23500e+02  2.57502e+00 
 1.24000e+02  2.57503e+00 
 1.24500e+02  2.57504e+00 
 1.25000e+02  2.57507e+00 
 1.25500e+02  2.57511e+00 
 1.26000e+02  2.57516e+00 
 1.26500e+02  2.57516e+00 
 1.27000e+02  2.57519e+00 
 1.27500e+02  2.57521e+00 
 1.28000e+02  2.57522e+00 
 1.28500e+02  2.57522e+00 
 1.29000e+02  2.57525e+00 
 1.29500e+02  2.57525e+00 
 1.30000e+02  2.57526e+00 
 1.30500e+02  2.57529e+00 
 1.31000e+02  2.57532e+00 
 1.31500e+02  2.57531e+00 
 1.32000e+02  2.57534e+00 
 1.32500e+02  2.57535e+00 
 1.33000e+02  2.57539e+00 
 1.33500e+02  2.57537e+00 
 1.34000e+02  2.57538e+00 
 1.34500e+02  2.57542e+00 
 1.35000e+02  2.57541e+00 
 1.35500e+02  2.57543e+00 
 1.36000e+02  2.57543e+00 
 1.36500e+02  2.57541e+00 
 1.37000e+02  2.57543e+00 
 1.37500e+02  2.57546e+00 
 1.38000e+02  2.57545e+00 
 1.38500e+02  2.57543e+00 
 1.39000e+02  2.57544e+00 
 1.39500e+02  2.57544e+00 
 1.40000e+02  2.57545e+00 
 1.40500e+02  2.57547e+00 
 1.41000e+02  2.57545e+00 
 1.41500e+02  2.57544e+00 
 1.42000e+02  2.57547e+00 
 1.42500e+02  2.57550e+00 
 1.43000e+02  2.57548e+00 
 1.43500e+02  2.57547e+00 
 1.44000e+02  2.57551e+00 
 1.44500e+02  2.57551e+00 
 1.45000e+02  2.57551e+00 
 1.45500e+02  2.57554e+00 
 1.46000e+02  2.57555e+00 
 1.46500e+02  2.57555e+00 
 1.47000e+02  2.57556e+00 
 1.47500e+02  2.57555e+00 
 1.48000e+02  2.57560e+00 
 1.48500e+02  2.57559e+00 
 1.49000e+02  2.57560e+00 
 1.49500e+02  2.57558e+00 
 1.50000e+02  2.57558e+00 
 1.50500e+02  2.57562e+00 
 1.51000e+02  2.57560e+00 
 1.51500e+02  2.57562e+00 
 1.52000e+02  2.57560e+00 
 1.52500e+02  2.57560e+00 
 1.53000e+02  2.57564e+00 
 1.53500e+02  2.57560e+00 
 1.54000e+02  2.57560e+00 
 1.54500e+02  2.57559e+00 
 1.55000e+02  2.57563e+00 
 1.55500e+02  2.57563e+00 
 1.56000e+02  2.57563e+00 
 1.56500e+02  2.57563e+00 
 1.57000e+02  2.57561e+00 
 1.57500e+02  2.57563e+00 
 1.58000e+02  2.57566e+00 
 1.58500e+02  2.57561e+00 
 1.59000e+02  2.57563e+00 
 1.59500e+02  2.57561e+00 
 1.60000e+02  2.57566e+00 
 1.60500e+02  2.57566e+00 
 1.61000e+02  2.57568e+00 
 1.61500e+02  2.57567e+00 
 1.62000e+02  2.57566e+00 
 1.62500e+02  2.57567e+00 
 1.63000e+02  2.57563e+00 
 1.63500e+02  2.57564e+00 
 1.64000e+02  2.57563e+00 
 1.64500e+02  2.57562e+00 
 1.65000e+02  2.57562e+00 
 1.65500e+02  2.57562e+00 
 1.66000e+02  2.57563e+00 
 1.66500e+02  2.57560e+00 
 1.67000e+02  2.57561e+00 
 1.67500e+02  2.57559e+00 
 1.68000e+02  2.57559e+00 
 1.68500e+02  2.57560e+00 
 1.69000e+02  2.57559e+00 
 1.69500e+02  2.57558e+00 
 1.70000e+02  2.57558e+00 
 1.70500e+02  2.57555e+00 
 1.71000e+02  2.57558e+00 
 1.71500e+02  2.57557e+00 
 1.72000e+02  2.57557e+00 
 1.72500e+02  2.57557e+00 
 1.73000e+02  2.57558e+00 
 1.73500e+02  2.57558e+00 
 1.74000e+02  2.57553e+00 
 1.74500e+02  2.57555e+00 
 1.75000e+02  2.57553e+00 
 1.75500e+02  2.57552e+00 
 1.76000e+02  2.57549e+00 
 1.76500e+02  2.57550e+00 
 1.77000e+02  2.57552e+00 
 1.77500e+02  2.57548e+00 
 1.78000e+02  2.57544e+00 
 1.78500e+02  2.57544e+00 
 1.79000e+02  2.57547e+00 
 1.79500e+02  2.57547e+00 
 1.80000e+02  2.57545e+00 
 1.80500e+02  2.57548e+00 
 1.81000e+02  2.57544e+00 
 1.81500e+02  2.57547e+00 
 1.82000e+02  2.57543e+00 
 1.82500e+02  2.57545e+00 
 1.83000e+02  2.57542e+00 
 1.83500e+02  2.57540e+00 
 1.84000e+02  2.57542e+00 
 1.84500e+02  2.57536e+00 
 1.85000e+02  2.57537e+00 
 1.85500e+02  2.57536e+00 
 1.86000e+02  2.57535e+00 
 1.86500e+02  2.57535e+00 
 1.87000e+02  2.57534e+00 
 1.87500e+02  2.57531e+00 
 1.88000e+02  2.57533e+00 
 1.88500e+02  2.57530e+00 
 1.89000e+02  2.57529e+00 
 1.89500e+02  2.57526e+00 
 1.90000e+02  2.57527e+00 
 1.90500e+02  2.57521e+00 
 1.91000e+02  2.57519e+00 
 1.91500e+02  2.57519e+00 
 1.92000e+02  2.57515e+00 
 1.92500e+02  2.57514e+00 
 1.93000e+02  2.57512e+00 
 1.93500e+02  2.57511e+00 
 1.94000e+02  2.57511e+00 
 1.94500e+02  2.57505e+00 
 1.95000e+02  2.57506e+00 
 1.95500e+02  2.57506e+00 
 1.96000e+02  2.57498e+00 
 1.96500e+02  2.57496e+00 
 1.97000e+02  2.57493e+00 
 1.97500e+02  2.57486e+00 
 1.98000e+02  2.57481e+00 
 1.98500e+02  2.57475e+00 
 1.99000e+02  2.57468e+00 
 1.99500e+02  2.57461e+00 
 2.00000e+02  2.57460e+00 
 2.00500e+02  2.57456e+00 
 2.01000e+02  2.57449e+00 
 2.01500e+02  2.57438e+00 
 2.02000e+02  2.57428e+00 
 2.02500e+02  2.57418e+00 
 2.03000e+02  2.57412e+00 
 2.03500e+02  2.57406e+00 
 2.04000e+02  2.57399e+00 
 2.04500e+02  2.57391e+00 
 2.05000e+02  2.57383e+00 
 2.05500e+02  2.57375e+00 
 2.06000e+02  2.57364e+00 
 2.06500e+02  2.57347e+00 
 2.07000e+02  2.57326e+00 
 2.07500e+02  2.57305e+00 
 2.08000e+02  2.57289e+00 
 2.08500e+02  2.57274e+00 
 2.09000e+02  2.57251e+00 
 2.09500e+02  2.57227e+00 
 2.10000e+02  2.57205e+00 
 2.10500e+02  2.57185e+00 
 2.11000e+02  2.57168e+00 
 2.11500e+02  2.57152e+00 
 2.12000e+02  2.57136e+00 
 2.12500e+02  2.57119e+00 
 2.13000e+02  2.57098e+00 
 2.13500e+02  2.57077e+00 
 2.14000e+02  2.57060e+00 
 2.14500e+02  2.57040e+00 
 2.15000e+02  2.57020e+00 
 2.15500e+02  2.56998e+00 
 2.16000e+02  2.56980e+00 
 2.16500e+02  2.56964e+00 
 2.17000e+02  2.56944e+00 
 2.17500e+02  2.56921e+00 
 2.18000e+02  2.56900e+00 
 2.18500e+02  2.56881e+00 
 2.19000e+02  2.56865e+00 
 2.19500e+02  2.56851e+00 
 2.20000e+02  2.56832e+00 
 2.20500e+02  2.56808e+00 
 2.21000e+02  2.56786e+00 
 2.21500e+02  2.56761e+00 
 2.22000e+02  2.56732e+00 
 2.22500e+02  2.56702e+00 
 2.23000e+02  2.56674e+00 
 2.23500e+02  2.56644e+00 
 2.24000e+02  2.56614e+00 
 2.24500e+02  2.56585e+00 
 2.25000e+02  2.56555e+00 
 2.25500e+02  2.56525e+00 
 2.26000e+02  2.56497e+00 
 2.26500e+02  2.56468e+00 
 2.27000e+02  2.56436e+00 
 2.27500e+02  2.56401e+00 
 2.28000e+02  2.56364e+00 
 2.28500e+02  2.56325e+00 
 2.29000e+02  2.56282e+00 
 2.29500e+02  2.56239e+00 
 2.30000e+02  2.56196e+00 
 2.30500e+02  2.56152e+00 
 2.31000e+02  2.56107e+00 
 2.31500e+02  2.56063e+00 
 2.32000e+02  2.56021e+00 
 2.32500e+02  2.55979e+00 
 2.33000e+02  2.55939e+00 
 2.33500e+02  2.55897e+00 
 2.34000e+02  2.55854e+00 
 2.34500e+02  2.55810e+00 
 2.35000e+02  2.55763e+00 
 2.35500e+02  2.55714e+00 
 2.36000e+02  2.55661e+00 
 2.36500e+02  2.55606e+00 
 2.37000e+02  2.55551e+00 
 2.37500e+02  2.55493e+00 
 2.38000e+02  2.55434e+00 
 2.38500e+02  2.55374e+00 
 2.39000e+02  2.55309e+00 
 2.39500e+02  2.55239e+00 
 2.40000e+02  2.55165e+00 
 2.40500e+02  2.55088e+00 
 2.41000e+02  2.55007e+00 
 2.41500e+02  2.54925e+00 
 2.42000e+02  2.54838e+00 
 2.42500e+02  2.54747e+00 
 2.43000e+02  2.54650e+00 
 2.43500e+02  2.54547e+00 
 2.44000e+02  2.54437e+00 
 2.44500e+02  2.54320e+00 
 2.45000e+02  2.54198e+00 
 2.45500e+02  2.54068e+00 
 2.46000e+02  2.53932e+00 
 2.46500e+02  2.53790e+00 
 2.47000e+02  2.53641e+00 
 2.47500e+02  2.53485e+00 
 2.48000e+02  2.53320e+00 
 2.48500e+02  2.53147e+00 
 2.49000e+02  2.52964e+00 
 2.49500e+02  2.52769e+00 
 2.50000e+02  2.52564e+00 
 2.50500e+02  2.52345e+00 
 2.51000e+02  2.52113e+00 
 2.51500e+02  2.51868e+00 
 2.52000e+02  2.51607e+00 
 2.52500e+02  2.51330e+00 
 2.53000e+02  2.51037e+00 
 2.53500e+02  2.50726e+00 
 2.54000e+02  2.50396e+00 
 2.54500e+02  2.50047e+00 
 2.55000e+02  2.49677e+00 
 2.55500e+02  2.49286e+00 
 2.56000e+02  2.48874e+00 
 2.56500e+02  2.48440e+00 
 2.57000e+02  2.47984e+00 
 2.57500e+02  2.47504e+00 
 2.58000e+02  2.47001e+00 
 2.58500e+02  2.46473e+00 
 2.59000e+02  2.45919e+00 
 2.59500e+02  2.45341e+00 
 2.60000e+02  2.44737e+00 
 2.60500e+02  2.44107e+00 
 2.61000e+02  2.43451e+00 
 2.61500e+02  2.42769e+00 
 2.62000e+02  2.42061e+00 
 2.62500e+02  2.41329e+00 
 2.63000e+02  2.40572e+00 
 2.63500e+02  2.39789e+00 
 2.64000e+02  2.38981e+00 
 2.64500e+02  2.38148e+00 
 2.65000e+02  2.37290e+00 
 2.65500e+02  2.36406e+00 
 2.66000e+02  2.35497e+00 
 2.66500e+02  2.34563e+00 
 2.67000e+02  2.33604e+00 
 2.67500e+02  2.32620e+00 
 2.68000e+02  2.31612e+00 
 2.68500e+02  2.30581e+00 
 2.69000e+02  2.29528e+00 
 2.69500e+02  2.28451e+00 
 2.70000e+02  2.27350e+00 
 2.70500e+02  2.26226e+00 
 2.71000e+02  2.25077e+00 
 2.71500e+02  2.23902e+00 
 2.72000e+02  2.22701e+00 
 2.72500e+02  2.21474e+00 
 2.73000e+02  2.20219e+00 
 2.73500e+02  2.18937e+00 
 2.74000e+02  2.17630e+00 
 2.74500e+02  2.16296e+00 
 2.75000e+02  2.14936e+00 
 2.75500e+02  2.13550e+00 
 2.76000e+02  2.12139e+00 
 2.76500e+02  2.10701e+00 
 2.77000e+02  2.09237e+00 
 2.77500e+02  2.07747e+00 
 2.78000e+02  2.06231e+00 
 2.78500e+02  2.04690e+00 
 2.79000e+02  2.03124e+00 
 2.79500e+02  2.01532e+00 
 2.80000e+02  1.99915e+00 
 2.80500e+02  1.98273e+00 
 2.81000e+02  1.96606e+00 
 2.81500e+02  1.94915e+00 
 2.82000e+02  1.93198e+00 
 2.82500e+02  1.91458e+00 
 2.83000e+02  1.89692e+00 
 2.83500e+02  1.87902e+00 
 2.84000e+02  1.86087e+00 
 2.84500e+02  1.84247e+00 
 2.85000e+02  1.82383e+00 
 2.85500e+02  1.80494e+00 
 2.86000e+02  1.78580e+00 
 2.86500e+02  1.76642e+00 
 2.87000e+02  1.74679e+00 
 2.87500e+02  1.72693e+00 
 2.88000e+02  1.70683e+00 
 2.88500e+02  1.68649e+00 
 2.89000e+02  1.66591e+00 
 2.89500e+02  1.64509e+00 
 2.90000e+02  1.62405e+00 
 2.90500e+02  1.60277e+00 
 2.91000e+02  1.58125e+00 
 2.91500e+02  1.55951e+00 
 2.92000e+02  1.53755e+00 
 2.92500e+02  1.51535e+00 
 2.93000e+02  1.49294e+00 
 2.93500e+02  1.47032e+00 
 2.94000e+02  1.44747e+00 
 2.94500e+02  1.42442e+00 
 2.95000e+02  1.40115e+00 
 2.95500e+02  1.37767e+00 
 2.96000e+02  1.35398e+00 
 2.96500e+02  1.33008e+00 
 2.97000e+02  1.30597e+00 
 2.97500e+02  1.28166e+00 
 2.98000e+02  1.25714e+00 
 2.98500e+02  1.23242e+00 
 2.99000e+02  1.20750e+00 
 2.99500e+02  1.18238e+00 
 3.00000e+02  1.15705e+00 
 3.00500e+02  1.13154e+00 
 3.01000e+02  1.10583e+00 
 3.01500e+02  1.07993e+00 
 3.02000e+02  1.05384e+00 
 3.02500e+02  1.02757e+00 
 3.03000e+02  1.00111e+00 
 3.03500e+02  9.74463e-01 
 3.04000e+02  9.47633e-01 
 3.04500e+02  9.20622e-01 
 3.05000e+02  8.93430e-01 
 3.05500e+02  8.66060e-01 
 3.06000e+02  8.38513e-01 
 3.06500e+02  8.10792e-01 
 3.07000e+02  7.82896e-01 
 3.07500e+02  7.54828e-01 
 3.08000e+02  7.26587e-01 
 3.08500e+02  6.98177e-01 
 3.09000e+02  6.69598e-01 
 3.09500e+02  6.40854e-01 
 3.10000e+02  6.11944e-01 
 3.10500e+02  5.82873e-01 
 3.11000e+02  5.53643e-01 
 3.11500e+02  5.24255e-01 
 3.12000e+02  4.94710e-01 
 3.12500e+02  4.65010e-01 
 3.13000e+02  4.35156e-01 
 3.13500e+02  4.05150e-01 
 3.14000e+02  3.74993e-01 
 3.14500e+02  3.44687e-01 
 3.15000e+02  3.14235e-01 
 3.15500e+02  2.83639e-01 
 3.16000e+02  2.52905e-01 
 3.16500e+02  2.22035e-01 
 3.17000e+02  1.91032e-01 
 3.17500e+02  1.59900e-01 
 3.18000e+02  1.28643e-01 
 3.18500e+02  9.72684e-02 
 3.19000e+02  6.57862e-02 
 3.19500e+02  3.42148e-02 
