 0.00000e+00  0.00000e+00 
 5.00000e-01  3.30297e-02 
 1.00000e+00  6.59244e-02 
 1.50000e+00  9.86811e-02 
 2.00000e+00  1.31293e-01 
 2.50000e+00  1.63754e-01 
 3.00000e+00  1.96059e-01 
 3.50000e+00  2.28206e-01 
 4.00000e+00  2.60190e-01 
 4.50000e+00  2.92013e-01 
 5.00000e+00  3.23671e-01 
 5.50000e+00  3.55165e-01 
 6.00000e+00  3.86491e-01 
 6.50000e+00  4.17648e-01 
 7.00000e+00  4.48632e-01 
 7.50000e+00  4.79442e-01 
 8.00000e+00  5.10077e-01 
 8.50000e+00  5.40537e-01 
 9.00000e+00  5.70819e-01 
 9.50000e+00  6.00922e-01 
 1.00000e+01  6.30846e-01 
 1.05000e+01  6.60588e-01 
 1.10000e+01  6.90147e-01 
 1.15000e+01  7.19522e-01 
 1.20000e+01  7.48710e-01 
 1.25000e+01  7.77711e-01 
 1.30000e+01  8.06522e-01 
 1.35000e+01  8.35143e-01 
 1.40000e+01  8.63573e-01 
 1.45000e+01  8.91809e-01 
 1.50000e+01  9.19851e-01 
 1.55000e+01  9.47696e-01 
 1.60000e+01  9.75345e-01 
 1.65000e+01  1.00279e+00 
 1.70000e+01  1.03004e+00 
 1.75000e+01  1.05709e+00 
 1.80000e+01  1.08393e+00 
 1.85000e+01  1.11056e+00 
 1.90000e+01  1.13699e+00 
 1.95000e+01  1.16320e+00 
 2.00000e+01  1.18921e+00 
 2.05000e+01  1.21500e+00 
 2.10000e+01  1.24058e+00 
 2.15000e+01  1.26594e+00 
 2.20000e+01  1.29108e+00 
 2.25000e+01  1.31599e+00 
 2.30000e+01  1.34069e+00 
 2.35000e+01  1.36516e+00 
 2.40000e+01  1.38941e+00 
 2.45000e+01  1.41342e+00 
 2.50000e+01  1.43721e+00 
 2.55000e+01  1.46076e+00 
 2.60000e+01  1.48408e+00 
 2.65000e+01  1.50717e+00 
 2.70000e+01  1.53001e+00 
 2.75000e+01  1.55262e+00 
 2.80000e+01  1.57498e+00 
 2.85000e+01  1.59709e+00 
 2.90000e+01  1.61896e+00 
 2.95000e+01  1.64057e+00 
 3.00000e+01  1.66194e+00 
 3.05000e+01  1.68306e+00 
 3.10000e+01  1.70393e+00 
 3.15000e+01  1.72454e+00 
 3.20000e+01  1.74489e+00 
 3.25000e+01  1.76499e+00 
 3.30000e+01  1.78483e+00 
 3.35000e+01  1.80441e+00 
 3.40000e+01  1.82373e+00 
 3.45000e+01  1.84279e+00 
 3.50000e+01  1.86159e+00 
 3.55000e+01  1.88013e+00 
 3.60000e+01  1.89841e+00 
 3.65000e+01  1.91642e+00 
 3.70000e+01  1.93417e+00 
 3.75000e+01  1.95165e+00 
 3.80000e+01  1.96886e+00 
 3.85000e+01  1.98580e+00 
 3.90000e+01  2.00248e+00 
 3.95000e+01  2.01888e+00 
 4.00000e+01  2.03502e+00 
 4.05000e+01  2.05089e+00 
 4.10000e+01  2.06650e+00 
 4.15000e+01  2.08183e+00 
 4.20000e+01  2.09689e+00 
 4.25000e+01  2.11168e+00 
 4.30000e+01  2.12621e+00 
 4.35000e+01  2.14045e+00 
 4.40000e+01  2.15443e+00 
 4.45000e+01  2.16813e+00 
 4.50000e+01  2.18156e+00 
 4.55000e+01  2.19471e+00 
 4.60000e+01  2.20758e+00 
 4.65000e+01  2.22018e+00 
 4.70000e+01  2.23250e+00 
 4.75000e+01  2.24455e+00 
 4.80000e+01  2.25632e+00 
 4.85000e+01  2.26782e+00 
 4.90000e+01  2.27906e+00 
 4.95000e+01  2.29005e+00 
 5.00000e+01  2.30077e+00 
 5.05000e+01  2.31124e+00 
 5.10000e+01  2.32145e+00 
 5.15000e+01  2.33140e+00 
 5.20000e+01  2.34109e+00 
 5.25000e+01  2.35052e+00 
 5.30000e+01  2.35970e+00 
 5.35000e+01  2.36861e+00 
 5.40000e+01  2.37725e+00 
 5.45000e+01  2.38562e+00 
 5.50000e+01  2.39372e+00 
 5.55000e+01  2.40155e+00 
 5.60000e+01  2.40910e+00 
 5.65000e+01  2.41637e+00 
 5.70000e+01  2.42338e+00 
 5.75000e+01  2.43011e+00 
 5.80000e+01  2.43658e+00 
 5.85000e+01  2.44279e+00 
 5.90000e+01  2.44873e+00 
 5.95000e+01  2.45442e+00 
 6.00000e+01  2.45985e+00 
 6.05000e+01  2.46504e+00 
 6.10000e+01  2.46999e+00 
 6.15000e+01  2.47471e+00 
 6.20000e+01  2.47919e+00 
 6.25000e+01  2.48346e+00 
 6.30000e+01  2.48753e+00 
 6.35000e+01  2.49139e+00 
 6.40000e+01  2.49505e+00 
 6.45000e+01  2.49851e+00 
 6.50000e+01  2.50177e+00 
 6.55000e+01  2.50486e+00 
 6.60000e+01  2.50777e+00 
 6.65000e+01  2.51051e+00 
 6.70000e+01  2.51307e+00 
 6.75000e+01  2.51549e+00 
 6.80000e+01  2.51776e+00 
 6.85000e+01  2.51989e+00 
 6.90000e+01  2.52189e+00 
 6.95000e+01  2.52375e+00 
 7.00000e+01  2.52548e+00 
 7.05000e+01  2.52711e+00 
 7.10000e+01  2.52864e+00 
 7.15000e+01  2.53007e+00 
 7.20000e+01  2.53143e+00 
 7.25000e+01  2.53273e+00 
 7.30000e+01  2.53399e+00 
 7.35000e+01  2.53519e+00 
 7.40000e+01  2.53634e+00 
 7.45000e+01  2.53745e+00 
 7.50000e+01  2.53853e+00 
 7.55000e+01  2.53955e+00 
 7.60000e+01  2.54051e+00 
 7.65000e+01  2.54141e+00 
 7.70000e+01  2.54226e+00 
 7.75000e+01  2.54304e+00 
 7.80000e+01  2.54380e+00 
 7.85000e+01  2.54453e+00 
 7.90000e+01  2.54524e+00 
 7.95000e+01  2.54593e+00 
 8.00000e+01  2.54657e+00 
 8.05000e+01  2.54719e+00 
 8.10000e+01  2.54778e+00 
 8.15000e+01  2.54832e+00 
 8.20000e+01  2.54884e+00 
 8.25000e+01  2.54931e+00 
 8.30000e+01  2.54975e+00 
 8.35000e+01  2.55021e+00 
 8.40000e+01  2.55069e+00 
 8.45000e+01  2.55118e+00 
 8.50000e+01  2.55166e+00 
 8.55000e+01  2.55214e+00 
 8.60000e+01  2.55260e+00 
 8.65000e+01  2.55307e+00 
 8.70000e+01  2.55351e+00 
 8.75000e+01  2.55392e+00 
 8.80000e+01  2.55430e+00 
 8.85000e+01  2.55465e+00 
 8.90000e+01  2.55500e+00 
 8.95000e+01  2.55535e+00 
 9.00000e+01  2.55570e+00 
 9.05000e+01  2.55603e+00 
 9.10000e+01  2.55636e+00 
 9.15000e+01  2.55667e+00 
 9.20000e+01  2.55699e+00 
 9.25000e+01  2.55731e+00 
 9.30000e+01  2.55760e+00 
 9.35000e+01  2.55789e+00 
 9.40000e+01  2.55817e+00 
 9.45000e+01  2.55844e+00 
 9.50000e+01  2.55870e+00 
 9.55000e+01  2.55894e+00 
 9.60000e+01  2.55916e+00 
 9.65000e+01  2.55940e+00 
 9.70000e+01  2.55969e+00 
 9.75000e+01  2.56000e+00 
 9.80000e+01  2.56029e+00 
 9.85000e+01  2.56052e+00 
 9.90000e+01  2.56072e+00 
 9.95000e+01  2.56096e+00 
 1.00000e+02  2.56119e+00 
 1.00500e+02  2.56144e+00 
 1.01000e+02  2.56169e+00 
 1.01500e+02  2.56191e+00 
 1.02000e+02  2.56214e+00 
 1.02500e+02  2.56238e+00 
 1.03000e+02  2.56261e+00 
 1.03500e+02  2.56284e+00 
 1.04000e+02  2.56304e+00 
 1.04500e+02  2.56326e+00 
 1.05000e+02  2.56348e+00 
 1.05500e+02  2.56371e+00 
 1.06000e+02  2.56393e+00 
 1.06500e+02  2.56413e+00 
 1.07000e+02  2.56432e+00 
 1.07500e+02  2.56449e+00 
 1.08000e+02  2.56468e+00 
 1.08500e+02  2.56484e+00 
 1.09000e+02  2.56497e+00 
 1.09500e+02  2.56511e+00 
 1.10000e+02  2.56527e+00 
 1.10500e+02  2.56546e+00 
 1.11000e+02  2.56566e+00 
 1.11500e+02  2.56585e+00 
 1.12000e+02  2.56600e+00 
 1.12500e+02  2.56611e+00 
 1.13000e+02  2.56621e+00 
 1.13500e+02  2.56631e+00 
 1.14000e+02  2.56638e+00 
 1.14500e+02  2.56646e+00 
 1.15000e+02  2.56662e+00 
 1.15500e+02  2.56679e+00 
 1.16000e+02  2.56690e+00 
 1.16500e+02  2.56696e+00 
 1.17000e+02  2.56702e+00 
 1.17500e+02  2.56710e+00 
 1.18000e+02  2.56718e+00 
 1.18500e+02  2.56723e+00 
 1.19000e+02  2.56730e+00 
 1.19500e+02  2.56733e+00 
 1.20000e+02  2.56734e+00 
 1.20500e+02  2.56736e+00 
 1.21000e+02  2.56741e+00 
 1.21500e+02  2.56745e+00 
 1.22000e+02  2.56750e+00 
 1.22500e+02  2.56752e+00 
 1.23000e+02  2.56756e+00 
 1.23500e+02  2.56759e+00 
 1.24000e+02  2.56765e+00 
 1.24500e+02  2.56767e+00 
 1.25000e+02  2.56770e+00 
 1.25500e+02  2.56771e+00 
 1.26000e+02  2.56774e+00 
 1.26500e+02  2.56775e+00 
 1.27000e+02  2.56777e+00 
 1.27500e+02  2.56778e+00 
 1.28000e+02  2.56781e+00 
 1.28500e+02  2.56779e+00 
 1.29000e+02  2.56781e+00 
 1.29500e+02  2.56784e+00 
 1.30000e+02  2.56789e+00 
 1.30500e+02  2.56794e+00 
 1.31000e+02  2.56791e+00 
 1.31500e+02  2.56796e+00 
 1.32000e+02  2.56801e+00 
 1.32500e+02  2.56800e+00 
 1.33000e+02  2.56799e+00 
 1.33500e+02  2.56802e+00 
 1.34000e+02  2.56802e+00 
 1.34500e+02  2.56806e+00 
 1.35000e+02  2.56808e+00 
 1.35500e+02  2.56805e+00 
 1.36000e+02  2.56806e+00 
 1.36500e+02  2.56806e+00 
 1.37000e+02  2.56808e+00 
 1.37500e+02  2.56808e+00 
 1.38000e+02  2.56810e+00 
 1.38500e+02  2.56810e+00 
 1.39000e+02  2.56810e+00 
 1.39500e+02  2.56810e+00 
 1.40000e+02  2.56809e+00 
 1.40500e+02  2.56812e+00 
 1.41000e+02  2.56814e+00 
 1.41500e+02  2.56813e+00 
 1.42000e+02  2.56815e+00 
 1.42500e+02  2.56818e+00 
 1.43000e+02  2.56818e+00 
 1.43500e+02  2.56820e+00 
 1.44000e+02  2.56822e+00 
 1.44500e+02  2.56822e+00 
 1.45000e+02  2.56822e+00 
 1.45500e+02  2.56821e+00 
 1.46000e+02  2.56823e+00 
 1.46500e+02  2.56823e+00 
 1.47000e+02  2.56825e+00 
 1.47500e+02  2.56824e+00 
 1.48000e+02  2.56825e+00 
 1.48500e+02  2.56825e+00 
 1.49000e+02  2.56826e+00 
 1.49500e+02  2.56826e+00 
 1.50000e+02  2.56827e+00 
 1.50500e+02  2.56827e+00 
 1.51000e+02  2.56831e+00 
 1.51500e+02  2.56831e+00 
 1.52000e+02  2.56828e+00 
 1.52500e+02  2.56831e+00 
 1.53000e+02  2.56829e+00 
 1.53500e+02  2.56831e+00 
 1.54000e+02  2.56833e+00 
 1.54500e+02  2.56829e+00 
 1.55000e+02  2.56827e+00 
 1.55500e+02  2.56830e+00 
 1.56000e+02  2.56829e+00 
 1.56500e+02  2.56832e+00 
 1.57000e+02  2.56829e+00 
 1.57500e+02  2.56830e+00 
 1.58000e+02  2.56832e+00 
 1.58500e+02  2.56831e+00 
 1.59000e+02  2.56833e+00 
 1.59500e+02  2.56832e+00 
 1.60000e+02  2.56832e+00 
 1.60500e+02  2.56832e+00 
 1.61000e+02  2.56831e+00 
 1.61500e+02  2.56830e+00 
 1.62000e+02  2.56831e+00 
 1.62500e+02  2.56826e+00 
 1.63000e+02  2.56828e+00 
 1.63500e+02  2.56827e+00 
 1.64000e+02  2.56830e+00 
 1.64500e+02  2.56829e+00 
 1.65000e+02  2.56827e+00 
 1.65500e+02  2.56827e+00 
 1.66000e+02  2.56825e+00 
 1.66500e+02  2.56829e+00 
 1.67000e+02  2.56825e+00 
 1.67500e+02  2.56827e+00 
 1.68000e+02  2.56824e+00 
 1.68500e+02  2.56825e+00 
 1.69000e+02  2.56822e+00 
 1.69500e+02  2.56826e+00 
 1.70000e+02  2.56824e+00 
 1.70500e+02  2.56826e+00 
 1.71000e+02  2.56822e+00 
 1.71500e+02  2.56822e+00 
 1.72000e+02  2.56822e+00 
 1.72500e+02  2.56821e+00 
 1.73000e+02  2.56818e+00 
 1.73500e+02  2.56820e+00 
 1.74000e+02  2.56820e+00 
 1.74500e+02  2.56821e+00 
 1.75000e+02  2.56819e+00 
 1.75500e+02  2.56819e+00 
 1.76000e+02  2.56821e+00 
 1.76500e+02  2.56815e+00 
 1.77000e+02  2.56816e+00 
 1.77500e+02  2.56815e+00 
 1.78000e+02  2.56818e+00 
 1.78500e+02  2.56812e+00 
 1.79000e+02  2.56814e+00 
 1.79500e+02  2.56815e+00 
 1.80000e+02  2.56816e+00 
 1.80500e+02  2.56816e+00 
 1.81000e+02  2.56814e+00 
 1.81500e+02  2.56813e+00 
 1.82000e+02  2.56813e+00 
 1.82500e+02  2.56808e+00 
 1.83000e+02  2.56809e+00 
 1.83500e+02  2.56812e+00 
 1.84000e+02  2.56810e+00 
 1.84500e+02  2.56806e+00 
 1.85000e+02  2.56808e+00 
 1.85500e+02  2.56808e+00 
 1.86000e+02  2.56803e+00 
 1.86500e+02  2.56807e+00 
 1.87000e+02  2.56803e+00 
 1.87500e+02  2.56800e+00 
 1.88000e+02  2.56801e+00 
 1.88500e+02  2.56797e+00 
 1.89000e+02  2.56796e+00 
 1.89500e+02  2.56795e+00 
 1.90000e+02  2.56794e+00 
 1.90500e+02  2.56796e+00 
 1.91000e+02  2.56793e+00 
 1.91500e+02  2.56793e+00 
 1.92000e+02  2.56789e+00 
 1.92500e+02  2.56785e+00 
 1.93000e+02  2.56784e+00 
 1.93500e+02  2.56780e+00 
 1.94000e+02  2.56778e+00 
 1.94500e+02  2.56773e+00 
 1.95000e+02  2.56772e+00 
 1.95500e+02  2.56771e+00 
 1.96000e+02  2.56768e+00 
 1.96500e+02  2.56767e+00 
 1.97000e+02  2.56765e+00 
 1.97500e+02  2.56760e+00 
 1.98000e+02  2.56754e+00 
 1.98500e+02  2.56749e+00 
 1.99000e+02  2.56742e+00 
 1.99500e+02  2.56737e+00 
 2.00000e+02  2.56729e+00 
 2.00500e+02  2.56723e+00 
 2.01000e+02  2.56715e+00 
 2.01500e+02  2.56709e+00 
 2.02000e+02  2.56706e+00 
 2.02500e+02  2.56706e+00 
 2.03000e+02  2.56701e+00 
 2.03500e+02  2.56691e+00 
 2.04000e+02  2.56683e+00 
 2.04500e+02  2.56671e+00 
 2.05000e+02  2.56656e+00 
 2.05500e+02  2.56643e+00 
 2.06000e+02  2.56632e+00 
 2.06500e+02  2.56626e+00 
 2.07000e+02  2.56623e+00 
 2.07500e+02  2.56617e+00 
 2.08000e+02  2.56605e+00 
 2.08500e+02  2.56586e+00 
 2.09000e+02  2.56569e+00 
 2.09500e+02  2.56550e+00 
 2.10000e+02  2.56528e+00 
 2.10500e+02  2.56504e+00 
 2.11000e+02  2.56485e+00 
 2.11500e+02  2.56466e+00 
 2.12000e+02  2.56448e+00 
 2.12500e+02  2.56428e+00 
 2.13000e+02  2.56409e+00 
 2.13500e+02  2.56388e+00 
 2.14000e+02  2.56367e+00 
 2.14500e+02  2.56346e+00 
 2.15000e+02  2.56326e+00 
 2.15500e+02  2.56302e+00 
 2.16000e+02  2.56277e+00 
 2.16500e+02  2.56251e+00 
 2.17000e+02  2.56226e+00 
 2.17500e+02  2.56203e+00 
 2.18000e+02  2.56181e+00 
 2.18500e+02  2.56159e+00 
 2.19000e+02  2.56138e+00 
 2.19500e+02  2.56116e+00 
 2.20000e+02  2.56092e+00 
 2.20500e+02  2.56068e+00 
 2.21000e+02  2.56043e+00 
 2.21500e+02  2.56016e+00 
 2.22000e+02  2.55988e+00 
 2.22500e+02  2.55965e+00 
 2.23000e+02  2.55941e+00 
 2.23500e+02  2.55916e+00 
 2.24000e+02  2.55888e+00 
 2.24500e+02  2.55859e+00 
 2.25000e+02  2.55831e+00 
 2.25500e+02  2.55801e+00 
 2.26000e+02  2.55768e+00 
 2.26500e+02  2.55734e+00 
 2.27000e+02  2.55693e+00 
 2.27500e+02  2.55652e+00 
 2.28000e+02  2.55611e+00 
 2.28500e+02  2.55571e+00 
 2.29000e+02  2.55532e+00 
 2.29500e+02  2.55494e+00 
 2.30000e+02  2.55456e+00 
 2.30500e+02  2.55418e+00 
 2.31000e+02  2.55377e+00 
 2.31500e+02  2.55334e+00 
 2.32000e+02  2.55290e+00 
 2.32500e+02  2.55247e+00 
 2.33000e+02  2.55205e+00 
 2.33500e+02  2.55163e+00 
 2.34000e+02  2.55122e+00 
 2.34500e+02  2.55080e+00 
 2.35000e+02  2.55036e+00 
 2.35500e+02  2.54989e+00 
 2.36000e+02  2.54940e+00 
 2.36500e+02  2.54888e+00 
 2.37000e+02  2.54833e+00 
 2.37500e+02  2.54775e+00 
 2.38000e+02  2.54714e+00 
 2.38500e+02  2.54653e+00 
 2.39000e+02  2.54589e+00 
 2.39500e+02  2.54520e+00 
 2.40000e+02  2.54446e+00 
 2.40500e+02  2.54368e+00 
 2.41000e+02  2.54288e+00 
 2.41500e+02  2.54208e+00 
 2.42000e+02  2.54126e+00 
 2.42500e+02  2.54040e+00 
 2.43000e+02  2.53951e+00 
 2.43500e+02  2.53857e+00 
 2.44000e+02  2.53756e+00 
 2.44500e+02  2.53649e+00 
 2.45000e+02  2.53535e+00 
 2.45500e+02  2.53415e+00 
 2.46000e+02  2.53289e+00 
 2.46500e+02  2.53155e+00 
 2.47000e+02  2.53011e+00 
 2.47500e+02  2.52858e+00 
 2.48000e+02  2.52698e+00 
 2.48500e+02  2.52529e+00 
 2.49000e+02  2.52351e+00 
 2.49500e+02  2.52162e+00 
 2.50000e+02  2.51960e+00 
 2.50500e+02  2.51745e+00 
 2.51000e+02  2.51517e+00 
 2.51500e+02  2.51274e+00 
 2.52000e+02  2.51016e+00 
 2.52500e+02  2.50742e+00 
 2.53000e+02  2.50452e+00 
 2.53500e+02  2.50144e+00 
 2.54000e+02  2.49818e+00 
 2.54500e+02  2.49475e+00 
 2.55000e+02  2.49114e+00 
 2.55500e+02  2.48732e+00 
 2.56000e+02  2.48330e+00 
 2.56500e+02  2.47907e+00 
 2.57000e+02  2.47461e+00 
 2.57500e+02  2.46993e+00 
 2.58000e+02  2.46502e+00 
 2.58500e+02  2.45987e+00 
 2.59000e+02  2.45448e+00 
 2.59500e+02  2.44886e+00 
 2.60000e+02  2.44298e+00 
 2.60500e+02  2.43686e+00 
 2.61000e+02  2.43047e+00 
 2.61500e+02  2.42383e+00 
 2.62000e+02  2.41693e+00 
 2.62500e+02  2.40977e+00 
 2.63000e+02  2.40235e+00 
 2.63500e+02  2.39466e+00 
 2.64000e+02  2.38671e+00 
 2.64500e+02  2.37850e+00 
 2.65000e+02  2.37003e+00 
 2.65500e+02  2.36131e+00 
 2.66000e+02  2.35234e+00 
 2.66500e+02  2.34313e+00 
 2.67000e+02  2.33367e+00 
 2.67500e+02  2.32397e+00 
 2.68000e+02  2.31403e+00 
 2.68500e+02  2.30386e+00 
 2.69000e+02  2.29346e+00 
 2.69500e+02  2.28283e+00 
 2.70000e+02  2.27198e+00 
 2.70500e+02  2.26089e+00 
 2.71000e+02  2.24955e+00 
 2.71500e+02  2.23795e+00 
 2.72000e+02  2.22608e+00 
 2.72500e+02  2.21395e+00 
 2.73000e+02  2.20155e+00 
 2.73500e+02  2.18887e+00 
 2.74000e+02  2.17593e+00 
 2.74500e+02  2.16272e+00 
 2.75000e+02  2.14924e+00 
 2.75500e+02  2.13549e+00 
 2.76000e+02  2.12149e+00 
 2.76500e+02  2.10722e+00 
 2.77000e+02  2.09268e+00 
 2.77500e+02  2.07789e+00 
 2.78000e+02  2.06283e+00 
 2.78500e+02  2.04752e+00 
 2.79000e+02  2.03195e+00 
 2.79500e+02  2.01613e+00 
 2.80000e+02  2.00005e+00 
 2.80500e+02  1.98371e+00 
 2.81000e+02  1.96712e+00 
 2.81500e+02  1.95027e+00 
 2.82000e+02  1.93318e+00 
 2.82500e+02  1.91584e+00 
 2.83000e+02  1.89825e+00 
 2.83500e+02  1.88040e+00 
 2.84000e+02  1.86232e+00 
 2.84500e+02  1.84398e+00 
 2.85000e+02  1.82539e+00 
 2.85500e+02  1.80656e+00 
 2.86000e+02  1.78747e+00 
 2.86500e+02  1.76815e+00 
 2.87000e+02  1.74858e+00 
 2.87500e+02  1.72876e+00 
 2.88000e+02  1.70871e+00 
 2.88500e+02  1.68842e+00 
 2.89000e+02  1.66789e+00 
 2.89500e+02  1.64713e+00 
 2.90000e+02  1.62613e+00 
 2.90500e+02  1.60489e+00 
 2.91000e+02  1.58342e+00 
 2.91500e+02  1.56173e+00 
 2.92000e+02  1.53980e+00 
 2.92500e+02  1.51764e+00 
 2.93000e+02  1.49526e+00 
 2.93500e+02  1.47265e+00 
 2.94000e+02  1.44982e+00 
 2.94500e+02  1.42677e+00 
 2.95000e+02  1.40350e+00 
 2.95500e+02  1.38001e+00 
 2.96000e+02  1.35631e+00 
 2.96500e+02  1.33240e+00 
 2.97000e+02  1.30827e+00 
 2.97500e+02  1.28392e+00 
 2.98000e+02  1.25937e+00 
 2.98500e+02  1.23461e+00 
 2.99000e+02  1.20965e+00 
 2.99500e+02  1.18448e+00 
 3.00000e+02  1.15912e+00 
 3.00500e+02  1.13355e+00 
 3.01000e+02  1.10779e+00 
 3.01500e+02  1.08183e+00 
 3.02000e+02  1.05567e+00 
 3.02500e+02  1.02933e+00 
 3.03000e+02  1.00279e+00 
 3.03500e+02  9.76058e-01 
 3.04000e+02  9.49144e-01 
 3.04500e+02  9.22045e-01 
 3.05000e+02  8.94765e-01 
 3.05500e+02  8.67303e-01 
 3.06000e+02  8.39661e-01 
 3.06500e+02  8.11840e-01 
 3.07000e+02  7.83842e-01 
 3.07500e+02  7.55669e-01 
 3.08000e+02  7.27321e-01 
 3.08500e+02  6.98802e-01 
 3.09000e+02  6.70111e-01 
 3.09500e+02  6.41250e-01 
 3.10000e+02  6.12221e-01 
 3.10500e+02  5.83026e-01 
 3.11000e+02  5.53665e-01 
 3.11500e+02  5.24140e-01 
 3.12000e+02  4.94454e-01 
 3.12500e+02  4.64609e-01 
 3.13000e+02  4.34608e-01 
 3.13500e+02  4.04454e-01 
 3.14000e+02  3.74146e-01 
 3.14500e+02  3.43688e-01 
 3.15000e+02  3.13081e-01 
 3.15500e+02  2.82328e-01 
 3.16000e+02  2.51432e-01 
 3.16500e+02  2.20396e-01 
 3.17000e+02  1.89223e-01 
 3.17500e+02  1.57919e-01 
 3.18000e+02  1.26490e-01 
 3.18500e+02  9.49404e-02 
 3.19000e+02  6.32795e-02 
 3.19500e+02  3.15222e-02 
