 0.00000e+00  0.00000e+00 
 5.00000e-01  3.23627e-02 
 1.00000e+00  6.46077e-02 
 1.50000e+00  9.67283e-02 
 2.00000e+00  1.28714e-01 
 2.50000e+00  1.60558e-01 
 3.00000e+00  1.92256e-01 
 3.50000e+00  2.23804e-01 
 4.00000e+00  2.55200e-01 
 4.50000e+00  2.86441e-01 
 5.00000e+00  3.17526e-01 
 5.50000e+00  3.48452e-01 
 6.00000e+00  3.79217e-01 
 6.50000e+00  4.09821e-01 
 7.00000e+00  4.40259e-01 
 7.50000e+00  4.70531e-01 
 8.00000e+00  5.00637e-01 
 8.50000e+00  5.30574e-01 
 9.00000e+00  5.60342e-01 
 9.50000e+00  5.89939e-01 
 1.00000e+01  6.19363e-01 
 1.05000e+01  6.48615e-01 
 1.10000e+01  6.77690e-01 
 1.15000e+01  7.06589e-01 
 1.20000e+01  7.35311e-01 
 1.25000e+01  7.63854e-01 
 1.30000e+01  7.92217e-01 
 1.35000e+01  8.20397e-01 
 1.40000e+01  8.48393e-01 
 1.45000e+01  8.76204e-01 
 1.50000e+01  9.03828e-01 
 1.55000e+01  9.31263e-01 
 1.60000e+01  9.58508e-01 
 1.65000e+01  9.85560e-01 
 1.70000e+01  1.01242e+00 
 1.75000e+01  1.03908e+00 
 1.80000e+01  1.06554e+00 
 1.85000e+01  1.09181e+00 
 1.90000e+01  1.11787e+00 
 1.95000e+01  1.14373e+00 
 2.00000e+01  1.16939e+00 
 2.05000e+01  1.19485e+00 
 2.10000e+01  1.22010e+00 
 2.15000e+01  1.24514e+00 
 2.20000e+01  1.26997e+00 
 2.25000e+01  1.29458e+00 
 2.30000e+01  1.31898e+00 
 2.35000e+01  1.34317e+00 
 2.40000e+01  1.36714e+00 
 2.45000e+01  1.39089e+00 
 2.50000e+01  1.41443e+00 
 2.55000e+01  1.43774e+00 
 2.60000e+01  1.46083e+00 
 2.65000e+01  1.48370e+00 
 2.70000e+01  1.50635e+00 
 2.75000e+01  1.52877e+00 
 2.80000e+01  1.55096e+00 
 2.85000e+01  1.57293e+00 
 2.90000e+01  1.59466e+00 
 2.95000e+01  1.61616e+00 
 3.00000e+01  1.63742e+00 
 3.05000e+01  1.65846e+00 
 3.10000e+01  1.67925e+00 
 3.15000e+01  1.69981e+00 
 3.20000e+01  1.72013e+00 
 3.25000e+01  1.74020e+00 
 3.30000e+01  1.76004e+00 
 3.35000e+01  1.77962e+00 
 3.40000e+01  1.79897e+00 
 3.45000e+01  1.81807e+00 
 3.50000e+01  1.83693e+00 
 3.55000e+01  1.85554e+00 
 3.60000e+01  1.87390e+00 
 3.65000e+01  1.89201e+00 
 3.70000e+01  1.90987e+00 
 3.75000e+01  1.92748e+00 
 3.80000e+01  1.94484e+00 
 3.85000e+01  1.96195e+00 
 3.90000e+01  1.97881e+00 
 3.95000e+01  1.99541e+00 
 4.00000e+01  2.01176e+00 
 4.05000e+01  2.02785e+00 
 4.10000e+01  2.04369e+00 
 4.15000e+01  2.05928e+00 
 4.20000e+01  2.07461e+00 
 4.25000e+01  2.08969e+00 
 4.30000e+01  2.10452e+00 
 4.35000e+01  2.11909e+00 
 4.40000e+01  2.13339e+00 
 4.45000e+01  2.14744e+00 
 4.50000e+01  2.16123e+00 
 4.55000e+01  2.17475e+00 
 4.60000e+01  2.18802e+00 
 4.65000e+01  2.20102e+00 
 4.70000e+01  2.21376e+00 
 4.75000e+01  2.22624e+00 
 4.80000e+01  2.23846e+00 
 4.85000e+01  2.25042e+00 
 4.90000e+01  2.26213e+00 
 4.95000e+01  2.27358e+00 
 5.00000e+01  2.28479e+00 
 5.05000e+01  2.29574e+00 
 5.10000e+01  2.30645e+00 
 5.15000e+01  2.31691e+00 
 5.20000e+01  2.32712e+00 
 5.25000e+01  2.33707e+00 
 5.30000e+01  2.34679e+00 
 5.35000e+01  2.35624e+00 
 5.40000e+01  2.36544e+00 
 5.45000e+01  2.37438e+00 
 5.50000e+01  2.38305e+00 
 5.55000e+01  2.39146e+00 
 5.60000e+01  2.39960e+00 
 5.65000e+01  2.40749e+00 
 5.70000e+01  2.41513e+00 
 5.75000e+01  2.42250e+00 
 5.80000e+01  2.42960e+00 
 5.85000e+01  2.43645e+00 
 5.90000e+01  2.44303e+00 
 5.95000e+01  2.44934e+00 
 6.00000e+01  2.45541e+00 
 6.05000e+01  2.46121e+00 
 6.10000e+01  2.46676e+00 
 6.15000e+01  2.47207e+00 
 6.20000e+01  2.47713e+00 
 6.25000e+01  2.48195e+00 
 6.30000e+01  2.48653e+00 
 6.35000e+01  2.49089e+00 
 6.40000e+01  2.49503e+00 
 6.45000e+01  2.49895e+00 
 6.50000e+01  2.50268e+00 
 6.55000e+01  2.50622e+00 
 6.60000e+01  2.50959e+00 
 6.65000e+01  2.51277e+00 
 6.70000e+01  2.51577e+00 
 6.75000e+01  2.51861e+00 
 6.80000e+01  2.52129e+00 
 6.85000e+01  2.52381e+00 
 6.90000e+01  2.52619e+00 
 6.95000e+01  2.52842e+00 
 7.00000e+01  2.53053e+00 
 7.05000e+01  2.53252e+00 
 7.10000e+01  2.53438e+00 
 7.15000e+01  2.53613e+00 
 7.20000e+01  2.53777e+00 
 7.25000e+01  2.53934e+00 
 7.30000e+01  2.54083e+00 
 7.35000e+01  2.54225e+00 
 7.40000e+01  2.54361e+00 
 7.45000e+01  2.54490e+00 
 7.50000e+01  2.54613e+00 
 7.55000e+01  2.54730e+00 
 7.60000e+01  2.54841e+00 
 7.65000e+01  2.54947e+00 
 7.70000e+01  2.55047e+00 
 7.75000e+01  2.55142e+00 
 7.80000e+01  2.55234e+00 
 7.85000e+01  2.55322e+00 
 7.90000e+01  2.55406e+00 
 7.95000e+01  2.55485e+00 
 8.00000e+01  2.55562e+00 
 8.05000e+01  2.55638e+00 
 8.10000e+01  2.55710e+00 
 8.15000e+01  2.55777e+00 
 8.20000e+01  2.55840e+00 
 8.25000e+01  2.55901e+00 
 8.30000e+01  2.55961e+00 
 8.35000e+01  2.56019e+00 
 8.40000e+01  2.56073e+00 
 8.45000e+01  2.56122e+00 
 8.50000e+01  2.56170e+00 
 8.55000e+01  2.56217e+00 
 8.60000e+01  2.56261e+00 
 8.65000e+01  2.56304e+00 
 8.70000e+01  2.56345e+00 
 8.75000e+01  2.56386e+00 
 8.80000e+01  2.56428e+00 
 8.85000e+01  2.56473e+00 
 8.90000e+01  2.56518e+00 
 8.95000e+01  2.56561e+00 
 9.00000e+01  2.56599e+00 
 9.05000e+01  2.56634e+00 
 9.10000e+01  2.56667e+00 
 9.15000e+01  2.56698e+00 
 9.20000e+01  2.56729e+00 
 9.25000e+01  2.56758e+00 
 9.30000e+01  2.56786e+00 
 9.35000e+01  2.56812e+00 
 9.40000e+01  2.56839e+00 
 9.45000e+01  2.56869e+00 
 9.50000e+01  2.56899e+00 
 9.55000e+01  2.56926e+00 
 9.60000e+01  2.56954e+00 
 9.65000e+01  2.56982e+00 
 9.70000e+01  2.57008e+00 
 9.75000e+01  2.57033e+00 
 9.80000e+01  2.57058e+00 
 9.85000e+01  2.57084e+00 
 9.90000e+01  2.57108e+00 
 9.95000e+01  2.57133e+00 
 1.00000e+02  2.57157e+00 
 1.00500e+02  2.57183e+00 
 1.01000e+02  2.57206e+00 
 1.01500e+02  2.57227e+00 
 1.02000e+02  2.57249e+00 
 1.02500e+02  2.57271e+00 
 1.03000e+02  2.57294e+00 
 1.03500e+02  2.57319e+00 
 1.04000e+02  2.57347e+00 
 1.04500e+02  2.57380e+00 
 1.05000e+02  2.57412e+00 
 1.05500e+02  2.57439e+00 
 1.06000e+02  2.57466e+00 
 1.06500e+02  2.57491e+00 
 1.07000e+02  2.57515e+00 
 1.07500e+02  2.57534e+00 
 1.08000e+02  2.57549e+00 
 1.08500e+02  2.57557e+00 
 1.09000e+02  2.57568e+00 
 1.09500e+02  2.57584e+00 
 1.10000e+02  2.57600e+00 
 1.10500e+02  2.57616e+00 
 1.11000e+02  2.57626e+00 
 1.11500e+02  2.57637e+00 
 1.12000e+02  2.57647e+00 
 1.12500e+02  2.57657e+00 
 1.13000e+02  2.57665e+00 
 1.13500e+02  2.57672e+00 
 1.14000e+02  2.57681e+00 
 1.14500e+02  2.57690e+00 
 1.15000e+02  2.57701e+00 
 1.15500e+02  2.57711e+00 
 1.16000e+02  2.57720e+00 
 1.16500e+02  2.57726e+00 
 1.17000e+02  2.57730e+00 
 1.17500e+02  2.57732e+00 
 1.18000e+02  2.57739e+00 
 1.18500e+02  2.57745e+00 
 1.19000e+02  2.57749e+00 
 1.19500e+02  2.57757e+00 
 1.20000e+02  2.57764e+00 
 1.20500e+02  2.57764e+00 
 1.21000e+02  2.57761e+00 
 1.21500e+02  2.57764e+00 
 1.22000e+02  2.57771e+00 
 1.22500e+02  2.57778e+00 
 1.23000e+02  2.57780e+00 
 1.23500e+02  2.57782e+00 
 1.24000e+02  2.57788e+00 
 1.24500e+02  2.57791e+00 
 1.25000e+02  2.57792e+00 
 1.25500e+02  2.57794e+00 
 1.26000e+02  2.57796e+00 
 1.26500e+02  2.57794e+00 
 1.27000e+02  2.57796e+00 
 1.27500e+02  2.57798e+00 
 1.28000e+02  2.57802e+00 
 1.28500e+02  2.57805e+00 
 1.29000e+02  2.57807e+00 
 1.29500e+02  2.57808e+00 
 1.30000e+02  2.57805e+00 
 1.30500e+02  2.57808e+00 
 1.31000e+02  2.57811e+00 
 1.31500e+02  2.57809e+00 
 1.32000e+02  2.57811e+00 
 1.32500e+02  2.57816e+00 
 1.33000e+02  2.57818e+00 
 1.33500e+02  2.57819e+00 
 1.34000e+02  2.57819e+00 
 1.34500e+02  2.57818e+00 
 1.35000e+02  2.57821e+00 
 1.35500e+02  2.57820e+00 
 1.36000e+02  2.57822e+00 
 1.36500e+02  2.57822e+00 
 1.37000e+02  2.57824e+00 
 1.37500e+02  2.57825e+00 
 1.38000e+02  2.57824e+00 
 1.38500e+02  2.57825e+00 
 1.39000e+02  2.57828e+00 
 1.39500e+02  2.57825e+00 
 1.40000e+02  2.57826e+00 
 1.40500e+02  2.57831e+00 
 1.41000e+02  2.57828e+00 
 1.41500e+02  2.57832e+00 
 1.42000e+02  2.57831e+00 
 1.42500e+02  2.57831e+00 
 1.43000e+02  2.57833e+00 
 1.43500e+02  2.57831e+00 
 1.44000e+02  2.57835e+00 
 1.44500e+02  2.57836e+00 
 1.45000e+02  2.57836e+00 
 1.45500e+02  2.57839e+00 
 1.46000e+02  2.57840e+00 
 1.46500e+02  2.57840e+00 
 1.47000e+02  2.57841e+00 
 1.47500e+02  2.57840e+00 
 1.48000e+02  2.57839e+00 
 1.48500e+02  2.57843e+00 
 1.49000e+02  2.57839e+00 
 1.49500e+02  2.57839e+00 
 1.50000e+02  2.57843e+00 
 1.50500e+02  2.57841e+00 
 1.51000e+02  2.57841e+00 
 1.51500e+02  2.57842e+00 
 1.52000e+02  2.57840e+00 
 1.52500e+02  2.57843e+00 
 1.53000e+02  2.57840e+00 
 1.53500e+02  2.57838e+00 
 1.54000e+02  2.57839e+00 
 1.54500e+02  2.57842e+00 
 1.55000e+02  2.57840e+00 
 1.55500e+02  2.57844e+00 
 1.56000e+02  2.57841e+00 
 1.56500e+02  2.57840e+00 
 1.57000e+02  2.57842e+00 
 1.57500e+02  2.57840e+00 
 1.58000e+02  2.57841e+00 
 1.58500e+02  2.57841e+00 
 1.59000e+02  2.57842e+00 
 1.59500e+02  2.57844e+00 
 1.60000e+02  2.57842e+00 
 1.60500e+02  2.57844e+00 
 1.61000e+02  2.57843e+00 
 1.61500e+02  2.57843e+00 
 1.62000e+02  2.57842e+00 
 1.62500e+02  2.57842e+00 
 1.63000e+02  2.57844e+00 
 1.63500e+02  2.57841e+00 
 1.64000e+02  2.57841e+00 
 1.64500e+02  2.57844e+00 
 1.65000e+02  2.57839e+00 
 1.65500e+02  2.57842e+00 
 1.66000e+02  2.57840e+00 
 1.66500e+02  2.57840e+00 
 1.67000e+02  2.57842e+00 
 1.67500e+02  2.57839e+00 
 1.68000e+02  2.57839e+00 
 1.68500e+02  2.57838e+00 
 1.69000e+02  2.57838e+00 
 1.69500e+02  2.57839e+00 
 1.70000e+02  2.57840e+00 
 1.70500e+02  2.57840e+00 
 1.71000e+02  2.57841e+00 
 1.71500e+02  2.57840e+00 
 1.72000e+02  2.57842e+00 
 1.72500e+02  2.57841e+00 
 1.73000e+02  2.57839e+00 
 1.73500e+02  2.57840e+00 
 1.74000e+02  2.57842e+00 
 1.74500e+02  2.57839e+00 
 1.75000e+02  2.57839e+00 
 1.75500e+02  2.57840e+00 
 1.76000e+02  2.57841e+00 
 1.76500e+02  2.57836e+00 
 1.77000e+02  2.57834e+00 
 1.77500e+02  2.57835e+00 
 1.78000e+02  2.57833e+00 
 1.78500e+02  2.57832e+00 
 1.79000e+02  2.57833e+00 
 1.79500e+02  2.57829e+00 
 1.80000e+02  2.57832e+00 
 1.80500e+02  2.57832e+00 
 1.81000e+02  2.57827e+00 
 1.81500e+02  2.57832e+00 
 1.82000e+02  2.57828e+00 
 1.82500e+02  2.57831e+00 
 1.83000e+02  2.57827e+00 
 1.83500e+02  2.57825e+00 
 1.84000e+02  2.57826e+00 
 1.84500e+02  2.57825e+00 
 1.85000e+02  2.57823e+00 
 1.85500e+02  2.57821e+00 
 1.86000e+02  2.57819e+00 
 1.86500e+02  2.57817e+00 
 1.87000e+02  2.57818e+00 
 1.87500e+02  2.57814e+00 
 1.88000e+02  2.57812e+00 
 1.88500e+02  2.57811e+00 
 1.89000e+02  2.57814e+00 
 1.89500e+02  2.57810e+00 
 1.90000e+02  2.57813e+00 
 1.90500e+02  2.57812e+00 
 1.91000e+02  2.57806e+00 
 1.91500e+02  2.57808e+00 
 1.92000e+02  2.57805e+00 
 1.92500e+02  2.57799e+00 
 1.93000e+02  2.57794e+00 
 1.93500e+02  2.57794e+00 
 1.94000e+02  2.57791e+00 
 1.94500e+02  2.57784e+00 
 1.95000e+02  2.57784e+00 
 1.95500e+02  2.57781e+00 
 1.96000e+02  2.57779e+00 
 1.96500e+02  2.57774e+00 
 1.97000e+02  2.57769e+00 
 1.97500e+02  2.57768e+00 
 1.98000e+02  2.57768e+00 
 1.98500e+02  2.57764e+00 
 1.99000e+02  2.57762e+00 
 1.99500e+02  2.57755e+00 
 2.00000e+02  2.57750e+00 
 2.00500e+02  2.57745e+00 
 2.01000e+02  2.57739e+00 
 2.01500e+02  2.57731e+00 
 2.02000e+02  2.57723e+00 
 2.02500e+02  2.57719e+00 
 2.03000e+02  2.57707e+00 
 2.03500e+02  2.57693e+00 
 2.04000e+02  2.57682e+00 
 2.04500e+02  2.57673e+00 
 2.05000e+02  2.57663e+00 
 2.05500e+02  2.57652e+00 
 2.06000e+02  2.57639e+00 
 2.06500e+02  2.57622e+00 
 2.07000e+02  2.57608e+00 
 2.07500e+02  2.57592e+00 
 2.08000e+02  2.57575e+00 
 2.08500e+02  2.57564e+00 
 2.09000e+02  2.57553e+00 
 2.09500e+02  2.57537e+00 
 2.10000e+02  2.57520e+00 
 2.10500e+02  2.57500e+00 
 2.11000e+02  2.57475e+00 
 2.11500e+02  2.57452e+00 
 2.12000e+02  2.57434e+00 
 2.12500e+02  2.57418e+00 
 2.13000e+02  2.57405e+00 
 2.13500e+02  2.57389e+00 
 2.14000e+02  2.57366e+00 
 2.14500e+02  2.57339e+00 
 2.15000e+02  2.57313e+00 
 2.15500e+02  2.57286e+00 
 2.16000e+02  2.57259e+00 
 2.16500e+02  2.57229e+00 
 2.17000e+02  2.57200e+00 
 2.17500e+02  2.57175e+00 
 2.18000e+02  2.57156e+00 
 2.18500e+02  2.57137e+00 
 2.19000e+02  2.57116e+00 
 2.19500e+02  2.57092e+00 
 2.20000e+02  2.57069e+00 
 2.20500e+02  2.57047e+00 
 2.21000e+02  2.57024e+00 
 2.21500e+02  2.56999e+00 
 2.22000e+02  2.56971e+00 
 2.22500e+02  2.56942e+00 
 2.23000e+02  2.56912e+00 
 2.23500e+02  2.56880e+00 
 2.24000e+02  2.56850e+00 
 2.24500e+02  2.56823e+00 
 2.25000e+02  2.56800e+00 
 2.25500e+02  2.56776e+00 
 2.26000e+02  2.56750e+00 
 2.26500e+02  2.56719e+00 
 2.27000e+02  2.56684e+00 
 2.27500e+02  2.56647e+00 
 2.28000e+02  2.56608e+00 
 2.28500e+02  2.56567e+00 
 2.29000e+02  2.56523e+00 
 2.29500e+02  2.56479e+00 
 2.30000e+02  2.56437e+00 
 2.30500e+02  2.56396e+00 
 2.31000e+02  2.56356e+00 
 2.31500e+02  2.56318e+00 
 2.32000e+02  2.56280e+00 
 2.32500e+02  2.56242e+00 
 2.33000e+02  2.56202e+00 
 2.33500e+02  2.56159e+00 
 2.34000e+02  2.56116e+00 
 2.34500e+02  2.56074e+00 
 2.35000e+02  2.56028e+00 
 2.35500e+02  2.55979e+00 
 2.36000e+02  2.55928e+00 
 2.36500e+02  2.55876e+00 
 2.37000e+02  2.55824e+00 
 2.37500e+02  2.55767e+00 
 2.38000e+02  2.55706e+00 
 2.38500e+02  2.55641e+00 
 2.39000e+02  2.55575e+00 
 2.39500e+02  2.55505e+00 
 2.40000e+02  2.55431e+00 
 2.40500e+02  2.55351e+00 
 2.41000e+02  2.55265e+00 
 2.41500e+02  2.55174e+00 
 2.42000e+02  2.55079e+00 
 2.42500e+02  2.54979e+00 
 2.43000e+02  2.54876e+00 
 2.43500e+02  2.54769e+00 
 2.44000e+02  2.54658e+00 
 2.44500e+02  2.54538e+00 
 2.45000e+02  2.54410e+00 
 2.45500e+02  2.54274e+00 
 2.46000e+02  2.54132e+00 
 2.46500e+02  2.53983e+00 
 2.47000e+02  2.53827e+00 
 2.47500e+02  2.53664e+00 
 2.48000e+02  2.53492e+00 
 2.48500e+02  2.53311e+00 
 2.49000e+02  2.53122e+00 
 2.49500e+02  2.52923e+00 
 2.50000e+02  2.52711e+00 
 2.50500e+02  2.52488e+00 
 2.51000e+02  2.52250e+00 
 2.51500e+02  2.51999e+00 
 2.52000e+02  2.51731e+00 
 2.52500e+02  2.51448e+00 
 2.53000e+02  2.51147e+00 
 2.53500e+02  2.50829e+00 
 2.54000e+02  2.50493e+00 
 2.54500e+02  2.50137e+00 
 2.55000e+02  2.49761e+00 
 2.55500e+02  2.49365e+00 
 2.56000e+02  2.48947e+00 
 2.56500e+02  2.48507e+00 
 2.57000e+02  2.48042e+00 
 2.57500e+02  2.47553e+00 
 2.58000e+02  2.47040e+00 
 2.58500e+02  2.46503e+00 
 2.59000e+02  2.45940e+00 
 2.59500e+02  2.45353e+00 
 2.60000e+02  2.44741e+00 
 2.60500e+02  2.44103e+00 
 2.61000e+02  2.43439e+00 
 2.61500e+02  2.42749e+00 
 2.62000e+02  2.42034e+00 
 2.62500e+02  2.41293e+00 
 2.63000e+02  2.40527e+00 
 2.63500e+02  2.39735e+00 
 2.64000e+02  2.38917e+00 
 2.64500e+02  2.38075e+00 
 2.65000e+02  2.37207e+00 
 2.65500e+02  2.36315e+00 
 2.66000e+02  2.35400e+00 
 2.66500e+02  2.34459e+00 
 2.67000e+02  2.33496e+00 
 2.67500e+02  2.32508e+00 
 2.68000e+02  2.31498e+00 
 2.68500e+02  2.30464e+00 
 2.69000e+02  2.29409e+00 
 2.69500e+02  2.28329e+00 
 2.70000e+02  2.27227e+00 
 2.70500e+02  2.26099e+00 
 2.71000e+02  2.24947e+00 
 2.71500e+02  2.23769e+00 
 2.72000e+02  2.22565e+00 
 2.72500e+02  2.21335e+00 
 2.73000e+02  2.20079e+00 
 2.73500e+02  2.18797e+00 
 2.74000e+02  2.17489e+00 
 2.74500e+02  2.16155e+00 
 2.75000e+02  2.14795e+00 
 2.75500e+02  2.13409e+00 
 2.76000e+02  2.11997e+00 
 2.76500e+02  2.10559e+00 
 2.77000e+02  2.09095e+00 
 2.77500e+02  2.07607e+00 
 2.78000e+02  2.06092e+00 
 2.78500e+02  2.04553e+00 
 2.79000e+02  2.02989e+00 
 2.79500e+02  2.01399e+00 
 2.80000e+02  1.99784e+00 
 2.80500e+02  1.98144e+00 
 2.81000e+02  1.96479e+00 
 2.81500e+02  1.94790e+00 
 2.82000e+02  1.93076e+00 
 2.82500e+02  1.91337e+00 
 2.83000e+02  1.89573e+00 
 2.83500e+02  1.87785e+00 
 2.84000e+02  1.85971e+00 
 2.84500e+02  1.84133e+00 
 2.85000e+02  1.82271e+00 
 2.85500e+02  1.80385e+00 
 2.86000e+02  1.78475e+00 
 2.86500e+02  1.76541e+00 
 2.87000e+02  1.74584e+00 
 2.87500e+02  1.72602e+00 
 2.88000e+02  1.70597e+00 
 2.88500e+02  1.68569e+00 
 2.89000e+02  1.66517e+00 
 2.89500e+02  1.64442e+00 
 2.90000e+02  1.62343e+00 
 2.90500e+02  1.60222e+00 
 2.91000e+02  1.58077e+00 
 2.91500e+02  1.55909e+00 
 2.92000e+02  1.53719e+00 
 2.92500e+02  1.51506e+00 
 2.93000e+02  1.49271e+00 
 2.93500e+02  1.47013e+00 
 2.94000e+02  1.44733e+00 
 2.94500e+02  1.42432e+00 
 2.95000e+02  1.40108e+00 
 2.95500e+02  1.37763e+00 
 2.96000e+02  1.35397e+00 
 2.96500e+02  1.33009e+00 
 2.97000e+02  1.30601e+00 
 2.97500e+02  1.28172e+00 
 2.98000e+02  1.25722e+00 
 2.98500e+02  1.23252e+00 
 2.99000e+02  1.20762e+00 
 2.99500e+02  1.18251e+00 
 3.00000e+02  1.15720e+00 
 3.00500e+02  1.13170e+00 
 3.01000e+02  1.10601e+00 
 3.01500e+02  1.08012e+00 
 3.02000e+02  1.05404e+00 
 3.02500e+02  1.02777e+00 
 3.03000e+02  1.00131e+00 
 3.03500e+02  9.74669e-01 
 3.04000e+02  9.47841e-01 
 3.04500e+02  9.20830e-01 
 3.05000e+02  8.93638e-01 
 3.05500e+02  8.66265e-01 
 3.06000e+02  8.38713e-01 
 3.06500e+02  8.10985e-01 
 3.07000e+02  7.83082e-01 
 3.07500e+02  7.55007e-01 
 3.08000e+02  7.26760e-01 
 3.08500e+02  6.98343e-01 
 3.09000e+02  6.69757e-01 
 3.09500e+02  6.41006e-01 
 3.10000e+02  6.12091e-01 
 3.10500e+02  5.83013e-01 
 3.11000e+02  5.53776e-01 
 3.11500e+02  5.24380e-01 
 3.12000e+02  4.94825e-01 
 3.12500e+02  4.65113e-01 
 3.13000e+02  4.35247e-01 
 3.13500e+02  4.05230e-01 
 3.14000e+02  3.75062e-01 
 3.14500e+02  3.44747e-01 
 3.15000e+02  3.14285e-01 
 3.15500e+02  2.83680e-01 
 3.16000e+02  2.52933e-01 
 3.16500e+02  2.22048e-01 
 3.17000e+02  1.91029e-01 
 3.17500e+02  1.59880e-01 
 3.18000e+02  1.28607e-01 
 3.18500e+02  9.72153e-02 
 3.19000e+02  6.57139e-02 
 3.19500e+02  3.41214e-02 
