 0.00000e+00  0.00000e+00 
 5.00000e-01  3.26894e-02 
 1.00000e+00  6.52525e-02 
 1.50000e+00  9.76821e-02 
 2.00000e+00  1.29970e-01 
 2.50000e+00  1.62109e-01 
 3.00000e+00  1.94096e-01 
 3.50000e+00  2.25927e-01 
 4.00000e+00  2.57600e-01 
 4.50000e+00  2.89114e-01 
 5.00000e+00  3.20466e-01 
 5.50000e+00  3.51655e-01 
 6.00000e+00  3.82679e-01 
 6.50000e+00  4.13536e-01 
 7.00000e+00  4.44225e-01 
 7.50000e+00  4.74745e-01 
 8.00000e+00  5.05094e-01 
 8.50000e+00  5.35271e-01 
 9.00000e+00  5.65276e-01 
 9.50000e+00  5.95107e-01 
 1.00000e+01  6.24762e-01 
 1.05000e+01  6.54240e-01 
 1.10000e+01  6.83539e-01 
 1.15000e+01  7.12659e-01 
 1.20000e+01  7.41597e-01 
 1.25000e+01  7.70355e-01 
 1.30000e+01  7.98929e-01 
 1.35000e+01  8.27318e-01 
 1.40000e+01  8.55520e-01 
 1.45000e+01  8.83533e-01 
 1.50000e+01  9.11358e-01 
 1.55000e+01  9.38993e-01 
 1.60000e+01  9.66437e-01 
 1.65000e+01  9.93687e-01 
 1.70000e+01  1.02074e+00 
 1.75000e+01  1.04760e+00 
 1.80000e+01  1.07425e+00 
 1.85000e+01  1.10071e+00 
 1.90000e+01  1.12696e+00 
 1.95000e+01  1.15301e+00 
 2.00000e+01  1.17886e+00 
 2.05000e+01  1.20449e+00 
 2.10000e+01  1.22992e+00 
 2.15000e+01  1.25514e+00 
 2.20000e+01  1.28015e+00 
 2.25000e+01  1.30494e+00 
 2.30000e+01  1.32952e+00 
 2.35000e+01  1.35388e+00 
 2.40000e+01  1.37802e+00 
 2.45000e+01  1.40194e+00 
 2.50000e+01  1.42564e+00 
 2.55000e+01  1.44912e+00 
 2.60000e+01  1.47237e+00 
 2.65000e+01  1.49540e+00 
 2.70000e+01  1.51819e+00 
 2.75000e+01  1.54075e+00 
 2.80000e+01  1.56308e+00 
 2.85000e+01  1.58517e+00 
 2.90000e+01  1.60703e+00 
 2.95000e+01  1.62864e+00 
 3.00000e+01  1.65001e+00 
 3.05000e+01  1.67113e+00 
 3.10000e+01  1.69202e+00 
 3.15000e+01  1.71266e+00 
 3.20000e+01  1.73305e+00 
 3.25000e+01  1.75319e+00 
 3.30000e+01  1.77309e+00 
 3.35000e+01  1.79273e+00 
 3.40000e+01  1.81212e+00 
 3.45000e+01  1.83126e+00 
 3.50000e+01  1.85014e+00 
 3.55000e+01  1.86878e+00 
 3.60000e+01  1.88715e+00 
 3.65000e+01  1.90528e+00 
 3.70000e+01  1.92315e+00 
 3.75000e+01  1.94076e+00 
 3.80000e+01  1.95811e+00 
 3.85000e+01  1.97520e+00 
 3.90000e+01  1.99204e+00 
 3.95000e+01  2.00862e+00 
 4.00000e+01  2.02494e+00 
 4.05000e+01  2.04101e+00 
 4.10000e+01  2.05681e+00 
 4.15000e+01  2.07235e+00 
 4.20000e+01  2.08763e+00 
 4.25000e+01  2.10265e+00 
 4.30000e+01  2.11742e+00 
 4.35000e+01  2.13191e+00 
 4.40000e+01  2.14615e+00 
 4.45000e+01  2.16012e+00 
 4.50000e+01  2.17382e+00 
 4.55000e+01  2.18726e+00 
 4.60000e+01  2.20043e+00 
 4.65000e+01  2.21333e+00 
 4.70000e+01  2.22596e+00 
 4.75000e+01  2.23832e+00 
 4.80000e+01  2.25041e+00 
 4.85000e+01  2.26224e+00 
 4.90000e+01  2.27381e+00 
 4.95000e+01  2.28513e+00 
 5.00000e+01  2.29620e+00 
 5.05000e+01  2.30700e+00 
 5.10000e+01  2.31756e+00 
 5.15000e+01  2.32786e+00 
 5.20000e+01  2.33789e+00 
 5.25000e+01  2.34767e+00 
 5.30000e+01  2.35719e+00 
 5.35000e+01  2.36644e+00 
 5.40000e+01  2.37543e+00 
 5.45000e+01  2.38416e+00 
 5.50000e+01  2.39261e+00 
 5.55000e+01  2.40080e+00 
 5.60000e+01  2.40871e+00 
 5.65000e+01  2.41636e+00 
 5.70000e+01  2.42374e+00 
 5.75000e+01  2.43085e+00 
 5.80000e+01  2.43769e+00 
 5.85000e+01  2.44427e+00 
 5.90000e+01  2.45059e+00 
 5.95000e+01  2.45665e+00 
 6.00000e+01  2.46246e+00 
 6.05000e+01  2.46802e+00 
 6.10000e+01  2.47333e+00 
 6.15000e+01  2.47839e+00 
 6.20000e+01  2.48323e+00 
 6.25000e+01  2.48784e+00 
 6.30000e+01  2.49222e+00 
 6.35000e+01  2.49638e+00 
 6.40000e+01  2.50033e+00 
 6.45000e+01  2.50408e+00 
 6.50000e+01  2.50763e+00 
 6.55000e+01  2.51099e+00 
 6.60000e+01  2.51417e+00 
 6.65000e+01  2.51718e+00 
 6.70000e+01  2.52002e+00 
 6.75000e+01  2.52269e+00 
 6.80000e+01  2.52520e+00 
 6.85000e+01  2.52757e+00 
 6.90000e+01  2.52980e+00 
 6.95000e+01  2.53190e+00 
 7.00000e+01  2.53386e+00 
 7.05000e+01  2.53571e+00 
 7.10000e+01  2.53746e+00 
 7.15000e+01  2.53912e+00 
 7.20000e+01  2.54069e+00 
 7.25000e+01  2.54219e+00 
 7.30000e+01  2.54361e+00 
 7.35000e+01  2.54494e+00 
 7.40000e+01  2.54618e+00 
 7.45000e+01  2.54735e+00 
 7.50000e+01  2.54845e+00 
 7.55000e+01  2.54948e+00 
 7.60000e+01  2.55045e+00 
 7.65000e+01  2.55138e+00 
 7.70000e+01  2.55227e+00 
 7.75000e+01  2.55315e+00 
 7.80000e+01  2.55399e+00 
 7.85000e+01  2.55480e+00 
 7.90000e+01  2.55558e+00 
 7.95000e+01  2.55634e+00 
 8.00000e+01  2.55706e+00 
 8.05000e+01  2.55774e+00 
 8.10000e+01  2.55839e+00 
 8.15000e+01  2.55904e+00 
 8.20000e+01  2.55965e+00 
 8.25000e+01  2.56023e+00 
 8.30000e+01  2.56079e+00 
 8.35000e+01  2.56131e+00 
 8.40000e+01  2.56178e+00 
 8.45000e+01  2.56225e+00 
 8.50000e+01  2.56270e+00 
 8.55000e+01  2.56316e+00 
 8.60000e+01  2.56360e+00 
 8.65000e+01  2.56401e+00 
 8.70000e+01  2.56442e+00 
 8.75000e+01  2.56480e+00 
 8.80000e+01  2.56519e+00 
 8.85000e+01  2.56559e+00 
 8.90000e+01  2.56600e+00 
 8.95000e+01  2.56639e+00 
 9.00000e+01  2.56678e+00 
 9.05000e+01  2.56710e+00 
 9.10000e+01  2.56740e+00 
 9.15000e+01  2.56771e+00 
 9.20000e+01  2.56801e+00 
 9.25000e+01  2.56833e+00 
 9.30000e+01  2.56863e+00 
 9.35000e+01  2.56890e+00 
 9.40000e+01  2.56916e+00 
 9.45000e+01  2.56942e+00 
 9.50000e+01  2.56970e+00 
 9.55000e+01  2.56997e+00 
 9.60000e+01  2.57027e+00 
 9.65000e+01  2.57056e+00 
 9.70000e+01  2.57088e+00 
 9.75000e+01  2.57119e+00 
 9.80000e+01  2.57146e+00 
 9.85000e+01  2.57170e+00 
 9.90000e+01  2.57195e+00 
 9.95000e+01  2.57221e+00 
 1.00000e+02  2.57248e+00 
 1.00500e+02  2.57272e+00 
 1.01000e+02  2.57294e+00 
 1.01500e+02  2.57311e+00 
 1.02000e+02  2.57327e+00 
 1.02500e+02  2.57347e+00 
 1.03000e+02  2.57370e+00 
 1.03500e+02  2.57395e+00 
 1.04000e+02  2.57421e+00 
 1.04500e+02  2.57444e+00 
 1.05000e+02  2.57467e+00 
 1.05500e+02  2.57488e+00 
 1.06000e+02  2.57508e+00 
 1.06500e+02  2.57524e+00 
 1.07000e+02  2.57538e+00 
 1.07500e+02  2.57554e+00 
 1.08000e+02  2.57569e+00 
 1.08500e+02  2.57586e+00 
 1.09000e+02  2.57606e+00 
 1.09500e+02  2.57629e+00 
 1.10000e+02  2.57650e+00 
 1.10500e+02  2.57672e+00 
 1.11000e+02  2.57695e+00 
 1.11500e+02  2.57716e+00 
 1.12000e+02  2.57733e+00 
 1.12500e+02  2.57744e+00 
 1.13000e+02  2.57756e+00 
 1.13500e+02  2.57770e+00 
 1.14000e+02  2.57787e+00 
 1.14500e+02  2.57804e+00 
 1.15000e+02  2.57821e+00 
 1.15500e+02  2.57831e+00 
 1.16000e+02  2.57836e+00 
 1.16500e+02  2.57846e+00 
 1.17000e+02  2.57858e+00 
 1.17500e+02  2.57865e+00 
 1.18000e+02  2.57874e+00 
 1.18500e+02  2.57879e+00 
 1.19000e+02  2.57886e+00 
 1.19500e+02  2.57893e+00 
 1.20000e+02  2.57900e+00 
 1.20500e+02  2.57904e+00 
 1.21000e+02  2.57908e+00 
 1.21500e+02  2.57910e+00 
 1.22000e+02  2.57914e+00 
 1.22500e+02  2.57917e+00 
 1.23000e+02  2.57919e+00 
 1.23500e+02  2.57918e+00 
 1.24000e+02  2.57926e+00 
 1.24500e+02  2.57929e+00 
 1.25000e+02  2.57932e+00 
 1.25500e+02  2.57932e+00 
 1.26000e+02  2.57932e+00 
 1.26500e+02  2.57936e+00 
 1.27000e+02  2.57936e+00 
 1.27500e+02  2.57940e+00 
 1.28000e+02  2.57941e+00 
 1.28500e+02  2.57944e+00 
 1.29000e+02  2.57943e+00 
 1.29500e+02  2.57949e+00 
 1.30000e+02  2.57947e+00 
 1.30500e+02  2.57951e+00 
 1.31000e+02  2.57950e+00 
 1.31500e+02  2.57948e+00 
 1.32000e+02  2.57949e+00 
 1.32500e+02  2.57950e+00 
 1.33000e+02  2.57952e+00 
 1.33500e+02  2.57952e+00 
 1.34000e+02  2.57955e+00 
 1.34500e+02  2.57951e+00 
 1.35000e+02  2.57954e+00 
 1.35500e+02  2.57957e+00 
 1.36000e+02  2.57957e+00 
 1.36500e+02  2.57958e+00 
 1.37000e+02  2.57961e+00 
 1.37500e+02  2.57963e+00 
 1.38000e+02  2.57965e+00 
 1.38500e+02  2.57964e+00 
 1.39000e+02  2.57964e+00 
 1.39500e+02  2.57968e+00 
 1.40000e+02  2.57969e+00 
 1.40500e+02  2.57966e+00 
 1.41000e+02  2.57968e+00 
 1.41500e+02  2.57968e+00 
 1.42000e+02  2.57973e+00 
 1.42500e+02  2.57974e+00 
 1.43000e+02  2.57972e+00 
 1.43500e+02  2.57973e+00 
 1.44000e+02  2.57972e+00 
 1.44500e+02  2.57975e+00 
 1.45000e+02  2.57975e+00 
 1.45500e+02  2.57978e+00 
 1.46000e+02  2.57974e+00 
 1.46500e+02  2.57976e+00 
 1.47000e+02  2.57978e+00 
 1.47500e+02  2.57978e+00 
 1.48000e+02  2.57978e+00 
 1.48500e+02  2.57980e+00 
 1.49000e+02  2.57980e+00 
 1.49500e+02  2.57979e+00 
 1.50000e+02  2.57980e+00 
 1.50500e+02  2.57980e+00 
 1.51000e+02  2.57979e+00 
 1.51500e+02  2.57979e+00 
 1.52000e+02  2.57979e+00 
 1.52500e+02  2.57979e+00 
 1.53000e+02  2.57978e+00 
 1.53500e+02  2.57979e+00 
 1.54000e+02  2.57981e+00 
 1.54500e+02  2.57977e+00 
 1.55000e+02  2.57978e+00 
 1.55500e+02  2.57980e+00 
 1.56000e+02  2.57979e+00 
 1.56500e+02  2.57978e+00 
 1.57000e+02  2.57980e+00 
 1.57500e+02  2.57976e+00 
 1.58000e+02  2.57976e+00 
 1.58500e+02  2.57978e+00 
 1.59000e+02  2.57979e+00 
 1.59500e+02  2.57979e+00 
 1.60000e+02  2.57977e+00 
 1.60500e+02  2.57977e+00 
 1.61000e+02  2.57978e+00 
 1.61500e+02  2.57980e+00 
 1.62000e+02  2.57979e+00 
 1.62500e+02  2.57980e+00 
 1.63000e+02  2.57982e+00 
 1.63500e+02  2.57978e+00 
 1.64000e+02  2.57982e+00 
 1.64500e+02  2.57978e+00 
 1.65000e+02  2.57980e+00 
 1.65500e+02  2.57978e+00 
 1.66000e+02  2.57979e+00 
 1.66500e+02  2.57979e+00 
 1.67000e+02  2.57981e+00 
 1.67500e+02  2.57982e+00 
 1.68000e+02  2.57979e+00 
 1.68500e+02  2.57978e+00 
 1.69000e+02  2.57976e+00 
 1.69500e+02  2.57978e+00 
 1.70000e+02  2.57976e+00 
 1.70500e+02  2.57976e+00 
 1.71000e+02  2.57974e+00 
 1.71500e+02  2.57973e+00 
 1.72000e+02  2.57976e+00 
 1.72500e+02  2.57975e+00 
 1.73000e+02  2.57976e+00 
 1.73500e+02  2.57972e+00 
 1.74000e+02  2.57972e+00 
 1.74500e+02  2.57973e+00 
 1.75000e+02  2.57972e+00 
 1.75500e+02  2.57969e+00 
 1.76000e+02  2.57971e+00 
 1.76500e+02  2.57970e+00 
 1.77000e+02  2.57970e+00 
 1.77500e+02  2.57969e+00 
 1.78000e+02  2.57968e+00 
 1.78500e+02  2.57968e+00 
 1.79000e+02  2.57968e+00 
 1.79500e+02  2.57967e+00 
 1.80000e+02  2.57965e+00 
 1.80500e+02  2.57964e+00 
 1.81000e+02  2.57964e+00 
 1.81500e+02  2.57967e+00 
 1.82000e+02  2.57964e+00 
 1.82500e+02  2.57963e+00 
 1.83000e+02  2.57963e+00 
 1.83500e+02  2.57960e+00 
 1.84000e+02  2.57959e+00 
 1.84500e+02  2.57961e+00 
 1.85000e+02  2.57959e+00 
 1.85500e+02  2.57958e+00 
 1.86000e+02  2.57956e+00 
 1.86500e+02  2.57956e+00 
 1.87000e+02  2.57953e+00 
 1.87500e+02  2.57955e+00 
 1.88000e+02  2.57951e+00 
 1.88500e+02  2.57953e+00 
 1.89000e+02  2.57949e+00 
 1.89500e+02  2.57947e+00 
 1.90000e+02  2.57940e+00 
 1.90500e+02  2.57942e+00 
 1.91000e+02  2.57942e+00 
 1.91500e+02  2.57940e+00 
 1.92000e+02  2.57935e+00 
 1.92500e+02  2.57932e+00 
 1.93000e+02  2.57929e+00 
 1.93500e+02  2.57929e+00 
 1.94000e+02  2.57929e+00 
 1.94500e+02  2.57925e+00 
 1.95000e+02  2.57924e+00 
 1.95500e+02  2.57922e+00 
 1.96000e+02  2.57917e+00 
 1.96500e+02  2.57913e+00 
 1.97000e+02  2.57915e+00 
 1.97500e+02  2.57915e+00 
 1.98000e+02  2.57912e+00 
 1.98500e+02  2.57901e+00 
 1.99000e+02  2.57895e+00 
 1.99500e+02  2.57895e+00 
 2.00000e+02  2.57891e+00 
 2.00500e+02  2.57885e+00 
 2.01000e+02  2.57877e+00 
 2.01500e+02  2.57873e+00 
 2.02000e+02  2.57869e+00 
 2.02500e+02  2.57861e+00 
 2.03000e+02  2.57854e+00 
 2.03500e+02  2.57845e+00 
 2.04000e+02  2.57835e+00 
 2.04500e+02  2.57825e+00 
 2.05000e+02  2.57811e+00 
 2.05500e+02  2.57802e+00 
 2.06000e+02  2.57797e+00 
 2.06500e+02  2.57789e+00 
 2.07000e+02  2.57778e+00 
 2.07500e+02  2.57763e+00 
 2.08000e+02  2.57750e+00 
 2.08500e+02  2.57737e+00 
 2.09000e+02  2.57719e+00 
 2.09500e+02  2.57695e+00 
 2.10000e+02  2.57672e+00 
 2.10500e+02  2.57652e+00 
 2.11000e+02  2.57631e+00 
 2.11500e+02  2.57611e+00 
 2.12000e+02  2.57594e+00 
 2.12500e+02  2.57576e+00 
 2.13000e+02  2.57558e+00 
 2.13500e+02  2.57537e+00 
 2.14000e+02  2.57515e+00 
 2.14500e+02  2.57494e+00 
 2.15000e+02  2.57474e+00 
 2.15500e+02  2.57453e+00 
 2.16000e+02  2.57431e+00 
 2.16500e+02  2.57412e+00 
 2.17000e+02  2.57394e+00 
 2.17500e+02  2.57376e+00 
 2.18000e+02  2.57358e+00 
 2.18500e+02  2.57333e+00 
 2.19000e+02  2.57309e+00 
 2.19500e+02  2.57285e+00 
 2.20000e+02  2.57260e+00 
 2.20500e+02  2.57232e+00 
 2.21000e+02  2.57207e+00 
 2.21500e+02  2.57184e+00 
 2.22000e+02  2.57160e+00 
 2.22500e+02  2.57135e+00 
 2.23000e+02  2.57108e+00 
 2.23500e+02  2.57080e+00 
 2.24000e+02  2.57055e+00 
 2.24500e+02  2.57033e+00 
 2.25000e+02  2.57012e+00 
 2.25500e+02  2.56990e+00 
 2.26000e+02  2.56964e+00 
 2.26500e+02  2.56935e+00 
 2.27000e+02  2.56905e+00 
 2.27500e+02  2.56872e+00 
 2.28000e+02  2.56838e+00 
 2.28500e+02  2.56804e+00 
 2.29000e+02  2.56773e+00 
 2.29500e+02  2.56739e+00 
 2.30000e+02  2.56702e+00 
 2.30500e+02  2.56660e+00 
 2.31000e+02  2.56615e+00 
 2.31500e+02  2.56571e+00 
 2.32000e+02  2.56526e+00 
 2.32500e+02  2.56480e+00 
 2.33000e+02  2.56435e+00 
 2.33500e+02  2.56388e+00 
 2.34000e+02  2.56340e+00 
 2.34500e+02  2.56291e+00 
 2.35000e+02  2.56240e+00 
 2.35500e+02  2.56186e+00 
 2.36000e+02  2.56131e+00 
 2.36500e+02  2.56076e+00 
 2.37000e+02  2.56021e+00 
 2.37500e+02  2.55965e+00 
 2.38000e+02  2.55904e+00 
 2.38500e+02  2.55835e+00 
 2.39000e+02  2.55760e+00 
 2.39500e+02  2.55681e+00 
 2.40000e+02  2.55601e+00 
 2.40500e+02  2.55520e+00 
 2.41000e+02  2.55438e+00 
 2.41500e+02  2.55353e+00 
 2.42000e+02  2.55263e+00 
 2.42500e+02  2.55166e+00 
 2.43000e+02  2.55065e+00 
 2.43500e+02  2.54957e+00 
 2.44000e+02  2.54845e+00 
 2.44500e+02  2.54730e+00 
 2.45000e+02  2.54609e+00 
 2.45500e+02  2.54481e+00 
 2.46000e+02  2.54347e+00 
 2.46500e+02  2.54207e+00 
 2.47000e+02  2.54060e+00 
 2.47500e+02  2.53905e+00 
 2.48000e+02  2.53740e+00 
 2.48500e+02  2.53567e+00 
 2.49000e+02  2.53383e+00 
 2.49500e+02  2.53186e+00 
 2.50000e+02  2.52978e+00 
 2.50500e+02  2.52756e+00 
 2.51000e+02  2.52519e+00 
 2.51500e+02  2.52266e+00 
 2.52000e+02  2.51999e+00 
 2.52500e+02  2.51715e+00 
 2.53000e+02  2.51414e+00 
 2.53500e+02  2.51096e+00 
 2.54000e+02  2.50759e+00 
 2.54500e+02  2.50403e+00 
 2.55000e+02  2.50027e+00 
 2.55500e+02  2.49631e+00 
 2.56000e+02  2.49216e+00 
 2.56500e+02  2.48778e+00 
 2.57000e+02  2.48319e+00 
 2.57500e+02  2.47837e+00 
 2.58000e+02  2.47331e+00 
 2.58500e+02  2.46802e+00 
 2.59000e+02  2.46248e+00 
 2.59500e+02  2.45670e+00 
 2.60000e+02  2.45066e+00 
 2.60500e+02  2.44437e+00 
 2.61000e+02  2.43781e+00 
 2.61500e+02  2.43100e+00 
 2.62000e+02  2.42392e+00 
 2.62500e+02  2.41659e+00 
 2.63000e+02  2.40900e+00 
 2.63500e+02  2.40115e+00 
 2.64000e+02  2.39304e+00 
 2.64500e+02  2.38468e+00 
 2.65000e+02  2.37607e+00 
 2.65500e+02  2.36722e+00 
 2.66000e+02  2.35812e+00 
 2.66500e+02  2.34878e+00 
 2.67000e+02  2.33920e+00 
 2.67500e+02  2.32939e+00 
 2.68000e+02  2.31936e+00 
 2.68500e+02  2.30910e+00 
 2.69000e+02  2.29861e+00 
 2.69500e+02  2.28790e+00 
 2.70000e+02  2.27695e+00 
 2.70500e+02  2.26577e+00 
 2.71000e+02  2.25434e+00 
 2.71500e+02  2.24266e+00 
 2.72000e+02  2.23071e+00 
 2.72500e+02  2.21850e+00 
 2.73000e+02  2.20601e+00 
 2.73500e+02  2.19327e+00 
 2.74000e+02  2.18025e+00 
 2.74500e+02  2.16697e+00 
 2.75000e+02  2.15343e+00 
 2.75500e+02  2.13963e+00 
 2.76000e+02  2.12557e+00 
 2.76500e+02  2.11126e+00 
 2.77000e+02  2.09668e+00 
 2.77500e+02  2.08186e+00 
 2.78000e+02  2.06677e+00 
 2.78500e+02  2.05143e+00 
 2.79000e+02  2.03584e+00 
 2.79500e+02  2.01999e+00 
 2.80000e+02  2.00389e+00 
 2.80500e+02  1.98754e+00 
 2.81000e+02  1.97093e+00 
 2.81500e+02  1.95406e+00 
 2.82000e+02  1.93694e+00 
 2.82500e+02  1.91957e+00 
 2.83000e+02  1.90195e+00 
 2.83500e+02  1.88406e+00 
 2.84000e+02  1.86593e+00 
 2.84500e+02  1.84754e+00 
 2.85000e+02  1.82891e+00 
 2.85500e+02  1.81002e+00 
 2.86000e+02  1.79088e+00 
 2.86500e+02  1.77150e+00 
 2.87000e+02  1.75187e+00 
 2.87500e+02  1.73201e+00 
 2.88000e+02  1.71190e+00 
 2.88500e+02  1.69155e+00 
 2.89000e+02  1.67096e+00 
 2.89500e+02  1.65014e+00 
 2.90000e+02  1.62908e+00 
 2.90500e+02  1.60778e+00 
 2.91000e+02  1.58625e+00 
 2.91500e+02  1.56449e+00 
 2.92000e+02  1.54250e+00 
 2.92500e+02  1.52028e+00 
 2.93000e+02  1.49784e+00 
 2.93500e+02  1.47517e+00 
 2.94000e+02  1.45228e+00 
 2.94500e+02  1.42918e+00 
 2.95000e+02  1.40585e+00 
 2.95500e+02  1.38230e+00 
 2.96000e+02  1.35854e+00 
 2.96500e+02  1.33457e+00 
 2.97000e+02  1.31039e+00 
 2.97500e+02  1.28599e+00 
 2.98000e+02  1.26140e+00 
 2.98500e+02  1.23660e+00 
 2.99000e+02  1.21160e+00 
 2.99500e+02  1.18640e+00 
 3.00000e+02  1.16100e+00 
 3.00500e+02  1.13541e+00 
 3.01000e+02  1.10962e+00 
 3.01500e+02  1.08364e+00 
 3.02000e+02  1.05746e+00 
 3.02500e+02  1.03110e+00 
 3.03000e+02  1.00455e+00 
 3.03500e+02  9.77817e-01 
 3.04000e+02  9.50895e-01 
 3.04500e+02  9.23789e-01 
 3.05000e+02  8.96501e-01 
 3.05500e+02  8.69031e-01 
 3.06000e+02  8.41380e-01 
 3.06500e+02  8.13551e-01 
 3.07000e+02  7.85546e-01 
 3.07500e+02  7.57369e-01 
 3.08000e+02  7.29019e-01 
 3.08500e+02  7.00498e-01 
 3.09000e+02  6.71810e-01 
 3.09500e+02  6.42956e-01 
 3.10000e+02  6.13938e-01 
 3.10500e+02  5.84757e-01 
 3.11000e+02  5.55415e-01 
 3.11500e+02  5.25911e-01 
 3.12000e+02  4.96246e-01 
 3.12500e+02  4.66421e-01 
 3.13000e+02  4.36441e-01 
 3.13500e+02  4.06306e-01 
 3.14000e+02  3.76021e-01 
 3.14500e+02  3.45587e-01 
 3.15000e+02  3.15006e-01 
 3.15500e+02  2.84280e-01 
 3.16000e+02  2.53411e-01 
 3.16500e+02  2.22400e-01 
 3.17000e+02  1.91252e-01 
 3.17500e+02  1.59968e-01 
 3.18000e+02  1.28556e-01 
 3.18500e+02  9.70210e-02 
 3.19000e+02  6.53726e-02 
 3.19500e+02  3.36251e-02 
