 0.00000e+00  0.00000e+00 
 5.00000e-01  3.27639e-02 
 1.00000e+00  6.53967e-02 
 1.50000e+00  9.78980e-02 
 2.00000e+00  1.30259e-01 
 2.50000e+00  1.62471e-01 
 3.00000e+00  1.94531e-01 
 3.50000e+00  2.26436e-01 
 4.00000e+00  2.58184e-01 
 4.50000e+00  2.89770e-01 
 5.00000e+00  3.21192e-01 
 5.50000e+00  3.52449e-01 
 6.00000e+00  3.83539e-01 
 6.50000e+00  4.14460e-01 
 7.00000e+00  4.45210e-01 
 7.50000e+00  4.75788e-01 
 8.00000e+00  5.06193e-01 
 8.50000e+00  5.36424e-01 
 9.00000e+00  5.66479e-01 
 9.50000e+00  5.96357e-01 
 1.00000e+01  6.26057e-01 
 1.05000e+01  6.55577e-01 
 1.10000e+01  6.84915e-01 
 1.15000e+01  7.14070e-01 
 1.20000e+01  7.43041e-01 
 1.25000e+01  7.71826e-01 
 1.30000e+01  8.00426e-01 
 1.35000e+01  8.28837e-01 
 1.40000e+01  8.57058e-01 
 1.45000e+01  8.85089e-01 
 1.50000e+01  9.12928e-01 
 1.55000e+01  9.40572e-01 
 1.60000e+01  9.68023e-01 
 1.65000e+01  9.95278e-01 
 1.70000e+01  1.02234e+00 
 1.75000e+01  1.04919e+00 
 1.80000e+01  1.07585e+00 
 1.85000e+01  1.10230e+00 
 1.90000e+01  1.12855e+00 
 1.95000e+01  1.15459e+00 
 2.00000e+01  1.18042e+00 
 2.05000e+01  1.20605e+00 
 2.10000e+01  1.23146e+00 
 2.15000e+01  1.25666e+00 
 2.20000e+01  1.28166e+00 
 2.25000e+01  1.30643e+00 
 2.30000e+01  1.33099e+00 
 2.35000e+01  1.35533e+00 
 2.40000e+01  1.37945e+00 
 2.45000e+01  1.40335e+00 
 2.50000e+01  1.42702e+00 
 2.55000e+01  1.45047e+00 
 2.60000e+01  1.47370e+00 
 2.65000e+01  1.49669e+00 
 2.70000e+01  1.51946e+00 
 2.75000e+01  1.54199e+00 
 2.80000e+01  1.56430e+00 
 2.85000e+01  1.58636e+00 
 2.90000e+01  1.60819e+00 
 2.95000e+01  1.62978e+00 
 3.00000e+01  1.65113e+00 
 3.05000e+01  1.67224e+00 
 3.10000e+01  1.69311e+00 
 3.15000e+01  1.71373e+00 
 3.20000e+01  1.73410e+00 
 3.25000e+01  1.75423e+00 
 3.30000e+01  1.77411e+00 
 3.35000e+01  1.79373e+00 
 3.40000e+01  1.81309e+00 
 3.45000e+01  1.83220e+00 
 3.50000e+01  1.85106e+00 
 3.55000e+01  1.86966e+00 
 3.60000e+01  1.88800e+00 
 3.65000e+01  1.90609e+00 
 3.70000e+01  1.92392e+00 
 3.75000e+01  1.94148e+00 
 3.80000e+01  1.95879e+00 
 3.85000e+01  1.97583e+00 
 3.90000e+01  1.99262e+00 
 3.95000e+01  2.00914e+00 
 4.00000e+01  2.02539e+00 
 4.05000e+01  2.04137e+00 
 4.10000e+01  2.05709e+00 
 4.15000e+01  2.07255e+00 
 4.20000e+01  2.08775e+00 
 4.25000e+01  2.10268e+00 
 4.30000e+01  2.11735e+00 
 4.35000e+01  2.13175e+00 
 4.40000e+01  2.14589e+00 
 4.45000e+01  2.15977e+00 
 4.50000e+01  2.17337e+00 
 4.55000e+01  2.18671e+00 
 4.60000e+01  2.19978e+00 
 4.65000e+01  2.21258e+00 
 4.70000e+01  2.22511e+00 
 4.75000e+01  2.23737e+00 
 4.80000e+01  2.24936e+00 
 4.85000e+01  2.26108e+00 
 4.90000e+01  2.27254e+00 
 4.95000e+01  2.28374e+00 
 5.00000e+01  2.29468e+00 
 5.05000e+01  2.30536e+00 
 5.10000e+01  2.31579e+00 
 5.15000e+01  2.32597e+00 
 5.20000e+01  2.33590e+00 
 5.25000e+01  2.34558e+00 
 5.30000e+01  2.35500e+00 
 5.35000e+01  2.36417e+00 
 5.40000e+01  2.37308e+00 
 5.45000e+01  2.38172e+00 
 5.50000e+01  2.39010e+00 
 5.55000e+01  2.39822e+00 
 5.60000e+01  2.40608e+00 
 5.65000e+01  2.41367e+00 
 5.70000e+01  2.42099e+00 
 5.75000e+01  2.42804e+00 
 5.80000e+01  2.43483e+00 
 5.85000e+01  2.44135e+00 
 5.90000e+01  2.44761e+00 
 5.95000e+01  2.45361e+00 
 6.00000e+01  2.45934e+00 
 6.05000e+01  2.46483e+00 
 6.10000e+01  2.47007e+00 
 6.15000e+01  2.47506e+00 
 6.20000e+01  2.47981e+00 
 6.25000e+01  2.48433e+00 
 6.30000e+01  2.48864e+00 
 6.35000e+01  2.49276e+00 
 6.40000e+01  2.49668e+00 
 6.45000e+01  2.50041e+00 
 6.50000e+01  2.50396e+00 
 6.55000e+01  2.50734e+00 
 6.60000e+01  2.51054e+00 
 6.65000e+01  2.51356e+00 
 6.70000e+01  2.51642e+00 
 6.75000e+01  2.51912e+00 
 6.80000e+01  2.52166e+00 
 6.85000e+01  2.52407e+00 
 6.90000e+01  2.52635e+00 
 6.95000e+01  2.52849e+00 
 7.00000e+01  2.53052e+00 
 7.05000e+01  2.53243e+00 
 7.10000e+01  2.53423e+00 
 7.15000e+01  2.53592e+00 
 7.20000e+01  2.53752e+00 
 7.25000e+01  2.53904e+00 
 7.30000e+01  2.54048e+00 
 7.35000e+01  2.54185e+00 
 7.40000e+01  2.54313e+00 
 7.45000e+01  2.54434e+00 
 7.50000e+01  2.54548e+00 
 7.55000e+01  2.54657e+00 
 7.60000e+01  2.54761e+00 
 7.65000e+01  2.54860e+00 
 7.70000e+01  2.54955e+00 
 7.75000e+01  2.55045e+00 
 7.80000e+01  2.55129e+00 
 7.85000e+01  2.55211e+00 
 7.90000e+01  2.55288e+00 
 7.95000e+01  2.55361e+00 
 8.00000e+01  2.55427e+00 
 8.05000e+01  2.55489e+00 
 8.10000e+01  2.55547e+00 
 8.15000e+01  2.55600e+00 
 8.20000e+01  2.55649e+00 
 8.25000e+01  2.55696e+00 
 8.30000e+01  2.55744e+00 
 8.35000e+01  2.55794e+00 
 8.40000e+01  2.55844e+00 
 8.45000e+01  2.55890e+00 
 8.50000e+01  2.55933e+00 
 8.55000e+01  2.55977e+00 
 8.60000e+01  2.56022e+00 
 8.65000e+01  2.56065e+00 
 8.70000e+01  2.56107e+00 
 8.75000e+01  2.56149e+00 
 8.80000e+01  2.56191e+00 
 8.85000e+01  2.56232e+00 
 8.90000e+01  2.56274e+00 
 8.95000e+01  2.56317e+00 
 9.00000e+01  2.56357e+00 
 9.05000e+01  2.56395e+00 
 9.10000e+01  2.56428e+00 
 9.15000e+01  2.56459e+00 
 9.20000e+01  2.56491e+00 
 9.25000e+01  2.56525e+00 
 9.30000e+01  2.56560e+00 
 9.35000e+01  2.56593e+00 
 9.40000e+01  2.56626e+00 
 9.45000e+01  2.56657e+00 
 9.50000e+01  2.56686e+00 
 9.55000e+01  2.56713e+00 
 9.60000e+01  2.56739e+00 
 9.65000e+01  2.56766e+00 
 9.70000e+01  2.56792e+00 
 9.75000e+01  2.56820e+00 
 9.80000e+01  2.56848e+00 
 9.85000e+01  2.56875e+00 
 9.90000e+01  2.56902e+00 
 9.95000e+01  2.56928e+00 
 1.00000e+02  2.56949e+00 
 1.00500e+02  2.56967e+00 
 1.01000e+02  2.56986e+00 
 1.01500e+02  2.57008e+00 
 1.02000e+02  2.57029e+00 
 1.02500e+02  2.57051e+00 
 1.03000e+02  2.57074e+00 
 1.03500e+02  2.57093e+00 
 1.04000e+02  2.57108e+00 
 1.04500e+02  2.57122e+00 
 1.05000e+02  2.57137e+00 
 1.05500e+02  2.57154e+00 
 1.06000e+02  2.57175e+00 
 1.06500e+02  2.57199e+00 
 1.07000e+02  2.57226e+00 
 1.07500e+02  2.57256e+00 
 1.08000e+02  2.57286e+00 
 1.08500e+02  2.57315e+00 
 1.09000e+02  2.57338e+00 
 1.09500e+02  2.57359e+00 
 1.10000e+02  2.57379e+00 
 1.10500e+02  2.57392e+00 
 1.11000e+02  2.57403e+00 
 1.11500e+02  2.57417e+00 
 1.12000e+02  2.57431e+00 
 1.12500e+02  2.57447e+00 
 1.13000e+02  2.57459e+00 
 1.13500e+02  2.57473e+00 
 1.14000e+02  2.57488e+00 
 1.14500e+02  2.57500e+00 
 1.15000e+02  2.57513e+00 
 1.15500e+02  2.57519e+00 
 1.16000e+02  2.57526e+00 
 1.16500e+02  2.57541e+00 
 1.17000e+02  2.57551e+00 
 1.17500e+02  2.57553e+00 
 1.18000e+02  2.57555e+00 
 1.18500e+02  2.57559e+00 
 1.19000e+02  2.57564e+00 
 1.19500e+02  2.57565e+00 
 1.20000e+02  2.57571e+00 
 1.20500e+02  2.57573e+00 
 1.21000e+02  2.57574e+00 
 1.21500e+02  2.57577e+00 
 1.22000e+02  2.57576e+00 
 1.22500e+02  2.57579e+00 
 1.23000e+02  2.57584e+00 
 1.23500e+02  2.57587e+00 
 1.24000e+02  2.57588e+00 
 1.24500e+02  2.57592e+00 
 1.25000e+02  2.57593e+00 
 1.25500e+02  2.57600e+00 
 1.26000e+02  2.57601e+00 
 1.26500e+02  2.57602e+00 
 1.27000e+02  2.57607e+00 
 1.27500e+02  2.57608e+00 
 1.28000e+02  2.57608e+00 
 1.28500e+02  2.57610e+00 
 1.29000e+02  2.57613e+00 
 1.29500e+02  2.57612e+00 
 1.30000e+02  2.57614e+00 
 1.30500e+02  2.57615e+00 
 1.31000e+02  2.57617e+00 
 1.31500e+02  2.57619e+00 
 1.32000e+02  2.57620e+00 
 1.32500e+02  2.57621e+00 
 1.33000e+02  2.57621e+00 
 1.33500e+02  2.57622e+00 
 1.34000e+02  2.57623e+00 
 1.34500e+02  2.57628e+00 
 1.35000e+02  2.57628e+00 
 1.35500e+02  2.57625e+00 
 1.36000e+02  2.57628e+00 
 1.36500e+02  2.57626e+00 
 1.37000e+02  2.57629e+00 
 1.37500e+02  2.57629e+00 
 1.38000e+02  2.57630e+00 
 1.38500e+02  2.57630e+00 
 1.39000e+02  2.57632e+00 
 1.39500e+02  2.57634e+00 
 1.40000e+02  2.57634e+00 
 1.40500e+02  2.57632e+00 
 1.41000e+02  2.57632e+00 
 1.41500e+02  2.57635e+00 
 1.42000e+02  2.57634e+00 
 1.42500e+02  2.57634e+00 
 1.43000e+02  2.57636e+00 
 1.43500e+02  2.57634e+00 
 1.44000e+02  2.57634e+00 
 1.44500e+02  2.57636e+00 
 1.45000e+02  2.57637e+00 
 1.45500e+02  2.57638e+00 
 1.46000e+02  2.57637e+00 
 1.46500e+02  2.57637e+00 
 1.47000e+02  2.57640e+00 
 1.47500e+02  2.57640e+00 
 1.48000e+02  2.57638e+00 
 1.48500e+02  2.57639e+00 
 1.49000e+02  2.57640e+00 
 1.49500e+02  2.57640e+00 
 1.50000e+02  2.57642e+00 
 1.50500e+02  2.57643e+00 
 1.51000e+02  2.57641e+00 
 1.51500e+02  2.57641e+00 
 1.52000e+02  2.57639e+00 
 1.52500e+02  2.57642e+00 
 1.53000e+02  2.57639e+00 
 1.53500e+02  2.57640e+00 
 1.54000e+02  2.57640e+00 
 1.54500e+02  2.57639e+00 
 1.55000e+02  2.57639e+00 
 1.55500e+02  2.57639e+00 
 1.56000e+02  2.57640e+00 
 1.56500e+02  2.57641e+00 
 1.57000e+02  2.57638e+00 
 1.57500e+02  2.57637e+00 
 1.58000e+02  2.57636e+00 
 1.58500e+02  2.57636e+00 
 1.59000e+02  2.57638e+00 
 1.59500e+02  2.57638e+00 
 1.60000e+02  2.57635e+00 
 1.60500e+02  2.57640e+00 
 1.61000e+02  2.57640e+00 
 1.61500e+02  2.57639e+00 
 1.62000e+02  2.57642e+00 
 1.62500e+02  2.57637e+00 
 1.63000e+02  2.57640e+00 
 1.63500e+02  2.57638e+00 
 1.64000e+02  2.57637e+00 
 1.64500e+02  2.57640e+00 
 1.65000e+02  2.57639e+00 
 1.65500e+02  2.57638e+00 
 1.66000e+02  2.57639e+00 
 1.66500e+02  2.57635e+00 
 1.67000e+02  2.57638e+00 
 1.67500e+02  2.57635e+00 
 1.68000e+02  2.57634e+00 
 1.68500e+02  2.57635e+00 
 1.69000e+02  2.57635e+00 
 1.69500e+02  2.57632e+00 
 1.70000e+02  2.57633e+00 
 1.70500e+02  2.57634e+00 
 1.71000e+02  2.57630e+00 
 1.71500e+02  2.57634e+00 
 1.72000e+02  2.57632e+00 
 1.72500e+02  2.57634e+00 
 1.73000e+02  2.57632e+00 
 1.73500e+02  2.57630e+00 
 1.74000e+02  2.57632e+00 
 1.74500e+02  2.57631e+00 
 1.75000e+02  2.57632e+00 
 1.75500e+02  2.57628e+00 
 1.76000e+02  2.57630e+00 
 1.76500e+02  2.57629e+00 
 1.77000e+02  2.57626e+00 
 1.77500e+02  2.57626e+00 
 1.78000e+02  2.57623e+00 
 1.78500e+02  2.57623e+00 
 1.79000e+02  2.57624e+00 
 1.79500e+02  2.57623e+00 
 1.80000e+02  2.57622e+00 
 1.80500e+02  2.57621e+00 
 1.81000e+02  2.57620e+00 
 1.81500e+02  2.57619e+00 
 1.82000e+02  2.57617e+00 
 1.82500e+02  2.57618e+00 
 1.83000e+02  2.57618e+00 
 1.83500e+02  2.57616e+00 
 1.84000e+02  2.57619e+00 
 1.84500e+02  2.57617e+00 
 1.85000e+02  2.57617e+00 
 1.85500e+02  2.57618e+00 
 1.86000e+02  2.57617e+00 
 1.86500e+02  2.57614e+00 
 1.87000e+02  2.57613e+00 
 1.87500e+02  2.57611e+00 
 1.88000e+02  2.57610e+00 
 1.88500e+02  2.57608e+00 
 1.89000e+02  2.57607e+00 
 1.89500e+02  2.57604e+00 
 1.90000e+02  2.57603e+00 
 1.90500e+02  2.57600e+00 
 1.91000e+02  2.57602e+00 
 1.91500e+02  2.57599e+00 
 1.92000e+02  2.57595e+00 
 1.92500e+02  2.57594e+00 
 1.93000e+02  2.57593e+00 
 1.93500e+02  2.57592e+00 
 1.94000e+02  2.57587e+00 
 1.94500e+02  2.57585e+00 
 1.95000e+02  2.57585e+00 
 1.95500e+02  2.57584e+00 
 1.96000e+02  2.57578e+00 
 1.96500e+02  2.57573e+00 
 1.97000e+02  2.57569e+00 
 1.97500e+02  2.57565e+00 
 1.98000e+02  2.57565e+00 
 1.98500e+02  2.57563e+00 
 1.99000e+02  2.57552e+00 
 1.99500e+02  2.57550e+00 
 2.00000e+02  2.57553e+00 
 2.00500e+02  2.57544e+00 
 2.01000e+02  2.57538e+00 
 2.01500e+02  2.57532e+00 
 2.02000e+02  2.57522e+00 
 2.02500e+02  2.57517e+00 
 2.03000e+02  2.57508e+00 
 2.03500e+02  2.57499e+00 
 2.04000e+02  2.57487e+00 
 2.04500e+02  2.57478e+00 
 2.05000e+02  2.57469e+00 
 2.05500e+02  2.57453e+00 
 2.06000e+02  2.57437e+00 
 2.06500e+02  2.57420e+00 
 2.07000e+02  2.57402e+00 
 2.07500e+02  2.57384e+00 
 2.08000e+02  2.57365e+00 
 2.08500e+02  2.57347e+00 
 2.09000e+02  2.57326e+00 
 2.09500e+02  2.57302e+00 
 2.10000e+02  2.57278e+00 
 2.10500e+02  2.57255e+00 
 2.11000e+02  2.57237e+00 
 2.11500e+02  2.57222e+00 
 2.12000e+02  2.57211e+00 
 2.12500e+02  2.57195e+00 
 2.13000e+02  2.57176e+00 
 2.13500e+02  2.57156e+00 
 2.14000e+02  2.57136e+00 
 2.14500e+02  2.57113e+00 
 2.15000e+02  2.57093e+00 
 2.15500e+02  2.57072e+00 
 2.16000e+02  2.57049e+00 
 2.16500e+02  2.57022e+00 
 2.17000e+02  2.56996e+00 
 2.17500e+02  2.56972e+00 
 2.18000e+02  2.56952e+00 
 2.18500e+02  2.56934e+00 
 2.19000e+02  2.56916e+00 
 2.19500e+02  2.56895e+00 
 2.20000e+02  2.56873e+00 
 2.20500e+02  2.56852e+00 
 2.21000e+02  2.56829e+00 
 2.21500e+02  2.56807e+00 
 2.22000e+02  2.56783e+00 
 2.22500e+02  2.56757e+00 
 2.23000e+02  2.56727e+00 
 2.23500e+02  2.56696e+00 
 2.24000e+02  2.56666e+00 
 2.24500e+02  2.56634e+00 
 2.25000e+02  2.56604e+00 
 2.25500e+02  2.56572e+00 
 2.26000e+02  2.56539e+00 
 2.26500e+02  2.56504e+00 
 2.27000e+02  2.56470e+00 
 2.27500e+02  2.56435e+00 
 2.28000e+02  2.56400e+00 
 2.28500e+02  2.56363e+00 
 2.29000e+02  2.56322e+00 
 2.29500e+02  2.56280e+00 
 2.30000e+02  2.56236e+00 
 2.30500e+02  2.56191e+00 
 2.31000e+02  2.56143e+00 
 2.31500e+02  2.56093e+00 
 2.32000e+02  2.56045e+00 
 2.32500e+02  2.56000e+00 
 2.33000e+02  2.55955e+00 
 2.33500e+02  2.55909e+00 
 2.34000e+02  2.55862e+00 
 2.34500e+02  2.55814e+00 
 2.35000e+02  2.55762e+00 
 2.35500e+02  2.55706e+00 
 2.36000e+02  2.55648e+00 
 2.36500e+02  2.55589e+00 
 2.37000e+02  2.55529e+00 
 2.37500e+02  2.55469e+00 
 2.38000e+02  2.55407e+00 
 2.38500e+02  2.55345e+00 
 2.39000e+02  2.55279e+00 
 2.39500e+02  2.55208e+00 
 2.40000e+02  2.55132e+00 
 2.40500e+02  2.55052e+00 
 2.41000e+02  2.54967e+00 
 2.41500e+02  2.54877e+00 
 2.42000e+02  2.54782e+00 
 2.42500e+02  2.54683e+00 
 2.43000e+02  2.54581e+00 
 2.43500e+02  2.54475e+00 
 2.44000e+02  2.54368e+00 
 2.44500e+02  2.54256e+00 
 2.45000e+02  2.54139e+00 
 2.45500e+02  2.54017e+00 
 2.46000e+02  2.53891e+00 
 2.46500e+02  2.53756e+00 
 2.47000e+02  2.53612e+00 
 2.47500e+02  2.53457e+00 
 2.48000e+02  2.53294e+00 
 2.48500e+02  2.53121e+00 
 2.49000e+02  2.52938e+00 
 2.49500e+02  2.52742e+00 
 2.50000e+02  2.52533e+00 
 2.50500e+02  2.52310e+00 
 2.51000e+02  2.52074e+00 
 2.51500e+02  2.51823e+00 
 2.52000e+02  2.51558e+00 
 2.52500e+02  2.51276e+00 
 2.53000e+02  2.50976e+00 
 2.53500e+02  2.50658e+00 
 2.54000e+02  2.50323e+00 
 2.54500e+02  2.49969e+00 
 2.55000e+02  2.49595e+00 
 2.55500e+02  2.49202e+00 
 2.56000e+02  2.48787e+00 
 2.56500e+02  2.48350e+00 
 2.57000e+02  2.47891e+00 
 2.57500e+02  2.47409e+00 
 2.58000e+02  2.46904e+00 
 2.58500e+02  2.46376e+00 
 2.59000e+02  2.45823e+00 
 2.59500e+02  2.45245e+00 
 2.60000e+02  2.44642e+00 
 2.60500e+02  2.44013e+00 
 2.61000e+02  2.43358e+00 
 2.61500e+02  2.42678e+00 
 2.62000e+02  2.41972e+00 
 2.62500e+02  2.41241e+00 
 2.63000e+02  2.40484e+00 
 2.63500e+02  2.39702e+00 
 2.64000e+02  2.38893e+00 
 2.64500e+02  2.38060e+00 
 2.65000e+02  2.37202e+00 
 2.65500e+02  2.36318e+00 
 2.66000e+02  2.35410e+00 
 2.66500e+02  2.34478e+00 
 2.67000e+02  2.33522e+00 
 2.67500e+02  2.32542e+00 
 2.68000e+02  2.31539e+00 
 2.68500e+02  2.30513e+00 
 2.69000e+02  2.29465e+00 
 2.69500e+02  2.28394e+00 
 2.70000e+02  2.27299e+00 
 2.70500e+02  2.26182e+00 
 2.71000e+02  2.25039e+00 
 2.71500e+02  2.23870e+00 
 2.72000e+02  2.22675e+00 
 2.72500e+02  2.21452e+00 
 2.73000e+02  2.20203e+00 
 2.73500e+02  2.18927e+00 
 2.74000e+02  2.17624e+00 
 2.74500e+02  2.16295e+00 
 2.75000e+02  2.14939e+00 
 2.75500e+02  2.13557e+00 
 2.76000e+02  2.12149e+00 
 2.76500e+02  2.10715e+00 
 2.77000e+02  2.09254e+00 
 2.77500e+02  2.07768e+00 
 2.78000e+02  2.06255e+00 
 2.78500e+02  2.04716e+00 
 2.79000e+02  2.03152e+00 
 2.79500e+02  2.01562e+00 
 2.80000e+02  1.99947e+00 
 2.80500e+02  1.98307e+00 
 2.81000e+02  1.96642e+00 
 2.81500e+02  1.94952e+00 
 2.82000e+02  1.93237e+00 
 2.82500e+02  1.91497e+00 
 2.83000e+02  1.89731e+00 
 2.83500e+02  1.87941e+00 
 2.84000e+02  1.86126e+00 
 2.84500e+02  1.84286e+00 
 2.85000e+02  1.82421e+00 
 2.85500e+02  1.80533e+00 
 2.86000e+02  1.78619e+00 
 2.86500e+02  1.76682e+00 
 2.87000e+02  1.74721e+00 
 2.87500e+02  1.72735e+00 
 2.88000e+02  1.70726e+00 
 2.88500e+02  1.68693e+00 
 2.89000e+02  1.66638e+00 
 2.89500e+02  1.64558e+00 
 2.90000e+02  1.62455e+00 
 2.90500e+02  1.60329e+00 
 2.91000e+02  1.58179e+00 
 2.91500e+02  1.56006e+00 
 2.92000e+02  1.53810e+00 
 2.92500e+02  1.51592e+00 
 2.93000e+02  1.49350e+00 
 2.93500e+02  1.47087e+00 
 2.94000e+02  1.44801e+00 
 2.94500e+02  1.42494e+00 
 2.95000e+02  1.40165e+00 
 2.95500e+02  1.37814e+00 
 2.96000e+02  1.35442e+00 
 2.96500e+02  1.33049e+00 
 2.97000e+02  1.30634e+00 
 2.97500e+02  1.28199e+00 
 2.98000e+02  1.25744e+00 
 2.98500e+02  1.23268e+00 
 2.99000e+02  1.20771e+00 
 2.99500e+02  1.18255e+00 
 3.00000e+02  1.15718e+00 
 3.00500e+02  1.13163e+00 
 3.01000e+02  1.10588e+00 
 3.01500e+02  1.07993e+00 
 3.02000e+02  1.05380e+00 
 3.02500e+02  1.02747e+00 
 3.03000e+02  1.00096e+00 
 3.03500e+02  9.74252e-01 
 3.04000e+02  9.47362e-01 
 3.04500e+02  9.20287e-01 
 3.05000e+02  8.93030e-01 
 3.05500e+02  8.65590e-01 
 3.06000e+02  8.37971e-01 
 3.06500e+02  8.10175e-01 
 3.07000e+02  7.82205e-01 
 3.07500e+02  7.54061e-01 
 3.08000e+02  7.25747e-01 
 3.08500e+02  6.97262e-01 
 3.09000e+02  6.68607e-01 
 3.09500e+02  6.39782e-01 
 3.10000e+02  6.10789e-01 
 3.10500e+02  5.81628e-01 
 3.11000e+02  5.52301e-01 
 3.11500e+02  5.22811e-01 
 3.12000e+02  4.93159e-01 
 3.12500e+02  4.63348e-01 
 3.13000e+02  4.33378e-01 
 3.13500e+02  4.03253e-01 
 3.14000e+02  3.72975e-01 
 3.14500e+02  3.42546e-01 
 3.15000e+02  3.11970e-01 
 3.15500e+02  2.81248e-01 
 3.16000e+02  2.50385e-01 
 3.16500e+02  2.19382e-01 
 3.17000e+02  1.88243e-01 
 3.17500e+02  1.56973e-01 
 3.18000e+02  1.25577e-01 
 3.18500e+02  9.40632e-02 
 3.19000e+02  6.24407e-02 
 3.19500e+02  3.07251e-02 
