 0.00000e+00  4.54160e-05 
 5.00000e-01  4.69360e-05 
 1.00000e+00  5.18840e-05 
 1.50000e+00  5.65216e-05 
 2.00000e+00  6.06632e-05 
 2.50000e+00  6.56400e-05 
 3.00000e+00  7.03936e-05 
 3.50000e+00  7.49200e-05 
 4.00000e+00  7.99496e-05 
 4.50000e+00  8.42536e-05 
 5.00000e+00  9.08264e-05 
 5.50000e+00  9.77816e-05 
 6.00000e+00  1.02573e-04 
 6.50000e+00  1.09269e-04 
 7.00000e+00  1.14546e-04 
 7.50000e+00  1.22088e-04 
 8.00000e+00  1.28578e-04 
 8.50000e+00  1.35499e-04 
 9.00000e+00  1.42248e-04 
 9.50000e+00  1.49590e-04 
 1.00000e+01  1.57417e-04 
 1.05000e+01  1.65826e-04 
 1.10000e+01  1.75175e-04 
 1.15000e+01  1.83908e-04 
 1.20000e+01  1.91826e-04 
 1.25000e+01  2.00156e-04 
 1.30000e+01  2.09418e-04 
 1.35000e+01  2.19802e-04 
 1.40000e+01  2.28562e-04 
 1.45000e+01  2.39438e-04 
 1.50000e+01  2.49935e-04 
 1.55000e+01  2.61143e-04 
 1.60000e+01  2.71586e-04 
 1.65000e+01  2.85229e-04 
 1.70000e+01  2.96879e-04 
 1.75000e+01  3.10386e-04 
 1.80000e+01  3.23607e-04 
 1.85000e+01  3.39160e-04 
 1.90000e+01  3.53430e-04 
 1.95000e+01  3.68214e-04 
 2.00000e+01  3.85272e-04 
 2.05000e+01  4.03842e-04 
 2.10000e+01  4.21979e-04 
 2.15000e+01  4.41762e-04 
 2.20000e+01  4.63389e-04 
 2.25000e+01  4.82327e-04 
 2.30000e+01  5.03282e-04 
 2.35000e+01  5.24826e-04 
 2.40000e+01  5.46267e-04 
 2.45000e+01  5.68098e-04 
 2.50000e+01  5.91094e-04 
 2.55000e+01  6.15058e-04 
 2.60000e+01  6.38044e-04 
 2.65000e+01  6.63827e-04 
 2.70000e+01  6.88464e-04 
 2.75000e+01  7.17292e-04 
 2.80000e+01  7.43116e-04 
 2.85000e+01  7.65903e-04 
 2.90000e+01  7.95250e-04 
 2.95000e+01  8.29958e-04 
 3.00000e+01  8.58125e-04 
 3.05000e+01  8.93798e-04 
 3.10000e+01  9.24410e-04 
 3.15000e+01  9.58127e-04 
 3.20000e+01  9.92390e-04 
 3.25000e+01  1.03026e-03 
 3.30000e+01  1.06536e-03 
 3.35000e+01  1.10742e-03 
 3.40000e+01  1.14789e-03 
 3.45000e+01  1.19323e-03 
 3.50000e+01  1.23820e-03 
 3.55000e+01  1.28854e-03 
 3.60000e+01  1.34114e-03 
 3.65000e+01  1.39388e-03 
 3.70000e+01  1.45068e-03 
 3.75000e+01  1.51112e-03 
 3.80000e+01  1.57779e-03 
 3.85000e+01  1.64662e-03 
 3.90000e+01  1.71772e-03 
 3.95000e+01  1.80001e-03 
 4.00000e+01  1.88362e-03 
 4.05000e+01  1.96674e-03 
 4.10000e+01  2.06934e-03 
 4.15000e+01  2.17920e-03 
 4.20000e+01  2.29199e-03 
 4.25000e+01  2.41529e-03 
 4.30000e+01  2.55085e-03 
 4.35000e+01  2.68414e-03 
 4.40000e+01  2.83531e-03 
 4.45000e+01  2.99103e-03 
 4.50000e+01  3.17138e-03 
 4.55000e+01  3.34784e-03 
 4.60000e+01  3.54612e-03 
 4.65000e+01  3.75322e-03 
 4.70000e+01  3.97670e-03 
 4.75000e+01  4.22746e-03 
 4.80000e+01  4.48091e-03 
 4.85000e+01  4.76747e-03 
 4.90000e+01  5.05850e-03 
 4.95000e+01  5.36535e-03 
 5.00000e+01  5.68139e-03 
 5.05000e+01  6.01369e-03 
 5.10000e+01  6.35528e-03 
 5.15000e+01  6.69474e-03 
 5.20000e+01  7.04078e-03 
 5.25000e+01  7.39515e-03 
 5.30000e+01  7.73508e-03 
 5.35000e+01  8.06300e-03 
 5.40000e+01  8.39764e-03 
 5.45000e+01  8.72704e-03 
 5.50000e+01  9.03509e-03 
 5.55000e+01  9.36509e-03 
 5.60000e+01  9.67664e-03 
 5.65000e+01  9.97497e-03 
 5.70000e+01  1.02584e-02 
 5.75000e+01  1.05527e-02 
 5.80000e+01  1.08379e-02 
 5.85000e+01  1.11058e-02 
 5.90000e+01  1.13755e-02 
 5.95000e+01  1.16336e-02 
 6.00000e+01  1.18801e-02 
 6.05000e+01  1.21128e-02 
 6.10000e+01  1.23325e-02 
 6.15000e+01  1.25352e-02 
 6.20000e+01  1.27309e-02 
 6.25000e+01  1.29153e-02 
 6.30000e+01  1.31053e-02 
 6.35000e+01  1.32823e-02 
 6.40000e+01  1.34330e-02 
 6.45000e+01  1.35806e-02 
 6.50000e+01  1.37356e-02 
 6.55000e+01  1.39003e-02 
 6.60000e+01  1.40585e-02 
 6.65000e+01  1.42202e-02 
 6.70000e+01  1.43485e-02 
 6.75000e+01  1.44850e-02 
 6.80000e+01  1.45946e-02 
 6.85000e+01  1.47140e-02 
 6.90000e+01  1.48440e-02 
 6.95000e+01  1.49641e-02 
 7.00000e+01  1.51056e-02 
 7.05000e+01  1.52439e-02 
 7.10000e+01  1.53816e-02 
 7.15000e+01  1.54859e-02 
 7.20000e+01  1.55925e-02 
 7.25000e+01  1.57079e-02 
 7.30000e+01  1.58336e-02 
 7.35000e+01  1.59277e-02 
 7.40000e+01  1.60150e-02 
 7.45000e+01  1.60914e-02 
 7.50000e+01  1.62177e-02 
 7.55000e+01  1.63224e-02 
 7.60000e+01  1.64443e-02 
 7.65000e+01  1.65703e-02 
 7.70000e+01  1.66399e-02 
 7.75000e+01  1.67100e-02 
 7.80000e+01  1.67991e-02 
 7.85000e+01  1.68669e-02 
 7.90000e+01  1.69577e-02 
 7.95000e+01  1.70677e-02 
 8.00000e+01  1.71527e-02 
 8.05000e+01  1.72588e-02 
 8.10000e+01  1.73451e-02 
 8.15000e+01  1.74484e-02 
 8.20000e+01  1.75218e-02 
 8.25000e+01  1.75802e-02 
 8.30000e+01  1.76469e-02 
 8.35000e+01  1.77175e-02 
 8.40000e+01  1.78239e-02 
 8.45000e+01  1.79122e-02 
 8.50000e+01  1.80091e-02 
 8.55000e+01  1.80825e-02 
 8.60000e+01  1.81294e-02 
 8.65000e+01  1.81987e-02 
 8.70000e+01  1.82672e-02 
 8.75000e+01  1.83662e-02 
 8.80000e+01  1.84334e-02 
 8.85000e+01  1.85084e-02 
 8.90000e+01  1.85708e-02 
 8.95000e+01  1.86534e-02 
 9.00000e+01  1.87082e-02 
 9.05000e+01  1.87657e-02 
 9.10000e+01  1.88409e-02 
 9.15000e+01  1.88747e-02 
 9.20000e+01  1.89367e-02 
 9.25000e+01  1.90130e-02 
 9.30000e+01  1.90842e-02 
 9.35000e+01  1.91456e-02 
 9.40000e+01  1.91939e-02 
 9.45000e+01  1.92576e-02 
 9.50000e+01  1.93052e-02 
 9.55000e+01  1.93670e-02 
 9.60000e+01  1.93888e-02 
 9.65000e+01  1.94299e-02 
 9.70000e+01  1.94849e-02 
 9.75000e+01  1.95497e-02 
 9.80000e+01  1.95919e-02 
 9.85000e+01  1.96277e-02 
 9.90000e+01  1.97003e-02 
 9.95000e+01  1.97406e-02 
 1.00000e+02  1.97984e-02 
 1.00500e+02  1.98748e-02 
 1.01000e+02  1.99343e-02 
 1.01500e+02  1.99696e-02 
 1.02000e+02  2.00204e-02 
 1.02500e+02  2.00563e-02 
 1.03000e+02  2.01006e-02 
 1.03500e+02  2.01330e-02 
 1.04000e+02  2.01938e-02 
 1.04500e+02  2.02473e-02 
 1.05000e+02  2.03123e-02 
 1.05500e+02  2.03503e-02 
 1.06000e+02  2.03969e-02 
 1.06500e+02  2.04209e-02 
 1.07000e+02  2.04625e-02 
 1.07500e+02  2.05451e-02 
 1.08000e+02  2.06032e-02 
 1.08500e+02  2.06195e-02 
 1.09000e+02  2.06479e-02 
 1.09500e+02  2.06771e-02 
 1.10000e+02  2.07379e-02 
 1.10500e+02  2.07498e-02 
 1.11000e+02  2.07865e-02 
 1.11500e+02  2.08140e-02 
 1.12000e+02  2.08484e-02 
 1.12500e+02  2.08743e-02 
 1.13000e+02  2.08907e-02 
 1.13500e+02  2.09039e-02 
 1.14000e+02  2.09324e-02 
 1.14500e+02  2.09474e-02 
 1.15000e+02  2.09723e-02 
 1.15500e+02  2.09847e-02 
 1.16000e+02  2.10281e-02 
 1.16500e+02  2.10587e-02 
 1.17000e+02  2.10919e-02 
 1.17500e+02  2.10976e-02 
 1.18000e+02  2.11408e-02 
 1.18500e+02  2.11765e-02 
 1.19000e+02  2.12018e-02 
 1.19500e+02  2.12188e-02 
 1.20000e+02  2.12658e-02 
 1.20500e+02  2.12722e-02 
 1.21000e+02  2.12876e-02 
 1.21500e+02  2.13275e-02 
 1.22000e+02  2.13498e-02 
 1.22500e+02  2.13841e-02 
 1.23000e+02  2.13925e-02 
 1.23500e+02  2.14280e-02 
 1.24000e+02  2.14540e-02 
 1.24500e+02  2.14537e-02 
 1.25000e+02  2.14533e-02 
 1.25500e+02  2.14542e-02 
 1.26000e+02  2.14754e-02 
 1.26500e+02  2.15044e-02 
 1.27000e+02  2.15228e-02 
 1.27500e+02  2.15012e-02 
 1.28000e+02  2.15287e-02 
 1.28500e+02  2.15286e-02 
 1.29000e+02  2.15506e-02 
 1.29500e+02  2.15494e-02 
 1.30000e+02  2.15643e-02 
 1.30500e+02  2.15862e-02 
 1.31000e+02  2.15791e-02 
 1.31500e+02  2.15701e-02 
 1.32000e+02  2.15884e-02 
 1.32500e+02  2.16228e-02 
 1.33000e+02  2.16249e-02 
 1.33500e+02  2.16252e-02 
 1.34000e+02  2.16320e-02 
 1.34500e+02  2.16303e-02 
 1.35000e+02  2.16603e-02 
 1.35500e+02  2.16729e-02 
 1.36000e+02  2.16888e-02 
 1.36500e+02  2.17064e-02 
 1.37000e+02  2.17141e-02 
 1.37500e+02  2.17272e-02 
 1.38000e+02  2.17282e-02 
 1.38500e+02  2.17499e-02 
 1.39000e+02  2.17399e-02 
 1.39500e+02  2.17375e-02 
 1.40000e+02  2.17640e-02 
 1.40500e+02  2.17637e-02 
 1.41000e+02  2.17732e-02 
 1.41500e+02  2.17655e-02 
 1.42000e+02  2.17642e-02 
 1.42500e+02  2.17773e-02 
 1.43000e+02  2.17805e-02 
 1.43500e+02  2.17938e-02 
 1.44000e+02  2.17816e-02 
 1.44500e+02  2.17671e-02 
 1.45000e+02  2.17676e-02 
 1.45500e+02  2.17800e-02 
 1.46000e+02  2.17969e-02 
 1.46500e+02  2.17803e-02 
 1.47000e+02  2.17878e-02 
 1.47500e+02  2.18137e-02 
 1.48000e+02  2.18375e-02 
 1.48500e+02  2.18503e-02 
 1.49000e+02  2.18568e-02 
 1.49500e+02  2.18578e-02 
 1.50000e+02  2.18645e-02 
 1.50500e+02  2.18700e-02 
 1.51000e+02  2.18412e-02 
 1.51500e+02  2.18389e-02 
 1.52000e+02  2.18518e-02 
 1.52500e+02  2.18541e-02 
 1.53000e+02  2.18707e-02 
 1.53500e+02  2.18792e-02 
 1.54000e+02  2.18934e-02 
 1.54500e+02  2.18859e-02 
 1.55000e+02  2.18947e-02 
 1.55500e+02  2.18987e-02 
 1.56000e+02  2.18769e-02 
 1.56500e+02  2.18969e-02 
 1.57000e+02  2.18924e-02 
 1.57500e+02  2.18935e-02 
 1.58000e+02  2.18850e-02 
 1.58500e+02  2.18763e-02 
 1.59000e+02  2.18656e-02 
 1.59500e+02  2.18745e-02 
 1.60000e+02  2.18618e-02 
 1.60500e+02  2.18825e-02 
 1.61000e+02  2.18849e-02 
 1.61500e+02  2.19007e-02 
 1.62000e+02  2.19040e-02 
 1.62500e+02  2.18924e-02 
 1.63000e+02  2.18868e-02 
 1.63500e+02  2.18930e-02 
 1.64000e+02  2.18668e-02 
 1.64500e+02  2.18751e-02 
 1.65000e+02  2.18876e-02 
 1.65500e+02  2.18969e-02 
 1.66000e+02  2.18886e-02 
 1.66500e+02  2.18994e-02 
 1.67000e+02  2.18841e-02 
 1.67500e+02  2.18856e-02 
 1.68000e+02  2.18760e-02 
 1.68500e+02  2.18790e-02 
 1.69000e+02  2.18692e-02 
 1.69500e+02  2.18725e-02 
 1.70000e+02  2.18605e-02 
 1.70500e+02  2.18854e-02 
 1.71000e+02  2.18772e-02 
 1.71500e+02  2.18650e-02 
 1.72000e+02  2.18563e-02 
 1.72500e+02  2.18566e-02 
 1.73000e+02  2.18614e-02 
 1.73500e+02  2.18446e-02 
 1.74000e+02  2.18263e-02 
 1.74500e+02  2.18192e-02 
 1.75000e+02  2.18020e-02 
 1.75500e+02  2.18037e-02 
 1.76000e+02  2.17925e-02 
 1.76500e+02  2.18014e-02 
 1.77000e+02  2.17929e-02 
 1.77500e+02  2.17939e-02 
 1.78000e+02  2.17826e-02 
 1.78500e+02  2.17770e-02 
 1.79000e+02  2.17663e-02 
 1.79500e+02  2.17670e-02 
 1.80000e+02  2.17666e-02 
 1.80500e+02  2.17406e-02 
 1.81000e+02  2.17339e-02 
 1.81500e+02  2.17313e-02 
 1.82000e+02  2.17153e-02 
 1.82500e+02  2.17131e-02 
 1.83000e+02  2.17277e-02 
 1.83500e+02  2.17182e-02 
 1.84000e+02  2.17263e-02 
 1.84500e+02  2.17234e-02 
 1.85000e+02  2.17143e-02 
 1.85500e+02  2.17091e-02 
 1.86000e+02  2.17114e-02 
 1.86500e+02  2.16715e-02 
 1.87000e+02  2.16654e-02 
 1.87500e+02  2.16670e-02 
 1.88000e+02  2.16704e-02 
 1.88500e+02  2.16352e-02 
 1.89000e+02  2.16360e-02 
 1.89500e+02  2.16368e-02 
 1.90000e+02  2.16141e-02 
 1.90500e+02  2.15952e-02 
 1.91000e+02  2.16025e-02 
 1.91500e+02  2.15801e-02 
 1.92000e+02  2.15636e-02 
 1.92500e+02  2.15465e-02 
 1.93000e+02  2.15377e-02 
 1.93500e+02  2.15217e-02 
 1.94000e+02  2.14934e-02 
 1.94500e+02  2.14971e-02 
 1.95000e+02  2.14731e-02 
 1.95500e+02  2.14393e-02 
 1.96000e+02  2.14140e-02 
 1.96500e+02  2.14050e-02 
 1.97000e+02  2.13868e-02 
 1.97500e+02  2.13837e-02 
 1.98000e+02  2.13755e-02 
 1.98500e+02  2.13592e-02 
 1.99000e+02  2.13499e-02 
 1.99500e+02  2.13080e-02 
 2.00000e+02  2.12725e-02 
 2.00500e+02  2.12428e-02 
 2.01000e+02  2.12280e-02 
 2.01500e+02  2.11959e-02 
 2.02000e+02  2.11555e-02 
 2.02500e+02  2.11450e-02 
 2.03000e+02  2.11404e-02 
 2.03500e+02  2.11204e-02 
 2.04000e+02  2.10953e-02 
 2.04500e+02  2.10684e-02 
 2.05000e+02  2.10353e-02 
 2.05500e+02  2.10151e-02 
 2.06000e+02  2.09569e-02 
 2.06500e+02  2.09188e-02 
 2.07000e+02  2.08795e-02 
 2.07500e+02  2.08549e-02 
 2.08000e+02  2.08188e-02 
 2.08500e+02  2.08049e-02 
 2.09000e+02  2.07745e-02 
 2.09500e+02  2.07532e-02 
 2.10000e+02  2.07280e-02 
 2.10500e+02  2.06751e-02 
 2.11000e+02  2.06469e-02 
 2.11500e+02  2.06143e-02 
 2.12000e+02  2.05881e-02 
 2.12500e+02  2.05761e-02 
 2.13000e+02  2.05375e-02 
 2.13500e+02  2.04863e-02 
 2.14000e+02  2.04576e-02 
 2.14500e+02  2.04213e-02 
 2.15000e+02  2.03945e-02 
 2.15500e+02  2.03300e-02 
 2.16000e+02  2.02908e-02 
 2.16500e+02  2.02423e-02 
 2.17000e+02  2.01985e-02 
 2.17500e+02  2.01807e-02 
 2.18000e+02  2.01434e-02 
 2.18500e+02  2.00880e-02 
 2.19000e+02  2.00318e-02 
 2.19500e+02  1.99549e-02 
 2.20000e+02  1.99025e-02 
 2.20500e+02  1.98506e-02 
 2.21000e+02  1.97778e-02 
 2.21500e+02  1.97402e-02 
 2.22000e+02  1.96785e-02 
 2.22500e+02  1.96084e-02 
 2.23000e+02  1.95558e-02 
 2.23500e+02  1.95080e-02 
 2.24000e+02  1.94859e-02 
 2.24500e+02  1.94436e-02 
 2.25000e+02  1.93899e-02 
 2.25500e+02  1.92975e-02 
 2.26000e+02  1.92338e-02 
 2.26500e+02  1.91290e-02 
 2.27000e+02  1.90277e-02 
 2.27500e+02  1.89641e-02 
 2.28000e+02  1.89035e-02 
 2.28500e+02  1.88237e-02 
 2.29000e+02  1.87701e-02 
 2.29500e+02  1.87155e-02 
 2.30000e+02  1.86498e-02 
 2.30500e+02  1.85733e-02 
 2.31000e+02  1.85025e-02 
 2.31500e+02  1.84244e-02 
 2.32000e+02  1.83454e-02 
 2.32500e+02  1.82794e-02 
 2.33000e+02  1.82011e-02 
 2.33500e+02  1.81206e-02 
 2.34000e+02  1.80465e-02 
 2.34500e+02  1.79682e-02 
 2.35000e+02  1.78701e-02 
 2.35500e+02  1.77826e-02 
 2.36000e+02  1.77100e-02 
 2.36500e+02  1.76481e-02 
 2.37000e+02  1.75871e-02 
 2.37500e+02  1.75086e-02 
 2.38000e+02  1.74261e-02 
 2.38500e+02  1.73368e-02 
 2.39000e+02  1.72581e-02 
 2.39500e+02  1.71780e-02 
 2.40000e+02  1.70994e-02 
 2.40500e+02  1.70094e-02 
 2.41000e+02  1.69097e-02 
 2.41500e+02  1.68117e-02 
 2.42000e+02  1.67002e-02 
 2.42500e+02  1.65871e-02 
 2.43000e+02  1.64922e-02 
 2.43500e+02  1.63972e-02 
 2.44000e+02  1.62972e-02 
 2.44500e+02  1.61798e-02 
 2.45000e+02  1.60790e-02 
 2.45500e+02  1.59820e-02 
 2.46000e+02  1.58686e-02 
 2.46500e+02  1.57470e-02 
 2.47000e+02  1.56036e-02 
 2.47500e+02  1.54699e-02 
 2.48000e+02  1.53419e-02 
 2.48500e+02  1.52032e-02 
 2.49000e+02  1.50859e-02 
 2.49500e+02  1.49465e-02 
 2.50000e+02  1.48146e-02 
 2.50500e+02  1.46940e-02 
 2.51000e+02  1.45348e-02 
 2.51500e+02  1.44049e-02 
 2.52000e+02  1.42913e-02 
 2.52500e+02  1.41488e-02 
 2.53000e+02  1.39934e-02 
 2.53500e+02  1.38397e-02 
 2.54000e+02  1.37057e-02 
 2.54500e+02  1.35450e-02 
 2.55000e+02  1.34097e-02 
 2.55500e+02  1.32418e-02 
 2.56000e+02  1.30729e-02 
 2.56500e+02  1.28911e-02 
 2.57000e+02  1.26910e-02 
 2.57500e+02  1.24860e-02 
 2.58000e+02  1.22730e-02 
 2.58500e+02  1.20722e-02 
 2.59000e+02  1.18658e-02 
 2.59500e+02  1.16467e-02 
 2.60000e+02  1.14364e-02 
 2.60500e+02  1.12105e-02 
 2.61000e+02  1.09684e-02 
 2.61500e+02  1.07071e-02 
 2.62000e+02  1.04511e-02 
 2.62500e+02  1.01636e-02 
 2.63000e+02  9.89200e-03 
 2.63500e+02  9.59587e-03 
 2.64000e+02  9.28638e-03 
 2.64500e+02  8.98442e-03 
 2.65000e+02  8.65634e-03 
 2.65500e+02  8.32798e-03 
 2.66000e+02  7.99202e-03 
 2.66500e+02  7.66091e-03 
 2.67000e+02  7.32171e-03 
 2.67500e+02  6.97190e-03 
 2.68000e+02  6.63587e-03 
 2.68500e+02  6.28786e-03 
 2.69000e+02  5.95526e-03 
 2.69500e+02  5.62367e-03 
 2.70000e+02  5.30117e-03 
 2.70500e+02  5.00826e-03 
 2.71000e+02  4.71134e-03 
 2.71500e+02  4.44126e-03 
 2.72000e+02  4.18114e-03 
 2.72500e+02  3.93480e-03 
 2.73000e+02  3.70796e-03 
 2.73500e+02  3.49588e-03 
 2.74000e+02  3.30254e-03 
 2.74500e+02  3.12671e-03 
 2.75000e+02  2.95990e-03 
 2.75500e+02  2.80481e-03 
 2.76000e+02  2.64537e-03 
 2.76500e+02  2.50791e-03 
 2.77000e+02  2.37639e-03 
 2.77500e+02  2.25964e-03 
 2.78000e+02  2.15285e-03 
 2.78500e+02  2.04775e-03 
 2.79000e+02  1.95183e-03 
 2.79500e+02  1.86520e-03 
 2.80000e+02  1.78075e-03 
 2.80500e+02  1.70175e-03 
 2.81000e+02  1.62803e-03 
 2.81500e+02  1.55472e-03 
 2.82000e+02  1.48834e-03 
 2.82500e+02  1.43091e-03 
 2.83000e+02  1.37414e-03 
 2.83500e+02  1.32272e-03 
 2.84000e+02  1.27428e-03 
 2.84500e+02  1.22686e-03 
 2.85000e+02  1.17993e-03 
 2.85500e+02  1.13543e-03 
 2.86000e+02  1.09730e-03 
 2.86500e+02  1.05756e-03 
 2.87000e+02  1.01744e-03 
 2.87500e+02  9.81929e-04 
 2.88000e+02  9.46286e-04 
 2.88500e+02  9.20151e-04 
 2.89000e+02  8.85347e-04 
 2.89500e+02  8.54439e-04 
 2.90000e+02  8.24254e-04 
 2.90500e+02  7.95693e-04 
 2.91000e+02  7.66305e-04 
 2.91500e+02  7.39697e-04 
 2.92000e+02  7.13127e-04 
 2.92500e+02  6.91654e-04 
 2.93000e+02  6.64815e-04 
 2.93500e+02  6.40114e-04 
 2.94000e+02  6.16351e-04 
 2.94500e+02  5.94138e-04 
 2.95000e+02  5.71121e-04 
 2.95500e+02  5.48394e-04 
 2.96000e+02  5.26494e-04 
 2.96500e+02  5.05674e-04 
 2.97000e+02  4.83950e-04 
 2.97500e+02  4.62480e-04 
 2.98000e+02  4.44060e-04 
 2.98500e+02  4.24890e-04 
 2.99000e+02  4.06536e-04 
 2.99500e+02  3.86895e-04 
 3.00000e+02  3.70215e-04 
 3.00500e+02  3.51250e-04 
 3.01000e+02  3.37126e-04 
 3.01500e+02  3.20986e-04 
 3.02000e+02  3.10295e-04 
 3.02500e+02  2.95866e-04 
 3.03000e+02  2.82438e-04 
 3.03500e+02  2.71776e-04 
 3.04000e+02  2.60083e-04 
 3.04500e+02  2.50194e-04 
 3.05000e+02  2.39662e-04 
 3.05500e+02  2.29126e-04 
 3.06000e+02  2.19973e-04 
 3.06500e+02  2.10553e-04 
 3.07000e+02  2.01438e-04 
 3.07500e+02  1.91978e-04 
 3.08000e+02  1.83136e-04 
 3.08500e+02  1.76581e-04 
 3.09000e+02  1.68194e-04 
 3.09500e+02  1.60025e-04 
 3.10000e+02  1.50996e-04 
 3.10500e+02  1.43902e-04 
 3.11000e+02  1.35667e-04 
 3.11500e+02  1.28110e-04 
 3.12000e+02  1.20934e-04 
 3.12500e+02  1.14082e-04 
 3.13000e+02  1.07817e-04 
 3.13500e+02  1.01675e-04 
 3.14000e+02  9.56560e-05 
 3.14500e+02  8.96400e-05 
 3.15000e+02  8.42664e-05 
 3.15500e+02  7.91008e-05 
 3.16000e+02  7.38672e-05 
 3.16500e+02  7.00024e-05 
 3.17000e+02  6.52536e-05 
 3.17500e+02  6.07248e-05 
 3.18000e+02  5.70568e-05 
 3.18500e+02  5.21184e-05 
 3.19000e+02  4.79688e-05 
 3.19500e+02  4.53656e-05 
