 0.00000e+00  4.60806e-05 
 5.00000e-01  4.84534e-05 
 1.00000e+00  5.37942e-05 
 1.50000e+00  5.85630e-05 
 2.00000e+00  6.27038e-05 
 2.50000e+00  6.69109e-05 
 3.00000e+00  7.14925e-05 
 3.50000e+00  7.73989e-05 
 4.00000e+00  8.17925e-05 
 4.50000e+00  8.67733e-05 
 5.00000e+00  9.17885e-05 
 5.50000e+00  9.74892e-05 
 6.00000e+00  1.04072e-04 
 6.50000e+00  1.10391e-04 
 7.00000e+00  1.16507e-04 
 7.50000e+00  1.24028e-04 
 8.00000e+00  1.30243e-04 
 8.50000e+00  1.37749e-04 
 9.00000e+00  1.44677e-04 
 9.50000e+00  1.51727e-04 
 1.00000e+01  1.60633e-04 
 1.05000e+01  1.68591e-04 
 1.10000e+01  1.74794e-04 
 1.15000e+01  1.83663e-04 
 1.20000e+01  1.91266e-04 
 1.25000e+01  2.00466e-04 
 1.30000e+01  2.10140e-04 
 1.35000e+01  2.20270e-04 
 1.40000e+01  2.30207e-04 
 1.45000e+01  2.38921e-04 
 1.50000e+01  2.49679e-04 
 1.55000e+01  2.60836e-04 
 1.60000e+01  2.72382e-04 
 1.65000e+01  2.83815e-04 
 1.70000e+01  2.94400e-04 
 1.75000e+01  3.08364e-04 
 1.80000e+01  3.20341e-04 
 1.85000e+01  3.34148e-04 
 1.90000e+01  3.50403e-04 
 1.95000e+01  3.67129e-04 
 2.00000e+01  3.84081e-04 
 2.05000e+01  4.02435e-04 
 2.10000e+01  4.20435e-04 
 2.15000e+01  4.41378e-04 
 2.20000e+01  4.61049e-04 
 2.25000e+01  4.82533e-04 
 2.30000e+01  5.02228e-04 
 2.35000e+01  5.24955e-04 
 2.40000e+01  5.48072e-04 
 2.45000e+01  5.69310e-04 
 2.50000e+01  5.92447e-04 
 2.55000e+01  6.17190e-04 
 2.60000e+01  6.40766e-04 
 2.65000e+01  6.62610e-04 
 2.70000e+01  6.90297e-04 
 2.75000e+01  7.17363e-04 
 2.80000e+01  7.43611e-04 
 2.85000e+01  7.70647e-04 
 2.90000e+01  7.98309e-04 
 2.95000e+01  8.27236e-04 
 3.00000e+01  8.58878e-04 
 3.05000e+01  8.90408e-04 
 3.10000e+01  9.20292e-04 
 3.15000e+01  9.56700e-04 
 3.20000e+01  9.92427e-04 
 3.25000e+01  1.02918e-03 
 3.30000e+01  1.06685e-03 
 3.35000e+01  1.11160e-03 
 3.40000e+01  1.15091e-03 
 3.45000e+01  1.19676e-03 
 3.50000e+01  1.24087e-03 
 3.55000e+01  1.29711e-03 
 3.60000e+01  1.34572e-03 
 3.65000e+01  1.39757e-03 
 3.70000e+01  1.45752e-03 
 3.75000e+01  1.51825e-03 
 3.80000e+01  1.58442e-03 
 3.85000e+01  1.64930e-03 
 3.90000e+01  1.72462e-03 
 3.95000e+01  1.80276e-03 
 4.00000e+01  1.88822e-03 
 4.05000e+01  1.98309e-03 
 4.10000e+01  2.08156e-03 
 4.15000e+01  2.18572e-03 
 4.20000e+01  2.30115e-03 
 4.25000e+01  2.42011e-03 
 4.30000e+01  2.55562e-03 
 4.35000e+01  2.69672e-03 
 4.40000e+01  2.85203e-03 
 4.45000e+01  3.00382e-03 
 4.50000e+01  3.17767e-03 
 4.55000e+01  3.35961e-03 
 4.60000e+01  3.55772e-03 
 4.65000e+01  3.77393e-03 
 4.70000e+01  3.99517e-03 
 4.75000e+01  4.24602e-03 
 4.80000e+01  4.51037e-03 
 4.85000e+01  4.79595e-03 
 4.90000e+01  5.09666e-03 
 4.95000e+01  5.40461e-03 
 5.00000e+01  5.72913e-03 
 5.05000e+01  6.07646e-03 
 5.10000e+01  6.43433e-03 
 5.15000e+01  6.80391e-03 
 5.20000e+01  7.18365e-03 
 5.25000e+01  7.54961e-03 
 5.30000e+01  7.91805e-03 
 5.35000e+01  8.27692e-03 
 5.40000e+01  8.62358e-03 
 5.45000e+01  8.97629e-03 
 5.50000e+01  9.31467e-03 
 5.55000e+01  9.63591e-03 
 5.60000e+01  9.93629e-03 
 5.65000e+01  1.02324e-02 
 5.70000e+01  1.04935e-02 
 5.75000e+01  1.07769e-02 
 5.80000e+01  1.10635e-02 
 5.85000e+01  1.13132e-02 
 5.90000e+01  1.15555e-02 
 5.95000e+01  1.17816e-02 
 6.00000e+01  1.20171e-02 
 6.05000e+01  1.22339e-02 
 6.10000e+01  1.24431e-02 
 6.15000e+01  1.26413e-02 
 6.20000e+01  1.28446e-02 
 6.25000e+01  1.30253e-02 
 6.30000e+01  1.32126e-02 
 6.35000e+01  1.33951e-02 
 6.40000e+01  1.35497e-02 
 6.45000e+01  1.37045e-02 
 6.50000e+01  1.38475e-02 
 6.55000e+01  1.39763e-02 
 6.60000e+01  1.41024e-02 
 6.65000e+01  1.42410e-02 
 6.70000e+01  1.43717e-02 
 6.75000e+01  1.45064e-02 
 6.80000e+01  1.46513e-02 
 6.85000e+01  1.47974e-02 
 6.90000e+01  1.49375e-02 
 6.95000e+01  1.50804e-02 
 7.00000e+01  1.52216e-02 
 7.05000e+01  1.53435e-02 
 7.10000e+01  1.54652e-02 
 7.15000e+01  1.55615e-02 
 7.20000e+01  1.56748e-02 
 7.25000e+01  1.57685e-02 
 7.30000e+01  1.58685e-02 
 7.35000e+01  1.59782e-02 
 7.40000e+01  1.60748e-02 
 7.45000e+01  1.62055e-02 
 7.50000e+01  1.63314e-02 
 7.55000e+01  1.64614e-02 
 7.60000e+01  1.65527e-02 
 7.65000e+01  1.66714e-02 
 7.70000e+01  1.67712e-02 
 7.75000e+01  1.68840e-02 
 7.80000e+01  1.69647e-02 
 7.85000e+01  1.70463e-02 
 7.90000e+01  1.71188e-02 
 7.95000e+01  1.72138e-02 
 8.00000e+01  1.72996e-02 
 8.05000e+01  1.73860e-02 
 8.10000e+01  1.74831e-02 
 8.15000e+01  1.75732e-02 
 8.20000e+01  1.76284e-02 
 8.25000e+01  1.77119e-02 
 8.30000e+01  1.77734e-02 
 8.35000e+01  1.78618e-02 
 8.40000e+01  1.79216e-02 
 8.45000e+01  1.80246e-02 
 8.50000e+01  1.81220e-02 
 8.55000e+01  1.81950e-02 
 8.60000e+01  1.82718e-02 
 8.65000e+01  1.83210e-02 
 8.70000e+01  1.83901e-02 
 8.75000e+01  1.84936e-02 
 8.80000e+01  1.85921e-02 
 8.85000e+01  1.86711e-02 
 8.90000e+01  1.87781e-02 
 8.95000e+01  1.88419e-02 
 9.00000e+01  1.89208e-02 
 9.05000e+01  1.89960e-02 
 9.10000e+01  1.90491e-02 
 9.15000e+01  1.90997e-02 
 9.20000e+01  1.91506e-02 
 9.25000e+01  1.91995e-02 
 9.30000e+01  1.92401e-02 
 9.35000e+01  1.93084e-02 
 9.40000e+01  1.93608e-02 
 9.45000e+01  1.94129e-02 
 9.50000e+01  1.94739e-02 
 9.55000e+01  1.95318e-02 
 9.60000e+01  1.95832e-02 
 9.65000e+01  1.96081e-02 
 9.70000e+01  1.96658e-02 
 9.75000e+01  1.97244e-02 
 9.80000e+01  1.97841e-02 
 9.85000e+01  1.98367e-02 
 9.90000e+01  1.98837e-02 
 9.95000e+01  1.99717e-02 
 1.00000e+02  2.00086e-02 
 1.00500e+02  2.00662e-02 
 1.01000e+02  2.01407e-02 
 1.01500e+02  2.01855e-02 
 1.02000e+02  2.02180e-02 
 1.02500e+02  2.02581e-02 
 1.03000e+02  2.02866e-02 
 1.03500e+02  2.03418e-02 
 1.04000e+02  2.03709e-02 
 1.04500e+02  2.04097e-02 
 1.05000e+02  2.04531e-02 
 1.05500e+02  2.05108e-02 
 1.06000e+02  2.05703e-02 
 1.06500e+02  2.05926e-02 
 1.07000e+02  2.06229e-02 
 1.07500e+02  2.06627e-02 
 1.08000e+02  2.07091e-02 
 1.08500e+02  2.07151e-02 
 1.09000e+02  2.07252e-02 
 1.09500e+02  2.07752e-02 
 1.10000e+02  2.08232e-02 
 1.10500e+02  2.08836e-02 
 1.11000e+02  2.09250e-02 
 1.11500e+02  2.09555e-02 
 1.12000e+02  2.09923e-02 
 1.12500e+02  2.10266e-02 
 1.13000e+02  2.10371e-02 
 1.13500e+02  2.10658e-02 
 1.14000e+02  2.11076e-02 
 1.14500e+02  2.11386e-02 
 1.15000e+02  2.11537e-02 
 1.15500e+02  2.11924e-02 
 1.16000e+02  2.12076e-02 
 1.16500e+02  2.12228e-02 
 1.17000e+02  2.12654e-02 
 1.17500e+02  2.12859e-02 
 1.18000e+02  2.13219e-02 
 1.18500e+02  2.13639e-02 
 1.19000e+02  2.14205e-02 
 1.19500e+02  2.14536e-02 
 1.20000e+02  2.14834e-02 
 1.20500e+02  2.14838e-02 
 1.21000e+02  2.15176e-02 
 1.21500e+02  2.15302e-02 
 1.22000e+02  2.15530e-02 
 1.22500e+02  2.15593e-02 
 1.23000e+02  2.15937e-02 
 1.23500e+02  2.15892e-02 
 1.24000e+02  2.16201e-02 
 1.24500e+02  2.16453e-02 
 1.25000e+02  2.16433e-02 
 1.25500e+02  2.16480e-02 
 1.26000e+02  2.16816e-02 
 1.26500e+02  2.17137e-02 
 1.27000e+02  2.17339e-02 
 1.27500e+02  2.17385e-02 
 1.28000e+02  2.17277e-02 
 1.28500e+02  2.17675e-02 
 1.29000e+02  2.17817e-02 
 1.29500e+02  2.17980e-02 
 1.30000e+02  2.18233e-02 
 1.30500e+02  2.18284e-02 
 1.31000e+02  2.18428e-02 
 1.31500e+02  2.18513e-02 
 1.32000e+02  2.18798e-02 
 1.32500e+02  2.18942e-02 
 1.33000e+02  2.18980e-02 
 1.33500e+02  2.19030e-02 
 1.34000e+02  2.19266e-02 
 1.34500e+02  2.19266e-02 
 1.35000e+02  2.19230e-02 
 1.35500e+02  2.19284e-02 
 1.36000e+02  2.19368e-02 
 1.36500e+02  2.19370e-02 
 1.37000e+02  2.19398e-02 
 1.37500e+02  2.19480e-02 
 1.38000e+02  2.19824e-02 
 1.38500e+02  2.19832e-02 
 1.39000e+02  2.19830e-02 
 1.39500e+02  2.19924e-02 
 1.40000e+02  2.20159e-02 
 1.40500e+02  2.20159e-02 
 1.41000e+02  2.20161e-02 
 1.41500e+02  2.20130e-02 
 1.42000e+02  2.20292e-02 
 1.42500e+02  2.20445e-02 
 1.43000e+02  2.20452e-02 
 1.43500e+02  2.20313e-02 
 1.44000e+02  2.20614e-02 
 1.44500e+02  2.20706e-02 
 1.45000e+02  2.20649e-02 
 1.45500e+02  2.20804e-02 
 1.46000e+02  2.20872e-02 
 1.46500e+02  2.21025e-02 
 1.47000e+02  2.20908e-02 
 1.47500e+02  2.21154e-02 
 1.48000e+02  2.21166e-02 
 1.48500e+02  2.21145e-02 
 1.49000e+02  2.21426e-02 
 1.49500e+02  2.21399e-02 
 1.50000e+02  2.21437e-02 
 1.50500e+02  2.21623e-02 
 1.51000e+02  2.21239e-02 
 1.51500e+02  2.21372e-02 
 1.52000e+02  2.21399e-02 
 1.52500e+02  2.21472e-02 
 1.53000e+02  2.21775e-02 
 1.53500e+02  2.21748e-02 
 1.54000e+02  2.21668e-02 
 1.54500e+02  2.21532e-02 
 1.55000e+02  2.21632e-02 
 1.55500e+02  2.21623e-02 
 1.56000e+02  2.21479e-02 
 1.56500e+02  2.21617e-02 
 1.57000e+02  2.21455e-02 
 1.57500e+02  2.21522e-02 
 1.58000e+02  2.21428e-02 
 1.58500e+02  2.21426e-02 
 1.59000e+02  2.21513e-02 
 1.59500e+02  2.21831e-02 
 1.60000e+02  2.21766e-02 
 1.60500e+02  2.21765e-02 
 1.61000e+02  2.21742e-02 
 1.61500e+02  2.21824e-02 
 1.62000e+02  2.21913e-02 
 1.62500e+02  2.21779e-02 
 1.63000e+02  2.21677e-02 
 1.63500e+02  2.21824e-02 
 1.64000e+02  2.21800e-02 
 1.64500e+02  2.21835e-02 
 1.65000e+02  2.21648e-02 
 1.65500e+02  2.21598e-02 
 1.66000e+02  2.21656e-02 
 1.66500e+02  2.21426e-02 
 1.67000e+02  2.21361e-02 
 1.67500e+02  2.21370e-02 
 1.68000e+02  2.21319e-02 
 1.68500e+02  2.21120e-02 
 1.69000e+02  2.21011e-02 
 1.69500e+02  2.20972e-02 
 1.70000e+02  2.20907e-02 
 1.70500e+02  2.20976e-02 
 1.71000e+02  2.21012e-02 
 1.71500e+02  2.21093e-02 
 1.72000e+02  2.21164e-02 
 1.72500e+02  2.21050e-02 
 1.73000e+02  2.20900e-02 
 1.73500e+02  2.20908e-02 
 1.74000e+02  2.21021e-02 
 1.74500e+02  2.20684e-02 
 1.75000e+02  2.20834e-02 
 1.75500e+02  2.20928e-02 
 1.76000e+02  2.20798e-02 
 1.76500e+02  2.20507e-02 
 1.77000e+02  2.20704e-02 
 1.77500e+02  2.20561e-02 
 1.78000e+02  2.20682e-02 
 1.78500e+02  2.20628e-02 
 1.79000e+02  2.20637e-02 
 1.79500e+02  2.20630e-02 
 1.80000e+02  2.20482e-02 
 1.80500e+02  2.20468e-02 
 1.81000e+02  2.20276e-02 
 1.81500e+02  2.20205e-02 
 1.82000e+02  2.20149e-02 
 1.82500e+02  2.19999e-02 
 1.83000e+02  2.19962e-02 
 1.83500e+02  2.19850e-02 
 1.84000e+02  2.19791e-02 
 1.84500e+02  2.19537e-02 
 1.85000e+02  2.19383e-02 
 1.85500e+02  2.19351e-02 
 1.86000e+02  2.19307e-02 
 1.86500e+02  2.19255e-02 
 1.87000e+02  2.18992e-02 
 1.87500e+02  2.18891e-02 
 1.88000e+02  2.18735e-02 
 1.88500e+02  2.18565e-02 
 1.89000e+02  2.18381e-02 
 1.89500e+02  2.18284e-02 
 1.90000e+02  2.18446e-02 
 1.90500e+02  2.18299e-02 
 1.91000e+02  2.18114e-02 
 1.91500e+02  2.18060e-02 
 1.92000e+02  2.17884e-02 
 1.92500e+02  2.17626e-02 
 1.93000e+02  2.17299e-02 
 1.93500e+02  2.17310e-02 
 1.94000e+02  2.17346e-02 
 1.94500e+02  2.16956e-02 
 1.95000e+02  2.16772e-02 
 1.95500e+02  2.16537e-02 
 1.96000e+02  2.16505e-02 
 1.96500e+02  2.16058e-02 
 1.97000e+02  2.15730e-02 
 1.97500e+02  2.15476e-02 
 1.98000e+02  2.15385e-02 
 1.98500e+02  2.15298e-02 
 1.99000e+02  2.15208e-02 
 1.99500e+02  2.15046e-02 
 2.00000e+02  2.15045e-02 
 2.00500e+02  2.14872e-02 
 2.01000e+02  2.14633e-02 
 2.01500e+02  2.14279e-02 
 2.02000e+02  2.13769e-02 
 2.02500e+02  2.13432e-02 
 2.03000e+02  2.13292e-02 
 2.03500e+02  2.12943e-02 
 2.04000e+02  2.12564e-02 
 2.04500e+02  2.12286e-02 
 2.05000e+02  2.11821e-02 
 2.05500e+02  2.11610e-02 
 2.06000e+02  2.11223e-02 
 2.06500e+02  2.11061e-02 
 2.07000e+02  2.11073e-02 
 2.07500e+02  2.10765e-02 
 2.08000e+02  2.10330e-02 
 2.08500e+02  2.09967e-02 
 2.09000e+02  2.09822e-02 
 2.09500e+02  2.09529e-02 
 2.10000e+02  2.09000e-02 
 2.10500e+02  2.08385e-02 
 2.11000e+02  2.08014e-02 
 2.11500e+02  2.07625e-02 
 2.12000e+02  2.07167e-02 
 2.12500e+02  2.06826e-02 
 2.13000e+02  2.06482e-02 
 2.13500e+02  2.06023e-02 
 2.14000e+02  2.05549e-02 
 2.14500e+02  2.05134e-02 
 2.15000e+02  2.04664e-02 
 2.15500e+02  2.04098e-02 
 2.16000e+02  2.03812e-02 
 2.16500e+02  2.03330e-02 
 2.17000e+02  2.02880e-02 
 2.17500e+02  2.02451e-02 
 2.18000e+02  2.01777e-02 
 2.18500e+02  2.01197e-02 
 2.19000e+02  2.00829e-02 
 2.19500e+02  2.00068e-02 
 2.20000e+02  1.99648e-02 
 2.20500e+02  1.99102e-02 
 2.21000e+02  1.98627e-02 
 2.21500e+02  1.98288e-02 
 2.22000e+02  1.97784e-02 
 2.22500e+02  1.97300e-02 
 2.23000e+02  1.96762e-02 
 2.23500e+02  1.96383e-02 
 2.24000e+02  1.95732e-02 
 2.24500e+02  1.95148e-02 
 2.25000e+02  1.94863e-02 
 2.25500e+02  1.94199e-02 
 2.26000e+02  1.93372e-02 
 2.26500e+02  1.92545e-02 
 2.27000e+02  1.91832e-02 
 2.27500e+02  1.91113e-02 
 2.28000e+02  1.90450e-02 
 2.28500e+02  1.89856e-02 
 2.29000e+02  1.88964e-02 
 2.29500e+02  1.88137e-02 
 2.30000e+02  1.87638e-02 
 2.30500e+02  1.86990e-02 
 2.31000e+02  1.86366e-02 
 2.31500e+02  1.85864e-02 
 2.32000e+02  1.85293e-02 
 2.32500e+02  1.84370e-02 
 2.33000e+02  1.83455e-02 
 2.33500e+02  1.82818e-02 
 2.34000e+02  1.81892e-02 
 2.34500e+02  1.81159e-02 
 2.35000e+02  1.80096e-02 
 2.35500e+02  1.79334e-02 
 2.36000e+02  1.78640e-02 
 2.36500e+02  1.77943e-02 
 2.37000e+02  1.77093e-02 
 2.37500e+02  1.76163e-02 
 2.38000e+02  1.75216e-02 
 2.38500e+02  1.74289e-02 
 2.39000e+02  1.73371e-02 
 2.39500e+02  1.72495e-02 
 2.40000e+02  1.71576e-02 
 2.40500e+02  1.70658e-02 
 2.41000e+02  1.69843e-02 
 2.41500e+02  1.68878e-02 
 2.42000e+02  1.68305e-02 
 2.42500e+02  1.67429e-02 
 2.43000e+02  1.66591e-02 
 2.43500e+02  1.65570e-02 
 2.44000e+02  1.64473e-02 
 2.44500e+02  1.63313e-02 
 2.45000e+02  1.62062e-02 
 2.45500e+02  1.61028e-02 
 2.46000e+02  1.59941e-02 
 2.46500e+02  1.59017e-02 
 2.47000e+02  1.57983e-02 
 2.47500e+02  1.56961e-02 
 2.48000e+02  1.55629e-02 
 2.48500e+02  1.54184e-02 
 2.49000e+02  1.52823e-02 
 2.49500e+02  1.51613e-02 
 2.50000e+02  1.50328e-02 
 2.50500e+02  1.49088e-02 
 2.51000e+02  1.47677e-02 
 2.51500e+02  1.46253e-02 
 2.52000e+02  1.44865e-02 
 2.52500e+02  1.43492e-02 
 2.53000e+02  1.42091e-02 
 2.53500e+02  1.40716e-02 
 2.54000e+02  1.39185e-02 
 2.54500e+02  1.37885e-02 
 2.55000e+02  1.36609e-02 
 2.55500e+02  1.35154e-02 
 2.56000e+02  1.33314e-02 
 2.56500e+02  1.31412e-02 
 2.57000e+02  1.29520e-02 
 2.57500e+02  1.27425e-02 
 2.58000e+02  1.25214e-02 
 2.58500e+02  1.23118e-02 
 2.59000e+02  1.20884e-02 
 2.59500e+02  1.18635e-02 
 2.60000e+02  1.16367e-02 
 2.60500e+02  1.14034e-02 
 2.61000e+02  1.11520e-02 
 2.61500e+02  1.08997e-02 
 2.62000e+02  1.06316e-02 
 2.62500e+02  1.03735e-02 
 2.63000e+02  1.00853e-02 
 2.63500e+02  9.78764e-03 
 2.64000e+02  9.47050e-03 
 2.64500e+02  9.16747e-03 
 2.65000e+02  8.84620e-03 
 2.65500e+02  8.52171e-03 
 2.66000e+02  8.19625e-03 
 2.66500e+02  7.83508e-03 
 2.67000e+02  7.48410e-03 
 2.67500e+02  7.12332e-03 
 2.68000e+02  6.76346e-03 
 2.68500e+02  6.40250e-03 
 2.69000e+02  6.06521e-03 
 2.69500e+02  5.72801e-03 
 2.70000e+02  5.39556e-03 
 2.70500e+02  5.09560e-03 
 2.71000e+02  4.80266e-03 
 2.71500e+02  4.52325e-03 
 2.72000e+02  4.25903e-03 
 2.72500e+02  4.01848e-03 
 2.73000e+02  3.78148e-03 
 2.73500e+02  3.55905e-03 
 2.74000e+02  3.35540e-03 
 2.74500e+02  3.17070e-03 
 2.75000e+02  2.99790e-03 
 2.75500e+02  2.84274e-03 
 2.76000e+02  2.69482e-03 
 2.76500e+02  2.56050e-03 
 2.77000e+02  2.42311e-03 
 2.77500e+02  2.29841e-03 
 2.78000e+02  2.18294e-03 
 2.78500e+02  2.08406e-03 
 2.79000e+02  1.98618e-03 
 2.79500e+02  1.89164e-03 
 2.80000e+02  1.80410e-03 
 2.80500e+02  1.72622e-03 
 2.81000e+02  1.65416e-03 
 2.81500e+02  1.58196e-03 
 2.82000e+02  1.51911e-03 
 2.82500e+02  1.45454e-03 
 2.83000e+02  1.39560e-03 
 2.83500e+02  1.34348e-03 
 2.84000e+02  1.29254e-03 
 2.84500e+02  1.24801e-03 
 2.85000e+02  1.20025e-03 
 2.85500e+02  1.15387e-03 
 2.86000e+02  1.10728e-03 
 2.86500e+02  1.06750e-03 
 2.87000e+02  1.02674e-03 
 2.87500e+02  9.87465e-04 
 2.88000e+02  9.53129e-04 
 2.88500e+02  9.22728e-04 
 2.89000e+02  8.86325e-04 
 2.89500e+02  8.54584e-04 
 2.90000e+02  8.24586e-04 
 2.90500e+02  8.00462e-04 
 2.91000e+02  7.69810e-04 
 2.91500e+02  7.45079e-04 
 2.92000e+02  7.16747e-04 
 2.92500e+02  6.88088e-04 
 2.93000e+02  6.64840e-04 
 2.93500e+02  6.42755e-04 
 2.94000e+02  6.17058e-04 
 2.94500e+02  5.87627e-04 
 2.95000e+02  5.65761e-04 
 2.95500e+02  5.45857e-04 
 2.96000e+02  5.22027e-04 
 2.96500e+02  4.98068e-04 
 2.97000e+02  4.80799e-04 
 2.97500e+02  4.60933e-04 
 2.98000e+02  4.38414e-04 
 2.98500e+02  4.21245e-04 
 2.99000e+02  4.02511e-04 
 2.99500e+02  3.84614e-04 
 3.00000e+02  3.68216e-04 
 3.00500e+02  3.52026e-04 
 3.01000e+02  3.37848e-04 
 3.01500e+02  3.23788e-04 
 3.02000e+02  3.12123e-04 
 3.02500e+02  2.98001e-04 
 3.03000e+02  2.85656e-04 
 3.03500e+02  2.72096e-04 
 3.04000e+02  2.62263e-04 
 3.04500e+02  2.51686e-04 
 3.05000e+02  2.41326e-04 
 3.05500e+02  2.31374e-04 
 3.06000e+02  2.21591e-04 
 3.06500e+02  2.12514e-04 
 3.07000e+02  2.02749e-04 
 3.07500e+02  1.94208e-04 
 3.08000e+02  1.85936e-04 
 3.08500e+02  1.77621e-04 
 3.09000e+02  1.68416e-04 
 3.09500e+02  1.62206e-04 
 3.10000e+02  1.53228e-04 
 3.10500e+02  1.44655e-04 
 3.11000e+02  1.36909e-04 
 3.11500e+02  1.30373e-04 
 3.12000e+02  1.23152e-04 
 3.12500e+02  1.16129e-04 
 3.13000e+02  1.09509e-04 
 3.13500e+02  1.03826e-04 
 3.14000e+02  9.82676e-05 
 3.14500e+02  9.16205e-05 
 3.15000e+02  8.52965e-05 
 3.15500e+02  8.07829e-05 
 3.16000e+02  7.62213e-05 
 3.16500e+02  7.17781e-05 
 3.17000e+02  6.70013e-05 
 3.17500e+02  6.25326e-05 
 3.18000e+02  5.67998e-05 
 3.18500e+02  5.28766e-05 
 3.19000e+02  4.81990e-05 
 3.19500e+02  4.56590e-05 
