 0.00000e+00  4.59008e-05 
 5.00000e-01  4.78560e-05 
 1.00000e+00  5.25984e-05 
 1.50000e+00  5.65448e-05 
 2.00000e+00  6.04744e-05 
 2.50000e+00  6.59712e-05 
 3.00000e+00  6.96336e-05 
 3.50000e+00  7.42288e-05 
 4.00000e+00  7.98448e-05 
 4.50000e+00  8.51976e-05 
 5.00000e+00  9.01368e-05 
 5.50000e+00  9.63784e-05 
 6.00000e+00  1.03177e-04 
 6.50000e+00  1.09533e-04 
 7.00000e+00  1.15195e-04 
 7.50000e+00  1.21012e-04 
 8.00000e+00  1.29263e-04 
 8.50000e+00  1.35843e-04 
 9.00000e+00  1.43181e-04 
 9.50000e+00  1.50316e-04 
 1.00000e+01  1.58385e-04 
 1.05000e+01  1.67139e-04 
 1.10000e+01  1.77025e-04 
 1.15000e+01  1.85326e-04 
 1.20000e+01  1.92676e-04 
 1.25000e+01  2.00302e-04 
 1.30000e+01  2.09944e-04 
 1.35000e+01  2.21290e-04 
 1.40000e+01  2.31545e-04 
 1.45000e+01  2.41004e-04 
 1.50000e+01  2.50904e-04 
 1.55000e+01  2.61874e-04 
 1.60000e+01  2.72770e-04 
 1.65000e+01  2.86246e-04 
 1.70000e+01  2.96512e-04 
 1.75000e+01  3.09996e-04 
 1.80000e+01  3.23614e-04 
 1.85000e+01  3.39183e-04 
 1.90000e+01  3.55213e-04 
 1.95000e+01  3.70638e-04 
 2.00000e+01  3.86210e-04 
 2.05000e+01  4.04339e-04 
 2.10000e+01  4.25675e-04 
 2.15000e+01  4.45094e-04 
 2.20000e+01  4.64132e-04 
 2.25000e+01  4.82369e-04 
 2.30000e+01  5.05998e-04 
 2.35000e+01  5.27493e-04 
 2.40000e+01  5.49763e-04 
 2.45000e+01  5.72545e-04 
 2.50000e+01  5.95705e-04 
 2.55000e+01  6.20767e-04 
 2.60000e+01  6.45052e-04 
 2.65000e+01  6.71985e-04 
 2.70000e+01  6.98949e-04 
 2.75000e+01  7.24730e-04 
 2.80000e+01  7.49895e-04 
 2.85000e+01  7.74454e-04 
 2.90000e+01  8.01092e-04 
 2.95000e+01  8.32436e-04 
 3.00000e+01  8.62500e-04 
 3.05000e+01  8.95725e-04 
 3.10000e+01  9.25788e-04 
 3.15000e+01  9.61716e-04 
 3.20000e+01  9.94638e-04 
 3.25000e+01  1.03576e-03 
 3.30000e+01  1.07056e-03 
 3.35000e+01  1.11456e-03 
 3.40000e+01  1.15676e-03 
 3.45000e+01  1.20002e-03 
 3.50000e+01  1.24206e-03 
 3.55000e+01  1.29470e-03 
 3.60000e+01  1.34383e-03 
 3.65000e+01  1.40037e-03 
 3.70000e+01  1.46177e-03 
 3.75000e+01  1.52482e-03 
 3.80000e+01  1.58526e-03 
 3.85000e+01  1.65694e-03 
 3.90000e+01  1.73528e-03 
 3.95000e+01  1.81534e-03 
 4.00000e+01  1.90267e-03 
 4.05000e+01  1.99220e-03 
 4.10000e+01  2.09567e-03 
 4.15000e+01  2.20510e-03 
 4.20000e+01  2.31912e-03 
 4.25000e+01  2.44837e-03 
 4.30000e+01  2.58024e-03 
 4.35000e+01  2.72900e-03 
 4.40000e+01  2.87512e-03 
 4.45000e+01  3.03441e-03 
 4.50000e+01  3.20987e-03 
 4.55000e+01  3.39151e-03 
 4.60000e+01  3.59493e-03 
 4.65000e+01  3.80688e-03 
 4.70000e+01  4.03927e-03 
 4.75000e+01  4.28655e-03 
 4.80000e+01  4.54608e-03 
 4.85000e+01  4.84011e-03 
 4.90000e+01  5.14198e-03 
 4.95000e+01  5.43648e-03 
 5.00000e+01  5.75802e-03 
 5.05000e+01  6.08432e-03 
 5.10000e+01  6.43432e-03 
 5.15000e+01  6.77792e-03 
 5.20000e+01  7.12356e-03 
 5.25000e+01  7.48267e-03 
 5.30000e+01  7.83167e-03 
 5.35000e+01  8.17670e-03 
 5.40000e+01  8.52065e-03 
 5.45000e+01  8.85492e-03 
 5.50000e+01  9.18716e-03 
 5.55000e+01  9.51021e-03 
 5.60000e+01  9.82549e-03 
 5.65000e+01  1.01225e-02 
 5.70000e+01  1.04019e-02 
 5.75000e+01  1.06672e-02 
 5.80000e+01  1.09401e-02 
 5.85000e+01  1.11923e-02 
 5.90000e+01  1.14500e-02 
 5.95000e+01  1.16975e-02 
 6.00000e+01  1.19429e-02 
 6.05000e+01  1.21647e-02 
 6.10000e+01  1.23411e-02 
 6.15000e+01  1.25276e-02 
 6.20000e+01  1.27125e-02 
 6.25000e+01  1.29238e-02 
 6.30000e+01  1.31017e-02 
 6.35000e+01  1.32621e-02 
 6.40000e+01  1.34210e-02 
 6.45000e+01  1.35800e-02 
 6.50000e+01  1.37066e-02 
 6.55000e+01  1.38428e-02 
 6.60000e+01  1.39616e-02 
 6.65000e+01  1.40922e-02 
 6.70000e+01  1.42356e-02 
 6.75000e+01  1.44024e-02 
 6.80000e+01  1.45484e-02 
 6.85000e+01  1.46938e-02 
 6.90000e+01  1.48531e-02 
 6.95000e+01  1.50061e-02 
 7.00000e+01  1.51565e-02 
 7.05000e+01  1.52878e-02 
 7.10000e+01  1.54132e-02 
 7.15000e+01  1.55053e-02 
 7.20000e+01  1.56153e-02 
 7.25000e+01  1.57052e-02 
 7.30000e+01  1.58106e-02 
 7.35000e+01  1.59106e-02 
 7.40000e+01  1.60219e-02 
 7.45000e+01  1.61593e-02 
 7.50000e+01  1.63071e-02 
 7.55000e+01  1.64417e-02 
 7.60000e+01  1.65380e-02 
 7.65000e+01  1.66574e-02 
 7.70000e+01  1.67525e-02 
 7.75000e+01  1.68243e-02 
 7.80000e+01  1.69114e-02 
 7.85000e+01  1.69841e-02 
 7.90000e+01  1.70805e-02 
 7.95000e+01  1.71635e-02 
 8.00000e+01  1.72365e-02 
 8.05000e+01  1.73425e-02 
 8.10000e+01  1.74665e-02 
 8.15000e+01  1.75359e-02 
 8.20000e+01  1.76234e-02 
 8.25000e+01  1.76829e-02 
 8.30000e+01  1.77523e-02 
 8.35000e+01  1.78302e-02 
 8.40000e+01  1.78999e-02 
 8.45000e+01  1.79563e-02 
 8.50000e+01  1.80480e-02 
 8.55000e+01  1.81312e-02 
 8.60000e+01  1.82047e-02 
 8.65000e+01  1.82799e-02 
 8.70000e+01  1.83326e-02 
 8.75000e+01  1.84046e-02 
 8.80000e+01  1.84732e-02 
 8.85000e+01  1.85387e-02 
 8.90000e+01  1.86048e-02 
 8.95000e+01  1.86895e-02 
 9.00000e+01  1.87521e-02 
 9.05000e+01  1.88021e-02 
 9.10000e+01  1.88541e-02 
 9.15000e+01  1.89173e-02 
 9.20000e+01  1.89651e-02 
 9.25000e+01  1.90218e-02 
 9.30000e+01  1.90988e-02 
 9.35000e+01  1.91789e-02 
 9.40000e+01  1.92138e-02 
 9.45000e+01  1.92694e-02 
 9.50000e+01  1.93108e-02 
 9.55000e+01  1.93560e-02 
 9.60000e+01  1.93945e-02 
 9.65000e+01  1.94585e-02 
 9.70000e+01  1.95120e-02 
 9.75000e+01  1.95587e-02 
 9.80000e+01  1.96164e-02 
 9.85000e+01  1.96689e-02 
 9.90000e+01  1.97478e-02 
 9.95000e+01  1.98009e-02 
 1.00000e+02  1.98646e-02 
 1.00500e+02  1.99267e-02 
 1.01000e+02  1.99769e-02 
 1.01500e+02  2.00163e-02 
 1.02000e+02  2.00706e-02 
 1.02500e+02  2.00988e-02 
 1.03000e+02  2.01555e-02 
 1.03500e+02  2.02000e-02 
 1.04000e+02  2.02369e-02 
 1.04500e+02  2.02962e-02 
 1.05000e+02  2.03379e-02 
 1.05500e+02  2.03790e-02 
 1.06000e+02  2.04140e-02 
 1.06500e+02  2.04756e-02 
 1.07000e+02  2.05074e-02 
 1.07500e+02  2.05748e-02 
 1.08000e+02  2.06447e-02 
 1.08500e+02  2.06753e-02 
 1.09000e+02  2.07033e-02 
 1.09500e+02  2.07403e-02 
 1.10000e+02  2.07804e-02 
 1.10500e+02  2.08120e-02 
 1.11000e+02  2.08553e-02 
 1.11500e+02  2.08980e-02 
 1.12000e+02  2.09311e-02 
 1.12500e+02  2.09638e-02 
 1.13000e+02  2.09754e-02 
 1.13500e+02  2.10010e-02 
 1.14000e+02  2.10182e-02 
 1.14500e+02  2.10473e-02 
 1.15000e+02  2.10837e-02 
 1.15500e+02  2.11121e-02 
 1.16000e+02  2.11281e-02 
 1.16500e+02  2.11793e-02 
 1.17000e+02  2.12349e-02 
 1.17500e+02  2.12621e-02 
 1.18000e+02  2.12891e-02 
 1.18500e+02  2.12957e-02 
 1.19000e+02  2.13415e-02 
 1.19500e+02  2.13952e-02 
 1.20000e+02  2.13997e-02 
 1.20500e+02  2.14069e-02 
 1.21000e+02  2.14084e-02 
 1.21500e+02  2.14176e-02 
 1.22000e+02  2.14394e-02 
 1.22500e+02  2.14637e-02 
 1.23000e+02  2.14948e-02 
 1.23500e+02  2.15163e-02 
 1.24000e+02  2.15279e-02 
 1.24500e+02  2.15548e-02 
 1.25000e+02  2.16019e-02 
 1.25500e+02  2.16082e-02 
 1.26000e+02  2.15934e-02 
 1.26500e+02  2.16042e-02 
 1.27000e+02  2.16166e-02 
 1.27500e+02  2.16662e-02 
 1.28000e+02  2.16597e-02 
 1.28500e+02  2.16864e-02 
 1.29000e+02  2.17157e-02 
 1.29500e+02  2.17216e-02 
 1.30000e+02  2.17474e-02 
 1.30500e+02  2.17549e-02 
 1.31000e+02  2.17612e-02 
 1.31500e+02  2.17608e-02 
 1.32000e+02  2.17858e-02 
 1.32500e+02  2.17894e-02 
 1.33000e+02  2.17793e-02 
 1.33500e+02  2.17762e-02 
 1.34000e+02  2.17724e-02 
 1.34500e+02  2.17881e-02 
 1.35000e+02  2.17979e-02 
 1.35500e+02  2.18150e-02 
 1.36000e+02  2.18158e-02 
 1.36500e+02  2.18438e-02 
 1.37000e+02  2.18610e-02 
 1.37500e+02  2.18339e-02 
 1.38000e+02  2.18435e-02 
 1.38500e+02  2.18392e-02 
 1.39000e+02  2.18631e-02 
 1.39500e+02  2.18756e-02 
 1.40000e+02  2.18479e-02 
 1.40500e+02  2.18551e-02 
 1.41000e+02  2.18848e-02 
 1.41500e+02  2.18997e-02 
 1.42000e+02  2.18965e-02 
 1.42500e+02  2.19100e-02 
 1.43000e+02  2.19106e-02 
 1.43500e+02  2.19197e-02 
 1.44000e+02  2.19156e-02 
 1.44500e+02  2.19133e-02 
 1.45000e+02  2.19197e-02 
 1.45500e+02  2.19175e-02 
 1.46000e+02  2.19368e-02 
 1.46500e+02  2.19573e-02 
 1.47000e+02  2.19578e-02 
 1.47500e+02  2.19730e-02 
 1.48000e+02  2.19787e-02 
 1.48500e+02  2.19830e-02 
 1.49000e+02  2.20056e-02 
 1.49500e+02  2.20123e-02 
 1.50000e+02  2.20213e-02 
 1.50500e+02  2.20052e-02 
 1.51000e+02  2.19974e-02 
 1.51500e+02  2.20103e-02 
 1.52000e+02  2.20129e-02 
 1.52500e+02  2.20155e-02 
 1.53000e+02  2.20222e-02 
 1.53500e+02  2.20279e-02 
 1.54000e+02  2.20220e-02 
 1.54500e+02  2.20085e-02 
 1.55000e+02  2.20255e-02 
 1.55500e+02  2.20328e-02 
 1.56000e+02  2.20311e-02 
 1.56500e+02  2.20264e-02 
 1.57000e+02  2.20195e-02 
 1.57500e+02  2.20382e-02 
 1.58000e+02  2.20117e-02 
 1.58500e+02  2.19946e-02 
 1.59000e+02  2.19840e-02 
 1.59500e+02  2.19685e-02 
 1.60000e+02  2.19840e-02 
 1.60500e+02  2.20123e-02 
 1.61000e+02  2.20296e-02 
 1.61500e+02  2.20290e-02 
 1.62000e+02  2.20273e-02 
 1.62500e+02  2.20297e-02 
 1.63000e+02  2.20247e-02 
 1.63500e+02  2.20329e-02 
 1.64000e+02  2.20276e-02 
 1.64500e+02  2.20164e-02 
 1.65000e+02  2.20129e-02 
 1.65500e+02  2.19980e-02 
 1.66000e+02  2.19871e-02 
 1.66500e+02  2.19904e-02 
 1.67000e+02  2.19943e-02 
 1.67500e+02  2.19822e-02 
 1.68000e+02  2.19891e-02 
 1.68500e+02  2.19732e-02 
 1.69000e+02  2.19791e-02 
 1.69500e+02  2.19825e-02 
 1.70000e+02  2.19655e-02 
 1.70500e+02  2.19553e-02 
 1.71000e+02  2.19673e-02 
 1.71500e+02  2.19693e-02 
 1.72000e+02  2.19804e-02 
 1.72500e+02  2.19743e-02 
 1.73000e+02  2.19615e-02 
 1.73500e+02  2.19546e-02 
 1.74000e+02  2.19624e-02 
 1.74500e+02  2.19380e-02 
 1.75000e+02  2.19313e-02 
 1.75500e+02  2.19392e-02 
 1.76000e+02  2.19266e-02 
 1.76500e+02  2.19060e-02 
 1.77000e+02  2.18963e-02 
 1.77500e+02  2.19147e-02 
 1.78000e+02  2.19012e-02 
 1.78500e+02  2.19009e-02 
 1.79000e+02  2.18762e-02 
 1.79500e+02  2.18934e-02 
 1.80000e+02  2.18934e-02 
 1.80500e+02  2.18895e-02 
 1.81000e+02  2.18551e-02 
 1.81500e+02  2.18557e-02 
 1.82000e+02  2.18469e-02 
 1.82500e+02  2.18588e-02 
 1.83000e+02  2.18365e-02 
 1.83500e+02  2.18083e-02 
 1.84000e+02  2.18010e-02 
 1.84500e+02  2.17864e-02 
 1.85000e+02  2.17836e-02 
 1.85500e+02  2.18003e-02 
 1.86000e+02  2.17966e-02 
 1.86500e+02  2.17856e-02 
 1.87000e+02  2.17824e-02 
 1.87500e+02  2.17879e-02 
 1.88000e+02  2.17850e-02 
 1.88500e+02  2.17711e-02 
 1.89000e+02  2.17380e-02 
 1.89500e+02  2.17341e-02 
 1.90000e+02  2.17016e-02 
 1.90500e+02  2.16659e-02 
 1.91000e+02  2.16691e-02 
 1.91500e+02  2.16555e-02 
 1.92000e+02  2.16646e-02 
 1.92500e+02  2.16559e-02 
 1.93000e+02  2.16401e-02 
 1.93500e+02  2.16355e-02 
 1.94000e+02  2.16237e-02 
 1.94500e+02  2.16163e-02 
 1.95000e+02  2.15864e-02 
 1.95500e+02  2.15576e-02 
 1.96000e+02  2.15300e-02 
 1.96500e+02  2.15233e-02 
 1.97000e+02  2.15157e-02 
 1.97500e+02  2.15170e-02 
 1.98000e+02  2.14813e-02 
 1.98500e+02  2.14534e-02 
 1.99000e+02  2.14328e-02 
 1.99500e+02  2.14228e-02 
 2.00000e+02  2.14131e-02 
 2.00500e+02  2.13688e-02 
 2.01000e+02  2.13638e-02 
 2.01500e+02  2.13304e-02 
 2.02000e+02  2.13147e-02 
 2.02500e+02  2.12908e-02 
 2.03000e+02  2.12687e-02 
 2.03500e+02  2.12412e-02 
 2.04000e+02  2.12194e-02 
 2.04500e+02  2.11886e-02 
 2.05000e+02  2.11504e-02 
 2.05500e+02  2.11168e-02 
 2.06000e+02  2.10859e-02 
 2.06500e+02  2.10582e-02 
 2.07000e+02  2.10183e-02 
 2.07500e+02  2.09626e-02 
 2.08000e+02  2.09395e-02 
 2.08500e+02  2.09332e-02 
 2.09000e+02  2.09210e-02 
 2.09500e+02  2.08850e-02 
 2.10000e+02  2.08184e-02 
 2.10500e+02  2.07832e-02 
 2.11000e+02  2.07514e-02 
 2.11500e+02  2.07407e-02 
 2.12000e+02  2.07014e-02 
 2.12500e+02  2.06759e-02 
 2.13000e+02  2.06379e-02 
 2.13500e+02  2.05919e-02 
 2.14000e+02  2.05626e-02 
 2.14500e+02  2.05189e-02 
 2.15000e+02  2.04570e-02 
 2.15500e+02  2.04012e-02 
 2.16000e+02  2.03324e-02 
 2.16500e+02  2.02671e-02 
 2.17000e+02  2.02292e-02 
 2.17500e+02  2.01714e-02 
 2.18000e+02  2.01280e-02 
 2.18500e+02  2.01144e-02 
 2.19000e+02  2.00541e-02 
 2.19500e+02  2.00075e-02 
 2.20000e+02  1.99502e-02 
 2.20500e+02  1.99204e-02 
 2.21000e+02  1.98562e-02 
 2.21500e+02  1.98099e-02 
 2.22000e+02  1.97573e-02 
 2.22500e+02  1.96997e-02 
 2.23000e+02  1.96461e-02 
 2.23500e+02  1.95691e-02 
 2.24000e+02  1.95088e-02 
 2.24500e+02  1.94689e-02 
 2.25000e+02  1.94347e-02 
 2.25500e+02  1.93773e-02 
 2.26000e+02  1.93019e-02 
 2.26500e+02  1.92263e-02 
 2.27000e+02  1.91516e-02 
 2.27500e+02  1.90653e-02 
 2.28000e+02  1.89787e-02 
 2.28500e+02  1.88988e-02 
 2.29000e+02  1.88135e-02 
 2.29500e+02  1.87480e-02 
 2.30000e+02  1.86889e-02 
 2.30500e+02  1.86248e-02 
 2.31000e+02  1.85748e-02 
 2.31500e+02  1.85044e-02 
 2.32000e+02  1.84470e-02 
 2.32500e+02  1.83880e-02 
 2.33000e+02  1.83029e-02 
 2.33500e+02  1.82111e-02 
 2.34000e+02  1.81340e-02 
 2.34500e+02  1.80795e-02 
 2.35000e+02  1.80029e-02 
 2.35500e+02  1.79077e-02 
 2.36000e+02  1.78352e-02 
 2.36500e+02  1.77596e-02 
 2.37000e+02  1.76659e-02 
 2.37500e+02  1.75825e-02 
 2.38000e+02  1.74930e-02 
 2.38500e+02  1.74484e-02 
 2.39000e+02  1.73757e-02 
 2.39500e+02  1.72799e-02 
 2.40000e+02  1.71915e-02 
 2.40500e+02  1.70949e-02 
 2.41000e+02  1.70012e-02 
 2.41500e+02  1.69187e-02 
 2.42000e+02  1.68117e-02 
 2.42500e+02  1.67073e-02 
 2.43000e+02  1.66180e-02 
 2.43500e+02  1.64970e-02 
 2.44000e+02  1.64135e-02 
 2.44500e+02  1.63075e-02 
 2.45000e+02  1.62075e-02 
 2.45500e+02  1.61063e-02 
 2.46000e+02  1.59874e-02 
 2.46500e+02  1.58634e-02 
 2.47000e+02  1.57562e-02 
 2.47500e+02  1.56216e-02 
 2.48000e+02  1.55129e-02 
 2.48500e+02  1.53904e-02 
 2.49000e+02  1.52758e-02 
 2.49500e+02  1.51365e-02 
 2.50000e+02  1.49928e-02 
 2.50500e+02  1.48541e-02 
 2.51000e+02  1.47332e-02 
 2.51500e+02  1.45875e-02 
 2.52000e+02  1.44329e-02 
 2.52500e+02  1.42892e-02 
 2.53000e+02  1.41373e-02 
 2.53500e+02  1.39974e-02 
 2.54000e+02  1.38637e-02 
 2.54500e+02  1.37229e-02 
 2.55000e+02  1.35618e-02 
 2.55500e+02  1.34227e-02 
 2.56000e+02  1.32511e-02 
 2.56500e+02  1.30448e-02 
 2.57000e+02  1.28651e-02 
 2.57500e+02  1.26589e-02 
 2.58000e+02  1.24563e-02 
 2.58500e+02  1.22451e-02 
 2.59000e+02  1.20253e-02 
 2.59500e+02  1.17792e-02 
 2.60000e+02  1.15521e-02 
 2.60500e+02  1.13042e-02 
 2.61000e+02  1.10386e-02 
 2.61500e+02  1.07864e-02 
 2.62000e+02  1.05183e-02 
 2.62500e+02  1.02326e-02 
 2.63000e+02  9.93681e-03 
 2.63500e+02  9.63795e-03 
 2.64000e+02  9.34026e-03 
 2.64500e+02  9.02667e-03 
 2.65000e+02  8.70092e-03 
 2.65500e+02  8.38406e-03 
 2.66000e+02  8.04127e-03 
 2.66500e+02  7.71046e-03 
 2.67000e+02  7.35818e-03 
 2.67500e+02  7.01186e-03 
 2.68000e+02  6.65533e-03 
 2.68500e+02  6.30588e-03 
 2.69000e+02  5.96834e-03 
 2.69500e+02  5.64031e-03 
 2.70000e+02  5.31740e-03 
 2.70500e+02  5.01578e-03 
 2.71000e+02  4.73183e-03 
 2.71500e+02  4.45809e-03 
 2.72000e+02  4.19609e-03 
 2.72500e+02  3.95806e-03 
 2.73000e+02  3.73498e-03 
 2.73500e+02  3.52468e-03 
 2.74000e+02  3.32963e-03 
 2.74500e+02  3.14310e-03 
 2.75000e+02  2.97035e-03 
 2.75500e+02  2.81297e-03 
 2.76000e+02  2.65896e-03 
 2.76500e+02  2.52022e-03 
 2.77000e+02  2.39292e-03 
 2.77500e+02  2.27461e-03 
 2.78000e+02  2.15980e-03 
 2.78500e+02  2.05219e-03 
 2.79000e+02  1.94994e-03 
 2.79500e+02  1.86347e-03 
 2.80000e+02  1.78522e-03 
 2.80500e+02  1.70796e-03 
 2.81000e+02  1.63559e-03 
 2.81500e+02  1.55896e-03 
 2.82000e+02  1.49345e-03 
 2.82500e+02  1.43500e-03 
 2.83000e+02  1.37785e-03 
 2.83500e+02  1.32311e-03 
 2.84000e+02  1.27408e-03 
 2.84500e+02  1.22689e-03 
 2.85000e+02  1.18419e-03 
 2.85500e+02  1.14042e-03 
 2.86000e+02  1.10163e-03 
 2.86500e+02  1.05619e-03 
 2.87000e+02  1.01710e-03 
 2.87500e+02  9.80378e-04 
 2.88000e+02  9.45474e-04 
 2.88500e+02  9.18070e-04 
 2.89000e+02  8.84348e-04 
 2.89500e+02  8.55600e-04 
 2.90000e+02  8.25812e-04 
 2.90500e+02  7.99550e-04 
 2.91000e+02  7.69958e-04 
 2.91500e+02  7.39184e-04 
 2.92000e+02  7.14049e-04 
 2.92500e+02  6.87362e-04 
 2.93000e+02  6.64874e-04 
 2.93500e+02  6.40060e-04 
 2.94000e+02  6.15039e-04 
 2.94500e+02  5.90306e-04 
 2.95000e+02  5.69168e-04 
 2.95500e+02  5.46211e-04 
 2.96000e+02  5.25886e-04 
 2.96500e+02  5.02741e-04 
 2.97000e+02  4.82647e-04 
 2.97500e+02  4.63223e-04 
 2.98000e+02  4.42117e-04 
 2.98500e+02  4.22892e-04 
 2.99000e+02  4.04266e-04 
 2.99500e+02  3.87874e-04 
 3.00000e+02  3.71455e-04 
 3.00500e+02  3.56347e-04 
 3.01000e+02  3.41814e-04 
 3.01500e+02  3.26447e-04 
 3.02000e+02  3.11200e-04 
 3.02500e+02  2.99361e-04 
 3.03000e+02  2.86766e-04 
 3.03500e+02  2.74125e-04 
 3.04000e+02  2.63111e-04 
 3.04500e+02  2.53134e-04 
 3.05000e+02  2.43861e-04 
 3.05500e+02  2.33185e-04 
 3.06000e+02  2.23229e-04 
 3.06500e+02  2.13427e-04 
 3.07000e+02  2.05378e-04 
 3.07500e+02  1.94139e-04 
 3.08000e+02  1.86742e-04 
 3.08500e+02  1.77177e-04 
 3.09000e+02  1.69847e-04 
 3.09500e+02  1.60472e-04 
 3.10000e+02  1.53101e-04 
 3.10500e+02  1.45644e-04 
 3.11000e+02  1.39081e-04 
 3.11500e+02  1.31850e-04 
 3.12000e+02  1.24128e-04 
 3.12500e+02  1.19067e-04 
 3.13000e+02  1.11721e-04 
 3.13500e+02  1.05772e-04 
 3.14000e+02  9.92208e-05 
 3.14500e+02  9.33672e-05 
 3.15000e+02  8.67456e-05 
 3.15500e+02  8.15944e-05 
 3.16000e+02  7.75776e-05 
 3.16500e+02  7.23424e-05 
 3.17000e+02  6.68184e-05 
 3.17500e+02  6.17976e-05 
 3.18000e+02  5.73880e-05 
 3.18500e+02  5.30648e-05 
 3.19000e+02  4.85432e-05 
 3.19500e+02  4.56200e-05 
