 0.00000e+00  4.50936e-05 
 5.00000e-01  4.71368e-05 
 1.00000e+00  5.16360e-05 
 1.50000e+00  5.57152e-05 
 2.00000e+00  6.04184e-05 
 2.50000e+00  6.48336e-05 
 3.00000e+00  6.94104e-05 
 3.50000e+00  7.34872e-05 
 4.00000e+00  7.81944e-05 
 4.50000e+00  8.33152e-05 
 5.00000e+00  8.83984e-05 
 5.50000e+00  9.30480e-05 
 6.00000e+00  9.92904e-05 
 6.50000e+00  1.07139e-04 
 7.00000e+00  1.13449e-04 
 7.50000e+00  1.20445e-04 
 8.00000e+00  1.26956e-04 
 8.50000e+00  1.33578e-04 
 9.00000e+00  1.40187e-04 
 9.50000e+00  1.48470e-04 
 1.00000e+01  1.57009e-04 
 1.05000e+01  1.64428e-04 
 1.10000e+01  1.70910e-04 
 1.15000e+01  1.79898e-04 
 1.20000e+01  1.88350e-04 
 1.25000e+01  1.97446e-04 
 1.30000e+01  2.05376e-04 
 1.35000e+01  2.15486e-04 
 1.40000e+01  2.24200e-04 
 1.45000e+01  2.34233e-04 
 1.50000e+01  2.44580e-04 
 1.55000e+01  2.57062e-04 
 1.60000e+01  2.67522e-04 
 1.65000e+01  2.79302e-04 
 1.70000e+01  2.93350e-04 
 1.75000e+01  3.06682e-04 
 1.80000e+01  3.20630e-04 
 1.85000e+01  3.32435e-04 
 1.90000e+01  3.47411e-04 
 1.95000e+01  3.65126e-04 
 2.00000e+01  3.82155e-04 
 2.05000e+01  3.99294e-04 
 2.10000e+01  4.17588e-04 
 2.15000e+01  4.37008e-04 
 2.20000e+01  4.57448e-04 
 2.25000e+01  4.78914e-04 
 2.30000e+01  4.98411e-04 
 2.35000e+01  5.21340e-04 
 2.40000e+01  5.43299e-04 
 2.45000e+01  5.65060e-04 
 2.50000e+01  5.88498e-04 
 2.55000e+01  6.09236e-04 
 2.60000e+01  6.34514e-04 
 2.65000e+01  6.57559e-04 
 2.70000e+01  6.82310e-04 
 2.75000e+01  7.10258e-04 
 2.80000e+01  7.33715e-04 
 2.85000e+01  7.59213e-04 
 2.90000e+01  7.84324e-04 
 2.95000e+01  8.17475e-04 
 3.00000e+01  8.45458e-04 
 3.05000e+01  8.78822e-04 
 3.10000e+01  9.05432e-04 
 3.15000e+01  9.39599e-04 
 3.20000e+01  9.74186e-04 
 3.25000e+01  1.01601e-03 
 3.30000e+01  1.05647e-03 
 3.35000e+01  1.09849e-03 
 3.40000e+01  1.13321e-03 
 3.45000e+01  1.18290e-03 
 3.50000e+01  1.22195e-03 
 3.55000e+01  1.27285e-03 
 3.60000e+01  1.32643e-03 
 3.65000e+01  1.38293e-03 
 3.70000e+01  1.43768e-03 
 3.75000e+01  1.49528e-03 
 3.80000e+01  1.55488e-03 
 3.85000e+01  1.62293e-03 
 3.90000e+01  1.69432e-03 
 3.95000e+01  1.76771e-03 
 4.00000e+01  1.85438e-03 
 4.05000e+01  1.93897e-03 
 4.10000e+01  2.04091e-03 
 4.15000e+01  2.14286e-03 
 4.20000e+01  2.25644e-03 
 4.25000e+01  2.37192e-03 
 4.30000e+01  2.50071e-03 
 4.35000e+01  2.63732e-03 
 4.40000e+01  2.77926e-03 
 4.45000e+01  2.92571e-03 
 4.50000e+01  3.09416e-03 
 4.55000e+01  3.27312e-03 
 4.60000e+01  3.46162e-03 
 4.65000e+01  3.65898e-03 
 4.70000e+01  3.87664e-03 
 4.75000e+01  4.10849e-03 
 4.80000e+01  4.36513e-03 
 4.85000e+01  4.63513e-03 
 4.90000e+01  4.92044e-03 
 4.95000e+01  5.21868e-03 
 5.00000e+01  5.52492e-03 
 5.05000e+01  5.85283e-03 
 5.10000e+01  6.17841e-03 
 5.15000e+01  6.52516e-03 
 5.20000e+01  6.87832e-03 
 5.25000e+01  7.22509e-03 
 5.30000e+01  7.58932e-03 
 5.35000e+01  7.94440e-03 
 5.40000e+01  8.29753e-03 
 5.45000e+01  8.63549e-03 
 5.50000e+01  8.96790e-03 
 5.55000e+01  9.28465e-03 
 5.60000e+01  9.61868e-03 
 5.65000e+01  9.94400e-03 
 5.70000e+01  1.02356e-02 
 5.75000e+01  1.05181e-02 
 5.80000e+01  1.07901e-02 
 5.85000e+01  1.10398e-02 
 5.90000e+01  1.12761e-02 
 5.95000e+01  1.15027e-02 
 6.00000e+01  1.17431e-02 
 6.05000e+01  1.19699e-02 
 6.10000e+01  1.21779e-02 
 6.15000e+01  1.23754e-02 
 6.20000e+01  1.25802e-02 
 6.25000e+01  1.27765e-02 
 6.30000e+01  1.29667e-02 
 6.35000e+01  1.31218e-02 
 6.40000e+01  1.32648e-02 
 6.45000e+01  1.33990e-02 
 6.50000e+01  1.35196e-02 
 6.55000e+01  1.36849e-02 
 6.60000e+01  1.38284e-02 
 6.65000e+01  1.39674e-02 
 6.70000e+01  1.41250e-02 
 6.75000e+01  1.42643e-02 
 6.80000e+01  1.44177e-02 
 6.85000e+01  1.45588e-02 
 6.90000e+01  1.46785e-02 
 6.95000e+01  1.48238e-02 
 7.00000e+01  1.49642e-02 
 7.05000e+01  1.51153e-02 
 7.10000e+01  1.52333e-02 
 7.15000e+01  1.53577e-02 
 7.20000e+01  1.54866e-02 
 7.25000e+01  1.55801e-02 
 7.30000e+01  1.56981e-02 
 7.35000e+01  1.58046e-02 
 7.40000e+01  1.59037e-02 
 7.45000e+01  1.60166e-02 
 7.50000e+01  1.61135e-02 
 7.55000e+01  1.62473e-02 
 7.60000e+01  1.63593e-02 
 7.65000e+01  1.64784e-02 
 7.70000e+01  1.65835e-02 
 7.75000e+01  1.66880e-02 
 7.80000e+01  1.67764e-02 
 7.85000e+01  1.68431e-02 
 7.90000e+01  1.69176e-02 
 7.95000e+01  1.70016e-02 
 8.00000e+01  1.70833e-02 
 8.05000e+01  1.71852e-02 
 8.10000e+01  1.72605e-02 
 8.15000e+01  1.73497e-02 
 8.20000e+01  1.73992e-02 
 8.25000e+01  1.74663e-02 
 8.30000e+01  1.75383e-02 
 8.35000e+01  1.75959e-02 
 8.40000e+01  1.76870e-02 
 8.45000e+01  1.77508e-02 
 8.50000e+01  1.78389e-02 
 8.55000e+01  1.79272e-02 
 8.60000e+01  1.80093e-02 
 8.65000e+01  1.80802e-02 
 8.70000e+01  1.81588e-02 
 8.75000e+01  1.82227e-02 
 8.80000e+01  1.82861e-02 
 8.85000e+01  1.83550e-02 
 8.90000e+01  1.84424e-02 
 8.95000e+01  1.85141e-02 
 9.00000e+01  1.85870e-02 
 9.05000e+01  1.86528e-02 
 9.10000e+01  1.87349e-02 
 9.15000e+01  1.87835e-02 
 9.20000e+01  1.88482e-02 
 9.25000e+01  1.89215e-02 
 9.30000e+01  1.89791e-02 
 9.35000e+01  1.90379e-02 
 9.40000e+01  1.90902e-02 
 9.45000e+01  1.91589e-02 
 9.50000e+01  1.92158e-02 
 9.55000e+01  1.92646e-02 
 9.60000e+01  1.93140e-02 
 9.65000e+01  1.93796e-02 
 9.70000e+01  1.94374e-02 
 9.75000e+01  1.94964e-02 
 9.80000e+01  1.95857e-02 
 9.85000e+01  1.96087e-02 
 9.90000e+01  1.96388e-02 
 9.95000e+01  1.96867e-02 
 1.00000e+02  1.97487e-02 
 1.00500e+02  1.97977e-02 
 1.01000e+02  1.98383e-02 
 1.01500e+02  1.98898e-02 
 1.02000e+02  1.99414e-02 
 1.02500e+02  1.99560e-02 
 1.03000e+02  1.99847e-02 
 1.03500e+02  2.00480e-02 
 1.04000e+02  2.00979e-02 
 1.04500e+02  2.01248e-02 
 1.05000e+02  2.01606e-02 
 1.05500e+02  2.01922e-02 
 1.06000e+02  2.02227e-02 
 1.06500e+02  2.02765e-02 
 1.07000e+02  2.03122e-02 
 1.07500e+02  2.03586e-02 
 1.08000e+02  2.03932e-02 
 1.08500e+02  2.04256e-02 
 1.09000e+02  2.04590e-02 
 1.09500e+02  2.04827e-02 
 1.10000e+02  2.05197e-02 
 1.10500e+02  2.05531e-02 
 1.11000e+02  2.05836e-02 
 1.11500e+02  2.06141e-02 
 1.12000e+02  2.06472e-02 
 1.12500e+02  2.06691e-02 
 1.13000e+02  2.07089e-02 
 1.13500e+02  2.07352e-02 
 1.14000e+02  2.07697e-02 
 1.14500e+02  2.07957e-02 
 1.15000e+02  2.08141e-02 
 1.15500e+02  2.08513e-02 
 1.16000e+02  2.08821e-02 
 1.16500e+02  2.09298e-02 
 1.17000e+02  2.09568e-02 
 1.17500e+02  2.09983e-02 
 1.18000e+02  2.10393e-02 
 1.18500e+02  2.10540e-02 
 1.19000e+02  2.11018e-02 
 1.19500e+02  2.11169e-02 
 1.20000e+02  2.11340e-02 
 1.20500e+02  2.11364e-02 
 1.21000e+02  2.11573e-02 
 1.21500e+02  2.11874e-02 
 1.22000e+02  2.11789e-02 
 1.22500e+02  2.12073e-02 
 1.23000e+02  2.12295e-02 
 1.23500e+02  2.12595e-02 
 1.24000e+02  2.12619e-02 
 1.24500e+02  2.12554e-02 
 1.25000e+02  2.12663e-02 
 1.25500e+02  2.12934e-02 
 1.26000e+02  2.13222e-02 
 1.26500e+02  2.13364e-02 
 1.27000e+02  2.13588e-02 
 1.27500e+02  2.13561e-02 
 1.28000e+02  2.13856e-02 
 1.28500e+02  2.13921e-02 
 1.29000e+02  2.14047e-02 
 1.29500e+02  2.14062e-02 
 1.30000e+02  2.14263e-02 
 1.30500e+02  2.14679e-02 
 1.31000e+02  2.14589e-02 
 1.31500e+02  2.14534e-02 
 1.32000e+02  2.14598e-02 
 1.32500e+02  2.14831e-02 
 1.33000e+02  2.14900e-02 
 1.33500e+02  2.15040e-02 
 1.34000e+02  2.15205e-02 
 1.34500e+02  2.15448e-02 
 1.35000e+02  2.15349e-02 
 1.35500e+02  2.15352e-02 
 1.36000e+02  2.15504e-02 
 1.36500e+02  2.15606e-02 
 1.37000e+02  2.15671e-02 
 1.37500e+02  2.15766e-02 
 1.38000e+02  2.15895e-02 
 1.38500e+02  2.15999e-02 
 1.39000e+02  2.16217e-02 
 1.39500e+02  2.16260e-02 
 1.40000e+02  2.16407e-02 
 1.40500e+02  2.16252e-02 
 1.41000e+02  2.16184e-02 
 1.41500e+02  2.16317e-02 
 1.42000e+02  2.16525e-02 
 1.42500e+02  2.16600e-02 
 1.43000e+02  2.16575e-02 
 1.43500e+02  2.16699e-02 
 1.44000e+02  2.16785e-02 
 1.44500e+02  2.16808e-02 
 1.45000e+02  2.16799e-02 
 1.45500e+02  2.16960e-02 
 1.46000e+02  2.17148e-02 
 1.46500e+02  2.17150e-02 
 1.47000e+02  2.17176e-02 
 1.47500e+02  2.17243e-02 
 1.48000e+02  2.17280e-02 
 1.48500e+02  2.17058e-02 
 1.49000e+02  2.16957e-02 
 1.49500e+02  2.17016e-02 
 1.50000e+02  2.17097e-02 
 1.50500e+02  2.17050e-02 
 1.51000e+02  2.17170e-02 
 1.51500e+02  2.17228e-02 
 1.52000e+02  2.17200e-02 
 1.52500e+02  2.17029e-02 
 1.53000e+02  2.16988e-02 
 1.53500e+02  2.17191e-02 
 1.54000e+02  2.17352e-02 
 1.54500e+02  2.17309e-02 
 1.55000e+02  2.17243e-02 
 1.55500e+02  2.17216e-02 
 1.56000e+02  2.17184e-02 
 1.56500e+02  2.17306e-02 
 1.57000e+02  2.17284e-02 
 1.57500e+02  2.17335e-02 
 1.58000e+02  2.17368e-02 
 1.58500e+02  2.17268e-02 
 1.59000e+02  2.17400e-02 
 1.59500e+02  2.17116e-02 
 1.60000e+02  2.16970e-02 
 1.60500e+02  2.17211e-02 
 1.61000e+02  2.17258e-02 
 1.61500e+02  2.17342e-02 
 1.62000e+02  2.17383e-02 
 1.62500e+02  2.17400e-02 
 1.63000e+02  2.17031e-02 
 1.63500e+02  2.17219e-02 
 1.64000e+02  2.17209e-02 
 1.64500e+02  2.17288e-02 
 1.65000e+02  2.17155e-02 
 1.65500e+02  2.17172e-02 
 1.66000e+02  2.17111e-02 
 1.66500e+02  2.16912e-02 
 1.67000e+02  2.16899e-02 
 1.67500e+02  2.16943e-02 
 1.68000e+02  2.16976e-02 
 1.68500e+02  2.16803e-02 
 1.69000e+02  2.16871e-02 
 1.69500e+02  2.16868e-02 
 1.70000e+02  2.16815e-02 
 1.70500e+02  2.16739e-02 
 1.71000e+02  2.16615e-02 
 1.71500e+02  2.16864e-02 
 1.72000e+02  2.16678e-02 
 1.72500e+02  2.16720e-02 
 1.73000e+02  2.16681e-02 
 1.73500e+02  2.16681e-02 
 1.74000e+02  2.16694e-02 
 1.74500e+02  2.16631e-02 
 1.75000e+02  2.16301e-02 
 1.75500e+02  2.16298e-02 
 1.76000e+02  2.16200e-02 
 1.76500e+02  2.16115e-02 
 1.77000e+02  2.16087e-02 
 1.77500e+02  2.16063e-02 
 1.78000e+02  2.16099e-02 
 1.78500e+02  2.16272e-02 
 1.79000e+02  2.16117e-02 
 1.79500e+02  2.15923e-02 
 1.80000e+02  2.15888e-02 
 1.80500e+02  2.15729e-02 
 1.81000e+02  2.15810e-02 
 1.81500e+02  2.15851e-02 
 1.82000e+02  2.15739e-02 
 1.82500e+02  2.15530e-02 
 1.83000e+02  2.15558e-02 
 1.83500e+02  2.15690e-02 
 1.84000e+02  2.15638e-02 
 1.84500e+02  2.15544e-02 
 1.85000e+02  2.15273e-02 
 1.85500e+02  2.15124e-02 
 1.86000e+02  2.14967e-02 
 1.86500e+02  2.14889e-02 
 1.87000e+02  2.14654e-02 
 1.87500e+02  2.14586e-02 
 1.88000e+02  2.14571e-02 
 1.88500e+02  2.14424e-02 
 1.89000e+02  2.14282e-02 
 1.89500e+02  2.14167e-02 
 1.90000e+02  2.14208e-02 
 1.90500e+02  2.14156e-02 
 1.91000e+02  2.14037e-02 
 1.91500e+02  2.13804e-02 
 1.92000e+02  2.13736e-02 
 1.92500e+02  2.13505e-02 
 1.93000e+02  2.13472e-02 
 1.93500e+02  2.13427e-02 
 1.94000e+02  2.13318e-02 
 1.94500e+02  2.13329e-02 
 1.95000e+02  2.13087e-02 
 1.95500e+02  2.12925e-02 
 1.96000e+02  2.12756e-02 
 1.96500e+02  2.12580e-02 
 1.97000e+02  2.12565e-02 
 1.97500e+02  2.12301e-02 
 1.98000e+02  2.12104e-02 
 1.98500e+02  2.11755e-02 
 1.99000e+02  2.11469e-02 
 1.99500e+02  2.11483e-02 
 2.00000e+02  2.11148e-02 
 2.00500e+02  2.10817e-02 
 2.01000e+02  2.10612e-02 
 2.01500e+02  2.10626e-02 
 2.02000e+02  2.10157e-02 
 2.02500e+02  2.09844e-02 
 2.03000e+02  2.09543e-02 
 2.03500e+02  2.09382e-02 
 2.04000e+02  2.09073e-02 
 2.04500e+02  2.08769e-02 
 2.05000e+02  2.08818e-02 
 2.05500e+02  2.08313e-02 
 2.06000e+02  2.07997e-02 
 2.06500e+02  2.07887e-02 
 2.07000e+02  2.07726e-02 
 2.07500e+02  2.07371e-02 
 2.08000e+02  2.06850e-02 
 2.08500e+02  2.06703e-02 
 2.09000e+02  2.06567e-02 
 2.09500e+02  2.06284e-02 
 2.10000e+02  2.05844e-02 
 2.10500e+02  2.05268e-02 
 2.11000e+02  2.05120e-02 
 2.11500e+02  2.04866e-02 
 2.12000e+02  2.04455e-02 
 2.12500e+02  2.03905e-02 
 2.13000e+02  2.03422e-02 
 2.13500e+02  2.03013e-02 
 2.14000e+02  2.02816e-02 
 2.14500e+02  2.02537e-02 
 2.15000e+02  2.02154e-02 
 2.15500e+02  2.01927e-02 
 2.16000e+02  2.01276e-02 
 2.16500e+02  2.00768e-02 
 2.17000e+02  2.00413e-02 
 2.17500e+02  1.99872e-02 
 2.18000e+02  1.99213e-02 
 2.18500e+02  1.98813e-02 
 2.19000e+02  1.98404e-02 
 2.19500e+02  1.98319e-02 
 2.20000e+02  1.97874e-02 
 2.20500e+02  1.97276e-02 
 2.21000e+02  1.96779e-02 
 2.21500e+02  1.96228e-02 
 2.22000e+02  1.95566e-02 
 2.22500e+02  1.95141e-02 
 2.23000e+02  1.94592e-02 
 2.23500e+02  1.93977e-02 
 2.24000e+02  1.93558e-02 
 2.24500e+02  1.93095e-02 
 2.25000e+02  1.92564e-02 
 2.25500e+02  1.92057e-02 
 2.26000e+02  1.91260e-02 
 2.26500e+02  1.90388e-02 
 2.27000e+02  1.89615e-02 
 2.27500e+02  1.88916e-02 
 2.28000e+02  1.88402e-02 
 2.28500e+02  1.87576e-02 
 2.29000e+02  1.86625e-02 
 2.29500e+02  1.85964e-02 
 2.30000e+02  1.85476e-02 
 2.30500e+02  1.84994e-02 
 2.31000e+02  1.84316e-02 
 2.31500e+02  1.83514e-02 
 2.32000e+02  1.82548e-02 
 2.32500e+02  1.81559e-02 
 2.33000e+02  1.80953e-02 
 2.33500e+02  1.80113e-02 
 2.34000e+02  1.79441e-02 
 2.34500e+02  1.78805e-02 
 2.35000e+02  1.77967e-02 
 2.35500e+02  1.77344e-02 
 2.36000e+02  1.76465e-02 
 2.36500e+02  1.75546e-02 
 2.37000e+02  1.74408e-02 
 2.37500e+02  1.73469e-02 
 2.38000e+02  1.72588e-02 
 2.38500e+02  1.71637e-02 
 2.39000e+02  1.70878e-02 
 2.39500e+02  1.69960e-02 
 2.40000e+02  1.69127e-02 
 2.40500e+02  1.68052e-02 
 2.41000e+02  1.67194e-02 
 2.41500e+02  1.66352e-02 
 2.42000e+02  1.65465e-02 
 2.42500e+02  1.64390e-02 
 2.43000e+02  1.63316e-02 
 2.43500e+02  1.62094e-02 
 2.44000e+02  1.60955e-02 
 2.44500e+02  1.59830e-02 
 2.45000e+02  1.58751e-02 
 2.45500e+02  1.57713e-02 
 2.46000e+02  1.56485e-02 
 2.46500e+02  1.55254e-02 
 2.47000e+02  1.54236e-02 
 2.47500e+02  1.53180e-02 
 2.48000e+02  1.52008e-02 
 2.48500e+02  1.50818e-02 
 2.49000e+02  1.49650e-02 
 2.49500e+02  1.48452e-02 
 2.50000e+02  1.47303e-02 
 2.50500e+02  1.45811e-02 
 2.51000e+02  1.44353e-02 
 2.51500e+02  1.42882e-02 
 2.52000e+02  1.41434e-02 
 2.52500e+02  1.40191e-02 
 2.53000e+02  1.38835e-02 
 2.53500e+02  1.37349e-02 
 2.54000e+02  1.35800e-02 
 2.54500e+02  1.34396e-02 
 2.55000e+02  1.32857e-02 
 2.55500e+02  1.31408e-02 
 2.56000e+02  1.29818e-02 
 2.56500e+02  1.28012e-02 
 2.57000e+02  1.26121e-02 
 2.57500e+02  1.24154e-02 
 2.58000e+02  1.22163e-02 
 2.58500e+02  1.19870e-02 
 2.59000e+02  1.17616e-02 
 2.59500e+02  1.15384e-02 
 2.60000e+02  1.13037e-02 
 2.60500e+02  1.10605e-02 
 2.61000e+02  1.08118e-02 
 2.61500e+02  1.05637e-02 
 2.62000e+02  1.03049e-02 
 2.62500e+02  1.00156e-02 
 2.63000e+02  9.74086e-03 
 2.63500e+02  9.44429e-03 
 2.64000e+02  9.14400e-03 
 2.64500e+02  8.85081e-03 
 2.65000e+02  8.53774e-03 
 2.65500e+02  8.21179e-03 
 2.66000e+02  7.89466e-03 
 2.66500e+02  7.55649e-03 
 2.67000e+02  7.22950e-03 
 2.67500e+02  6.88792e-03 
 2.68000e+02  6.54442e-03 
 2.68500e+02  6.20313e-03 
 2.69000e+02  5.87582e-03 
 2.69500e+02  5.55586e-03 
 2.70000e+02  5.24897e-03 
 2.70500e+02  4.95436e-03 
 2.71000e+02  4.65893e-03 
 2.71500e+02  4.39133e-03 
 2.72000e+02  4.13140e-03 
 2.72500e+02  3.88985e-03 
 2.73000e+02  3.67005e-03 
 2.73500e+02  3.46536e-03 
 2.74000e+02  3.27741e-03 
 2.74500e+02  3.08444e-03 
 2.75000e+02  2.92125e-03 
 2.75500e+02  2.76711e-03 
 2.76000e+02  2.61880e-03 
 2.76500e+02  2.47736e-03 
 2.77000e+02  2.35238e-03 
 2.77500e+02  2.23670e-03 
 2.78000e+02  2.12384e-03 
 2.78500e+02  2.02578e-03 
 2.79000e+02  1.92523e-03 
 2.79500e+02  1.83803e-03 
 2.80000e+02  1.75522e-03 
 2.80500e+02  1.68264e-03 
 2.81000e+02  1.60821e-03 
 2.81500e+02  1.53614e-03 
 2.82000e+02  1.47711e-03 
 2.82500e+02  1.41936e-03 
 2.83000e+02  1.36049e-03 
 2.83500e+02  1.30910e-03 
 2.84000e+02  1.25477e-03 
 2.84500e+02  1.21018e-03 
 2.85000e+02  1.16897e-03 
 2.85500e+02  1.12700e-03 
 2.86000e+02  1.08364e-03 
 2.86500e+02  1.04892e-03 
 2.87000e+02  1.00836e-03 
 2.87500e+02  9.71834e-04 
 2.88000e+02  9.34740e-04 
 2.88500e+02  8.99894e-04 
 2.89000e+02  8.70254e-04 
 2.89500e+02  8.38975e-04 
 2.90000e+02  8.11470e-04 
 2.90500e+02  7.84535e-04 
 2.91000e+02  7.56298e-04 
 2.91500e+02  7.30804e-04 
 2.92000e+02  7.04531e-04 
 2.92500e+02  6.79414e-04 
 2.93000e+02  6.53993e-04 
 2.93500e+02  6.28851e-04 
 2.94000e+02  6.03743e-04 
 2.94500e+02  5.82434e-04 
 2.95000e+02  5.61678e-04 
 2.95500e+02  5.40936e-04 
 2.96000e+02  5.16785e-04 
 2.96500e+02  4.95341e-04 
 2.97000e+02  4.73698e-04 
 2.97500e+02  4.55058e-04 
 2.98000e+02  4.35007e-04 
 2.98500e+02  4.15502e-04 
 2.99000e+02  3.97582e-04 
 2.99500e+02  3.81540e-04 
 3.00000e+02  3.66060e-04 
 3.00500e+02  3.51110e-04 
 3.01000e+02  3.35183e-04 
 3.01500e+02  3.19878e-04 
 3.02000e+02  3.06174e-04 
 3.02500e+02  2.92234e-04 
 3.03000e+02  2.81301e-04 
 3.03500e+02  2.69004e-04 
 3.04000e+02  2.57631e-04 
 3.04500e+02  2.48365e-04 
 3.05000e+02  2.37446e-04 
 3.05500e+02  2.27491e-04 
 3.06000e+02  2.18026e-04 
 3.06500e+02  2.08813e-04 
 3.07000e+02  2.01606e-04 
 3.07500e+02  1.92208e-04 
 3.08000e+02  1.83540e-04 
 3.08500e+02  1.73957e-04 
 3.09000e+02  1.64348e-04 
 3.09500e+02  1.56875e-04 
 3.10000e+02  1.50136e-04 
 3.10500e+02  1.42298e-04 
 3.11000e+02  1.34257e-04 
 3.11500e+02  1.26878e-04 
 3.12000e+02  1.20972e-04 
 3.12500e+02  1.15242e-04 
 3.13000e+02  1.07822e-04 
 3.13500e+02  1.02065e-04 
 3.14000e+02  9.49624e-05 
 3.14500e+02  8.91600e-05 
 3.15000e+02  8.39560e-05 
 3.15500e+02  7.89736e-05 
 3.16000e+02  7.41720e-05 
 3.16500e+02  6.91824e-05 
 3.17000e+02  6.49752e-05 
 3.17500e+02  6.07424e-05 
 3.18000e+02  5.67656e-05 
 3.18500e+02  5.20424e-05 
 3.19000e+02  4.89128e-05 
 3.19500e+02  4.54280e-05 
