 0.00000e+00  4.63272e-05 
 5.00000e-01  4.88160e-05 
 1.00000e+00  5.30728e-05 
 1.50000e+00  5.69672e-05 
 2.00000e+00  6.20840e-05 
 2.50000e+00  6.69544e-05 
 3.00000e+00  7.15896e-05 
 3.50000e+00  7.62504e-05 
 4.00000e+00  8.11000e-05 
 4.50000e+00  8.63992e-05 
 5.00000e+00  9.24592e-05 
 5.50000e+00  9.83408e-05 
 6.00000e+00  1.04616e-04 
 6.50000e+00  1.09238e-04 
 7.00000e+00  1.15113e-04 
 7.50000e+00  1.23082e-04 
 8.00000e+00  1.31018e-04 
 8.50000e+00  1.37222e-04 
 9.00000e+00  1.44579e-04 
 9.50000e+00  1.52346e-04 
 1.00000e+01  1.60734e-04 
 1.05000e+01  1.69730e-04 
 1.10000e+01  1.74501e-04 
 1.15000e+01  1.84382e-04 
 1.20000e+01  1.91842e-04 
 1.25000e+01  2.00125e-04 
 1.30000e+01  2.10429e-04 
 1.35000e+01  2.20343e-04 
 1.40000e+01  2.31230e-04 
 1.45000e+01  2.40498e-04 
 1.50000e+01  2.50381e-04 
 1.55000e+01  2.61841e-04 
 1.60000e+01  2.70711e-04 
 1.65000e+01  2.83034e-04 
 1.70000e+01  2.95618e-04 
 1.75000e+01  3.10165e-04 
 1.80000e+01  3.22082e-04 
 1.85000e+01  3.37007e-04 
 1.90000e+01  3.53241e-04 
 1.95000e+01  3.68482e-04 
 2.00000e+01  3.85942e-04 
 2.05000e+01  4.03155e-04 
 2.10000e+01  4.23217e-04 
 2.15000e+01  4.40866e-04 
 2.20000e+01  4.61671e-04 
 2.25000e+01  4.82915e-04 
 2.30000e+01  5.04974e-04 
 2.35000e+01  5.24818e-04 
 2.40000e+01  5.46781e-04 
 2.45000e+01  5.71151e-04 
 2.50000e+01  5.90897e-04 
 2.55000e+01  6.15052e-04 
 2.60000e+01  6.41405e-04 
 2.65000e+01  6.64751e-04 
 2.70000e+01  6.89918e-04 
 2.75000e+01  7.15566e-04 
 2.80000e+01  7.42996e-04 
 2.85000e+01  7.73962e-04 
 2.90000e+01  8.00773e-04 
 2.95000e+01  8.27395e-04 
 3.00000e+01  8.52920e-04 
 3.05000e+01  8.87438e-04 
 3.10000e+01  9.17154e-04 
 3.15000e+01  9.53626e-04 
 3.20000e+01  9.87661e-04 
 3.25000e+01  1.02479e-03 
 3.30000e+01  1.05908e-03 
 3.35000e+01  1.10221e-03 
 3.40000e+01  1.14666e-03 
 3.45000e+01  1.18958e-03 
 3.50000e+01  1.23245e-03 
 3.55000e+01  1.28028e-03 
 3.60000e+01  1.33023e-03 
 3.65000e+01  1.38905e-03 
 3.70000e+01  1.44803e-03 
 3.75000e+01  1.50690e-03 
 3.80000e+01  1.57248e-03 
 3.85000e+01  1.64085e-03 
 3.90000e+01  1.71609e-03 
 3.95000e+01  1.79506e-03 
 4.00000e+01  1.87495e-03 
 4.05000e+01  1.96645e-03 
 4.10000e+01  2.06564e-03 
 4.15000e+01  2.17031e-03 
 4.20000e+01  2.28228e-03 
 4.25000e+01  2.41181e-03 
 4.30000e+01  2.53996e-03 
 4.35000e+01  2.68116e-03 
 4.40000e+01  2.83177e-03 
 4.45000e+01  2.99092e-03 
 4.50000e+01  3.16672e-03 
 4.55000e+01  3.33988e-03 
 4.60000e+01  3.53746e-03 
 4.65000e+01  3.75846e-03 
 4.70000e+01  3.98381e-03 
 4.75000e+01  4.23194e-03 
 4.80000e+01  4.49000e-03 
 4.85000e+01  4.77247e-03 
 4.90000e+01  5.06100e-03 
 4.95000e+01  5.37126e-03 
 5.00000e+01  5.69217e-03 
 5.05000e+01  6.04169e-03 
 5.10000e+01  6.39948e-03 
 5.15000e+01  6.75424e-03 
 5.20000e+01  7.10899e-03 
 5.25000e+01  7.46612e-03 
 5.30000e+01  7.82391e-03 
 5.35000e+01  8.17842e-03 
 5.40000e+01  8.52951e-03 
 5.45000e+01  8.86056e-03 
 5.50000e+01  9.20344e-03 
 5.55000e+01  9.52963e-03 
 5.60000e+01  9.83863e-03 
 5.65000e+01  1.01403e-02 
 5.70000e+01  1.04304e-02 
 5.75000e+01  1.07072e-02 
 5.80000e+01  1.09823e-02 
 5.85000e+01  1.12300e-02 
 5.90000e+01  1.14808e-02 
 5.95000e+01  1.17234e-02 
 6.00000e+01  1.19262e-02 
 6.05000e+01  1.21327e-02 
 6.10000e+01  1.23346e-02 
 6.15000e+01  1.25250e-02 
 6.20000e+01  1.27099e-02 
 6.25000e+01  1.28896e-02 
 6.30000e+01  1.30824e-02 
 6.35000e+01  1.32466e-02 
 6.40000e+01  1.34041e-02 
 6.45000e+01  1.35554e-02 
 6.50000e+01  1.36916e-02 
 6.55000e+01  1.38318e-02 
 6.60000e+01  1.39765e-02 
 6.65000e+01  1.41267e-02 
 6.70000e+01  1.42742e-02 
 6.75000e+01  1.44236e-02 
 6.80000e+01  1.45678e-02 
 6.85000e+01  1.47223e-02 
 6.90000e+01  1.48613e-02 
 6.95000e+01  1.50068e-02 
 7.00000e+01  1.51175e-02 
 7.05000e+01  1.52429e-02 
 7.10000e+01  1.53775e-02 
 7.15000e+01  1.54960e-02 
 7.20000e+01  1.56187e-02 
 7.25000e+01  1.57244e-02 
 7.30000e+01  1.58380e-02 
 7.35000e+01  1.59203e-02 
 7.40000e+01  1.60322e-02 
 7.45000e+01  1.61383e-02 
 7.50000e+01  1.62433e-02 
 7.55000e+01  1.63605e-02 
 7.60000e+01  1.64748e-02 
 7.65000e+01  1.65693e-02 
 7.70000e+01  1.66606e-02 
 7.75000e+01  1.67434e-02 
 7.80000e+01  1.68344e-02 
 7.85000e+01  1.69033e-02 
 7.90000e+01  1.69770e-02 
 7.95000e+01  1.70534e-02 
 8.00000e+01  1.71521e-02 
 8.05000e+01  1.72435e-02 
 8.10000e+01  1.73592e-02 
 8.15000e+01  1.74627e-02 
 8.20000e+01  1.75712e-02 
 8.25000e+01  1.76593e-02 
 8.30000e+01  1.77380e-02 
 8.35000e+01  1.78245e-02 
 8.40000e+01  1.79074e-02 
 8.45000e+01  1.79702e-02 
 8.50000e+01  1.80680e-02 
 8.55000e+01  1.81358e-02 
 8.60000e+01  1.82169e-02 
 8.65000e+01  1.83025e-02 
 8.70000e+01  1.83600e-02 
 8.75000e+01  1.84399e-02 
 8.80000e+01  1.85090e-02 
 8.85000e+01  1.85838e-02 
 8.90000e+01  1.86810e-02 
 8.95000e+01  1.87449e-02 
 9.00000e+01  1.88241e-02 
 9.05000e+01  1.88999e-02 
 9.10000e+01  1.89736e-02 
 9.15000e+01  1.90435e-02 
 9.20000e+01  1.90949e-02 
 9.25000e+01  1.91361e-02 
 9.30000e+01  1.91744e-02 
 9.35000e+01  1.92470e-02 
 9.40000e+01  1.93122e-02 
 9.45000e+01  1.93874e-02 
 9.50000e+01  1.94452e-02 
 9.55000e+01  1.94801e-02 
 9.60000e+01  1.95365e-02 
 9.65000e+01  1.95846e-02 
 9.70000e+01  1.96273e-02 
 9.75000e+01  1.96703e-02 
 9.80000e+01  1.97442e-02 
 9.85000e+01  1.97857e-02 
 9.90000e+01  1.98377e-02 
 9.95000e+01  1.99113e-02 
 1.00000e+02  1.99612e-02 
 1.00500e+02  2.00055e-02 
 1.01000e+02  2.00623e-02 
 1.01500e+02  2.01068e-02 
 1.02000e+02  2.01672e-02 
 1.02500e+02  2.01982e-02 
 1.03000e+02  2.02680e-02 
 1.03500e+02  2.03276e-02 
 1.04000e+02  2.03779e-02 
 1.04500e+02  2.04314e-02 
 1.05000e+02  2.04727e-02 
 1.05500e+02  2.05182e-02 
 1.06000e+02  2.05581e-02 
 1.06500e+02  2.06063e-02 
 1.07000e+02  2.06462e-02 
 1.07500e+02  2.07011e-02 
 1.08000e+02  2.07384e-02 
 1.08500e+02  2.08009e-02 
 1.09000e+02  2.08294e-02 
 1.09500e+02  2.08577e-02 
 1.10000e+02  2.08975e-02 
 1.10500e+02  2.09300e-02 
 1.11000e+02  2.09661e-02 
 1.11500e+02  2.09858e-02 
 1.12000e+02  2.09871e-02 
 1.12500e+02  2.10198e-02 
 1.13000e+02  2.10392e-02 
 1.13500e+02  2.10480e-02 
 1.14000e+02  2.10721e-02 
 1.14500e+02  2.11112e-02 
 1.15000e+02  2.11610e-02 
 1.15500e+02  2.12018e-02 
 1.16000e+02  2.12042e-02 
 1.16500e+02  2.12557e-02 
 1.17000e+02  2.12755e-02 
 1.17500e+02  2.12951e-02 
 1.18000e+02  2.13172e-02 
 1.18500e+02  2.13430e-02 
 1.19000e+02  2.13814e-02 
 1.19500e+02  2.14025e-02 
 1.20000e+02  2.14178e-02 
 1.20500e+02  2.14360e-02 
 1.21000e+02  2.14498e-02 
 1.21500e+02  2.14711e-02 
 1.22000e+02  2.14857e-02 
 1.22500e+02  2.14935e-02 
 1.23000e+02  2.15169e-02 
 1.23500e+02  2.15324e-02 
 1.24000e+02  2.15642e-02 
 1.24500e+02  2.15838e-02 
 1.25000e+02  2.16194e-02 
 1.25500e+02  2.16356e-02 
 1.26000e+02  2.16296e-02 
 1.26500e+02  2.16457e-02 
 1.27000e+02  2.16486e-02 
 1.27500e+02  2.16671e-02 
 1.28000e+02  2.16663e-02 
 1.28500e+02  2.16663e-02 
 1.29000e+02  2.16932e-02 
 1.29500e+02  2.17241e-02 
 1.30000e+02  2.17393e-02 
 1.30500e+02  2.17663e-02 
 1.31000e+02  2.17757e-02 
 1.31500e+02  2.17831e-02 
 1.32000e+02  2.17752e-02 
 1.32500e+02  2.17806e-02 
 1.33000e+02  2.17931e-02 
 1.33500e+02  2.17993e-02 
 1.34000e+02  2.18047e-02 
 1.34500e+02  2.18329e-02 
 1.35000e+02  2.18699e-02 
 1.35500e+02  2.18827e-02 
 1.36000e+02  2.18806e-02 
 1.36500e+02  2.19023e-02 
 1.37000e+02  2.19084e-02 
 1.37500e+02  2.19153e-02 
 1.38000e+02  2.19345e-02 
 1.38500e+02  2.19359e-02 
 1.39000e+02  2.19589e-02 
 1.39500e+02  2.19734e-02 
 1.40000e+02  2.19632e-02 
 1.40500e+02  2.19718e-02 
 1.41000e+02  2.19821e-02 
 1.41500e+02  2.19629e-02 
 1.42000e+02  2.19899e-02 
 1.42500e+02  2.19791e-02 
 1.43000e+02  2.19968e-02 
 1.43500e+02  2.19849e-02 
 1.44000e+02  2.19873e-02 
 1.44500e+02  2.20112e-02 
 1.45000e+02  2.20292e-02 
 1.45500e+02  2.20343e-02 
 1.46000e+02  2.20399e-02 
 1.46500e+02  2.20206e-02 
 1.47000e+02  2.20161e-02 
 1.47500e+02  2.20377e-02 
 1.48000e+02  2.20495e-02 
 1.48500e+02  2.20456e-02 
 1.49000e+02  2.20430e-02 
 1.49500e+02  2.20452e-02 
 1.50000e+02  2.20478e-02 
 1.50500e+02  2.20595e-02 
 1.51000e+02  2.20776e-02 
 1.51500e+02  2.20706e-02 
 1.52000e+02  2.20707e-02 
 1.52500e+02  2.20778e-02 
 1.53000e+02  2.20825e-02 
 1.53500e+02  2.20829e-02 
 1.54000e+02  2.20922e-02 
 1.54500e+02  2.20755e-02 
 1.55000e+02  2.20803e-02 
 1.55500e+02  2.20562e-02 
 1.56000e+02  2.20721e-02 
 1.56500e+02  2.20671e-02 
 1.57000e+02  2.20611e-02 
 1.57500e+02  2.20703e-02 
 1.58000e+02  2.20942e-02 
 1.58500e+02  2.21000e-02 
 1.59000e+02  2.20858e-02 
 1.59500e+02  2.20781e-02 
 1.60000e+02  2.20733e-02 
 1.60500e+02  2.20618e-02 
 1.61000e+02  2.20449e-02 
 1.61500e+02  2.20654e-02 
 1.62000e+02  2.20659e-02 
 1.62500e+02  2.20445e-02 
 1.63000e+02  2.20401e-02 
 1.63500e+02  2.20463e-02 
 1.64000e+02  2.20427e-02 
 1.64500e+02  2.20626e-02 
 1.65000e+02  2.20616e-02 
 1.65500e+02  2.20601e-02 
 1.66000e+02  2.20588e-02 
 1.66500e+02  2.20608e-02 
 1.67000e+02  2.20563e-02 
 1.67500e+02  2.20918e-02 
 1.68000e+02  2.20855e-02 
 1.68500e+02  2.20796e-02 
 1.69000e+02  2.20877e-02 
 1.69500e+02  2.20611e-02 
 1.70000e+02  2.20533e-02 
 1.70500e+02  2.20503e-02 
 1.71000e+02  2.20377e-02 
 1.71500e+02  2.20266e-02 
 1.72000e+02  2.20304e-02 
 1.72500e+02  2.20034e-02 
 1.73000e+02  2.20003e-02 
 1.73500e+02  2.20171e-02 
 1.74000e+02  2.19969e-02 
 1.74500e+02  2.19725e-02 
 1.75000e+02  2.19996e-02 
 1.75500e+02  2.20016e-02 
 1.76000e+02  2.19885e-02 
 1.76500e+02  2.19919e-02 
 1.77000e+02  2.19854e-02 
 1.77500e+02  2.19733e-02 
 1.78000e+02  2.19914e-02 
 1.78500e+02  2.19841e-02 
 1.79000e+02  2.19521e-02 
 1.79500e+02  2.19597e-02 
 1.80000e+02  2.19555e-02 
 1.80500e+02  2.19515e-02 
 1.81000e+02  2.19212e-02 
 1.81500e+02  2.19206e-02 
 1.82000e+02  2.19186e-02 
 1.82500e+02  2.19066e-02 
 1.83000e+02  2.18866e-02 
 1.83500e+02  2.18809e-02 
 1.84000e+02  2.18642e-02 
 1.84500e+02  2.18408e-02 
 1.85000e+02  2.18313e-02 
 1.85500e+02  2.18302e-02 
 1.86000e+02  2.18099e-02 
 1.86500e+02  2.17961e-02 
 1.87000e+02  2.17854e-02 
 1.87500e+02  2.17961e-02 
 1.88000e+02  2.17900e-02 
 1.88500e+02  2.17773e-02 
 1.89000e+02  2.17756e-02 
 1.89500e+02  2.17773e-02 
 1.90000e+02  2.17567e-02 
 1.90500e+02  2.17350e-02 
 1.91000e+02  2.17070e-02 
 1.91500e+02  2.16948e-02 
 1.92000e+02  2.16931e-02 
 1.92500e+02  2.17000e-02 
 1.93000e+02  2.16937e-02 
 1.93500e+02  2.16783e-02 
 1.94000e+02  2.16474e-02 
 1.94500e+02  2.16395e-02 
 1.95000e+02  2.16232e-02 
 1.95500e+02  2.16037e-02 
 1.96000e+02  2.15828e-02 
 1.96500e+02  2.15622e-02 
 1.97000e+02  2.15364e-02 
 1.97500e+02  2.14958e-02 
 1.98000e+02  2.14506e-02 
 1.98500e+02  2.14064e-02 
 1.99000e+02  2.14024e-02 
 1.99500e+02  2.14080e-02 
 2.00000e+02  2.14103e-02 
 2.00500e+02  2.13777e-02 
 2.01000e+02  2.13487e-02 
 2.01500e+02  2.13486e-02 
 2.02000e+02  2.13213e-02 
 2.02500e+02  2.12896e-02 
 2.03000e+02  2.12612e-02 
 2.03500e+02  2.12391e-02 
 2.04000e+02  2.12133e-02 
 2.04500e+02  2.11960e-02 
 2.05000e+02  2.11616e-02 
 2.05500e+02  2.11340e-02 
 2.06000e+02  2.10968e-02 
 2.06500e+02  2.10727e-02 
 2.07000e+02  2.10279e-02 
 2.07500e+02  2.09964e-02 
 2.08000e+02  2.09493e-02 
 2.08500e+02  2.09228e-02 
 2.09000e+02  2.08817e-02 
 2.09500e+02  2.08514e-02 
 2.10000e+02  2.08293e-02 
 2.10500e+02  2.07888e-02 
 2.11000e+02  2.07334e-02 
 2.11500e+02  2.07089e-02 
 2.12000e+02  2.06626e-02 
 2.12500e+02  2.06388e-02 
 2.13000e+02  2.06125e-02 
 2.13500e+02  2.05782e-02 
 2.14000e+02  2.05208e-02 
 2.14500e+02  2.04738e-02 
 2.15000e+02  2.04265e-02 
 2.15500e+02  2.03778e-02 
 2.16000e+02  2.03455e-02 
 2.16500e+02  2.02816e-02 
 2.17000e+02  2.02428e-02 
 2.17500e+02  2.01999e-02 
 2.18000e+02  2.01427e-02 
 2.18500e+02  2.01054e-02 
 2.19000e+02  2.00592e-02 
 2.19500e+02  2.00345e-02 
 2.20000e+02  1.99853e-02 
 2.20500e+02  1.99239e-02 
 2.21000e+02  1.98955e-02 
 2.21500e+02  1.98470e-02 
 2.22000e+02  1.97802e-02 
 2.22500e+02  1.97247e-02 
 2.23000e+02  1.96653e-02 
 2.23500e+02  1.95648e-02 
 2.24000e+02  1.95007e-02 
 2.24500e+02  1.94759e-02 
 2.25000e+02  1.94377e-02 
 2.25500e+02  1.93733e-02 
 2.26000e+02  1.92862e-02 
 2.26500e+02  1.92024e-02 
 2.27000e+02  1.91595e-02 
 2.27500e+02  1.90810e-02 
 2.28000e+02  1.90142e-02 
 2.28500e+02  1.89480e-02 
 2.29000e+02  1.88483e-02 
 2.29500e+02  1.87714e-02 
 2.30000e+02  1.86974e-02 
 2.30500e+02  1.86299e-02 
 2.31000e+02  1.85917e-02 
 2.31500e+02  1.85194e-02 
 2.32000e+02  1.84523e-02 
 2.32500e+02  1.83711e-02 
 2.33000e+02  1.82948e-02 
 2.33500e+02  1.82078e-02 
 2.34000e+02  1.81134e-02 
 2.34500e+02  1.80205e-02 
 2.35000e+02  1.79256e-02 
 2.35500e+02  1.78326e-02 
 2.36000e+02  1.77582e-02 
 2.36500e+02  1.76714e-02 
 2.37000e+02  1.76032e-02 
 2.37500e+02  1.75084e-02 
 2.38000e+02  1.74425e-02 
 2.38500e+02  1.73412e-02 
 2.39000e+02  1.72440e-02 
 2.39500e+02  1.71589e-02 
 2.40000e+02  1.70603e-02 
 2.40500e+02  1.69658e-02 
 2.41000e+02  1.68877e-02 
 2.41500e+02  1.68224e-02 
 2.42000e+02  1.67358e-02 
 2.42500e+02  1.66460e-02 
 2.43000e+02  1.65641e-02 
 2.43500e+02  1.64643e-02 
 2.44000e+02  1.63668e-02 
 2.44500e+02  1.62530e-02 
 2.45000e+02  1.61512e-02 
 2.45500e+02  1.60409e-02 
 2.46000e+02  1.59263e-02 
 2.46500e+02  1.58354e-02 
 2.47000e+02  1.57200e-02 
 2.47500e+02  1.55989e-02 
 2.48000e+02  1.54820e-02 
 2.48500e+02  1.53433e-02 
 2.49000e+02  1.52038e-02 
 2.49500e+02  1.50733e-02 
 2.50000e+02  1.49576e-02 
 2.50500e+02  1.48626e-02 
 2.51000e+02  1.47506e-02 
 2.51500e+02  1.46289e-02 
 2.52000e+02  1.44903e-02 
 2.52500e+02  1.43733e-02 
 2.53000e+02  1.42275e-02 
 2.53500e+02  1.40830e-02 
 2.54000e+02  1.39326e-02 
 2.54500e+02  1.37847e-02 
 2.55000e+02  1.36335e-02 
 2.55500e+02  1.34781e-02 
 2.56000e+02  1.32964e-02 
 2.56500e+02  1.31351e-02 
 2.57000e+02  1.29326e-02 
 2.57500e+02  1.27297e-02 
 2.58000e+02  1.25220e-02 
 2.58500e+02  1.23147e-02 
 2.59000e+02  1.20961e-02 
 2.59500e+02  1.18857e-02 
 2.60000e+02  1.16650e-02 
 2.60500e+02  1.14311e-02 
 2.61000e+02  1.11830e-02 
 2.61500e+02  1.09337e-02 
 2.62000e+02  1.06784e-02 
 2.62500e+02  1.03839e-02 
 2.63000e+02  1.00845e-02 
 2.63500e+02  9.77491e-03 
 2.64000e+02  9.46447e-03 
 2.64500e+02  9.14451e-03 
 2.65000e+02  8.81921e-03 
 2.65500e+02  8.48153e-03 
 2.66000e+02  8.15108e-03 
 2.66500e+02  7.80333e-03 
 2.67000e+02  7.45312e-03 
 2.67500e+02  7.10086e-03 
 2.68000e+02  6.75358e-03 
 2.68500e+02  6.40916e-03 
 2.69000e+02  6.06969e-03 
 2.69500e+02  5.74759e-03 
 2.70000e+02  5.42553e-03 
 2.70500e+02  5.11685e-03 
 2.71000e+02  4.82636e-03 
 2.71500e+02  4.54828e-03 
 2.72000e+02  4.28124e-03 
 2.72500e+02  4.03482e-03 
 2.73000e+02  3.80201e-03 
 2.73500e+02  3.58139e-03 
 2.74000e+02  3.37833e-03 
 2.74500e+02  3.18591e-03 
 2.75000e+02  3.01557e-03 
 2.75500e+02  2.85629e-03 
 2.76000e+02  2.70165e-03 
 2.76500e+02  2.56352e-03 
 2.77000e+02  2.43348e-03 
 2.77500e+02  2.30586e-03 
 2.78000e+02  2.19019e-03 
 2.78500e+02  2.07891e-03 
 2.79000e+02  1.98068e-03 
 2.79500e+02  1.88792e-03 
 2.80000e+02  1.80590e-03 
 2.80500e+02  1.72656e-03 
 2.81000e+02  1.64980e-03 
 2.81500e+02  1.58245e-03 
 2.82000e+02  1.51630e-03 
 2.82500e+02  1.45479e-03 
 2.83000e+02  1.39739e-03 
 2.83500e+02  1.34590e-03 
 2.84000e+02  1.29239e-03 
 2.84500e+02  1.24043e-03 
 2.85000e+02  1.19162e-03 
 2.85500e+02  1.14790e-03 
 2.86000e+02  1.10366e-03 
 2.86500e+02  1.06316e-03 
 2.87000e+02  1.02561e-03 
 2.87500e+02  9.91862e-04 
 2.88000e+02  9.52339e-04 
 2.88500e+02  9.22454e-04 
 2.89000e+02  8.89682e-04 
 2.89500e+02  8.58863e-04 
 2.90000e+02  8.26226e-04 
 2.90500e+02  7.99665e-04 
 2.91000e+02  7.71458e-04 
 2.91500e+02  7.41903e-04 
 2.92000e+02  7.15057e-04 
 2.92500e+02  6.88021e-04 
 2.93000e+02  6.63651e-04 
 2.93500e+02  6.40049e-04 
 2.94000e+02  6.15341e-04 
 2.94500e+02  5.90805e-04 
 2.95000e+02  5.68266e-04 
 2.95500e+02  5.42988e-04 
 2.96000e+02  5.21462e-04 
 2.96500e+02  4.97978e-04 
 2.97000e+02  4.76858e-04 
 2.97500e+02  4.56633e-04 
 2.98000e+02  4.38909e-04 
 2.98500e+02  4.20872e-04 
 2.99000e+02  4.02427e-04 
 2.99500e+02  3.82090e-04 
 3.00000e+02  3.66924e-04 
 3.00500e+02  3.52400e-04 
 3.01000e+02  3.36740e-04 
 3.01500e+02  3.22830e-04 
 3.02000e+02  3.08775e-04 
 3.02500e+02  2.94725e-04 
 3.03000e+02  2.82109e-04 
 3.03500e+02  2.71583e-04 
 3.04000e+02  2.61366e-04 
 3.04500e+02  2.49242e-04 
 3.05000e+02  2.38789e-04 
 3.05500e+02  2.28144e-04 
 3.06000e+02  2.18954e-04 
 3.06500e+02  2.08518e-04 
 3.07000e+02  1.99748e-04 
 3.07500e+02  1.92040e-04 
 3.08000e+02  1.83582e-04 
 3.08500e+02  1.73439e-04 
 3.09000e+02  1.67141e-04 
 3.09500e+02  1.59228e-04 
 3.10000e+02  1.52608e-04 
 3.10500e+02  1.44225e-04 
 3.11000e+02  1.35486e-04 
 3.11500e+02  1.29244e-04 
 3.12000e+02  1.23070e-04 
 3.12500e+02  1.15886e-04 
 3.13000e+02  1.09415e-04 
 3.13500e+02  1.02435e-04 
 3.14000e+02  9.73192e-05 
 3.14500e+02  9.19856e-05 
 3.15000e+02  8.56488e-05 
 3.15500e+02  8.13320e-05 
 3.16000e+02  7.60136e-05 
 3.16500e+02  7.13768e-05 
 3.17000e+02  6.62176e-05 
 3.17500e+02  6.22256e-05 
 3.18000e+02  5.69232e-05 
 3.18500e+02  5.29584e-05 
 3.19000e+02  4.82592e-05 
 3.19500e+02  4.63392e-05 
