 0.00000e+00  1.21347e-03 
 5.00000e-01  1.22403e-03 
 1.00000e+00  1.22829e-03 
 1.50000e+00  1.23466e-03 
 2.00000e+00  1.24313e-03 
 2.50000e+00  1.25792e-03 
 3.00000e+00  1.26978e-03 
 3.50000e+00  1.28774e-03 
 4.00000e+00  1.30053e-03 
 4.50000e+00  1.30019e-03 
 5.00000e+00  1.31197e-03 
 5.50000e+00  1.32686e-03 
 6.00000e+00  1.32979e-03 
 6.50000e+00  1.33829e-03 
 7.00000e+00  1.35935e-03 
 7.50000e+00  1.38180e-03 
 8.00000e+00  1.38654e-03 
 8.50000e+00  1.40198e-03 
 9.00000e+00  1.41053e-03 
 9.50000e+00  1.41439e-03 
 1.00000e+01  1.43183e-03 
 1.05000e+01  1.44251e-03 
 1.10000e+01  1.45719e-03 
 1.15000e+01  1.47386e-03 
 1.20000e+01  1.49068e-03 
 1.25000e+01  1.50994e-03 
 1.30000e+01  1.53175e-03 
 1.35000e+01  1.54257e-03 
 1.40000e+01  1.55171e-03 
 1.45000e+01  1.55801e-03 
 1.50000e+01  1.58619e-03 
 1.55000e+01  1.61204e-03 
 1.60000e+01  1.62207e-03 
 1.65000e+01  1.62290e-03 
 1.70000e+01  1.64647e-03 
 1.75000e+01  1.67379e-03 
 1.80000e+01  1.69785e-03 
 1.85000e+01  1.71116e-03 
 1.90000e+01  1.72921e-03 
 1.95000e+01  1.74487e-03 
 2.00000e+01  1.77580e-03 
 2.05000e+01  1.80308e-03 
 2.10000e+01  1.83552e-03 
 2.15000e+01  1.84469e-03 
 2.20000e+01  1.86443e-03 
 2.25000e+01  1.89433e-03 
 2.30000e+01  1.91324e-03 
 2.35000e+01  1.95654e-03 
 2.40000e+01  2.00830e-03 
 2.45000e+01  2.00299e-03 
 2.50000e+01  2.03865e-03 
 2.55000e+01  2.06201e-03 
 2.60000e+01  2.11048e-03 
 2.65000e+01  2.14004e-03 
 2.70000e+01  2.16014e-03 
 2.75000e+01  2.19776e-03 
 2.80000e+01  2.23453e-03 
 2.85000e+01  2.26865e-03 
 2.90000e+01  2.32246e-03 
 2.95000e+01  2.34605e-03 
 3.00000e+01  2.37363e-03 
 3.05000e+01  2.43096e-03 
 3.10000e+01  2.47645e-03 
 3.15000e+01  2.51556e-03 
 3.20000e+01  2.55581e-03 
 3.25000e+01  2.61802e-03 
 3.30000e+01  2.65726e-03 
 3.35000e+01  2.70367e-03 
 3.40000e+01  2.75850e-03 
 3.45000e+01  2.84101e-03 
 3.50000e+01  2.89980e-03 
 3.55000e+01  2.97596e-03 
 3.60000e+01  3.04748e-03 
 3.65000e+01  3.13801e-03 
 3.70000e+01  3.19825e-03 
 3.75000e+01  3.27485e-03 
 3.80000e+01  3.32745e-03 
 3.85000e+01  3.42360e-03 
 3.90000e+01  3.53608e-03 
 3.95000e+01  3.59598e-03 
 4.00000e+01  3.69905e-03 
 4.05000e+01  3.77118e-03 
 4.10000e+01  3.90532e-03 
 4.15000e+01  4.00329e-03 
 4.20000e+01  4.13643e-03 
 4.25000e+01  4.26468e-03 
 4.30000e+01  4.40107e-03 
 4.35000e+01  4.56647e-03 
 4.40000e+01  4.72418e-03 
 4.45000e+01  4.87273e-03 
 4.50000e+01  4.99000e-03 
 4.55000e+01  5.12752e-03 
 4.60000e+01  5.33748e-03 
 4.65000e+01  5.49424e-03 
 4.70000e+01  5.68782e-03 
 4.75000e+01  5.86129e-03 
 4.80000e+01  6.08672e-03 
 4.85000e+01  6.32103e-03 
 4.90000e+01  6.61601e-03 
 4.95000e+01  6.89605e-03 
 5.00000e+01  7.10479e-03 
 5.05000e+01  7.31673e-03 
 5.10000e+01  7.63062e-03 
 5.15000e+01  7.92451e-03 
 5.20000e+01  8.24355e-03 
 5.25000e+01  8.52148e-03 
 5.30000e+01  8.83088e-03 
 5.35000e+01  9.16620e-03 
 5.40000e+01  9.55380e-03 
 5.45000e+01  9.84511e-03 
 5.50000e+01  1.00801e-02 
 5.55000e+01  1.03962e-02 
 5.60000e+01  1.04669e-02 
 5.65000e+01  1.07413e-02 
 5.70000e+01  1.10209e-02 
 5.75000e+01  1.11844e-02 
 5.80000e+01  1.14699e-02 
 5.85000e+01  1.17747e-02 
 5.90000e+01  1.18971e-02 
 5.95000e+01  1.21464e-02 
 6.00000e+01  1.24828e-02 
 6.05000e+01  1.26168e-02 
 6.10000e+01  1.28909e-02 
 6.15000e+01  1.29004e-02 
 6.20000e+01  1.31507e-02 
 6.25000e+01  1.32892e-02 
 6.30000e+01  1.35474e-02 
 6.35000e+01  1.38386e-02 
 6.40000e+01  1.39854e-02 
 6.45000e+01  1.42453e-02 
 6.50000e+01  1.40877e-02 
 6.55000e+01  1.41493e-02 
 6.60000e+01  1.42664e-02 
 6.65000e+01  1.46120e-02 
 6.70000e+01  1.47716e-02 
 6.75000e+01  1.46170e-02 
 6.80000e+01  1.50244e-02 
 6.85000e+01  1.50974e-02 
 6.90000e+01  1.53940e-02 
 6.95000e+01  1.55225e-02 
 7.00000e+01  1.55971e-02 
 7.05000e+01  1.57512e-02 
 7.10000e+01  1.60718e-02 
 7.15000e+01  1.60349e-02 
 7.20000e+01  1.61924e-02 
 7.25000e+01  1.60234e-02 
 7.30000e+01  1.62293e-02 
 7.35000e+01  1.63753e-02 
 7.40000e+01  1.64348e-02 
 7.45000e+01  1.66050e-02 
 7.50000e+01  1.67729e-02 
 7.55000e+01  1.71964e-02 
 7.60000e+01  1.71616e-02 
 7.65000e+01  1.71722e-02 
 7.70000e+01  1.73503e-02 
 7.75000e+01  1.76301e-02 
 7.80000e+01  1.75460e-02 
 7.85000e+01  1.75310e-02 
 7.90000e+01  1.75202e-02 
 7.95000e+01  1.79356e-02 
 8.00000e+01  1.81055e-02 
 8.05000e+01  1.79457e-02 
 8.10000e+01  1.82724e-02 
 8.15000e+01  1.83798e-02 
 8.20000e+01  1.84715e-02 
 8.25000e+01  1.84309e-02 
 8.30000e+01  1.85660e-02 
 8.35000e+01  1.84356e-02 
 8.40000e+01  1.85742e-02 
 8.45000e+01  1.89058e-02 
 8.50000e+01  1.87089e-02 
 8.55000e+01  1.91244e-02 
 8.60000e+01  1.94641e-02 
 8.65000e+01  1.87925e-02 
 8.70000e+01  1.90427e-02 
 8.75000e+01  1.92942e-02 
 8.80000e+01  1.95385e-02 
 8.85000e+01  1.96707e-02 
 8.90000e+01  1.98026e-02 
 8.95000e+01  1.99968e-02 
 9.00000e+01  2.02128e-02 
 9.05000e+01  2.01270e-02 
 9.10000e+01  2.03124e-02 
 9.15000e+01  2.04968e-02 
 9.20000e+01  2.03482e-02 
 9.25000e+01  2.03999e-02 
 9.30000e+01  2.05634e-02 
 9.35000e+01  2.05229e-02 
 9.40000e+01  2.05124e-02 
 9.45000e+01  2.06671e-02 
 9.50000e+01  2.04780e-02 
 9.55000e+01  2.08191e-02 
 9.60000e+01  2.10853e-02 
 9.65000e+01  2.09573e-02 
 9.70000e+01  2.07033e-02 
 9.75000e+01  2.13799e-02 
 9.80000e+01  2.14127e-02 
 9.85000e+01  2.12769e-02 
 9.90000e+01  2.13058e-02 
 9.95000e+01  2.18667e-02 
 1.00000e+02  2.15464e-02 
 1.00500e+02  2.16923e-02 
 1.01000e+02  2.18780e-02 
 1.01500e+02  2.19051e-02 
 1.02000e+02  2.24324e-02 
 1.02500e+02  2.22871e-02 
 1.03000e+02  2.18917e-02 
 1.03500e+02  2.24691e-02 
 1.04000e+02  2.24360e-02 
 1.04500e+02  2.25506e-02 
 1.05000e+02  2.25778e-02 
 1.05500e+02  2.27296e-02 
 1.06000e+02  2.29782e-02 
 1.06500e+02  2.32680e-02 
 1.07000e+02  2.26156e-02 
 1.07500e+02  2.32278e-02 
 1.08000e+02  2.35097e-02 
 1.08500e+02  2.31733e-02 
 1.09000e+02  2.31546e-02 
 1.09500e+02  2.28998e-02 
 1.10000e+02  2.41045e-02 
 1.10500e+02  2.37291e-02 
 1.11000e+02  2.40492e-02 
 1.11500e+02  2.41364e-02 
 1.12000e+02  2.47453e-02 
 1.12500e+02  2.48284e-02 
 1.13000e+02  2.45939e-02 
 1.13500e+02  2.47095e-02 
 1.14000e+02  2.49911e-02 
 1.14500e+02  2.50992e-02 
 1.15000e+02  2.53391e-02 
 1.15500e+02  2.53101e-02 
 1.16000e+02  2.52459e-02 
 1.16500e+02  2.56411e-02 
 1.17000e+02  2.60243e-02 
 1.17500e+02  2.59112e-02 
 1.18000e+02  2.59517e-02 
 1.18500e+02  2.63465e-02 
 1.19000e+02  2.69434e-02 
 1.19500e+02  2.67087e-02 
 1.20000e+02  2.70267e-02 
 1.20500e+02  2.67430e-02 
 1.21000e+02  2.69328e-02 
 1.21500e+02  2.72388e-02 
 1.22000e+02  2.63127e-02 
 1.22500e+02  2.72348e-02 
 1.23000e+02  2.79492e-02 
 1.23500e+02  2.77351e-02 
 1.24000e+02  2.74349e-02 
 1.24500e+02  2.82312e-02 
 1.25000e+02  2.82024e-02 
 1.25500e+02  2.79871e-02 
 1.26000e+02  2.81534e-02 
 1.26500e+02  2.86851e-02 
 1.27000e+02  2.95406e-02 
 1.27500e+02  2.94418e-02 
 1.28000e+02  2.87618e-02 
 1.28500e+02  2.87384e-02 
 1.29000e+02  2.87288e-02 
 1.29500e+02  2.89127e-02 
 1.30000e+02  2.95510e-02 
 1.30500e+02  2.95674e-02 
 1.31000e+02  3.00399e-02 
 1.31500e+02  3.06366e-02 
 1.32000e+02  3.05189e-02 
 1.32500e+02  3.09497e-02 
 1.33000e+02  3.08968e-02 
 1.33500e+02  3.08860e-02 
 1.34000e+02  3.10580e-02 
 1.34500e+02  3.12007e-02 
 1.35000e+02  3.12723e-02 
 1.35500e+02  3.19728e-02 
 1.36000e+02  3.18104e-02 
 1.36500e+02  3.19222e-02 
 1.37000e+02  3.16553e-02 
 1.37500e+02  3.21642e-02 
 1.38000e+02  3.23452e-02 
 1.38500e+02  3.26038e-02 
 1.39000e+02  3.22239e-02 
 1.39500e+02  3.18258e-02 
 1.40000e+02  3.28816e-02 
 1.40500e+02  3.24734e-02 
 1.41000e+02  3.22808e-02 
 1.41500e+02  3.21009e-02 
 1.42000e+02  3.27012e-02 
 1.42500e+02  3.27405e-02 
 1.43000e+02  3.35781e-02 
 1.43500e+02  3.24970e-02 
 1.44000e+02  3.33558e-02 
 1.44500e+02  3.33176e-02 
 1.45000e+02  3.28266e-02 
 1.45500e+02  3.32104e-02 
 1.46000e+02  3.38872e-02 
 1.46500e+02  3.33144e-02 
 1.47000e+02  3.27540e-02 
 1.47500e+02  3.35330e-02 
 1.48000e+02  3.32733e-02 
 1.48500e+02  3.41681e-02 
 1.49000e+02  3.37796e-02 
 1.49500e+02  3.33587e-02 
 1.50000e+02  3.36248e-02 
 1.50500e+02  3.38083e-02 
 1.51000e+02  3.37529e-02 
 1.51500e+02  3.47642e-02 
 1.52000e+02  3.42070e-02 
 1.52500e+02  3.43358e-02 
 1.53000e+02  3.42598e-02 
 1.53500e+02  3.49333e-02 
 1.54000e+02  3.49533e-02 
 1.54500e+02  3.46270e-02 
 1.55000e+02  3.49992e-02 
 1.55500e+02  3.47156e-02 
 1.56000e+02  3.42284e-02 
 1.56500e+02  3.46880e-02 
 1.57000e+02  3.39528e-02 
 1.57500e+02  3.47723e-02 
 1.58000e+02  3.50927e-02 
 1.58500e+02  3.48626e-02 
 1.59000e+02  3.48748e-02 
 1.59500e+02  3.46328e-02 
 1.60000e+02  3.47971e-02 
 1.60500e+02  3.47167e-02 
 1.61000e+02  3.51814e-02 
 1.61500e+02  3.44586e-02 
 1.62000e+02  3.44480e-02 
 1.62500e+02  3.47082e-02 
 1.63000e+02  3.47682e-02 
 1.63500e+02  3.47891e-02 
 1.64000e+02  3.52144e-02 
 1.64500e+02  3.50867e-02 
 1.65000e+02  3.43999e-02 
 1.65500e+02  3.49624e-02 
 1.66000e+02  3.50127e-02 
 1.66500e+02  3.48200e-02 
 1.67000e+02  3.47415e-02 
 1.67500e+02  3.44537e-02 
 1.68000e+02  3.41881e-02 
 1.68500e+02  3.36632e-02 
 1.69000e+02  3.40928e-02 
 1.69500e+02  3.41611e-02 
 1.70000e+02  3.36920e-02 
 1.70500e+02  3.42022e-02 
 1.71000e+02  3.48092e-02 
 1.71500e+02  3.40698e-02 
 1.72000e+02  3.45073e-02 
 1.72500e+02  3.51271e-02 
 1.73000e+02  3.45092e-02 
 1.73500e+02  3.48184e-02 
 1.74000e+02  3.46734e-02 
 1.74500e+02  3.45979e-02 
 1.75000e+02  3.45939e-02 
 1.75500e+02  3.45874e-02 
 1.76000e+02  3.33872e-02 
 1.76500e+02  3.31878e-02 
 1.77000e+02  3.36093e-02 
 1.77500e+02  3.34004e-02 
 1.78000e+02  3.33563e-02 
 1.78500e+02  3.42456e-02 
 1.79000e+02  3.39911e-02 
 1.79500e+02  3.36047e-02 
 1.80000e+02  3.37144e-02 
 1.80500e+02  3.33603e-02 
 1.81000e+02  3.22017e-02 
 1.81500e+02  3.20453e-02 
 1.82000e+02  3.19616e-02 
 1.82500e+02  3.23062e-02 
 1.83000e+02  3.20716e-02 
 1.83500e+02  3.18578e-02 
 1.84000e+02  3.21984e-02 
 1.84500e+02  3.14901e-02 
 1.85000e+02  3.15939e-02 
 1.85500e+02  3.14435e-02 
 1.86000e+02  3.11947e-02 
 1.86500e+02  3.11612e-02 
 1.87000e+02  3.05372e-02 
 1.87500e+02  3.10262e-02 
 1.88000e+02  3.08276e-02 
 1.88500e+02  3.00763e-02 
 1.89000e+02  3.05898e-02 
 1.89500e+02  2.99467e-02 
 1.90000e+02  2.97266e-02 
 1.90500e+02  3.05606e-02 
 1.91000e+02  2.99187e-02 
 1.91500e+02  2.94729e-02 
 1.92000e+02  2.93857e-02 
 1.92500e+02  2.84589e-02 
 1.93000e+02  2.84513e-02 
 1.93500e+02  2.83934e-02 
 1.94000e+02  2.90075e-02 
 1.94500e+02  2.77603e-02 
 1.95000e+02  2.84830e-02 
 1.95500e+02  2.77656e-02 
 1.96000e+02  2.79896e-02 
 1.96500e+02  2.79759e-02 
 1.97000e+02  2.77548e-02 
 1.97500e+02  2.76256e-02 
 1.98000e+02  2.72923e-02 
 1.98500e+02  2.79944e-02 
 1.99000e+02  2.80813e-02 
 1.99500e+02  2.82762e-02 
 2.00000e+02  2.78788e-02 
 2.00500e+02  2.72317e-02 
 2.01000e+02  2.70717e-02 
 2.01500e+02  2.64476e-02 
 2.02000e+02  2.64535e-02 
 2.02500e+02  2.54676e-02 
 2.03000e+02  2.56938e-02 
 2.03500e+02  2.53032e-02 
 2.04000e+02  2.54669e-02 
 2.04500e+02  2.55166e-02 
 2.05000e+02  2.52524e-02 
 2.05500e+02  2.55404e-02 
 2.06000e+02  2.47270e-02 
 2.06500e+02  2.52549e-02 
 2.07000e+02  2.44477e-02 
 2.07500e+02  2.44496e-02 
 2.08000e+02  2.44367e-02 
 2.08500e+02  2.38133e-02 
 2.09000e+02  2.39099e-02 
 2.09500e+02  2.38949e-02 
 2.10000e+02  2.41235e-02 
 2.10500e+02  2.31637e-02 
 2.11000e+02  2.33810e-02 
 2.11500e+02  2.34355e-02 
 2.12000e+02  2.33963e-02 
 2.12500e+02  2.33408e-02 
 2.13000e+02  2.34203e-02 
 2.13500e+02  2.25778e-02 
 2.14000e+02  2.30050e-02 
 2.14500e+02  2.25011e-02 
 2.15000e+02  2.26935e-02 
 2.15500e+02  2.23139e-02 
 2.16000e+02  2.23033e-02 
 2.16500e+02  2.22505e-02 
 2.17000e+02  2.20822e-02 
 2.17500e+02  2.19097e-02 
 2.18000e+02  2.23667e-02 
 2.18500e+02  2.18990e-02 
 2.19000e+02  2.18607e-02 
 2.19500e+02  2.16457e-02 
 2.20000e+02  2.19233e-02 
 2.20500e+02  2.16987e-02 
 2.21000e+02  2.16351e-02 
 2.21500e+02  2.14315e-02 
 2.22000e+02  2.14353e-02 
 2.22500e+02  2.14167e-02 
 2.23000e+02  2.10796e-02 
 2.23500e+02  2.12844e-02 
 2.24000e+02  2.12482e-02 
 2.24500e+02  2.10373e-02 
 2.25000e+02  2.11357e-02 
 2.25500e+02  2.09906e-02 
 2.26000e+02  2.09600e-02 
 2.26500e+02  2.02712e-02 
 2.27000e+02  2.02890e-02 
 2.27500e+02  2.01217e-02 
 2.28000e+02  2.03626e-02 
 2.28500e+02  2.01291e-02 
 2.29000e+02  2.00565e-02 
 2.29500e+02  1.97842e-02 
 2.30000e+02  1.96666e-02 
 2.30500e+02  1.96748e-02 
 2.31000e+02  1.96772e-02 
 2.31500e+02  1.95797e-02 
 2.32000e+02  1.95815e-02 
 2.32500e+02  1.93905e-02 
 2.33000e+02  1.91644e-02 
 2.33500e+02  1.89478e-02 
 2.34000e+02  1.93281e-02 
 2.34500e+02  1.90785e-02 
 2.35000e+02  1.87489e-02 
 2.35500e+02  1.86220e-02 
 2.36000e+02  1.87460e-02 
 2.36500e+02  1.89739e-02 
 2.37000e+02  1.84700e-02 
 2.37500e+02  1.83383e-02 
 2.38000e+02  1.81706e-02 
 2.38500e+02  1.83604e-02 
 2.39000e+02  1.81618e-02 
 2.39500e+02  1.78070e-02 
 2.40000e+02  1.80349e-02 
 2.40500e+02  1.79062e-02 
 2.41000e+02  1.74520e-02 
 2.41500e+02  1.73548e-02 
 2.42000e+02  1.75583e-02 
 2.42500e+02  1.73606e-02 
 2.43000e+02  1.74092e-02 
 2.43500e+02  1.70096e-02 
 2.44000e+02  1.70920e-02 
 2.44500e+02  1.68143e-02 
 2.45000e+02  1.66717e-02 
 2.45500e+02  1.64598e-02 
 2.46000e+02  1.65444e-02 
 2.46500e+02  1.62748e-02 
 2.47000e+02  1.63516e-02 
 2.47500e+02  1.61748e-02 
 2.48000e+02  1.61079e-02 
 2.48500e+02  1.57853e-02 
 2.49000e+02  1.56156e-02 
 2.49500e+02  1.54442e-02 
 2.50000e+02  1.54727e-02 
 2.50500e+02  1.52562e-02 
 2.51000e+02  1.52028e-02 
 2.51500e+02  1.49826e-02 
 2.52000e+02  1.48464e-02 
 2.52500e+02  1.46349e-02 
 2.53000e+02  1.45780e-02 
 2.53500e+02  1.44793e-02 
 2.54000e+02  1.41468e-02 
 2.54500e+02  1.40555e-02 
 2.55000e+02  1.40762e-02 
 2.55500e+02  1.40865e-02 
 2.56000e+02  1.39168e-02 
 2.56500e+02  1.36230e-02 
 2.57000e+02  1.32130e-02 
 2.57500e+02  1.30639e-02 
 2.58000e+02  1.28386e-02 
 2.58500e+02  1.27315e-02 
 2.59000e+02  1.23440e-02 
 2.59500e+02  1.21637e-02 
 2.60000e+02  1.17977e-02 
 2.60500e+02  1.17919e-02 
 2.61000e+02  1.14470e-02 
 2.61500e+02  1.12290e-02 
 2.62000e+02  1.12262e-02 
 2.62500e+02  1.08502e-02 
 2.63000e+02  1.05578e-02 
 2.63500e+02  1.03404e-02 
 2.64000e+02  1.00890e-02 
 2.64500e+02  9.76402e-03 
 2.65000e+02  9.43743e-03 
 2.65500e+02  9.35406e-03 
 2.66000e+02  9.12759e-03 
 2.66500e+02  8.72152e-03 
 2.67000e+02  8.51918e-03 
 2.67500e+02  8.20555e-03 
 2.68000e+02  7.89380e-03 
 2.68500e+02  7.59066e-03 
 2.69000e+02  7.36364e-03 
 2.69500e+02  7.05755e-03 
 2.70000e+02  6.86835e-03 
 2.70500e+02  6.57594e-03 
 2.71000e+02  6.36845e-03 
 2.71500e+02  6.14136e-03 
 2.72000e+02  5.93993e-03 
 2.72500e+02  5.76004e-03 
 2.73000e+02  5.54450e-03 
 2.73500e+02  5.33515e-03 
 2.74000e+02  5.15111e-03 
 2.74500e+02  4.94544e-03 
 2.75000e+02  4.80347e-03 
 2.75500e+02  4.64310e-03 
 2.76000e+02  4.54564e-03 
 2.76500e+02  4.41198e-03 
 2.77000e+02  4.23651e-03 
 2.77500e+02  4.13477e-03 
 2.78000e+02  4.02190e-03 
 2.78500e+02  3.89377e-03 
 2.79000e+02  3.80365e-03 
 2.79500e+02  3.70514e-03 
 2.80000e+02  3.58535e-03 
 2.80500e+02  3.48133e-03 
 2.81000e+02  3.40591e-03 
 2.81500e+02  3.32231e-03 
 2.82000e+02  3.23448e-03 
 2.82500e+02  3.17011e-03 
 2.83000e+02  3.09835e-03 
 2.83500e+02  3.06362e-03 
 2.84000e+02  2.95578e-03 
 2.84500e+02  2.90488e-03 
 2.85000e+02  2.82884e-03 
 2.85500e+02  2.76381e-03 
 2.86000e+02  2.73130e-03 
 2.86500e+02  2.67345e-03 
 2.87000e+02  2.61860e-03 
 2.87500e+02  2.56574e-03 
 2.88000e+02  2.49977e-03 
 2.88500e+02  2.45650e-03 
 2.89000e+02  2.42058e-03 
 2.89500e+02  2.38866e-03 
 2.90000e+02  2.34433e-03 
 2.90500e+02  2.29633e-03 
 2.91000e+02  2.24629e-03 
 2.91500e+02  2.21377e-03 
 2.92000e+02  2.19167e-03 
 2.92500e+02  2.14713e-03 
 2.93000e+02  2.10745e-03 
 2.93500e+02  2.07367e-03 
 2.94000e+02  2.04479e-03 
 2.94500e+02  2.02719e-03 
 2.95000e+02  1.98679e-03 
 2.95500e+02  1.95733e-03 
 2.96000e+02  1.92524e-03 
 2.96500e+02  1.90418e-03 
 2.97000e+02  1.88350e-03 
 2.97500e+02  1.86370e-03 
 2.98000e+02  1.84701e-03 
 2.98500e+02  1.84723e-03 
 2.99000e+02  1.81124e-03 
 2.99500e+02  1.78528e-03 
 3.00000e+02  1.75609e-03 
 3.00500e+02  1.72696e-03 
 3.01000e+02  1.72829e-03 
 3.01500e+02  1.71979e-03 
 3.02000e+02  1.70258e-03 
 3.02500e+02  1.67507e-03 
 3.03000e+02  1.65605e-03 
 3.03500e+02  1.60995e-03 
 3.04000e+02  1.60424e-03 
 3.04500e+02  1.57911e-03 
 3.05000e+02  1.56060e-03 
 3.05500e+02  1.55454e-03 
 3.06000e+02  1.53366e-03 
 3.06500e+02  1.51785e-03 
 3.07000e+02  1.49650e-03 
 3.07500e+02  1.48746e-03 
 3.08000e+02  1.47243e-03 
 3.08500e+02  1.45686e-03 
 3.09000e+02  1.44950e-03 
 3.09500e+02  1.43992e-03 
 3.10000e+02  1.42496e-03 
 3.10500e+02  1.41010e-03 
 3.11000e+02  1.40890e-03 
 3.11500e+02  1.38643e-03 
 3.12000e+02  1.36364e-03 
 3.12500e+02  1.34947e-03 
 3.13000e+02  1.33642e-03 
 3.13500e+02  1.32359e-03 
 3.14000e+02  1.31308e-03 
 3.14500e+02  1.30538e-03 
 3.15000e+02  1.28810e-03 
 3.15500e+02  1.29205e-03 
 3.16000e+02  1.28178e-03 
 3.16500e+02  1.26512e-03 
 3.17000e+02  1.25505e-03 
 3.17500e+02  1.23873e-03 
 3.18000e+02  1.22675e-03 
 3.18500e+02  1.22325e-03 
 3.19000e+02  1.22236e-03 
 3.19500e+02  1.21700e-03 
