 0.00000e+00  1.21927e-03 
 5.00000e-01  1.21983e-03 
 1.00000e+00  1.21896e-03 
 1.50000e+00  1.22860e-03 
 2.00000e+00  1.23573e-03 
 2.50000e+00  1.24671e-03 
 3.00000e+00  1.25340e-03 
 3.50000e+00  1.27726e-03 
 4.00000e+00  1.28543e-03 
 4.50000e+00  1.28799e-03 
 5.00000e+00  1.29610e-03 
 5.50000e+00  1.31029e-03 
 6.00000e+00  1.31787e-03 
 6.50000e+00  1.33776e-03 
 7.00000e+00  1.35232e-03 
 7.50000e+00  1.36059e-03 
 8.00000e+00  1.36961e-03 
 8.50000e+00  1.39311e-03 
 9.00000e+00  1.40194e-03 
 9.50000e+00  1.41512e-03 
 1.00000e+01  1.42694e-03 
 1.05000e+01  1.44483e-03 
 1.10000e+01  1.45210e-03 
 1.15000e+01  1.47553e-03 
 1.20000e+01  1.49077e-03 
 1.25000e+01  1.50678e-03 
 1.30000e+01  1.52478e-03 
 1.35000e+01  1.54239e-03 
 1.40000e+01  1.55854e-03 
 1.45000e+01  1.57630e-03 
 1.50000e+01  1.58415e-03 
 1.55000e+01  1.59701e-03 
 1.60000e+01  1.61362e-03 
 1.65000e+01  1.62674e-03 
 1.70000e+01  1.64152e-03 
 1.75000e+01  1.67078e-03 
 1.80000e+01  1.68304e-03 
 1.85000e+01  1.72046e-03 
 1.90000e+01  1.72746e-03 
 1.95000e+01  1.74717e-03 
 2.00000e+01  1.75734e-03 
 2.05000e+01  1.79646e-03 
 2.10000e+01  1.81909e-03 
 2.15000e+01  1.84897e-03 
 2.20000e+01  1.86999e-03 
 2.25000e+01  1.89754e-03 
 2.30000e+01  1.93033e-03 
 2.35000e+01  1.94415e-03 
 2.40000e+01  1.97171e-03 
 2.45000e+01  1.99826e-03 
 2.50000e+01  2.01828e-03 
 2.55000e+01  2.03626e-03 
 2.60000e+01  2.07406e-03 
 2.65000e+01  2.09937e-03 
 2.70000e+01  2.13653e-03 
 2.75000e+01  2.16998e-03 
 2.80000e+01  2.20079e-03 
 2.85000e+01  2.24908e-03 
 2.90000e+01  2.27269e-03 
 2.95000e+01  2.31562e-03 
 3.00000e+01  2.35497e-03 
 3.05000e+01  2.39085e-03 
 3.10000e+01  2.43626e-03 
 3.15000e+01  2.50426e-03 
 3.20000e+01  2.53698e-03 
 3.25000e+01  2.59692e-03 
 3.30000e+01  2.65413e-03 
 3.35000e+01  2.70986e-03 
 3.40000e+01  2.76949e-03 
 3.45000e+01  2.83188e-03 
 3.50000e+01  2.89526e-03 
 3.55000e+01  2.95342e-03 
 3.60000e+01  3.02342e-03 
 3.65000e+01  3.09024e-03 
 3.70000e+01  3.15378e-03 
 3.75000e+01  3.23354e-03 
 3.80000e+01  3.28682e-03 
 3.85000e+01  3.38690e-03 
 3.90000e+01  3.46739e-03 
 3.95000e+01  3.55869e-03 
 4.00000e+01  3.65122e-03 
 4.05000e+01  3.70487e-03 
 4.10000e+01  3.85697e-03 
 4.15000e+01  3.95678e-03 
 4.20000e+01  4.07690e-03 
 4.25000e+01  4.18460e-03 
 4.30000e+01  4.31563e-03 
 4.35000e+01  4.45475e-03 
 4.40000e+01  4.61189e-03 
 4.45000e+01  4.72750e-03 
 4.50000e+01  4.88772e-03 
 4.55000e+01  5.05250e-03 
 4.60000e+01  5.22061e-03 
 4.65000e+01  5.45028e-03 
 4.70000e+01  5.63621e-03 
 4.75000e+01  5.77609e-03 
 4.80000e+01  5.97683e-03 
 4.85000e+01  6.17486e-03 
 4.90000e+01  6.38534e-03 
 4.95000e+01  6.66542e-03 
 5.00000e+01  6.95450e-03 
 5.05000e+01  7.12094e-03 
 5.10000e+01  7.40558e-03 
 5.15000e+01  7.68706e-03 
 5.20000e+01  7.94574e-03 
 5.25000e+01  8.21517e-03 
 5.30000e+01  8.47550e-03 
 5.35000e+01  8.72890e-03 
 5.40000e+01  8.99598e-03 
 5.45000e+01  9.35192e-03 
 5.50000e+01  9.66676e-03 
 5.55000e+01  9.86277e-03 
 5.60000e+01  1.02274e-02 
 5.65000e+01  1.06293e-02 
 5.70000e+01  1.08296e-02 
 5.75000e+01  1.10420e-02 
 5.80000e+01  1.13040e-02 
 5.85000e+01  1.14631e-02 
 5.90000e+01  1.15189e-02 
 5.95000e+01  1.19172e-02 
 6.00000e+01  1.20545e-02 
 6.05000e+01  1.23998e-02 
 6.10000e+01  1.25461e-02 
 6.15000e+01  1.26743e-02 
 6.20000e+01  1.28368e-02 
 6.25000e+01  1.31180e-02 
 6.30000e+01  1.34737e-02 
 6.35000e+01  1.37847e-02 
 6.40000e+01  1.36607e-02 
 6.45000e+01  1.35435e-02 
 6.50000e+01  1.37389e-02 
 6.55000e+01  1.38948e-02 
 6.60000e+01  1.40387e-02 
 6.65000e+01  1.42736e-02 
 6.70000e+01  1.44902e-02 
 6.75000e+01  1.46201e-02 
 6.80000e+01  1.47052e-02 
 6.85000e+01  1.49942e-02 
 6.90000e+01  1.49487e-02 
 6.95000e+01  1.51274e-02 
 7.00000e+01  1.55104e-02 
 7.05000e+01  1.55427e-02 
 7.10000e+01  1.57130e-02 
 7.15000e+01  1.58129e-02 
 7.20000e+01  1.60281e-02 
 7.25000e+01  1.59531e-02 
 7.30000e+01  1.62244e-02 
 7.35000e+01  1.64823e-02 
 7.40000e+01  1.63713e-02 
 7.45000e+01  1.64234e-02 
 7.50000e+01  1.65364e-02 
 7.55000e+01  1.67634e-02 
 7.60000e+01  1.69945e-02 
 7.65000e+01  1.68658e-02 
 7.70000e+01  1.72485e-02 
 7.75000e+01  1.74752e-02 
 7.80000e+01  1.74082e-02 
 7.85000e+01  1.72729e-02 
 7.90000e+01  1.75055e-02 
 7.95000e+01  1.76692e-02 
 8.00000e+01  1.78653e-02 
 8.05000e+01  1.78630e-02 
 8.10000e+01  1.82157e-02 
 8.15000e+01  1.80017e-02 
 8.20000e+01  1.79512e-02 
 8.25000e+01  1.81236e-02 
 8.30000e+01  1.86444e-02 
 8.35000e+01  1.85869e-02 
 8.40000e+01  1.82215e-02 
 8.45000e+01  1.84192e-02 
 8.50000e+01  1.86772e-02 
 8.55000e+01  1.87915e-02 
 8.60000e+01  1.89676e-02 
 8.65000e+01  1.90181e-02 
 8.70000e+01  1.91843e-02 
 8.75000e+01  1.90234e-02 
 8.80000e+01  1.91285e-02 
 8.85000e+01  1.92080e-02 
 8.90000e+01  1.96662e-02 
 8.95000e+01  1.96262e-02 
 9.00000e+01  1.93347e-02 
 9.05000e+01  1.97193e-02 
 9.10000e+01  1.97269e-02 
 9.15000e+01  2.00595e-02 
 9.20000e+01  2.01118e-02 
 9.25000e+01  1.99857e-02 
 9.30000e+01  2.00898e-02 
 9.35000e+01  2.05494e-02 
 9.40000e+01  2.00825e-02 
 9.45000e+01  2.03364e-02 
 9.50000e+01  2.04713e-02 
 9.55000e+01  2.05937e-02 
 9.60000e+01  2.07292e-02 
 9.65000e+01  2.05013e-02 
 9.70000e+01  2.07567e-02 
 9.75000e+01  2.12161e-02 
 9.80000e+01  2.13391e-02 
 9.85000e+01  2.12288e-02 
 9.90000e+01  2.10318e-02 
 9.95000e+01  2.12167e-02 
 1.00000e+02  2.14258e-02 
 1.00500e+02  2.13849e-02 
 1.01000e+02  2.17129e-02 
 1.01500e+02  2.18220e-02 
 1.02000e+02  2.17413e-02 
 1.02500e+02  2.18952e-02 
 1.03000e+02  2.16231e-02 
 1.03500e+02  2.20900e-02 
 1.04000e+02  2.19974e-02 
 1.04500e+02  2.21423e-02 
 1.05000e+02  2.21658e-02 
 1.05500e+02  2.24054e-02 
 1.06000e+02  2.23550e-02 
 1.06500e+02  2.22943e-02 
 1.07000e+02  2.27567e-02 
 1.07500e+02  2.27627e-02 
 1.08000e+02  2.28864e-02 
 1.08500e+02  2.31924e-02 
 1.09000e+02  2.28281e-02 
 1.09500e+02  2.33121e-02 
 1.10000e+02  2.34508e-02 
 1.10500e+02  2.30757e-02 
 1.11000e+02  2.30023e-02 
 1.11500e+02  2.37295e-02 
 1.12000e+02  2.36219e-02 
 1.12500e+02  2.37270e-02 
 1.13000e+02  2.38403e-02 
 1.13500e+02  2.39101e-02 
 1.14000e+02  2.38937e-02 
 1.14500e+02  2.40739e-02 
 1.15000e+02  2.43420e-02 
 1.15500e+02  2.47185e-02 
 1.16000e+02  2.52759e-02 
 1.16500e+02  2.54170e-02 
 1.17000e+02  2.55303e-02 
 1.17500e+02  2.57097e-02 
 1.18000e+02  2.56610e-02 
 1.18500e+02  2.58024e-02 
 1.19000e+02  2.67815e-02 
 1.19500e+02  2.61872e-02 
 1.20000e+02  2.67513e-02 
 1.20500e+02  2.63832e-02 
 1.21000e+02  2.66474e-02 
 1.21500e+02  2.74689e-02 
 1.22000e+02  2.69649e-02 
 1.22500e+02  2.72337e-02 
 1.23000e+02  2.72458e-02 
 1.23500e+02  2.78690e-02 
 1.24000e+02  2.83502e-02 
 1.24500e+02  2.78141e-02 
 1.25000e+02  2.81235e-02 
 1.25500e+02  2.84999e-02 
 1.26000e+02  2.88617e-02 
 1.26500e+02  2.84417e-02 
 1.27000e+02  2.89406e-02 
 1.27500e+02  2.86952e-02 
 1.28000e+02  2.90400e-02 
 1.28500e+02  2.85362e-02 
 1.29000e+02  2.97169e-02 
 1.29500e+02  2.94282e-02 
 1.30000e+02  3.00845e-02 
 1.30500e+02  3.05477e-02 
 1.31000e+02  3.06419e-02 
 1.31500e+02  3.07282e-02 
 1.32000e+02  3.08206e-02 
 1.32500e+02  3.03526e-02 
 1.33000e+02  3.04789e-02 
 1.33500e+02  3.15632e-02 
 1.34000e+02  3.12494e-02 
 1.34500e+02  3.18658e-02 
 1.35000e+02  3.13301e-02 
 1.35500e+02  3.23685e-02 
 1.36000e+02  3.24512e-02 
 1.36500e+02  3.30048e-02 
 1.37000e+02  3.30398e-02 
 1.37500e+02  3.31315e-02 
 1.38000e+02  3.29622e-02 
 1.38500e+02  3.33027e-02 
 1.39000e+02  3.31454e-02 
 1.39500e+02  3.42056e-02 
 1.40000e+02  3.40677e-02 
 1.40500e+02  3.40011e-02 
 1.41000e+02  3.35200e-02 
 1.41500e+02  3.43759e-02 
 1.42000e+02  3.39888e-02 
 1.42500e+02  3.48506e-02 
 1.43000e+02  3.49257e-02 
 1.43500e+02  3.50102e-02 
 1.44000e+02  3.42646e-02 
 1.44500e+02  3.41104e-02 
 1.45000e+02  3.41742e-02 
 1.45500e+02  3.39242e-02 
 1.46000e+02  3.40087e-02 
 1.46500e+02  3.43465e-02 
 1.47000e+02  3.45154e-02 
 1.47500e+02  3.43193e-02 
 1.48000e+02  3.42663e-02 
 1.48500e+02  3.54122e-02 
 1.49000e+02  3.46723e-02 
 1.49500e+02  3.53127e-02 
 1.50000e+02  3.48553e-02 
 1.50500e+02  3.51523e-02 
 1.51000e+02  3.45786e-02 
 1.51500e+02  3.45989e-02 
 1.52000e+02  3.46908e-02 
 1.52500e+02  3.52661e-02 
 1.53000e+02  3.50072e-02 
 1.53500e+02  3.50645e-02 
 1.54000e+02  3.59398e-02 
 1.54500e+02  3.56977e-02 
 1.55000e+02  3.57881e-02 
 1.55500e+02  3.57107e-02 
 1.56000e+02  3.65806e-02 
 1.56500e+02  3.59349e-02 
 1.57000e+02  3.64875e-02 
 1.57500e+02  3.58936e-02 
 1.58000e+02  3.66232e-02 
 1.58500e+02  3.59278e-02 
 1.59000e+02  3.54357e-02 
 1.59500e+02  3.56811e-02 
 1.60000e+02  3.56470e-02 
 1.60500e+02  3.52507e-02 
 1.61000e+02  3.57672e-02 
 1.61500e+02  3.57840e-02 
 1.62000e+02  3.52477e-02 
 1.62500e+02  3.54400e-02 
 1.63000e+02  3.52422e-02 
 1.63500e+02  3.48929e-02 
 1.64000e+02  3.51223e-02 
 1.64500e+02  3.56344e-02 
 1.65000e+02  3.52917e-02 
 1.65500e+02  3.57067e-02 
 1.66000e+02  3.51238e-02 
 1.66500e+02  3.54965e-02 
 1.67000e+02  3.53377e-02 
 1.67500e+02  3.50723e-02 
 1.68000e+02  3.54404e-02 
 1.68500e+02  3.51627e-02 
 1.69000e+02  3.53437e-02 
 1.69500e+02  3.49660e-02 
 1.70000e+02  3.52902e-02 
 1.70500e+02  3.50572e-02 
 1.71000e+02  3.56134e-02 
 1.71500e+02  3.52384e-02 
 1.72000e+02  3.58831e-02 
 1.72500e+02  3.57010e-02 
 1.73000e+02  3.52851e-02 
 1.73500e+02  3.50137e-02 
 1.74000e+02  3.49600e-02 
 1.74500e+02  3.45655e-02 
 1.75000e+02  3.42441e-02 
 1.75500e+02  3.48025e-02 
 1.76000e+02  3.43784e-02 
 1.76500e+02  3.42551e-02 
 1.77000e+02  3.39393e-02 
 1.77500e+02  3.35159e-02 
 1.78000e+02  3.41774e-02 
 1.78500e+02  3.33909e-02 
 1.79000e+02  3.37313e-02 
 1.79500e+02  3.35059e-02 
 1.80000e+02  3.39563e-02 
 1.80500e+02  3.31063e-02 
 1.81000e+02  3.29461e-02 
 1.81500e+02  3.36241e-02 
 1.82000e+02  3.31378e-02 
 1.82500e+02  3.29845e-02 
 1.83000e+02  3.28637e-02 
 1.83500e+02  3.27617e-02 
 1.84000e+02  3.22698e-02 
 1.84500e+02  3.21288e-02 
 1.85000e+02  3.22959e-02 
 1.85500e+02  3.23002e-02 
 1.86000e+02  3.16620e-02 
 1.86500e+02  3.13075e-02 
 1.87000e+02  3.13626e-02 
 1.87500e+02  3.09405e-02 
 1.88000e+02  3.13531e-02 
 1.88500e+02  3.15699e-02 
 1.89000e+02  3.14364e-02 
 1.89500e+02  3.13131e-02 
 1.90000e+02  3.16210e-02 
 1.90500e+02  3.10214e-02 
 1.91000e+02  3.06751e-02 
 1.91500e+02  2.96326e-02 
 1.92000e+02  3.02264e-02 
 1.92500e+02  2.95028e-02 
 1.93000e+02  2.98834e-02 
 1.93500e+02  2.96714e-02 
 1.94000e+02  2.99110e-02 
 1.94500e+02  2.91156e-02 
 1.95000e+02  2.91465e-02 
 1.95500e+02  2.90802e-02 
 1.96000e+02  2.84260e-02 
 1.96500e+02  2.83580e-02 
 1.97000e+02  2.79826e-02 
 1.97500e+02  2.82923e-02 
 1.98000e+02  2.73399e-02 
 1.98500e+02  2.74080e-02 
 1.99000e+02  2.73562e-02 
 1.99500e+02  2.70054e-02 
 2.00000e+02  2.70409e-02 
 2.00500e+02  2.67339e-02 
 2.01000e+02  2.67874e-02 
 2.01500e+02  2.62177e-02 
 2.02000e+02  2.56403e-02 
 2.02500e+02  2.55552e-02 
 2.03000e+02  2.55116e-02 
 2.03500e+02  2.51680e-02 
 2.04000e+02  2.51655e-02 
 2.04500e+02  2.50276e-02 
 2.05000e+02  2.53818e-02 
 2.05500e+02  2.50251e-02 
 2.06000e+02  2.48964e-02 
 2.06500e+02  2.47003e-02 
 2.07000e+02  2.48604e-02 
 2.07500e+02  2.47492e-02 
 2.08000e+02  2.40440e-02 
 2.08500e+02  2.44283e-02 
 2.09000e+02  2.39438e-02 
 2.09500e+02  2.39560e-02 
 2.10000e+02  2.40798e-02 
 2.10500e+02  2.35097e-02 
 2.11000e+02  2.36686e-02 
 2.11500e+02  2.31991e-02 
 2.12000e+02  2.33806e-02 
 2.12500e+02  2.35878e-02 
 2.13000e+02  2.28879e-02 
 2.13500e+02  2.29536e-02 
 2.14000e+02  2.29880e-02 
 2.14500e+02  2.27845e-02 
 2.15000e+02  2.33474e-02 
 2.15500e+02  2.24039e-02 
 2.16000e+02  2.21057e-02 
 2.16500e+02  2.19632e-02 
 2.17000e+02  2.23716e-02 
 2.17500e+02  2.19318e-02 
 2.18000e+02  2.14527e-02 
 2.18500e+02  2.19366e-02 
 2.19000e+02  2.17293e-02 
 2.19500e+02  2.12699e-02 
 2.20000e+02  2.13795e-02 
 2.20500e+02  2.12643e-02 
 2.21000e+02  2.10430e-02 
 2.21500e+02  2.09902e-02 
 2.22000e+02  2.12674e-02 
 2.22500e+02  2.10004e-02 
 2.23000e+02  2.10989e-02 
 2.23500e+02  2.07197e-02 
 2.24000e+02  2.03689e-02 
 2.24500e+02  2.08060e-02 
 2.25000e+02  2.08003e-02 
 2.25500e+02  2.06736e-02 
 2.26000e+02  2.01619e-02 
 2.26500e+02  2.01358e-02 
 2.27000e+02  2.01743e-02 
 2.27500e+02  2.00301e-02 
 2.28000e+02  2.00254e-02 
 2.28500e+02  1.99102e-02 
 2.29000e+02  1.94237e-02 
 2.29500e+02  1.95660e-02 
 2.30000e+02  1.92820e-02 
 2.30500e+02  1.97514e-02 
 2.31000e+02  1.94843e-02 
 2.31500e+02  1.93237e-02 
 2.32000e+02  1.92502e-02 
 2.32500e+02  1.88699e-02 
 2.33000e+02  1.88792e-02 
 2.33500e+02  1.87876e-02 
 2.34000e+02  1.88864e-02 
 2.34500e+02  1.88319e-02 
 2.35000e+02  1.86275e-02 
 2.35500e+02  1.84942e-02 
 2.36000e+02  1.86813e-02 
 2.36500e+02  1.84233e-02 
 2.37000e+02  1.80762e-02 
 2.37500e+02  1.81340e-02 
 2.38000e+02  1.79349e-02 
 2.38500e+02  1.78643e-02 
 2.39000e+02  1.75479e-02 
 2.39500e+02  1.78735e-02 
 2.40000e+02  1.75165e-02 
 2.40500e+02  1.73027e-02 
 2.41000e+02  1.73219e-02 
 2.41500e+02  1.72729e-02 
 2.42000e+02  1.72453e-02 
 2.42500e+02  1.70618e-02 
 2.43000e+02  1.70051e-02 
 2.43500e+02  1.69303e-02 
 2.44000e+02  1.65604e-02 
 2.44500e+02  1.64470e-02 
 2.45000e+02  1.65257e-02 
 2.45500e+02  1.62840e-02 
 2.46000e+02  1.62508e-02 
 2.46500e+02  1.59430e-02 
 2.47000e+02  1.57703e-02 
 2.47500e+02  1.58083e-02 
 2.48000e+02  1.55433e-02 
 2.48500e+02  1.54775e-02 
 2.49000e+02  1.55325e-02 
 2.49500e+02  1.53191e-02 
 2.50000e+02  1.50426e-02 
 2.50500e+02  1.48827e-02 
 2.51000e+02  1.48100e-02 
 2.51500e+02  1.48178e-02 
 2.52000e+02  1.44383e-02 
 2.52500e+02  1.44301e-02 
 2.53000e+02  1.42087e-02 
 2.53500e+02  1.40315e-02 
 2.54000e+02  1.39129e-02 
 2.54500e+02  1.38331e-02 
 2.55000e+02  1.35689e-02 
 2.55500e+02  1.35855e-02 
 2.56000e+02  1.35068e-02 
 2.56500e+02  1.33450e-02 
 2.57000e+02  1.30413e-02 
 2.57500e+02  1.27071e-02 
 2.58000e+02  1.25902e-02 
 2.58500e+02  1.23611e-02 
 2.59000e+02  1.19593e-02 
 2.59500e+02  1.18955e-02 
 2.60000e+02  1.16654e-02 
 2.60500e+02  1.14827e-02 
 2.61000e+02  1.12167e-02 
 2.61500e+02  1.09590e-02 
 2.62000e+02  1.07416e-02 
 2.62500e+02  1.04726e-02 
 2.63000e+02  1.02599e-02 
 2.63500e+02  9.98208e-03 
 2.64000e+02  9.78776e-03 
 2.64500e+02  9.50467e-03 
 2.65000e+02  9.19037e-03 
 2.65500e+02  8.99683e-03 
 2.66000e+02  8.76842e-03 
 2.66500e+02  8.50214e-03 
 2.67000e+02  8.21985e-03 
 2.67500e+02  8.02194e-03 
 2.68000e+02  7.77562e-03 
 2.68500e+02  7.47298e-03 
 2.69000e+02  7.31860e-03 
 2.69500e+02  7.05882e-03 
 2.70000e+02  6.83483e-03 
 2.70500e+02  6.49976e-03 
 2.71000e+02  6.27166e-03 
 2.71500e+02  6.01557e-03 
 2.72000e+02  5.81487e-03 
 2.72500e+02  5.64661e-03 
 2.73000e+02  5.44021e-03 
 2.73500e+02  5.23490e-03 
 2.74000e+02  5.06806e-03 
 2.74500e+02  4.87484e-03 
 2.75000e+02  4.72743e-03 
 2.75500e+02  4.59691e-03 
 2.76000e+02  4.46894e-03 
 2.76500e+02  4.32950e-03 
 2.77000e+02  4.18390e-03 
 2.77500e+02  4.06455e-03 
 2.78000e+02  3.94515e-03 
 2.78500e+02  3.82455e-03 
 2.79000e+02  3.72614e-03 
 2.79500e+02  3.59994e-03 
 2.80000e+02  3.50681e-03 
 2.80500e+02  3.42666e-03 
 2.81000e+02  3.33745e-03 
 2.81500e+02  3.25243e-03 
 2.82000e+02  3.17578e-03 
 2.82500e+02  3.12111e-03 
 2.83000e+02  3.04662e-03 
 2.83500e+02  2.98181e-03 
 2.84000e+02  2.92447e-03 
 2.84500e+02  2.86225e-03 
 2.85000e+02  2.81090e-03 
 2.85500e+02  2.74934e-03 
 2.86000e+02  2.68094e-03 
 2.86500e+02  2.61860e-03 
 2.87000e+02  2.56230e-03 
 2.87500e+02  2.53529e-03 
 2.88000e+02  2.47386e-03 
 2.88500e+02  2.43092e-03 
 2.89000e+02  2.37906e-03 
 2.89500e+02  2.33202e-03 
 2.90000e+02  2.29860e-03 
 2.90500e+02  2.25654e-03 
 2.91000e+02  2.23209e-03 
 2.91500e+02  2.19557e-03 
 2.92000e+02  2.16638e-03 
 2.92500e+02  2.13207e-03 
 2.93000e+02  2.10741e-03 
 2.93500e+02  2.07756e-03 
 2.94000e+02  2.03244e-03 
 2.94500e+02  2.01682e-03 
 2.95000e+02  1.99027e-03 
 2.95500e+02  1.96223e-03 
 2.96000e+02  1.93315e-03 
 2.96500e+02  1.89434e-03 
 2.97000e+02  1.87441e-03 
 2.97500e+02  1.85337e-03 
 2.98000e+02  1.82119e-03 
 2.98500e+02  1.80765e-03 
 2.99000e+02  1.79491e-03 
 2.99500e+02  1.75915e-03 
 3.00000e+02  1.73097e-03 
 3.00500e+02  1.72230e-03 
 3.01000e+02  1.70625e-03 
 3.01500e+02  1.68858e-03 
 3.02000e+02  1.67149e-03 
 3.02500e+02  1.64946e-03 
 3.03000e+02  1.63806e-03 
 3.03500e+02  1.60526e-03 
 3.04000e+02  1.59024e-03 
 3.04500e+02  1.57514e-03 
 3.05000e+02  1.55667e-03 
 3.05500e+02  1.54876e-03 
 3.06000e+02  1.52902e-03 
 3.06500e+02  1.50742e-03 
 3.07000e+02  1.49726e-03 
 3.07500e+02  1.48141e-03 
 3.08000e+02  1.46724e-03 
 3.08500e+02  1.44421e-03 
 3.09000e+02  1.43976e-03 
 3.09500e+02  1.42371e-03 
 3.10000e+02  1.40341e-03 
 3.10500e+02  1.39723e-03 
 3.11000e+02  1.38676e-03 
 3.11500e+02  1.36578e-03 
 3.12000e+02  1.35236e-03 
 3.12500e+02  1.35323e-03 
 3.13000e+02  1.34429e-03 
 3.13500e+02  1.33451e-03 
 3.14000e+02  1.32594e-03 
 3.14500e+02  1.30720e-03 
 3.15000e+02  1.29712e-03 
 3.15500e+02  1.28830e-03 
 3.16000e+02  1.28301e-03 
 3.16500e+02  1.27054e-03 
 3.17000e+02  1.26138e-03 
 3.17500e+02  1.25082e-03 
 3.18000e+02  1.24623e-03 
 3.18500e+02  1.22382e-03 
 3.19000e+02  1.22247e-03 
 3.19500e+02  1.22107e-03 
