 0.00000e+00  1.21046e-03 
 5.00000e-01  1.22063e-03 
 1.00000e+00  1.23684e-03 
 1.50000e+00  1.24258e-03 
 2.00000e+00  1.25265e-03 
 2.50000e+00  1.26430e-03 
 3.00000e+00  1.26714e-03 
 3.50000e+00  1.29195e-03 
 4.00000e+00  1.31131e-03 
 4.50000e+00  1.30701e-03 
 5.00000e+00  1.31398e-03 
 5.50000e+00  1.31460e-03 
 6.00000e+00  1.32254e-03 
 6.50000e+00  1.34258e-03 
 7.00000e+00  1.36511e-03 
 7.50000e+00  1.38006e-03 
 8.00000e+00  1.37946e-03 
 8.50000e+00  1.40391e-03 
 9.00000e+00  1.42653e-03 
 9.50000e+00  1.42876e-03 
 1.00000e+01  1.44507e-03 
 1.05000e+01  1.46453e-03 
 1.10000e+01  1.46758e-03 
 1.15000e+01  1.47810e-03 
 1.20000e+01  1.48838e-03 
 1.25000e+01  1.50764e-03 
 1.30000e+01  1.53643e-03 
 1.35000e+01  1.54018e-03 
 1.40000e+01  1.55976e-03 
 1.45000e+01  1.58934e-03 
 1.50000e+01  1.59984e-03 
 1.55000e+01  1.61292e-03 
 1.60000e+01  1.61836e-03 
 1.65000e+01  1.63789e-03 
 1.70000e+01  1.65880e-03 
 1.75000e+01  1.67227e-03 
 1.80000e+01  1.69411e-03 
 1.85000e+01  1.72854e-03 
 1.90000e+01  1.73340e-03 
 1.95000e+01  1.74694e-03 
 2.00000e+01  1.76998e-03 
 2.05000e+01  1.80104e-03 
 2.10000e+01  1.83462e-03 
 2.15000e+01  1.85447e-03 
 2.20000e+01  1.86766e-03 
 2.25000e+01  1.88852e-03 
 2.30000e+01  1.92121e-03 
 2.35000e+01  1.95662e-03 
 2.40000e+01  1.98798e-03 
 2.45000e+01  2.00713e-03 
 2.50000e+01  2.03223e-03 
 2.55000e+01  2.06695e-03 
 2.60000e+01  2.08099e-03 
 2.65000e+01  2.10897e-03 
 2.70000e+01  2.15746e-03 
 2.75000e+01  2.19358e-03 
 2.80000e+01  2.22493e-03 
 2.85000e+01  2.25894e-03 
 2.90000e+01  2.30218e-03 
 2.95000e+01  2.33852e-03 
 3.00000e+01  2.35629e-03 
 3.05000e+01  2.40654e-03 
 3.10000e+01  2.44250e-03 
 3.15000e+01  2.49582e-03 
 3.20000e+01  2.53959e-03 
 3.25000e+01  2.59558e-03 
 3.30000e+01  2.64998e-03 
 3.35000e+01  2.68968e-03 
 3.40000e+01  2.76125e-03 
 3.45000e+01  2.83718e-03 
 3.50000e+01  2.88630e-03 
 3.55000e+01  2.96562e-03 
 3.60000e+01  3.02494e-03 
 3.65000e+01  3.10374e-03 
 3.70000e+01  3.14429e-03 
 3.75000e+01  3.24133e-03 
 3.80000e+01  3.29290e-03 
 3.85000e+01  3.39499e-03 
 3.90000e+01  3.47275e-03 
 3.95000e+01  3.53600e-03 
 4.00000e+01  3.65425e-03 
 4.05000e+01  3.77598e-03 
 4.10000e+01  3.89374e-03 
 4.15000e+01  4.00826e-03 
 4.20000e+01  4.11141e-03 
 4.25000e+01  4.24456e-03 
 4.30000e+01  4.40000e-03 
 4.35000e+01  4.51326e-03 
 4.40000e+01  4.65932e-03 
 4.45000e+01  4.84054e-03 
 4.50000e+01  4.97791e-03 
 4.55000e+01  5.12366e-03 
 4.60000e+01  5.33120e-03 
 4.65000e+01  5.51235e-03 
 4.70000e+01  5.73735e-03 
 4.75000e+01  5.86542e-03 
 4.80000e+01  6.08469e-03 
 4.85000e+01  6.34958e-03 
 4.90000e+01  6.57769e-03 
 4.95000e+01  6.82321e-03 
 5.00000e+01  7.08387e-03 
 5.05000e+01  7.30008e-03 
 5.10000e+01  7.64534e-03 
 5.15000e+01  7.89850e-03 
 5.20000e+01  8.16242e-03 
 5.25000e+01  8.41436e-03 
 5.30000e+01  8.72230e-03 
 5.35000e+01  9.06713e-03 
 5.40000e+01  9.32274e-03 
 5.45000e+01  9.58325e-03 
 5.50000e+01  9.85858e-03 
 5.55000e+01  1.01814e-02 
 5.60000e+01  1.03847e-02 
 5.65000e+01  1.06579e-02 
 5.70000e+01  1.10332e-02 
 5.75000e+01  1.12171e-02 
 5.80000e+01  1.14364e-02 
 5.85000e+01  1.16842e-02 
 5.90000e+01  1.18130e-02 
 5.95000e+01  1.20853e-02 
 6.00000e+01  1.24126e-02 
 6.05000e+01  1.25017e-02 
 6.10000e+01  1.27962e-02 
 6.15000e+01  1.28376e-02 
 6.20000e+01  1.29288e-02 
 6.25000e+01  1.31912e-02 
 6.30000e+01  1.33872e-02 
 6.35000e+01  1.37836e-02 
 6.40000e+01  1.40022e-02 
 6.45000e+01  1.39518e-02 
 6.50000e+01  1.39494e-02 
 6.55000e+01  1.39733e-02 
 6.60000e+01  1.41293e-02 
 6.65000e+01  1.44751e-02 
 6.70000e+01  1.46776e-02 
 6.75000e+01  1.46098e-02 
 6.80000e+01  1.48987e-02 
 6.85000e+01  1.52956e-02 
 6.90000e+01  1.53826e-02 
 6.95000e+01  1.52755e-02 
 7.00000e+01  1.57269e-02 
 7.05000e+01  1.56927e-02 
 7.10000e+01  1.57421e-02 
 7.15000e+01  1.59721e-02 
 7.20000e+01  1.62071e-02 
 7.25000e+01  1.61318e-02 
 7.30000e+01  1.63633e-02 
 7.35000e+01  1.62821e-02 
 7.40000e+01  1.65233e-02 
 7.45000e+01  1.65956e-02 
 7.50000e+01  1.68810e-02 
 7.55000e+01  1.71073e-02 
 7.60000e+01  1.71569e-02 
 7.65000e+01  1.72009e-02 
 7.70000e+01  1.74461e-02 
 7.75000e+01  1.75123e-02 
 7.80000e+01  1.75120e-02 
 7.85000e+01  1.76214e-02 
 7.90000e+01  1.74602e-02 
 7.95000e+01  1.76969e-02 
 8.00000e+01  1.77488e-02 
 8.05000e+01  1.80820e-02 
 8.10000e+01  1.80941e-02 
 8.15000e+01  1.81818e-02 
 8.20000e+01  1.84747e-02 
 8.25000e+01  1.81291e-02 
 8.30000e+01  1.85746e-02 
 8.35000e+01  1.84812e-02 
 8.40000e+01  1.85874e-02 
 8.45000e+01  1.87721e-02 
 8.50000e+01  1.90761e-02 
 8.55000e+01  1.90519e-02 
 8.60000e+01  1.89134e-02 
 8.65000e+01  1.92791e-02 
 8.70000e+01  1.92946e-02 
 8.75000e+01  1.92838e-02 
 8.80000e+01  1.94320e-02 
 8.85000e+01  1.95842e-02 
 8.90000e+01  1.95139e-02 
 8.95000e+01  1.96305e-02 
 9.00000e+01  1.99165e-02 
 9.05000e+01  1.98328e-02 
 9.10000e+01  1.98874e-02 
 9.15000e+01  2.03525e-02 
 9.20000e+01  2.04066e-02 
 9.25000e+01  2.03764e-02 
 9.30000e+01  2.02386e-02 
 9.35000e+01  2.03255e-02 
 9.40000e+01  2.05543e-02 
 9.45000e+01  2.05373e-02 
 9.50000e+01  2.07700e-02 
 9.55000e+01  2.07328e-02 
 9.60000e+01  2.11625e-02 
 9.65000e+01  2.08343e-02 
 9.70000e+01  2.06149e-02 
 9.75000e+01  2.11526e-02 
 9.80000e+01  2.12040e-02 
 9.85000e+01  2.11233e-02 
 9.90000e+01  2.16464e-02 
 9.95000e+01  2.16032e-02 
 1.00000e+02  2.16343e-02 
 1.00500e+02  2.14726e-02 
 1.01000e+02  2.17966e-02 
 1.01500e+02  2.19501e-02 
 1.02000e+02  2.17998e-02 
 1.02500e+02  2.19190e-02 
 1.03000e+02  2.18625e-02 
 1.03500e+02  2.22740e-02 
 1.04000e+02  2.20906e-02 
 1.04500e+02  2.27767e-02 
 1.05000e+02  2.25454e-02 
 1.05500e+02  2.28792e-02 
 1.06000e+02  2.28177e-02 
 1.06500e+02  2.30956e-02 
 1.07000e+02  2.28866e-02 
 1.07500e+02  2.31416e-02 
 1.08000e+02  2.29153e-02 
 1.08500e+02  2.33041e-02 
 1.09000e+02  2.37266e-02 
 1.09500e+02  2.36376e-02 
 1.10000e+02  2.42934e-02 
 1.10500e+02  2.43939e-02 
 1.11000e+02  2.40646e-02 
 1.11500e+02  2.43684e-02 
 1.12000e+02  2.44015e-02 
 1.12500e+02  2.45082e-02 
 1.13000e+02  2.48425e-02 
 1.13500e+02  2.47015e-02 
 1.14000e+02  2.46568e-02 
 1.14500e+02  2.50853e-02 
 1.15000e+02  2.54563e-02 
 1.15500e+02  2.56804e-02 
 1.16000e+02  2.62431e-02 
 1.16500e+02  2.62869e-02 
 1.17000e+02  2.64233e-02 
 1.17500e+02  2.67451e-02 
 1.18000e+02  2.66640e-02 
 1.18500e+02  2.67569e-02 
 1.19000e+02  2.69734e-02 
 1.19500e+02  2.72919e-02 
 1.20000e+02  2.76438e-02 
 1.20500e+02  2.77901e-02 
 1.21000e+02  2.75684e-02 
 1.21500e+02  2.76741e-02 
 1.22000e+02  2.74800e-02 
 1.22500e+02  2.77350e-02 
 1.23000e+02  2.77032e-02 
 1.23500e+02  2.78349e-02 
 1.24000e+02  2.77363e-02 
 1.24500e+02  2.85497e-02 
 1.25000e+02  2.86228e-02 
 1.25500e+02  2.90121e-02 
 1.26000e+02  2.95661e-02 
 1.26500e+02  2.97391e-02 
 1.27000e+02  3.00954e-02 
 1.27500e+02  2.96816e-02 
 1.28000e+02  3.04694e-02 
 1.28500e+02  3.01017e-02 
 1.29000e+02  3.05868e-02 
 1.29500e+02  3.08810e-02 
 1.30000e+02  3.10686e-02 
 1.30500e+02  3.17524e-02 
 1.31000e+02  3.18035e-02 
 1.31500e+02  3.16247e-02 
 1.32000e+02  3.18518e-02 
 1.32500e+02  3.24308e-02 
 1.33000e+02  3.21161e-02 
 1.33500e+02  3.16051e-02 
 1.34000e+02  3.26016e-02 
 1.34500e+02  3.24947e-02 
 1.35000e+02  3.27675e-02 
 1.35500e+02  3.33916e-02 
 1.36000e+02  3.27805e-02 
 1.36500e+02  3.34834e-02 
 1.37000e+02  3.38340e-02 
 1.37500e+02  3.30702e-02 
 1.38000e+02  3.38468e-02 
 1.38500e+02  3.40446e-02 
 1.39000e+02  3.44954e-02 
 1.39500e+02  3.49969e-02 
 1.40000e+02  3.46603e-02 
 1.40500e+02  3.52481e-02 
 1.41000e+02  3.52235e-02 
 1.41500e+02  3.56468e-02 
 1.42000e+02  3.44838e-02 
 1.42500e+02  3.50552e-02 
 1.43000e+02  3.47404e-02 
 1.43500e+02  3.50449e-02 
 1.44000e+02  3.53748e-02 
 1.44500e+02  3.51171e-02 
 1.45000e+02  3.53338e-02 
 1.45500e+02  3.54495e-02 
 1.46000e+02  3.53046e-02 
 1.46500e+02  3.57960e-02 
 1.47000e+02  3.56617e-02 
 1.47500e+02  3.58681e-02 
 1.48000e+02  3.53032e-02 
 1.48500e+02  3.67508e-02 
 1.49000e+02  3.61172e-02 
 1.49500e+02  3.67732e-02 
 1.50000e+02  3.65222e-02 
 1.50500e+02  3.65555e-02 
 1.51000e+02  3.75419e-02 
 1.51500e+02  3.69413e-02 
 1.52000e+02  3.70474e-02 
 1.52500e+02  3.72104e-02 
 1.53000e+02  3.72140e-02 
 1.53500e+02  3.76525e-02 
 1.54000e+02  3.80514e-02 
 1.54500e+02  3.72718e-02 
 1.55000e+02  3.71412e-02 
 1.55500e+02  3.67372e-02 
 1.56000e+02  3.58519e-02 
 1.56500e+02  3.62751e-02 
 1.57000e+02  3.57227e-02 
 1.57500e+02  3.63952e-02 
 1.58000e+02  3.56764e-02 
 1.58500e+02  3.64351e-02 
 1.59000e+02  3.67230e-02 
 1.59500e+02  3.60831e-02 
 1.60000e+02  3.63667e-02 
 1.60500e+02  3.56714e-02 
 1.61000e+02  3.66356e-02 
 1.61500e+02  3.57315e-02 
 1.62000e+02  3.66540e-02 
 1.62500e+02  3.60974e-02 
 1.63000e+02  3.62644e-02 
 1.63500e+02  3.65313e-02 
 1.64000e+02  3.59265e-02 
 1.64500e+02  3.60474e-02 
 1.65000e+02  3.56093e-02 
 1.65500e+02  3.62376e-02 
 1.66000e+02  3.62373e-02 
 1.66500e+02  3.66620e-02 
 1.67000e+02  3.69711e-02 
 1.67500e+02  3.69026e-02 
 1.68000e+02  3.67855e-02 
 1.68500e+02  3.69721e-02 
 1.69000e+02  3.61455e-02 
 1.69500e+02  3.62464e-02 
 1.70000e+02  3.69285e-02 
 1.70500e+02  3.73398e-02 
 1.71000e+02  3.63968e-02 
 1.71500e+02  3.68436e-02 
 1.72000e+02  3.66454e-02 
 1.72500e+02  3.60757e-02 
 1.73000e+02  3.72686e-02 
 1.73500e+02  3.70880e-02 
 1.74000e+02  3.67527e-02 
 1.74500e+02  3.71405e-02 
 1.75000e+02  3.71540e-02 
 1.75500e+02  3.62903e-02 
 1.76000e+02  3.70770e-02 
 1.76500e+02  3.56091e-02 
 1.77000e+02  3.61056e-02 
 1.77500e+02  3.57864e-02 
 1.78000e+02  3.53846e-02 
 1.78500e+02  3.57134e-02 
 1.79000e+02  3.51459e-02 
 1.79500e+02  3.53623e-02 
 1.80000e+02  3.54130e-02 
 1.80500e+02  3.50319e-02 
 1.81000e+02  3.50667e-02 
 1.81500e+02  3.41456e-02 
 1.82000e+02  3.47249e-02 
 1.82500e+02  3.42711e-02 
 1.83000e+02  3.33211e-02 
 1.83500e+02  3.38776e-02 
 1.84000e+02  3.42995e-02 
 1.84500e+02  3.35479e-02 
 1.85000e+02  3.36500e-02 
 1.85500e+02  3.32567e-02 
 1.86000e+02  3.32318e-02 
 1.86500e+02  3.25221e-02 
 1.87000e+02  3.27284e-02 
 1.87500e+02  3.21552e-02 
 1.88000e+02  3.19973e-02 
 1.88500e+02  3.18594e-02 
 1.89000e+02  3.15285e-02 
 1.89500e+02  3.19240e-02 
 1.90000e+02  3.19758e-02 
 1.90500e+02  3.14130e-02 
 1.91000e+02  3.08700e-02 
 1.91500e+02  3.07139e-02 
 1.92000e+02  3.07644e-02 
 1.92500e+02  3.07221e-02 
 1.93000e+02  3.04274e-02 
 1.93500e+02  3.00676e-02 
 1.94000e+02  3.00969e-02 
 1.94500e+02  2.98020e-02 
 1.95000e+02  2.98944e-02 
 1.95500e+02  2.97129e-02 
 1.96000e+02  2.92981e-02 
 1.96500e+02  2.87007e-02 
 1.97000e+02  2.87376e-02 
 1.97500e+02  2.82131e-02 
 1.98000e+02  2.71957e-02 
 1.98500e+02  2.72228e-02 
 1.99000e+02  2.66347e-02 
 1.99500e+02  2.75506e-02 
 2.00000e+02  2.71049e-02 
 2.00500e+02  2.66413e-02 
 2.01000e+02  2.71834e-02 
 2.01500e+02  2.64887e-02 
 2.02000e+02  2.62730e-02 
 2.02500e+02  2.63110e-02 
 2.03000e+02  2.53936e-02 
 2.03500e+02  2.54545e-02 
 2.04000e+02  2.59617e-02 
 2.04500e+02  2.55455e-02 
 2.05000e+02  2.54980e-02 
 2.05500e+02  2.50830e-02 
 2.06000e+02  2.48852e-02 
 2.06500e+02  2.47736e-02 
 2.07000e+02  2.45315e-02 
 2.07500e+02  2.41662e-02 
 2.08000e+02  2.46145e-02 
 2.08500e+02  2.45546e-02 
 2.09000e+02  2.38794e-02 
 2.09500e+02  2.38922e-02 
 2.10000e+02  2.36239e-02 
 2.10500e+02  2.39379e-02 
 2.11000e+02  2.33574e-02 
 2.11500e+02  2.33683e-02 
 2.12000e+02  2.31576e-02 
 2.12500e+02  2.34004e-02 
 2.13000e+02  2.29856e-02 
 2.13500e+02  2.28148e-02 
 2.14000e+02  2.29239e-02 
 2.14500e+02  2.26198e-02 
 2.15000e+02  2.25315e-02 
 2.15500e+02  2.22674e-02 
 2.16000e+02  2.24060e-02 
 2.16500e+02  2.19248e-02 
 2.17000e+02  2.20012e-02 
 2.17500e+02  2.19946e-02 
 2.18000e+02  2.19480e-02 
 2.18500e+02  2.15226e-02 
 2.19000e+02  2.16800e-02 
 2.19500e+02  2.16072e-02 
 2.20000e+02  2.16321e-02 
 2.20500e+02  2.17883e-02 
 2.21000e+02  2.15478e-02 
 2.21500e+02  2.13858e-02 
 2.22000e+02  2.12719e-02 
 2.22500e+02  2.09118e-02 
 2.23000e+02  2.09714e-02 
 2.23500e+02  2.06273e-02 
 2.24000e+02  2.06266e-02 
 2.24500e+02  2.08012e-02 
 2.25000e+02  2.08106e-02 
 2.25500e+02  2.06971e-02 
 2.26000e+02  2.03888e-02 
 2.26500e+02  2.03772e-02 
 2.27000e+02  2.00795e-02 
 2.27500e+02  2.05312e-02 
 2.28000e+02  2.00009e-02 
 2.28500e+02  2.00057e-02 
 2.29000e+02  1.97840e-02 
 2.29500e+02  1.95844e-02 
 2.30000e+02  1.96253e-02 
 2.30500e+02  1.96996e-02 
 2.31000e+02  1.96916e-02 
 2.31500e+02  1.96602e-02 
 2.32000e+02  1.95266e-02 
 2.32500e+02  1.92959e-02 
 2.33000e+02  1.89817e-02 
 2.33500e+02  1.92648e-02 
 2.34000e+02  1.90714e-02 
 2.34500e+02  1.86112e-02 
 2.35000e+02  1.85870e-02 
 2.35500e+02  1.84853e-02 
 2.36000e+02  1.82752e-02 
 2.36500e+02  1.84280e-02 
 2.37000e+02  1.82386e-02 
 2.37500e+02  1.81078e-02 
 2.38000e+02  1.81069e-02 
 2.38500e+02  1.81675e-02 
 2.39000e+02  1.77454e-02 
 2.39500e+02  1.78116e-02 
 2.40000e+02  1.75876e-02 
 2.40500e+02  1.75662e-02 
 2.41000e+02  1.75577e-02 
 2.41500e+02  1.75373e-02 
 2.42000e+02  1.73408e-02 
 2.42500e+02  1.72218e-02 
 2.43000e+02  1.71456e-02 
 2.43500e+02  1.72575e-02 
 2.44000e+02  1.67954e-02 
 2.44500e+02  1.69003e-02 
 2.45000e+02  1.66724e-02 
 2.45500e+02  1.66404e-02 
 2.46000e+02  1.65870e-02 
 2.46500e+02  1.63743e-02 
 2.47000e+02  1.61347e-02 
 2.47500e+02  1.61658e-02 
 2.48000e+02  1.59726e-02 
 2.48500e+02  1.58835e-02 
 2.49000e+02  1.54195e-02 
 2.49500e+02  1.53129e-02 
 2.50000e+02  1.52885e-02 
 2.50500e+02  1.51890e-02 
 2.51000e+02  1.50444e-02 
 2.51500e+02  1.49423e-02 
 2.52000e+02  1.48783e-02 
 2.52500e+02  1.48156e-02 
 2.53000e+02  1.46409e-02 
 2.53500e+02  1.44219e-02 
 2.54000e+02  1.41945e-02 
 2.54500e+02  1.39044e-02 
 2.55000e+02  1.38926e-02 
 2.55500e+02  1.39556e-02 
 2.56000e+02  1.37916e-02 
 2.56500e+02  1.35686e-02 
 2.57000e+02  1.32094e-02 
 2.57500e+02  1.29594e-02 
 2.58000e+02  1.27990e-02 
 2.58500e+02  1.26678e-02 
 2.59000e+02  1.23112e-02 
 2.59500e+02  1.22097e-02 
 2.60000e+02  1.20554e-02 
 2.60500e+02  1.18706e-02 
 2.61000e+02  1.15346e-02 
 2.61500e+02  1.13093e-02 
 2.62000e+02  1.11014e-02 
 2.62500e+02  1.09096e-02 
 2.63000e+02  1.07103e-02 
 2.63500e+02  1.03631e-02 
 2.64000e+02  1.00450e-02 
 2.64500e+02  9.74553e-03 
 2.65000e+02  9.40586e-03 
 2.65500e+02  9.17134e-03 
 2.66000e+02  8.96166e-03 
 2.66500e+02  8.67758e-03 
 2.67000e+02  8.36448e-03 
 2.67500e+02  8.11685e-03 
 2.68000e+02  7.85251e-03 
 2.68500e+02  7.59699e-03 
 2.69000e+02  7.40062e-03 
 2.69500e+02  7.12963e-03 
 2.70000e+02  6.94381e-03 
 2.70500e+02  6.67458e-03 
 2.71000e+02  6.43533e-03 
 2.71500e+02  6.23037e-03 
 2.72000e+02  5.97415e-03 
 2.72500e+02  5.79225e-03 
 2.73000e+02  5.58872e-03 
 2.73500e+02  5.42072e-03 
 2.74000e+02  5.22537e-03 
 2.74500e+02  4.99620e-03 
 2.75000e+02  4.80430e-03 
 2.75500e+02  4.67633e-03 
 2.76000e+02  4.53850e-03 
 2.76500e+02  4.38894e-03 
 2.77000e+02  4.28354e-03 
 2.77500e+02  4.13754e-03 
 2.78000e+02  3.99597e-03 
 2.78500e+02  3.89894e-03 
 2.79000e+02  3.82759e-03 
 2.79500e+02  3.69950e-03 
 2.80000e+02  3.57162e-03 
 2.80500e+02  3.49020e-03 
 2.81000e+02  3.40037e-03 
 2.81500e+02  3.30889e-03 
 2.82000e+02  3.22973e-03 
 2.82500e+02  3.19461e-03 
 2.83000e+02  3.13619e-03 
 2.83500e+02  3.05642e-03 
 2.84000e+02  2.96509e-03 
 2.84500e+02  2.91659e-03 
 2.85000e+02  2.84538e-03 
 2.85500e+02  2.77661e-03 
 2.86000e+02  2.70231e-03 
 2.86500e+02  2.67114e-03 
 2.87000e+02  2.61486e-03 
 2.87500e+02  2.56758e-03 
 2.88000e+02  2.51954e-03 
 2.88500e+02  2.46330e-03 
 2.89000e+02  2.42075e-03 
 2.89500e+02  2.38019e-03 
 2.90000e+02  2.35400e-03 
 2.90500e+02  2.29877e-03 
 2.91000e+02  2.25578e-03 
 2.91500e+02  2.22230e-03 
 2.92000e+02  2.18642e-03 
 2.92500e+02  2.15158e-03 
 2.93000e+02  2.12763e-03 
 2.93500e+02  2.08871e-03 
 2.94000e+02  2.05754e-03 
 2.94500e+02  2.02902e-03 
 2.95000e+02  2.00190e-03 
 2.95500e+02  1.96982e-03 
 2.96000e+02  1.94815e-03 
 2.96500e+02  1.91256e-03 
 2.97000e+02  1.88046e-03 
 2.97500e+02  1.87486e-03 
 2.98000e+02  1.83945e-03 
 2.98500e+02  1.83126e-03 
 2.99000e+02  1.81103e-03 
 2.99500e+02  1.78399e-03 
 3.00000e+02  1.76119e-03 
 3.00500e+02  1.73194e-03 
 3.01000e+02  1.73032e-03 
 3.01500e+02  1.70118e-03 
 3.02000e+02  1.68530e-03 
 3.02500e+02  1.67238e-03 
 3.03000e+02  1.64128e-03 
 3.03500e+02  1.61781e-03 
 3.04000e+02  1.61081e-03 
 3.04500e+02  1.60381e-03 
 3.05000e+02  1.57594e-03 
 3.05500e+02  1.56580e-03 
 3.06000e+02  1.55700e-03 
 3.06500e+02  1.52722e-03 
 3.07000e+02  1.50789e-03 
 3.07500e+02  1.48785e-03 
 3.08000e+02  1.46830e-03 
 3.08500e+02  1.45444e-03 
 3.09000e+02  1.43896e-03 
 3.09500e+02  1.42554e-03 
 3.10000e+02  1.42002e-03 
 3.10500e+02  1.41466e-03 
 3.11000e+02  1.41006e-03 
 3.11500e+02  1.39619e-03 
 3.12000e+02  1.38620e-03 
 3.12500e+02  1.37270e-03 
 3.13000e+02  1.36253e-03 
 3.13500e+02  1.34926e-03 
 3.14000e+02  1.33070e-03 
 3.14500e+02  1.32130e-03 
 3.15000e+02  1.30627e-03 
 3.15500e+02  1.29498e-03 
 3.16000e+02  1.28504e-03 
 3.16500e+02  1.26931e-03 
 3.17000e+02  1.26475e-03 
 3.17500e+02  1.25295e-03 
 3.18000e+02  1.24054e-03 
 3.18500e+02  1.23096e-03 
 3.19000e+02  1.22292e-03 
 3.19500e+02  1.21133e-03 
