 0.00000e+00  0.00000e+00 
 5.00000e-01  0.00000e+00 
 1.00000e+00  0.00000e+00 
 1.50000e+00  0.00000e+00 
 2.00000e+00  0.00000e+00 
 2.50000e+00  0.00000e+00 
 3.00000e+00  1.92000e-07 
 3.50000e+00  3.28000e-07 
 4.00000e+00  2.24000e-07 
 4.50000e+00  1.92000e-07 
 5.00000e+00  1.92000e-07 
 5.50000e+00  1.76000e-07 
 6.00000e+00  1.52000e-07 
 6.50000e+00  1.36000e-07 
 7.00000e+00  1.28000e-07 
 7.50000e+00  1.20000e-07 
 8.00000e+00  1.28000e-07 
 8.50000e+00  1.20000e-07 
 9.00000e+00  1.12000e-07 
 9.50000e+00  1.12000e-07 
 1.00000e+01  1.04000e-07 
 1.05000e+01  9.60000e-08 
 1.10000e+01  9.60000e-08 
 1.15000e+01  8.80000e-08 
 1.20000e+01  9.60000e-08 
 1.25000e+01  9.60000e-08 
 1.30000e+01  8.80000e-08 
 1.35000e+01  8.80000e-08 
 1.40000e+01  8.80000e-08 
 1.45000e+01  8.80000e-08 
 1.50000e+01  1.12000e-07 
 1.55000e+01  3.36000e-07 
 1.60000e+01  2.80000e-07 
 1.65000e+01  2.56000e-07 
 1.70000e+01  2.40000e-07 
 1.75000e+01  2.40000e-07 
 1.80000e+01  9.60000e-08 
 1.85000e+01  7.20000e-08 
 1.90000e+01  7.20000e-08 
 1.95000e+01  8.00000e-08 
 2.00000e+01  1.08800e-06 
 2.05000e+01  1.16800e-06 
 2.10000e+01  7.52000e-07 
 2.15000e+01  2.30400e-06 
 2.20000e+01  9.76000e-07 
 2.25000e+01  8.00000e-07 
 2.30000e+01  6.96000e-07 
 2.35000e+01  6.64000e-07 
 2.40000e+01  6.40000e-07 
 2.45000e+01  5.76000e-07 
 2.50000e+01  5.36000e-07 
 2.55000e+01  5.12000e-07 
 2.60000e+01  4.96000e-07 
 2.65000e+01  4.96000e-07 
 2.70000e+01  4.88000e-07 
 2.75000e+01  4.64000e-07 
 2.80000e+01  4.32000e-07 
 2.85000e+01  4.08000e-07 
 2.90000e+01  4.08000e-07 
 2.95000e+01  4.24000e-07 
 3.00000e+01  4.00000e-07 
 3.05000e+01  1.41600e-06 
 3.10000e+01  1.55200e-06 
 3.15000e+01  1.10400e-06 
 3.20000e+01  9.84000e-07 
 3.25000e+01  1.43200e-06 
 3.30000e+01  5.01600e-06 
 3.35000e+01  5.92800e-06 
 3.40000e+01  5.39200e-06 
 3.45000e+01  4.44000e-06 
 3.50000e+01  5.04800e-06 
 3.55000e+01  4.68000e-06 
 3.60000e+01  6.25600e-06 
 3.65000e+01  5.01600e-06 
 3.70000e+01  4.36000e-06 
 3.75000e+01  3.94400e-06 
 3.80000e+01  4.16000e-06 
 3.85000e+01  5.23200e-06 
 3.90000e+01  4.59200e-06 
 3.95000e+01  6.88800e-06 
 4.00000e+01  7.72800e-06 
 4.05000e+01  6.48800e-06 
 4.10000e+01  7.18400e-06 
 4.15000e+01  5.82400e-06 
 4.20000e+01  8.71200e-06 
 4.25000e+01  8.63200e-06 
 4.30000e+01  1.15920e-05 
 4.35000e+01  7.69600e-06 
 4.40000e+01  7.15200e-06 
 4.45000e+01  8.12000e-06 
 4.50000e+01  9.73600e-06 
 4.55000e+01  1.15200e-05 
 4.60000e+01  9.45600e-06 
 4.65000e+01  1.54240e-05 
 4.70000e+01  1.41440e-05 
 4.75000e+01  1.42640e-05 
 4.80000e+01  2.04800e-05 
 4.85000e+01  1.94320e-05 
 4.90000e+01  2.21040e-05 
 4.95000e+01  2.65680e-05 
 5.00000e+01  3.28880e-05 
 5.05000e+01  2.55760e-05 
 5.10000e+01  3.16400e-05 
 5.15000e+01  3.88400e-05 
 5.20000e+01  5.48720e-05 
 5.25000e+01  7.19840e-05 
 5.30000e+01  8.74800e-05 
 5.35000e+01  7.88560e-05 
 5.40000e+01  6.47200e-05 
 5.45000e+01  6.93440e-05 
 5.50000e+01  8.80880e-05 
 5.55000e+01  9.07520e-05 
 5.60000e+01  1.17120e-04 
 5.65000e+01  1.28536e-04 
 5.70000e+01  1.38472e-04 
 5.75000e+01  1.68792e-04 
 5.80000e+01  1.91240e-04 
 5.85000e+01  1.54352e-04 
 5.90000e+01  1.54168e-04 
 5.95000e+01  1.87360e-04 
 6.00000e+01  2.08408e-04 
 6.05000e+01  2.61064e-04 
 6.10000e+01  2.42936e-04 
 6.15000e+01  2.50280e-04 
 6.20000e+01  2.15376e-04 
 6.25000e+01  2.10496e-04 
 6.30000e+01  2.37016e-04 
 6.35000e+01  2.53880e-04 
 6.40000e+01  2.52928e-04 
 6.45000e+01  2.56512e-04 
 6.50000e+01  2.98992e-04 
 6.55000e+01  2.65328e-04 
 6.60000e+01  2.82560e-04 
 6.65000e+01  2.81536e-04 
 6.70000e+01  3.33320e-04 
 6.75000e+01  3.09128e-04 
 6.80000e+01  3.27016e-04 
 6.85000e+01  3.66736e-04 
 6.90000e+01  3.33608e-04 
 6.95000e+01  3.73792e-04 
 7.00000e+01  3.85568e-04 
 7.05000e+01  3.94344e-04 
 7.10000e+01  4.48672e-04 
 7.15000e+01  4.18096e-04 
 7.20000e+01  4.31776e-04 
 7.25000e+01  4.40872e-04 
 7.30000e+01  4.63888e-04 
 7.35000e+01  4.34024e-04 
 7.40000e+01  4.37816e-04 
 7.45000e+01  5.47576e-04 
 7.50000e+01  5.55680e-04 
 7.55000e+01  6.57224e-04 
 7.60000e+01  6.56720e-04 
 7.65000e+01  6.97840e-04 
 7.70000e+01  6.40528e-04 
 7.75000e+01  6.44520e-04 
 7.80000e+01  6.12544e-04 
 7.85000e+01  6.96312e-04 
 7.90000e+01  6.76920e-04 
 7.95000e+01  6.63576e-04 
 8.00000e+01  7.51728e-04 
 8.05000e+01  7.42872e-04 
 8.10000e+01  7.37928e-04 
 8.15000e+01  6.93616e-04 
 8.20000e+01  6.79616e-04 
 8.25000e+01  6.49720e-04 
 8.30000e+01  6.50472e-04 
 8.35000e+01  6.91280e-04 
 8.40000e+01  7.44648e-04 
 8.45000e+01  7.19464e-04 
 8.50000e+01  9.12512e-04 
 8.55000e+01  8.67336e-04 
 8.60000e+01  8.46072e-04 
 8.65000e+01  8.63408e-04 
 8.70000e+01  9.35328e-04 
 8.75000e+01  9.25680e-04 
 8.80000e+01  9.60176e-04 
 8.85000e+01  9.52704e-04 
 8.90000e+01  8.54728e-04 
 8.95000e+01  8.91528e-04 
 9.00000e+01  9.09488e-04 
 9.05000e+01  1.01498e-03 
 9.10000e+01  1.04333e-03 
 9.15000e+01  1.03297e-03 
 9.20000e+01  1.20544e-03 
 9.25000e+01  1.24982e-03 
 9.30000e+01  1.16785e-03 
 9.35000e+01  1.22439e-03 
 9.40000e+01  1.22178e-03 
 9.45000e+01  1.19828e-03 
 9.50000e+01  1.14382e-03 
 9.55000e+01  1.29708e-03 
 9.60000e+01  1.26726e-03 
 9.65000e+01  1.35260e-03 
 9.70000e+01  1.39190e-03 
 9.75000e+01  1.42012e-03 
 9.80000e+01  1.43466e-03 
 9.85000e+01  1.45933e-03 
 9.90000e+01  1.58260e-03 
 9.95000e+01  1.61107e-03 
 1.00000e+02  1.56316e-03 
 1.00500e+02  1.64039e-03 
 1.01000e+02  1.74326e-03 
 1.01500e+02  1.76806e-03 
 1.02000e+02  1.68770e-03 
 1.02500e+02  1.65106e-03 
 1.03000e+02  1.79891e-03 
 1.03500e+02  1.74660e-03 
 1.04000e+02  1.88866e-03 
 1.04500e+02  1.99655e-03 
 1.05000e+02  2.30578e-03 
 1.05500e+02  2.25655e-03 
 1.06000e+02  2.31434e-03 
 1.06500e+02  2.35939e-03 
 1.07000e+02  2.33471e-03 
 1.07500e+02  2.34204e-03 
 1.08000e+02  2.43601e-03 
 1.08500e+02  2.39290e-03 
 1.09000e+02  2.65704e-03 
 1.09500e+02  3.08824e-03 
 1.10000e+02  3.29294e-03 
 1.10500e+02  3.17544e-03 
 1.11000e+02  3.27347e-03 
 1.11500e+02  3.39127e-03 
 1.12000e+02  3.32338e-03 
 1.12500e+02  3.60342e-03 
 1.13000e+02  3.71566e-03 
 1.13500e+02  3.70645e-03 
 1.14000e+02  3.78205e-03 
 1.14500e+02  3.86939e-03 
 1.15000e+02  4.14197e-03 
 1.15500e+02  4.61390e-03 
 1.16000e+02  4.88705e-03 
 1.16500e+02  4.96813e-03 
 1.17000e+02  5.24705e-03 
 1.17500e+02  5.41072e-03 
 1.18000e+02  5.43333e-03 
 1.18500e+02  5.37962e-03 
 1.19000e+02  5.54550e-03 
 1.19500e+02  5.91230e-03 
 1.20000e+02  6.19977e-03 
 1.20500e+02  6.26147e-03 
 1.21000e+02  6.16570e-03 
 1.21500e+02  6.25080e-03 
 1.22000e+02  6.03968e-03 
 1.22500e+02  6.15623e-03 
 1.23000e+02  6.23688e-03 
 1.23500e+02  6.18382e-03 
 1.24000e+02  6.45103e-03 
 1.24500e+02  6.71522e-03 
 1.25000e+02  6.97214e-03 
 1.25500e+02  7.66450e-03 
 1.26000e+02  7.64317e-03 
 1.26500e+02  7.99131e-03 
 1.27000e+02  8.49469e-03 
 1.27500e+02  8.39046e-03 
 1.28000e+02  8.34244e-03 
 1.28500e+02  8.72936e-03 
 1.29000e+02  8.80108e-03 
 1.29500e+02  9.14958e-03 
 1.30000e+02  9.34870e-03 
 1.30500e+02  9.83576e-03 
 1.31000e+02  9.97035e-03 
 1.31500e+02  1.00709e-02 
 1.32000e+02  9.98106e-03 
 1.32500e+02  1.06473e-02 
 1.33000e+02  1.01274e-02 
 1.33500e+02  1.01712e-02 
 1.34000e+02  1.05244e-02 
 1.34500e+02  1.08778e-02 
 1.35000e+02  1.11057e-02 
 1.35500e+02  1.10632e-02 
 1.36000e+02  1.12998e-02 
 1.36500e+02  1.12851e-02 
 1.37000e+02  1.17464e-02 
 1.37500e+02  1.15621e-02 
 1.38000e+02  1.17741e-02 
 1.38500e+02  1.18487e-02 
 1.39000e+02  1.27631e-02 
 1.39500e+02  1.28463e-02 
 1.40000e+02  1.29181e-02 
 1.40500e+02  1.29522e-02 
 1.41000e+02  1.36735e-02 
 1.41500e+02  1.31408e-02 
 1.42000e+02  1.31693e-02 
 1.42500e+02  1.26677e-02 
 1.43000e+02  1.27558e-02 
 1.43500e+02  1.33013e-02 
 1.44000e+02  1.31538e-02 
 1.44500e+02  1.31665e-02 
 1.45000e+02  1.32758e-02 
 1.45500e+02  1.33277e-02 
 1.46000e+02  1.35278e-02 
 1.46500e+02  1.35664e-02 
 1.47000e+02  1.36360e-02 
 1.47500e+02  1.37182e-02 
 1.48000e+02  1.36082e-02 
 1.48500e+02  1.43404e-02 
 1.49000e+02  1.43942e-02 
 1.49500e+02  1.45706e-02 
 1.50000e+02  1.45283e-02 
 1.50500e+02  1.45574e-02 
 1.51000e+02  1.51821e-02 
 1.51500e+02  1.48547e-02 
 1.52000e+02  1.53449e-02 
 1.52500e+02  1.49727e-02 
 1.53000e+02  1.53416e-02 
 1.53500e+02  1.52763e-02 
 1.54000e+02  1.59726e-02 
 1.54500e+02  1.52843e-02 
 1.55000e+02  1.49566e-02 
 1.55500e+02  1.47000e-02 
 1.56000e+02  1.40206e-02 
 1.56500e+02  1.39341e-02 
 1.57000e+02  1.37341e-02 
 1.57500e+02  1.42771e-02 
 1.58000e+02  1.35756e-02 
 1.58500e+02  1.44254e-02 
 1.59000e+02  1.45483e-02 
 1.59500e+02  1.40383e-02 
 1.60000e+02  1.40005e-02 
 1.60500e+02  1.42150e-02 
 1.61000e+02  1.40461e-02 
 1.61500e+02  1.41718e-02 
 1.62000e+02  1.41146e-02 
 1.62500e+02  1.45786e-02 
 1.63000e+02  1.40449e-02 
 1.63500e+02  1.40931e-02 
 1.64000e+02  1.40674e-02 
 1.64500e+02  1.38994e-02 
 1.65000e+02  1.39238e-02 
 1.65500e+02  1.39608e-02 
 1.66000e+02  1.42550e-02 
 1.66500e+02  1.47150e-02 
 1.67000e+02  1.46081e-02 
 1.67500e+02  1.48355e-02 
 1.68000e+02  1.47794e-02 
 1.68500e+02  1.48295e-02 
 1.69000e+02  1.40069e-02 
 1.69500e+02  1.43743e-02 
 1.70000e+02  1.48469e-02 
 1.70500e+02  1.48574e-02 
 1.71000e+02  1.47271e-02 
 1.71500e+02  1.49804e-02 
 1.72000e+02  1.41299e-02 
 1.72500e+02  1.47365e-02 
 1.73000e+02  1.47413e-02 
 1.73500e+02  1.52552e-02 
 1.74000e+02  1.48253e-02 
 1.74500e+02  1.51880e-02 
 1.75000e+02  1.48475e-02 
 1.75500e+02  1.47605e-02 
 1.76000e+02  1.45424e-02 
 1.76500e+02  1.41100e-02 
 1.77000e+02  1.38031e-02 
 1.77500e+02  1.39742e-02 
 1.78000e+02  1.34466e-02 
 1.78500e+02  1.34753e-02 
 1.79000e+02  1.33408e-02 
 1.79500e+02  1.32086e-02 
 1.80000e+02  1.34723e-02 
 1.80500e+02  1.35397e-02 
 1.81000e+02  1.26439e-02 
 1.81500e+02  1.24238e-02 
 1.82000e+02  1.28937e-02 
 1.82500e+02  1.20553e-02 
 1.83000e+02  1.17203e-02 
 1.83500e+02  1.20630e-02 
 1.84000e+02  1.20119e-02 
 1.84500e+02  1.19380e-02 
 1.85000e+02  1.19522e-02 
 1.85500e+02  1.14241e-02 
 1.86000e+02  1.11615e-02 
 1.86500e+02  1.09922e-02 
 1.87000e+02  1.07898e-02 
 1.87500e+02  1.04097e-02 
 1.88000e+02  1.02432e-02 
 1.88500e+02  9.82368e-03 
 1.89000e+02  1.00970e-02 
 1.89500e+02  1.00550e-02 
 1.90000e+02  1.01639e-02 
 1.90500e+02  9.66019e-03 
 1.91000e+02  9.12242e-03 
 1.91500e+02  9.19482e-03 
 1.92000e+02  9.06574e-03 
 1.92500e+02  8.90365e-03 
 1.93000e+02  8.69122e-03 
 1.93500e+02  8.42915e-03 
 1.94000e+02  8.41877e-03 
 1.94500e+02  8.31223e-03 
 1.95000e+02  8.17328e-03 
 1.95500e+02  8.04019e-03 
 1.96000e+02  7.65915e-03 
 1.96500e+02  7.37586e-03 
 1.97000e+02  7.05038e-03 
 1.97500e+02  6.35229e-03 
 1.98000e+02  6.02664e-03 
 1.98500e+02  5.74292e-03 
 1.99000e+02  5.74722e-03 
 1.99500e+02  5.67137e-03 
 2.00000e+02  5.60756e-03 
 2.00500e+02  5.63749e-03 
 2.01000e+02  5.55284e-03 
 2.01500e+02  5.19551e-03 
 2.02000e+02  5.07225e-03 
 2.02500e+02  4.74779e-03 
 2.03000e+02  4.31911e-03 
 2.03500e+02  4.35964e-03 
 2.04000e+02  4.57530e-03 
 2.04500e+02  4.33004e-03 
 2.05000e+02  4.01097e-03 
 2.05500e+02  4.06876e-03 
 2.06000e+02  3.89730e-03 
 2.06500e+02  3.57474e-03 
 2.07000e+02  3.58872e-03 
 2.07500e+02  3.43124e-03 
 2.08000e+02  3.57455e-03 
 2.08500e+02  3.29546e-03 
 2.09000e+02  3.19778e-03 
 2.09500e+02  3.16838e-03 
 2.10000e+02  2.82429e-03 
 2.10500e+02  2.88333e-03 
 2.11000e+02  2.72426e-03 
 2.11500e+02  2.57905e-03 
 2.12000e+02  2.71332e-03 
 2.12500e+02  2.62826e-03 
 2.13000e+02  2.34626e-03 
 2.13500e+02  2.26521e-03 
 2.14000e+02  2.28112e-03 
 2.14500e+02  2.09387e-03 
 2.15000e+02  2.15167e-03 
 2.15500e+02  2.00425e-03 
 2.16000e+02  1.92201e-03 
 2.16500e+02  1.82322e-03 
 2.17000e+02  1.76432e-03 
 2.17500e+02  1.77201e-03 
 2.18000e+02  1.61594e-03 
 2.18500e+02  1.53278e-03 
 2.19000e+02  1.55765e-03 
 2.19500e+02  1.57515e-03 
 2.20000e+02  1.73864e-03 
 2.20500e+02  1.79963e-03 
 2.21000e+02  1.55263e-03 
 2.21500e+02  1.44424e-03 
 2.22000e+02  1.39404e-03 
 2.22500e+02  1.35392e-03 
 2.23000e+02  1.25779e-03 
 2.23500e+02  1.23955e-03 
 2.24000e+02  1.24117e-03 
 2.24500e+02  1.26951e-03 
 2.25000e+02  1.23072e-03 
 2.25500e+02  1.17670e-03 
 2.26000e+02  1.17477e-03 
 2.26500e+02  1.16599e-03 
 2.27000e+02  1.12964e-03 
 2.27500e+02  1.07534e-03 
 2.28000e+02  1.09715e-03 
 2.28500e+02  9.92536e-04 
 2.29000e+02  9.04800e-04 
 2.29500e+02  9.87392e-04 
 2.30000e+02  9.78848e-04 
 2.30500e+02  1.04536e-03 
 2.31000e+02  1.04931e-03 
 2.31500e+02  1.04197e-03 
 2.32000e+02  8.99456e-04 
 2.32500e+02  9.20248e-04 
 2.33000e+02  9.62728e-04 
 2.33500e+02  8.69720e-04 
 2.34000e+02  7.84512e-04 
 2.34500e+02  6.64664e-04 
 2.35000e+02  6.28448e-04 
 2.35500e+02  7.12904e-04 
 2.36000e+02  6.83824e-04 
 2.36500e+02  6.65232e-04 
 2.37000e+02  6.55672e-04 
 2.37500e+02  6.16016e-04 
 2.38000e+02  6.04456e-04 
 2.38500e+02  5.78848e-04 
 2.39000e+02  6.30216e-04 
 2.39500e+02  5.81760e-04 
 2.40000e+02  6.23328e-04 
 2.40500e+02  6.61728e-04 
 2.41000e+02  7.12392e-04 
 2.41500e+02  7.14408e-04 
 2.42000e+02  6.23072e-04 
 2.42500e+02  5.49672e-04 
 2.43000e+02  5.06680e-04 
 2.43500e+02  4.98088e-04 
 2.44000e+02  5.07016e-04 
 2.44500e+02  5.42920e-04 
 2.45000e+02  5.80568e-04 
 2.45500e+02  6.21864e-04 
 2.46000e+02  5.81392e-04 
 2.46500e+02  5.20072e-04 
 2.47000e+02  4.43304e-04 
 2.47500e+02  4.10856e-04 
 2.48000e+02  3.92392e-04 
 2.48500e+02  3.74152e-04 
 2.49000e+02  3.57712e-04 
 2.49500e+02  3.36832e-04 
 2.50000e+02  3.36192e-04 
 2.50500e+02  3.37480e-04 
 2.51000e+02  3.18552e-04 
 2.51500e+02  3.37576e-04 
 2.52000e+02  2.86168e-04 
 2.52500e+02  2.88600e-04 
 2.53000e+02  2.64296e-04 
 2.53500e+02  2.26456e-04 
 2.54000e+02  2.32872e-04 
 2.54500e+02  2.16224e-04 
 2.55000e+02  2.13944e-04 
 2.55500e+02  2.19720e-04 
 2.56000e+02  1.82608e-04 
 2.56500e+02  1.87536e-04 
 2.57000e+02  2.23752e-04 
 2.57500e+02  2.00576e-04 
 2.58000e+02  2.14736e-04 
 2.58500e+02  2.04520e-04 
 2.59000e+02  1.78048e-04 
 2.59500e+02  1.77832e-04 
 2.60000e+02  1.68976e-04 
 2.60500e+02  1.37448e-04 
 2.61000e+02  1.42816e-04 
 2.61500e+02  1.24792e-04 
 2.62000e+02  1.37256e-04 
 2.62500e+02  1.23312e-04 
 2.63000e+02  1.10960e-04 
 2.63500e+02  8.86640e-05 
 2.64000e+02  8.29440e-05 
 2.64500e+02  8.35120e-05 
 2.65000e+02  7.85760e-05 
 2.65500e+02  6.38320e-05 
 2.66000e+02  8.47600e-05 
 2.66500e+02  4.99200e-05 
 2.67000e+02  4.97600e-05 
 2.67500e+02  5.75120e-05 
 2.68000e+02  5.14080e-05 
 2.68500e+02  3.76720e-05 
 2.69000e+02  3.33280e-05 
 2.69500e+02  3.36800e-05 
 2.70000e+02  2.53680e-05 
 2.70500e+02  2.12240e-05 
 2.71000e+02  1.68720e-05 
 2.71500e+02  9.95200e-06 
 2.72000e+02  1.09040e-05 
 2.72500e+02  1.19840e-05 
 2.73000e+02  1.11920e-05 
 2.73500e+02  1.50080e-05 
 2.74000e+02  1.29680e-05 
 2.74500e+02  8.97600e-06 
 2.75000e+02  1.02880e-05 
 2.75500e+02  1.12800e-05 
 2.76000e+02  1.55360e-05 
 2.76500e+02  1.30640e-05 
 2.77000e+02  1.00240e-05 
 2.77500e+02  8.60000e-06 
 2.78000e+02  8.18400e-06 
 2.78500e+02  7.11200e-06 
 2.79000e+02  5.56000e-06 
 2.79500e+02  5.07200e-06 
 2.80000e+02  3.58400e-06 
 2.80500e+02  3.87200e-06 
 2.81000e+02  3.99200e-06 
 2.81500e+02  4.65600e-06 
 2.82000e+02  6.05600e-06 
 2.82500e+02  2.83200e-06 
 2.83000e+02  4.23200e-06 
 2.83500e+02  2.84800e-06 
 2.84000e+02  2.76800e-06 
 2.84500e+02  3.32800e-06 
 2.85000e+02  1.67200e-06 
 2.85500e+02  1.77600e-06 
 2.86000e+02  1.60000e-06 
 2.86500e+02  1.61600e-06 
 2.87000e+02  1.66400e-06 
 2.87500e+02  1.95200e-06 
 2.88000e+02  2.42400e-06 
 2.88500e+02  1.63200e-06 
 2.89000e+02  2.01600e-06 
 2.89500e+02  3.36000e-06 
 2.90000e+02  1.36000e-06 
 2.90500e+02  1.37600e-06 
 2.91000e+02  1.37600e-06 
 2.91500e+02  1.46400e-06 
 2.92000e+02  1.76800e-06 
 2.92500e+02  4.48000e-07 
 2.93000e+02  4.72000e-07 
 2.93500e+02  4.72000e-07 
 2.94000e+02  4.88000e-07 
 2.94500e+02  5.92000e-07 
 2.95000e+02  6.32000e-07 
 2.95500e+02  9.52000e-07 
 2.96000e+02  3.44000e-07 
 2.96500e+02  2.80000e-07 
 2.97000e+02  2.96000e-07 
 2.97500e+02  3.12000e-07 
 2.98000e+02  3.20000e-07 
 2.98500e+02  3.36000e-07 
 2.99000e+02  3.20000e-07 
 2.99500e+02  3.28000e-07 
 3.00000e+02  3.52000e-07 
 3.00500e+02  3.92000e-07 
 3.01000e+02  4.16000e-07 
 3.01500e+02  4.24000e-07 
 3.02000e+02  4.80000e-07 
 3.02500e+02  6.40000e-07 
 3.03000e+02  1.13600e-06 
 3.03500e+02  2.24000e-07 
 3.04000e+02  2.16000e-07 
 3.04500e+02  2.32000e-07 
 3.05000e+02  2.40000e-07 
 3.05500e+02  2.64000e-07 
 3.06000e+02  2.72000e-07 
 3.06500e+02  2.80000e-07 
 3.07000e+02  2.96000e-07 
 3.07500e+02  3.36000e-07 
 3.08000e+02  4.00000e-07 
 3.08500e+02  2.96000e-07 
 3.09000e+02  1.44000e-07 
 3.09500e+02  1.60000e-07 
 3.10000e+02  1.92000e-07 
 3.10500e+02  2.16000e-07 
 3.11000e+02  2.24000e-07 
 3.11500e+02  2.56000e-07 
 3.12000e+02  4.64000e-07 
 3.12500e+02  9.36000e-07 
 3.13000e+02  0.00000e+00 
 3.13500e+02  0.00000e+00 
 3.14000e+02  0.00000e+00 
 3.14500e+02  0.00000e+00 
 3.15000e+02  0.00000e+00 
 3.15500e+02  0.00000e+00 
 3.16000e+02  0.00000e+00 
 3.16500e+02  0.00000e+00 
 3.17000e+02  0.00000e+00 
 3.17500e+02  0.00000e+00 
 3.18000e+02  0.00000e+00 
 3.18500e+02  0.00000e+00 
 3.19000e+02  0.00000e+00 
 3.19500e+02  0.00000e+00 
