 0.00000e+00  0.00000e+00 
 5.00000e-01  0.00000e+00 
 1.00000e+00  0.00000e+00 
 1.50000e+00  0.00000e+00 
 2.00000e+00  0.00000e+00 
 2.50000e+00  0.00000e+00 
 3.00000e+00  0.00000e+00 
 3.50000e+00  0.00000e+00 
 4.00000e+00  0.00000e+00 
 4.50000e+00  0.00000e+00 
 5.00000e+00  0.00000e+00 
 5.50000e+00  0.00000e+00 
 6.00000e+00  0.00000e+00 
 6.50000e+00  0.00000e+00 
 7.00000e+00  0.00000e+00 
 7.50000e+00  0.00000e+00 
 8.00000e+00  0.00000e+00 
 8.50000e+00  0.00000e+00 
 9.00000e+00  0.00000e+00 
 9.50000e+00  5.03981e-07 
 1.00000e+01  3.91985e-07 
 1.05000e+01  3.35987e-07 
 1.10000e+01  2.31991e-07 
 1.15000e+01  1.91993e-07 
 1.20000e+01  1.91993e-07 
 1.25000e+01  1.75993e-07 
 1.30000e+01  7.35972e-07 
 1.35000e+01  7.35972e-07 
 1.40000e+01  4.63982e-07 
 1.45000e+01  3.75986e-07 
 1.50000e+01  3.59986e-07 
 1.55000e+01  3.35987e-07 
 1.60000e+01  2.95989e-07 
 1.65000e+01  9.83963e-07 
 1.70000e+01  7.83970e-07 
 1.75000e+01  5.35980e-07 
 1.80000e+01  5.19980e-07 
 1.85000e+01  1.66394e-06 
 1.90000e+01  1.31995e-06 
 1.95000e+01  1.10396e-06 
 2.00000e+01  9.03966e-07 
 2.05000e+01  8.07969e-07 
 2.10000e+01  7.99970e-07 
 2.15000e+01  7.35972e-07 
 2.20000e+01  6.79974e-07 
 2.25000e+01  6.15977e-07 
 2.30000e+01  5.99977e-07 
 2.35000e+01  5.99977e-07 
 2.40000e+01  5.99977e-07 
 2.45000e+01  1.43195e-06 
 2.50000e+01  1.03996e-06 
 2.55000e+01  8.31968e-07 
 2.60000e+01  7.91970e-07 
 2.65000e+01  2.24791e-06 
 2.70000e+01  1.71193e-06 
 2.75000e+01  1.39995e-06 
 2.80000e+01  1.27995e-06 
 2.85000e+01  1.14396e-06 
 2.90000e+01  9.43964e-07 
 2.95000e+01  8.31968e-07 
 3.00000e+01  2.98389e-06 
 3.05000e+01  2.23192e-06 
 3.10000e+01  4.80782e-06 
 3.15000e+01  3.10388e-06 
 3.20000e+01  2.44791e-06 
 3.25000e+01  2.07992e-06 
 3.30000e+01  1.98392e-06 
 3.35000e+01  4.19984e-06 
 3.40000e+01  2.87989e-06 
 3.45000e+01  2.52790e-06 
 3.50000e+01  2.41591e-06 
 3.55000e+01  3.78386e-06 
 3.60000e+01  3.43187e-06 
 3.65000e+01  2.95989e-06 
 3.70000e+01  5.82378e-06 
 3.75000e+01  9.66363e-06 
 3.80000e+01  8.75967e-06 
 3.85000e+01  6.95174e-06 
 3.90000e+01  5.87178e-06 
 3.95000e+01  5.35180e-06 
 4.00000e+01  9.91962e-06 
 4.05000e+01  8.49568e-06 
 4.10000e+01  9.51964e-06 
 4.15000e+01  8.35168e-06 
 4.20000e+01  1.25355e-05 
 4.25000e+01  1.22235e-05 
 4.30000e+01  1.23915e-05 
 4.35000e+01  1.39755e-05 
 4.40000e+01  1.53514e-05 
 4.45000e+01  1.81833e-05 
 4.50000e+01  1.71753e-05 
 4.55000e+01  2.07912e-05 
 4.60000e+01  2.18152e-05 
 4.65000e+01  2.05112e-05 
 4.70000e+01  2.12392e-05 
 4.75000e+01  1.83513e-05 
 4.80000e+01  2.78789e-05 
 4.85000e+01  2.88789e-05 
 4.90000e+01  2.40631e-05 
 4.95000e+01  3.24708e-05 
 5.00000e+01  2.42391e-05 
 5.05000e+01  3.34147e-05 
 5.10000e+01  3.65506e-05 
 5.15000e+01  4.16144e-05 
 5.20000e+01  6.33656e-05 
 5.25000e+01  6.68695e-05 
 5.30000e+01  6.88374e-05 
 5.35000e+01  8.11009e-05 
 5.40000e+01  9.14285e-05 
 5.45000e+01  1.26075e-04 
 5.50000e+01  1.25467e-04 
 5.55000e+01  1.22811e-04 
 5.60000e+01  1.29331e-04 
 5.65000e+01  1.76513e-04 
 5.70000e+01  1.82769e-04 
 5.75000e+01  1.71329e-04 
 5.80000e+01  1.65474e-04 
 5.85000e+01  1.59370e-04 
 5.90000e+01  1.79169e-04 
 5.95000e+01  2.24855e-04 
 6.00000e+01  2.22464e-04 
 6.05000e+01  2.10808e-04 
 6.10000e+01  2.22560e-04 
 6.15000e+01  2.17216e-04 
 6.20000e+01  2.15880e-04 
 6.25000e+01  1.98656e-04 
 6.30000e+01  2.22840e-04 
 6.35000e+01  2.30895e-04 
 6.40000e+01  2.44783e-04 
 6.45000e+01  2.46071e-04 
 6.50000e+01  2.28575e-04 
 6.55000e+01  2.51158e-04 
 6.60000e+01  2.96405e-04 
 6.65000e+01  2.80565e-04 
 6.70000e+01  2.67462e-04 
 6.75000e+01  3.13772e-04 
 6.80000e+01  3.13636e-04 
 6.85000e+01  3.28252e-04 
 6.90000e+01  3.33531e-04 
 6.95000e+01  3.49459e-04 
 7.00000e+01  3.29883e-04 
 7.05000e+01  3.52163e-04 
 7.10000e+01  3.54867e-04 
 7.15000e+01  4.06785e-04 
 7.20000e+01  4.00281e-04 
 7.25000e+01  3.76010e-04 
 7.30000e+01  4.04065e-04 
 7.35000e+01  4.03257e-04 
 7.40000e+01  4.69302e-04 
 7.45000e+01  4.40615e-04 
 7.50000e+01  4.70462e-04 
 7.55000e+01  5.12085e-04 
 7.60000e+01  5.98217e-04 
 7.65000e+01  5.49315e-04 
 7.70000e+01  5.17204e-04 
 7.75000e+01  5.01189e-04 
 7.80000e+01  5.42459e-04 
 7.85000e+01  5.27668e-04 
 7.90000e+01  5.95441e-04 
 7.95000e+01  6.82574e-04 
 8.00000e+01  6.65487e-04 
 8.05000e+01  7.06389e-04 
 8.10000e+01  7.14981e-04 
 8.15000e+01  7.12021e-04 
 8.20000e+01  7.43708e-04 
 8.25000e+01  7.74995e-04 
 8.30000e+01  7.59619e-04 
 8.35000e+01  7.09725e-04 
 8.40000e+01  7.44084e-04 
 8.45000e+01  7.38284e-04 
 8.50000e+01  7.25148e-04 
 8.55000e+01  7.80586e-04 
 8.60000e+01  8.04841e-04 
 8.65000e+01  7.65083e-04 
 8.70000e+01  7.57547e-04 
 8.75000e+01  8.50832e-04 
 8.80000e+01  9.32253e-04 
 8.85000e+01  9.08357e-04 
 8.90000e+01  9.78299e-04 
 8.95000e+01  1.10230e-03 
 9.00000e+01  1.18068e-03 
 9.05000e+01  1.16653e-03 
 9.10000e+01  1.21461e-03 
 9.15000e+01  1.29105e-03 
 9.20000e+01  1.29440e-03 
 9.25000e+01  1.21845e-03 
 9.30000e+01  1.28086e-03 
 9.35000e+01  1.27399e-03 
 9.40000e+01  1.14354e-03 
 9.45000e+01  1.16836e-03 
 9.50000e+01  1.14480e-03 
 9.55000e+01  1.25390e-03 
 9.60000e+01  1.33884e-03 
 9.65000e+01  1.35728e-03 
 9.70000e+01  1.33253e-03 
 9.75000e+01  1.44344e-03 
 9.80000e+01  1.55808e-03 
 9.85000e+01  1.62108e-03 
 9.90000e+01  1.53040e-03 
 9.95000e+01  1.49367e-03 
 1.00000e+02  1.71497e-03 
 1.00500e+02  1.70695e-03 
 1.01000e+02  1.71683e-03 
 1.01500e+02  1.70985e-03 
 1.02000e+02  1.98686e-03 
 1.02500e+02  1.90674e-03 
 1.03000e+02  1.93453e-03 
 1.03500e+02  1.90991e-03 
 1.04000e+02  2.09594e-03 
 1.04500e+02  2.23253e-03 
 1.05000e+02  2.19630e-03 
 1.05500e+02  2.21062e-03 
 1.06000e+02  2.43737e-03 
 1.06500e+02  2.33470e-03 
 1.07000e+02  2.38726e-03 
 1.07500e+02  2.40698e-03 
 1.08000e+02  2.57691e-03 
 1.08500e+02  2.53192e-03 
 1.09000e+02  2.47507e-03 
 1.09500e+02  2.67203e-03 
 1.10000e+02  2.78067e-03 
 1.10500e+02  2.81079e-03 
 1.11000e+02  3.11415e-03 
 1.11500e+02  3.30339e-03 
 1.12000e+02  3.61490e-03 
 1.12500e+02  3.65481e-03 
 1.13000e+02  3.67452e-03 
 1.13500e+02  3.71865e-03 
 1.14000e+02  3.73526e-03 
 1.14500e+02  4.07362e-03 
 1.15000e+02  4.11308e-03 
 1.15500e+02  4.09659e-03 
 1.16000e+02  4.30214e-03 
 1.16500e+02  4.26321e-03 
 1.17000e+02  4.46311e-03 
 1.17500e+02  4.90440e-03 
 1.18000e+02  4.70627e-03 
 1.18500e+02  4.95348e-03 
 1.19000e+02  5.42407e-03 
 1.19500e+02  5.36508e-03 
 1.20000e+02  5.34648e-03 
 1.20500e+02  5.52445e-03 
 1.21000e+02  5.08765e-03 
 1.21500e+02  5.52521e-03 
 1.22000e+02  5.45965e-03 
 1.22500e+02  5.32758e-03 
 1.23000e+02  6.13830e-03 
 1.23500e+02  6.26668e-03 
 1.24000e+02  5.93866e-03 
 1.24500e+02  6.39408e-03 
 1.25000e+02  6.64517e-03 
 1.25500e+02  6.26252e-03 
 1.26000e+02  6.55987e-03 
 1.26500e+02  7.05447e-03 
 1.27000e+02  7.58753e-03 
 1.27500e+02  7.66549e-03 
 1.28000e+02  7.25026e-03 
 1.28500e+02  6.92027e-03 
 1.29000e+02  6.93137e-03 
 1.29500e+02  7.22116e-03 
 1.30000e+02  7.60240e-03 
 1.30500e+02  7.80698e-03 
 1.31000e+02  8.14421e-03 
 1.31500e+02  8.56471e-03 
 1.32000e+02  8.88949e-03 
 1.32500e+02  8.86841e-03 
 1.33000e+02  9.18466e-03 
 1.33500e+02  9.04242e-03 
 1.34000e+02  8.83823e-03 
 1.34500e+02  9.49485e-03 
 1.35000e+02  9.41900e-03 
 1.35500e+02  9.72303e-03 
 1.36000e+02  1.00422e-02 
 1.36500e+02  1.00716e-02 
 1.37000e+02  9.80146e-03 
 1.37500e+02  1.00104e-02 
 1.38000e+02  1.06176e-02 
 1.38500e+02  1.02893e-02 
 1.39000e+02  1.04782e-02 
 1.39500e+02  9.85301e-03 
 1.40000e+02  1.07901e-02 
 1.40500e+02  1.03130e-02 
 1.41000e+02  1.01916e-02 
 1.41500e+02  1.03622e-02 
 1.42000e+02  1.05164e-02 
 1.42500e+02  1.07504e-02 
 1.43000e+02  1.10182e-02 
 1.43500e+02  1.12343e-02 
 1.44000e+02  1.09931e-02 
 1.44500e+02  1.11597e-02 
 1.45000e+02  1.10467e-02 
 1.45500e+02  1.09543e-02 
 1.46000e+02  1.18080e-02 
 1.46500e+02  1.10647e-02 
 1.47000e+02  1.09148e-02 
 1.47500e+02  1.12317e-02 
 1.48000e+02  1.13520e-02 
 1.48500e+02  1.16850e-02 
 1.49000e+02  1.18739e-02 
 1.49500e+02  1.13120e-02 
 1.50000e+02  1.14025e-02 
 1.50500e+02  1.16412e-02 
 1.51000e+02  1.17274e-02 
 1.51500e+02  1.23171e-02 
 1.52000e+02  1.23659e-02 
 1.52500e+02  1.20873e-02 
 1.53000e+02  1.21655e-02 
 1.53500e+02  1.25407e-02 
 1.54000e+02  1.27742e-02 
 1.54500e+02  1.26764e-02 
 1.55000e+02  1.27454e-02 
 1.55500e+02  1.23801e-02 
 1.56000e+02  1.26081e-02 
 1.56500e+02  1.20131e-02 
 1.57000e+02  1.21400e-02 
 1.57500e+02  1.23175e-02 
 1.58000e+02  1.30286e-02 
 1.58500e+02  1.28030e-02 
 1.59000e+02  1.28796e-02 
 1.59500e+02  1.22978e-02 
 1.60000e+02  1.25697e-02 
 1.60500e+02  1.26478e-02 
 1.61000e+02  1.27752e-02 
 1.61500e+02  1.24603e-02 
 1.62000e+02  1.22450e-02 
 1.62500e+02  1.25661e-02 
 1.63000e+02  1.25071e-02 
 1.63500e+02  1.28240e-02 
 1.64000e+02  1.28055e-02 
 1.64500e+02  1.28831e-02 
 1.65000e+02  1.24559e-02 
 1.65500e+02  1.26715e-02 
 1.66000e+02  1.27357e-02 
 1.66500e+02  1.28723e-02 
 1.67000e+02  1.24811e-02 
 1.67500e+02  1.24524e-02 
 1.68000e+02  1.17391e-02 
 1.68500e+02  1.18140e-02 
 1.69000e+02  1.19534e-02 
 1.69500e+02  1.18558e-02 
 1.70000e+02  1.17992e-02 
 1.70500e+02  1.21972e-02 
 1.71000e+02  1.24379e-02 
 1.71500e+02  1.21298e-02 
 1.72000e+02  1.24321e-02 
 1.72500e+02  1.28614e-02 
 1.73000e+02  1.26302e-02 
 1.73500e+02  1.24116e-02 
 1.74000e+02  1.27087e-02 
 1.74500e+02  1.26138e-02 
 1.75000e+02  1.26361e-02 
 1.75500e+02  1.20507e-02 
 1.76000e+02  1.16595e-02 
 1.76500e+02  1.11998e-02 
 1.77000e+02  1.13362e-02 
 1.77500e+02  1.14184e-02 
 1.78000e+02  1.13989e-02 
 1.78500e+02  1.20345e-02 
 1.79000e+02  1.18879e-02 
 1.79500e+02  1.16923e-02 
 1.80000e+02  1.15068e-02 
 1.80500e+02  1.13666e-02 
 1.81000e+02  1.01984e-02 
 1.81500e+02  1.01122e-02 
 1.82000e+02  9.91505e-03 
 1.82500e+02  1.03028e-02 
 1.83000e+02  9.96991e-03 
 1.83500e+02  1.01542e-02 
 1.84000e+02  9.99420e-03 
 1.84500e+02  9.37130e-03 
 1.85000e+02  9.79595e-03 
 1.85500e+02  9.51539e-03 
 1.86000e+02  9.37010e-03 
 1.86500e+02  8.91845e-03 
 1.87000e+02  8.94166e-03 
 1.87500e+02  8.97928e-03 
 1.88000e+02  8.99027e-03 
 1.88500e+02  8.38088e-03 
 1.89000e+02  8.51252e-03 
 1.89500e+02  8.15670e-03 
 1.90000e+02  8.19702e-03 
 1.90500e+02  8.30210e-03 
 1.91000e+02  8.17031e-03 
 1.91500e+02  7.70240e-03 
 1.92000e+02  7.42969e-03 
 1.92500e+02  6.97041e-03 
 1.93000e+02  6.63704e-03 
 1.93500e+02  6.93634e-03 
 1.94000e+02  6.71657e-03 
 1.94500e+02  6.45835e-03 
 1.95000e+02  6.63616e-03 
 1.95500e+02  6.21421e-03 
 1.96000e+02  6.35075e-03 
 1.96500e+02  6.32442e-03 
 1.97000e+02  6.07274e-03 
 1.97500e+02  5.99246e-03 
 1.98000e+02  6.09259e-03 
 1.98500e+02  6.40675e-03 
 1.99000e+02  6.60069e-03 
 1.99500e+02  6.66146e-03 
 2.00000e+02  6.25267e-03 
 2.00500e+02  5.87586e-03 
 2.01000e+02  5.46101e-03 
 2.01500e+02  5.27370e-03 
 2.02000e+02  4.68238e-03 
 2.02500e+02  4.34828e-03 
 2.03000e+02  4.23080e-03 
 2.03500e+02  4.13475e-03 
 2.04000e+02  4.23160e-03 
 2.04500e+02  4.07559e-03 
 2.05000e+02  4.34561e-03 
 2.05500e+02  4.05736e-03 
 2.06000e+02  3.93073e-03 
 2.06500e+02  3.89995e-03 
 2.07000e+02  3.64191e-03 
 2.07500e+02  3.31819e-03 
 2.08000e+02  3.06861e-03 
 2.08500e+02  2.99745e-03 
 2.09000e+02  3.07628e-03 
 2.09500e+02  2.78073e-03 
 2.10000e+02  2.79809e-03 
 2.10500e+02  2.74622e-03 
 2.11000e+02  2.56735e-03 
 2.11500e+02  2.57075e-03 
 2.12000e+02  2.74087e-03 
 2.12500e+02  2.70387e-03 
 2.13000e+02  2.43400e-03 
 2.13500e+02  2.33623e-03 
 2.14000e+02  2.28974e-03 
 2.14500e+02  2.19935e-03 
 2.15000e+02  2.16989e-03 
 2.15500e+02  1.85373e-03 
 2.16000e+02  1.82343e-03 
 2.16500e+02  1.85794e-03 
 2.17000e+02  1.87641e-03 
 2.17500e+02  1.83463e-03 
 2.18000e+02  1.84075e-03 
 2.18500e+02  1.75994e-03 
 2.19000e+02  1.90446e-03 
 2.19500e+02  1.84131e-03 
 2.20000e+02  1.79318e-03 
 2.20500e+02  1.73265e-03 
 2.21000e+02  1.75433e-03 
 2.21500e+02  1.83257e-03 
 2.22000e+02  1.59809e-03 
 2.22500e+02  1.47945e-03 
 2.23000e+02  1.60176e-03 
 2.23500e+02  1.47348e-03 
 2.24000e+02  1.71515e-03 
 2.24500e+02  1.68728e-03 
 2.25000e+02  1.49986e-03 
 2.25500e+02  1.51026e-03 
 2.26000e+02  1.36507e-03 
 2.26500e+02  1.22415e-03 
 2.27000e+02  1.06752e-03 
 2.27500e+02  1.10893e-03 
 2.28000e+02  1.21387e-03 
 2.28500e+02  1.19019e-03 
 2.29000e+02  1.01500e-03 
 2.29500e+02  9.90074e-04 
 2.30000e+02  1.04904e-03 
 2.30500e+02  1.00831e-03 
 2.31000e+02  1.09917e-03 
 2.31500e+02  9.58916e-04 
 2.32000e+02  9.08157e-04 
 2.32500e+02  8.86182e-04 
 2.33000e+02  8.20833e-04 
 2.33500e+02  9.06486e-04 
 2.34000e+02  8.37928e-04 
 2.34500e+02  8.75943e-04 
 2.35000e+02  8.90870e-04 
 2.35500e+02  8.74639e-04 
 2.36000e+02  8.11233e-04 
 2.36500e+02  8.75479e-04 
 2.37000e+02  7.61083e-04 
 2.37500e+02  7.75099e-04 
 2.38000e+02  7.47612e-04 
 2.38500e+02  7.71827e-04 
 2.39000e+02  7.38180e-04 
 2.39500e+02  7.32764e-04 
 2.40000e+02  7.94490e-04 
 2.40500e+02  7.54627e-04 
 2.41000e+02  6.71702e-04 
 2.41500e+02  5.93721e-04 
 2.42000e+02  5.48971e-04 
 2.42500e+02  5.60859e-04 
 2.43000e+02  5.49755e-04 
 2.43500e+02  5.29132e-04 
 2.44000e+02  5.32924e-04 
 2.44500e+02  5.00917e-04 
 2.45000e+02  4.68566e-04 
 2.45500e+02  4.63502e-04 
 2.46000e+02  4.59207e-04 
 2.46500e+02  4.10744e-04 
 2.47000e+02  3.99513e-04 
 2.47500e+02  3.87673e-04 
 2.48000e+02  3.94457e-04 
 2.48500e+02  3.60874e-04 
 2.49000e+02  3.59490e-04 
 2.49500e+02  3.70146e-04 
 2.50000e+02  4.03729e-04 
 2.50500e+02  3.20108e-04 
 2.51000e+02  2.90061e-04 
 2.51500e+02  3.27956e-04 
 2.52000e+02  3.26636e-04 
 2.52500e+02  3.52803e-04 
 2.53000e+02  3.21404e-04 
 2.53500e+02  2.93589e-04 
 2.54000e+02  3.05468e-04 
 2.54500e+02  2.83925e-04 
 2.55000e+02  3.00701e-04 
 2.55500e+02  2.83197e-04 
 2.56000e+02  2.85789e-04 
 2.56500e+02  2.48671e-04 
 2.57000e+02  2.30071e-04 
 2.57500e+02  1.96609e-04 
 2.58000e+02  1.90337e-04 
 2.58500e+02  1.94529e-04 
 2.59000e+02  1.83289e-04 
 2.59500e+02  1.66114e-04 
 2.60000e+02  1.57442e-04 
 2.60500e+02  1.54186e-04 
 2.61000e+02  1.43403e-04 
 2.61500e+02  1.19747e-04 
 2.62000e+02  1.15452e-04 
 2.62500e+02  1.13084e-04 
 2.63000e+02  1.33699e-04 
 2.63500e+02  1.08396e-04 
 2.64000e+02  7.29172e-05 
 2.64500e+02  7.55171e-05 
 2.65000e+02  7.21093e-05 
 2.65500e+02  8.04209e-05 
 2.66000e+02  6.59655e-05 
 2.66500e+02  5.03581e-05 
 2.67000e+02  4.93901e-05 
 2.67500e+02  4.09904e-05 
 2.68000e+02  3.53267e-05 
 2.68500e+02  4.18144e-05 
 2.69000e+02  2.50790e-05 
 2.69500e+02  1.52314e-05 
 2.70000e+02  1.92393e-05 
 2.70500e+02  1.72473e-05 
 2.71000e+02  1.32475e-05 
 2.71500e+02  1.33515e-05 
 2.72000e+02  7.23972e-06 
 2.72500e+02  7.51171e-06 
 2.73000e+02  8.22369e-06 
 2.73500e+02  1.09196e-05 
 2.74000e+02  6.82374e-06 
 2.74500e+02  5.50379e-06 
 2.75000e+02  5.54379e-06 
 2.75500e+02  6.35176e-06 
 2.76000e+02  7.78370e-06 
 2.76500e+02  7.09573e-06 
 2.77000e+02  9.28765e-06 
 2.77500e+02  6.36776e-06 
 2.78000e+02  8.01570e-06 
 2.78500e+02  6.24776e-06 
 2.79000e+02  6.26376e-06 
 2.79500e+02  4.31184e-06 
 2.80000e+02  6.43976e-06 
 2.80500e+02  1.23195e-06 
 2.81000e+02  1.31195e-06 
 2.81500e+02  1.09596e-06 
 2.82000e+02  1.11996e-06 
 2.82500e+02  1.24795e-06 
 2.83000e+02  1.34395e-06 
 2.83500e+02  1.38395e-06 
 2.84000e+02  1.47994e-06 
 2.84500e+02  1.55194e-06 
 2.85000e+02  1.59194e-06 
 2.85500e+02  1.74393e-06 
 2.86000e+02  1.97592e-06 
 2.86500e+02  1.78393e-06 
 2.87000e+02  1.85593e-06 
 2.87500e+02  2.18392e-06 
 2.88000e+02  1.61594e-06 
 2.88500e+02  1.75193e-06 
 2.89000e+02  1.75993e-06 
 2.89500e+02  1.83193e-06 
 2.90000e+02  7.35972e-07 
 2.90500e+02  1.91993e-07 
 2.91000e+02  1.91993e-07 
 2.91500e+02  1.91993e-07 
 2.92000e+02  1.91993e-07 
 2.92500e+02  2.07992e-07 
 2.93000e+02  1.99992e-07 
 2.93500e+02  2.07992e-07 
 2.94000e+02  2.23991e-07 
 2.94500e+02  2.23991e-07 
 2.95000e+02  2.39991e-07 
 2.95500e+02  2.39991e-07 
 2.96000e+02  2.31991e-07 
 2.96500e+02  2.39991e-07 
 2.97000e+02  2.63990e-07 
 2.97500e+02  2.79989e-07 
 2.98000e+02  2.95989e-07 
 2.98500e+02  3.11988e-07 
 2.99000e+02  3.11988e-07 
 2.99500e+02  3.27988e-07 
 3.00000e+02  3.83985e-07 
 3.00500e+02  4.39983e-07 
 3.01000e+02  4.79982e-07 
 3.01500e+02  5.83978e-07 
 3.02000e+02  1.83993e-07 
 3.02500e+02  1.83993e-07 
 3.03000e+02  2.87989e-07 
 3.03500e+02  5.99977e-07 
 3.04000e+02  6.79974e-07 
 3.04500e+02  1.04796e-06 
 3.05000e+02  1.17596e-06 
 3.05500e+02  7.99970e-08 
 3.06000e+02  8.79967e-08 
 3.06500e+02  8.79967e-08 
 3.07000e+02  8.79967e-08 
 3.07500e+02  9.59964e-08 
 3.08000e+02  8.79967e-08 
 3.08500e+02  9.59964e-08 
 3.09000e+02  9.59964e-08 
 3.09500e+02  9.59964e-08 
 3.10000e+02  9.59964e-08 
 3.10500e+02  1.11996e-07 
 3.11000e+02  1.11996e-07 
 3.11500e+02  1.19995e-07 
 3.12000e+02  1.19995e-07 
 3.12500e+02  1.19995e-07 
 3.13000e+02  1.27995e-07 
 3.13500e+02  1.35995e-07 
 3.14000e+02  1.43995e-07 
 3.14500e+02  1.67994e-07 
 3.15000e+02  1.83993e-07 
 3.15500e+02  1.91993e-07 
 3.16000e+02  2.07992e-07 
 3.16500e+02  2.87989e-07 
 3.17000e+02  4.23984e-07 
 3.17500e+02  6.31976e-07 
 3.18000e+02  0.00000e+00 
 3.18500e+02  0.00000e+00 
 3.19000e+02  0.00000e+00 
 3.19500e+02  0.00000e+00 
