 0.00000e+00  0.00000e+00 
 5.00000e-01  4.08570e-02 
 1.00000e+00  8.14219e-02 
 1.50000e+00  1.21692e-01 
 2.00000e+00  1.61666e-01 
 2.50000e+00  2.01343e-01 
 3.00000e+00  2.40722e-01 
 3.50000e+00  2.79802e-01 
 4.00000e+00  3.18580e-01 
 4.50000e+00  3.57052e-01 
 5.00000e+00  3.95218e-01 
 5.50000e+00  4.33079e-01 
 6.00000e+00  4.70635e-01 
 6.50000e+00  5.07887e-01 
 7.00000e+00  5.44833e-01 
 7.50000e+00  5.81469e-01 
 8.00000e+00  6.17791e-01 
 8.50000e+00  6.53800e-01 
 9.00000e+00  6.89494e-01 
 9.50000e+00  7.24870e-01 
 1.00000e+01  7.59926e-01 
 1.05000e+01  7.94663e-01 
 1.10000e+01  8.29077e-01 
 1.15000e+01  8.63167e-01 
 1.20000e+01  8.96934e-01 
 1.25000e+01  9.30377e-01 
 1.30000e+01  9.63495e-01 
 1.35000e+01  9.96283e-01 
 1.40000e+01  1.02874e+00 
 1.45000e+01  1.06087e+00 
 1.50000e+01  1.09266e+00 
 1.55000e+01  1.12411e+00 
 1.60000e+01  1.15523e+00 
 1.65000e+01  1.18601e+00 
 1.70000e+01  1.21646e+00 
 1.75000e+01  1.24656e+00 
 1.80000e+01  1.27632e+00 
 1.85000e+01  1.30574e+00 
 1.90000e+01  1.33481e+00 
 1.95000e+01  1.36354e+00 
 2.00000e+01  1.39193e+00 
 2.05000e+01  1.41996e+00 
 2.10000e+01  1.44766e+00 
 2.15000e+01  1.47500e+00 
 2.20000e+01  1.50198e+00 
 2.25000e+01  1.52862e+00 
 2.30000e+01  1.55490e+00 
 2.35000e+01  1.58083e+00 
 2.40000e+01  1.60641e+00 
 2.45000e+01  1.63163e+00 
 2.50000e+01  1.65648e+00 
 2.55000e+01  1.68098e+00 
 2.60000e+01  1.70512e+00 
 2.65000e+01  1.72889e+00 
 2.70000e+01  1.75231e+00 
 2.75000e+01  1.77536e+00 
 2.80000e+01  1.79804e+00 
 2.85000e+01  1.82035e+00 
 2.90000e+01  1.84230e+00 
 2.95000e+01  1.86386e+00 
 3.00000e+01  1.88506e+00 
 3.05000e+01  1.90587e+00 
 3.10000e+01  1.92631e+00 
 3.15000e+01  1.94637e+00 
 3.20000e+01  1.96604e+00 
 3.25000e+01  1.98533e+00 
 3.30000e+01  2.00423e+00 
 3.35000e+01  2.02273e+00 
 3.40000e+01  2.04084e+00 
 3.45000e+01  2.05855e+00 
 3.50000e+01  2.07585e+00 
 3.55000e+01  2.09275e+00 
 3.60000e+01  2.10922e+00 
 3.65000e+01  2.12527e+00 
 3.70000e+01  2.14090e+00 
 3.75000e+01  2.15611e+00 
 3.80000e+01  2.17088e+00 
 3.85000e+01  2.18523e+00 
 3.90000e+01  2.19914e+00 
 3.95000e+01  2.21262e+00 
 4.00000e+01  2.22566e+00 
 4.05000e+01  2.23826e+00 
 4.10000e+01  2.25041e+00 
 4.15000e+01  2.26211e+00 
 4.20000e+01  2.27335e+00 
 4.25000e+01  2.28414e+00 
 4.30000e+01  2.29447e+00 
 4.35000e+01  2.30434e+00 
 4.40000e+01  2.31376e+00 
 4.45000e+01  2.32271e+00 
 4.50000e+01  2.33121e+00 
 4.55000e+01  2.33926e+00 
 4.60000e+01  2.34685e+00 
 4.65000e+01  2.35401e+00 
 4.70000e+01  2.36072e+00 
 4.75000e+01  2.36700e+00 
 4.80000e+01  2.37285e+00 
 4.85000e+01  2.37831e+00 
 4.90000e+01  2.38338e+00 
 4.95000e+01  2.38807e+00 
 5.00000e+01  2.39238e+00 
 5.05000e+01  2.39636e+00 
 5.10000e+01  2.40000e+00 
 5.15000e+01  2.40334e+00 
 5.20000e+01  2.40639e+00 
 5.25000e+01  2.40918e+00 
 5.30000e+01  2.41174e+00 
 5.35000e+01  2.41408e+00 
 5.40000e+01  2.41622e+00 
 5.45000e+01  2.41817e+00 
 5.50000e+01  2.41995e+00 
 5.55000e+01  2.42157e+00 
 5.60000e+01  2.42305e+00 
 5.65000e+01  2.42441e+00 
 5.70000e+01  2.42567e+00 
 5.75000e+01  2.42682e+00 
 5.80000e+01  2.42787e+00 
 5.85000e+01  2.42884e+00 
 5.90000e+01  2.42975e+00 
 5.95000e+01  2.43059e+00 
 6.00000e+01  2.43140e+00 
 6.05000e+01  2.43214e+00 
 6.10000e+01  2.43283e+00 
 6.15000e+01  2.43349e+00 
 6.20000e+01  2.43411e+00 
 6.25000e+01  2.43472e+00 
 6.30000e+01  2.43532e+00 
 6.35000e+01  2.43590e+00 
 6.40000e+01  2.43644e+00 
 6.45000e+01  2.43690e+00 
 6.50000e+01  2.43729e+00 
 6.55000e+01  2.43768e+00 
 6.60000e+01  2.43808e+00 
 6.65000e+01  2.43851e+00 
 6.70000e+01  2.43896e+00 
 6.75000e+01  2.43939e+00 
 6.80000e+01  2.43982e+00 
 6.85000e+01  2.44027e+00 
 6.90000e+01  2.44070e+00 
 6.95000e+01  2.44107e+00 
 7.00000e+01  2.44143e+00 
 7.05000e+01  2.44177e+00 
 7.10000e+01  2.44208e+00 
 7.15000e+01  2.44240e+00 
 7.20000e+01  2.44272e+00 
 7.25000e+01  2.44301e+00 
 7.30000e+01  2.44329e+00 
 7.35000e+01  2.44357e+00 
 7.40000e+01  2.44384e+00 
 7.45000e+01  2.44411e+00 
 7.50000e+01  2.44439e+00 
 7.55000e+01  2.44468e+00 
 7.60000e+01  2.44493e+00 
 7.65000e+01  2.44518e+00 
 7.70000e+01  2.44543e+00 
 7.75000e+01  2.44568e+00 
 7.80000e+01  2.44588e+00 
 7.85000e+01  2.44606e+00 
 7.90000e+01  2.44623e+00 
 7.95000e+01  2.44643e+00 
 8.00000e+01  2.44664e+00 
 8.05000e+01  2.44689e+00 
 8.10000e+01  2.44715e+00 
 8.15000e+01  2.44739e+00 
 8.20000e+01  2.44764e+00 
 8.25000e+01  2.44785e+00 
 8.30000e+01  2.44806e+00 
 8.35000e+01  2.44826e+00 
 8.40000e+01  2.44844e+00 
 8.45000e+01  2.44863e+00 
 8.50000e+01  2.44883e+00 
 8.55000e+01  2.44898e+00 
 8.60000e+01  2.44915e+00 
 8.65000e+01  2.44931e+00 
 8.70000e+01  2.44948e+00 
 8.75000e+01  2.44963e+00 
 8.80000e+01  2.44979e+00 
 8.85000e+01  2.44997e+00 
 8.90000e+01  2.45015e+00 
 8.95000e+01  2.45031e+00 
 9.00000e+01  2.45050e+00 
 9.05000e+01  2.45067e+00 
 9.10000e+01  2.45082e+00 
 9.15000e+01  2.45098e+00 
 9.20000e+01  2.45113e+00 
 9.25000e+01  2.45124e+00 
 9.30000e+01  2.45132e+00 
 9.35000e+01  2.45143e+00 
 9.40000e+01  2.45157e+00 
 9.45000e+01  2.45172e+00 
 9.50000e+01  2.45188e+00 
 9.55000e+01  2.45202e+00 
 9.60000e+01  2.45214e+00 
 9.65000e+01  2.45223e+00 
 9.70000e+01  2.45228e+00 
 9.75000e+01  2.45241e+00 
 9.80000e+01  2.45256e+00 
 9.85000e+01  2.45271e+00 
 9.90000e+01  2.45286e+00 
 9.95000e+01  2.45301e+00 
 1.00000e+02  2.45313e+00 
 1.00500e+02  2.45321e+00 
 1.01000e+02  2.45332e+00 
 1.01500e+02  2.45343e+00 
 1.02000e+02  2.45352e+00 
 1.02500e+02  2.45361e+00 
 1.03000e+02  2.45372e+00 
 1.03500e+02  2.45384e+00 
 1.04000e+02  2.45396e+00 
 1.04500e+02  2.45407e+00 
 1.05000e+02  2.45416e+00 
 1.05500e+02  2.45425e+00 
 1.06000e+02  2.45433e+00 
 1.06500e+02  2.45442e+00 
 1.07000e+02  2.45451e+00 
 1.07500e+02  2.45460e+00 
 1.08000e+02  2.45468e+00 
 1.08500e+02  2.45477e+00 
 1.09000e+02  2.45491e+00 
 1.09500e+02  2.45496e+00 
 1.10000e+02  2.45502e+00 
 1.10500e+02  2.45513e+00 
 1.11000e+02  2.45518e+00 
 1.11500e+02  2.45522e+00 
 1.12000e+02  2.45529e+00 
 1.12500e+02  2.45534e+00 
 1.13000e+02  2.45543e+00 
 1.13500e+02  2.45547e+00 
 1.14000e+02  2.45552e+00 
 1.14500e+02  2.45560e+00 
 1.15000e+02  2.45570e+00 
 1.15500e+02  2.45576e+00 
 1.16000e+02  2.45585e+00 
 1.16500e+02  2.45591e+00 
 1.17000e+02  2.45596e+00 
 1.17500e+02  2.45598e+00 
 1.18000e+02  2.45602e+00 
 1.18500e+02  2.45606e+00 
 1.19000e+02  2.45611e+00 
 1.19500e+02  2.45618e+00 
 1.20000e+02  2.45622e+00 
 1.20500e+02  2.45627e+00 
 1.21000e+02  2.45631e+00 
 1.21500e+02  2.45632e+00 
 1.22000e+02  2.45638e+00 
 1.22500e+02  2.45641e+00 
 1.23000e+02  2.45646e+00 
 1.23500e+02  2.45650e+00 
 1.24000e+02  2.45651e+00 
 1.24500e+02  2.45656e+00 
 1.25000e+02  2.45663e+00 
 1.25500e+02  2.45664e+00 
 1.26000e+02  2.45671e+00 
 1.26500e+02  2.45676e+00 
 1.27000e+02  2.45676e+00 
 1.27500e+02  2.45676e+00 
 1.28000e+02  2.45679e+00 
 1.28500e+02  2.45683e+00 
 1.29000e+02  2.45684e+00 
 1.29500e+02  2.45689e+00 
 1.30000e+02  2.45692e+00 
 1.30500e+02  2.45693e+00 
 1.31000e+02  2.45697e+00 
 1.31500e+02  2.45695e+00 
 1.32000e+02  2.45698e+00 
 1.32500e+02  2.45698e+00 
 1.33000e+02  2.45701e+00 
 1.33500e+02  2.45701e+00 
 1.34000e+02  2.45705e+00 
 1.34500e+02  2.45706e+00 
 1.35000e+02  2.45711e+00 
 1.35500e+02  2.45714e+00 
 1.36000e+02  2.45717e+00 
 1.36500e+02  2.45719e+00 
 1.37000e+02  2.45721e+00 
 1.37500e+02  2.45723e+00 
 1.38000e+02  2.45726e+00 
 1.38500e+02  2.45728e+00 
 1.39000e+02  2.45727e+00 
 1.39500e+02  2.45732e+00 
 1.40000e+02  2.45731e+00 
 1.40500e+02  2.45734e+00 
 1.41000e+02  2.45736e+00 
 1.41500e+02  2.45735e+00 
 1.42000e+02  2.45735e+00 
 1.42500e+02  2.45736e+00 
 1.43000e+02  2.45741e+00 
 1.43500e+02  2.45738e+00 
 1.44000e+02  2.45738e+00 
 1.44500e+02  2.45744e+00 
 1.45000e+02  2.45743e+00 
 1.45500e+02  2.45743e+00 
 1.46000e+02  2.45743e+00 
 1.46500e+02  2.45744e+00 
 1.47000e+02  2.45745e+00 
 1.47500e+02  2.45748e+00 
 1.48000e+02  2.45743e+00 
 1.48500e+02  2.45748e+00 
 1.49000e+02  2.45746e+00 
 1.49500e+02  2.45748e+00 
 1.50000e+02  2.45751e+00 
 1.50500e+02  2.45750e+00 
 1.51000e+02  2.45753e+00 
 1.51500e+02  2.45751e+00 
 1.52000e+02  2.45754e+00 
 1.52500e+02  2.45753e+00 
 1.53000e+02  2.45753e+00 
 1.53500e+02  2.45756e+00 
 1.54000e+02  2.45756e+00 
 1.54500e+02  2.45756e+00 
 1.55000e+02  2.45755e+00 
 1.55500e+02  2.45759e+00 
 1.56000e+02  2.45754e+00 
 1.56500e+02  2.45756e+00 
 1.57000e+02  2.45755e+00 
 1.57500e+02  2.45758e+00 
 1.58000e+02  2.45756e+00 
 1.58500e+02  2.45754e+00 
 1.59000e+02  2.45756e+00 
 1.59500e+02  2.45753e+00 
 1.60000e+02  2.45755e+00 
 1.60500e+02  2.45754e+00 
 1.61000e+02  2.45754e+00 
 1.61500e+02  2.45756e+00 
 1.62000e+02  2.45757e+00 
 1.62500e+02  2.45753e+00 
 1.63000e+02  2.45754e+00 
 1.63500e+02  2.45755e+00 
 1.64000e+02  2.45755e+00 
 1.64500e+02  2.45752e+00 
 1.65000e+02  2.45752e+00 
 1.65500e+02  2.45752e+00 
 1.66000e+02  2.45755e+00 
 1.66500e+02  2.45753e+00 
 1.67000e+02  2.45751e+00 
 1.67500e+02  2.45754e+00 
 1.68000e+02  2.45752e+00 
 1.68500e+02  2.45753e+00 
 1.69000e+02  2.45752e+00 
 1.69500e+02  2.45747e+00 
 1.70000e+02  2.45747e+00 
 1.70500e+02  2.45751e+00 
 1.71000e+02  2.45750e+00 
 1.71500e+02  2.45745e+00 
 1.72000e+02  2.45751e+00 
 1.72500e+02  2.45745e+00 
 1.73000e+02  2.45747e+00 
 1.73500e+02  2.45746e+00 
 1.74000e+02  2.45745e+00 
 1.74500e+02  2.45743e+00 
 1.75000e+02  2.45748e+00 
 1.75500e+02  2.45745e+00 
 1.76000e+02  2.45745e+00 
 1.76500e+02  2.45744e+00 
 1.77000e+02  2.45740e+00 
 1.77500e+02  2.45741e+00 
 1.78000e+02  2.45740e+00 
 1.78500e+02  2.45739e+00 
 1.79000e+02  2.45737e+00 
 1.79500e+02  2.45737e+00 
 1.80000e+02  2.45734e+00 
 1.80500e+02  2.45733e+00 
 1.81000e+02  2.45732e+00 
 1.81500e+02  2.45733e+00 
 1.82000e+02  2.45731e+00 
 1.82500e+02  2.45727e+00 
 1.83000e+02  2.45727e+00 
 1.83500e+02  2.45721e+00 
 1.84000e+02  2.45724e+00 
 1.84500e+02  2.45719e+00 
 1.85000e+02  2.45718e+00 
 1.85500e+02  2.45715e+00 
 1.86000e+02  2.45714e+00 
 1.86500e+02  2.45708e+00 
 1.87000e+02  2.45708e+00 
 1.87500e+02  2.45705e+00 
 1.88000e+02  2.45701e+00 
 1.88500e+02  2.45703e+00 
 1.89000e+02  2.45698e+00 
 1.89500e+02  2.45700e+00 
 1.90000e+02  2.45698e+00 
 1.90500e+02  2.45696e+00 
 1.91000e+02  2.45691e+00 
 1.91500e+02  2.45688e+00 
 1.92000e+02  2.45685e+00 
 1.92500e+02  2.45683e+00 
 1.93000e+02  2.45683e+00 
 1.93500e+02  2.45678e+00 
 1.94000e+02  2.45675e+00 
 1.94500e+02  2.45670e+00 
 1.95000e+02  2.45667e+00 
 1.95500e+02  2.45665e+00 
 1.96000e+02  2.45660e+00 
 1.96500e+02  2.45656e+00 
 1.97000e+02  2.45652e+00 
 1.97500e+02  2.45652e+00 
 1.98000e+02  2.45643e+00 
 1.98500e+02  2.45636e+00 
 1.99000e+02  2.45629e+00 
 1.99500e+02  2.45626e+00 
 2.00000e+02  2.45628e+00 
 2.00500e+02  2.45620e+00 
 2.01000e+02  2.45617e+00 
 2.01500e+02  2.45614e+00 
 2.02000e+02  2.45609e+00 
 2.02500e+02  2.45604e+00 
 2.03000e+02  2.45596e+00 
 2.03500e+02  2.45591e+00 
 2.04000e+02  2.45588e+00 
 2.04500e+02  2.45585e+00 
 2.05000e+02  2.45582e+00 
 2.05500e+02  2.45573e+00 
 2.06000e+02  2.45563e+00 
 2.06500e+02  2.45555e+00 
 2.07000e+02  2.45548e+00 
 2.07500e+02  2.45538e+00 
 2.08000e+02  2.45533e+00 
 2.08500e+02  2.45530e+00 
 2.09000e+02  2.45521e+00 
 2.09500e+02  2.45509e+00 
 2.10000e+02  2.45504e+00 
 2.10500e+02  2.45499e+00 
 2.11000e+02  2.45492e+00 
 2.11500e+02  2.45481e+00 
 2.12000e+02  2.45472e+00 
 2.12500e+02  2.45464e+00 
 2.13000e+02  2.45459e+00 
 2.13500e+02  2.45450e+00 
 2.14000e+02  2.45442e+00 
 2.14500e+02  2.45433e+00 
 2.15000e+02  2.45422e+00 
 2.15500e+02  2.45412e+00 
 2.16000e+02  2.45401e+00 
 2.16500e+02  2.45390e+00 
 2.17000e+02  2.45381e+00 
 2.17500e+02  2.45372e+00 
 2.18000e+02  2.45365e+00 
 2.18500e+02  2.45355e+00 
 2.19000e+02  2.45345e+00 
 2.19500e+02  2.45334e+00 
 2.20000e+02  2.45325e+00 
 2.20500e+02  2.45314e+00 
 2.21000e+02  2.45306e+00 
 2.21500e+02  2.45295e+00 
 2.22000e+02  2.45282e+00 
 2.22500e+02  2.45265e+00 
 2.23000e+02  2.45251e+00 
 2.23500e+02  2.45237e+00 
 2.24000e+02  2.45223e+00 
 2.24500e+02  2.45213e+00 
 2.25000e+02  2.45206e+00 
 2.25500e+02  2.45195e+00 
 2.26000e+02  2.45178e+00 
 2.26500e+02  2.45163e+00 
 2.27000e+02  2.45147e+00 
 2.27500e+02  2.45135e+00 
 2.28000e+02  2.45122e+00 
 2.28500e+02  2.45104e+00 
 2.29000e+02  2.45087e+00 
 2.29500e+02  2.45068e+00 
 2.30000e+02  2.45051e+00 
 2.30500e+02  2.45037e+00 
 2.31000e+02  2.45025e+00 
 2.31500e+02  2.45011e+00 
 2.32000e+02  2.44996e+00 
 2.32500e+02  2.44977e+00 
 2.33000e+02  2.44956e+00 
 2.33500e+02  2.44938e+00 
 2.34000e+02  2.44922e+00 
 2.34500e+02  2.44900e+00 
 2.35000e+02  2.44879e+00 
 2.35500e+02  2.44857e+00 
 2.36000e+02  2.44835e+00 
 2.36500e+02  2.44816e+00 
 2.37000e+02  2.44798e+00 
 2.37500e+02  2.44780e+00 
 2.38000e+02  2.44762e+00 
 2.38500e+02  2.44742e+00 
 2.39000e+02  2.44718e+00 
 2.39500e+02  2.44694e+00 
 2.40000e+02  2.44671e+00 
 2.40500e+02  2.44647e+00 
 2.41000e+02  2.44626e+00 
 2.41500e+02  2.44607e+00 
 2.42000e+02  2.44588e+00 
 2.42500e+02  2.44570e+00 
 2.43000e+02  2.44550e+00 
 2.43500e+02  2.44530e+00 
 2.44000e+02  2.44504e+00 
 2.44500e+02  2.44476e+00 
 2.45000e+02  2.44447e+00 
 2.45500e+02  2.44419e+00 
 2.46000e+02  2.44391e+00 
 2.46500e+02  2.44363e+00 
 2.47000e+02  2.44333e+00 
 2.47500e+02  2.44303e+00 
 2.48000e+02  2.44272e+00 
 2.48500e+02  2.44239e+00 
 2.49000e+02  2.44201e+00 
 2.49500e+02  2.44164e+00 
 2.50000e+02  2.44128e+00 
 2.50500e+02  2.44095e+00 
 2.51000e+02  2.44062e+00 
 2.51500e+02  2.44028e+00 
 2.52000e+02  2.43996e+00 
 2.52500e+02  2.43963e+00 
 2.53000e+02  2.43926e+00 
 2.53500e+02  2.43886e+00 
 2.54000e+02  2.43842e+00 
 2.54500e+02  2.43796e+00 
 2.55000e+02  2.43752e+00 
 2.55500e+02  2.43708e+00 
 2.56000e+02  2.43661e+00 
 2.56500e+02  2.43606e+00 
 2.57000e+02  2.43544e+00 
 2.57500e+02  2.43478e+00 
 2.58000e+02  2.43411e+00 
 2.58500e+02  2.43343e+00 
 2.59000e+02  2.43273e+00 
 2.59500e+02  2.43199e+00 
 2.60000e+02  2.43124e+00 
 2.60500e+02  2.43044e+00 
 2.61000e+02  2.42958e+00 
 2.61500e+02  2.42866e+00 
 2.62000e+02  2.42768e+00 
 2.62500e+02  2.42662e+00 
 2.63000e+02  2.42549e+00 
 2.63500e+02  2.42424e+00 
 2.64000e+02  2.42287e+00 
 2.64500e+02  2.42137e+00 
 2.65000e+02  2.41974e+00 
 2.65500e+02  2.41799e+00 
 2.66000e+02  2.41609e+00 
 2.66500e+02  2.41402e+00 
 2.67000e+02  2.41176e+00 
 2.67500e+02  2.40929e+00 
 2.68000e+02  2.40659e+00 
 2.68500e+02  2.40364e+00 
 2.69000e+02  2.40041e+00 
 2.69500e+02  2.39688e+00 
 2.70000e+02  2.39303e+00 
 2.70500e+02  2.38881e+00 
 2.71000e+02  2.38421e+00 
 2.71500e+02  2.37923e+00 
 2.72000e+02  2.37384e+00 
 2.72500e+02  2.36802e+00 
 2.73000e+02  2.36178e+00 
 2.73500e+02  2.35510e+00 
 2.74000e+02  2.34796e+00 
 2.74500e+02  2.34037e+00 
 2.75000e+02  2.33233e+00 
 2.75500e+02  2.32384e+00 
 2.76000e+02  2.31490e+00 
 2.76500e+02  2.30550e+00 
 2.77000e+02  2.29565e+00 
 2.77500e+02  2.28535e+00 
 2.78000e+02  2.27458e+00 
 2.78500e+02  2.26337e+00 
 2.79000e+02  2.25170e+00 
 2.79500e+02  2.23958e+00 
 2.80000e+02  2.22700e+00 
 2.80500e+02  2.21397e+00 
 2.81000e+02  2.20050e+00 
 2.81500e+02  2.18660e+00 
 2.82000e+02  2.17226e+00 
 2.82500e+02  2.15749e+00 
 2.83000e+02  2.14230e+00 
 2.83500e+02  2.12667e+00 
 2.84000e+02  2.11061e+00 
 2.84500e+02  2.09412e+00 
 2.85000e+02  2.07722e+00 
 2.85500e+02  2.05990e+00 
 2.86000e+02  2.04217e+00 
 2.86500e+02  2.02404e+00 
 2.87000e+02  2.00551e+00 
 2.87500e+02  1.98658e+00 
 2.88000e+02  1.96726e+00 
 2.88500e+02  1.94754e+00 
 2.89000e+02  1.92743e+00 
 2.89500e+02  1.90695e+00 
 2.90000e+02  1.88608e+00 
 2.90500e+02  1.86483e+00 
 2.91000e+02  1.84320e+00 
 2.91500e+02  1.82120e+00 
 2.92000e+02  1.79883e+00 
 2.92500e+02  1.77609e+00 
 2.93000e+02  1.75298e+00 
 2.93500e+02  1.72951e+00 
 2.94000e+02  1.70567e+00 
 2.94500e+02  1.68147e+00 
 2.95000e+02  1.65692e+00 
 2.95500e+02  1.63200e+00 
 2.96000e+02  1.60673e+00 
 2.96500e+02  1.58110e+00 
 2.97000e+02  1.55511e+00 
 2.97500e+02  1.52878e+00 
 2.98000e+02  1.50209e+00 
 2.98500e+02  1.47504e+00 
 2.99000e+02  1.44765e+00 
 2.99500e+02  1.41991e+00 
 3.00000e+02  1.39181e+00 
 3.00500e+02  1.36336e+00 
 3.01000e+02  1.33457e+00 
 3.01500e+02  1.30543e+00 
 3.02000e+02  1.27594e+00 
 3.02500e+02  1.24611e+00 
 3.03000e+02  1.21594e+00 
 3.03500e+02  1.18542e+00 
 3.04000e+02  1.15457e+00 
 3.04500e+02  1.12338e+00 
 3.05000e+02  1.09185e+00 
 3.05500e+02  1.05998e+00 
 3.06000e+02  1.02778e+00 
 3.06500e+02  9.95249e-01 
 3.07000e+02  9.62383e-01 
 3.07500e+02  9.29188e-01 
 3.08000e+02  8.95668e-01 
 3.08500e+02  8.61826e-01 
 3.09000e+02  8.27662e-01 
 3.09500e+02  7.93180e-01 
 3.10000e+02  7.58381e-01 
 3.10500e+02  7.23265e-01 
 3.11000e+02  6.87832e-01 
 3.11500e+02  6.52081e-01 
 3.12000e+02  6.16011e-01 
 3.12500e+02  5.79626e-01 
 3.13000e+02  5.42926e-01 
 3.13500e+02  5.05913e-01 
 3.14000e+02  4.68587e-01 
 3.14500e+02  4.30951e-01 
 3.15000e+02  3.93008e-01 
 3.15500e+02  3.54757e-01 
 3.16000e+02  3.16203e-01 
 3.16500e+02  2.77346e-01 
 3.17000e+02  2.38188e-01 
 3.17500e+02  1.98730e-01 
 3.18000e+02  1.58974e-01 
 3.18500e+02  1.18921e-01 
 3.19000e+02  7.85730e-02 
 3.19500e+02  3.79307e-02 
