 0.00000e+00  0.00000e+00 
 5.00000e-01  4.08188e-02 
 1.00000e+00  8.13438e-02 
 1.50000e+00  1.21576e-01 
 2.00000e+00  1.61516e-01 
 2.50000e+00  2.01163e-01 
 3.00000e+00  2.40515e-01 
 3.50000e+00  2.79571e-01 
 4.00000e+00  3.18330e-01 
 4.50000e+00  3.56786e-01 
 5.00000e+00  3.94941e-01 
 5.50000e+00  4.32795e-01 
 6.00000e+00  4.70346e-01 
 6.50000e+00  5.07592e-01 
 7.00000e+00  5.44533e-01 
 7.50000e+00  5.81164e-01 
 8.00000e+00  6.17486e-01 
 8.50000e+00  6.53498e-01 
 9.00000e+00  6.89196e-01 
 9.50000e+00  7.24580e-01 
 1.00000e+01  7.59647e-01 
 1.05000e+01  7.94398e-01 
 1.10000e+01  8.28829e-01 
 1.15000e+01  8.62941e-01 
 1.20000e+01  8.96731e-01 
 1.25000e+01  9.30195e-01 
 1.30000e+01  9.63333e-01 
 1.35000e+01  9.96143e-01 
 1.40000e+01  1.02862e+00 
 1.45000e+01  1.06077e+00 
 1.50000e+01  1.09258e+00 
 1.55000e+01  1.12406e+00 
 1.60000e+01  1.15520e+00 
 1.65000e+01  1.18601e+00 
 1.70000e+01  1.21648e+00 
 1.75000e+01  1.24661e+00 
 1.80000e+01  1.27640e+00 
 1.85000e+01  1.30586e+00 
 1.90000e+01  1.33497e+00 
 1.95000e+01  1.36373e+00 
 2.00000e+01  1.39215e+00 
 2.05000e+01  1.42023e+00 
 2.10000e+01  1.44796e+00 
 2.15000e+01  1.47534e+00 
 2.20000e+01  1.50237e+00 
 2.25000e+01  1.52904e+00 
 2.30000e+01  1.55536e+00 
 2.35000e+01  1.58133e+00 
 2.40000e+01  1.60694e+00 
 2.45000e+01  1.63219e+00 
 2.50000e+01  1.65708e+00 
 2.55000e+01  1.68162e+00 
 2.60000e+01  1.70580e+00 
 2.65000e+01  1.72963e+00 
 2.70000e+01  1.75309e+00 
 2.75000e+01  1.77619e+00 
 2.80000e+01  1.79893e+00 
 2.85000e+01  1.82130e+00 
 2.90000e+01  1.84331e+00 
 2.95000e+01  1.86494e+00 
 3.00000e+01  1.88619e+00 
 3.05000e+01  1.90708e+00 
 3.10000e+01  1.92758e+00 
 3.15000e+01  1.94771e+00 
 3.20000e+01  1.96745e+00 
 3.25000e+01  1.98679e+00 
 3.30000e+01  2.00575e+00 
 3.35000e+01  2.02431e+00 
 3.40000e+01  2.04247e+00 
 3.45000e+01  2.06022e+00 
 3.50000e+01  2.07756e+00 
 3.55000e+01  2.09449e+00 
 3.60000e+01  2.11100e+00 
 3.65000e+01  2.12708e+00 
 3.70000e+01  2.14275e+00 
 3.75000e+01  2.15798e+00 
 3.80000e+01  2.17279e+00 
 3.85000e+01  2.18716e+00 
 3.90000e+01  2.20110e+00 
 3.95000e+01  2.21459e+00 
 4.00000e+01  2.22764e+00 
 4.05000e+01  2.24025e+00 
 4.10000e+01  2.25241e+00 
 4.15000e+01  2.26413e+00 
 4.20000e+01  2.27539e+00 
 4.25000e+01  2.28620e+00 
 4.30000e+01  2.29656e+00 
 4.35000e+01  2.30647e+00 
 4.40000e+01  2.31593e+00 
 4.45000e+01  2.32493e+00 
 4.50000e+01  2.33348e+00 
 4.55000e+01  2.34158e+00 
 4.60000e+01  2.34924e+00 
 4.65000e+01  2.35647e+00 
 4.70000e+01  2.36325e+00 
 4.75000e+01  2.36960e+00 
 4.80000e+01  2.37552e+00 
 4.85000e+01  2.38104e+00 
 4.90000e+01  2.38617e+00 
 4.95000e+01  2.39093e+00 
 5.00000e+01  2.39534e+00 
 5.05000e+01  2.39938e+00 
 5.10000e+01  2.40310e+00 
 5.15000e+01  2.40652e+00 
 5.20000e+01  2.40966e+00 
 5.25000e+01  2.41252e+00 
 5.30000e+01  2.41513e+00 
 5.35000e+01  2.41753e+00 
 5.40000e+01  2.41975e+00 
 5.45000e+01  2.42180e+00 
 5.50000e+01  2.42369e+00 
 5.55000e+01  2.42542e+00 
 5.60000e+01  2.42701e+00 
 5.65000e+01  2.42848e+00 
 5.70000e+01  2.42981e+00 
 5.75000e+01  2.43102e+00 
 5.80000e+01  2.43211e+00 
 5.85000e+01  2.43311e+00 
 5.90000e+01  2.43403e+00 
 5.95000e+01  2.43490e+00 
 6.00000e+01  2.43572e+00 
 6.05000e+01  2.43652e+00 
 6.10000e+01  2.43726e+00 
 6.15000e+01  2.43796e+00 
 6.20000e+01  2.43861e+00 
 6.25000e+01  2.43924e+00 
 6.30000e+01  2.43985e+00 
 6.35000e+01  2.44043e+00 
 6.40000e+01  2.44091e+00 
 6.45000e+01  2.44131e+00 
 6.50000e+01  2.44173e+00 
 6.55000e+01  2.44214e+00 
 6.60000e+01  2.44259e+00 
 6.65000e+01  2.44304e+00 
 6.70000e+01  2.44351e+00 
 6.75000e+01  2.44395e+00 
 6.80000e+01  2.44438e+00 
 6.85000e+01  2.44479e+00 
 6.90000e+01  2.44518e+00 
 6.95000e+01  2.44557e+00 
 7.00000e+01  2.44599e+00 
 7.05000e+01  2.44639e+00 
 7.10000e+01  2.44675e+00 
 7.15000e+01  2.44710e+00 
 7.20000e+01  2.44740e+00 
 7.25000e+01  2.44768e+00 
 7.30000e+01  2.44795e+00 
 7.35000e+01  2.44823e+00 
 7.40000e+01  2.44849e+00 
 7.45000e+01  2.44874e+00 
 7.50000e+01  2.44903e+00 
 7.55000e+01  2.44933e+00 
 7.60000e+01  2.44964e+00 
 7.65000e+01  2.44992e+00 
 7.70000e+01  2.45020e+00 
 7.75000e+01  2.45049e+00 
 7.80000e+01  2.45070e+00 
 7.85000e+01  2.45089e+00 
 7.90000e+01  2.45107e+00 
 7.95000e+01  2.45131e+00 
 8.00000e+01  2.45155e+00 
 8.05000e+01  2.45177e+00 
 8.10000e+01  2.45199e+00 
 8.15000e+01  2.45215e+00 
 8.20000e+01  2.45231e+00 
 8.25000e+01  2.45247e+00 
 8.30000e+01  2.45269e+00 
 8.35000e+01  2.45286e+00 
 8.40000e+01  2.45297e+00 
 8.45000e+01  2.45310e+00 
 8.50000e+01  2.45328e+00 
 8.55000e+01  2.45350e+00 
 8.60000e+01  2.45370e+00 
 8.65000e+01  2.45387e+00 
 8.70000e+01  2.45403e+00 
 8.75000e+01  2.45417e+00 
 8.80000e+01  2.45432e+00 
 8.85000e+01  2.45450e+00 
 8.90000e+01  2.45471e+00 
 8.95000e+01  2.45486e+00 
 9.00000e+01  2.45500e+00 
 9.05000e+01  2.45515e+00 
 9.10000e+01  2.45530e+00 
 9.15000e+01  2.45547e+00 
 9.20000e+01  2.45564e+00 
 9.25000e+01  2.45575e+00 
 9.30000e+01  2.45587e+00 
 9.35000e+01  2.45600e+00 
 9.40000e+01  2.45608e+00 
 9.45000e+01  2.45620e+00 
 9.50000e+01  2.45634e+00 
 9.55000e+01  2.45648e+00 
 9.60000e+01  2.45662e+00 
 9.65000e+01  2.45674e+00 
 9.70000e+01  2.45688e+00 
 9.75000e+01  2.45704e+00 
 9.80000e+01  2.45719e+00 
 9.85000e+01  2.45727e+00 
 9.90000e+01  2.45735e+00 
 9.95000e+01  2.45745e+00 
 1.00000e+02  2.45757e+00 
 1.00500e+02  2.45769e+00 
 1.01000e+02  2.45780e+00 
 1.01500e+02  2.45792e+00 
 1.02000e+02  2.45802e+00 
 1.02500e+02  2.45812e+00 
 1.03000e+02  2.45819e+00 
 1.03500e+02  2.45827e+00 
 1.04000e+02  2.45838e+00 
 1.04500e+02  2.45847e+00 
 1.05000e+02  2.45855e+00 
 1.05500e+02  2.45862e+00 
 1.06000e+02  2.45870e+00 
 1.06500e+02  2.45878e+00 
 1.07000e+02  2.45891e+00 
 1.07500e+02  2.45903e+00 
 1.08000e+02  2.45911e+00 
 1.08500e+02  2.45917e+00 
 1.09000e+02  2.45924e+00 
 1.09500e+02  2.45929e+00 
 1.10000e+02  2.45937e+00 
 1.10500e+02  2.45945e+00 
 1.11000e+02  2.45949e+00 
 1.11500e+02  2.45959e+00 
 1.12000e+02  2.45966e+00 
 1.12500e+02  2.45971e+00 
 1.13000e+02  2.45976e+00 
 1.13500e+02  2.45983e+00 
 1.14000e+02  2.45990e+00 
 1.14500e+02  2.45996e+00 
 1.15000e+02  2.46003e+00 
 1.15500e+02  2.46009e+00 
 1.16000e+02  2.46018e+00 
 1.16500e+02  2.46027e+00 
 1.17000e+02  2.46034e+00 
 1.17500e+02  2.46039e+00 
 1.18000e+02  2.46041e+00 
 1.18500e+02  2.46048e+00 
 1.19000e+02  2.46059e+00 
 1.19500e+02  2.46063e+00 
 1.20000e+02  2.46066e+00 
 1.20500e+02  2.46070e+00 
 1.21000e+02  2.46073e+00 
 1.21500e+02  2.46079e+00 
 1.22000e+02  2.46083e+00 
 1.22500e+02  2.46083e+00 
 1.23000e+02  2.46088e+00 
 1.23500e+02  2.46092e+00 
 1.24000e+02  2.46096e+00 
 1.24500e+02  2.46099e+00 
 1.25000e+02  2.46101e+00 
 1.25500e+02  2.46107e+00 
 1.26000e+02  2.46113e+00 
 1.26500e+02  2.46116e+00 
 1.27000e+02  2.46114e+00 
 1.27500e+02  2.46119e+00 
 1.28000e+02  2.46122e+00 
 1.28500e+02  2.46126e+00 
 1.29000e+02  2.46129e+00 
 1.29500e+02  2.46132e+00 
 1.30000e+02  2.46134e+00 
 1.30500e+02  2.46140e+00 
 1.31000e+02  2.46142e+00 
 1.31500e+02  2.46142e+00 
 1.32000e+02  2.46144e+00 
 1.32500e+02  2.46147e+00 
 1.33000e+02  2.46149e+00 
 1.33500e+02  2.46153e+00 
 1.34000e+02  2.46153e+00 
 1.34500e+02  2.46154e+00 
 1.35000e+02  2.46160e+00 
 1.35500e+02  2.46162e+00 
 1.36000e+02  2.46159e+00 
 1.36500e+02  2.46165e+00 
 1.37000e+02  2.46164e+00 
 1.37500e+02  2.46166e+00 
 1.38000e+02  2.46169e+00 
 1.38500e+02  2.46169e+00 
 1.39000e+02  2.46171e+00 
 1.39500e+02  2.46173e+00 
 1.40000e+02  2.46176e+00 
 1.40500e+02  2.46175e+00 
 1.41000e+02  2.46177e+00 
 1.41500e+02  2.46177e+00 
 1.42000e+02  2.46180e+00 
 1.42500e+02  2.46177e+00 
 1.43000e+02  2.46183e+00 
 1.43500e+02  2.46183e+00 
 1.44000e+02  2.46181e+00 
 1.44500e+02  2.46181e+00 
 1.45000e+02  2.46186e+00 
 1.45500e+02  2.46185e+00 
 1.46000e+02  2.46185e+00 
 1.46500e+02  2.46189e+00 
 1.47000e+02  2.46190e+00 
 1.47500e+02  2.46189e+00 
 1.48000e+02  2.46186e+00 
 1.48500e+02  2.46190e+00 
 1.49000e+02  2.46188e+00 
 1.49500e+02  2.46189e+00 
 1.50000e+02  2.46193e+00 
 1.50500e+02  2.46192e+00 
 1.51000e+02  2.46192e+00 
 1.51500e+02  2.46192e+00 
 1.52000e+02  2.46192e+00 
 1.52500e+02  2.46193e+00 
 1.53000e+02  2.46195e+00 
 1.53500e+02  2.46193e+00 
 1.54000e+02  2.46195e+00 
 1.54500e+02  2.46194e+00 
 1.55000e+02  2.46195e+00 
 1.55500e+02  2.46194e+00 
 1.56000e+02  2.46194e+00 
 1.56500e+02  2.46196e+00 
 1.57000e+02  2.46194e+00 
 1.57500e+02  2.46195e+00 
 1.58000e+02  2.46194e+00 
 1.58500e+02  2.46197e+00 
 1.59000e+02  2.46194e+00 
 1.59500e+02  2.46195e+00 
 1.60000e+02  2.46194e+00 
 1.60500e+02  2.46195e+00 
 1.61000e+02  2.46194e+00 
 1.61500e+02  2.46194e+00 
 1.62000e+02  2.46193e+00 
 1.62500e+02  2.46197e+00 
 1.63000e+02  2.46194e+00 
 1.63500e+02  2.46195e+00 
 1.64000e+02  2.46191e+00 
 1.64500e+02  2.46193e+00 
 1.65000e+02  2.46195e+00 
 1.65500e+02  2.46193e+00 
 1.66000e+02  2.46191e+00 
 1.66500e+02  2.46192e+00 
 1.67000e+02  2.46191e+00 
 1.67500e+02  2.46189e+00 
 1.68000e+02  2.46191e+00 
 1.68500e+02  2.46190e+00 
 1.69000e+02  2.46187e+00 
 1.69500e+02  2.46186e+00 
 1.70000e+02  2.46188e+00 
 1.70500e+02  2.46186e+00 
 1.71000e+02  2.46185e+00 
 1.71500e+02  2.46186e+00 
 1.72000e+02  2.46182e+00 
 1.72500e+02  2.46184e+00 
 1.73000e+02  2.46181e+00 
 1.73500e+02  2.46182e+00 
 1.74000e+02  2.46183e+00 
 1.74500e+02  2.46181e+00 
 1.75000e+02  2.46180e+00 
 1.75500e+02  2.46179e+00 
 1.76000e+02  2.46180e+00 
 1.76500e+02  2.46175e+00 
 1.77000e+02  2.46177e+00 
 1.77500e+02  2.46174e+00 
 1.78000e+02  2.46177e+00 
 1.78500e+02  2.46175e+00 
 1.79000e+02  2.46173e+00 
 1.79500e+02  2.46173e+00 
 1.80000e+02  2.46172e+00 
 1.80500e+02  2.46170e+00 
 1.81000e+02  2.46169e+00 
 1.81500e+02  2.46166e+00 
 1.82000e+02  2.46168e+00 
 1.82500e+02  2.46163e+00 
 1.83000e+02  2.46163e+00 
 1.83500e+02  2.46162e+00 
 1.84000e+02  2.46159e+00 
 1.84500e+02  2.46156e+00 
 1.85000e+02  2.46156e+00 
 1.85500e+02  2.46154e+00 
 1.86000e+02  2.46152e+00 
 1.86500e+02  2.46150e+00 
 1.87000e+02  2.46150e+00 
 1.87500e+02  2.46143e+00 
 1.88000e+02  2.46146e+00 
 1.88500e+02  2.46143e+00 
 1.89000e+02  2.46140e+00 
 1.89500e+02  2.46140e+00 
 1.90000e+02  2.46137e+00 
 1.90500e+02  2.46136e+00 
 1.91000e+02  2.46131e+00 
 1.91500e+02  2.46127e+00 
 1.92000e+02  2.46128e+00 
 1.92500e+02  2.46125e+00 
 1.93000e+02  2.46120e+00 
 1.93500e+02  2.46118e+00 
 1.94000e+02  2.46115e+00 
 1.94500e+02  2.46113e+00 
 1.95000e+02  2.46108e+00 
 1.95500e+02  2.46107e+00 
 1.96000e+02  2.46103e+00 
 1.96500e+02  2.46100e+00 
 1.97000e+02  2.46094e+00 
 1.97500e+02  2.46094e+00 
 1.98000e+02  2.46089e+00 
 1.98500e+02  2.46083e+00 
 1.99000e+02  2.46078e+00 
 1.99500e+02  2.46075e+00 
 2.00000e+02  2.46073e+00 
 2.00500e+02  2.46064e+00 
 2.01000e+02  2.46059e+00 
 2.01500e+02  2.46057e+00 
 2.02000e+02  2.46048e+00 
 2.02500e+02  2.46041e+00 
 2.03000e+02  2.46034e+00 
 2.03500e+02  2.46029e+00 
 2.04000e+02  2.46026e+00 
 2.04500e+02  2.46024e+00 
 2.05000e+02  2.46020e+00 
 2.05500e+02  2.46014e+00 
 2.06000e+02  2.46006e+00 
 2.06500e+02  2.46000e+00 
 2.07000e+02  2.45996e+00 
 2.07500e+02  2.45991e+00 
 2.08000e+02  2.45980e+00 
 2.08500e+02  2.45975e+00 
 2.09000e+02  2.45969e+00 
 2.09500e+02  2.45960e+00 
 2.10000e+02  2.45955e+00 
 2.10500e+02  2.45948e+00 
 2.11000e+02  2.45942e+00 
 2.11500e+02  2.45935e+00 
 2.12000e+02  2.45927e+00 
 2.12500e+02  2.45922e+00 
 2.13000e+02  2.45912e+00 
 2.13500e+02  2.45902e+00 
 2.14000e+02  2.45892e+00 
 2.14500e+02  2.45886e+00 
 2.15000e+02  2.45881e+00 
 2.15500e+02  2.45873e+00 
 2.16000e+02  2.45857e+00 
 2.16500e+02  2.45847e+00 
 2.17000e+02  2.45840e+00 
 2.17500e+02  2.45832e+00 
 2.18000e+02  2.45818e+00 
 2.18500e+02  2.45808e+00 
 2.19000e+02  2.45804e+00 
 2.19500e+02  2.45793e+00 
 2.20000e+02  2.45782e+00 
 2.20500e+02  2.45773e+00 
 2.21000e+02  2.45757e+00 
 2.21500e+02  2.45744e+00 
 2.22000e+02  2.45735e+00 
 2.22500e+02  2.45725e+00 
 2.23000e+02  2.45713e+00 
 2.23500e+02  2.45696e+00 
 2.24000e+02  2.45679e+00 
 2.24500e+02  2.45668e+00 
 2.25000e+02  2.45665e+00 
 2.25500e+02  2.45655e+00 
 2.26000e+02  2.45638e+00 
 2.26500e+02  2.45620e+00 
 2.27000e+02  2.45605e+00 
 2.27500e+02  2.45590e+00 
 2.28000e+02  2.45576e+00 
 2.28500e+02  2.45561e+00 
 2.29000e+02  2.45542e+00 
 2.29500e+02  2.45524e+00 
 2.30000e+02  2.45507e+00 
 2.30500e+02  2.45494e+00 
 2.31000e+02  2.45482e+00 
 2.31500e+02  2.45466e+00 
 2.32000e+02  2.45447e+00 
 2.32500e+02  2.45426e+00 
 2.33000e+02  2.45405e+00 
 2.33500e+02  2.45386e+00 
 2.34000e+02  2.45371e+00 
 2.34500e+02  2.45357e+00 
 2.35000e+02  2.45340e+00 
 2.35500e+02  2.45322e+00 
 2.36000e+02  2.45303e+00 
 2.36500e+02  2.45282e+00 
 2.37000e+02  2.45257e+00 
 2.37500e+02  2.45235e+00 
 2.38000e+02  2.45214e+00 
 2.38500e+02  2.45194e+00 
 2.39000e+02  2.45171e+00 
 2.39500e+02  2.45150e+00 
 2.40000e+02  2.45128e+00 
 2.40500e+02  2.45101e+00 
 2.41000e+02  2.45079e+00 
 2.41500e+02  2.45058e+00 
 2.42000e+02  2.45037e+00 
 2.42500e+02  2.45013e+00 
 2.43000e+02  2.44987e+00 
 2.43500e+02  2.44960e+00 
 2.44000e+02  2.44932e+00 
 2.44500e+02  2.44904e+00 
 2.45000e+02  2.44878e+00 
 2.45500e+02  2.44850e+00 
 2.46000e+02  2.44819e+00 
 2.46500e+02  2.44786e+00 
 2.47000e+02  2.44752e+00 
 2.47500e+02  2.44721e+00 
 2.48000e+02  2.44692e+00 
 2.48500e+02  2.44662e+00 
 2.49000e+02  2.44633e+00 
 2.49500e+02  2.44601e+00 
 2.50000e+02  2.44563e+00 
 2.50500e+02  2.44525e+00 
 2.51000e+02  2.44487e+00 
 2.51500e+02  2.44449e+00 
 2.52000e+02  2.44408e+00 
 2.52500e+02  2.44366e+00 
 2.53000e+02  2.44324e+00 
 2.53500e+02  2.44280e+00 
 2.54000e+02  2.44235e+00 
 2.54500e+02  2.44192e+00 
 2.55000e+02  2.44147e+00 
 2.55500e+02  2.44100e+00 
 2.56000e+02  2.44051e+00 
 2.56500e+02  2.43996e+00 
 2.57000e+02  2.43936e+00 
 2.57500e+02  2.43869e+00 
 2.58000e+02  2.43801e+00 
 2.58500e+02  2.43729e+00 
 2.59000e+02  2.43653e+00 
 2.59500e+02  2.43574e+00 
 2.60000e+02  2.43493e+00 
 2.60500e+02  2.43409e+00 
 2.61000e+02  2.43319e+00 
 2.61500e+02  2.43222e+00 
 2.62000e+02  2.43120e+00 
 2.62500e+02  2.43010e+00 
 2.63000e+02  2.42893e+00 
 2.63500e+02  2.42765e+00 
 2.64000e+02  2.42627e+00 
 2.64500e+02  2.42477e+00 
 2.65000e+02  2.42314e+00 
 2.65500e+02  2.42136e+00 
 2.66000e+02  2.41942e+00 
 2.66500e+02  2.41730e+00 
 2.67000e+02  2.41497e+00 
 2.67500e+02  2.41242e+00 
 2.68000e+02  2.40963e+00 
 2.68500e+02  2.40655e+00 
 2.69000e+02  2.40318e+00 
 2.69500e+02  2.39949e+00 
 2.70000e+02  2.39543e+00 
 2.70500e+02  2.39100e+00 
 2.71000e+02  2.38618e+00 
 2.71500e+02  2.38097e+00 
 2.72000e+02  2.37536e+00 
 2.72500e+02  2.36934e+00 
 2.73000e+02  2.36290e+00 
 2.73500e+02  2.35603e+00 
 2.74000e+02  2.34871e+00 
 2.74500e+02  2.34096e+00 
 2.75000e+02  2.33277e+00 
 2.75500e+02  2.32413e+00 
 2.76000e+02  2.31504e+00 
 2.76500e+02  2.30549e+00 
 2.77000e+02  2.29549e+00 
 2.77500e+02  2.28503e+00 
 2.78000e+02  2.27411e+00 
 2.78500e+02  2.26274e+00 
 2.79000e+02  2.25092e+00 
 2.79500e+02  2.23866e+00 
 2.80000e+02  2.22595e+00 
 2.80500e+02  2.21281e+00 
 2.81000e+02  2.19923e+00 
 2.81500e+02  2.18522e+00 
 2.82000e+02  2.17078e+00 
 2.82500e+02  2.15591e+00 
 2.83000e+02  2.14062e+00 
 2.83500e+02  2.12491e+00 
 2.84000e+02  2.10878e+00 
 2.84500e+02  2.09224e+00 
 2.85000e+02  2.07528e+00 
 2.85500e+02  2.05791e+00 
 2.86000e+02  2.04013e+00 
 2.86500e+02  2.02195e+00 
 2.87000e+02  2.00337e+00 
 2.87500e+02  1.98440e+00 
 2.88000e+02  1.96505e+00 
 2.88500e+02  1.94531e+00 
 2.89000e+02  1.92518e+00 
 2.89500e+02  1.90467e+00 
 2.90000e+02  1.88379e+00 
 2.90500e+02  1.86254e+00 
 2.91000e+02  1.84091e+00 
 2.91500e+02  1.81892e+00 
 2.92000e+02  1.79656e+00 
 2.92500e+02  1.77384e+00 
 2.93000e+02  1.75075e+00 
 2.93500e+02  1.72730e+00 
 2.94000e+02  1.70349e+00 
 2.94500e+02  1.67932e+00 
 2.95000e+02  1.65479e+00 
 2.95500e+02  1.62990e+00 
 2.96000e+02  1.60465e+00 
 2.96500e+02  1.57906e+00 
 2.97000e+02  1.55311e+00 
 2.97500e+02  1.52681e+00 
 2.98000e+02  1.50016e+00 
 2.98500e+02  1.47316e+00 
 2.99000e+02  1.44582e+00 
 2.99500e+02  1.41812e+00 
 3.00000e+02  1.39008e+00 
 3.00500e+02  1.36170e+00 
 3.01000e+02  1.33298e+00 
 3.01500e+02  1.30391e+00 
 3.02000e+02  1.27451e+00 
 3.02500e+02  1.24476e+00 
 3.03000e+02  1.21467e+00 
 3.03500e+02  1.18424e+00 
 3.04000e+02  1.15347e+00 
 3.04500e+02  1.12237e+00 
 3.05000e+02  1.09094e+00 
 3.05500e+02  1.05918e+00 
 3.06000e+02  1.02709e+00 
 3.06500e+02  9.94666e-01 
 3.07000e+02  9.61919e-01 
 3.07500e+02  9.28848e-01 
 3.08000e+02  8.95454e-01 
 3.08500e+02  8.61739e-01 
 3.09000e+02  8.27703e-01 
 3.09500e+02  7.93350e-01 
 3.10000e+02  7.58680e-01 
 3.10500e+02  7.23694e-01 
 3.11000e+02  6.88394e-01 
 3.11500e+02  6.52782e-01 
 3.12000e+02  6.16858e-01 
 3.12500e+02  5.80625e-01 
 3.13000e+02  5.44084e-01 
 3.13500e+02  5.07233e-01 
 3.14000e+02  4.70073e-01 
 3.14500e+02  4.32606e-01 
 3.15000e+02  3.94832e-01 
 3.15500e+02  3.56755e-01 
 3.16000e+02  3.18375e-01 
 3.16500e+02  2.79692e-01 
 3.17000e+02  2.40709e-01 
 3.17500e+02  2.01425e-01 
 3.18000e+02  1.61844e-01 
 3.18500e+02  1.21964e-01 
 3.19000e+02  8.17895e-02 
 3.19500e+02  4.13223e-02 
