 0.00000e+00  0.00000e+00 
 5.00000e-01  4.10126e-02 
 1.00000e+00  8.17289e-02 
 1.50000e+00  1.22147e-01 
 2.00000e+00  1.62264e-01 
 2.50000e+00  2.02081e-01 
 3.00000e+00  2.41597e-01 
 3.50000e+00  2.80810e-01 
 4.00000e+00  3.19718e-01 
 4.50000e+00  3.58321e-01 
 5.00000e+00  3.96617e-01 
 5.50000e+00  4.34604e-01 
 6.00000e+00  4.72282e-01 
 6.50000e+00  5.09652e-01 
 7.00000e+00  5.46713e-01 
 7.50000e+00  5.83464e-01 
 8.00000e+00  6.19899e-01 
 8.50000e+00  6.56018e-01 
 9.00000e+00  6.91818e-01 
 9.50000e+00  7.27295e-01 
 1.00000e+01  7.62450e-01 
 1.05000e+01  7.97284e-01 
 1.10000e+01  8.31794e-01 
 1.15000e+01  8.65977e-01 
 1.20000e+01  8.99832e-01 
 1.25000e+01  9.33358e-01 
 1.30000e+01  9.66556e-01 
 1.35000e+01  9.99421e-01 
 1.40000e+01  1.03195e+00 
 1.45000e+01  1.06415e+00 
 1.50000e+01  1.09601e+00 
 1.55000e+01  1.12753e+00 
 1.60000e+01  1.15871e+00 
 1.65000e+01  1.18955e+00 
 1.70000e+01  1.22005e+00 
 1.75000e+01  1.25020e+00 
 1.80000e+01  1.28001e+00 
 1.85000e+01  1.30947e+00 
 1.90000e+01  1.33858e+00 
 1.95000e+01  1.36733e+00 
 2.00000e+01  1.39574e+00 
 2.05000e+01  1.42379e+00 
 2.10000e+01  1.45150e+00 
 2.15000e+01  1.47886e+00 
 2.20000e+01  1.50586e+00 
 2.25000e+01  1.53251e+00 
 2.30000e+01  1.55880e+00 
 2.35000e+01  1.58473e+00 
 2.40000e+01  1.61031e+00 
 2.45000e+01  1.63554e+00 
 2.50000e+01  1.66040e+00 
 2.55000e+01  1.68491e+00 
 2.60000e+01  1.70905e+00 
 2.65000e+01  1.73284e+00 
 2.70000e+01  1.75626e+00 
 2.75000e+01  1.77932e+00 
 2.80000e+01  1.80202e+00 
 2.85000e+01  1.82434e+00 
 2.90000e+01  1.84629e+00 
 2.95000e+01  1.86787e+00 
 3.00000e+01  1.88907e+00 
 3.05000e+01  1.90989e+00 
 3.10000e+01  1.93032e+00 
 3.15000e+01  1.95036e+00 
 3.20000e+01  1.97002e+00 
 3.25000e+01  1.98928e+00 
 3.30000e+01  2.00816e+00 
 3.35000e+01  2.02664e+00 
 3.40000e+01  2.04471e+00 
 3.45000e+01  2.06238e+00 
 3.50000e+01  2.07964e+00 
 3.55000e+01  2.09649e+00 
 3.60000e+01  2.11292e+00 
 3.65000e+01  2.12893e+00 
 3.70000e+01  2.14452e+00 
 3.75000e+01  2.15967e+00 
 3.80000e+01  2.17440e+00 
 3.85000e+01  2.18869e+00 
 3.90000e+01  2.20254e+00 
 3.95000e+01  2.21594e+00 
 4.00000e+01  2.22891e+00 
 4.05000e+01  2.24143e+00 
 4.10000e+01  2.25350e+00 
 4.15000e+01  2.26512e+00 
 4.20000e+01  2.27629e+00 
 4.25000e+01  2.28699e+00 
 4.30000e+01  2.29724e+00 
 4.35000e+01  2.30703e+00 
 4.40000e+01  2.31636e+00 
 4.45000e+01  2.32524e+00 
 4.50000e+01  2.33365e+00 
 4.55000e+01  2.34161e+00 
 4.60000e+01  2.34912e+00 
 4.65000e+01  2.35618e+00 
 4.70000e+01  2.36278e+00 
 4.75000e+01  2.36896e+00 
 4.80000e+01  2.37472e+00 
 4.85000e+01  2.38006e+00 
 4.90000e+01  2.38503e+00 
 4.95000e+01  2.38961e+00 
 5.00000e+01  2.39383e+00 
 5.05000e+01  2.39770e+00 
 5.10000e+01  2.40122e+00 
 5.15000e+01  2.40444e+00 
 5.20000e+01  2.40739e+00 
 5.25000e+01  2.41010e+00 
 5.30000e+01  2.41257e+00 
 5.35000e+01  2.41486e+00 
 5.40000e+01  2.41697e+00 
 5.45000e+01  2.41890e+00 
 5.50000e+01  2.42068e+00 
 5.55000e+01  2.42230e+00 
 5.60000e+01  2.42377e+00 
 5.65000e+01  2.42510e+00 
 5.70000e+01  2.42630e+00 
 5.75000e+01  2.42740e+00 
 5.80000e+01  2.42844e+00 
 5.85000e+01  2.42943e+00 
 5.90000e+01  2.43037e+00 
 5.95000e+01  2.43128e+00 
 6.00000e+01  2.43214e+00 
 6.05000e+01  2.43292e+00 
 6.10000e+01  2.43365e+00 
 6.15000e+01  2.43433e+00 
 6.20000e+01  2.43494e+00 
 6.25000e+01  2.43553e+00 
 6.30000e+01  2.43611e+00 
 6.35000e+01  2.43665e+00 
 6.40000e+01  2.43717e+00 
 6.45000e+01  2.43762e+00 
 6.50000e+01  2.43803e+00 
 6.55000e+01  2.43842e+00 
 6.60000e+01  2.43881e+00 
 6.65000e+01  2.43924e+00 
 6.70000e+01  2.43970e+00 
 6.75000e+01  2.44015e+00 
 6.80000e+01  2.44055e+00 
 6.85000e+01  2.44099e+00 
 6.90000e+01  2.44144e+00 
 6.95000e+01  2.44186e+00 
 7.00000e+01  2.44227e+00 
 7.05000e+01  2.44264e+00 
 7.10000e+01  2.44296e+00 
 7.15000e+01  2.44326e+00 
 7.20000e+01  2.44356e+00 
 7.25000e+01  2.44382e+00 
 7.30000e+01  2.44409e+00 
 7.35000e+01  2.44438e+00 
 7.40000e+01  2.44468e+00 
 7.45000e+01  2.44500e+00 
 7.50000e+01  2.44535e+00 
 7.55000e+01  2.44569e+00 
 7.60000e+01  2.44599e+00 
 7.65000e+01  2.44626e+00 
 7.70000e+01  2.44653e+00 
 7.75000e+01  2.44677e+00 
 7.80000e+01  2.44696e+00 
 7.85000e+01  2.44716e+00 
 7.90000e+01  2.44736e+00 
 7.95000e+01  2.44759e+00 
 8.00000e+01  2.44781e+00 
 8.05000e+01  2.44805e+00 
 8.10000e+01  2.44830e+00 
 8.15000e+01  2.44853e+00 
 8.20000e+01  2.44872e+00 
 8.25000e+01  2.44886e+00 
 8.30000e+01  2.44898e+00 
 8.35000e+01  2.44915e+00 
 8.40000e+01  2.44932e+00 
 8.45000e+01  2.44952e+00 
 8.50000e+01  2.44970e+00 
 8.55000e+01  2.44984e+00 
 8.60000e+01  2.45000e+00 
 8.65000e+01  2.45020e+00 
 8.70000e+01  2.45036e+00 
 8.75000e+01  2.45048e+00 
 8.80000e+01  2.45060e+00 
 8.85000e+01  2.45075e+00 
 8.90000e+01  2.45093e+00 
 8.95000e+01  2.45109e+00 
 9.00000e+01  2.45125e+00 
 9.05000e+01  2.45139e+00 
 9.10000e+01  2.45150e+00 
 9.15000e+01  2.45160e+00 
 9.20000e+01  2.45174e+00 
 9.25000e+01  2.45190e+00 
 9.30000e+01  2.45207e+00 
 9.35000e+01  2.45221e+00 
 9.40000e+01  2.45232e+00 
 9.45000e+01  2.45244e+00 
 9.50000e+01  2.45256e+00 
 9.55000e+01  2.45266e+00 
 9.60000e+01  2.45276e+00 
 9.65000e+01  2.45287e+00 
 9.70000e+01  2.45301e+00 
 9.75000e+01  2.45314e+00 
 9.80000e+01  2.45324e+00 
 9.85000e+01  2.45339e+00 
 9.90000e+01  2.45351e+00 
 9.95000e+01  2.45366e+00 
 1.00000e+02  2.45381e+00 
 1.00500e+02  2.45392e+00 
 1.01000e+02  2.45404e+00 
 1.01500e+02  2.45419e+00 
 1.02000e+02  2.45426e+00 
 1.02500e+02  2.45437e+00 
 1.03000e+02  2.45446e+00 
 1.03500e+02  2.45456e+00 
 1.04000e+02  2.45465e+00 
 1.04500e+02  2.45472e+00 
 1.05000e+02  2.45484e+00 
 1.05500e+02  2.45492e+00 
 1.06000e+02  2.45500e+00 
 1.06500e+02  2.45509e+00 
 1.07000e+02  2.45520e+00 
 1.07500e+02  2.45531e+00 
 1.08000e+02  2.45545e+00 
 1.08500e+02  2.45552e+00 
 1.09000e+02  2.45563e+00 
 1.09500e+02  2.45567e+00 
 1.10000e+02  2.45574e+00 
 1.10500e+02  2.45579e+00 
 1.11000e+02  2.45589e+00 
 1.11500e+02  2.45597e+00 
 1.12000e+02  2.45606e+00 
 1.12500e+02  2.45610e+00 
 1.13000e+02  2.45612e+00 
 1.13500e+02  2.45619e+00 
 1.14000e+02  2.45626e+00 
 1.14500e+02  2.45633e+00 
 1.15000e+02  2.45640e+00 
 1.15500e+02  2.45648e+00 
 1.16000e+02  2.45653e+00 
 1.16500e+02  2.45663e+00 
 1.17000e+02  2.45670e+00 
 1.17500e+02  2.45679e+00 
 1.18000e+02  2.45687e+00 
 1.18500e+02  2.45688e+00 
 1.19000e+02  2.45692e+00 
 1.19500e+02  2.45697e+00 
 1.20000e+02  2.45701e+00 
 1.20500e+02  2.45705e+00 
 1.21000e+02  2.45707e+00 
 1.21500e+02  2.45714e+00 
 1.22000e+02  2.45718e+00 
 1.22500e+02  2.45721e+00 
 1.23000e+02  2.45726e+00 
 1.23500e+02  2.45728e+00 
 1.24000e+02  2.45734e+00 
 1.24500e+02  2.45735e+00 
 1.25000e+02  2.45741e+00 
 1.25500e+02  2.45745e+00 
 1.26000e+02  2.45747e+00 
 1.26500e+02  2.45746e+00 
 1.27000e+02  2.45751e+00 
 1.27500e+02  2.45756e+00 
 1.28000e+02  2.45760e+00 
 1.28500e+02  2.45764e+00 
 1.29000e+02  2.45766e+00 
 1.29500e+02  2.45768e+00 
 1.30000e+02  2.45772e+00 
 1.30500e+02  2.45777e+00 
 1.31000e+02  2.45778e+00 
 1.31500e+02  2.45780e+00 
 1.32000e+02  2.45786e+00 
 1.32500e+02  2.45787e+00 
 1.33000e+02  2.45788e+00 
 1.33500e+02  2.45788e+00 
 1.34000e+02  2.45793e+00 
 1.34500e+02  2.45793e+00 
 1.35000e+02  2.45794e+00 
 1.35500e+02  2.45795e+00 
 1.36000e+02  2.45796e+00 
 1.36500e+02  2.45800e+00 
 1.37000e+02  2.45801e+00 
 1.37500e+02  2.45801e+00 
 1.38000e+02  2.45802e+00 
 1.38500e+02  2.45805e+00 
 1.39000e+02  2.45806e+00 
 1.39500e+02  2.45809e+00 
 1.40000e+02  2.45809e+00 
 1.40500e+02  2.45810e+00 
 1.41000e+02  2.45809e+00 
 1.41500e+02  2.45812e+00 
 1.42000e+02  2.45813e+00 
 1.42500e+02  2.45815e+00 
 1.43000e+02  2.45815e+00 
 1.43500e+02  2.45818e+00 
 1.44000e+02  2.45822e+00 
 1.44500e+02  2.45818e+00 
 1.45000e+02  2.45817e+00 
 1.45500e+02  2.45819e+00 
 1.46000e+02  2.45817e+00 
 1.46500e+02  2.45821e+00 
 1.47000e+02  2.45820e+00 
 1.47500e+02  2.45822e+00 
 1.48000e+02  2.45826e+00 
 1.48500e+02  2.45822e+00 
 1.49000e+02  2.45827e+00 
 1.49500e+02  2.45825e+00 
 1.50000e+02  2.45827e+00 
 1.50500e+02  2.45827e+00 
 1.51000e+02  2.45829e+00 
 1.51500e+02  2.45831e+00 
 1.52000e+02  2.45827e+00 
 1.52500e+02  2.45833e+00 
 1.53000e+02  2.45832e+00 
 1.53500e+02  2.45833e+00 
 1.54000e+02  2.45835e+00 
 1.54500e+02  2.45833e+00 
 1.55000e+02  2.45835e+00 
 1.55500e+02  2.45834e+00 
 1.56000e+02  2.45834e+00 
 1.56500e+02  2.45832e+00 
 1.57000e+02  2.45835e+00 
 1.57500e+02  2.45835e+00 
 1.58000e+02  2.45835e+00 
 1.58500e+02  2.45835e+00 
 1.59000e+02  2.45835e+00 
 1.59500e+02  2.45835e+00 
 1.60000e+02  2.45836e+00 
 1.60500e+02  2.45837e+00 
 1.61000e+02  2.45838e+00 
 1.61500e+02  2.45839e+00 
 1.62000e+02  2.45840e+00 
 1.62500e+02  2.45837e+00 
 1.63000e+02  2.45836e+00 
 1.63500e+02  2.45837e+00 
 1.64000e+02  2.45838e+00 
 1.64500e+02  2.45836e+00 
 1.65000e+02  2.45835e+00 
 1.65500e+02  2.45836e+00 
 1.66000e+02  2.45834e+00 
 1.66500e+02  2.45833e+00 
 1.67000e+02  2.45837e+00 
 1.67500e+02  2.45834e+00 
 1.68000e+02  2.45832e+00 
 1.68500e+02  2.45833e+00 
 1.69000e+02  2.45833e+00 
 1.69500e+02  2.45830e+00 
 1.70000e+02  2.45833e+00 
 1.70500e+02  2.45830e+00 
 1.71000e+02  2.45830e+00 
 1.71500e+02  2.45829e+00 
 1.72000e+02  2.45833e+00 
 1.72500e+02  2.45827e+00 
 1.73000e+02  2.45824e+00 
 1.73500e+02  2.45828e+00 
 1.74000e+02  2.45826e+00 
 1.74500e+02  2.45825e+00 
 1.75000e+02  2.45827e+00 
 1.75500e+02  2.45822e+00 
 1.76000e+02  2.45817e+00 
 1.76500e+02  2.45816e+00 
 1.77000e+02  2.45814e+00 
 1.77500e+02  2.45813e+00 
 1.78000e+02  2.45813e+00 
 1.78500e+02  2.45811e+00 
 1.79000e+02  2.45812e+00 
 1.79500e+02  2.45810e+00 
 1.80000e+02  2.45811e+00 
 1.80500e+02  2.45811e+00 
 1.81000e+02  2.45805e+00 
 1.81500e+02  2.45806e+00 
 1.82000e+02  2.45803e+00 
 1.82500e+02  2.45804e+00 
 1.83000e+02  2.45802e+00 
 1.83500e+02  2.45801e+00 
 1.84000e+02  2.45798e+00 
 1.84500e+02  2.45799e+00 
 1.85000e+02  2.45792e+00 
 1.85500e+02  2.45795e+00 
 1.86000e+02  2.45794e+00 
 1.86500e+02  2.45791e+00 
 1.87000e+02  2.45786e+00 
 1.87500e+02  2.45789e+00 
 1.88000e+02  2.45785e+00 
 1.88500e+02  2.45786e+00 
 1.89000e+02  2.45782e+00 
 1.89500e+02  2.45779e+00 
 1.90000e+02  2.45776e+00 
 1.90500e+02  2.45776e+00 
 1.91000e+02  2.45774e+00 
 1.91500e+02  2.45771e+00 
 1.92000e+02  2.45768e+00 
 1.92500e+02  2.45767e+00 
 1.93000e+02  2.45761e+00 
 1.93500e+02  2.45756e+00 
 1.94000e+02  2.45757e+00 
 1.94500e+02  2.45752e+00 
 1.95000e+02  2.45751e+00 
 1.95500e+02  2.45748e+00 
 1.96000e+02  2.45745e+00 
 1.96500e+02  2.45739e+00 
 1.97000e+02  2.45737e+00 
 1.97500e+02  2.45738e+00 
 1.98000e+02  2.45733e+00 
 1.98500e+02  2.45722e+00 
 1.99000e+02  2.45717e+00 
 1.99500e+02  2.45716e+00 
 2.00000e+02  2.45711e+00 
 2.00500e+02  2.45704e+00 
 2.01000e+02  2.45698e+00 
 2.01500e+02  2.45695e+00 
 2.02000e+02  2.45690e+00 
 2.02500e+02  2.45683e+00 
 2.03000e+02  2.45682e+00 
 2.03500e+02  2.45676e+00 
 2.04000e+02  2.45672e+00 
 2.04500e+02  2.45670e+00 
 2.05000e+02  2.45665e+00 
 2.05500e+02  2.45655e+00 
 2.06000e+02  2.45649e+00 
 2.06500e+02  2.45645e+00 
 2.07000e+02  2.45637e+00 
 2.07500e+02  2.45622e+00 
 2.08000e+02  2.45614e+00 
 2.08500e+02  2.45615e+00 
 2.09000e+02  2.45613e+00 
 2.09500e+02  2.45603e+00 
 2.10000e+02  2.45593e+00 
 2.10500e+02  2.45584e+00 
 2.11000e+02  2.45578e+00 
 2.11500e+02  2.45571e+00 
 2.12000e+02  2.45565e+00 
 2.12500e+02  2.45562e+00 
 2.13000e+02  2.45553e+00 
 2.13500e+02  2.45545e+00 
 2.14000e+02  2.45533e+00 
 2.14500e+02  2.45523e+00 
 2.15000e+02  2.45512e+00 
 2.15500e+02  2.45500e+00 
 2.16000e+02  2.45485e+00 
 2.16500e+02  2.45474e+00 
 2.17000e+02  2.45465e+00 
 2.17500e+02  2.45455e+00 
 2.18000e+02  2.45442e+00 
 2.18500e+02  2.45434e+00 
 2.19000e+02  2.45428e+00 
 2.19500e+02  2.45414e+00 
 2.20000e+02  2.45402e+00 
 2.20500e+02  2.45392e+00 
 2.21000e+02  2.45382e+00 
 2.21500e+02  2.45369e+00 
 2.22000e+02  2.45361e+00 
 2.22500e+02  2.45350e+00 
 2.23000e+02  2.45338e+00 
 2.23500e+02  2.45322e+00 
 2.24000e+02  2.45306e+00 
 2.24500e+02  2.45296e+00 
 2.25000e+02  2.45289e+00 
 2.25500e+02  2.45280e+00 
 2.26000e+02  2.45266e+00 
 2.26500e+02  2.45246e+00 
 2.27000e+02  2.45230e+00 
 2.27500e+02  2.45219e+00 
 2.28000e+02  2.45199e+00 
 2.28500e+02  2.45178e+00 
 2.29000e+02  2.45162e+00 
 2.29500e+02  2.45146e+00 
 2.30000e+02  2.45130e+00 
 2.30500e+02  2.45118e+00 
 2.31000e+02  2.45104e+00 
 2.31500e+02  2.45088e+00 
 2.32000e+02  2.45072e+00 
 2.32500e+02  2.45058e+00 
 2.33000e+02  2.45040e+00 
 2.33500e+02  2.45021e+00 
 2.34000e+02  2.45001e+00 
 2.34500e+02  2.44985e+00 
 2.35000e+02  2.44973e+00 
 2.35500e+02  2.44955e+00 
 2.36000e+02  2.44934e+00 
 2.36500e+02  2.44918e+00 
 2.37000e+02  2.44900e+00 
 2.37500e+02  2.44880e+00 
 2.38000e+02  2.44861e+00 
 2.38500e+02  2.44843e+00 
 2.39000e+02  2.44828e+00 
 2.39500e+02  2.44809e+00 
 2.40000e+02  2.44790e+00 
 2.40500e+02  2.44768e+00 
 2.41000e+02  2.44745e+00 
 2.41500e+02  2.44722e+00 
 2.42000e+02  2.44695e+00 
 2.42500e+02  2.44669e+00 
 2.43000e+02  2.44645e+00 
 2.43500e+02  2.44621e+00 
 2.44000e+02  2.44594e+00 
 2.44500e+02  2.44568e+00 
 2.45000e+02  2.44543e+00 
 2.45500e+02  2.44518e+00 
 2.46000e+02  2.44491e+00 
 2.46500e+02  2.44460e+00 
 2.47000e+02  2.44430e+00 
 2.47500e+02  2.44398e+00 
 2.48000e+02  2.44368e+00 
 2.48500e+02  2.44337e+00 
 2.49000e+02  2.44305e+00 
 2.49500e+02  2.44270e+00 
 2.50000e+02  2.44230e+00 
 2.50500e+02  2.44189e+00 
 2.51000e+02  2.44151e+00 
 2.51500e+02  2.44112e+00 
 2.52000e+02  2.44070e+00 
 2.52500e+02  2.44028e+00 
 2.53000e+02  2.43985e+00 
 2.53500e+02  2.43941e+00 
 2.54000e+02  2.43899e+00 
 2.54500e+02  2.43855e+00 
 2.55000e+02  2.43812e+00 
 2.55500e+02  2.43768e+00 
 2.56000e+02  2.43721e+00 
 2.56500e+02  2.43666e+00 
 2.57000e+02  2.43604e+00 
 2.57500e+02  2.43538e+00 
 2.58000e+02  2.43471e+00 
 2.58500e+02  2.43401e+00 
 2.59000e+02  2.43327e+00 
 2.59500e+02  2.43249e+00 
 2.60000e+02  2.43167e+00 
 2.60500e+02  2.43081e+00 
 2.61000e+02  2.42989e+00 
 2.61500e+02  2.42891e+00 
 2.62000e+02  2.42788e+00 
 2.62500e+02  2.42680e+00 
 2.63000e+02  2.42566e+00 
 2.63500e+02  2.42442e+00 
 2.64000e+02  2.42305e+00 
 2.64500e+02  2.42154e+00 
 2.65000e+02  2.41991e+00 
 2.65500e+02  2.41815e+00 
 2.66000e+02  2.41623e+00 
 2.66500e+02  2.41412e+00 
 2.67000e+02  2.41181e+00 
 2.67500e+02  2.40929e+00 
 2.68000e+02  2.40652e+00 
 2.68500e+02  2.40349e+00 
 2.69000e+02  2.40017e+00 
 2.69500e+02  2.39653e+00 
 2.70000e+02  2.39256e+00 
 2.70500e+02  2.38824e+00 
 2.71000e+02  2.38356e+00 
 2.71500e+02  2.37848e+00 
 2.72000e+02  2.37299e+00 
 2.72500e+02  2.36709e+00 
 2.73000e+02  2.36076e+00 
 2.73500e+02  2.35399e+00 
 2.74000e+02  2.34677e+00 
 2.74500e+02  2.33912e+00 
 2.75000e+02  2.33102e+00 
 2.75500e+02  2.32247e+00 
 2.76000e+02  2.31346e+00 
 2.76500e+02  2.30400e+00 
 2.77000e+02  2.29409e+00 
 2.77500e+02  2.28372e+00 
 2.78000e+02  2.27289e+00 
 2.78500e+02  2.26160e+00 
 2.79000e+02  2.24987e+00 
 2.79500e+02  2.23768e+00 
 2.80000e+02  2.22505e+00 
 2.80500e+02  2.21199e+00 
 2.81000e+02  2.19849e+00 
 2.81500e+02  2.18456e+00 
 2.82000e+02  2.17021e+00 
 2.82500e+02  2.15542e+00 
 2.83000e+02  2.14021e+00 
 2.83500e+02  2.12458e+00 
 2.84000e+02  2.10851e+00 
 2.84500e+02  2.09203e+00 
 2.85000e+02  2.07513e+00 
 2.85500e+02  2.05783e+00 
 2.86000e+02  2.04012e+00 
 2.86500e+02  2.02201e+00 
 2.87000e+02  2.00350e+00 
 2.87500e+02  1.98461e+00 
 2.88000e+02  1.96531e+00 
 2.88500e+02  1.94564e+00 
 2.89000e+02  1.92558e+00 
 2.89500e+02  1.90514e+00 
 2.90000e+02  1.88433e+00 
 2.90500e+02  1.86314e+00 
 2.91000e+02  1.84157e+00 
 2.91500e+02  1.81964e+00 
 2.92000e+02  1.79733e+00 
 2.92500e+02  1.77466e+00 
 2.93000e+02  1.75161e+00 
 2.93500e+02  1.72821e+00 
 2.94000e+02  1.70444e+00 
 2.94500e+02  1.68031e+00 
 2.95000e+02  1.65582e+00 
 2.95500e+02  1.63097e+00 
 2.96000e+02  1.60576e+00 
 2.96500e+02  1.58019e+00 
 2.97000e+02  1.55427e+00 
 2.97500e+02  1.52799e+00 
 2.98000e+02  1.50137e+00 
 2.98500e+02  1.47439e+00 
 2.99000e+02  1.44706e+00 
 2.99500e+02  1.41937e+00 
 3.00000e+02  1.39134e+00 
 3.00500e+02  1.36296e+00 
 3.01000e+02  1.33424e+00 
 3.01500e+02  1.30516e+00 
 3.02000e+02  1.27575e+00 
 3.02500e+02  1.24599e+00 
 3.03000e+02  1.21589e+00 
 3.03500e+02  1.18545e+00 
 3.04000e+02  1.15468e+00 
 3.04500e+02  1.12356e+00 
 3.05000e+02  1.09211e+00 
 3.05500e+02  1.06033e+00 
 3.06000e+02  1.02823e+00 
 3.06500e+02  9.95791e-01 
 3.07000e+02  9.63032e-01 
 3.07500e+02  9.29951e-01 
 3.08000e+02  8.96550e-01 
 3.08500e+02  8.62831e-01 
 3.09000e+02  8.28796e-01 
 3.09500e+02  7.94443e-01 
 3.10000e+02  7.59772e-01 
 3.10500e+02  7.24783e-01 
 3.11000e+02  6.89479e-01 
 3.11500e+02  6.53857e-01 
 3.12000e+02  6.17921e-01 
 3.12500e+02  5.81671e-01 
 3.13000e+02  5.45109e-01 
 3.13500e+02  5.08238e-01 
 3.14000e+02  4.71059e-01 
 3.14500e+02  4.33574e-01 
 3.15000e+02  3.95787e-01 
 3.15500e+02  3.57698e-01 
 3.16000e+02  3.19308e-01 
 3.16500e+02  2.80616e-01 
 3.17000e+02  2.41626e-01 
 3.17500e+02  2.02339e-01 
 3.18000e+02  1.62756e-01 
 3.18500e+02  1.22879e-01 
 3.19000e+02  8.27077e-02 
 3.19500e+02  4.22433e-02 
